132 152 141 146 148 129 121 129 142 141 142 142 143 141 139 146 148 140 133 132 179 194 156 137 139 156 161 141 142 157 179 165 163 143 160 146 145 146 146 142 129 112 103 95 93 93 90 112 123 112 114 109 84 81 79 68 65 76 70 82 96 97 93 93 126 112 131 111 88 96 79 75 82 86 91 86 96 85 97 115 125 114 129 111 101 116 115 122 103 95 86 87 106 89 109 158 139 90 72 74 79 99 148 181 207 205 120 92 115 112 150 182 157 123 104 92 108 122 108 99 99 105 110 98 93 105 83 45
146 148 142 142 140 130 131 132 138 140 138 150 142 133 135 139 152 156 146 143 170 180 142 136 151 170 176 154 140 160 184 163 160 146 151 131 134 128 121 112 97 95 87 93 90 89 89 120 125 113 94 87 82 85 78 75 72 68 64 76 97 91 78 102 170 162 123 113 89 78 88 76 86 114 109 114 120 119 122 136 131 136 149 109 87 89 88 100 87 79 86 99 102 85 157 200 166 109 79 85 110 140 163 190 201 202 148 126 105 115 174 208 185 126 107 89 94 102 105 96 90 114 118 90 85 93 83 47
152 153 143 134 147 146 136 146 145 145 153 146 145 152 160 152 152 146 147 147 172 167 140 142 163 166 162 145 143 158 164 162 137 133 123 119 92 81 84 87 84 83 79 82 98 123 118 123 122 84 75 83 74 78 76 74 81 70 84 100 86 78 94 109 149 135 100 92 77 82 76 78 77 101 127 111 86 84 93 114 133 142 146 97 103 80 64 79 88 87 103 105 91 89 124 147 119 91 88 139 200 205 214 202 169 188 192 166 151 181 198 194 194 163 142 92 81 84 91 97 90 111 104 90 86 80 90 49
146 157 148 144 152 149 132 151 166 177 193 175 175 172 180 185 165 141 140 151 159 145 137 151 163 154 168 153 135 151 135 133 131 125 111 105 85 84 86 86 84 91 90 79 95 112 111 96 90 75 86 81 86 78 81 84 78 78 85 104 85 78 100 97 107 99 85 87 88 84 73 71 85 94 96 83 73 64 74 87 140 163 115 83 94 81 79 107 102 98 87 106 97 97 96 104 110 131 132 143 150 161 217 208 179 196 193 177 172 179 207 188 172 171 155 101 81 75 71 79 77 84 74 69 76 82 69 49
147 157 152 156 151 146 132 134 134 173 206 203 203 189 162 171 186 158 154 154 164 146 154 167 159 155 155 136 121 135 128 134 132 135 121 87 90 92 88 82 69 82 93 77 78 86 77 74 77 75 89 83 80 89 81 76 68 81 93 82 100 93 75 78 78 79 83 85 90 100 113 101 105 103 85 82 78 84 74 83 135 138 95 86 78 98 100 100 89 77 85 102 116 115 114 148 192 165 109 104 136 160 191 192 193 191 182 156 124 141 163 168 158 158 133 92 76 77 89 77 66 58 64 63 73 66 58 47
148 154 170 181 186 166 153 163 155 157 174 187 188 187 173 160 167 144 161 166 208 168 172 176 143 142 144 140 129 130 138 143 137 122 93 85 82 90 91 83 83 79 77 78 75 97 83 76 78 83 84 80 82 111 87 73 77 101 111 112 112 97 78 72 85 84 81 92 112 147 148 162 159 149 127 95 82 84 93 154 145 92 91 102 101 116 97 94 83 91 101 107 124 102 155 214 195 107 99 159 196 181 186 174 176 159 158 134 95 95 127 145 145 124 109 90 74 77 95 80 66 58 67 63 60 61 54 50
141 152 145 155 162 151 146 177 167 169 163 164 177 196 189 161 149 142 177 188 201 167 144 148 150 154 137 141 133 125 127 104 93 88 85 93 91 91 88 84 92 91 81 91 80 86 78 77 77 78 79 82 76 103 96 100 109 110 100 102 87 88 81 74 107 137 145 148 159 150 165 161 143 132 127 92 88 114 130 176 188 154 104 100 97 98 94 110 108 120 119 114 104 139 187 194 132 89 159 208 202 176 194 182 171 143 148 148 138 132 142 135 97 74 75 80 81 80 74 79 78 63 69 66 52 57 47 44
136 141 140 142 142 141 146 150 151 156 173 156 167 199 202 162 128 138 168 182 186 188 147 142 171 180 140 136 134 109 91 81 71 72 64 74 92 83 83 82 81 84 81 80 73 80 81 77 77 77 82 70 79 112 133 134 111 105 89 111 109 116 127 139 184 182 167 175 192 143 132 128 118 108 99 96 124 162 148 134 151 150 123 99 91 104 135 169 169 128 101 110 112 175 207 137 97 154 214 216 201 157 166 150 151 141 138 144 140 139 145 100 70 74 73 80 79 74 75 95 79 72 72 73 49 56 52 41
119 134 140 135 127 124 144 143 150 123 136 133 145 164 162 136 143 144 155 191 170 190 167 191 181 170 138 118 112 97 98 101 103 115 78 70 67 65 81 85 76 86 82 78 91 98 82 85 90 81 95 89 80 104 155 144 97 91 80 101 116 127 172 232 213 191 188 145 138 118 122 134 113 111 115 124 154 159 158 152 142 126 138 112 101 127 160 177 167 124 110 101 95 123 135 100 126 173 203 215 220 199 145 133 144 141 133 136 125 129 117 96 89 84 69 71 76 78 101 104 84 81 85 66 54 49 53 43
116 137 137 137 115 115 133 154 157 143 147 136 142 131 134 123 142 157 144 136 134 162 200 195 169 157 139 126 108 108 104 97 109 134 101 72 85 77 77 79 76 79 75 84 127 113 115 92 81 77 77 73 71 79 104 105 101 102 72 91 116 143 192 240 230 191 160 131 131 144 121 130 153 172 170 152 165 157 167 171 147 122 115 114 106 112 115 113 113 105 118 97 102 134 145 150 145 150 159 187 213 195 177 147 130 128 122 124 139 152 147 127 100 84 73 78 72 82 92 80 77 76 89 70 63 63 55 42
110 114 115 115 107 124 125 115 145 153 171 154 131 140 159 165 161 162 153 144 155 175 209 195 180 182 146 130 117 122 101 91 107 124 112 93 95 94 101 88 82 89 76 107 131 106 96 82 90 83 74 71 73 87 118 129 168 130 78 107 123 139 194 213 154 111 103 108 117 159 161 153 206 185 148 153 149 150 154 146 115 120 122 155 125 96 94 105 149 108 102 117 158 207 176 176 185 187 196 173 166 147 162 149 139 155 159 167 171 173 159 113 79 83 96 91 83 76 76 70 77 95 119 106 72 64 63 46
104 104 109 110 109 110 118 111 111 113 128 133 118 126 128 141 148 137 129 147 151 168 164 138 148 152 126 111 97 83 75 90 110 111 104 90 96 90 91 94 106 105 91 118 87 79 77 70 75 76 91 62 79 94 117 140 143 99 96 119 152 140 153 144 106 97 117 172 192 155 183 195 194 143 102 139 153 166 144 130 105 125 132 127 109 114 131 140 128 88 111 144 142 169 170 194 204 189 195 173 150 133 147 144 139 151 170 166 144 115 99 89 85 85 89 73 77 73 74 72 82 92 98 88 73 97 105 62
101 103 105 97 105 106 92 100 107 101 108 110 109 105 104 105 107 108 109 112 100 116 108 98 90 97 100 89 75 78 79 75 101 92 83 72 83 82 91 102 104 90 96 86 78 73 71 70 73 95 86 67 70 78 92 93 80 99 113 109 132 137 140 162 160 133 142 176 179 147 192 201 141 112 91 78 81 99 95 98 101 128 122 110 100 119 119 105 107 138 167 177 178 180 176 194 200 182 180 148 136 168 146 142 140 124 128 122 111 94 83 97 90 76 82 82 70 76 80 73 67 71 74 73 77 108 128 62
97 96 94 96 97 98 100 97 90 98 106 99 98 92 95 102 101 95 92 99 95 101 108 106 97 93 88 96 89 90 86 80 84 89 89 82 80 74 88 92 91 79 80 76 75 76 72 73 80 81 89 81 80 70 96 106 95 109 115 135 138 135 143 155 172 133 158 155 184 139 143 160 123 117 103 86 97 121 125 118 119 133 127 120 111 98 89 96 117 143 179 166 155 164 167 169 158 161 163 149 175 189 150 132 104 91 104 130 118 113 86 81 89 71 68 82 69 82 78 77 79 74 69 81 84 115 124 61
85 87 96 97 92 91 94 94 98 97 101 95 94 91 96 95 95 98 103 91 89 107 114 144 134 111 100 98 85 82 82 85 88 88 83 78 70 79 94 79 77 77 84 82 77 78 79 72 80 80 90 89 86 101 117 108 101 90 97 126 123 134 136 139 153 148 139 126 167 140 125 130 122 112 117 136 108 93 104 102 114 135 136 121 120 111 96 90 111 147 173 170 156 157 145 130 104 112 131 135 132 113 98 92 82 75 76 85 90 89 78 81 81 84 96 98 93 83 67 74 83 80 73 87 94 102 97 57
80 89 96 102 87 86 91 102 101 103 104 100 98 102 98 100 99 97 107 94 94 90 97 112 103 102 96 82 74 82 81 80 87 75 80 79 71 74 78 76 81 89 97 93 83 83 93 90 100 101 97 101 84 109 117 116 126 126 114 138 130 120 123 125 126 129 109 102 114 122 113 118 126 118 107 119 109 103 107 112 92 118 133 118 114 129 131 104 145 187 179 157 146 127 108 97 89 93 85 95 96 84 77 75 79 79 76 75 73 69 75 72 75 87 78 80 81 71 69 71 74 74 73 91 101 89 89 55
89 101 100 102 90 86 90 98 98 96 92 97 110 106 100 108 112 105 107 108 93 101 86 92 97 103 93 70 72 73 67 73 74 71 82 90 76 87 85 86 101 103 98 100 91 90 96 97 99 94 84 89 85 93 94 116 122 110 92 112 122 130 122 122 110 125 107 102 112 112 106 114 122 110 113 120 112 105 109 119 103 109 126 120 127 138 124 98 120 163 174 163 142 118 90 85 81 91 80 71 78 73 77 77 78 77 71 77 77 75 84 79 77 78 71 70 78 84 76 74 76 77 77 96 104 79 91 59
105 100 84 84 89 86 91 89 98 97 94 108 113 111 113 114 112 101 92 99 105 122 105 109 129 126 112 83 70 76 65 75 94 85 81 74 74 88 91 88 105 114 104 108 100 103 109 89 77 74 73 73 77 75 72 90 91 92 90 98 127 134 107 99 110 117 117 119 123 119 112 113 112 116 116 124 108 96 92 111 108 119 126 121 93 89 85 81 87 116 142 148 141 135 125 114 91 80 87 75 75 79 72 68 72 68 65 70 71 68 72 76 70 77 75 80 84 85 83 83 82 74 74 77 87 93 101 61
93 86 86 83 79 87 83 88 96 97 102 100 106 116 104 115 129 123 110 104 110 109 121 115 112 114 96 87 76 79 72 82 81 77 75 75 71 80 81 74 81 90 97 100 88 102 93 81 76 78 77 102 104 89 89 80 81 111 123 119 130 129 120 123 119 115 121 118 115 119 116 111 115 115 105 113 104 97 96 105 115 107 109 93 78 77 83 79 96 99 102 112 91 136 141 108 89 89 101 105 93 78 75 73 65 57 58 67 64 55 59 76 73 69 68 77 85 89 88 102 95 99 83 78 84 101 102 63
99 88 82 88 83 85 88 81 91 92 104 113 114 125 120 125 135 133 109 102 106 98 94 87 84 83 79 81 84 84 83 88 81 79 77 84 86 73 82 72 67 73 81 90 87 85 83 72 81 89 85 84 81 84 87 85 107 121 131 129 125 126 131 121 117 126 129 119 125 127 116 116 115 115 105 112 118 125 120 114 118 102 103 77 71 67 76 81 97 96 80 102 90 97 87 84 86 89 96 116 88 72 81 90 74 67 69 73 55 52 49 69 72 76 70 62 72 77 81 94 93 91 91 81 74 79 77 46
104 92 82 86 94 86 94 93 88 102 109 124 124 122 118 123 120 118 105 94 102 90 86 85 86 92 89 91 94 83 91 84 85 88 87 85 93 85 97 83 80 89 88 88 78 67 75 77 105 121 113 102 92 99 109 105 121 129 132 135 124 117 123 123 121 112 117 121 136 126 109 117 129 121 120 129 127 129 125 117 104 99 95 75 73 74 73 72 76 90 81 84 80 75 81 87 80 85 83 82 79 76 83 73 67 68 77 69 71 71 69 72 83 81 79 71 76 73 81 81 78 87 95 82 68 65 76 44
102 109 109 101 105 111 114 90 100 115 111 116 118 112 114 109 110 95 96 91 81 87 97 98 93 97 91 96 97 95 91 86 76 93 84 87 92 96 98 82 92 105 94 74 73 83 109 111 107 116 109 109 105 113 118 120 119 116 119 126 124 123 128 125 123 113 100 111 106 97 112 128 126 108 109 121 116 115 120 110 100 91 76 82 82 72 62 59 68 80 64 69 66 67 70 67 74 68 72 66 79 79 79 93 99 87 83 72 72 77 80 75 78 73 77 72 70 70 69 67 77 84 81 72 73 75 74 53
110 116 106 106 101 104 118 118 119 119 120 115 114 119 118 108 99 97 100 93 95 92 96 94 100 95 96 84 86 100 86 92 82 83 94 95 89 102 93 83 84 95 87 71 84 108 113 119 119 120 123 124 121 124 127 126 124 116 122 118 118 128 117 115 114 111 116 113 118 111 107 100 89 86 98 102 89 80 90 90 99 88 83 75 72 65 75 67 65 59 62 64 74 64 63 72 72 63 66 65 71 66 75 95 99 102 92 78 80 78 83 76 68 72 73 73 75 82 83 89 82 76 71 77 88 88 76 47
122 111 106 106 112 114 112 116 118 119 122 112 107 110 110 111 104 102 108 98 100 104 99 91 94 89 94 89 93 99 105 103 94 80 87 90 84 89 81 74 89 83 100 108 116 115 111 116 115 127 126 120 113 116 121 113 119 110 104 117 115 126 116 122 114 112 124 121 122 102 94 75 75 76 73 68 77 73 86 113 114 96 85 72 74 71 76 78 77 70 73 77 72 75 79 83 81 69 70 74 70 72 72 69 90 98 80 87 84 77 75 69 74 77 71 67 67 78 98 108 87 77 82 90 93 85 73 45
113 117 109 113 114 114 115 114 115 111 106 99 102 103 104 102 105 99 94 100 103 95 92 96 91 85 93 98 100 96 93 99 96 87 87 90 90 89 84 87 90 92 102 103 103 109 109 115 99 110 108 103 101 99 100 109 105 116 124 119 113 114 113 125 122 120 112 114 120 80 74 79 66 67 59 59 73 78 71 78 85 77 78 88 86 81 88 73 70 80 85 75 74 79 84 75 73 76 74 72 78 76 81 73 82 84 83 89 86 81 74 75 77 80 80 78 76 74 81 76 69 72 75 82 66 64 67 50
103 108 109 103 108 110 112 111 108 98 101 102 108 94 107 101 105 102 94 102 106 99 101 97 93 94 97 100 90 91 95 93 91 90 89 94 97 98 99 92 100 115 111 109 102 98 113 99 106 101 96 102 96 100 90 93 100 114 123 117 122 128 114 118 122 100 83 85 91 72 74 75 77 94 91 96 99 98 86 86 88 91 91 76 73 74 81 70 69 73 75 76 74 79 70 63 78 75 73 78 84 87 93 78 76 79 77 75 75 78 76 71 70 71 74 77 75 76 78 73 71 74 73 62 58 61 61 48
97 90 99 101 106 101 99 105 110 97 104 100 107 102 103 94 101 94 100 109 100 103 100 102 101 100 102 102 107 96 103 97 98 90 97 109 107 103 93 97 103 102 106 108 94 98 100 105 112 115 117 115 112 115 93 100 120 119 126 126 119 119 112 115 107 82 83 80 87 83 106 102 98 105 99 98 94 100 96 80 94 90 83 83 89 92 86 73 59 63 72 75 75 73 68 72 68 73 68 79 72 82 92 83 68 71 69 65 70 71 69 63 55 64 65 60 59 83 102 104 96 72 59 56 62 59 58 50
105 100 102 101 105 100 103 106 113 104 103 104 105 99 100 96 105 89 96 97 95 102 96 102 95 95 107 107 108 101 103 92 96 94 100 105 97 100 95 97 96 96 97 97 103 101 101 110 93 93 103 106 105 101 99 102 111 121 118 128 119 102 94 107 110 100 105 110 111 123 129 119 99 91 88 80 96 91 94 82 96 89 89 106 115 112 94 89 88 83 87 84 79 68 78 78 82 78 69 71 78 86 94 79 65 75 70 71 66 65 66 59 57 65 67 71 70 70 81 93 107 87 69 63 62 64 66 48
116 113 118 114 112 111 108 108 111 108 103 104 94 98 100 98 101 100 103 102 102 99 100 93 102 103 97 101 103 111 109 101 102 117 112 105 99 104 96 98 101 106 104 96 102 108 98 100 100 95 102 101 97 101 117 112 108 113 121 109 107 99 94 104 105 93 96 101 105 100 111 112 110 91 93 93 94 87 85 86 95 101 98 97 100 99 94 91 99 87 78 84 89 75 83 80 87 81 82 72 77 78 75 70 65 65 62 67 73 85 75 70 73 73 72 72 73 55 60 75 93 79 72 91 70 69 68 49
109 105 114 123 121 121 130 118 112 103 105 106 101 100 97 95 102 102 103 102 99 97 98 101 104 108 108 110 100 103 98 92 105 110 107 112 111 105 103 104 107 103 104 110 109 108 110 107 103 95 106 109 111 101 106 99 97 97 103 106 101 96 87 90 91 94 101 100 101 112 104 106 105 101 96 89 92 88 89 83 87 86 87 100 92 92 89 93 98 84 84 76 84 79 92 89 85 84 83 93 89 87 88 78 72 77 81 77 88 88 73 68 77 77 67 62 71 66 66 69 70 66 87 106 73 66 75 49
106 101 103 109 108 120 119 109 110 113 107 113 109 108 108 105 102 108 108 99 98 103 98 96 99 102 105 102 108 104 101 112 111 99 104 109 101 107 100 104 105 110 109 106 107 105 105 102 108 103 113 102 100 103 95 95 89 100 95 96 101 97 100 96 92 96 99 87 96 97 92 96 91 92 94 89 85 95 92 97 99 95 88 91 90 91 87 95 89 82 80 86 80 83 75 74 93 83 79 93 99 95 94 93 82 96 88 85 94 76 77 79 77 72 66 75 76 82 79 85 79 84 84 86 72 63 72 55
115 106 106 107 105 108 105 103 99 108 111 111 110 112 104 109 118 125 109 103 108 107 110 97 100 101 111 107 106 101 101 102 118 116 112 120 100 104 108 101 104 110 104 102 105 112 110 107 105 106 102 104 100 94 98 95 90 98 101 97 92 101 96 97 95 79 79 81 92 89 100 91 80 82 95 93 87 83 96 83 85 91 90 87 83 81 83 91 92 80 78 77 88 80 83 83 93 89 86 104 111 101 83 81 79 86 88 85 80 79 82 80 81 95 86 86 77 84 84 84 81 86 84 76 75 68 61 48
114 112 114 128 116 115 102 95 98 99 104 102 108 113 112 113 110 119 124 118 116 117 113 109 110 100 112 109 111 107 110 99 100 96 93 102 103 107 104 99 100 96 102 105 111 109 104 102 95 98 97 94 102 99 109 104 95 102 99 92 94 102 95 99 93 99 95 100 99 102 109 96 90 93 100 103 92 84 92 84 85 95 95 95 88 93 93 86 96 83 81 88 90 86 82 82 88 92 89 90 93 82 86 82 83 89 96 92 93 85 89 86 88 97 90 85 79 84 87 89 89 84 83 84 89 77 77 50
107 107 112 116 117 107 100 104 110 108 103 109 105 106 112 115 106 106 101 112 109 105 110 114 108 111 112 114 101 106 110 97 100 94 79 97 100 90 103 99 96 99 109 104 106 112 102 104 101 104 106 103 101 96 95 100 97 97 96 95 101 110 101 100 104 97 93 98 99 96 103 98 98 92 95 100 96 97 93 87 93 103 102 100 96 97 92 92 100 94 96 91 99 102 90 87 93 89 94 85 85 101 94 91 89 92 82 87 85 82 84 87 82 81 82 80 79 82 88 93 86 87 90 90 89 83 89 52
94 102 107 101 95 100 109 109 105 104 109 117 115 113 109 97 94 95 93 99 103 100 102 97 106 110 108 108 110 96 103 99 104 99 97 99 94 87 93 105 103 109 109 107 102 107 100 99 104 102 106 111 102 97 97 99 103 106 107 113 108 107 104 112 98 101 100 93 93 96 104 97 95 87 87 98 100 107 101 95 94 98 100 97 100 94 95 92 91 99 102 96 89 93 95 94 93 99 101 96 92 97 92 87 98 94 92 96 89 93 92 88 94 91 86 84 90 88 81 86 82 92 91 100 103 98 88 59
109 110 99 104 108 105 105 117 109 98 111 122 120 115 115 102 111 107 112 108 107 112 115 114 108 102 103 100 114 105 96 98 98 99 97 104 108 93 94 98 114 106 98 107 104 98 98 100 112 107 101 108 109 105 108 106 112 113 109 105 104 119 105 107 104 100 106 99 107 112 110 101 94 97 99 99 102 102 93 93 96 96 92 98 99 99 102 94 94 95 101 108 97 90 98 102 96 102 100 108 98 101 103 108 114 108 110 111 103 99 103 102 102 107 95 89 97 98 89 89 97 107 107 103 105 103 95 59
108 109 112 100 102 103 108 110 99 95 110 118 127 121 112 111 102 108 107 104 115 114 110 105 102 100 104 114 108 103 106 107 111 113 105 105 103 101 102 110 110 106 102 105 97 100 101 93 102 96 100 96 104 101 98 106 113 103 102 103 105 108 100 102 105 108 104 102 105 106 109 104 103 108 103 101 100 105 97 101 101 96 97 102 99 105 99 99 101 101 102 100 98 103 102 97 96 100 104 103 104 109 107 103 108 109 109 104 115 98 101 106 101 102 91 94 104 111 102 101 96 105 105 94 100 93 92 52
111 115 108 104 111 108 108 106 101 99 110 108 105 106 110 107 108 111 106 109 109 105 107 101 93 105 109 102 103 104 110 114 108 110 108 108 101 102 105 101 105 105 107 105 103 104 90 84 86 94 100 94 93 98 97 100 105 106 107 104 101 101 102 104 107 108 109 110 107 107 100 101 107 104 107 103 99 109 95 107 104 95 98 100 97 94 101 105 105 102 102 94 95 105 92 93 93 103 107 104 101 110 115 95 100 100 97 92 98 91 87 88 90 85 90 91 93 99 92 88 95 89 91 91 91 92 92 55
114 113 106 112 111 110 102 106 108 105 115 107 105 105 110 111 111 109 99 104 110 110 112 102 101 115 126 118 114 109 108 105 106 105 104 112 105 112 112 99 102 113 110 105 97 106 92 89 100 101 102 99 96 96 98 90 98 103 107 105 107 107 105 102 111 111 104 106 103 102 94 99 105 102 106 105 105 99 98 97 102 94 95 99 98 100 100 108 95 99 102 100 91 99 92 97 103 101 102 100 105 105 105 103 103 105 97 96 92 91 90 93 92 88 92 99 98 100 100 87 99 89 89 98 131 129 96 65
110 101 105 104 104 103 98 104 113 104 108 109 109 105 102 107 114 111 112 114 105 111 114 111 116 108 103 103 99 104 108 109 105 98 104 109 107 104 112 115 105 97 105 100 101 101 95 98 101 109 105 95 101 99 102 98 103 106 103 101 109 103 91 101 107 110 130 146 141 146 146 139 134 119 108 111 112 107 104 112 104 100 96 92 99 107 103 112 112 96 91 95 109 108 113 106 106 103 96 100 101 105 101 107 107 110 108 104 97 104 97 90 94 89 89 90 98 98 91 99 101 122 129 129 156 164 127 65
113 102 102 114 109 114 121 104 108 107 114 115 119 115 113 108 109 111 114 116 115 121 115 113 117 104 104 110 105 115 112 106 106 114 112 113 114 109 98 99 103 109 107 104 120 113 103 92 100 106 110 106 100 100 100 107 108 103 98 109 108 100 105 130 147 169 191 194 196 204 205 206 190 182 186 160 121 111 102 99 102 96 90 91 101 102 102 106 100 93 95 97 100 105 109 104 109 102 102 98 98 98 102 106 106 110 102 105 108 103 96 95 96 91 91 92 103 95 91 87 111 181 170 151 154 155 142 73
118 107 107 112 121 118 118 110 123 126 120 112 115 112 118 107 111 114 116 106 107 111 112 108 109 112 108 114 108 102 104 122 116 106 106 103 116 112 101 109 112 143 184 178 190 200 171 138 121 106 111 106 105 100 100 107 105 105 106 107 128 161 186 195 193 179 167 165 189 198 208 193 172 178 194 202 169 111 102 105 108 97 99 100 94 96 95 91 96 98 102 106 103 112 108 101 101 99 102 99 100 106 104 102 100 102 102 106 104 98 110 121 114 96 101 99 101 108 104 135 161 184 169 168 155 153 147 81
117 119 119 116 116 111 116 120 113 114 114 113 117 119 104 101 110 114 113 113 120 110 115 114 112 116 113 125 149 145 152 152 109 104 98 105 114 110 107 109 154 199 204 197 178 181 196 212 189 146 117 94 95 108 114 110 108 114 139 171 188 188 190 196 189 186 178 161 170 185 179 185 181 169 162 166 189 162 106 110 106 103 103 101 109 100 96 85 98 99 96 101 91 91 93 97 98 108 106 108 101 108 112 108 98 98 104 102 105 129 172 173 170 158 136 100 115 114 121 182 182 168 156 157 144 148 148 76
111 116 108 106 103 102 108 111 104 102 99 109 108 107 98 106 101 108 109 101 123 121 111 110 110 107 135 180 201 206 193 172 154 136 115 107 105 112 113 152 206 203 190 191 150 153 165 201 218 200 196 168 125 111 112 122 148 179 182 194 203 191 199 198 197 181 178 170 168 185 178 172 171 176 171 163 186 202 165 115 105 110 97 104 110 94 98 103 103 101 99 93 95 91 93 107 104 107 104 100 103 108 104 107 124 129 110 106 153 193 182 184 187 192 180 154 153 190 163 195 202 205 167 138 149 152 146 70
117 102 107 106 113 112 115 106 115 121 124 121 124 116 110 113 105 105 115 114 119 116 115 120 108 137 182 198 188 174 160 134 145 198 196 186 176 163 192 214 204 192 188 177 147 144 140 169 184 184 198 228 213 164 153 176 177 180 182 187 196 206 203 194 192 196 177 161 165 167 178 175 168 176 182 175 176 188 193 184 132 107 103 104 109 101 92 91 92 99 105 100 105 106 97 103 108 99 99 110 102 109 110 120 168 175 159 170 186 179 186 188 185 184 187 190 180 200 203 174 204 219 196 144 134 142 145 70
115 114 111 113 110 111 112 107 110 122 121 124 131 117 106 103 107 118 115 114 116 117 116 107 134 184 191 180 169 151 124 104 105 164 182 195 212 205 213 210 203 199 187 160 134 130 133 136 142 151 160 191 191 211 203 180 172 194 186 193 206 203 194 197 188 192 186 174 178 163 167 160 158 166 178 167 169 187 188 193 193 138 110 109 110 109 103 99 90 98 98 102 107 98 95 95 99 133 124 102 96 130 161 171 202 193 200 215 211 192 189 182 180 189 183 186 204 211 205 176 204 209 207 185 153 135 124 73
109 112 112 110 120 122 110 101 106 121 114 122 113 111 103 95 106 119 109 109 109 110 105 143 175 175 175 153 149 124 96 99 117 144 163 162 175 179 191 193 189 182 170 149 139 128 122 127 146 158 162 178 179 169 209 220 206 202 202 201 196 204 200 194 198 199 184 179 185 172 183 166 170 147 167 179 173 190 184 177 189 204 153 102 118 101 92 98 102 99 110 105 96 91 98 99 166 205 192 116 124 181 199 197 198 194 192 208 213 207 199 184 180 183 188 195 182 189 200 184 180 197 207 213 155 137 128 67
117 120 107 110 117 109 107 104 104 104 107 106 113 115 105 105 103 108 97 108 113 131 169 192 160 170 153 134 117 103 80 96 99 121 145 138 146 161 165 175 165 159 162 160 138 133 126 128 139 145 162 156 161 147 179 237 214 183 198 198 200 204 211 201 199 186 185 193 183 186 170 164 167 151 157 171 170 186 194 188 183 179 195 147 115 105 101 110 109 99 107 99 96 98 100 123 211 216 210 168 154 177 192 193 199 190 192 209 197 224 223 197 184 188 167 178 212 159 170 167 166 188 205 212 176 141 134 67
116 122 111 113 119 115 111 110 112 108 112 111 116 111 111 106 98 92 98 98 107 172 159 138 150 149 137 106 94 98 84 87 86 121 145 135 135 144 151 164 152 150 150 142 141 133 130 139 139 163 161 155 161 153 147 207 232 203 183 197 189 199 210 196 195 194 188 196 196 184 177 160 140 161 155 132 127 164 178 186 186 178 189 189 142 110 100 109 108 111 109 101 104 105 103 159 229 231 213 191 150 159 174 191 200 188 184 193 213 224 217 199 186 177 171 191 199 170 153 169 173 191 204 210 166 133 131 70
113 118 121 116 117 118 119 110 106 107 118 115 121 117 115 113 117 104 105 113 165 199 120 110 141 146 119 94 95 88 89 86 89 119 137 129 136 143 142 140 148 148 136 149 147 140 139 131 145 160 165 171 181 195 165 164 208 235 209 181 198 202 197 188 187 187 187 185 207 199 188 171 140 146 154 153 144 170 167 182 187 181 185 188 174 131 105 110 107 111 114 119 111 106 114 201 223 217 213 171 138 134 167 201 203 187 191 196 217 221 198 166 181 151 152 190 194 178 160 163 163 185 215 211 160 139 132 72
115 110 119 107 102 109 111 121 114 121 124 117 119 117 108 108 122 119 120 176 192 153 106 107 122 138 112 104 82 69 94 98 97 127 134 126 131 143 154 157 145 145 141 141 147 135 119 133 140 152 159 162 181 187 186 186 184 204 232 212 192 188 191 190 183 180 169 186 189 188 188 166 142 120 143 152 146 142 166 168 179 187 183 182 167 168 135 126 107 102 103 105 115 109 149 210 210 216 186 134 113 124 150 207 217 191 191 205 216 219 201 152 137 145 150 168 202 191 182 171 170 190 204 211 158 120 124 64
123 114 117 119 119 121 117 119 120 115 112 112 113 115 112 118 116 113 163 190 130 110 111 113 124 131 102 110 91 80 84 94 88 118 129 138 118 139 137 150 144 138 130 137 151 143 138 120 141 154 163 169 163 172 173 180 167 184 219 229 218 190 192 193 185 184 181 185 193 199 199 165 151 130 137 129 139 134 150 170 167 164 175 176 177 157 148 131 103 105 98 104 112 111 164 202 211 204 158 121 94 112 147 203 227 202 186 206 211 198 178 136 149 180 184 198 215 205 196 173 193 207 201 191 154 139 113 63
118 114 122 124 120 108 112 109 120 116 118 117 112 116 105 108 110 113 175 127 110 121 124 121 131 124 104 117 103 103 86 90 91 120 120 120 122 131 143 140 137 132 138 139 147 148 142 131 132 156 162 157 183 178 181 193 188 180 173 215 217 199 179 181 180 194 178 181 178 189 187 195 167 136 129 128 125 140 131 157 170 169 165 168 177 171 157 151 113 112 101 105 100 115 177 205 210 185 147 113 98 113 153 204 215 212 209 192 186 165 137 125 158 177 185 198 216 212 197 191 203 212 208 170 133 126 123 64
113 115 114 118 119 117 125 120 120 115 114 113 111 106 105 116 114 122 135 96 116 127 120 130 124 128 131 109 108 108 123 96 102 122 100 124 132 135 140 146 146 144 151 146 146 148 145 150 142 150 163 166 167 164 152 186 193 181 167 197 215 213 185 162 170 197 182 178 181 180 197 187 194 146 123 124 116 146 159 152 155 177 173 160 158 178 170 166 120 111 100 110 110 151 197 188 193 188 167 150 125 125 160 197 203 201 207 184 152 141 129 155 171 179 195 197 204 193 193 194 214 213 215 173 141 136 127 68
115 113 124 117 122 124 126 123 123 129 114 111 120 116 110 116 119 123 111 97 122 130 117 120 131 125 126 118 111 101 129 122 128 109 95 130 123 143 145 148 148 155 150 139 140 141 153 156 146 153 162 148 132 138 128 147 170 144 173 184 200 214 190 170 170 183 191 187 193 179 189 191 202 180 121 125 129 137 147 152 156 169 171 152 165 167 176 174 139 103 98 107 115 184 198 170 163 174 168 177 168 133 177 209 201 196 193 195 162 147 118 144 172 183 190 189 183 178 188 201 207 201 203 184 143 142 128 70
112 106 113 110 109 114 117 120 115 116 121 115 110 108 114 111 98 127 99 99 123 132 120 121 118 127 129 119 113 108 117 130 152 114 105 135 140 146 139 146 146 154 152 136 144 148 163 153 145 158 163 143 143 133 123 128 140 130 135 150 205 201 186 173 169 160 160 168 160 162 172 180 176 186 136 114 118 125 138 143 159 169 159 150 164 174 164 161 163 114 101 101 144 193 187 159 164 168 169 163 176 156 178 203 198 198 201 176 148 136 124 135 162 169 170 176 172 168 181 197 164 166 162 169 153 152 141 64
109 113 116 129 125 119 114 116 117 114 122 125 119 121 118 117 126 138 71 77 107 110 113 124 115 127 129 126 129 122 135 132 130 120 120 134 158 150 124 138 151 152 151 148 145 146 164 168 133 141 168 138 136 130 119 129 136 141 134 135 191 202 174 146 139 141 141 137 135 148 152 157 154 144 148 130 120 134 147 144 150 161 165 156 154 178 184 150 166 153 107 122 175 171 175 168 152 159 177 165 172 176 193 195 196 186 190 157 131 140 128 129 159 150 146 156 155 166 175 167 135 154 142 156 144 137 131 65
126 130 128 125 125 119 126 115 114 129 125 133 129 124 106 112 164 134 72 60 96 90 104 121 130 135 130 122 131 121 130 116 115 119 111 140 138 143 125 125 157 146 158 145 146 153 161 176 154 134 167 154 124 129 112 113 130 135 132 135 157 184 173 140 114 130 151 142 134 138 150 149 149 141 126 143 129 138 156 137 141 159 159 152 170 148 149 158 161 159 113 122 167 146 155 172 147 165 184 179 180 172 179 200 205 204 185 166 127 125 99 117 141 150 142 145 151 157 163 138 123 142 138 174 152 140 128 67
129 121 123 116 117 124 125 113 112 122 122 127 123 109 99 129 142 121 116 85 100 100 102 108 114 128 141 124 124 137 125 115 111 126 118 140 136 154 128 134 151 151 161 162 141 156 151 166 163 151 148 153 143 125 129 124 117 121 131 140 148 185 175 162 116 131 133 146 134 130 150 155 148 153 140 124 122 139 152 141 128 147 156 159 164 163 143 150 175 155 113 119 160 144 106 150 153 167 198 188 167 169 168 190 189 193 196 167 125 111 79 133 149 143 155 152 145 148 149 118 111 117 150 182 159 153 144 67
115 121 116 112 132 131 123 118 117 127 118 115 117 112 140 150 117 153 152 103 99 94 100 113 119 132 143 120 140 145 117 121 105 124 128 152 144 157 143 137 156 161 160 151 133 155 170 159 151 151 125 144 141 132 105 118 120 131 124 129 150 174 194 177 123 124 126 142 147 141 132 137 133 140 148 129 117 121 138 154 135 143 150 152 155 158 161 157 174 154 113 120 146 109 74 109 165 170 188 173 164 164 168 177 182 182 185 155 104 83 75 107 156 160 165 159 145 143 132 95 102 107 163 195 148 147 138 69
110 118 117 118 124 124 132 131 123 121 113 109 115 129 152 131 144 165 146 119 97 98 100 110 124 127 137 124 139 125 128 135 124 131 132 142 144 150 162 139 161 169 154 137 125 128 170 169 140 128 137 117 142 135 108 113 111 123 127 119 140 188 190 195 164 150 134 148 140 145 135 130 148 132 137 134 116 114 136 147 135 147 151 139 152 137 130 168 171 160 99 113 153 104 86 99 156 161 163 170 158 173 177 173 169 174 162 117 76 73 76 99 167 158 163 165 153 148 131 102 101 113 182 199 159 131 125 64
120 115 123 122 122 113 120 128 127 123 121 122 128 126 124 122 171 177 153 120 104 96 103 108 110 131 135 132 137 132 114 119 127 127 134 140 144 143 156 133 160 179 139 124 123 135 162 155 128 113 126 116 115 136 115 119 127 109 126 120 131 159 193 172 154 130 119 130 128 128 132 134 146 143 141 136 132 129 150 144 127 144 163 136 138 137 119 149 163 156 113 141 151 115 106 120 170 155 135 162 164 145 159 150 153 171 138 90 66 66 65 106 175 165 149 154 150 160 147 122 112 135 191 185 150 132 119 64
127 121 124 125 121 121 114 124 125 124 117 136 152 117 122 151 184 174 154 128 109 104 109 106 109 125 133 122 126 133 107 126 120 126 148 141 146 140 139 128 154 175 151 139 107 122 161 158 138 117 116 115 110 115 104 91 115 108 120 121 133 135 160 172 134 141 136 113 124 127 120 133 144 140 141 135 127 123 144 143 142 136 158 157 155 136 126 147 169 170 122 172 150 150 152 158 168 159 153 141 139 135 133 139 148 158 109 68 61 58 62 116 157 158 139 151 157 181 169 138 143 152 189 179 137 131 123 64
121 125 127 129 127 117 117 120 124 120 105 108 167 117 119 154 179 170 154 127 132 112 107 98 97 105 122 113 114 132 113 120 129 133 149 146 154 144 144 133 139 161 142 145 125 129 147 149 121 114 117 126 101 106 108 93 107 116 113 114 122 137 154 176 145 137 151 120 121 125 123 116 128 134 140 133 118 108 137 143 134 138 142 154 140 144 116 148 158 161 144 179 133 168 170 164 178 171 170 155 124 105 109 131 123 138 103 63 61 57 68 127 167 145 132 144 154 177 179 165 163 180 189 172 132 115 112 56
117 124 129 130 130 122 119 120 113 109 108 86 147 119 117 143 180 173 158 137 137 116 110 106 86 98 102 96 106 120 118 107 135 134 139 136 141 137 147 133 122 164 133 139 143 132 136 146 120 119 114 122 115 112 112 112 108 117 95 109 122 138 145 168 167 136 133 141 122 115 117 118 119 143 141 133 119 111 131 139 116 142 131 157 134 129 108 117 141 162 158 160 142 172 190 173 185 168 153 135 124 112 108 108 103 97 80 58 56 56 65 143 167 130 124 145 162 175 180 176 152 152 170 161 125 116 104 55
118 124 118 109 101 104 99 99 99 101 101 88 87 113 104 113 130 154 163 147 135 125 112 95 96 102 96 103 99 105 112 126 125 124 141 141 132 130 138 132 122 143 135 143 128 130 156 141 125 111 118 114 120 118 113 108 112 117 99 120 127 143 146 150 131 131 133 133 129 105 127 116 128 131 149 139 127 125 128 131 124 140 139 153 155 119 116 117 137 166 155 148 153 170 184 168 169 160 157 143 112 118 99 88 88 68 65 55 55 58 72 148 156 131 139 158 169 167 169 157 138 144 138 141 116 113 113 54
118 117 119 101 107 106 106 105 109 111 119 97 78 86 90 96 125 151 142 136 132 126 113 108 105 109 94 80 85 118 120 126 118 111 140 133 129 120 129 126 130 122 128 134 126 125 154 138 127 111 120 117 130 115 116 130 106 113 111 113 126 141 144 152 146 139 144 141 139 116 123 131 140 125 145 131 115 125 124 127 124 112 127 138 158 110 121 123 133 150 139 143 136 150 148 155 144 138 135 132 119 92 87 82 70 62 61 53 48 63 67 120 130 119 135 151 165 162 172 155 116 118 127 120 100 112 107 50
119 127 122 113 110 111 103 105 109 110 117 129 90 65 73 84 100 107 111 116 126 118 118 102 78 89 99 74 74 103 106 96 119 120 142 133 120 106 114 116 123 120 130 134 121 149 162 131 129 130 113 123 116 134 127 103 113 107 106 111 123 139 149 147 139 150 151 146 147 141 125 146 124 133 132 133 122 134 133 121 126 93 126 137 159 118 96 105 141 154 119 124 120 126 128 124 118 120 119 117 107 86 78 70 62 57 55 54 56 58 59 99 123 105 110 103 150 161 157 146 116 116 103 91 96 106 104 58
121 121 121 116 113 107 106 109 115 114 106 107 95 68 75 89 95 108 109 113 116 122 126 93 72 77 98 77 60 85 89 86 115 120 143 126 115 104 112 116 110 121 127 120 126 149 174 138 111 130 126 121 119 119 128 133 121 127 92 112 120 133 151 151 145 164 174 150 144 154 143 135 137 110 128 122 114 129 138 130 119 104 111 136 136 132 90 108 128 159 112 84 101 122 117 101 100 110 111 94 87 82 81 61 58 52 50 53 58 56 57 64 113 110 79 70 98 147 145 119 97 93 77 68 61 92 104 56
125 107 111 114 113 110 113 109 106 109 114 106 119 100 80 76 94 90 90 100 116 131 115 99 80 71 73 66 50 59 75 86 101 118 123 126 110 99 109 117 111 109 123 115 120 137 155 135 119 108 123 110 113 110 116 126 107 116 106 94 124 133 145 158 163 169 179 145 148 143 143 145 146 114 118 128 117 123 130 125 116 100 121 130 142 133 105 116 125 153 120 90 98 111 110 108 86 96 82 87 82 63 73 68 52 52 51 49 55 53 60 68 117 133 94 82 129 162 143 119 91 71 64 67 62 82 96 47
122 124 121 112 114 116 122 126 120 111 118 123 110 115 118 112 119 109 90 87 108 122 99 106 84 67 72 56 52 54 50 62 82 98 106 116 98 104 100 101 101 103 115 107 118 134 140 131 124 116 131 113 110 117 112 109 115 90 117 104 102 128 136 170 163 161 185 144 136 157 148 148 149 131 121 123 117 120 129 133 124 89 118 121 124 136 114 121 126 142 124 113 116 110 111 100 85 76 61 73 78 78 72 66 68 65 54 55 53 53 59 80 133 146 136 126 145 155 136 121 72 51 58 63 63 70 84 48
118 123 122 120 122 124 129 126 129 124 122 126 121 122 127 131 125 120 120 97 95 107 101 102 99 82 70 59 56 54 61 49 53 84 100 95 92 93 78 93 87 127 107 102 123 141 133 122 128 117 130 113 113 113 135 118 104 98 122 117 102 115 141 156 159 162 166 149 131 154 157 144 125 117 129 112 116 123 123 131 116 120 125 132 126 122 111 135 148 135 129 120 111 99 93 87 77 68 72 79 100 101 84 69 90 80 73 51 44 59 63 88 136 132 137 161 166 163 156 104 62 59 63 57 54 60 75 53
118 111 120 124 126 127 130 133 119 128 119 117 121 121 125 121 118 109 116 114 99 92 87 90 99 91 87 65 68 64 63 52 53 58 77 68 70 77 82 80 74 107 97 105 134 105 101 106 128 141 125 118 113 120 121 129 110 104 110 117 106 110 127 141 154 171 158 155 148 135 145 140 143 132 127 123 125 124 125 128 117 120 129 138 131 121 106 125 139 139 120 111 98 105 95 92 75 68 87 113 117 116 81 92 98 102 98 72 51 54 61 101 141 121 150 183 169 157 132 82 60 58 55 47 53 46 54 48
126 131 127 122 112 114 116 121 118 118 114 110 109 110 114 116 120 115 103 100 103 90 93 108 101 98 91 86 91 76 73 66 57 55 57 51 49 53 69 81 76 77 100 106 104 79 89 103 124 140 136 114 110 98 108 114 109 110 114 108 105 103 105 128 136 148 156 144 141 140 136 121 133 135 132 111 125 128 125 121 119 117 125 127 126 119 122 104 124 137 119 111 110 111 113 93 79 84 110 125 131 116 90 95 101 103 102 92 56 52 55 113 141 140 157 155 149 146 118 61 56 58 57 48 49 49 49 40
120 120 121 122 119 118 119 124 112 110 111 103 105 104 104 94 105 114 113 108 102 103 107 114 120 117 113 119 115 101 92 77 70 65 58 64 56 50 48 68 63 55 80 63 79 84 92 100 119 138 121 112 114 105 115 107 101 108 113 102 96 97 98 112 137 140 148 146 127 146 138 125 145 132 147 125 128 125 135 134 120 120 120 124 139 104 107 106 120 126 111 113 110 112 120 96 89 96 113 127 134 118 86 100 97 103 104 102 62 44 66 136 143 145 133 133 155 134 94 52 46 54 52 51 42 45 50 44
116 119 127 118 125 116 117 114 125 124 122 125 127 118 108 111 116 109 109 120 122 120 124 117 125 115 108 113 114 104 99 97 82 72 59 57 54 52 47 49 46 47 51 56 62 64 76 91 114 133 116 112 103 113 115 105 94 114 114 125 114 109 112 108 129 135 144 142 127 117 125 115 144 119 145 122 129 118 128 126 110 109 114 115 128 117 89 116 127 121 100 112 118 102 100 92 96 103 116 131 126 107 86 105 103 109 108 100 70 50 66 113 150 145 136 123 132 94 67 54 51 57 57 46 43 45 48 46
119 131 125 116 116 119 120 126 122 126 129 122 114 117 124 127 123 131 123 115 125 127 123 108 113 116 119 121 123 122 125 122 75 61 53 53 52 47 47 48 47 50 52 48 52 48 69 84 103 119 113 97 107 107 109 125 100 110 117 110 108 109 113 119 120 118 140 146 132 120 115 112 132 121 133 125 125 110 125 109 90 89 112 124 129 126 104 106 128 120 107 114 103 100 109 92 110 123 132 115 109 106 93 99 103 108 104 101 71 60 58 88 121 129 139 134 114 70 68 61 55 44 46 37 48 47 37 44
124 130 128 122 122 122 119 117 126 129 118 119 126 114 113 117 124 124 127 121 121 120 123 121 113 121 114 128 125 105 110 109 75 55 45 46 46 46 43 51 58 55 49 47 52 52 58 65 88 106 108 105 100 111 100 114 87 112 120 106 105 110 104 119 126 124 124 144 132 138 121 117 126 119 129 123 127 123 131 129 105 93 99 125 130 128 91 113 119 111 106 107 103 96 102 95 104 112 120 92 83 89 101 107 107 109 103 102 73 53 62 63 60 99 119 123 82 92 101 91 53 49 44 46 45 51 45 45
116 120 121 123 126 123 129 123 131 125 115 112 121 115 116 122 125 118 124 122 117 114 111 124 119 120 118 120 121 126 123 119 72 52 50 45 47 45 46 48 55 52 49 47 53 52 55 57 80 103 111 110 95 98 95 116 90 108 117 115 127 130 101 110 111 139 129 129 129 129 130 114 135 116 123 115 124 115 125 132 115 113 107 106 129 127 112 103 109 102 116 107 115 105 98 103 126 109 94 69 70 91 107 109 108 111 111 111 86 60 59 65 62 75 105 89 96 99 103 70 41 49 50 42 47 53 45 42
127 121 112 120 120 110 113 113 121 126 126 122 129 122 128 119 120 115 119 117 117 122 122 117 118 112 106 116 122 120 116 110 77 57 58 51 46 48 66 61 55 50 46 55 45 49 49 59 64 83 112 107 114 106 108 93 105 100 117 118 125 125 109 107 102 117 120 116 120 111 126 114 128 116 119 105 120 115 115 122 106 119 133 108 114 122 104 89 106 93 100 114 105 105 99 95 118 100 85 67 61 88 104 102 112 102 102 110 94 58 60 59 61 73 69 89 104 105 100 59 44 43 49 45 41 48 44 45
113 119 123 122 107 109 111 120 118 121 121 118 113 122 124 114 126 118 119 122 110 112 110 107 120 112 105 102 107 123 131 119 76 58 56 62 63 65 88 86 75 73 60 50 53 51 48 55 68 71 97 117 114 105 107 94 97 105 105 128 131 123 127 116 110 102 103 116 112 96 116 104 116 108 107 105 111 115 124 107 107 110 129 128 120 129 100 77 102 106 102 124 118 108 102 95 122 101 74 66 66 93 102 103 109 115 114 115 110 68 59 61 59 60 69 100 113 94 76 51 59 46 58 58 43 44 44 50
118 116 118 119 113 119 120 122 126 107 114 117 117 121 116 118 124 130 125 120 116 114 114 117 115 120 123 119 109 101 116 123 75 61 67 84 88 83 89 95 87 85 76 52 52 49 48 48 63 64 75 102 105 118 98 94 101 90 105 92 111 129 127 112 110 93 95 108 112 89 104 98 93 99 104 108 102 101 119 103 107 104 104 124 115 99 99 87 94 118 107 111 108 115 108 96 118 93 69 72 69 93 105 110 102 101 106 105 109 72 56 58 57 53 76 105 112 93 77 48 49 49 52 57 45 53 47 37
118 119 118 111 119 120 113 119 121 118 116 125 120 121 121 103 107 107 123 122 118 109 102 110 121 119 110 113 116 114 118 118 70 61 75 83 90 90 93 89 89 94 82 57 54 49 45 55 61 54 73 95 111 102 105 78 93 103 97 104 108 121 136 110 112 102 96 97 113 87 99 96 97 86 95 89 92 91 94 111 91 98 97 97 108 87 81 87 87 96 106 109 115 114 112 106 125 90 65 71 67 96 114 109 116 113 117 112 112 83 57 48 57 65 80 105 109 83 77 54 42 54 60 53 51 65 48 48
119 116 123 113 114 106 110 113 116 115 123 119 119 111 118 112 115 116 115 127 121 123 122 125 126 113 119 118 126 132 119 116 67 70 71 68 83 84 84 93 87 99 97 74 53 53 49 54 62 54 70 87 105 93 99 88 88 114 98 116 107 125 135 121 105 112 106 89 104 92 97 100 101 88 86 79 83 87 78 99 77 85 96 90 78 87 92 82 95 95 110 113 115 110 108 102 113 79 58 68 62 96 104 109 115 109 109 107 102 94 54 56 55 79 87 98 112 81 84 56 51 51 63 60 52 65 49 47
120 121 118 124 120 121 130 115 113 123 119 121 123 120 110 117 123 126 121 131 120 121 114 119 121 118 114 114 115 119 113 100 74 69 72 78 86 79 81 86 83 90 99 82 56 52 68 75 61 63 78 82 92 85 109 98 91 109 100 103 130 122 144 133 99 98 111 89 83 90 93 98 94 85 96 73 71 87 85 78 70 80 92 98 104 91 73 78 88 100 111 112 106 109 109 96 115 72 61 59 69 96 112 123 115 120 116 101 99 97 59 58 60 86 86 98 106 83 96 58 50 63 64 51 53 75 43 46
118 120 113 123 118 114 125 125 122 124 124 127 128 127 121 117 122 116 119 120 123 120 117 125 125 129 121 117 124 130 117 90 74 65 76 79 73 73 79 90 87 89 82 80 63 62 90 99 64 64 71 74 71 72 85 110 100 123 115 111 132 133 137 139 117 87 94 96 79 87 95 99 99 73 79 58 62 66 79 73 88 79 83 100 95 99 87 85 94 102 105 105 106 112 118 97 102 75 55 52 71 113 118 113 103 112 114 106 110 92 63 64 76 94 92 96 95 90 100 67 52 45 74 93 64 69 42 52
125 117 118 114 117 123 122 128 126 122 133 130 124 130 126 109 109 118 127 119 121 124 116 126 126 123 128 118 126 105 104 94 66 60 65 72 71 74 76 91 80 93 80 82 86 69 94 123 86 57 72 71 54 60 72 104 100 112 121 121 116 121 137 134 115 79 80 89 90 83 88 87 85 68 59 52 55 55 74 71 85 96 92 88 92 84 76 76 84 91 109 105 109 113 114 94 99 85 67 59 75 93 107 105 104 97 99 97 94 86 68 61 78 97 85 86 76 95 100 94 96 91 84 109 86 71 46 52
111 105 120 126 126 135 126 120 123 115 118 125 129 120 123 120 133 123 123 127 131 135 117 120 121 126 116 113 105 113 110 90 69 79 63 65 72 84 72 84 78 87 79 83 95 92 102 113 101 67 64 66 59 64 60 87 106 100 117 133 119 117 121 140 136 97 66 78 85 91 84 80 84 65 67 39 56 49 73 64 85 82 93 90 87 78 82 84 78 81 89 102 96 102 102 90 102 91 60 58 73 99 102 102 107 114 103 95 95 92 72 61 68 87 81 82 78 101 90 94 101 97 76 63 75 78 45 43
100 101 105 112 114 122 112 117 117 110 119 128 126 122 128 131 124 118 123 119 131 132 123 126 122 117 115 115 120 126 121 102 75 65 58 63 74 73 67 69 75 80 71 85 91 90 107 111 94 79 66 71 74 55 62 77 99 102 121 110 129 122 120 130 137 124 66 60 66 81 82 80 80 66 62 55 49 54 58 63 72 86 81 83 81 81 90 85 69 72 80 91 102 100 92 85 101 73 49 56 77 105 103 104 109 104 103 101 100 104 66 62 71 72 98 87 81 92 70 76 81 72 62 61 50 49 50 49
100 108 114 121 110 113 130 120 124 116 117 123 126 118 125 116 124 127 117 108 120 122 124 125 124 127 129 135 125 113 114 82 59 57 55 64 78 74 64 74 79 77 77 102 108 110 114 109 114 97 71 90 73 53 60 72 75 94 112 104 134 125 124 131 119 102 65 49 50 67 74 72 71 66 63 52 46 45 51 58 63 64 78 69 69 82 72 86 85 75 75 82 93 93 93 82 83 68 50 56 98 106 100 104 113 111 107 104 87 58 50 57 66 71 94 90 75 78 66 61 59 63 65 62 52 61 60 45
123 119 116 116 109 113 116 111 117 118 110 115 122 114 121 126 127 129 125 122 124 115 121 125 119 107 109 116 120 116 115 83 60 57 54 52 63 72 61 79 85 82 82 112 117 123 126 129 124 111 100 111 66 57 61 66 62 85 104 104 125 121 118 133 121 91 58 51 53 53 57 68 80 63 60 49 45 51 49 47 50 47 70 86 74 81 78 64 66 64 70 89 96 99 94 74 72 60 46 60 93 101 98 93 110 104 113 100 60 57 55 56 58 74 85 97 79 73 77 59 64 57 55 54 74 98 84 45
117 123 118 116 116 116 125 123 123 118 117 110 114 118 113 116 121 123 119 130 124 123 124 117 118 119 119 130 113 121 126 89 72 62 53 50 65 75 63 76 71 80 77 104 116 124 125 126 123 121 125 111 67 65 61 55 64 78 95 95 109 123 120 112 111 85 58 50 55 51 52 62 77 58 55 59 42 41 38 54 50 55 59 74 71 64 77 66 47 60 67 81 96 83 90 79 66 55 57 60 97 89 88 88 92 80 97 82 65 68 74 64 51 76 93 111 101 85 86 85 79 79 103 85 93 102 88 49
114 110 110 107 104 108 112 121 120 114 118 114 117 121 122 128 121 122 130 131 132 123 126 121 116 121 121 128 120 119 126 94 82 71 42 57 69 74 60 79 82 79 103 121 117 114 129 122 122 116 118 116 92 78 74 53 61 76 90 101 110 114 101 112 96 81 83 61 76 69 55 49 52 59 51 47 50 50 49 55 54 49 49 55 62 54 62 62 47 56 61 68 87 83 99 85 73 56 55 59 103 104 102 103 95 90 73 60 77 71 85 67 57 80 96 101 86 79 88 93 109 96 129 105 103 92 63 40
113 117 114 123 128 121 111 115 121 119 120 122 130 126 121 139 128 118 115 121 128 124 127 122 118 117 111 105 108 119 129 103 80 78 52 61 67 71 62 75 74 69 96 117 112 116 116 116 121 109 97 103 96 80 74 52 51 63 85 86 90 108 82 98 91 71 97 107 92 99 78 51 47 48 47 46 50 51 53 63 80 61 45 43 53 49 56 51 50 47 58 64 85 93 105 84 71 57 53 60 102 105 100 95 89 86 55 55 51 71 81 73 82 89 94 79 68 89 87 86 101 88 112 102 82 81 69 44
94 98 105 104 108 114 115 112 110 115 114 124 123 120 114 118 111 113 113 118 119 123 119 131 120 128 128 124 114 121 122 102 75 82 57 61 68 67 75 79 75 69 98 117 115 112 117 111 113 118 106 104 108 97 75 59 56 56 76 88 85 99 105 101 113 99 88 112 100 105 82 45 46 48 39 38 42 54 61 69 86 82 81 61 53 51 54 48 46 58 58 61 81 89 94 104 75 57 49 66 104 90 74 67 63 65 66 60 58 56 60 75 85 82 71 66 58 92 92 81 103 91 92 86 90 91 76 47
110 115 123 117 112 115 115 115 118 115 115 128 124 121 118 111 105 118 127 118 121 122 119 124 117 112 130 125 122 115 120 105 72 82 54 66 65 63 82 84 79 68 90 103 110 124 118 107 114 108 107 106 102 90 89 74 54 52 70 70 87 74 83 91 87 83 78 91 98 101 77 53 48 41 48 46 47 44 57 80 97 95 96 93 88 64 47 43 43 47 47 69 73 80 87 79 70 53 46 60 69 54 76 80 69 63 61 79 66 58 56 69 89 65 60 56 56 74 104 91 97 88 74 72 83 93 94 57
118 115 110 115 115 116 121 121 114 108 114 108 116 116 118 116 113 117 116 114 119 128 117 123 128 121 116 122 112 102 103 100 70 71 51 69 77 61 78 82 79 69 87 104 124 114 111 110 105 95 107 107 105 97 83 84 66 54 62 63 71 83 78 86 95 75 65 95 104 107 98 54 49 43 52 43 49 46 55 86 99 96 89 90 92 88 53 45 42 47 58 66 62 66 76 57 70 57 48 58 73 75 74 71 64 65 78 93 84 78 84 68 52 60 59 60 66 70 88 111 109 88 112 95 115 129 118 54
112 112 110 115 109 115 119 112 109 116 109 107 113 112 116 115 104 108 114 105 111 111 108 114 121 117 115 116 110 107 115 90 63 67 63 71 67 60 71 82 77 71 92 109 110 106 103 109 109 110 108 101 92 91 87 89 70 56 59 59 58 74 84 108 96 74 61 87 114 120 107 52 47 53 45 50 45 46 67 82 99 100 98 91 94 69 44 52 50 44 58 74 72 62 80 98 76 63 49 57 61 65 82 90 83 89 90 103 86 87 81 58 58 66 87 88 84 83 84 79 72 102 150 126 136 170 158 61
117 117 113 118 116 122 126 116 115 124 112 114 119 120 118 116 111 102 109 115 109 118 111 120 118 121 116 103 105 111 109 76 63 63 51 66 74 65 68 86 84 75 89 90 96 102 103 99 101 110 107 100 102 98 101 105 78 50 52 63 52 68 80 89 87 70 63 85 102 109 99 58 46 44 44 49 42 48 65 94 91 96 91 104 87 52 42 49 51 55 69 63 73 78 105 89 61 62 71 64 60 78 84 86 91 92 69 81 79 82 96 88 74 86 69 86 95 92 71 78 113 136 146 137 153 174 158 70
119 118 123 122 116 111 118 121 114 118 111 120 116 118 106 108 103 87 98 99 106 105 104 119 114 110 97 105 110 105 118 75 64 72 44 58 72 66 70 80 82 95 103 104 102 108 110 113 118 112 109 102 107 99 100 99 74 45 47 68 54 69 80 96 87 71 75 94 104 107 101 60 47 46 47 44 47 48 56 93 95 99 97 100 94 46 48 52 47 54 55 58 73 84 78 66 61 80 97 74 87 91 88 87 85 84 85 87 89 88 95 89 93 93 95 112 88 87 106 117 143 150 130 140 154 141 123 59
118 118 116 123 119 117 120 126 110 106 96 95 103 114 121 112 116 114 112 119 121 117 120 108 106 105 107 103 105 101 107 65 60 65 47 63 68 73 78 88 82 91 98 98 94 87 97 98 90 95 91 96 96 87 89 98 96 61 43 60 66 68 70 81 84 69 72 101 113 112 107 58 52 55 53 46 44 49 54 77 94 91 91 86 83 49 44 45 50 55 66 50 77 77 86 95 78 75 99 86 78 85 82 93 90 87 90 93 94 91 86 91 99 118 123 120 102 138 145 147 144 140 106 127 132 150 127 63
121 124 121 111 105 108 117 113 113 108 108 117 117 112 110 106 104 110 115 128 123 109 97 97 97 93 101 98 108 101 99 67 64 58 53 61 70 68 76 78 90 89 91 90 87 87 90 92 87 92 95 90 91 84 86 91 93 65 55 57 54 61 75 80 78 64 71 98 96 90 88 60 65 55 56 57 56 43 59 95 95 93 94 96 85 49 43 47 50 67 53 59 80 86 93 84 83 76 82 85 87 90 91 94 79 82 94 86 89 80 88 110 141 154 122 113 135 190 190 160 140 136 128 138 141 145 129 65
118 114 111 108 106 122 119 116 119 126 119 113 116 111 113 108 113 110 107 113 111 104 100 99 98 97 101 115 111 110 102 80 68 57 59 62 70 62 77 75 86 93 94 88 93 94 95 97 103 106 104 108 107 97 103 100 102 73 53 56 65 63 83 72 74 70 81 89 94 91 93 80 63 65 64 56 83 54 53 95 85 92 95 95 75 52 58 58 52 75 47 59 78 86 83 88 96 86 69 97 96 81 102 97 88 90 81 88 95 107 126 152 157 130 123 139 152 190 177 149 142 141 147 145 149 145 120 70
116 116 111 106 99 101 104 106 98 109 120 113 110 115 114 113 108 110 115 119 119 113 114 115 111 106 109 119 116 122 123 82 64 63 67 71 60 57 71 65 85 104 108 101 96 95 105 110 113 120 119 117 112 105 104 108 108 77 48 49 59 67 55 75 73 73 87 94 85 84 96 85 62 64 60 70 89 78 64 104 101 103 84 91 80 50 64 69 67 70 57 77 89 86 78 81 79 78 89 95 83 91 99 83 87 82 100 117 146 166 154 149 136 124 125 114 130 139 157 153 164 160 165 168 164 174 149 68
92 91 100 107 116 119 123 111 104 108 117 114 110 115 118 111 122 115 117 120 121 121 121 123 117 113 112 114 113 119 116 83 60 68 62 68 58 57 62 75 96 102 102 104 110 105 106 112 109 107 105 98 98 106 100 97 86 79 49 47 52 65 68 63 75 69 88 97 87 86 110 96 71 67 55 68 81 87 72 98 89 96 91 79 84 62 52 61 63 61 89 86 83 81 81 80 81 82 91 84 80 92 86 87 80 115 154 137 147 142 134 149 127 141 147 150 145 145 157 169 160 158 167 164 163 175 163 67
109 109 107 105 106 106 115 105 114 111 110 107 111 118 111 116 129 117 111 117 106 114 116 108 106 114 111 106 110 121 122 78 61 68 55 47 62 61 68 81 103 111 99 98 103 115 108 110 108 102 99 105 100 96 86 81 87 78 47 42 53 68 64 74 77 75 84 83 77 94 98 90 79 58 54 50 64 78 75 81 79 77 77 72 90 83 64 58 64 80 86 83 92 94 89 72 75 88 90 93 101 96 83 102 121 144 167 136 143 143 147 149 149 161 141 138 141 142 160 170 169 170 172 176 175 154 156 76
100 107 110 103 109 112 117 116 119 113 114 113 113 102 94 102 109 104 118 133 117 120 116 107 103 105 108 101 111 113 118 73 68 86 64 50 59 56 65 89 105 107 111 115 109 106 101 92 98 87 88 93 87 80 88 92 83 80 59 42 60 74 59 86 83 73 89 89 87 89 73 76 62 50 44 48 62 87 70 83 87 85 77 78 74 82 99 91 86 101 88 103 93 92 101 105 120 112 99 105 136 110 123 137 155 149 140 140 140 141 162 153 163 167 155 155 146 153 175 171 160 170 171 184 187 172 151 73
108 111 124 110 111 121 118 113 100 99 113 122 121 117 113 111 111 112 112 118 119 110 105 107 98 100 99 97 98 93 94 67 85 97 72 55 59 59 67 102 103 101 110 105 105 109 98 101 94 94 95 88 97 92 95 91 82 94 68 48 66 70 68 70 83 70 116 108 88 73 87 66 57 54 48 47 75 69 69 82 86 101 87 83 94 101 100 96 81 89 101 101 88 103 99 98 99 102 118 128 137 139 143 142 151 159 170 168 168 167 175 166 170 173 182 171 174 187 180 176 174 170 174 178 171 168 168 82
115 112 115 109 113 118 124 115 118 128 115 111 110 109 109 100 102 103 97 96 101 101 102 107 94 101 110 111 111 105 108 78 78 74 62 53 58 67 81 101 105 113 104 98 97 97 94 95 83 93 101 94 96 85 79 82 88 83 71 54 62 46 77 76 78 88 96 83 76 75 70 70 67 73 56 65 71 63 66 59 71 85 88 83 89 93 85 88 82 97 130 109 104 101 102 121 122 139 158 144 155 162 136 148 146 161 160 174 165 167 167 168 169 170 176 169 170 176 167 171 184 185 173 176 162 167 160 72
107 114 107 111 117 112 106 113 119 118 111 115 98 99 96 94 94 92 103 96 98 97 110 118 114 112 107 104 97 98 89 54 82 73 64 56 47 56 76 89 87 78 74 63 64 59 64 81 85 99 95 82 85 82 77 82 86 86 74 57 64 54 59 83 76 76 98 80 64 80 59 69 63 74 60 67 58 87 83 56 70 81 81 76 82 93 95 90 129 131 119 113 114 140 139 148 154 165 147 132 148 163 148 151 156 157 163 160 161 160 172 146 152 169 171 180 183 178 152 145 163 166 157 167 171 174 147 65
107 105 114 116 114 118 118 109 118 109 106 113 113 104 109 99 105 104 105 101 103 106 113 117 118 117 120 117 115 110 75 58 73 63 63 66 72 77 89 96 77 72 64 66 73 66 67 82 77 70 85 75 80 84 76 79 69 71 78 51 62 59 68 65 66 76 87 84 62 71 67 63 70 74 78 56 87 92 88 82 85 90 98 87 87 95 92 100 123 113 130 140 159 165 163 156 164 170 163 169 176 171 171 155 163 169 166 167 158 164 177 166 165 169 178 172 169 162 151 165 178 182 176 180 175 183 160 74
102 93 90 83 86 88 100 91 103 99 84 84 99 101 111 121 126 110 106 108 115 118 115 106 113 116 123 112 99 84 76 81 68 52 51 66 83 90 96 89 83 96 98 90 92 78 73 64 64 66 69 87 89 88 67 61 64 59 62 51 50 56 47 51 60 76 72 59 53 70 65 58 78 77 72 81 89 80 76 87 105 91 80 89 96 87 90 92 110 148 158 170 160 146 157 169 172 176 172 169 160 175 156 162 161 163 166 159 160 161 163 171 162 150 157 161 146 145 145 156 161 166 168 180 168 180 166 75
87 75 74 70 72 76 69 77 80 82 75 84 79 84 87 90 93 92 101 108 113 110 103 96 104 103 103 87 67 79 95 73 63 49 50 73 78 80 82 74 84 87 74 74 91 69 62 66 69 63 63 71 68 65 71 77 76 61 57 54 50 47 45 52 65 92 89 65 51 52 48 55 53 59 76 84 87 93 89 71 90 89 83 91 90 89 93 104 147 158 158 170 163 159 155 170 167 172 159 165 167 174 157 164 155 161 156 165 162 153 148 151 147 140 145 144 160 154 157 159 156 163 157 167 158 144 137 73
78 80 67 80 81 76 74 76 77 84 82 96 88 90 95 84 87 119 146 138 119 113 106 85 95 95 83 77 78 69 62 49 54 52 57 69 77 76 61 58 65 73 88 69 68 78 66 89 100 83 94 102 94 88 93 104 102 111 94 58 55 42 50 55 73 80 84 64 65 72 65 79 58 68 77 80 89 88 92 93 93 75 92 90 92 99 107 146 164 167 166 164 173 185 164 162 163 169 157 153 153 165 156 143 139 147 143 150 144 143 137 130 136 141 140 133 156 176 160 159 145 149 158 165 157 144 125 72
81 75 71 81 75 75 82 76 92 88 98 99 91 94 101 102 122 206 172 131 105 86 81 95 92 79 64 58 64 61 53 51 46 43 60 64 85 85 62 67 60 70 62 65 77 75 70 94 96 97 117 128 117 107 118 119 94 72 73 63 49 46 50 55 73 70 70 80 73 83 73 63 87 101 103 96 67 82 82 95 92 85 91 110 113 133 138 151 169 159 163 172 169 157 167 162 165 169 156 153 149 152 157 150 133 131 128 147 158 139 130 135 137 146 152 142 133 153 140 128 127 139 147 152 164 172 151 57
89 86 77 79 83 81 73 83 101 107 93 86 103 118 115 105 152 198 166 153 115 91 80 82 96 77 66 72 62 67 65 49 44 57 66 75 74 69 71 67 64 69 75 80 90 75 68 77 88 105 108 96 94 90 90 91 92 92 115 60 57 55 55 54 81 77 80 75 60 69 66 71 93 92 99 78 87 96 85 92 97 98 99 143 150 155 144 152 164 173 159 151 163 173 161 158 152 152 160 155 152 149 147 146 145 142 148 141 130 145 147 148 150 160 161 159 148 153 161 157 154 150 157 165 162 170 155 68
106 112 102 96 101 111 120 118 119 95 101 120 140 134 108 128 131 149 131 118 101 88 87 76 83 74 68 79 53 86 66 57 55 65 67 85 74 64 86 88 73 72 65 77 99 97 90 82 88 107 89 74 87 98 93 60 76 93 81 70 76 83 74 66 67 83 80 75 80 77 76 84 88 86 96 97 92 99 92 98 129 138 153 142 137 151 165 156 147 161 154 154 146 142 147 149 137 145 159 153 156 146 144 140 142 152 145 147 145 157 152 150 157 155 153 163 153 149 158 166 166 165 169 172 170 163 152 59
125 155 132 105 109 101 97 97 103 109 105 133 145 150 136 126 144 147 85 96 83 82 91 83 73 76 68 58 54 76 61 65 70 69 80 85 89 81 82 86 88 93 92 93 67 66 83 99 76 89 96 90 111 113 87 76 86 76 74 88 106 80 60 53 93 104 88 85 78 72 83 87 97 99 95 90 92 97 113 140 143 149 148 140 151 156 162 152 158 162 148 141 152 157 148 160 146 143 148 145 135 143 147 150 147 150 152 163 151 157 157 156 157 155 164 142 156 154 152 157 162 151 144 144 152 154 134 62
101 94 89 96 103 94 78 90 102 101 109 119 127 145 157 143 130 104 91 104 115 109 94 90 94 65 91 76 59 78 84 68 70 80 85 83 88 100 87 87 102 116 132 112 92 87 88 79 83 86 88 95 105 109 103 120 121 132 116 103 115 108 98 84 117 87 91 104 86 98 102 119 144 123 103 114 139 148 141 147 149 149 157 159 154 140 151 188 218 164 142 151 162 148 159 160 148 167 161 161 165 168 163 166 150 145 147 153 152 154 160 154 151 148 143 150 151 146 143 157 154 151 143 147 147 160 135 65
97 99 94 102 92 98 96 97 94 76 94 99 103 104 116 124 115 101 101 103 100 95 110 110 105 98 98 91 82 89 98 78 74 106 83 94 84 80 85 77 83 84 90 96 95 91 87 100 102 138 133 125 107 104 109 122 96 110 113 98 102 116 107 102 92 85 101 103 94 118 128 137 147 136 151 159 150 153 121 127 144 162 178 159 129 144 147 180 180 141 132 146 158 152 164 164 153 152 152 161 157 151 147 152 155 154 155 157 153 158 162 155 152 151 147 151 144 157 144 143 148 151 128 153 141 150 131 70
99 91 88 91 98 96 92 84 83 100 108 98 104 112 112 122 127 126 93 98 99 113 98 92 101 108 89 80 89 81 94 84 84 92 80 84 87 82 84 85 90 89 88 82 86 95 96 96 101 159 143 112 109 113 105 111 88 101 108 92 105 150 125 103 108 91 85 73 84 84 98 117 138 143 152 146 141 144 142 137 153 160 169 153 140 147 138 136 150 164 150 148 140 157 161 167 155 148 154 150 150 142 156 162 162 146 143 163 140 142 151 148 152 152 145 149 142 167 161 157 153 152 138 162 142 138 134 65
88 84 87 87 92 92 101 108 104 96 93 95 112 97 90 110 121 122 93 91 86 101 101 87 84 78 82 80 88 88 82 89 86 87 86 84 87 85 92 90 95 93 83 89 98 94 107 113 104 99 85 86 116 107 92 115 92 94 106 107 109 96 100 92 90 92 99 93 99 113 129 136 145 139 137 132 143 142 127 151 153 145 136 145 143 135 152 149 159 167 149 148 139 154 136 146 145 160 158 164 158 157 154 154 162 153 146 140 143 144 148 155 159 146 147 148 158 148 155 152 160 164 175 157 151 156 124 65
94 97 94 100 100 99 101 101 97 94 88 93 103 99 92 107 112 134 102 86 92 98 96 95 85 86 101 89 87 93 97 99 87 83 77 76 82 81 99 126 130 134 128 145 134 119 107 102 101 118 111 85 98 94 87 94 94 100 93 129 149 125 127 124 126 120 105 98 124 131 128 150 148 140 129 118 132 149 146 147 140 132 136 144 137 146 149 150 150 145 148 158 163 150 155 152 149 147 154 163 158 161 152 146 153 161 151 159 145 144 142 143 152 145 158 151 145 165 182 162 157 156 163 138 159 167 133 63
87 88 85 96 103 121 128 101 85 90 101 98 96 92 84 92 93 106 97 89 112 108 101 90 93 97 99 91 90 92 93 90 91 91 79 88 75 79 99 135 136 130 143 149 146 151 144 119 144 133 114 116 123 119 116 125 126 111 133 132 149 149 150 131 128 139 128 123 147 143 132 149 139 140 128 132 119 136 144 146 133 113 141 145 145 148 158 164 151 144 158 155 161 161 155 160 163 167 156 159 162 163 156 148 150 154 148 143 133 130 137 134 129 153 176 150 146 155 159 149 159 144 155 148 165 172 135 62
78 80 91 94 99 93 88 87 79 85 113 96 96 98 98 88 90 102 119 98 105 96 111 122 100 93 83 89 90 91 94 87 94 101 93 86 97 103 109 111 118 124 122 136 140 140 127 139 146 163 141 133 123 139 162 158 142 145 142 144 133 133 135 128 121 139 145 137 143 163 154 150 145 135 128 120 102 129 136 143 149 137 120 129 131 141 153 143 152 139 149 166 152 146 154 191 167 163 151 157 165 145 148 155 155 141 141 141 142 124 149 142 137 158 168 149 150 148 139 141 151 156 157 162 153 174 137 62
78 83 89 101 92 84 86 95 82 91 97 87 93 96 99 95 88 92 86 87 85 82 87 85 81 102 103 89 95 91 87 103 91 95 94 98 98 107 123 143 143 148 148 148 134 142 137 154 138 140 137 134 124 135 154 144 131 122 125 136 133 132 128 129 124 146 141 149 152 152 162 157 145 148 143 131 87 104 132 136 145 137 136 115 104 138 140 128 126 149 139 161 157 160 149 159 160 149 141 156 149 140 144 140 145 145 147 152 139 134 148 153 144 162 166 166 162 152 159 163 158 157 152 158 175 169 127 61
78 85 89 89 96 104 106 95 83 99 102 95 95 96 92 88 95 92 94 85 89 84 88 85 78 87 85 91 105 134 105 90 93 98 97 98 81 80 99 129 127 144 150 142 144 142 141 145 151 166 162 129 130 135 145 138 129 119 133 140 120 134 130 139 127 156 153 148 146 153 155 156 148 146 144 147 90 98 145 119 140 150 139 123 145 144 157 147 147 140 135 136 151 156 146 162 163 152 155 146 133 142 140 135 145 152 147 158 158 152 147 151 136 144 155 164 166 150 152 155 156 152 166 159 173 168 130 58
82 92 92 76 78 105 105 83 84 96 108 99 109 108 90 87 88 101 84 84 89 84 84 87 84 86 85 81 94 134 102 83 100 97 83 100 103 93 97 112 96 112 131 150 135 144 149 139 144 151 146 126 129 117 120 135 143 137 130 139 138 141 131 132 119 142 149 156 148 166 154 152 163 162 133 145 125 96 132 109 111 135 127 126 169 152 158 158 162 146 159 160 158 146 148 145 125 159 152 136 133 140 141 148 122 140 144 158 143 133 134 140 144 141 159 157 156 177 162 153 152 133 154 140 158 144 123 52
