72 76 78 74 68 80 106 102 101 110 106 122 113 109 116 99 64 73 139 156 152 158 156 164 159 156 166 169 172 165 162 161 172 176 168 175 172 171 168 172 175 170 172 173 175 181 175 178 179 176 171 168 179 183 177 166 165 172 175 174 176 167 168 174 160 162 155 152 156 154 152 155 164 159 151 146 148 148 146 147 151 151 143 134 138 143 147 144 134 132 127 125 127 127 124 125 120 107 117 111 109 111 107 110 102 92 97 63 39 42 41 43 39 30 39 42 42 45 45 39 38 43 38 37 39 35 33 32
75 76 72 70 70 67 102 107 104 108 101 112 113 112 115 94 68 79 136 155 156 153 156 160 162 161 163 164 170 163 163 165 168 167 167 174 174 168 166 167 175 174 179 180 187 182 174 189 187 180 186 186 183 194 188 188 186 189 191 195 197 193 194 193 189 194 197 196 201 196 199 195 196 203 202 199 198 204 205 198 202 203 197 200 202 197 198 202 202 198 196 199 198 203 199 195 193 189 190 192 188 185 189 190 187 187 172 93 65 69 70 68 69 55 58 65 72 76 82 77 69 76 78 74 80 52 30 33
67 69 66 69 65 75 108 111 108 109 109 111 108 112 112 89 67 82 136 157 153 154 159 160 160 160 159 168 167 164 170 166 167 169 167 170 169 173 176 170 176 175 179 182 183 183 180 180 181 182 182 189 182 189 188 182 188 194 194 190 193 198 190 185 191 188 193 193 195 190 195 193 193 196 196 193 197 195 193 194 201 196 196 200 197 199 189 196 200 200 198 199 193 198 197 200 196 190 190 192 193 186 184 181 181 187 164 93 65 64 71 70 70 65 67 60 68 70 81 76 77 82 82 78 79 66 33 38
69 69 69 73 59 69 104 101 110 110 113 108 107 116 111 88 66 79 139 152 157 160 158 165 159 159 163 167 164 166 173 161 165 172 178 174 171 166 176 171 173 176 173 180 185 180 179 182 184 188 186 182 188 184 186 186 185 190 192 192 184 188 193 186 193 191 195 197 197 197 196 197 199 206 196 187 197 192 197 199 194 193 195 198 192 194 206 198 201 192 196 195 193 196 197 190 187 188 193 192 194 192 185 182 187 185 153 81 71 69 65 72 65 67 73 62 54 69 76 77 76 80 83 83 88 72 32 34
69 70 70 62 70 65 98 105 108 109 106 105 114 118 119 93 64 75 134 154 154 157 158 161 160 165 158 161 161 165 164 167 172 171 173 168 173 171 173 166 177 179 174 180 179 183 177 182 186 188 183 183 182 193 186 185 187 185 185 190 185 183 186 194 187 190 197 200 192 196 196 199 198 194 194 195 195 198 201 199 200 193 197 193 201 191 199 200 197 199 196 197 189 193 201 196 192 192 191 193 186 182 188 190 191 183 143 74 63 74 70 71 63 69 77 74 63 58 73 81 85 74 80 81 81 61 36 35
68 69 72 67 72 77 100 105 106 105 114 107 114 112 112 94 69 77 136 158 152 155 158 159 162 160 162 159 163 165 162 169 164 170 165 174 174 173 174 171 176 178 172 176 178 177 183 181 182 182 181 186 188 185 185 184 192 188 189 190 194 189 189 195 197 194 191 188 193 194 194 198 193 193 195 196 193 205 195 198 195 190 199 197 200 196 193 205 199 204 203 165 108 104 162 156 140 139 169 189 189 188 187 191 189 184 132 72 66 69 68 67 65 72 66 71 71 63 60 66 75 79 75 77 83 70 31 30
72 69 67 75 73 70 91 107 115 111 108 106 109 105 115 96 69 74 129 145 151 154 163 160 163 161 162 156 159 162 166 171 170 172 167 174 169 175 171 179 174 174 175 170 178 178 178 180 185 182 181 184 188 182 188 189 188 188 190 191 194 195 195 185 196 193 191 193 194 193 199 193 190 195 195 196 195 197 193 193 191 195 197 195 196 194 197 138 115 165 204 99 79 89 78 79 95 98 96 145 191 185 184 186 182 183 117 65 71 69 62 69 71 72 70 75 69 62 53 56 67 75 72 71 79 64 32 32
69 68 75 77 69 73 105 118 107 102 101 105 113 107 113 100 70 79 128 152 160 158 158 163 161 162 162 159 163 165 165 168 172 174 171 165 167 168 168 170 172 176 180 174 174 175 184 182 185 185 187 186 180 181 186 181 187 187 186 191 191 191 184 189 194 193 190 195 189 190 194 194 194 188 197 202 197 191 199 203 197 200 199 186 193 210 148 59 67 65 101 134 109 73 76 84 73 91 86 108 184 186 188 178 182 173 108 69 75 69 59 70 77 74 65 69 67 67 67 57 58 72 79 78 72 60 30 28
65 75 72 72 67 68 98 116 107 110 105 108 111 111 108 95 66 71 128 156 161 158 158 163 162 166 158 162 161 159 161 165 168 167 166 165 166 173 167 167 175 174 173 173 174 179 181 179 181 183 180 177 179 179 185 182 183 181 182 196 191 186 190 189 189 192 186 190 197 190 188 192 195 192 197 193 198 192 198 197 200 193 130 85 84 138 162 110 73 57 59 66 107 131 95 61 66 84 78 127 184 188 184 181 184 169 103 68 67 68 72 69 68 75 84 65 66 67 66 59 57 61 71 82 78 58 27 31
74 71 75 77 71 71 96 111 107 110 108 110 118 117 117 98 65 75 130 158 158 160 158 155 155 164 162 158 161 166 163 162 169 167 165 169 172 175 178 176 170 175 169 176 173 170 175 185 177 176 181 181 178 183 184 183 179 186 187 187 187 191 187 187 191 188 192 185 197 196 191 194 190 193 194 187 197 196 189 192 197 177 73 60 70 77 87 121 149 131 88 62 56 67 84 99 108 89 87 88 127 189 193 176 183 170 88 57 64 70 73 70 69 73 79 80 64 67 70 65 69 58 62 67 77 60 34 32
79 73 73 66 70 66 97 111 112 106 103 102 110 110 114 99 65 76 135 155 151 160 163 160 161 156 159 166 167 164 165 165 168 170 167 173 174 178 169 175 173 175 175 178 171 172 179 176 186 177 174 186 181 182 187 184 185 187 190 185 190 195 192 191 197 193 189 188 192 193 196 192 196 197 190 192 190 200 193 193 189 197 169 122 87 64 64 64 79 100 144 149 112 71 55 62 108 155 139 93 74 92 144 183 192 158 77 59 56 75 80 72 77 83 79 78 77 67 69 71 68 66 60 62 65 56 29 32
73 72 77 75 71 77 99 107 104 106 108 110 104 112 117 99 71 80 130 155 154 162 155 158 163 160 166 164 170 173 162 169 168 168 166 165 168 174 169 176 173 176 175 173 176 184 173 175 188 183 181 188 181 182 185 188 191 184 185 188 189 192 187 187 183 190 190 192 188 190 189 185 194 192 190 187 195 197 194 194 187 195 197 201 198 167 127 93 72 63 58 90 138 165 130 77 57 63 110 168 140 90 74 104 158 130 72 70 92 142 83 71 70 73 79 83 86 78 70 72 71 69 62 63 62 46 33 30
73 72 74 72 73 78 104 110 111 109 112 112 110 113 116 103 66 73 126 162 160 159 165 156 161 162 171 160 164 172 165 167 166 166 170 169 166 169 174 172 172 172 181 174 176 183 188 175 183 185 187 184 179 182 185 191 182 183 184 189 193 188 185 192 194 187 197 193 183 191 192 190 192 192 193 189 199 197 193 198 191 197 198 198 201 200 199 192 173 128 90 65 55 79 113 161 152 103 67 72 110 162 136 75 83 73 64 56 78 94 71 63 74 85 98 92 78 68 73 68 72 68 69 70 60 46 31 31
69 68 79 83 79 72 104 118 106 111 114 112 105 108 113 97 62 72 132 160 162 168 161 158 161 166 163 166 168 168 169 167 169 174 173 170 163 167 168 173 173 172 172 171 175 174 181 180 180 185 183 177 183 186 188 187 174 182 187 194 193 188 190 190 190 189 194 189 195 194 196 193 189 201 191 187 194 194 202 192 190 200 195 201 205 199 200 192 202 203 197 171 125 92 63 61 107 151 168 115 61 77 101 72 68 62 64 68 73 70 68 95 112 121 91 70 65 64 63 67 65 70 81 72 59 43 34 31
68 63 77 74 69 74 99 117 109 112 122 112 101 114 116 96 62 69 137 169 160 158 162 162 162 159 163 168 164 170 167 161 166 173 172 172 167 170 168 174 179 178 172 174 177 177 178 175 176 178 180 182 186 185 185 182 181 180 191 197 189 186 182 193 186 189 190 189 189 189 187 191 192 193 188 190 189 192 194 196 199 199 195 196 199 206 199 201 202 200 197 196 201 201 170 112 74 76 122 130 126 110 83 85 87 69 75 77 71 81 82 120 115 79 66 61 69 65 65 66 65 70 74 77 69 48 26 30
77 74 71 75 74 69 99 104 103 110 111 108 105 107 113 103 71 70 133 162 159 160 161 160 166 166 166 162 167 164 168 172 167 162 171 168 164 169 170 169 179 183 175 181 181 179 177 181 182 177 187 186 183 185 187 190 188 182 189 188 183 187 195 190 183 180 184 187 193 192 189 192 191 188 192 191 191 189 190 198 197 193 196 199 200 199 202 202 203 198 201 195 201 198 165 154 131 108 104 101 107 114 125 105 77 66 76 86 69 76 78 70 75 70 72 69 67 67 66 69 70 66 75 75 67 52 30 30
69 77 71 78 79 71 103 111 108 108 110 107 112 111 117 99 63 72 134 168 168 167 161 170 167 166 168 165 174 169 176 174 170 177 176 172 168 173 176 168 172 177 183 186 183 179 183 179 177 180 184 178 189 190 180 182 189 188 192 183 186 192 189 187 188 189 183 187 189 188 186 187 188 190 193 190 190 186 188 195 194 191 193 192 196 196 194 199 197 194 201 191 199 158 137 148 156 154 136 109 90 95 91 90 82 61 56 63 63 62 60 60 68 70 74 80 80 69 72 65 71 71 68 73 75 55 34 31
78 70 70 78 74 71 100 114 109 112 118 115 110 111 116 97 64 74 130 163 168 167 159 166 166 164 167 172 173 173 174 170 167 170 169 173 177 175 180 177 173 178 174 168 178 182 180 186 189 188 186 182 189 181 189 185 187 186 178 179 188 191 186 188 192 192 190 187 190 189 184 191 181 190 190 195 193 190 189 194 193 196 194 195 196 195 193 193 196 199 196 189 168 129 137 124 120 134 140 98 99 90 90 100 119 81 60 59 58 65 66 66 59 68 63 68 69 70 69 71 66 66 64 64 62 52 37 38
74 75 74 79 75 73 103 110 110 113 115 117 110 118 117 98 70 67 133 168 165 167 168 161 168 173 172 169 163 172 173 168 170 170 176 175 177 172 178 167 173 178 177 177 179 185 180 186 182 187 184 182 188 187 182 182 183 186 181 180 185 189 182 179 182 190 191 187 190 188 183 191 187 190 189 190 193 187 193 201 195 202 200 193 196 196 195 198 205 198 198 199 165 114 101 104 120 129 95 89 102 123 157 188 163 76 58 58 49 49 50 58 48 51 58 60 67 64 66 68 62 65 65 67 66 52 32 28
70 81 76 77 75 73 105 120 111 110 114 110 112 115 116 107 64 73 141 158 165 164 163 168 170 170 174 171 173 175 170 173 179 168 174 176 177 177 175 178 182 182 180 180 173 179 181 176 182 174 178 184 190 186 181 181 182 181 188 184 178 188 180 183 178 184 190 183 186 188 190 195 194 193 186 191 189 191 188 197 194 195 199 199 193 197 202 199 197 199 192 193 200 127 90 85 93 90 94 112 179 196 195 192 141 76 58 44 47 45 39 52 51 50 55 59 67 67 64 62 68 74 67 69 59 60 36 31
77 76 77 75 80 74 103 113 106 115 109 111 111 112 109 106 73 79 134 168 167 165 166 167 172 173 171 176 179 180 171 175 179 177 183 180 178 175 178 177 176 173 176 179 174 178 188 183 190 183 187 186 193 191 191 193 189 183 184 188 187 182 183 190 184 189 189 188 190 184 181 190 189 186 189 193 192 188 189 197 196 195 195 193 192 202 209 192 195 198 200 212 162 91 84 86 69 88 127 189 193 192 190 182 132 78 56 49 49 43 38 38 57 68 69 57 58 71 94 85 91 98 73 67 69 44 24 28
77 70 74 76 80 70 98 120 108 115 118 118 118 118 118 103 76 82 141 164 164 168 166 169 170 166 170 174 177 175 168 171 173 175 179 185 179 174 182 181 178 180 187 188 184 175 165 150 134 123 115 108 111 118 120 118 137 157 177 184 187 188 181 183 184 184 189 187 184 187 186 185 190 183 184 188 186 189 192 195 192 192 193 191 196 195 198 195 197 189 197 158 103 82 83 81 77 136 202 194 189 191 188 187 136 69 54 47 46 43 41 36 48 47 67 71 64 58 56 78 121 108 75 74 72 50 31 31
78 73 73 78 78 77 99 110 116 117 119 116 118 115 121 104 82 78 137 166 167 171 169 168 173 172 172 177 165 172 179 178 173 176 174 176 175 175 176 180 186 185 166 134 100 70 61 54 50 52 52 48 42 50 55 48 53 62 77 108 145 175 167 180 184 182 179 177 185 185 188 185 184 183 183 187 189 185 187 190 191 191 190 191 189 197 198 196 162 133 151 116 90 85 80 78 137 196 196 199 196 191 189 187 116 67 55 45 41 47 42 39 41 35 49 61 69 68 71 76 82 71 70 72 75 49 32 32
75 74 80 81 83 74 103 118 115 112 109 121 124 121 118 108 74 76 142 159 172 176 168 172 174 178 179 174 175 175 176 184 183 178 181 173 171 174 177 187 145 94 58 50 51 55 52 46 46 48 44 44 44 49 52 48 49 55 51 56 57 83 105 123 165 186 180 180 179 181 183 182 178 179 182 181 183 185 191 189 196 188 189 192 189 197 201 189 157 127 119 119 132 130 84 118 195 197 191 196 203 191 190 176 105 56 54 45 47 45 43 46 39 38 39 41 59 62 74 69 66 74 70 68 71 45 29 39
79 83 80 80 81 76 99 112 116 119 112 120 120 125 118 104 67 73 140 166 169 177 173 173 173 175 178 175 175 174 181 180 179 172 182 177 175 183 151 89 56 52 49 53 48 52 43 50 44 43 45 43 44 48 46 41 43 46 54 55 55 47 64 86 151 177 181 182 181 183 172 187 191 183 184 190 183 189 186 190 190 188 182 187 190 191 196 192 205 166 102 105 123 108 113 180 199 194 188 190 197 188 191 171 95 56 44 50 44 44 44 48 42 41 48 38 43 60 69 73 65 73 74 77 71 43 28 38
74 88 84 77 76 69 91 115 108 119 111 110 120 122 123 104 66 80 141 174 169 171 177 175 173 177 177 177 177 173 176 180 170 176 178 178 169 159 72 53 54 52 46 49 47 40 45 43 45 51 40 47 46 45 48 45 51 47 48 48 49 46 50 53 84 139 179 179 179 177 181 183 180 182 180 186 179 185 185 191 189 191 186 189 193 192 198 202 199 128 82 83 88 101 165 199 200 194 192 190 190 186 189 166 85 55 48 48 43 38 43 40 42 43 41 39 48 51 57 69 76 67 67 74 70 49 32 30
72 81 77 81 77 71 96 121 116 118 117 113 118 121 118 106 77 73 135 174 172 171 170 168 180 170 179 174 178 172 168 174 176 181 175 174 182 119 54 50 49 43 44 42 44 40 39 42 49 44 41 41 43 48 45 40 48 46 50 48 52 54 53 51 59 86 144 178 175 178 190 185 181 173 178 185 182 188 194 190 188 188 187 191 198 190 201 196 146 78 90 86 79 159 198 194 196 193 187 186 192 185 189 155 85 60 50 45 38 39 41 37 35 35 34 39 38 34 37 60 69 77 73 72 74 46 26 34
80 85 78 82 80 76 100 121 116 117 122 118 118 117 124 101 66 76 148 178 166 167 169 166 177 173 178 173 176 172 178 177 175 178 174 179 172 86 53 47 47 43 36 37 44 46 45 42 48 49 43 52 54 56 56 44 46 48 57 54 49 56 53 52 59 75 127 166 175 182 181 178 182 181 188 184 188 184 193 184 184 184 190 185 146 132 165 138 100 81 87 72 140 198 192 187 193 189 192 191 192 188 192 150 72 56 49 48 42 37 40 32 38 38 36 38 37 38 35 39 60 64 68 72 74 47 26 32
77 75 78 84 78 74 97 121 116 116 112 118 112 116 123 108 71 79 149 170 173 167 175 175 178 176 170 169 176 177 178 175 176 175 169 166 139 68 51 46 45 44 48 46 44 46 49 47 49 58 58 63 63 71 64 56 53 51 46 47 47 54 51 48 55 64 114 149 168 169 181 182 178 179 184 184 188 180 185 189 180 190 192 191 149 115 114 135 135 129 98 120 196 188 185 195 194 198 190 186 189 186 191 134 69 58 50 48 55 40 39 42 47 40 41 36 39 40 43 32 36 55 73 73 74 47 29 33
84 80 84 78 75 79 101 120 119 120 116 119 116 121 122 107 74 82 141 173 178 179 176 175 177 177 172 173 183 182 170 175 179 179 178 165 104 63 45 48 48 48 51 49 50 51 53 55 54 62 78 84 88 94 97 80 66 57 48 50 53 53 50 56 55 49 87 147 170 173 179 181 181 176 173 182 177 185 182 178 191 183 175 191 199 184 113 93 118 121 134 183 193 189 188 186 188 199 187 189 188 186 178 127 72 57 45 48 42 39 43 42 44 44 36 42 44 42 47 36 39 46 55 71 78 41 35 35
80 85 81 78 79 77 99 119 130 123 124 112 116 123 117 102 78 84 148 170 169 172 173 175 175 183 175 174 187 177 174 175 176 174 175 162 135 60 46 50 50 45 46 50 50 66 71 82 93 104 126 142 142 142 144 123 96 75 64 55 51 47 52 55 49 52 97 156 167 174 172 179 175 181 173 180 181 179 183 183 181 148 149 152 189 161 80 84 87 89 164 192 192 186 190 185 190 196 186 184 185 194 181 113 68 61 50 49 44 34 37 43 46 40 34 39 38 40 41 38 39 39 35 53 72 45 33 37
78 82 86 75 83 82 96 112 114 121 121 116 113 119 124 110 72 81 152 171 175 172 175 175 174 173 174 169 170 170 176 174 173 179 173 157 127 63 50 48 42 45 47 61 74 91 118 128 140 148 158 165 154 161 162 160 149 129 104 83 57 61 56 53 45 57 124 154 176 171 172 180 181 178 172 171 178 180 182 182 193 132 121 116 130 92 70 80 111 158 196 189 189 190 193 190 199 194 189 192 182 184 176 107 65 50 49 44 46 46 47 38 39 48 41 40 36 40 40 38 39 41 39 40 56 41 34 30
76 84 88 79 80 80 99 111 115 120 113 128 120 127 122 104 72 80 147 171 175 177 174 174 174 172 177 179 173 169 164 171 177 180 172 159 118 67 50 47 48 58 60 75 84 112 141 162 170 171 174 176 169 175 178 178 177 152 134 115 64 53 53 48 56 75 122 155 175 176 173 172 177 176 180 181 179 182 185 177 180 149 100 82 73 79 109 163 194 200 212 198 191 183 186 193 189 190 188 188 191 182 166 95 55 45 49 45 46 48 48 45 42 42 41 38 39 40 34 32 36 40 37 35 39 30 27 31
81 80 82 81 80 81 97 116 119 124 119 118 118 126 124 102 69 75 140 175 174 172 175 176 176 175 175 180 178 170 170 174 169 176 165 151 120 93 65 44 55 70 80 88 103 135 171 178 172 181 186 188 187 181 194 191 182 167 153 127 82 53 52 50 65 96 127 146 166 171 165 179 176 177 179 184 181 185 187 143 102 107 107 94 108 130 165 204 212 210 216 210 190 185 193 191 190 186 183 179 185 187 161 83 55 46 44 45 44 45 44 42 41 44 43 42 44 36 30 38 36 36 35 36 32 27 30 38
93 90 92 92 93 85 92 121 122 121 114 116 120 125 124 112 66 78 146 170 171 170 177 175 177 175 174 177 170 167 170 167 164 168 171 150 120 107 113 71 69 80 82 103 102 105 128 164 173 184 180 187 182 175 179 163 147 140 132 130 85 46 55 60 94 135 138 164 164 164 171 175 177 174 177 178 175 178 185 158 107 85 88 104 137 137 187 204 192 192 202 209 196 189 191 189 189 189 184 185 191 191 150 76 55 46 49 47 51 46 41 40 39 45 44 41 43 37 37 45 42 36 34 41 38 36 32 34
139 133 134 128 136 119 106 119 120 124 121 116 124 122 121 101 74 85 147 176 165 171 173 166 175 170 173 171 166 172 162 168 172 164 174 156 124 139 148 92 72 85 101 112 112 122 116 131 146 168 166 160 159 154 144 126 121 122 123 106 90 57 61 70 129 153 152 168 174 175 169 165 171 176 175 176 175 178 181 181 179 144 86 121 157 164 219 233 227 224 226 226 212 190 188 192 182 189 191 185 180 188 141 74 51 48 52 45 46 44 52 45 43 45 38 40 41 44 40 43 40 36 37 39 37 34 37 38
137 135 143 139 146 129 119 121 120 125 123 127 127 128 121 109 70 79 137 168 162 163 168 170 171 173 170 162 166 169 167 167 166 163 169 163 143 146 144 116 85 105 106 102 103 109 108 114 114 129 143 151 150 129 113 129 123 113 119 118 96 76 70 98 126 157 167 166 173 169 170 166 169 178 173 176 181 177 182 175 174 129 127 159 173 176 152 150 166 198 209 222 218 202 186 187 186 183 178 184 189 186 127 68 49 54 51 48 47 46 44 50 48 45 44 43 40 40 42 42 42 35 36 41 38 32 41 45
136 138 137 139 146 136 117 124 123 120 125 123 123 130 121 111 67 79 137 171 169 164 168 165 167 165 169 168 167 169 163 171 156 169 161 159 156 158 150 146 116 96 114 139 141 140 140 155 136 109 176 146 143 142 140 123 116 148 143 114 109 116 115 138 148 161 164 165 164 167 171 171 173 181 174 177 184 186 177 173 106 98 113 124 124 149 188 192 207 226 224 223 234 212 191 182 180 175 183 176 187 174 114 71 64 56 55 51 48 47 49 51 47 48 42 46 40 44 37 38 46 40 44 49 44 33 34 35
143 138 142 141 143 134 113 122 125 121 128 121 121 123 122 104 75 81 142 167 161 165 166 163 162 165 162 160 164 159 155 161 154 158 153 163 158 158 157 153 135 97 123 139 151 156 143 144 131 109 175 161 156 176 160 150 146 153 146 132 118 126 151 168 171 167 167 168 162 173 170 168 178 173 176 153 151 157 135 100 101 123 144 163 183 186 210 212 206 215 215 223 227 203 197 191 181 180 183 183 184 172 101 58 56 55 55 53 61 56 57 51 59 45 40 48 53 53 48 43 45 46 52 42 48 32 31 27
140 146 146 147 149 129 122 125 123 122 127 121 115 123 122 107 75 76 142 165 159 164 166 166 162 155 161 157 157 152 157 154 155 161 157 156 160 159 156 159 116 89 126 141 144 151 145 122 103 130 182 195 170 157 159 143 137 137 128 123 115 130 145 162 166 172 170 169 162 163 166 168 174 174 166 132 107 132 124 115 135 163 160 156 185 130 171 207 224 231 236 236 231 223 221 212 191 184 185 183 187 167 95 65 57 51 55 50 49 51 58 54 51 50 51 56 57 55 51 50 59 51 52 49 47 35 30 30
140 138 142 142 144 135 124 122 122 118 120 127 128 122 127 112 70 77 136 160 160 159 159 162 159 160 156 154 157 154 152 157 152 152 152 151 157 148 151 137 89 95 101 120 153 182 167 111 112 142 184 198 173 141 147 161 155 140 132 116 117 146 128 143 81 115 130 125 148 160 164 169 163 174 180 172 151 106 125 112 106 115 87 160 182 172 182 187 180 162 206 226 230 230 227 230 214 186 179 182 182 157 90 65 60 55 61 56 50 47 50 54 47 56 53 51 52 58 51 48 56 53 55 59 58 37 35 30
136 138 145 141 139 136 121 125 123 127 131 129 131 133 131 109 67 77 132 159 160 161 157 159 162 166 159 155 160 154 155 156 156 149 156 147 153 156 159 107 71 86 107 130 164 185 148 122 121 135 169 176 163 158 133 134 149 135 114 116 139 126 134 116 104 72 100 78 97 111 112 146 128 160 165 172 110 94 88 97 108 119 109 172 181 180 175 174 180 167 180 211 230 235 236 235 235 206 173 182 181 146 74 66 63 58 62 60 50 53 59 54 51 55 54 61 56 52 60 53 53 61 56 56 60 35 30 34
132 142 145 139 145 132 126 125 121 126 119 118 128 124 122 107 71 72 133 159 163 163 157 165 163 162 160 162 156 149 156 150 156 157 147 148 150 140 123 81 82 75 107 146 166 148 113 133 142 146 163 165 164 163 143 105 115 114 112 107 114 153 150 180 112 72 81 65 100 100 98 121 168 151 157 118 103 99 98 97 104 88 143 184 174 177 168 175 182 184 170 135 196 228 237 239 240 222 193 178 180 141 71 67 62 59 53 58 56 55 48 53 57 58 57 57 55 58 63 57 57 59 60 64 51 36 27 31
140 147 144 136 147 132 119 127 127 121 122 120 124 122 123 107 68 72 133 161 159 165 167 158 161 160 154 153 157 156 161 156 154 155 151 145 100 72 86 88 107 86 78 118 162 140 105 110 108 112 133 135 141 145 118 99 111 107 113 124 95 158 123 111 104 79 112 85 75 115 115 116 147 82 104 98 104 101 95 108 92 111 132 153 169 183 185 179 178 174 185 143 157 216 230 241 236 233 218 183 180 134 72 68 58 62 59 58 58 57 59 60 58 66 61 62 66 62 62 64 64 69 75 70 76 52 29 30
140 135 141 137 149 132 115 123 119 124 120 116 121 118 123 107 66 75 132 152 150 155 164 156 155 153 156 155 151 155 156 155 153 139 131 113 105 73 101 88 94 80 78 71 102 110 123 124 118 116 120 127 121 115 113 108 99 106 125 147 115 119 125 154 134 68 82 83 70 126 97 131 103 106 89 118 107 100 105 107 88 110 103 90 103 136 136 166 196 185 188 172 142 189 222 237 236 241 227 214 182 120 64 72 71 66 65 67 62 65 65 70 69 76 73 72 76 71 80 77 83 86 91 87 92 53 35 38
133 136 133 141 138 135 119 115 122 118 119 115 121 121 122 104 71 75 130 152 158 158 157 148 149 151 149 154 152 150 151 143 128 164 82 146 132 76 75 72 98 67 80 69 46 65 94 127 147 151 143 133 135 121 98 80 81 99 112 125 159 109 107 131 64 86 132 88 87 78 118 97 113 97 100 86 106 97 103 96 89 102 137 87 117 152 116 154 153 160 156 168 155 176 212 234 245 238 236 230 211 108 65 77 84 80 75 80 82 84 79 85 83 84 86 93 92 100 103 103 108 110 113 113 115 67 40 35
138 138 140 137 138 140 125 116 117 119 122 116 121 126 121 102 72 76 127 158 158 154 156 156 153 154 157 152 152 152 138 126 134 137 104 120 162 89 76 89 93 87 99 81 78 55 71 84 106 113 115 108 97 97 79 67 114 132 73 113 119 118 126 164 98 85 111 85 80 95 95 95 110 103 104 85 87 101 96 97 94 105 108 76 77 139 116 122 103 140 109 106 145 155 199 215 233 239 241 236 222 179 84 88 93 89 93 88 92 99 90 91 93 97 102 106 101 99 106 116 123 128 124 128 125 75 47 31
131 136 145 138 137 136 123 117 119 121 112 120 116 123 125 98 66 73 127 151 157 153 154 162 151 156 155 149 139 135 97 87 143 108 108 99 114 81 92 81 74 89 105 58 77 74 67 72 68 74 89 92 75 80 73 67 101 104 111 136 115 167 150 148 123 111 84 90 92 97 80 106 87 108 89 100 99 93 86 77 108 103 111 87 129 132 116 117 102 87 69 80 120 134 193 208 218 238 242 234 225 233 159 101 101 99 99 97 103 101 105 107 106 112 115 110 112 113 114 115 125 126 131 132 129 84 49 34
127 128 136 135 136 131 124 119 117 116 121 120 119 122 125 102 65 75 127 159 162 154 147 156 156 154 159 143 98 115 136 144 114 154 122 104 111 157 107 91 120 104 99 103 80 85 91 75 67 80 84 86 75 73 79 103 138 111 158 133 151 156 125 79 137 65 74 85 102 74 112 82 97 74 99 92 104 84 88 82 83 88 78 91 88 94 94 119 111 85 111 90 69 102 153 199 214 226 236 238 233 227 215 150 111 117 123 121 123 118 120 120 126 123 124 128 123 131 130 135 140 139 144 146 137 81 52 35
132 129 134 129 134 135 117 115 120 114 115 117 116 115 117 93 62 67 118 149 146 149 140 144 146 148 146 132 107 105 109 100 105 141 124 104 100 170 139 107 113 131 97 130 109 87 107 126 79 61 78 89 92 82 104 142 121 137 118 117 157 131 76 73 91 99 88 106 86 101 91 97 92 88 79 94 87 86 95 94 92 86 92 73 108 137 108 85 88 67 86 96 68 108 126 187 207 219 233 242 239 237 220 220 170 124 131 133 137 138 137 138 149 144 140 153 145 147 150 146 153 153 155 156 153 90 59 40
94 100 96 103 103 104 95 90 95 96 108 108 109 112 109 91 66 64 70 82 82 90 83 92 94 107 110 110 131 139 130 105 166 117 120 123 123 112 124 113 87 139 121 101 98 119 110 105 103 95 64 80 79 89 90 94 114 143 106 90 69 80 96 110 113 118 132 114 110 104 94 113 91 99 91 90 80 76 87 82 105 119 106 73 121 156 101 110 104 107 71 75 70 123 128 166 199 216 233 240 244 239 226 219 212 150 149 151 157 162 155 159 164 158 170 164 160 168 165 163 169 168 165 166 154 85 65 49
87 88 91 78 78 74 74 70 68 72 75 76 77 78 77 71 68 66 62 68 63 65 63 61 65 116 113 111 175 132 115 154 108 135 115 177 136 102 130 101 129 130 74 93 107 179 141 79 117 126 99 64 73 98 96 97 163 167 82 73 89 107 115 113 116 124 126 124 136 115 117 93 102 97 118 106 104 100 89 80 67 100 87 83 100 142 112 93 65 75 59 63 149 136 96 147 191 209 228 241 241 241 236 205 206 196 165 168 165 166 168 171 178 175 183 180 179 175 166 163 174 175 174 169 163 88 72 51
107 103 110 106 105 102 107 100 106 107 100 97 97 97 91 95 88 88 81 84 83 81 78 78 119 98 96 89 126 155 111 124 90 174 132 143 152 126 128 124 141 112 108 145 106 120 116 143 96 97 160 74 98 84 100 93 70 74 97 111 112 112 110 115 127 131 119 132 119 133 114 128 112 112 115 112 123 122 99 80 65 72 78 125 135 107 104 106 62 80 61 90 103 137 101 123 191 205 222 235 246 243 240 206 189 179 154 166 169 174 179 181 192 192 193 194 190 191 188 186 185 189 187 182 175 93 72 53
112 108 111 106 108 102 101 101 109 109 110 117 122 109 116 116 111 115 110 113 113 113 107 98 133 110 105 102 154 126 129 114 96 121 151 146 125 60 91 100 127 130 89 112 138 142 91 105 89 76 82 78 116 87 65 82 92 105 111 103 110 116 111 117 138 123 141 124 134 127 129 132 143 126 113 107 110 119 96 79 62 81 104 123 110 84 75 108 72 69 68 98 132 112 187 148 168 214 224 234 244 237 232 222 214 226 220 209 176 188 174 190 191 189 193 188 198 199 199 202 203 204 200 203 196 93 78 63
109 107 109 103 98 101 107 109 108 108 111 112 109 114 109 114 113 119 112 114 111 110 118 121 137 116 97 124 119 124 112 162 130 92 120 142 100 118 141 125 87 117 103 124 144 101 128 108 75 101 85 70 78 83 92 103 102 99 106 114 110 110 112 126 123 139 132 137 139 126 131 137 132 109 117 125 123 99 88 87 88 102 137 126 97 85 68 70 71 67 109 94 141 206 107 162 144 191 216 224 236 240 239 182 223 214 231 227 184 195 189 200 201 203 201 203 204 208 207 205 198 195 196 197 191 94 78 65
115 111 107 101 99 106 112 110 111 107 112 108 108 114 118 114 121 122 114 115 117 117 122 139 141 105 112 150 171 163 138 115 160 156 124 110 96 121 142 117 99 92 89 70 152 101 81 99 82 94 77 73 88 94 97 92 100 106 110 118 113 117 121 118 127 137 119 141 129 133 132 145 123 110 126 132 124 97 96 95 97 95 130 115 86 104 104 69 78 92 84 97 104 150 163 203 127 188 204 219 233 242 233 211 184 219 212 205 206 174 184 185 196 196 201 210 204 208 213 214 213 208 202 208 198 99 88 72
109 104 109 110 109 112 112 114 111 109 110 116 115 118 111 114 114 118 122 116 119 103 153 127 101 117 120 101 119 138 199 192 157 169 136 123 96 121 115 130 138 47 73 61 78 93 83 51 65 69 89 89 86 91 100 101 101 104 108 148 116 120 118 112 138 120 141 131 135 126 134 125 114 123 129 132 131 103 92 79 72 106 98 105 75 73 80 61 78 93 98 109 141 116 192 182 123 187 183 208 226 238 185 167 207 216 231 208 197 180 181 186 188 185 190 193 195 188 190 189 195 199 199 198 190 97 78 65
97 106 105 109 108 105 113 117 111 110 116 116 112 115 113 118 115 110 110 123 114 124 115 131 137 120 146 162 186 128 118 165 132 89 90 106 90 69 94 79 79 65 97 80 62 73 62 67 76 86 94 93 96 92 91 98 102 104 98 167 150 114 114 135 118 126 134 131 133 134 132 118 121 120 131 132 125 108 93 89 98 92 91 90 70 74 69 51 80 80 83 91 174 187 175 196 181 145 161 189 208 181 129 172 227 196 223 222 187 177 183 186 185 182 187 192 189 191 196 195 191 191 190 195 181 92 78 67
102 101 97 112 114 107 108 113 117 109 116 118 109 107 107 113 114 111 110 121 104 89 113 94 138 111 114 134 110 109 136 112 191 160 112 110 81 101 96 115 70 73 100 67 68 66 72 82 91 90 92 100 97 99 91 86 90 95 103 158 137 106 140 129 115 129 121 126 113 132 117 118 121 124 128 132 126 114 90 87 95 106 73 78 67 74 87 71 68 94 97 139 173 141 143 193 181 169 187 148 143 114 127 220 236 201 198 222 187 179 184 185 184 190 186 178 178 178 184 180 176 179 176 181 169 88 68 61
104 106 111 108 106 106 109 112 110 112 112 109 112 110 114 114 116 119 116 121 135 130 118 100 109 119 111 136 154 109 126 150 159 128 93 101 102 82 61 72 107 77 104 77 71 79 80 86 87 86 88 92 95 110 139 140 135 125 128 148 111 114 140 135 149 106 122 119 127 120 111 125 122 129 127 131 126 116 93 89 84 92 73 65 96 83 80 75 68 74 89 155 197 117 156 169 171 230 186 124 103 104 113 230 211 179 166 191 186 179 176 181 185 181 179 171 184 190 188 180 175 181 183 188 168 90 70 62
103 107 111 108 111 115 106 111 108 108 103 102 115 114 111 117 112 114 118 113 146 143 105 107 110 110 80 122 125 136 113 124 135 108 165 147 105 87 59 70 85 68 56 70 89 83 78 83 85 92 89 92 91 97 102 131 152 138 128 103 95 83 108 133 142 145 112 111 116 102 122 111 117 124 132 138 135 127 93 97 92 68 64 71 72 77 77 65 118 94 93 191 188 155 127 183 166 203 168 140 66 70 140 218 189 209 188 185 184 180 185 183 183 182 179 179 184 183 186 181 188 182 179 182 173 88 65 62
101 104 108 109 110 106 111 115 116 106 109 114 111 113 114 117 112 114 111 111 136 138 125 130 138 121 119 109 121 182 164 98 121 144 124 109 78 66 60 59 75 57 68 83 85 83 85 85 89 91 87 92 93 88 94 96 87 104 97 100 95 63 64 79 119 144 148 133 95 101 112 118 119 122 134 131 141 125 94 97 69 72 69 69 83 150 97 78 94 89 97 189 171 189 123 139 178 220 178 128 78 81 176 234 208 218 175 186 174 176 181 179 185 180 184 188 182 180 180 175 185 186 178 183 172 91 70 64
108 104 105 101 108 106 108 112 112 112 112 113 114 113 111 113 107 112 104 116 132 131 127 164 139 111 154 176 177 160 146 109 134 132 193 153 89 58 58 68 70 72 78 85 81 88 89 86 90 88 84 92 92 94 93 93 99 97 89 139 165 64 63 64 72 88 127 151 133 121 151 149 125 116 120 133 128 128 94 101 66 60 71 125 93 117 112 80 67 118 85 134 147 225 171 186 178 190 171 130 143 101 145 192 222 223 196 184 185 179 175 186 184 177 183 179 179 185 177 181 181 180 184 185 166 88 59 72
106 108 107 107 102 102 106 110 103 109 107 106 115 112 115 108 114 116 106 140 145 117 117 125 161 111 170 148 146 124 125 182 163 163 144 168 126 74 61 66 78 83 82 89 86 88 93 85 91 92 89 92 91 93 73 87 106 106 132 196 164 66 68 66 64 61 71 89 140 172 130 99 109 114 116 120 128 126 98 107 71 62 69 105 82 126 125 93 87 82 70 84 117 210 162 164 157 128 209 211 119 81 169 189 208 203 180 183 183 184 180 173 176 179 182 181 176 183 185 190 181 180 188 189 167 87 64 58
102 106 111 111 107 105 108 109 112 101 102 104 113 110 111 119 110 111 141 141 89 129 159 175 132 137 151 101 129 88 149 154 100 115 197 158 159 92 62 83 82 84 89 90 85 91 89 81 92 87 86 90 103 125 128 157 182 187 192 186 94 69 69 62 63 65 64 62 78 139 151 112 106 116 116 121 119 116 104 115 80 58 59 78 94 137 75 76 86 111 103 79 122 173 156 128 133 144 195 146 167 188 228 225 185 199 186 184 187 186 185 177 179 180 183 176 180 179 179 190 182 184 189 180 173 86 64 58
103 107 108 108 99 110 108 106 111 104 107 107 114 112 114 114 108 103 130 109 95 100 87 104 139 133 103 130 101 92 128 128 144 96 130 162 106 67 74 87 87 91 87 84 83 88 82 84 86 95 119 150 164 190 207 208 200 184 144 80 61 54 59 56 58 63 59 66 64 89 139 157 120 110 116 122 127 117 95 110 93 75 49 97 81 93 69 114 87 95 101 78 108 192 188 146 199 146 229 159 220 170 210 221 187 192 180 182 180 181 184 185 184 184 183 184 182 183 183 187 177 175 180 177 178 87 59 62
105 100 101 105 110 106 103 109 112 108 111 113 114 107 109 106 115 108 85 147 96 131 118 85 106 130 94 101 116 106 107 134 149 114 135 191 100 72 73 81 87 83 79 87 76 80 81 100 123 156 172 164 167 172 186 173 126 94 65 62 69 59 65 62 66 71 65 67 64 67 114 140 159 131 117 127 131 133 100 114 100 85 75 88 102 124 80 88 78 79 93 146 96 159 177 173 203 170 209 147 198 115 153 187 209 184 179 190 192 181 191 186 186 183 179 191 188 185 187 184 182 180 180 178 180 82 61 68
102 107 106 107 106 102 111 109 110 107 106 105 110 108 109 110 116 109 108 95 130 131 115 171 160 97 101 160 153 127 136 124 116 128 138 158 105 78 85 78 77 78 89 102 117 136 148 151 164 174 172 169 167 166 171 183 177 158 130 99 68 60 67 63 62 65 68 65 70 65 72 130 141 153 146 116 130 127 112 140 101 87 84 81 111 102 111 112 100 109 90 114 94 130 129 179 175 181 186 197 215 183 155 198 185 168 183 185 189 180 184 184 181 184 193 188 186 187 187 187 189 183 182 187 171 83 61 67
105 110 106 102 106 113 116 110 108 105 113 114 110 110 109 110 112 113 113 111 99 146 167 118 122 90 111 126 157 183 136 111 129 141 143 141 79 72 80 86 96 115 133 147 156 172 167 168 169 175 181 178 170 168 169 176 195 208 215 202 184 165 131 92 76 61 68 65 71 64 65 85 140 132 157 149 121 123 113 145 110 105 98 80 120 75 74 118 102 68 122 116 102 112 149 201 179 168 189 177 158 176 242 227 174 171 185 189 187 179 183 189 179 188 191 190 188 189 188 184 186 193 193 194 170 80 60 60
105 108 107 102 105 111 112 111 108 104 106 112 110 108 113 105 111 108 116 113 95 79 94 157 131 175 166 159 123 66 110 111 131 133 172 134 103 107 110 115 117 124 131 134 156 177 170 172 172 182 182 179 171 171 176 186 194 211 215 194 194 204 193 200 195 163 116 90 73 65 76 80 114 135 128 149 142 127 114 139 109 108 84 73 78 121 131 92 119 121 100 110 125 106 118 189 198 222 205 218 206 177 203 168 215 187 183 185 191 189 185 188 189 186 187 193 185 184 189 193 186 186 189 192 176 85 63 50
108 107 110 117 110 103 110 107 113 115 110 113 115 115 115 108 112 110 106 112 65 81 114 122 133 185 155 160 137 166 164 136 115 146 161 116 118 119 110 107 109 117 123 134 155 165 170 170 170 172 184 181 168 162 160 167 194 218 224 191 162 171 173 170 182 212 226 224 183 123 113 111 118 120 122 127 127 129 115 117 125 101 78 97 89 139 135 132 107 112 94 91 132 93 80 149 136 187 194 184 216 195 126 132 172 179 189 196 188 190 187 185 189 181 189 198 192 196 195 192 187 188 188 188 168 88 76 65
107 107 108 107 104 108 108 109 105 107 104 105 112 114 112 115 109 115 114 95 79 82 169 106 78 91 112 148 121 202 167 120 139 121 119 117 119 113 113 110 106 119 123 132 144 150 166 167 171 174 180 175 167 156 150 161 186 203 210 205 203 209 204 185 125 131 157 168 184 146 110 121 113 120 123 120 128 120 109 106 161 133 74 75 88 79 135 132 78 88 132 88 82 102 133 125 101 154 193 212 198 119 147 226 165 193 187 186 185 184 191 190 184 192 186 197 188 188 195 187 187 186 192 187 177 83 68 66
107 111 111 111 113 111 113 109 110 104 111 112 107 114 113 113 110 103 113 93 92 121 105 103 143 98 157 121 85 139 97 159 158 116 112 117 118 119 119 121 128 125 133 148 152 167 156 148 150 142 160 164 162 156 153 161 201 209 203 173 177 158 155 142 119 119 127 124 112 109 112 120 121 118 122 123 121 107 109 101 165 174 77 99 115 88 98 117 80 80 105 92 123 123 120 108 98 125 128 218 246 149 146 216 225 194 180 182 185 184 190 193 190 191 186 190 184 188 195 185 192 186 185 190 170 82 67 74
111 106 113 118 116 106 106 109 115 107 110 111 106 110 112 113 111 109 109 97 83 79 91 101 115 77 107 111 96 139 145 129 134 113 125 123 121 125 139 135 155 156 154 156 149 126 99 100 109 81 81 110 140 151 160 183 203 193 181 136 106 100 98 107 116 122 116 116 103 108 114 115 116 113 119 122 127 109 115 100 142 188 105 116 106 112 108 109 114 88 104 118 103 80 96 84 119 210 155 212 201 169 186 206 239 156 195 185 191 182 183 193 189 196 186 187 192 185 186 189 191 188 183 193 173 85 77 67
111 110 107 112 114 111 115 110 118 112 114 109 117 115 107 108 113 112 101 89 87 86 90 103 80 100 102 150 114 118 150 88 102 129 130 127 133 132 144 159 158 143 116 93 93 99 94 111 99 79 60 56 56 64 83 110 116 106 109 98 97 101 103 111 106 112 115 111 107 112 110 109 111 110 122 113 120 97 114 100 129 164 165 92 72 73 99 90 157 137 95 142 95 109 104 115 127 137 143 236 213 166 181 167 218 144 193 189 183 183 185 187 186 194 191 191 194 190 190 186 182 190 181 190 172 85 81 56
104 110 117 115 112 118 110 106 114 118 117 116 115 109 114 116 112 106 103 94 83 100 113 112 115 114 92 130 93 103 114 103 112 120 127 131 146 148 141 121 96 83 92 92 97 99 110 96 95 111 97 82 79 71 66 79 93 104 104 97 101 101 95 105 108 105 119 107 111 107 110 113 114 116 114 119 117 91 95 121 130 145 176 140 104 83 118 102 122 150 93 101 88 109 141 123 125 105 201 215 165 221 183 115 189 171 152 193 186 183 190 185 189 192 187 189 189 187 191 182 188 192 189 187 165 73 72 55
88 95 104 107 111 108 109 113 113 114 115 121 119 122 124 114 115 98 87 83 78 104 106 101 93 112 120 161 138 131 128 113 116 123 122 130 129 121 80 82 87 88 90 96 95 107 102 90 106 106 88 95 100 100 108 101 101 99 93 97 95 97 97 104 105 111 111 111 108 106 112 111 112 115 111 116 100 91 87 140 148 148 171 159 139 107 121 140 100 106 130 97 88 136 119 107 146 143 156 207 175 182 198 161 217 190 153 210 195 188 192 188 194 192 191 192 197 187 199 189 182 185 189 194 173 81 75 49
68 73 68 73 75 79 81 73 79 80 80 85 89 93 90 93 125 120 98 93 92 82 108 94 92 87 104 98 123 155 74 66 65 97 84 102 125 93 76 79 86 87 86 92 101 94 88 105 105 85 106 105 91 100 101 107 105 85 91 98 96 95 103 101 103 103 96 104 105 109 112 106 110 113 112 114 94 90 99 137 146 163 169 160 162 152 122 145 90 95 132 128 74 130 139 130 119 167 212 139 150 202 221 151 137 176 176 197 195 192 186 191 192 188 193 194 188 186 189 192 187 186 189 193 169 75 75 47
120 114 114 111 109 112 108 106 105 99 107 93 91 96 86 83 108 89 82 86 83 89 86 92 93 95 108 110 119 112 65 58 55 65 81 90 119 71 78 82 86 91 86 97 94 83 98 103 82 100 109 97 97 95 95 106 104 90 92 96 96 95 96 98 102 110 100 104 111 104 108 109 111 112 107 108 89 97 138 159 163 190 157 156 163 138 100 92 88 87 128 145 117 110 114 130 165 132 182 158 225 153 220 134 88 166 180 196 185 182 181 181 190 189 184 188 187 186 190 187 187 187 189 191 172 87 74 48
117 116 119 122 116 124 121 120 123 125 127 122 123 127 112 92 106 93 75 99 90 72 90 84 72 115 120 127 66 75 83 77 57 83 143 86 69 74 79 78 77 80 91 104 82 94 108 92 87 101 97 91 101 94 100 103 88 91 100 99 101 98 99 100 98 108 105 104 103 101 108 107 115 105 108 110 90 129 197 188 180 194 155 157 161 160 131 122 154 83 114 122 96 95 112 109 162 131 163 167 106 136 250 180 126 161 185 196 173 194 187 184 193 193 188 197 191 184 194 188 184 187 189 189 164 87 70 44
116 120 127 125 120 124 122 122 122 129 120 122 127 125 117 114 146 68 105 113 87 83 79 90 81 99 105 111 72 115 83 101 116 110 74 77 78 77 76 84 104 79 92 83 83 101 93 75 96 94 91 94 89 94 108 101 96 97 100 99 99 100 93 98 99 103 102 107 109 105 108 101 110 107 118 92 90 157 170 165 192 214 168 159 162 173 168 167 134 93 104 105 108 152 99 109 173 195 207 220 135 159 158 189 131 157 137 202 207 184 191 187 195 193 189 192 193 200 200 190 198 195 193 200 182 89 62 49
113 119 121 123 123 124 115 122 129 126 121 125 130 126 115 94 108 109 133 82 86 84 80 77 80 89 97 76 86 81 96 128 102 93 66 66 75 75 71 95 175 189 139 77 84 86 84 94 100 94 99 96 87 99 99 86 91 101 90 93 98 99 95 93 101 101 99 103 102 112 103 107 106 107 101 89 104 143 169 198 212 228 188 155 166 169 166 166 167 127 120 109 104 120 98 123 162 191 168 161 134 152 171 144 145 175 102 161 203 197 190 186 200 199 194 194 193 192 190 184 193 191 192 195 174 87 60 49
118 116 113 128 127 115 120 128 128 122 115 120 121 97 84 82 84 110 101 113 90 87 63 87 78 76 80 109 150 129 85 71 70 79 72 61 74 81 72 89 139 135 184 185 150 87 87 92 92 94 93 90 99 110 91 87 88 97 104 101 98 91 91 93 94 104 98 96 102 106 102 102 103 112 81 103 146 162 190 213 221 221 195 105 102 104 106 116 125 137 139 136 121 103 106 166 173 193 186 153 217 185 158 153 153 122 91 104 195 197 189 191 199 191 194 196 195 190 195 187 196 197 196 192 171 90 59 41
116 120 123 121 117 118 118 119 121 123 119 112 120 123 90 106 109 115 89 95 87 114 122 109 119 89 83 111 123 99 79 70 75 75 83 87 84 81 68 116 142 90 117 147 186 196 157 87 83 99 96 93 102 92 90 95 94 89 102 98 95 100 97 97 89 106 100 103 101 101 102 105 107 88 105 147 159 192 219 227 223 227 207 122 101 110 101 101 99 93 94 98 114 131 144 167 151 167 126 122 131 138 155 129 150 124 123 122 187 199 187 189 195 182 187 190 194 196 199 201 198 196 204 197 174 88 60 43
118 119 129 120 120 120 128 122 130 128 121 120 120 122 107 88 127 105 116 76 95 101 79 96 103 78 88 96 80 78 101 109 116 112 109 108 69 65 69 78 58 101 161 104 112 156 180 209 178 108 78 90 97 85 102 98 92 92 94 97 92 97 93 93 101 102 92 105 102 102 101 110 92 97 155 156 179 215 235 230 224 228 210 155 140 142 149 146 147 151 150 157 158 157 169 152 138 128 127 175 169 125 171 173 140 124 115 199 225 189 192 192 193 189 186 193 196 188 191 194 197 192 200 193 176 80 51 44
125 121 127 120 116 126 120 118 125 124 116 123 122 113 120 104 102 96 104 74 91 86 101 123 132 100 102 88 92 106 115 119 121 122 125 99 68 79 78 69 62 89 80 73 168 148 96 151 180 210 184 121 79 93 98 93 96 91 97 98 97 91 89 89 100 101 95 100 103 102 113 96 82 146 164 171 210 228 230 224 221 226 226 159 135 139 146 147 143 147 156 164 165 162 168 159 109 78 93 98 157 131 178 118 118 150 113 171 172 193 188 192 198 198 197 193 199 202 197 197 205 200 201 195 184 77 47 41
124 117 117 125 123 120 120 123 120 127 125 127 124 117 118 107 85 87 76 104 93 99 100 98 79 104 132 133 124 116 126 133 138 146 140 115 83 68 72 75 77 75 73 86 108 69 141 172 94 138 189 216 139 83 94 97 101 97 101 95 96 91 95 102 106 102 98 101 102 109 93 94 139 155 169 215 230 225 235 233 234 239 237 183 135 141 142 146 141 147 147 155 166 160 168 164 105 79 89 77 75 93 107 157 172 172 160 170 182 193 184 193 191 189 189 192 191 198 199 193 198 199 200 198 175 82 50 41
118 121 121 121 122 121 124 124 117 121 119 121 120 111 85 61 72 89 75 78 82 94 155 169 122 144 168 197 186 170 156 146 160 182 187 173 153 94 55 55 67 69 80 75 69 76 97 87 129 215 139 80 103 95 95 91 100 102 95 88 96 96 104 106 104 102 107 109 106 90 111 178 189 164 183 234 226 231 236 237 241 241 236 197 135 146 144 141 139 148 155 153 162 163 163 160 97 77 76 72 74 77 93 171 184 185 193 180 186 194 188 187 189 188 191 186 195 199 184 193 194 196 194 203 172 77 58 42
117 123 122 125 121 118 123 117 114 115 125 117 118 119 69 46 53 76 73 96 90 149 196 213 158 161 174 207 217 213 212 197 192 202 203 192 200 140 83 71 55 51 58 76 88 74 71 69 125 111 81 76 92 98 90 93 96 98 91 93 97 101 104 106 108 105 104 95 92 152 201 195 205 167 205 239 226 225 229 238 245 240 240 204 125 144 145 149 149 147 157 156 163 164 161 165 102 68 77 74 76 83 100 169 182 176 183 185 189 195 196 186 186 200 187 189 196 191 194 194 197 197 194 206 170 76 47 44
122 119 119 121 120 121 129 122 115 121 114 116 118 116 66 52 55 62 93 93 165 206 183 211 188 155 167 206 228 215 209 211 213 216 216 211 186 109 99 96 73 56 56 56 68 75 74 73 79 81 85 77 91 103 91 91 96 86 97 95 94 99 108 108 109 101 87 120 193 200 193 180 203 198 220 244 240 230 228 230 237 243 240 210 137 142 138 146 152 149 150 155 166 163 162 151 85 73 84 73 77 74 91 165 179 175 185 183 184 190 200 192 188 191 186 192 194 192 193 187 200 196 184 196 171 73 58 53
122 117 118 119 122 110 115 119 126 117 118 116 121 104 57 55 59 84 81 125 212 196 172 195 216 159 162 180 224 225 215 221 219 232 202 193 149 118 108 102 95 90 77 61 51 50 56 70 74 82 86 118 179 138 92 86 88 83 90 89 97 98 98 87 93 104 144 191 214 200 199 212 241 233 235 245 237 229 233 233 236 244 244 222 147 140 147 143 157 152 162 152 170 164 168 150 80 77 77 73 79 79 91 165 180 172 190 188 182 186 189 193 184 190 185 195 188 191 191 190 197 191 191 190 169 78 58 53
120 122 125 122 118 120 113 122 129 117 120 122 125 100 73 70 78 96 125 205 208 180 168 186 225 196 185 181 214 238 230 231 232 236 207 201 193 164 125 113 105 93 88 74 70 58 49 59 65 62 132 199 138 84 89 78 76 81 79 74 67 78 108 153 208 226 235 241 243 241 245 248 247 249 249 248 243 237 234 235 240 244 246 225 142 142 147 141 152 151 160 159 172 173 171 157 80 85 83 74 75 78 90 168 181 175 192 193 191 192 189 197 193 200 190 200 195 195 203 197 204 195 199 199 177 84 59 50
125 118 116 120 123 125 123 125 121 167 220 221 208 203 207 206 207 213 225 230 227 230 231 226 226 229 230 225 232 241 246 248 250 248 238 224 217 225 213 179 137 114 98 92 82 81 70 72 68 64 104 89 62 63 69 72 72 81 88 111 142 179 214 209 241 237 242 241 248 247 252 249 242 248 249 249 245 241 240 241 239 243 245 223 147 147 144 142 146 151 159 160 167 169 166 150 74 79 81 76 78 82 99 170 183 178 181 191 183 187 189 193 185 194 196 200 190 190 198 196 197 198 198 198 183 81 53 45
119 121 121 118 116 121 120 116 135 232 239 238 232 234 231 237 237 233 230 230 239 238 237 233 232 232 234 235 243 247 250 253 251 249 235 231 223 231 229 229 236 210 155 116 95 91 84 79 86 77 66 67 78 80 83 95 112 117 136 182 196 206 218 218 224 230 233 245 249 248 251 249 242 247 252 249 243 244 243 240 242 239 245 232 155 144 153 148 159 158 157 160 170 170 164 153 77 82 86 69 76 74 98 173 187 174 185 191 189 192 192 187 183 194 191 193 189 196 191 194 188 196 197 191 183 84 54 47
119 124 124 117 124 122 115 130 220 238 230 233 226 234 228 233 236 230 224 232 231 235 229 229 228 231 234 239 246 250 251 252 251 250 252 240 227 239 239 233 243 249 246 221 158 119 112 102 88 80 76 82 86 106 140 116 119 145 188 209 210 209 208 217 225 243 249 250 249 250 247 248 248 248 252 251 244 248 245 247 249 240 241 210 150 148 152 151 158 149 154 168 171 169 179 150 79 79 78 69 72 74 96 173 183 175 187 182 201 195 204 189 195 196 192 194 195 204 198 197 197 202 196 195 187 75 55 51
119 121 126 124 118 126 125 190 241 238 233 228 228 227 235 237 229 233 226 228 229 236 234 227 240 236 236 239 243 250 249 252 251 249 253 249 250 247 244 247 251 248 250 250 250 241 235 224 213 203 179 168 161 184 216 212 205 194 193 203 206 216 213 218 221 221 239 249 250 252 251 249 247 250 250 251 250 249 246 250 248 241 244 179 139 148 150 151 156 146 152 168 167 167 169 143 73 79 82 71 75 75 93 167 180 177 185 178 193 195 204 196 196 191 191 200 198 201 198 197 198 201 202 209 194 88 60 44
123 121 118 116 117 116 164 236 233 231 231 229 230 237 231 232 230 231 227 224 231 231 228 232 236 233 240 240 244 250 252 252 252 250 248 248 245 241 241 247 250 248 248 244 250 249 250 253 254 255 255 255 252 254 246 250 250 243 243 244 241 241 237 238 218 201 219 250 247 250 249 239 250 252 248 250 249 250 249 248 247 242 231 149 141 144 156 155 157 154 156 169 168 175 174 145 74 78 78 72 79 73 93 172 182 176 185 185 189 190 200 191 194 198 201 193 201 209 196 197 196 202 203 200 192 85 52 50
125 123 119 120 123 138 228 233 230 225 222 227 234 234 230 236 239 225 225 230 224 226 230 231 230 232 237 244 251 249 251 250 250 252 251 247 194 219 215 236 242 244 234 238 249 249 248 249 251 248 248 247 251 247 247 250 248 251 248 246 252 253 249 250 222 207 216 237 237 240 233 189 251 245 250 247 247 251 246 248 244 249 214 133 145 150 159 157 160 168 158 174 177 183 177 143 73 80 83 74 73 75 90 170 188 176 186 188 195 193 203 191 196 191 198 201 202 209 200 197 199 210 204 202 187 88 60 48
115 125 120 123 119 200 237 225 232 225 229 231 231 232 237 240 232 229 233 235 225 225 236 228 235 236 236 245 250 252 252 251 249 248 249 247 239 245 240 242 246 245 240 241 243 247 240 249 225 225 224 241 240 243 239 241 247 245 245 243 247 250 249 250 232 231 224 158 131 134 137 203 251 248 244 247 252 251 246 244 247 248 162 145 152 159 154 167 155 169 165 183 180 177 175 142 80 80 76 73 68 80 90 174 194 180 192 187 195 190 199 196 199 186 202 202 203 200 203 209 203 203 199 208 191 89 55 47
123 119 131 122 175 229 227 231 228 221 226 231 232 235 236 229 226 228 230 233 221 231 239 228 225 235 245 248 248 249 251 250 251 252 249 250 247 250 250 249 250 250 249 249 250 251 249 248 244 248 247 247 239 249 235 237 239 231 245 245 244 244 246 245 237 239 230 150 115 114 132 219 253 252 250 252 251 251 248 248 252 179 82 122 156 158 160 167 161 173 174 190 186 195 193 140 76 81 71 67 74 83 93 171 192 182 188 183 192 187 201 190 193 184 195 196 203 198 206 203 204 206 204 208 185 86 53 43
123 128 120 147 229 231 233 231 222 221 228 231 235 237 232 230 233 224 223 227 225 230 233 234 233 241 244 249 250 250 252 251 250 252 246 232 230 245 243 247 248 246 248 251 250 252 251 251 249 247 251 251 252 250 249 250 248 253 249 246 247 249 250 243 231 229 224 158 123 117 153 218 247 252 249 250 250 246 250 248 166 75 73 99 145 165 168 173 164 177 180 186 183 191 183 136 75 82 71 66 78 75 91 177 181 180 188 185 193 195 202 192 194 185 202 199 203 196 203 199 212 205 211 214 189 86 57 50
120 126 122 211 224 222 223 225 218 222 228 237 229 228 235 233 231 234 230 230 224 222 230 240 242 242 246 247 250 251 252 253 250 247 232 236 237 239 229 240 232 212 227 250 249 251 243 241 248 244 249 250 250 250 248 246 248 248 247 246 248 250 252 238 223 221 217 165 123 112 156 207 251 251 250 252 250 248 250 218 101 66 64 64 122 174 167 174 172 179 180 189 184 195 190 138 75 79 81 77 77 73 91 180 193 183 189 185 191 193 197 189 197 198 204 194 202 204 205 199 208 205 207 202 198 92 61 50
127 116 182 235 210 214 224 225 221 221 234 238 237 233 227 234 238 239 231 226 221 230 236 232 242 245 244 248 250 251 250 250 249 243 243 248 242 244 247 248 244 243 242 252 251 250 241 236 244 242 242 244 239 247 243 241 245 249 245 244 243 249 252 237 215 208 206 174 116 115 185 246 253 250 250 251 248 249 245 242 224 142 74 71 87 170 176 182 176 183 184 190 194 198 196 133 75 79 82 77 71 75 88 173 198 190 190 196 189 186 196 191 199 198 206 196 204 193 200 197 205 203 212 205 196 96 58 46
112 152 224 206 210 222 228 230 229 229 231 235 236 233 235 239 228 213 223 230 230 234 230 231 241 246 244 247 249 252 251 250 248 247 249 247 245 246 245 249 250 254 253 250 251 247 248 252 250 247 248 247 240 245 243 246 245 246 249 248 249 251 249 235 218 208 211 206 117 123 193 245 251 247 249 249 249 252 240 238 232 244 185 96 99 150 173 180 181 185 186 199 197 201 197 132 79 74 76 71 75 78 95 188 207 207 201 199 194 187 197 196 199 188 196 188 205 196 204 196 198 198 206 207 194 89 59 55
125 215 215 214 207 217 225 229 234 237 231 231 233 233 231 229 224 213 221 230 229 233 234 240 247 249 248 251 250 250 252 250 249 242 218 237 247 247 249 252 251 248 251 246 248 251 250 248 250 253 251 252 253 250 249 250 251 247 248 250 246 248 244 238 223 223 227 220 125 146 219 250 251 249 251 252 250 249 244 246 240 232 255 162 130 180 171 185 180 190 186 193 193 191 195 126 76 75 82 75 74 80 93 187 199 198 201 211 206 199 208 212 197 198 202 196 203 205 212 207 208 197 216 207 196 91 58 47
179 214 220 218 213 222 230 230 235 229 229 232 231 231 231 229 223 216 220 235 234 233 239 241 244 247 251 249 251 248 253 249 240 233 193 232 231 241 246 230 246 246 236 237 247 249 249 250 250 249 251 251 250 249 247 250 250 250 248 248 248 251 246 230 212 210 222 217 137 160 206 251 250 250 249 253 247 244 241 245 241 245 245 176 168 184 191 192 181 184 196 195 197 193 199 119 74 81 86 77 76 79 89 187 204 201 208 209 211 210 211 205 200 203 204 199 207 206 213 204 203 203 210 199 193 94 53 46
205 207 217 217 220 233 235 233 231 229 221 221 232 238 234 224 221 219 231 237 240 236 239 245 244 248 253 249 251 250 250 247 241 247 237 241 241 246 246 240 247 250 241 237 244 223 232 239 220 233 245 241 243 248 244 248 246 245 246 247 247 248 237 204 199 199 201 207 153 179 225 252 250 252 250 250 241 240 243 246 246 251 224 183 189 192 198 191 191 194 196 192 199 196 198 107 74 84 89 70 78 76 89 195 206 205 211 209 203 204 208 207 207 205 203 209 209 202 205 209 205 204 204 213 202 89 53 44
208 214 217 226 223 231 234 241 237 232 236 232 230 235 237 226 221 234 240 243 240 244 246 250 247 247 250 251 252 251 249 246 241 245 247 246 249 250 251 252 252 251 248 248 249 245 246 248 239 243 247 242 246 247 243 237 248 247 243 249 245 246 228 196 203 204 203 199 175 178 234 252 249 249 252 249 243 237 242 249 248 242 198 197 196 194 204 191 191 190 203 197 195 201 199 103 78 78 82 82 81 74 82 191 201 205 210 212 200 207 210 211 204 208 206 220 206 215 212 214 208 211 204 217 204 93 59 53
152 147 135 143 134 131 149 171 173 178 183 187 199 204 209 197 171 159 171 182 192 195 201 222 235 254 253 250 251 251 241 232 198 219 233 235 234 245 247 249 248 252 249 243 244 251 246 249 251 250 249 250 250 249 250 247 245 246 245 243 245 246 223 207 204 204 208 197 193 201 243 253 249 251 250 249 247 243 242 247 247 201 192 197 197 189 198 195 197 192 199 194 192 201 204 107 81 77 81 73 82 78 85 187 208 208 212 215 212 208 211 212 204 210 209 214 206 217 214 216 207 219 211 220 194 96 50 46
120 124 108 93 93 96 100 97 99 91 93 97 98 94 93 94 84 83 83 82 80 76 76 91 104 186 254 254 250 250 243 239 231 236 236 238 239 246 247 245 228 221 232 198 224 245 243 239 235 235 245 245 250 250 250 245 246 241 243 247 250 247 221 191 195 197 200 208 205 221 250 253 252 253 247 249 250 246 248 253 226 189 208 196 201 187 200 198 202 194 201 198 200 197 198 101 87 86 78 71 80 79 84 190 206 210 210 218 209 209 211 220 200 212 211 215 202 209 209 224 212 215 207 221 194 94 57 45
128 119 104 99 89 102 94 94 95 94 94 94 107 111 105 110 110 109 108 105 99 95 88 89 85 93 148 227 255 251 251 249 252 247 249 252 254 253 252 253 250 240 242 235 239 244 248 240 232 237 243 241 237 244 233 209 232 244 243 247 251 239 208 205 196 197 203 193 193 204 201 226 241 245 238 230 222 225 221 218 204 190 201 197 205 198 200 199 204 197 200 203 203 199 195 92 78 80 72 70 81 84 85 197 213 216 209 214 213 220 215 223 202 219 214 215 205 213 199 219 205 214 207 212 196 97 59 48
125 117 97 102 101 97 89 84 85 82 76 73 116 134 125 133 125 129 117 133 125 125 120 127 120 123 108 125 197 197 186 178 178 200 223 227 228 242 240 245 249 250 239 240 249 248 252 251 246 245 250 249 242 247 244 235 243 244 248 248 253 232 213 205 198 200 204 189 188 207 145 148 155 170 165 169 172 183 186 192 195 192 197 191 198 190 193 190 196 191 192 201 209 197 195 93 78 83 73 76 82 82 84 196 215 214 209 216 218 224 211 222 212 217 208 218 205 212 205 214 210 215 211 212 207 97 57 48
120 119 98 96 93 86 84 78 81 78 80 75 114 119 124 125 126 126 127 135 132 138 132 143 131 150 137 137 131 133 129 129 115 163 220 219 215 216 219 225 224 224 218 216 220 223 218 217 218 220 226 230 232 226 234 228 231 237 225 221 220 203 180 160 147 117 109 130 181 194 161 167 163 170 160 182 178 190 182 194 184 189 197 202 188 195 197 193 205 193 199 204 202 194 187 90 73 71 69 63 73 77 84 190 210 210 205 210 215 211 199 214 215 215 208 218 213 214 207 208 211 215 215 216 202 89 57 49
115 109 89 92 94 85 81 86 80 76 77 78 113 125 118 121 127 125 125 118 127 128 132 127 129 134 129 129 134 143 129 146 137 165 186 190 184 186 189 184 191 181 191 192 196 197 200 187 176 188 170 169 160 167 154 148 150 139 128 121 120 112 104 93 90 74 74 124 199 194 173 174 168 181 181 194 179 185 187 195 181 195 192 197 189 192 196 190 190 186 200 196 196 184 181 113 115 121 134 144 164 171 181 223 231 236 227 225 231 232 226 225 225 235 231 234 238 235 226 232 224 212 212 208 205 92 58 41
114 102 98 98 90 86 85 87 79 73 69 72 101 104 100 109 98 112 115 117 119 116 124 114 130 113 129 130 133 125 129 140 134 137 128 148 129 147 143 144 148 139 153 138 149 152 160 154 159 157 159 164 166 170 156 172 155 168 151 157 161 152 152 151 148 137 125 138 205 179 183 181 187 187 187 185 180 184 192 200 191 198 187 196 190 193 201 210 216 218 230 241 242 237 239 237 244 245 246 249 241 245 251 218 244 249 244 238 235 250 250 245 243 234 250 218 231 250 250 248 244 219 219 206 205 87 64 45
106 99 92 99 79 75 76 80 72 70 66 66 68 57 64 70 70 68 73 84 80 82 84 89 97 94 106 99 121 110 124 117 131 122 126 139 126 138 132 144 134 142 140 148 145 142 153 140 154 148 165 156 163 167 170 174 167 181 169 180 171 167 163 161 150 144 200 161 202 224 226 224 234 229 227 228 223 227 232 233 230 234 231 237 238 238 238 239 240 248 237 244 248 249 243 242 242 243 243 244 242 244 244 244 244 248 247 246 243 250 248 244 245 243 246 246 246 248 247 248 251 240 220 212 213 93 64 47
104 98 91 94 72 83 90 80 65 68 58 60 62 63 58 59 68 62 60 64 66 63 64 74 71 70 73 74 72 76 82 76 84 83 83 85 93 102 109 120 112 122 122 138 123 137 140 143 151 145 152 144 158 145 160 160 161 164 162 177 158 168 161 142 124 120 153 164 211 236 242 246 243 240 243 237 239 243 239 236 237 244 236 243 241 242 242 242 241 242 246 243 245 245 241 242 243 241 244 233 243 245 244 244 245 250 248 247 240 244 241 240 245 246 244 247 245 242 243 245 247 246 229 209 206 94 64 53
98 86 99 93 77 80 80 84 66 69 61 66 65 64 72 63 68 67 67 67 65 63 66 68 71 62 69 74 72 74 80 82 78 68 71 73 69 69 72 69 67 79 76 80 79 84 85 94 97 97 108 105 116 111 125 124 141 131 140 159 160 175 161 153 126 120 105 172 214 235 239 238 236 241 240 243 242 237 240 229 227 237 242 233 228 230 237 241 242 234 244 242 245 235 246 246 246 246 244 240 245 241 246 250 249 248 246 245 245 245 243 243 246 242 248 249 249 247 246 242 244 248 249 216 198 92 66 50
93 90 96 87 78 78 86 84 71 61 57 59 58 63 72 64 63 67 69 68 65 64 66 63 62 53 65 58 66 67 73 72 71 79 75 70 74 65 72 73 74 78 69 68 80 66 72 63 66 74 72 67 71 73 77 73 73 72 83 86 86 93 97 93 91 91 94 184 210 233 231 245 244 241 242 241 242 228 237 231 225 232 236 240 233 236 234 235 240 236 238 238 245 241 243 247 242 244 245 245 246 245 246 247 247 248 247 247 248 247 242 249 247 242 244 251 250 247 247 246 246 242 250 240 212 93 66 55
91 90 92 88 79 76 83 79 70 55 60 65 73 73 73 69 72 71 71 73 66 62 65 66 57 52 61 59 64 73 64 67 70 71 69 69 68 73 65 69 76 73 67 71 75 69 74 72 80 79 74 74 68 71 77 76 75 73 77 71 76 74 75 71 73 74 98 195 210 229 230 238 245 237 233 233 244 238 235 235 231 228 236 244 236 227 231 243 237 226 236 234 236 243 240 241 245 242 248 247 246 245 247 248 249 249 251 249 246 248 248 239 244 250 245 246 247 247 251 249 247 250 249 255 228 92 62 60
93 87 89 89 79 82 83 74 55 56 63 70 75 75 70 69 65 78 68 74 74 74 67 72 63 71 64 66 65 71 66 67 77 68 63 68 67 74 72 73 75 81 75 72 73 65 72 68 69 67 71 71 66 70 70 77 68 70 76 72 69 72 76 71 78 76 107 200 222 243 234 230 237 233 233 231 243 230 230 237 239 236 238 234 232 227 236 237 231 236 239 230 234 239 240 238 245 240 243 247 249 245 241 247 242 247 250 249 246 245 247 240 247 246 249 249 252 249 251 252 249 250 249 253 238 106 66 51
91 83 94 93 84 78 76 65 63 68 70 67 69 66 73 70 63 65 73 74 77 71 70 64 70 73 71 70 71 70 68 67 68 77 76 71 64 71 74 69 66 68 68 72 71 72 73 65 65 69 68 59 74 75 66 72 75 66 74 77 73 73 70 70 72 72 118 197 225 245 236 234 233 229 234 234 238 226 228 240 240 239 241 238 226 232 233 236 232 239 239 231 237 240 239 240 243 244 246 248 248 245 248 246 244 246 249 250 247 250 251 249 249 246 248 247 246 251 252 251 250 250 249 246 241 112 62 59
92 83 89 86 81 79 85 65 70 71 66 68 70 75 73 80 74 68 71 73 79 75 67 71 73 71 64 71 72 70 70 71 67 70 68 72 61 64 72 73 69 69 66 66 64 70 66 68 71 73 70 67 67 73 65 66 71 72 70 77 74 72 74 74 72 74 136 201 217 251 239 239 236 235 227 233 235 232 239 242 239 237 232 232 238 234 241 244 233 241 239 235 238 226 242 243 242 244 249 245 247 247 249 246 249 248 247 250 245 246 250 251 248 249 249 249 250 248 248 247 249 248 250 250 240 118 70 58
93 85 85 92 73 71 80 70 63 72 69 72 75 75 67 69 72 79 70 73 78 68 70 70 74 79 74 72 71 72 72 67 66 72 74 70 67 62 66 65 65 68 60 64 68 68 75 75 77 61 73 71 66 72 73 80 70 72 70 74 73 73 76 72 73 78 144 198 187 246 234 232 232 235 234 241 240 239 246 239 244 243 234 231 244 244 241 243 245 245 239 238 238 229 244 242 245 247 246 247 250 250 247 250 250 250 246 248 250 250 250 250 251 248 248 249 250 247 245 247 250 250 247 245 240 120 79 59
83 80 89 88 80 77 58 60 72 74 67 75 78 78 78 75 72 74 73 70 76 73 80 70 73 72 80 74 78 74 72 72 70 74 67 73 75 69 60 56 67 68 57 62 72 69 73 67 76 70 72 70 68 69 73 74 70 71 73 73 71 76 74 71 69 73 154 197 158 242 235 230 239 240 241 240 236 241 234 236 238 240 232 235 239 234 233 236 243 238 230 235 232 238 241 242 246 247 244 245 251 251 249 250 248 251 246 247 247 248 247 246 246 246 252 248 249 249 250 250 251 250 250 248 240 122 69 64
82 81 87 83 77 67 56 71 70 71 73 75 71 75 76 78 76 68 73 69 69 75 80 70 71 72 72 74 72 71 67 69 72 74 71 69 69 73 72 63 62 66 66 64 69 65 69 72 63 76 67 72 68 66 69 69 72 69 69 70 64 64 66 65 66 77 163 183 170 224 240 233 236 237 233 234 235 235 237 239 242 237 241 237 236 239 243 232 241 228 217 239 238 242 237 246 248 247 249 250 247 247 249 249 248 242 236 250 246 243 241 246 243 244 239 243 245 247 242 243 251 243 245 241 239 120 65 65
82 82 88 89 71 65 70 67 72 81 74 73 70 73 68 73 74 68 75 72 69 72 70 71 74 74 72 68 72 74 73 76 76 72 72 77 74 71 74 70 67 65 65 67 62 65 68 69 64 71 67 71 65 62 68 64 67 66 67 63 65 64 67 64 59 79 168 178 188 199 245 234 237 235 236 232 235 234 243 245 242 240 242 241 237 237 242 238 240 237 238 240 245 244 238 242 249 244 243 246 245 247 248 250 244 225 236 249 245 235 228 242 249 245 237 239 244 250 247 244 252 249 250 252 239 113 68 56
87 75 86 84 66 73 71 68 67 71 64 66 62 61 72 65 63 67 65 62 72 64 67 64 66 68 60 63 64 75 67 65 71 65 68 67 65 62 68 59 64 63 58 62 52 60 60 60 66 64 63 67 68 65 67 72 67 70 71 62 65 62 59 63 60 84 169 169 188 186 239 240 240 241 236 235 241 245 248 243 247 245 247 251 245 242 246 243 245 243 245 236 238 236 236 236 251 247 242 245 248 248 248 252 249 248 250 252 252 251 248 236 249 252 248 248 249 247 244 245 235 247 247 230 212 102 67 51
