143 157 177 185 204 176 151 148 100 103 93 116 110 107 99 109 158 140 132 106 114 120 147 219 197 212 191 180 135 134 165 148 129 176 193 202 181 179 183 167 153 173 199 126 141 131 123 160 151 107 103 92 101 98 94 99 89 82 87 96 98 91 103 98 96 86 122 165 173 131 119 150 118 126 177 186 190 170 180 156 160 168 178 225 223 218 250 247 212 165 172 150 132 130 189 192 173 185 202 180 158 134 159 161 171 175 215 224 220 183 182 171 173 192 191 202 235 219 222 208 241 240 190 231 231 221 160 45
156 192 178 179 208 191 160 122 83 92 90 115 95 89 88 110 133 145 141 116 113 126 178 197 139 126 182 191 149 114 148 138 141 178 206 200 175 157 196 180 133 192 220 136 110 116 143 164 127 100 107 94 98 97 98 101 99 97 93 102 103 102 99 85 91 99 118 163 170 137 152 165 141 125 167 195 186 176 184 156 161 168 168 213 245 246 241 243 224 170 209 190 176 161 206 217 183 169 197 240 184 163 151 151 170 159 181 200 203 194 181 185 163 161 179 229 220 197 187 201 244 227 216 196 190 160 145 64
151 168 165 202 208 185 154 118 103 80 81 118 108 83 110 113 110 108 115 140 144 143 150 133 139 111 135 173 164 111 122 136 136 159 207 191 164 154 193 179 148 210 186 154 126 126 141 166 124 108 104 99 94 106 101 85 94 93 108 105 103 107 93 90 123 119 110 131 146 156 164 161 150 128 164 198 199 198 187 148 140 155 166 212 251 240 246 237 203 182 232 193 215 210 200 208 197 164 200 242 207 199 172 177 146 140 158 204 207 210 175 170 172 196 233 241 214 161 169 195 222 187 179 151 168 147 136 63
143 150 148 156 181 154 168 120 99 88 91 145 149 106 125 107 118 115 120 147 160 134 130 147 153 122 133 131 134 126 110 168 162 139 208 203 171 161 187 178 160 215 166 153 133 144 135 155 129 110 103 99 96 92 95 85 85 93 106 112 109 100 105 120 135 127 146 124 122 174 171 144 143 144 165 161 172 177 168 161 168 144 177 223 236 244 241 209 164 186 169 163 185 179 190 216 184 183 214 188 186 191 161 201 145 151 186 208 227 164 156 167 177 182 242 226 162 186 207 211 163 147 160 136 153 157 135 66
146 153 152 150 141 146 190 161 137 126 129 143 156 128 118 112 127 138 114 126 126 115 120 151 144 123 141 137 118 158 105 153 158 134 174 220 186 154 167 192 207 220 176 167 151 142 140 122 117 125 108 100 88 87 91 85 98 104 111 119 107 97 117 145 112 135 194 131 108 163 234 188 190 162 157 161 161 173 156 180 198 156 196 196 234 238 244 224 168 176 146 146 156 157 170 232 240 230 193 163 169 151 166 207 183 184 156 157 229 197 154 166 156 163 231 191 195 241 251 224 138 148 168 143 127 143 172 77
124 132 149 148 158 148 124 175 237 178 132 168 196 124 88 113 134 119 100 114 116 129 111 124 138 124 130 146 112 139 148 116 132 125 151 204 170 157 174 210 227 189 191 193 142 149 161 138 113 108 95 94 93 94 91 87 100 99 108 114 107 117 136 155 129 170 197 156 112 143 239 230 197 149 143 172 174 156 140 157 219 186 211 198 225 246 243 216 198 178 138 139 146 171 228 245 255 220 171 171 160 166 156 195 175 161 148 145 190 174 177 193 205 241 250 237 220 219 226 243 176 147 154 141 135 155 165 87
96 135 136 100 133 141 144 138 156 147 145 157 191 128 93 110 126 115 100 106 130 124 108 104 140 118 134 146 109 135 194 131 128 130 140 158 152 148 174 191 204 164 198 156 145 170 178 178 174 131 92 95 94 85 95 97 101 106 114 113 127 127 114 127 146 172 181 159 124 143 214 230 167 157 140 173 195 159 137 152 219 219 202 194 199 253 228 186 177 181 143 139 164 189 196 206 233 183 160 186 178 190 150 179 162 192 163 155 175 193 246 253 252 248 225 233 196 187 228 247 215 170 157 172 156 163 167 90
107 130 114 88 109 112 158 158 126 122 164 159 189 135 96 125 144 121 123 120 141 120 94 131 131 101 104 112 115 121 148 172 124 126 119 136 151 179 152 150 168 163 163 134 144 155 170 169 138 100 85 93 87 84 96 89 106 118 118 127 100 103 103 123 138 129 142 141 121 145 193 241 175 153 138 174 177 166 147 165 204 227 179 178 185 245 214 191 184 186 144 145 181 208 164 169 190 179 193 218 175 157 155 162 191 209 172 156 200 245 253 248 246 213 211 233 212 203 224 249 230 175 167 236 170 154 161 92
118 113 102 105 109 115 136 177 156 124 138 146 172 154 114 140 134 109 127 129 115 109 105 144 108 99 85 114 114 118 118 181 168 129 116 133 125 178 176 134 126 150 142 149 142 144 210 154 94 86 87 88 85 93 90 87 120 162 122 102 104 113 112 107 130 115 145 137 124 150 201 246 199 161 148 157 151 168 161 175 181 234 168 158 176 214 206 184 193 191 160 149 183 178 143 152 199 229 193 168 160 193 209 172 176 205 212 197 219 252 252 253 250 237 217 238 244 220 220 245 237 187 188 220 169 166 155 99
128 123 103 109 104 138 136 158 173 128 126 136 141 140 106 123 177 104 120 124 129 121 151 146 83 81 96 114 113 116 113 159 193 116 116 149 126 128 181 159 105 118 125 149 143 177 201 132 108 90 91 74 91 84 87 84 104 145 125 137 133 110 114 111 120 125 150 121 130 182 249 250 198 162 148 137 124 157 178 180 150 221 227 184 161 167 212 178 192 189 160 147 168 148 144 160 191 180 161 166 176 166 185 188 147 175 193 185 227 247 247 240 230 238 220 240 252 242 230 238 244 201 193 167 161 158 150 96
117 109 113 116 119 142 150 158 156 110 131 123 135 127 109 125 143 139 141 130 137 142 134 130 125 111 111 112 115 115 118 133 197 128 111 159 141 127 143 168 109 102 106 146 142 170 155 133 120 84 73 85 123 83 84 87 109 120 118 119 113 96 110 119 127 176 153 105 128 206 255 250 183 149 149 130 125 144 180 163 144 201 231 209 151 159 237 214 209 171 148 146 168 173 159 145 142 157 186 193 207 139 138 192 148 178 183 188 239 239 218 200 206 217 225 231 253 243 219 235 239 179 170 167 158 161 178 110
106 95 104 104 112 134 147 214 180 119 102 124 153 155 166 156 95 139 141 97 121 131 100 114 117 114 124 131 116 114 125 120 182 133 117 161 158 141 139 148 128 108 101 124 144 170 130 125 106 76 81 108 129 96 89 91 98 112 118 116 107 105 108 133 133 156 168 128 149 200 254 251 176 143 136 128 127 143 161 193 206 225 211 201 157 175 237 232 185 156 155 174 194 204 141 147 140 170 200 186 183 139 143 191 143 188 190 218 249 240 207 184 200 202 221 227 248 242 214 225 233 158 162 181 165 173 211 117
107 105 117 125 108 139 128 213 166 128 119 137 165 154 149 167 123 109 122 105 97 113 127 115 111 116 134 135 122 110 155 151 145 158 132 185 187 160 127 133 139 118 103 114 148 149 119 128 95 86 97 112 105 91 79 92 97 120 139 128 119 122 117 115 125 156 165 160 175 184 231 243 183 137 120 128 125 156 136 195 231 205 193 161 171 192 235 253 227 161 199 215 193 169 142 146 140 156 165 150 156 146 149 203 154 173 181 238 242 240 202 179 204 192 208 231 241 248 233 242 226 191 164 177 180 191 203 117
122 108 146 131 112 129 151 185 150 118 101 117 141 140 133 143 129 120 130 116 99 117 157 133 120 121 124 108 103 120 195 182 122 169 204 207 170 165 137 122 146 132 124 126 157 135 121 122 87 87 105 116 88 82 87 90 107 129 120 130 140 142 134 131 148 177 139 134 132 159 167 174 177 147 125 122 132 164 142 205 206 205 187 160 175 152 177 233 239 181 184 226 179 143 181 150 160 155 130 149 155 160 140 189 143 175 188 237 244 234 198 182 197 195 195 213 238 253 247 247 188 191 195 178 191 190 197 131
162 141 150 143 151 143 181 190 146 120 122 124 117 159 129 90 130 123 145 143 103 116 151 120 105 110 118 101 114 171 146 143 117 192 253 236 190 182 194 164 136 172 147 137 157 115 120 106 94 80 110 124 92 86 90 86 113 127 108 126 128 116 108 114 125 160 137 135 142 145 144 167 177 178 129 139 155 175 161 206 210 178 177 174 178 148 180 235 243 210 170 215 166 154 189 182 186 183 159 143 155 171 152 177 157 181 190 242 247 227 203 194 204 205 184 186 234 250 245 236 171 174 179 177 188 187 178 101
165 167 135 153 160 143 147 175 160 109 141 147 120 153 105 91 130 142 145 124 98 107 154 129 105 106 115 100 145 155 109 126 129 215 238 201 167 152 172 185 137 173 185 137 136 107 104 83 79 87 114 123 92 89 83 96 112 130 122 109 109 108 109 112 117 148 140 130 152 137 130 184 184 154 164 152 173 241 235 209 188 189 173 165 182 153 173 229 250 231 166 208 145 175 205 188 176 190 187 143 180 182 166 177 151 164 199 236 239 237 201 185 190 200 190 211 216 240 249 222 177 186 202 170 181 191 158 84
145 171 174 142 168 145 125 183 157 132 155 126 132 144 95 99 143 145 150 146 98 109 123 119 108 104 106 131 167 120 118 128 117 183 193 188 150 144 160 174 137 123 180 176 141 137 92 78 85 90 114 105 84 84 88 100 134 148 140 120 109 115 114 110 107 126 146 134 149 135 157 212 176 131 140 156 218 231 208 202 209 155 161 183 167 166 181 222 244 242 201 206 147 183 205 182 176 195 164 148 183 174 158 190 167 166 209 214 236 238 197 183 195 197 221 221 220 253 253 242 204 215 199 165 169 175 150 96
193 198 184 175 189 122 146 184 171 146 146 125 128 113 103 116 136 141 171 199 157 138 119 117 113 123 115 169 137 108 124 118 112 197 172 159 151 150 136 179 162 115 136 218 187 161 113 87 73 88 142 111 77 89 91 111 127 127 116 133 120 117 106 104 110 122 151 146 151 149 178 189 203 184 206 225 206 198 192 190 222 209 165 197 171 172 185 217 232 215 187 215 169 165 188 171 163 186 147 173 191 188 168 194 203 200 209 210 249 214 187 184 217 228 223 207 244 253 249 247 218 233 197 169 168 164 150 98
163 201 204 202 172 169 188 174 213 156 142 117 121 102 106 127 144 149 227 237 175 139 149 102 121 135 137 137 119 118 115 116 131 167 140 175 175 184 151 172 139 116 122 137 149 182 118 90 85 84 141 104 83 85 91 105 143 140 118 100 97 117 119 103 114 122 154 148 149 151 138 207 225 211 198 220 220 215 198 178 172 204 211 205 176 170 183 223 236 191 167 196 191 148 172 180 159 153 142 207 216 198 192 195 216 221 194 210 246 219 204 184 214 230 219 227 246 251 250 241 223 234 201 172 162 155 155 105
135 171 193 215 162 183 172 137 191 182 119 136 132 109 106 120 171 172 250 237 165 158 154 98 113 127 124 113 157 132 109 119 144 149 134 154 164 189 174 197 177 135 144 114 129 161 121 95 90 81 82 86 92 87 100 102 122 117 139 125 112 121 112 119 109 120 151 149 165 157 136 218 220 194 187 215 215 193 186 173 158 175 210 222 154 146 202 238 223 177 209 191 176 165 160 197 157 164 180 244 222 183 182 172 217 226 179 227 231 223 234 204 204 221 227 224 244 250 252 251 245 242 230 202 164 154 171 106
126 163 189 204 159 173 165 134 171 189 139 162 168 137 102 129 149 179 200 218 155 144 143 107 111 156 140 128 160 121 110 165 231 163 127 128 145 194 147 149 178 159 135 117 131 143 97 96 88 84 77 81 94 85 94 94 98 99 128 124 126 137 114 113 109 127 144 153 154 136 139 185 210 182 195 209 197 173 169 172 164 165 210 228 182 158 211 239 230 193 223 168 147 171 208 193 176 185 203 239 194 197 206 173 209 228 204 239 242 248 238 209 210 230 246 236 247 249 237 231 219 191 190 216 210 172 191 104
128 160 203 181 130 160 161 158 182 184 150 162 163 147 115 134 116 156 146 200 150 127 159 110 113 185 155 129 131 107 190 241 202 113 96 106 137 171 128 160 137 129 129 123 147 186 107 87 88 88 83 76 80 87 88 96 103 97 112 122 150 167 113 109 119 121 139 164 143 136 145 178 193 178 202 207 201 176 165 178 177 152 182 226 232 221 197 233 219 207 204 140 140 168 203 237 200 176 182 230 160 187 216 186 215 229 251 248 240 236 234 236 240 241 229 239 252 246 210 193 207 166 168 172 188 165 179 105
132 134 146 133 112 137 141 147 187 181 144 161 147 127 143 139 158 192 147 172 132 129 169 108 116 195 155 116 153 187 217 128 115 128 85 98 144 129 114 133 142 133 136 157 193 188 103 83 85 89 91 88 81 87 81 97 101 110 116 126 149 167 139 116 130 124 140 152 141 137 149 185 183 167 173 195 199 184 161 162 174 168 151 180 204 227 189 212 209 199 183 158 169 154 139 208 184 163 170 221 171 173 206 230 247 248 249 251 244 236 250 252 247 214 236 251 252 246 205 179 191 184 169 163 149 160 161 93
129 139 115 128 112 147 174 154 174 196 127 187 154 131 138 150 197 190 155 149 120 142 165 107 115 187 216 153 165 196 149 111 132 134 84 104 167 108 114 157 161 156 194 195 197 135 110 84 86 92 94 89 81 80 72 96 95 105 113 122 138 139 154 125 120 127 156 145 137 150 163 179 157 163 161 205 207 206 167 155 156 169 165 155 170 196 204 188 207 193 173 179 158 167 164 203 175 176 172 207 186 213 226 219 219 245 248 252 245 245 251 251 248 231 251 254 246 224 169 192 189 161 163 158 155 174 155 92
133 144 112 132 125 148 179 159 130 215 131 176 151 141 163 202 205 187 133 138 111 117 128 154 180 182 245 206 164 116 129 120 124 96 95 91 111 126 156 183 192 177 217 195 156 132 118 86 84 91 93 87 95 81 78 88 92 97 99 122 138 118 127 131 115 129 177 163 155 152 170 183 150 142 182 213 208 193 187 185 141 141 167 185 183 198 226 206 235 221 191 165 159 207 205 174 180 204 192 197 192 219 196 175 228 250 246 249 224 239 247 250 241 234 249 233 203 186 174 176 163 156 151 155 147 180 183 94
157 144 119 163 151 151 155 128 120 198 111 147 167 159 202 231 199 161 123 142 109 111 122 177 235 178 173 173 155 129 98 103 108 91 86 89 101 189 208 187 207 188 213 212 161 131 102 101 91 84 91 91 88 84 82 82 86 94 93 122 141 123 130 143 120 128 191 206 166 180 207 210 148 157 211 213 188 151 176 209 163 138 151 158 182 168 219 241 246 202 159 164 192 217 186 140 163 208 181 175 188 199 170 180 245 227 244 251 219 230 237 249 231 238 221 178 168 163 159 157 152 155 153 155 163 178 190 89
214 146 137 167 149 132 147 128 142 195 171 146 173 157 191 237 196 148 165 169 116 118 165 232 209 197 190 198 132 128 108 102 112 103 95 90 139 220 235 186 194 207 182 221 226 152 99 98 95 99 105 87 88 95 98 96 101 105 101 144 135 118 143 157 137 145 180 188 201 174 175 177 159 159 191 210 165 174 186 180 174 156 172 169 183 163 180 240 232 171 146 155 214 217 155 131 151 169 181 211 171 182 170 214 216 223 249 230 239 221 212 248 210 244 212 164 157 149 143 147 151 168 195 160 155 159 163 84
199 168 183 126 115 118 117 111 120 146 217 185 220 166 183 200 180 173 162 167 136 151 227 237 149 217 216 236 162 105 91 101 108 84 94 95 152 213 243 183 196 190 180 244 243 170 98 85 86 89 90 83 83 90 94 90 99 98 98 148 118 118 143 152 145 159 199 158 177 164 145 149 142 131 180 191 161 174 163 166 157 158 169 174 216 212 185 218 214 175 151 152 209 192 141 140 146 141 160 163 135 155 211 207 194 208 241 213 253 229 213 236 206 253 213 186 156 141 140 149 150 157 197 177 147 142 161 83
164 139 212 127 120 137 117 117 111 135 182 245 231 172 157 184 147 137 144 150 162 185 211 173 218 231 152 206 150 126 103 106 117 106 96 107 157 192 210 187 168 129 145 190 219 151 95 91 94 93 95 89 88 89 90 100 101 91 121 152 110 123 131 139 141 153 183 164 145 166 179 159 145 124 183 187 183 167 160 187 145 134 155 145 169 217 210 224 222 201 160 149 181 159 139 138 141 148 160 158 140 185 193 216 220 216 232 223 252 245 243 240 232 250 242 246 224 169 155 162 164 140 167 167 153 159 151 93
148 139 169 149 118 137 127 152 146 142 174 198 202 176 148 128 117 118 127 127 132 156 172 154 177 152 133 145 118 129 114 103 119 126 90 118 189 156 189 168 122 121 149 167 220 141 94 93 100 87 98 98 96 88 95 102 109 102 137 156 103 115 116 122 135 168 159 196 169 152 162 166 137 130 184 193 177 169 184 195 165 153 144 167 178 186 183 214 237 214 168 168 174 153 144 141 145 150 139 156 200 183 166 228 234 198 207 237 240 244 249 227 234 213 188 188 196 168 157 163 165 145 181 179 152 152 147 90
160 162 148 201 164 172 158 178 164 210 175 165 164 173 142 115 118 122 126 138 134 122 150 157 124 132 155 154 115 97 105 102 121 131 95 120 136 116 139 131 121 141 144 162 180 123 104 104 102 93 93 98 97 95 98 104 104 97 107 128 130 118 114 127 152 206 186 172 152 143 130 172 165 143 188 182 165 163 168 154 150 166 184 176 175 182 175 177 241 226 147 169 163 141 155 160 163 153 142 171 195 167 173 210 222 202 201 251 230 234 231 192 232 223 205 178 162 161 153 164 155 148 203 188 160 171 161 105
145 177 153 193 243 209 215 177 175 188 200 221 206 169 127 109 119 115 124 137 137 128 130 147 165 136 101 127 129 115 98 105 93 114 110 134 134 101 111 124 124 148 138 207 153 127 106 106 106 91 94 93 90 94 115 117 100 91 106 93 137 106 93 126 161 183 207 163 146 154 158 159 144 145 178 173 154 148 159 136 134 141 175 172 163 179 198 182 214 240 177 153 144 171 165 142 140 168 180 178 155 193 198 204 190 189 221 245 224 239 229 205 242 245 230 194 173 156 159 165 147 177 190 173 160 177 187 104
167 177 156 181 232 205 232 172 174 174 210 247 151 99 108 111 117 122 122 132 135 127 132 136 147 167 154 107 109 93 98 106 106 159 160 159 124 109 112 116 137 128 184 221 134 111 97 105 90 86 99 96 94 90 121 131 107 92 103 90 127 97 95 132 165 155 159 181 142 149 197 209 172 152 155 170 145 142 157 137 142 130 155 212 159 187 195 193 188 236 213 147 141 163 146 129 156 176 171 173 161 198 216 187 185 197 213 209 224 233 214 209 250 246 231 206 181 163 167 160 153 190 195 163 158 162 216 104
203 172 154 175 217 220 223 175 191 174 228 223 117 100 113 110 119 122 118 122 125 107 113 120 134 160 163 114 104 86 86 108 115 181 188 136 112 130 112 114 138 160 235 162 130 95 88 96 91 92 110 94 93 98 124 148 134 103 109 97 113 100 99 132 164 165 164 185 157 186 174 208 203 159 155 159 142 150 160 142 145 133 136 173 167 179 181 190 184 215 211 155 169 148 140 133 188 153 170 183 171 162 186 177 198 194 216 198 222 224 210 208 248 251 237 209 172 157 171 178 161 192 187 167 164 203 194 86
219 180 154 196 230 236 205 172 179 188 239 166 97 99 128 123 114 112 116 119 107 99 104 109 118 148 160 116 104 92 88 108 126 159 132 117 127 115 116 134 150 205 202 134 117 94 99 90 98 81 87 88 82 98 129 153 154 118 126 102 120 100 93 139 163 164 163 164 159 187 178 182 147 144 150 146 131 147 151 131 135 130 124 123 150 160 185 189 192 219 226 165 142 128 142 168 184 152 182 187 163 134 151 169 198 211 217 172 208 218 228 244 252 249 240 181 155 160 179 188 163 180 177 164 186 198 155 85
218 197 147 174 246 250 194 175 174 208 217 115 95 103 118 123 103 111 115 117 108 95 105 108 104 124 157 110 100 94 105 118 128 155 108 118 152 149 140 170 140 126 144 145 101 95 105 95 99 89 87 94 87 97 128 161 161 116 127 100 109 98 92 128 155 174 149 140 164 169 161 147 134 142 146 145 136 147 137 135 136 129 126 126 130 153 184 197 183 203 227 202 146 138 157 185 156 162 195 173 143 144 163 158 193 219 198 165 206 199 237 245 251 241 213 197 162 164 189 170 151 164 186 213 222 171 150 84
191 203 153 149 231 246 212 189 202 232 173 99 93 107 119 130 104 105 110 111 107 101 103 90 93 114 143 138 96 95 124 113 109 153 106 112 189 183 147 135 142 132 132 113 96 102 102 109 106 99 93 93 85 92 112 154 141 120 137 99 106 91 86 131 163 160 152 156 169 169 140 145 167 130 138 146 133 136 137 142 134 121 125 139 135 154 167 191 179 193 215 209 155 185 190 159 150 192 183 138 134 154 153 151 187 216 181 185 204 195 235 247 240 251 213 228 212 187 176 176 152 170 189 238 201 192 163 91
190 202 166 167 203 248 248 221 226 211 108 91 101 123 120 117 107 97 106 99 111 100 79 91 94 105 122 145 92 102 115 107 131 131 95 103 150 137 134 192 137 146 172 112 103 105 100 113 100 88 90 90 97 95 98 128 101 129 149 118 106 94 96 131 163 157 172 173 173 173 154 148 168 131 130 136 128 127 128 134 126 130 121 140 153 155 173 176 180 189 212 202 154 213 185 131 162 180 133 132 155 201 182 153 165 197 166 214 200 211 239 250 241 247 215 226 224 177 175 194 168 187 224 232 227 213 163 89
197 196 173 195 169 163 228 240 215 143 92 78 98 126 118 99 101 96 96 102 108 101 116 134 95 94 106 136 106 111 116 112 141 113 131 126 153 117 134 156 125 151 156 119 104 106 97 96 94 95 88 87 97 101 127 121 98 133 152 138 103 97 100 113 140 176 195 185 156 179 158 158 152 118 133 123 120 110 118 123 129 138 141 147 162 158 156 175 193 186 207 205 154 176 148 134 148 134 123 152 194 214 176 133 146 194 185 202 209 233 245 251 251 247 243 240 199 202 217 181 204 235 226 201 225 188 167 95
143 186 201 186 176 144 174 207 185 115 91 81 102 126 116 98 97 95 90 98 98 98 110 112 95 98 101 103 131 145 107 137 130 111 138 127 151 116 143 125 143 143 126 115 87 102 102 94 97 91 107 102 94 115 143 122 110 170 190 133 93 93 124 163 180 234 222 155 134 155 144 170 171 115 128 120 119 111 118 121 116 138 156 157 154 166 157 160 178 189 205 210 146 143 132 128 145 135 145 140 157 168 146 145 155 204 226 194 228 248 251 240 224 242 208 229 217 186 188 213 233 241 225 186 193 189 203 107
139 156 156 153 184 171 170 173 152 106 70 88 110 119 107 98 101 92 90 89 95 86 91 87 89 89 94 95 114 139 121 145 121 105 128 115 156 132 125 138 151 138 108 111 103 93 99 105 95 88 98 104 96 109 108 108 104 155 146 100 101 102 155 163 183 203 218 185 159 191 181 163 165 114 128 121 121 117 114 117 114 129 138 138 125 150 143 163 170 196 203 220 160 143 153 152 152 167 165 128 157 157 154 179 209 214 223 226 237 248 250 244 229 212 204 212 194 155 201 221 205 213 222 207 209 215 221 106
146 138 167 148 173 175 200 158 120 101 81 89 104 109 95 84 98 89 93 92 94 83 83 86 77 84 89 93 103 90 112 137 106 121 121 108 157 138 120 137 174 177 113 101 115 96 104 104 111 94 96 97 92 93 101 104 101 116 98 89 97 110 159 146 148 146 138 135 154 167 188 156 134 110 124 131 117 113 119 119 119 124 134 128 120 130 136 165 182 191 189 214 168 148 142 132 149 159 159 126 135 145 153 177 213 203 216 217 225 245 225 229 240 219 239 224 173 174 203 186 186 229 229 213 220 245 214 98
162 154 137 167 151 172 182 195 121 92 77 89 93 107 99 78 80 92 86 87 89 77 84 92 86 82 72 82 90 108 118 140 110 139 102 109 126 137 124 139 207 215 143 121 107 119 104 96 104 98 97 86 101 93 103 102 107 109 92 90 93 120 170 130 147 140 133 134 167 153 145 169 135 113 126 120 109 103 112 116 121 117 129 129 129 130 148 166 175 220 208 207 183 202 163 133 176 159 154 146 151 160 172 169 177 178 203 220 238 251 228 202 234 214 188 229 190 184 199 235 210 241 215 218 222 235 190 86
193 189 139 171 148 139 127 190 121 85 83 75 85 93 87 98 92 79 90 85 93 80 78 89 84 86 87 90 82 97 160 138 110 121 94 122 116 137 154 158 234 195 141 132 110 111 100 100 86 94 85 86 101 97 94 94 115 110 96 97 90 149 155 119 133 159 134 133 138 131 135 159 175 107 127 107 108 110 108 120 127 111 120 126 125 135 144 170 165 192 203 193 206 250 232 152 150 165 134 148 159 171 156 155 156 172 180 220 242 253 233 210 224 171 179 239 206 165 174 206 196 240 209 203 195 184 198 100
182 146 109 124 96 95 135 182 111 78 86 82 74 91 92 95 89 78 88 86 77 79 85 88 90 83 88 84 89 88 127 154 138 157 106 126 120 164 147 130 204 172 128 129 121 110 97 91 86 83 98 99 90 97 96 98 112 102 97 92 102 154 133 122 131 154 135 146 142 115 152 167 139 110 113 109 110 113 112 116 124 114 107 110 117 142 145 158 168 183 176 202 223 246 208 149 138 139 142 137 173 177 203 178 167 159 166 203 228 253 229 204 179 169 199 245 163 137 157 173 203 194 184 182 188 173 212 115
156 109 89 90 85 85 126 150 120 86 86 85 83 87 101 95 89 78 78 86 82 71 76 85 85 82 86 79 90 95 111 166 125 137 167 129 189 169 121 123 182 170 181 163 111 98 89 99 105 91 99 90 101 100 103 102 111 114 97 94 135 175 143 135 161 161 153 160 136 147 176 170 128 112 113 108 116 106 105 109 115 113 106 106 119 127 146 145 171 181 176 185 211 197 187 151 148 146 165 170 170 182 214 219 173 174 164 197 219 247 193 231 192 207 221 224 153 141 146 197 200 162 168 189 174 157 174 85
115 99 91 104 123 122 123 123 119 83 78 78 82 85 90 89 82 70 81 88 83 78 69 81 87 87 79 83 88 97 101 210 170 188 208 202 216 174 150 150 227 234 245 150 99 95 89 101 95 94 94 89 93 104 99 107 100 106 89 93 189 242 149 134 161 153 161 168 148 159 149 163 133 108 108 105 110 109 109 109 113 117 109 113 111 124 144 151 160 162 188 195 208 174 170 143 165 179 165 165 155 190 188 187 173 168 176 183 240 227 197 223 201 221 240 166 157 154 200 193 173 167 177 170 161 156 148 82
85 84 76 101 126 105 110 116 99 64 66 66 70 90 88 95 88 86 80 85 91 78 81 80 84 85 80 83 86 96 91 192 217 209 238 178 116 145 145 177 242 213 181 111 106 100 93 93 84 93 85 84 91 102 91 105 116 108 86 101 219 242 178 146 152 132 162 155 163 163 113 148 140 111 109 98 105 106 111 114 115 113 111 115 112 118 141 164 171 155 189 201 202 177 189 179 163 145 154 187 177 161 166 157 173 166 186 202 219 194 195 181 194 214 213 157 169 144 209 161 163 165 201 189 174 182 155 77
79 77 89 109 115 105 106 135 103 69 72 58 60 80 85 84 82 87 84 90 84 79 79 85 84 78 86 82 86 96 92 149 203 179 193 128 125 125 122 135 159 135 97 110 122 92 95 86 94 102 88 83 124 124 122 145 146 105 90 108 192 196 185 178 159 125 132 125 152 156 127 122 150 129 113 101 98 102 104 108 112 114 110 108 114 120 126 143 172 156 170 200 199 218 208 148 135 152 151 187 171 156 163 152 161 172 173 215 162 166 163 152 185 228 203 153 177 159 216 168 170 166 140 160 195 189 174 77
78 130 110 105 97 108 124 156 105 71 67 69 66 63 85 87 85 79 80 82 84 85 80 85 80 77 88 79 85 96 94 117 213 173 148 120 110 113 114 138 128 141 113 121 105 101 93 93 91 90 81 113 158 141 129 146 106 83 84 137 168 186 166 147 133 154 126 135 163 152 152 116 172 132 100 109 106 92 101 105 116 114 122 111 115 118 133 140 153 151 164 170 195 216 214 143 131 162 165 152 160 151 154 160 155 156 203 207 192 197 140 146 171 221 204 157 191 211 206 167 164 168 153 160 182 182 206 104
112 148 120 111 76 101 127 139 80 75 60 57 64 58 92 89 95 85 83 62 75 67 79 71 67 73 81 85 94 89 96 103 212 221 207 141 90 93 116 124 109 117 110 115 102 112 86 108 107 85 88 114 117 91 118 123 93 84 91 158 160 171 139 132 166 132 108 132 137 127 132 121 175 131 104 103 110 96 101 102 113 110 115 120 116 113 124 152 145 133 148 165 203 219 221 150 147 168 168 150 152 164 150 151 160 174 195 207 233 180 138 140 194 222 150 143 192 188 187 162 146 162 170 152 157 157 161 81
123 128 118 113 84 88 121 111 78 69 67 63 64 54 81 88 86 79 83 70 80 74 61 77 73 76 79 81 91 95 101 102 158 199 172 138 102 107 119 117 123 124 105 104 102 95 93 104 97 83 85 98 107 94 109 111 94 91 115 119 139 121 128 113 178 161 119 120 153 141 131 136 120 112 106 103 97 105 100 105 103 100 112 114 107 100 123 143 156 146 154 160 192 225 216 173 174 169 155 143 149 151 148 163 187 166 166 204 185 169 149 167 226 178 142 174 191 172 165 169 146 174 178 153 145 148 148 74
123 124 115 106 90 99 100 93 77 61 52 63 67 74 85 77 75 67 83 78 65 65 61 67 71 72 81 84 79 94 99 98 131 160 148 134 110 102 109 122 141 150 112 103 108 104 93 91 86 83 87 86 93 94 106 110 95 90 112 133 142 131 137 113 176 173 129 121 162 157 147 137 122 104 107 96 96 105 102 103 101 107 116 112 118 109 124 141 149 154 174 157 178 219 239 179 165 162 160 143 144 154 168 186 187 170 226 220 173 192 194 194 218 147 141 166 176 187 159 179 191 198 165 158 154 164 166 78
108 114 118 107 107 108 85 73 60 57 61 64 60 73 88 82 78 71 74 77 67 63 60 69 68 77 80 88 80 86 97 104 121 188 212 144 100 97 128 121 158 188 122 109 106 91 84 95 90 82 89 87 94 93 101 104 99 97 96 171 167 118 130 119 154 172 173 128 109 118 133 143 121 104 104 106 108 109 112 96 100 118 104 112 118 112 120 135 139 152 162 173 174 195 240 234 195 167 184 190 175 162 184 195 166 183 193 222 194 179 189 206 180 180 181 162 216 204 180 195 177 165 147 168 160 171 203 80
94 88 99 104 109 95 87 80 66 61 55 76 66 57 73 76 72 68 79 77 76 66 61 65 60 68 79 80 84 76 94 98 116 194 194 127 110 134 187 169 130 154 107 93 89 80 95 98 91 88 95 88 86 96 95 100 88 103 116 180 171 133 131 131 109 159 150 109 118 123 132 159 94 99 113 109 107 109 109 112 102 108 98 110 106 112 117 129 133 159 163 150 180 191 218 231 226 206 199 212 208 219 219 168 155 169 194 215 169 185 219 225 189 197 187 171 215 208 188 185 169 157 143 167 156 201 202 67
103 89 89 111 99 84 85 77 77 71 66 71 68 67 71 71 71 78 79 68 78 77 69 82 74 60 57 67 72 82 91 90 115 174 127 122 166 140 140 126 94 113 81 79 87 81 92 90 86 91 95 91 86 89 92 99 98 96 113 191 208 138 127 115 109 106 132 111 137 154 182 144 99 100 112 103 102 108 100 108 104 99 98 104 109 109 118 134 137 160 161 172 184 209 218 219 229 173 173 165 158 176 214 197 158 156 224 199 196 228 237 185 171 180 175 180 185 211 200 207 212 166 149 152 154 199 159 64
112 106 95 86 91 89 86 71 78 80 69 71 72 84 75 68 69 80 71 70 80 80 83 74 78 83 67 69 66 84 82 95 112 159 132 112 156 146 132 111 102 115 92 76 85 89 84 83 81 78 88 91 88 81 89 99 101 95 103 131 199 125 127 121 114 119 221 160 147 160 203 114 96 98 111 101 98 98 99 108 99 100 99 98 108 110 125 131 131 152 146 169 201 198 214 212 244 199 149 151 142 157 195 191 211 192 232 216 240 229 199 192 187 175 170 184 162 194 222 220 239 203 155 155 168 149 137 71
107 97 103 93 77 81 80 71 67 74 77 76 71 79 68 73 71 79 67 75 82 72 85 76 64 83 80 76 70 75 77 97 111 167 133 80 119 155 144 169 124 106 94 77 67 87 83 72 84 88 84 86 86 86 88 97 102 95 95 103 169 145 125 130 126 137 210 167 186 171 170 99 101 94 109 105 105 103 109 96 94 102 107 102 108 116 131 143 127 137 151 155 180 186 209 215 231 210 144 145 136 157 174 145 202 184 193 242 252 230 176 167 184 184 158 196 208 190 194 217 247 227 167 171 156 149 150 71
100 106 105 96 73 68 63 68 50 54 64 59 55 72 68 72 82 86 83 85 76 75 67 73 80 74 80 86 79 77 84 93 117 141 112 89 101 163 183 178 139 116 90 80 72 82 88 68 75 90 90 81 85 94 101 102 102 103 94 120 197 140 135 124 133 138 167 208 197 155 125 100 98 99 111 106 97 104 107 103 103 100 108 102 106 113 135 148 149 141 144 155 163 182 211 223 234 232 147 140 138 148 167 146 186 165 200 249 244 224 178 172 180 159 168 163 204 230 184 192 235 200 170 167 162 180 176 79
94 92 89 86 80 71 56 52 49 67 60 44 33 63 84 76 76 79 78 79 80 86 76 73 84 81 79 76 74 81 94 95 95 108 105 97 102 153 181 188 156 121 111 79 75 84 81 70 75 85 88 86 90 97 108 104 87 124 111 112 179 167 147 121 138 167 226 205 164 125 107 109 100 107 110 98 104 103 96 102 99 99 109 100 107 117 134 151 151 144 136 146 174 180 190 216 222 234 184 144 144 173 197 154 181 187 231 251 215 206 190 185 187 165 206 155 188 221 174 203 232 191 176 206 223 207 174 82
84 87 86 83 78 78 81 65 57 73 63 58 45 45 76 76 82 84 80 77 85 86 78 68 77 84 83 69 67 74 90 96 88 95 97 89 117 173 224 195 114 96 90 85 85 85 86 75 76 85 89 86 92 86 90 93 85 139 107 101 113 198 211 153 159 187 149 126 115 116 110 110 110 102 101 105 109 95 103 98 95 100 102 97 101 106 146 188 152 130 142 160 161 172 187 224 228 229 217 174 141 182 217 163 197 236 235 195 196 210 182 173 191 204 183 154 187 187 180 232 221 162 163 186 211 158 181 92
109 93 88 76 74 87 80 79 73 55 58 57 43 42 62 80 87 85 79 90 86 82 82 75 71 78 76 75 79 72 72 83 90 96 97 97 113 165 229 146 95 97 90 91 86 86 87 90 86 71 81 83 82 82 87 92 89 104 82 92 107 144 219 232 170 149 141 121 101 129 117 116 112 101 105 98 102 100 105 94 102 101 93 100 98 110 142 225 168 140 154 160 149 156 201 225 228 231 224 166 143 157 186 164 224 220 210 191 179 165 152 175 222 242 219 202 239 234 227 202 187 177 155 187 216 185 203 91
103 87 89 88 82 87 74 76 74 69 61 50 45 42 61 82 81 80 82 91 80 75 81 81 83 74 71 72 82 74 71 80 83 84 93 113 130 164 181 132 81 81 99 95 96 91 90 83 81 75 69 77 92 93 103 81 81 69 68 79 86 126 210 230 150 136 134 109 111 118 116 118 113 104 103 95 105 106 102 99 101 100 98 102 97 102 126 218 205 144 146 146 146 180 203 217 224 234 236 171 135 134 147 171 231 222 224 156 161 149 146 175 246 253 249 233 244 247 253 199 190 208 155 171 198 211 231 99
99 88 88 93 81 87 67 58 67 76 79 61 41 55 57 78 86 76 83 78 67 70 75 71 74 82 82 76 77 69 83 84 84 84 97 136 123 153 194 125 99 82 91 87 100 109 106 83 94 85 69 63 94 93 88 79 81 101 101 80 110 128 163 164 165 145 137 117 139 122 112 117 119 102 105 103 100 101 97 108 100 96 101 103 108 107 109 187 210 144 143 152 147 176 195 215 240 233 246 180 139 128 160 243 226 180 198 174 167 172 198 168 213 240 247 255 251 245 239 238 217 227 180 174 191 223 242 98
106 98 90 89 85 84 75 70 64 67 60 63 51 72 58 67 73 80 81 64 60 72 75 74 72 80 86 74 62 70 84 82 83 80 92 135 140 163 166 104 120 85 99 146 162 161 147 112 107 89 79 67 79 86 76 93 84 95 81 83 112 118 145 195 165 176 162 121 137 125 115 110 108 99 96 101 103 97 102 99 96 103 97 100 100 109 112 167 213 152 145 160 154 159 184 206 245 243 249 203 133 140 187 244 213 159 157 158 163 212 240 190 177 179 210 187 216 230 209 241 243 244 216 177 217 248 227 88
98 95 99 89 81 77 76 74 59 68 61 62 65 67 59 51 75 83 72 64 61 71 74 81 84 72 71 73 67 80 85 82 84 86 114 167 147 131 130 139 148 150 156 164 158 168 163 157 155 133 99 78 69 71 76 79 80 70 68 95 94 78 121 179 141 190 155 115 140 119 114 104 101 102 96 91 95 97 103 97 111 106 100 103 105 115 123 165 222 167 138 146 154 153 181 204 238 239 243 221 131 162 230 229 187 159 159 173 189 189 235 219 190 181 185 151 161 173 185 223 242 247 249 211 232 226 181 77
82 97 100 98 85 73 72 71 75 53 63 68 69 60 63 53 62 86 85 61 64 73 80 84 77 78 78 72 67 80 83 76 84 93 135 159 164 168 158 156 139 136 141 149 150 160 158 154 151 154 162 124 98 71 82 73 90 105 92 94 88 94 97 128 129 131 132 122 131 119 121 120 100 94 96 93 96 96 103 102 106 101 104 112 108 106 98 146 216 175 124 148 163 164 191 198 228 233 230 226 151 172 239 178 162 159 159 187 177 155 218 241 191 182 181 183 188 175 164 199 240 249 255 225 206 155 144 71
89 101 102 96 81 76 71 76 74 71 74 72 72 74 72 68 58 76 87 63 68 69 79 79 75 81 84 79 74 81 73 80 82 85 118 173 173 171 155 131 121 121 111 130 156 158 176 175 164 159 157 162 170 123 79 77 79 79 84 78 80 90 120 185 151 120 99 116 128 116 120 106 103 106 111 104 96 96 92 93 100 106 103 100 102 110 104 116 192 177 128 151 169 160 176 179 232 232 224 235 170 172 222 144 151 166 178 182 166 158 206 231 196 178 200 190 197 162 181 199 232 250 227 233 214 154 137 72
98 87 85 88 93 93 72 78 77 88 81 75 79 88 87 71 54 64 89 85 65 75 82 77 71 77 78 81 86 81 69 77 93 78 132 183 169 160 140 129 124 125 119 110 156 161 182 183 194 182 173 169 172 188 165 119 83 77 79 79 79 76 96 152 198 156 94 124 146 135 117 108 103 111 117 100 95 94 96 97 103 111 100 97 98 101 98 99 152 169 128 128 148 160 173 202 232 233 234 223 161 195 221 185 164 177 172 145 151 179 166 205 204 172 220 191 180 148 160 189 220 251 185 212 223 170 137 63
71 86 113 87 85 93 74 80 84 89 77 76 82 91 81 79 78 70 74 90 73 73 87 76 86 89 80 80 90 83 67 72 84 90 134 164 159 154 128 119 125 125 122 129 156 164 178 188 190 172 159 174 153 148 155 161 139 110 87 79 83 81 97 137 166 151 115 144 150 140 123 121 117 119 118 104 94 88 93 90 100 98 97 102 98 99 103 97 126 174 129 129 138 164 180 200 216 222 215 157 158 223 200 183 160 155 145 135 153 169 160 223 192 180 240 203 150 142 146 200 245 240 183 213 226 172 143 57
62 83 93 86 83 79 76 84 89 87 76 83 82 85 85 76 69 74 64 77 78 80 73 74 84 87 86 90 74 72 77 73 76 86 139 140 148 132 105 102 118 122 116 131 139 165 177 193 193 180 187 191 151 135 154 143 145 143 122 90 88 90 123 185 171 142 125 144 146 140 131 134 125 123 114 103 95 94 98 96 93 97 91 90 96 103 96 102 106 156 132 122 142 139 158 176 187 151 140 165 221 170 138 155 151 154 147 135 153 165 175 211 222 230 239 189 150 152 139 183 251 220 179 195 199 172 136 61
76 84 86 94 90 94 78 80 86 85 81 82 87 89 93 75 61 69 72 82 80 84 77 71 76 82 82 91 84 65 75 73 75 75 122 133 139 130 103 102 104 112 126 149 140 158 173 193 196 190 154 168 165 140 130 131 147 155 156 137 99 80 90 197 225 184 154 146 158 151 137 136 127 132 129 112 94 94 94 96 88 96 94 92 97 96 97 93 105 143 137 116 133 135 142 181 165 154 198 200 189 138 133 144 150 140 153 151 159 167 181 212 239 196 217 215 192 155 135 176 204 198 187 172 164 166 145 61
76 80 90 89 81 112 111 82 89 87 88 82 85 92 93 84 66 66 74 80 83 77 82 80 83 79 80 89 89 83 79 78 88 77 118 132 138 136 108 123 110 132 158 153 164 169 164 186 181 190 189 183 178 137 130 145 153 141 151 150 160 107 85 140 152 207 168 166 164 151 136 143 130 129 134 117 97 97 93 99 97 108 102 103 102 102 108 99 98 132 132 107 117 140 149 165 188 230 222 187 175 155 136 127 149 161 148 152 170 169 166 230 215 164 205 220 212 164 132 179 183 168 163 163 159 157 145 64
72 95 108 95 89 92 121 93 89 95 87 95 85 89 99 87 79 67 72 74 70 74 73 87 87 89 93 86 91 86 73 80 90 76 102 114 133 141 132 133 136 143 150 148 167 175 176 182 160 171 208 193 210 154 147 143 128 149 155 152 162 165 127 112 181 233 164 164 164 164 148 141 136 137 147 139 94 89 93 93 89 102 95 98 95 95 98 93 94 131 137 105 130 135 142 140 182 235 205 147 164 168 148 124 156 176 150 151 167 147 162 219 187 172 204 195 183 158 136 168 161 168 147 144 170 159 147 65
81 87 100 100 101 98 125 134 102 93 97 94 92 97 109 92 82 76 70 78 78 78 65 82 82 85 91 85 82 86 82 72 83 79 78 110 120 130 151 129 136 136 136 147 167 175 183 201 170 159 164 149 150 148 161 157 146 159 154 146 148 168 161 141 165 152 134 160 157 157 154 147 140 141 128 139 92 85 92 92 97 84 96 91 94 97 101 96 94 117 132 113 127 131 128 144 168 216 200 129 141 181 160 129 157 175 160 154 163 149 169 210 176 179 211 187 162 160 121 134 148 139 146 138 164 162 152 77
80 98 119 115 88 100 108 117 138 111 101 88 97 104 119 100 67 87 68 78 79 79 64 80 89 87 87 82 85 80 79 78 76 96 80 84 115 117 134 140 143 136 137 136 148 153 176 196 166 142 144 126 108 126 152 180 186 158 152 167 143 147 158 160 157 130 136 167 157 162 154 143 139 125 123 134 102 90 95 97 99 85 101 89 101 103 99 94 87 112 134 113 111 121 140 147 157 200 195 123 124 187 194 126 154 179 149 147 162 166 173 194 179 192 188 196 158 163 126 127 134 135 131 142 158 168 147 64
81 102 121 97 93 108 106 95 104 128 105 98 103 110 109 86 54 79 65 76 80 77 65 67 81 86 91 82 84 81 75 92 77 85 77 69 87 138 164 143 152 152 151 131 131 144 149 168 157 148 141 134 123 136 128 143 170 161 155 160 136 149 164 164 151 142 144 175 166 158 156 135 130 113 125 118 106 97 96 95 96 95 98 96 92 95 94 91 88 113 141 105 113 128 145 143 163 192 173 125 131 177 215 128 134 154 154 145 145 160 159 175 201 225 231 218 178 152 121 115 135 134 132 123 141 160 166 69
79 81 86 90 93 102 101 87 89 97 99 91 98 105 98 68 57 58 63 67 76 74 74 70 63 71 76 78 89 75 76 91 88 89 91 78 87 161 179 134 151 153 164 168 138 136 142 142 158 167 150 153 140 131 119 148 157 148 142 152 149 146 148 156 170 150 124 167 165 157 137 125 126 125 136 145 141 94 86 98 92 100 91 90 78 81 87 84 79 98 142 119 122 129 131 134 162 169 130 127 132 160 206 129 140 138 145 136 134 175 187 191 223 247 218 213 202 146 122 130 133 128 124 130 134 149 161 69
102 77 47 68 92 109 108 103 95 97 102 100 92 92 74 62 63 53 67 66 79 77 77 72 79 73 66 73 83 83 84 90 93 79 94 79 87 123 121 121 140 140 146 161 140 142 147 162 168 151 150 139 127 143 133 157 146 155 156 161 164 146 152 153 164 171 125 143 148 136 118 116 118 171 188 142 124 101 95 85 85 92 95 93 91 91 81 87 77 103 140 126 113 126 119 137 166 182 122 120 131 139 197 138 149 149 141 129 136 183 221 245 244 217 192 213 202 130 119 131 123 127 120 127 128 133 158 70
139 74 48 53 87 115 102 96 106 100 100 101 88 71 47 48 68 62 68 71 81 82 72 77 86 78 73 83 84 79 85 84 94 84 92 83 71 84 90 86 116 136 127 124 141 154 147 159 183 157 133 131 136 149 132 143 151 171 152 140 146 152 155 163 162 176 162 124 123 127 131 121 164 188 123 107 125 101 92 88 95 99 102 98 88 93 87 101 85 104 128 114 100 113 138 150 177 176 112 118 119 131 189 133 140 143 131 144 148 169 182 232 207 161 197 246 188 122 120 122 128 129 125 128 125 139 145 72
118 71 54 52 69 110 98 94 97 102 100 101 89 68 62 60 73 73 56 65 76 82 80 80 78 79 74 79 85 68 80 90 92 88 83 88 73 74 84 81 103 121 121 126 139 152 157 164 178 155 115 140 129 128 131 150 146 147 120 147 144 156 160 161 166 157 164 159 135 125 123 147 159 116 113 114 107 93 91 90 92 82 91 88 86 88 93 95 79 109 136 112 105 121 131 141 159 161 124 121 118 132 204 169 124 130 131 137 144 164 188 204 204 170 218 216 135 119 124 130 121 124 128 123 131 153 200 81
87 74 52 51 53 105 106 100 107 117 108 85 70 77 83 74 68 80 64 62 71 78 75 68 74 77 73 66 77 74 79 88 92 92 87 93 89 70 67 71 91 108 112 124 123 133 148 167 175 172 130 132 118 134 157 158 140 148 146 167 155 150 148 156 168 163 163 157 162 135 109 126 121 114 135 114 117 106 99 90 84 87 86 86 90 78 87 91 73 96 127 105 100 115 121 136 141 143 123 115 116 143 179 182 139 150 144 147 148 172 199 197 237 228 229 163 127 122 117 115 124 124 139 123 144 191 212 81
80 60 57 57 48 82 98 103 103 99 80 72 76 82 72 72 79 74 66 66 76 86 87 77 84 78 78 72 67 71 75 83 101 104 92 93 92 79 66 80 94 99 111 125 126 124 126 139 140 158 141 110 129 152 141 144 155 171 150 146 135 154 151 161 146 172 162 163 165 152 124 123 133 122 117 116 133 111 96 93 89 92 94 96 93 85 94 92 82 101 137 115 99 107 114 137 146 141 121 122 120 137 159 182 135 143 141 150 152 170 203 215 246 243 207 149 134 127 118 119 119 125 128 145 173 199 191 84
98 62 56 59 51 56 75 85 79 81 77 74 73 68 70 73 76 74 67 75 74 79 90 84 84 77 73 71 67 64 78 74 93 88 91 85 92 94 69 79 84 84 102 128 133 129 139 131 133 136 132 122 130 122 139 152 149 155 129 139 138 157 141 131 141 170 170 171 168 159 135 113 114 123 124 119 160 105 97 86 83 89 93 86 83 87 84 90 82 108 147 112 101 111 125 137 149 132 121 122 126 142 137 203 136 131 134 133 161 177 193 235 249 240 189 140 128 121 118 111 113 120 130 180 191 200 185 72
104 81 56 62 47 48 51 60 80 78 68 66 66 66 78 79 74 67 71 82 77 77 85 82 89 85 81 75 71 64 70 70 88 99 91 77 79 93 65 62 75 81 91 103 115 117 127 126 125 133 135 112 113 121 140 159 135 131 148 159 133 137 138 145 159 155 156 160 176 188 176 128 114 122 127 122 130 116 88 87 87 91 85 83 85 84 79 78 74 117 150 111 106 113 125 129 137 142 130 123 130 138 115 177 161 127 134 137 160 206 191 229 252 227 184 144 132 127 123 120 124 125 186 204 205 210 188 79
105 84 62 64 53 53 55 52 60 62 57 59 45 54 69 82 82 68 70 79 82 82 85 82 92 92 95 93 75 73 79 80 81 100 89 80 80 89 72 72 71 75 88 100 106 107 105 126 123 123 128 108 119 130 119 132 150 155 145 139 126 142 154 146 142 150 166 160 141 162 196 166 141 125 122 112 126 151 91 90 80 83 89 85 90 89 81 80 80 96 138 112 103 110 121 129 144 140 125 133 148 150 144 142 173 128 134 135 148 218 224 224 231 213 184 153 122 123 120 126 121 173 216 203 201 211 191 76
135 92 62 57 58 59 64 66 66 57 53 52 50 56 56 64 72 77 73 80 79 82 92 83 93 98 101 101 94 81 93 80 84 92 84 91 90 91 75 60 68 80 93 87 97 97 86 96 120 120 129 122 111 104 116 147 171 140 122 124 150 154 136 126 146 141 141 128 133 116 151 157 156 146 136 124 114 142 110 97 94 91 92 89 91 90 90 84 86 86 140 123 91 103 113 135 141 129 126 153 199 181 148 122 162 155 142 144 163 191 236 237 240 226 177 127 112 121 127 116 137 191 208 208 201 202 185 77
141 96 60 60 58 66 103 86 62 56 51 40 46 55 61 65 64 75 82 78 82 77 89 87 96 106 103 101 96 92 81 82 83 90 85 85 88 108 88 73 73 76 78 80 79 89 83 85 106 111 138 116 100 118 136 133 132 118 129 142 163 139 131 125 153 123 118 136 142 110 127 122 134 132 133 130 125 119 99 85 89 91 88 89 89 84 93 85 82 74 128 115 99 108 119 123 125 134 151 188 211 172 146 147 159 208 166 173 180 200 229 251 203 172 152 119 119 121 120 131 185 200 218 204 205 206 188 67
106 108 83 63 72 95 85 126 97 80 50 51 47 47 47 48 47 59 67 66 77 65 75 95 83 101 104 112 108 100 94 92 87 93 89 85 78 107 91 72 62 70 76 68 72 77 83 84 95 104 123 115 99 110 106 124 135 136 148 120 136 134 156 127 122 114 146 137 115 125 133 111 116 128 119 118 130 133 104 82 82 82 81 90 87 81 78 79 75 69 112 123 104 96 113 121 135 145 161 181 197 155 152 151 141 191 219 171 184 229 219 192 184 163 134 119 116 124 132 191 214 208 217 208 201 202 183 72
102 123 114 96 98 110 76 93 116 106 70 53 61 50 42 46 51 46 42 53 67 64 75 97 88 98 108 105 104 107 98 95 82 91 92 81 90 86 84 60 61 68 69 77 74 75 66 78 90 97 102 112 112 114 112 125 133 129 128 106 132 145 146 115 133 128 146 119 118 118 118 120 97 108 115 114 112 104 110 98 93 94 85 89 94 93 82 85 75 73 107 127 100 102 109 121 138 157 154 174 197 159 139 169 140 153 215 207 211 252 194 142 180 132 121 115 115 160 209 223 205 206 198 195 195 197 174 68
102 109 122 98 107 95 78 97 127 117 85 63 64 53 45 53 50 48 47 45 50 65 68 88 97 93 96 99 105 103 93 85 78 86 94 82 98 87 77 55 67 79 74 85 74 84 61 68 73 88 95 98 107 121 125 114 117 128 126 122 136 120 118 120 145 119 124 121 115 102 111 117 89 101 109 107 107 105 108 103 99 91 93 87 90 90 88 90 83 72 101 130 110 109 112 121 130 145 156 162 194 163 141 154 138 168 193 192 206 252 198 129 117 118 118 132 175 227 245 198 182 199 193 187 184 182 166 70
105 106 115 93 94 82 87 81 106 141 102 69 65 64 56 54 52 42 45 38 41 64 67 84 96 93 92 100 105 99 83 84 85 87 94 91 95 103 95 65 68 67 65 74 82 76 54 81 87 84 105 101 109 115 120 112 114 120 124 123 130 115 117 113 116 103 120 107 104 117 104 98 104 85 66 77 106 100 99 99 93 83 83 90 87 83 86 92 87 75 95 133 113 105 114 113 123 149 163 168 195 166 134 151 127 150 175 203 221 200 141 126 130 116 138 207 221 248 228 182 184 184 186 185 181 172 168 74
110 118 123 134 116 81 74 105 157 154 107 83 69 74 57 40 57 49 42 43 47 54 66 76 91 89 93 102 108 103 93 97 88 94 103 97 93 89 94 75 65 71 65 71 60 67 63 87 88 95 111 113 116 122 121 117 118 103 118 123 129 123 123 97 101 112 116 100 110 117 93 105 105 83 81 94 98 94 89 102 94 86 84 94 84 87 92 95 90 83 78 127 107 107 106 116 128 145 150 163 196 162 138 144 129 155 167 222 235 162 117 112 115 149 217 226 231 247 204 176 183 175 182 180 176 176 178 70
119 108 130 147 112 96 88 83 106 114 97 72 76 73 51 49 48 53 50 42 54 57 68 74 78 78 79 92 100 96 88 87 94 100 111 107 98 102 82 73 67 78 79 75 67 61 66 91 73 104 156 149 122 118 115 117 124 113 111 120 124 114 110 110 120 103 106 123 125 113 107 107 92 90 92 97 84 88 103 101 94 94 88 88 83 87 85 92 87 76 76 129 103 107 113 121 129 144 155 155 172 151 129 136 137 152 166 233 233 144 120 117 146 208 213 216 238 247 205 167 168 172 179 171 163 181 191 70
114 104 114 103 102 113 94 72 73 94 109 92 75 58 47 53 50 40 46 47 47 45 65 76 87 91 84 94 95 92 96 81 90 93 104 102 102 107 108 79 75 70 72 66 70 60 70 86 74 111 173 168 152 143 129 104 111 117 112 103 118 116 117 111 117 109 117 116 113 120 112 99 95 91 90 95 82 84 87 97 102 93 88 83 84 80 84 86 88 77 76 126 129 98 118 119 134 137 144 178 150 138 126 125 143 148 165 237 197 120 116 141 202 215 204 226 249 237 217 181 162 159 164 160 157 191 188 69
116 116 114 108 97 133 107 90 99 90 135 130 78 63 53 46 47 50 45 56 49 47 69 76 89 107 90 82 89 102 102 93 86 90 100 111 107 107 106 97 74 76 65 52 60 55 66 88 85 113 179 182 177 161 145 121 110 102 92 104 120 122 122 110 111 114 115 101 112 111 94 110 120 95 98 99 84 81 88 93 93 88 94 87 81 94 86 88 94 80 78 119 135 104 113 123 131 142 154 178 134 130 131 128 136 145 163 224 174 120 157 213 225 212 213 232 251 236 215 181 162 161 155 161 165 221 205 69
100 124 130 104 99 122 118 105 105 108 125 140 98 65 57 50 49 51 45 53 50 52 62 79 84 101 92 83 88 92 105 87 81 94 92 114 113 115 108 101 77 79 79 66 58 61 58 82 90 111 182 191 182 165 155 142 121 102 80 93 110 110 115 119 129 119 101 106 104 94 94 109 102 96 101 84 92 82 83 84 99 91 87 82 82 87 84 89 90 77 71 111 137 113 109 116 128 147 156 147 125 129 137 127 124 134 162 176 144 184 220 224 209 212 215 241 246 239 210 168 161 164 150 161 167 194 205 77
114 134 122 103 100 124 114 108 114 147 101 116 117 59 49 48 52 50 50 57 53 45 51 73 75 90 101 88 97 102 95 98 86 96 92 96 107 98 106 101 83 80 78 80 90 77 73 76 80 122 191 184 175 164 159 154 138 115 83 70 102 110 105 111 117 124 111 102 90 93 92 103 107 94 89 90 93 88 79 79 103 96 88 79 90 95 82 86 87 79 72 97 137 111 111 116 133 146 148 143 117 124 127 121 129 127 159 164 203 228 226 219 200 209 228 252 245 240 192 163 161 162 145 165 166 159 190 68
135 134 127 115 107 112 113 120 119 126 116 94 140 75 43 54 53 45 59 60 55 49 52 55 62 81 88 84 99 102 97 100 98 90 93 91 102 96 105 109 87 77 82 73 69 62 71 75 81 141 191 177 170 168 170 159 148 133 94 70 80 98 103 100 103 124 113 104 108 109 91 100 109 96 89 94 91 86 85 81 97 101 92 97 90 96 90 93 82 85 64 85 140 124 116 125 125 131 153 130 109 120 124 130 146 190 217 237 240 230 231 234 227 228 246 246 247 230 175 156 157 147 146 163 162 164 172 70
133 139 134 165 102 117 122 117 137 101 138 111 103 89 54 55 49 59 63 69 64 55 58 54 52 72 85 75 89 103 93 93 97 100 95 92 120 104 97 106 98 81 75 68 63 75 69 66 82 142 199 180 172 168 163 150 149 133 98 79 82 82 100 100 97 94 103 105 109 111 104 104 90 90 108 98 90 89 89 89 93 97 89 90 90 88 89 96 87 87 80 78 132 130 106 117 123 136 136 115 117 121 160 219 243 255 252 253 237 238 252 252 253 252 248 243 239 227 171 151 148 146 150 164 169 162 176 69
163 197 156 188 107 91 120 131 125 106 112 103 124 139 51 53 52 54 59 65 71 64 60 65 49 55 75 76 82 97 98 89 92 96 98 91 102 115 107 100 101 68 62 64 51 83 74 73 89 152 196 182 172 165 159 153 142 136 91 76 76 72 74 89 96 93 99 98 101 94 114 106 92 94 95 92 100 93 77 86 89 101 100 92 92 87 86 79 89 80 75 79 129 137 112 117 121 139 134 121 130 188 249 255 252 250 249 233 236 249 252 249 248 251 241 238 235 223 162 154 145 148 163 153 151 160 217 68
146 198 155 164 108 89 110 149 101 90 107 100 102 140 72 55 57 64 63 66 70 65 64 69 60 46 63 79 89 91 97 102 100 90 89 100 102 108 107 113 111 87 74 68 55 56 63 98 95 131 190 180 176 158 154 146 151 140 96 73 77 72 76 88 91 99 96 95 109 97 101 101 109 103 91 98 91 88 79 95 91 105 104 103 101 90 87 86 96 80 77 81 119 143 113 119 114 124 144 163 225 255 252 251 245 238 213 202 206 201 231 253 247 249 242 224 225 218 160 154 160 165 160 152 159 159 216 73
135 181 156 141 121 105 127 142 99 114 92 92 96 109 94 46 57 59 64 72 64 60 60 68 56 50 60 78 88 87 92 98 97 95 100 102 112 118 106 110 110 98 75 76 78 85 79 91 78 105 187 174 166 161 149 145 148 125 85 81 70 76 86 71 80 89 99 97 100 96 103 110 95 98 106 96 88 91 88 91 82 100 100 103 94 90 98 93 92 74 78 83 104 142 121 121 123 122 163 239 253 252 251 249 229 206 184 193 198 193 214 247 244 246 242 226 223 208 168 154 161 139 134 156 153 160 191 77
143 195 188 148 152 163 154 110 96 107 94 92 90 102 139 75 51 55 94 72 65 69 62 63 64 67 57 59 77 89 82 87 98 99 92 101 102 110 109 109 121 121 86 78 80 91 81 74 80 95 171 174 163 159 143 149 143 110 63 68 82 75 67 80 74 76 81 91 105 102 100 116 101 102 102 103 99 98 91 83 79 100 103 99 95 97 98 88 87 84 87 84 101 141 130 120 125 136 165 246 249 252 250 226 208 184 185 192 192 203 221 246 249 241 237 234 225 202 173 165 158 151 150 146 161 193 152 63
123 178 194 169 181 162 105 116 132 119 103 97 99 92 136 103 54 56 115 81 72 67 61 66 66 66 56 53 73 85 92 97 99 99 95 87 97 121 129 120 113 119 94 74 76 76 83 85 82 83 162 164 157 153 146 133 142 105 67 63 65 79 79 69 80 77 77 93 108 104 100 111 108 108 103 106 106 101 84 87 91 99 102 111 99 94 86 85 95 90 91 86 88 144 129 115 116 137 154 236 252 245 222 199 183 175 180 191 198 203 229 241 243 244 228 233 217 187 175 158 141 164 148 145 161 166 127 59
138 138 156 136 154 166 113 117 116 89 102 100 129 112 124 117 59 61 117 105 67 68 62 52 80 94 70 48 70 77 80 88 93 98 92 92 99 112 126 123 125 124 113 84 70 63 79 79 80 81 150 163 155 145 146 142 134 94 63 68 68 61 66 75 76 75 78 107 111 123 111 108 106 109 106 104 110 110 100 103 89 97 106 114 101 98 86 82 80 77 83 80 82 133 140 116 129 135 154 236 253 227 197 178 171 179 172 180 190 193 211 221 245 237 226 220 194 178 173 180 140 142 145 145 181 188 145 69
141 110 140 137 138 135 136 105 94 93 94 104 107 134 124 142 79 63 114 110 89 69 60 75 130 140 67 52 60 77 84 80 87 97 99 98 101 104 119 120 115 126 115 93 72 71 71 84 79 66 130 172 150 139 150 138 122 82 64 67 71 69 56 76 78 67 88 98 102 123 132 125 112 111 105 101 105 102 106 101 95 101 103 103 98 103 98 89 85 87 88 83 87 124 149 118 119 137 154 221 221 204 180 177 168 173 174 171 183 181 177 199 235 217 214 191 185 160 166 160 178 155 141 200 204 192 190 72
150 101 135 185 154 128 123 115 97 90 102 102 94 107 115 204 111 84 113 118 102 86 56 69 118 136 64 56 53 73 79 86 84 94 100 102 84 93 108 120 116 119 121 101 74 67 70 75 76 65 115 168 157 146 153 139 110 70 57 59 64 70 77 72 65 67 84 90 93 110 130 122 122 126 109 107 100 101 104 109 103 99 111 106 99 100 100 98 89 97 100 94 86 109 160 125 115 127 160 189 198 183 169 175 177 170 170 178 182 184 191 228 222 211 184 173 148 137 150 177 204 190 166 200 183 204 178 55
119 101 147 177 135 127 99 107 99 97 104 113 109 122 154 151 107 88 124 120 102 101 62 44 68 82 56 57 47 61 76 86 77 87 91 96 92 93 100 114 113 115 112 118 91 63 62 64 70 68 100 163 150 141 141 135 93 64 60 65 66 67 70 63 60 58 84 92 93 117 131 128 128 121 116 106 106 104 106 105 103 106 105 105 101 103 103 104 85 91 89 95 86 87 155 151 128 134 159 171 174 165 168 174 170 165 174 173 170 190 221 216 196 181 171 151 127 136 131 151 141 187 176 165 195 201 141 56
109 119 133 132 114 140 103 109 129 120 111 115 115 131 126 129 125 79 100 113 99 100 73 42 53 61 44 57 44 52 71 86 73 81 91 98 97 97 88 109 116 114 110 109 105 80 76 70 67 69 89 150 139 143 139 124 81 80 64 63 62 64 62 62 76 71 83 90 111 125 126 121 123 119 118 120 115 118 108 102 96 95 105 106 96 111 109 104 96 96 88 82 81 82 139 171 135 154 145 171 172 170 166 173 170 162 164 167 163 212 217 193 178 167 150 120 120 120 119 118 126 172 196 190 232 161 142 62
109 121 131 156 142 178 116 130 146 118 136 127 101 121 117 171 184 80 82 114 104 85 54 44 52 47 49 62 53 44 54 73 79 78 90 99 102 94 93 105 115 111 110 110 115 102 76 68 66 72 75 124 135 133 125 114 74 68 61 67 68 69 66 73 77 71 72 89 94 118 135 128 129 133 130 124 133 161 112 107 105 99 101 108 103 108 106 99 106 100 99 88 81 84 101 183 148 137 148 188 162 168 164 170 165 162 170 170 190 217 195 178 170 158 113 129 129 125 115 108 130 142 173 201 169 146 156 71
132 122 127 149 170 154 121 121 103 110 125 117 106 109 104 136 152 94 76 87 84 68 53 44 47 49 52 51 58 48 48 60 67 67 76 96 94 101 94 89 104 96 99 112 117 111 104 76 70 72 74 79 119 134 110 80 79 76 76 68 76 68 67 78 73 82 78 80 88 111 126 133 130 135 130 124 125 109 100 107 106 101 103 101 100 110 116 104 98 100 96 90 81 88 88 179 169 132 151 184 171 163 178 173 174 168 172 192 204 188 183 169 151 122 105 113 124 123 113 128 122 126 133 188 188 161 168 67
139 120 112 118 128 129 123 120 122 121 115 108 110 105 113 126 143 116 99 77 77 68 45 49 46 47 48 46 49 51 56 59 49 72 79 85 97 100 88 93 96 93 83 92 95 108 112 90 77 79 74 73 81 89 74 66 78 76 87 73 69 68 69 76 83 83 78 82 84 102 119 127 131 132 130 128 118 98 103 103 112 105 110 104 108 113 114 109 109 104 99 97 87 84 83 150 186 151 160 162 181 177 179 187 208 203 201 198 183 156 163 140 114 119 117 112 112 137 164 139 123 137 140 154 201 161 159 67
113 123 122 114 113 122 117 129 132 122 119 121 107 104 113 134 131 139 130 105 80 63 45 40 47 47 45 41 42 57 60 59 54 60 77 89 91 101 96 93 85 96 88 93 90 95 103 95 65 60 72 70 77 82 65 68 68 71 79 79 71 69 75 85 83 87 79 85 90 90 102 124 133 127 129 132 117 109 108 98 108 99 106 108 112 115 121 116 109 105 106 107 99 85 83 116 195 152 165 144 171 178 159 162 186 202 192 178 172 161 143 110 110 115 117 111 116 125 145 129 126 118 132 128 188 176 153 61
101 115 116 110 113 110 113 112 115 98 102 110 103 114 114 121 135 138 136 120 84 61 45 43 50 38 36 35 40 52 52 63 53 47 63 79 86 97 96 98 92 97 97 91 87 96 97 85 65 47 47 51 59 74 74 69 70 69 72 85 68 73 72 82 74 84 86 82 89 97 116 120 127 126 128 126 108 102 97 96 98 103 103 115 118 113 120 118 102 108 108 108 106 86 91 97 182 159 141 144 171 161 145 161 148 176 177 166 158 144 124 112 106 105 110 117 117 120 117 121 132 114 117 125 164 191 140 68
91 101 114 104 103 107 117 111 116 111 102 95 107 96 106 120 145 148 140 138 101 60 46 43 50 41 48 44 46 52 52 57 62 56 63 64 83 92 100 94 94 95 97 93 88 99 97 85 80 67 50 48 45 55 62 75 77 69 77 73 65 74 72 85 83 72 80 82 85 91 101 116 126 131 128 121 103 97 100 104 97 98 106 111 136 125 108 117 109 97 101 104 108 86 89 80 133 179 137 151 167 164 163 151 153 169 143 156 162 143 117 103 97 112 110 106 120 117 115 109 131 121 123 122 136 179 144 62
95 103 112 113 106 104 108 103 108 107 98 88 98 90 97 126 139 149 150 137 109 56 51 48 47 43 54 49 46 54 71 58 53 59 59 61 69 84 97 93 87 100 93 90 87 85 88 83 81 84 69 51 49 45 51 68 81 74 77 84 70 71 73 83 83 83 82 85 90 108 117 122 130 132 128 116 96 101 101 94 92 98 109 126 132 144 129 125 119 108 106 105 96 93 84 87 105 186 150 141 158 158 145 145 152 144 138 161 155 148 110 107 103 105 117 109 114 111 103 110 112 128 119 123 126 145 170 56
100 98 98 105 108 104 108 98 104 102 103 88 91 99 111 122 127 118 125 126 102 75 46 46 49 48 58 55 37 57 78 68 52 48 62 71 68 73 88 94 90 95 88 96 100 93 93 105 86 75 80 77 52 55 51 57 75 77 74 81 79 73 75 78 75 78 85 103 123 123 124 124 126 121 121 106 102 100 98 92 96 110 126 132 139 147 147 139 114 112 104 111 104 109 87 88 87 172 153 142 152 157 129 146 131 142 151 150 152 161 156 135 111 103 106 106 124 110 109 115 118 121 115 127 121 119 155 53
90 99 88 97 107 104 102 108 103 108 117 114 106 96 111 123 121 120 107 141 118 84 58 47 50 46 58 68 45 51 66 67 62 59 52 82 71 68 71 96 91 94 86 94 95 90 88 96 86 87 85 92 73 51 48 48 68 88 79 71 82 75 77 70 82 91 111 124 121 118 118 118 119 119 118 98 98 98 87 94 102 116 135 130 140 144 146 150 121 115 106 101 104 111 100 89 91 131 191 150 153 165 131 142 132 140 133 130 148 164 171 148 157 156 145 127 132 121 116 120 128 137 142 137 137 153 141 46
81 91 88 97 98 105 111 106 101 105 107 115 113 99 91 121 137 138 129 129 120 95 71 49 51 52 59 59 41 42 54 61 69 64 61 61 73 70 67 75 88 92 89 93 98 94 86 85 85 91 81 83 77 60 50 54 104 151 79 80 92 80 71 79 97 123 117 128 126 130 123 122 122 123 117 96 100 90 95 100 104 130 132 138 145 147 153 158 141 117 116 102 112 106 111 91 91 109 181 156 152 157 131 131 125 111 116 125 129 127 129 122 127 140 148 157 166 165 159 156 166 171 168 168 169 166 145 44
89 96 100 108 103 96 112 107 100 99 111 105 105 95 88 118 141 137 158 130 107 93 70 61 54 49 60 51 42 40 53 53 66 58 66 63 70 79 74 59 70 83 81 91 107 105 89 84 105 88 74 79 69 69 51 71 98 142 70 71 96 89 76 95 122 118 112 131 130 129 127 124 113 122 109 103 99 96 97 102 111 143 141 136 145 146 149 155 148 124 113 107 105 98 125 108 89 97 159 174 150 164 138 123 122 126 125 119 126 124 122 114 119 119 124 127 125 133 142 147 155 165 165 165 164 167 141 47
89 89 95 96 92 94 95 98 99 99 109 101 102 94 85 111 126 140 153 148 122 108 83 72 52 51 56 55 35 38 54 45 63 77 74 82 70 82 77 68 73 71 74 80 102 121 102 81 80 73 68 70 68 66 53 67 74 94 104 90 131 152 142 142 125 112 129 134 137 132 129 125 120 114 106 104 106 101 116 121 129 144 148 143 145 148 148 148 151 136 113 117 112 111 125 131 97 96 128 191 176 167 141 115 124 127 125 123 133 128 118 120 124 121 126 126 126 138 140 137 140 146 141 141 144 155 127 48
88 90 83 83 81 90 80 74 92 97 99 103 95 93 87 116 118 127 123 138 145 127 92 72 67 61 69 53 40 43 44 43 55 83 89 78 79 68 66 73 63 63 74 78 93 110 99 86 82 78 77 77 77 67 102 157 144 140 169 140 144 145 150 159 164 142 132 139 140 134 134 133 124 106 102 97 101 109 150 164 176 165 155 157 153 145 138 148 147 147 126 119 118 120 118 140 127 99 113 186 182 156 167 122 122 122 124 121 123 121 128 121 129 131 130 128 130 133 141 139 142 140 136 132 143 142 117 45
88 84 80 127 91 82 69 80 86 85 103 102 94 88 104 119 124 121 119 131 130 124 111 80 89 70 73 61 51 42 46 49 61 73 87 90 82 75 64 75 74 68 68 70 74 86 84 90 91 88 79 75 69 125 218 232 212 171 127 124 132 135 135 149 168 157 147 146 147 144 131 132 122 111 101 91 101 121 181 193 233 191 131 165 167 150 140 149 152 151 127 114 112 119 124 137 140 109 102 160 189 151 170 131 121 119 121 118 122 113 126 124 131 123 123 124 134 136 140 145 138 140 137 135 136 133 115 45
71 60 75 154 107 70 74 76 72 72 82 94 95 100 108 122 124 128 127 124 117 134 111 96 80 89 78 75 66 45 41 53 71 76 81 99 85 79 76 79 77 72 83 79 73 74 74 88 93 89 96 85 72 181 238 232 188 137 123 123 136 139 141 141 151 143 147 156 149 152 146 136 123 112 101 105 112 144 180 195 194 145 134 155 169 161 141 142 153 135 111 87 87 107 121 122 148 127 97 139 174 155 163 155 134 122 121 117 116 113 127 125 127 126 131 131 136 135 136 136 140 133 137 136 136 138 122 46
66 72 68 86 75 64 67 70 71 61 62 69 86 86 99 114 114 114 120 114 119 123 118 115 85 92 89 72 69 61 45 68 77 74 84 81 100 85 83 84 79 83 93 87 72 74 78 88 90 95 89 79 93 207 238 225 178 134 127 126 131 140 141 142 145 144 141 148 135 140 134 123 103 91 91 85 92 177 160 148 131 138 139 154 173 156 149 147 129 121 122 98 95 105 116 117 143 128 97 119 172 158 150 156 144 134 126 109 110 112 121 130 118 123 130 129 133 138 133 137 140 134 143 143 141 139 97 35
74 76 75 80 80 73 64 78 85 72 67 71 78 83 93 103 112 104 112 115 113 115 123 123 103 90 96 76 78 76 52 55 67 82 79 86 76 87 84 85 81 77 81 79 83 76 76 78 78 92 87 81 97 204 235 226 173 136 133 129 133 150 143 136 132 136 140 143 144 142 142 138 117 95 86 80 112 189 137 126 120 114 119 144 155 134 140 130 121 118 120 113 91 100 102 109 115 124 110 101 160 153 159 160 138 141 122 100 95 105 112 118 120 117 133 135 141 146 140 136 137 139 133 123 131 119 86 31
74 82 86 76 82 78 67 70 88 89 83 86 70 82 92 86 87 100 105 107 126 113 105 116 124 110 95 95 82 80 68 50 63 74 77 78 67 70 81 78 81 71 79 73 89 81 83 78 74 88 84 82 90 204 232 216 166 141 132 133 136 139 140 150 144 153 154 153 164 165 159 164 139 114 106 109 137 179 142 133 134 112 120 139 155 133 123 116 119 119 104 111 91 92 83 105 108 126 130 90 140 155 145 156 130 125 100 94 90 112 112 113 125 140 139 144 142 134 130 125 123 137 161 121 115 103 73 32
