106 38 56 50 55 45 52 70 70 78 73 68 71 68 79 60 76 93 77 70 72 73 83 69 67 77 65 75 67 86 93 78 75 69 69 65 70 74 63 66 65 63 70 68 74 75 74 65 84 91 76 74 77 76 65 75 74 82 73 72 78 81 104 117 112 101 98 96 94 99 84 75 71 72 77 121 123 77 61 116 179 201 209 211 212 219 214 218 208 196 178 176 182 181 177 180 184 177 173 150 120 88 64 54 61 68 76 79 92 96 94 97 98 87 76 59 53 40 41 40 40 36 31 34 30 33 30 29
90 37 55 48 54 51 47 69 74 77 81 70 69 69 71 60 62 78 76 70 64 79 84 67 71 65 64 75 84 89 97 86 78 70 67 71 74 77 70 66 72 74 68 69 78 76 74 73 80 85 84 71 72 72 77 76 82 88 92 84 76 84 98 104 103 109 96 91 87 91 90 74 72 71 79 135 137 77 57 108 180 205 200 216 220 213 220 221 215 204 191 188 183 178 173 184 186 186 195 184 149 111 82 62 60 71 77 86 93 95 99 102 99 92 79 66 55 43 42 37 38 35 38 39 34 30 36 33
91 44 59 47 56 52 54 68 79 79 78 71 72 75 72 67 64 65 73 72 63 74 80 76 74 78 78 74 92 92 89 84 77 71 64 78 76 78 70 64 75 73 68 73 71 78 82 89 81 82 91 78 73 82 82 80 83 79 79 77 72 90 98 100 107 111 92 91 84 90 87 77 74 78 88 138 141 77 57 111 180 206 215 219 229 228 221 221 216 201 197 204 202 192 192 190 194 190 194 193 176 145 101 78 68 72 81 97 100 102 103 108 103 95 79 67 58 48 40 43 39 35 39 34 23 36 38 38
95 45 47 54 49 51 55 63 78 78 70 82 80 72 80 79 66 59 74 70 64 72 79 76 78 86 80 79 95 99 90 78 73 78 73 76 72 78 81 80 81 74 79 78 77 70 72 73 85 89 85 71 65 73 74 78 83 72 60 69 69 81 95 99 110 105 92 89 90 91 85 81 78 75 87 146 132 78 62 120 181 197 198 205 221 222 227 214 215 204 199 214 221 224 218 218 210 206 204 192 185 162 133 98 70 73 87 98 105 103 110 115 110 97 89 69 55 41 46 38 37 36 34 33 38 35 34 35
94 40 50 45 47 49 53 73 77 90 84 80 71 78 85 76 68 63 69 72 63 69 80 79 73 72 65 84 104 105 90 74 74 78 69 72 74 81 81 72 68 66 66 68 71 71 67 75 93 92 93 78 72 71 68 77 78 64 69 66 64 79 98 109 108 102 97 95 96 90 81 79 81 84 91 146 139 69 63 121 184 197 198 201 213 214 215 210 206 199 206 215 218 228 223 221 211 209 206 195 186 177 158 125 96 89 94 105 106 105 111 120 108 98 84 76 60 48 47 41 35 35 33 32 44 36 39 35
100 48 46 51 48 60 62 72 87 89 74 72 74 79 77 75 71 80 73 71 72 60 82 85 78 75 81 88 105 104 78 76 79 78 71 72 76 80 81 73 59 60 60 70 71 78 78 84 88 85 84 93 83 84 76 83 75 67 67 62 60 76 103 103 112 103 92 87 79 80 80 80 82 86 92 143 137 68 59 123 178 188 192 192 203 202 209 205 202 205 207 211 216 223 215 220 210 203 191 191 187 185 175 155 120 111 109 115 118 125 126 121 116 104 88 74 58 46 47 45 41 38 39 45 39 33 43 41
99 57 52 57 61 59 62 75 88 82 70 74 72 83 86 84 83 87 74 61 64 71 72 88 84 76 77 78 76 80 90 79 73 73 78 74 77 79 83 74 62 56 60 78 90 86 92 91 82 84 79 92 85 85 84 82 74 71 60 62 73 86 101 103 103 99 89 79 74 87 87 81 83 86 92 140 136 70 75 134 186 195 190 196 202 202 202 197 197 201 197 202 207 207 207 205 203 190 201 187 186 185 185 169 150 141 143 142 147 147 143 136 128 116 97 76 65 47 50 47 41 41 36 38 45 38 38 33
107 53 56 55 57 64 65 73 88 78 86 80 59 81 89 76 81 93 79 73 65 75 71 78 78 85 89 82 69 70 89 85 67 70 79 77 72 88 84 72 66 63 76 122 119 83 92 88 80 83 75 76 82 84 87 77 80 70 73 71 73 94 99 100 100 91 86 85 83 81 85 87 86 85 100 145 131 75 74 133 190 205 207 200 202 201 194 200 202 193 196 195 199 200 198 200 200 193 194 195 191 192 193 179 179 173 177 178 182 180 174 168 164 146 114 90 68 52 48 45 39 43 44 43 40 48 40 36
101 52 56 56 57 64 67 74 85 81 85 77 64 84 80 74 71 88 82 68 68 67 62 72 78 78 85 81 70 70 85 80 68 64 72 82 84 89 84 74 61 70 102 132 111 84 80 81 81 81 85 81 87 88 93 88 71 61 69 68 81 103 105 106 101 91 86 85 75 79 80 85 78 80 101 143 132 74 76 146 193 210 214 208 200 197 205 196 201 202 202 200 201 199 197 198 199 201 201 200 197 200 192 192 196 199 193 205 211 201 201 193 195 184 160 122 86 62 50 50 42 41 49 48 48 46 40 45
99 56 54 59 62 63 70 77 75 84 90 64 75 76 76 71 78 92 89 82 70 70 69 80 86 87 83 78 86 86 90 69 73 69 69 83 78 81 76 68 70 85 90 92 81 87 89 89 81 77 88 76 79 77 85 77 67 68 73 72 85 100 110 107 93 89 84 77 76 80 72 80 89 88 114 154 129 71 74 147 204 212 210 205 202 198 198 203 203 198 200 195 193 191 190 194 199 204 204 209 201 208 206 211 210 214 219 223 220 217 213 206 208 206 195 164 120 82 64 54 45 46 48 46 50 45 40 44
97 69 45 57 64 67 73 78 67 79 83 85 83 76 70 73 95 78 78 88 74 77 67 72 90 86 81 75 96 92 71 65 66 74 82 85 71 73 74 65 81 90 90 88 78 86 77 79 74 79 82 86 78 75 66 69 76 79 80 85 94 94 98 98 94 87 88 78 84 78 73 79 90 77 105 154 125 67 68 146 196 203 194 197 204 201 202 202 199 202 205 205 205 196 193 194 201 206 212 213 213 211 219 223 222 226 234 230 225 225 222 220 212 211 210 183 155 109 74 55 53 54 46 44 45 49 47 38
90 74 45 54 71 70 73 84 75 78 81 89 84 86 77 78 88 80 79 87 85 73 70 85 85 78 79 74 88 84 71 66 66 76 82 77 71 76 73 69 79 83 86 75 83 83 76 79 82 80 78 91 82 72 69 73 66 84 79 84 90 92 100 101 100 90 87 80 86 88 85 81 86 87 103 148 124 68 74 140 188 195 195 201 196 198 201 201 202 203 208 201 204 201 201 200 198 205 206 211 213 214 225 228 235 237 235 239 235 233 228 224 220 215 214 197 176 138 98 59 46 51 46 51 34 42 40 41
98 74 43 54 61 70 65 85 86 88 71 66 75 82 84 86 89 83 89 89 79 72 72 87 88 73 70 72 99 78 76 71 73 81 80 77 73 84 80 74 75 78 79 74 82 79 80 84 89 83 75 85 78 76 70 71 74 85 83 87 86 91 101 101 98 89 91 90 83 83 91 88 88 91 105 145 129 68 82 135 190 195 195 191 192 201 195 200 207 203 203 203 206 211 208 199 198 205 209 207 214 222 222 228 234 236 236 238 236 230 223 221 225 220 209 201 189 154 114 74 47 45 51 48 41 39 41 39
109 73 45 54 61 71 71 82 85 92 72 56 79 90 83 96 93 80 82 82 75 72 66 73 78 75 73 77 84 87 88 74 71 81 80 80 78 81 79 79 74 73 83 84 83 78 82 82 78 93 96 86 82 76 74 73 75 78 84 83 84 93 98 100 97 81 88 86 78 81 92 92 87 91 106 146 127 69 82 151 198 192 194 202 199 211 201 200 210 210 208 205 210 224 218 211 207 203 206 210 224 227 231 236 232 235 230 227 232 233 228 223 215 218 213 212 190 168 125 74 52 48 49 43 40 46 41 39
100 84 57 61 57 62 79 78 82 78 66 61 75 87 83 99 85 72 80 70 69 72 67 63 77 74 80 87 91 89 84 80 76 88 80 77 86 87 75 67 65 71 80 88 82 78 83 84 96 130 133 97 77 78 80 73 76 75 80 75 75 94 99 95 94 83 80 83 78 82 94 104 105 101 107 155 130 69 84 162 198 200 199 203 199 199 212 211 214 206 205 212 220 232 227 224 220 215 206 206 224 234 237 238 239 234 233 231 230 221 218 222 220 220 214 212 194 161 127 77 49 51 49 42 42 40 40 40
94 94 44 64 64 71 74 70 79 82 71 59 63 72 75 101 85 70 76 72 68 74 69 72 73 77 82 88 85 85 93 83 84 90 85 71 71 81 80 73 65 76 79 77 76 81 82 80 84 97 99 84 79 77 73 74 68 77 83 75 76 90 100 102 95 83 86 83 83 87 97 106 111 109 118 141 116 82 92 171 195 202 204 200 204 204 214 219 216 212 210 219 230 235 238 233 224 219 206 205 226 227 238 236 237 234 231 234 226 220 221 227 223 211 210 204 195 163 125 85 51 53 59 52 43 42 36 40
83 94 45 90 71 73 81 77 80 78 77 67 68 62 76 99 86 74 84 94 76 76 96 97 78 77 81 79 78 88 93 89 86 98 92 86 74 73 68 68 62 83 89 79 77 76 81 85 85 83 83 77 76 68 72 73 67 69 77 76 80 96 104 103 94 87 89 85 83 86 94 108 111 102 114 130 119 89 94 166 194 203 207 203 201 215 217 224 219 224 220 218 227 233 234 230 226 220 215 217 229 237 237 244 243 231 232 234 236 227 226 225 225 219 211 202 187 157 115 78 59 52 53 49 46 42 44 51
79 97 44 65 70 68 80 88 72 71 80 86 75 67 82 90 81 75 82 82 84 84 86 94 84 76 77 78 87 102 107 95 85 92 89 86 72 62 65 60 65 70 81 76 77 85 87 81 87 94 82 74 67 69 77 72 75 79 78 75 85 100 105 100 94 82 86 84 86 76 90 113 116 105 97 117 111 90 98 167 196 199 204 207 213 220 226 225 220 220 224 221 230 231 229 223 223 220 221 232 238 237 239 240 234 224 228 235 233 234 228 227 221 217 216 207 184 159 115 79 57 49 48 41 40 44 44 46
77 101 45 74 64 64 87 95 70 67 67 85 81 69 72 81 79 73 74 84 83 80 86 97 92 83 84 84 83 95 100 91 95 95 89 89 82 76 65 61 64 78 79 76 88 85 80 80 81 76 78 69 68 73 80 75 76 74 81 91 92 100 106 95 90 85 88 87 81 77 84 98 93 92 94 115 106 87 108 173 199 210 217 221 230 225 234 225 216 225 228 233 233 235 233 223 219 226 228 238 239 236 238 235 228 238 231 236 232 233 229 226 218 217 212 203 179 151 110 70 54 51 51 43 45 46 45 43
64 107 44 67 79 72 74 93 65 68 82 100 86 72 82 69 75 72 77 85 77 69 75 87 90 88 90 84 84 88 87 79 81 83 79 74 83 73 72 65 65 79 73 75 82 87 74 76 66 74 71 70 63 69 76 74 76 78 81 91 96 103 112 100 86 84 84 79 83 82 84 88 82 81 96 117 102 84 106 162 199 219 220 230 233 231 231 231 230 233 234 236 232 230 226 218 216 228 235 237 240 237 238 230 222 232 237 234 233 231 228 225 221 208 205 193 166 139 100 61 57 51 50 44 44 46 48 42
66 95 37 58 74 71 69 92 69 73 76 86 98 79 76 75 71 69 79 90 87 74 62 80 93 85 77 88 86 90 85 76 67 76 79 63 67 71 70 65 70 72 73 71 76 75 76 80 80 66 69 78 70 72 75 73 72 74 81 91 92 103 118 112 103 88 94 89 92 96 101 99 110 104 113 135 113 83 108 170 210 224 231 237 235 238 240 237 239 236 237 238 232 227 224 215 217 219 224 233 240 239 231 227 223 227 231 234 232 229 224 228 223 210 207 194 167 137 91 64 51 49 52 47 46 43 53 46
59 90 49 70 80 73 76 100 75 70 78 67 86 89 82 80 77 66 64 64 79 78 73 81 86 88 84 79 88 81 76 76 67 77 75 71 65 65 63 63 63 70 72 85 89 85 84 78 76 69 78 82 82 82 67 68 72 98 132 152 160 163 185 193 191 171 166 176 192 190 209 215 208 213 216 209 213 201 190 200 214 226 213 215 226 228 238 241 241 244 243 235 231 226 220 211 214 216 218 235 234 230 221 219 221 229 233 233 234 233 228 234 221 213 205 197 172 135 84 61 53 42 46 48 50 46 51 50
67 89 52 67 76 78 73 93 73 69 70 63 66 82 84 72 82 82 68 61 62 71 71 88 81 82 79 76 76 93 76 69 70 77 84 80 74 69 68 59 65 62 65 79 80 82 79 77 78 80 83 86 81 94 110 150 172 192 204 217 197 183 184 190 175 185 196 201 200 203 215 208 203 213 216 213 214 219 226 216 216 225 227 213 211 215 223 230 222 229 230 232 225 222 211 209 213 207 220 222 223 220 218 221 220 229 232 237 238 229 227 225 226 221 208 200 173 137 97 65 53 52 39 47 51 47 52 48
73 81 44 62 67 81 81 87 63 66 67 62 66 76 82 78 76 76 63 60 58 75 81 91 83 82 78 80 82 89 75 79 77 78 85 84 76 74 73 68 70 67 65 73 76 80 92 89 79 79 80 113 150 174 191 187 191 188 182 174 172 184 180 171 185 200 192 205 198 198 203 200 202 212 213 212 215 214 221 223 221 230 226 226 222 231 225 219 219 223 220 222 220 217 210 212 211 205 213 221 218 220 216 218 221 228 226 230 235 228 225 226 214 218 213 204 184 156 119 71 55 48 45 49 47 54 46 41
79 81 48 67 73 76 86 89 76 68 79 71 67 75 82 80 77 81 76 59 62 66 82 86 83 82 89 82 89 85 69 69 69 76 88 80 83 84 78 64 60 65 62 74 81 85 94 93 91 120 175 200 182 178 193 176 165 175 165 176 184 188 184 189 194 202 189 205 207 216 213 204 207 216 220 209 218 215 222 228 227 212 222 227 217 230 224 217 230 232 218 214 227 228 213 225 225 214 218 213 212 217 215 220 221 229 233 233 236 235 228 231 220 213 205 197 189 175 138 91 63 51 50 48 43 49 44 45
80 76 49 77 78 74 80 81 70 62 69 62 67 70 70 79 92 81 78 61 58 61 81 90 85 76 78 84 78 79 63 65 71 115 113 81 86 89 77 74 71 75 68 76 81 90 112 136 182 205 159 143 166 180 169 168 167 165 186 180 176 190 199 201 204 211 210 225 214 216 230 203 220 217 221 206 213 216 219 223 231 219 225 229 232 235 231 224 236 220 221 219 217 222 222 218 223 212 215 228 217 210 219 218 225 232 235 240 238 234 234 228 218 211 210 205 202 190 154 120 76 55 51 50 51 46 47 46
84 86 61 76 77 79 85 89 67 61 61 70 68 58 66 89 100 78 74 75 61 62 74 91 83 84 79 82 80 87 72 70 73 109 100 73 83 87 81 80 76 80 74 73 98 153 197 185 187 192 174 190 163 172 182 186 188 181 186 182 192 197 199 210 222 223 215 212 225 206 234 228 216 223 225 217 218 224 232 236 244 238 238 243 244 246 246 248 246 240 238 235 241 237 228 223 217 212 209 223 220 223 213 214 207 210 214 225 227 231 239 226 220 218 213 206 200 191 163 141 98 63 56 51 48 53 48 50
93 116 58 84 89 73 84 91 78 63 65 69 63 63 71 78 92 78 69 71 64 63 62 76 82 98 148 124 87 117 95 86 83 80 68 69 75 81 96 86 74 81 94 141 182 164 162 165 183 167 166 158 150 181 190 183 201 195 175 183 206 212 212 227 222 225 225 210 225 235 210 234 235 226 223 235 237 229 231 233 223 211 211 208 213 212 208 216 208 205 194 189 207 213 204 218 222 233 244 239 220 230 222 210 208 202 195 188 197 202 200 218 211 212 213 203 197 193 183 166 134 93 66 55 46 51 49 53
73 97 50 80 95 78 84 76 72 72 74 60 59 72 84 87 89 78 75 74 71 68 63 66 83 99 139 173 170 136 85 79 89 92 83 79 80 83 89 102 85 97 138 149 132 141 142 139 121 141 166 181 175 192 190 191 206 199 171 204 220 227 222 232 237 226 229 223 213 229 221 195 236 232 215 212 197 186 179 171 177 184 170 161 143 138 136 140 131 125 112 97 114 111 96 102 109 114 140 156 156 186 203 200 199 191 195 194 192 189 161 169 169 161 171 188 195 200 198 194 174 143 92 65 52 54 57 57
69 83 57 72 108 77 80 85 75 78 72 70 69 64 82 88 87 77 77 74 81 72 64 64 83 93 91 154 165 87 66 65 85 93 90 86 82 86 91 97 93 109 97 105 103 113 116 128 134 170 185 186 196 196 198 200 212 222 188 193 208 196 229 236 230 227 213 223 223 215 213 217 199 196 190 185 173 160 145 131 108 113 115 121 119 140 151 152 160 160 169 168 162 148 142 141 132 119 117 107 97 97 97 99 102 105 112 127 136 149 139 133 126 128 137 148 149 145 155 163 169 173 130 78 63 57 55 56
71 82 56 67 102 78 81 83 76 72 73 89 78 64 81 81 77 80 75 80 80 90 79 78 86 108 100 103 105 91 87 87 110 102 81 67 77 110 111 94 90 113 123 115 106 101 128 134 201 210 197 191 200 204 217 227 218 130 102 165 175 202 197 206 205 206 225 209 209 206 190 172 172 151 147 120 96 88 94 115 141 167 190 205 215 219 225 222 220 223 220 219 217 218 211 218 213 210 214 223 219 212 205 196 188 175 167 155 149 142 127 115 110 95 82 79 77 80 87 90 116 113 91 112 76 65 55 56
74 91 58 74 92 86 81 89 84 75 70 82 82 83 82 80 76 83 80 72 77 81 82 83 38 62 104 112 84 78 115 115 105 81 69 75 93 89 92 108 83 89 104 94 98 100 122 125 182 180 201 183 173 208 220 227 134 48 56 105 148 176 174 178 186 190 187 203 182 167 154 152 134 95 72 87 64 68 118 191 203 208 208 209 210 214 214 216 213 215 217 209 211 204 200 211 212 206 211 217 219 220 215 231 236 245 246 240 239 238 229 222 217 204 192 172 156 134 123 123 119 125 151 138 105 77 59 54
64 79 68 71 75 91 78 85 73 88 82 70 75 86 92 83 79 80 78 82 71 74 82 77 53 30 46 89 100 101 121 96 73 93 88 76 86 76 72 107 78 86 105 92 86 85 88 104 123 141 191 181 149 194 218 228 133 52 47 60 115 170 179 152 162 174 172 167 165 156 128 101 59 60 83 82 69 59 112 180 201 196 196 210 204 212 214 212 214 219 213 219 207 206 208 207 209 207 211 204 206 209 215 226 230 234 240 236 230 231 220 222 219 211 210 204 206 209 212 212 209 194 186 171 148 108 72 59
71 79 67 70 85 87 93 81 73 94 96 75 72 79 90 88 78 82 80 81 78 77 81 81 79 44 31 39 80 115 78 55 68 86 90 78 90 79 105 89 63 84 89 81 68 61 63 72 81 99 143 177 203 207 200 218 151 45 47 39 89 98 178 189 154 140 136 137 118 73 55 47 39 46 42 49 58 59 107 178 203 196 204 209 199 205 215 219 215 215 210 214 211 204 204 211 208 207 208 207 210 212 223 227 230 235 239 238 233 224 219 224 227 213 209 202 203 203 206 207 205 195 197 195 174 155 117 78
69 80 74 75 78 83 91 80 83 112 105 84 83 71 72 82 87 90 81 78 75 84 80 77 83 86 48 15 68 91 58 56 70 74 66 87 84 81 93 65 69 87 64 63 78 71 61 58 67 75 149 174 187 190 179 173 141 51 42 43 64 83 56 112 155 132 102 70 45 43 40 46 42 42 45 47 57 61 92 177 209 197 202 200 205 203 201 209 215 218 220 209 206 201 207 211 214 213 214 213 213 215 217 224 226 236 237 238 231 226 222 222 226 216 212 206 208 208 212 205 202 202 209 212 201 184 148 101
74 80 65 66 81 89 78 73 102 151 112 73 75 66 60 52 59 69 81 84 77 88 89 86 86 87 122 69 78 59 50 61 74 69 62 57 61 58 70 56 68 71 78 84 82 89 84 69 86 68 84 103 130 157 143 188 150 86 39 39 59 85 59 45 64 94 58 34 51 46 48 40 40 38 32 42 53 51 70 128 168 190 200 191 197 198 199 207 215 214 215 215 210 204 206 216 215 216 213 216 216 220 221 225 234 238 239 239 233 228 224 219 225 224 210 211 213 206 210 212 212 211 206 211 208 197 172 135
69 85 82 63 80 83 76 77 93 128 103 76 76 69 75 54 61 54 56 72 86 89 86 81 87 85 98 132 77 53 46 51 60 50 50 60 67 62 96 72 62 75 85 94 85 85 96 92 87 64 58 62 83 115 129 161 194 120 46 35 57 76 73 58 51 43 50 71 59 39 36 38 38 42 34 36 39 44 48 60 103 135 153 157 173 188 193 208 202 206 217 211 208 208 212 214 210 210 217 221 219 220 222 225 234 239 244 237 234 229 230 219 218 221 216 208 209 205 208 211 208 209 213 221 219 210 190 157
67 85 83 59 82 82 84 89 85 90 83 69 62 60 80 68 65 72 91 120 76 81 83 83 89 86 79 92 61 50 50 63 70 48 50 50 55 70 91 62 62 70 75 84 78 102 91 75 89 79 78 64 64 79 93 91 125 127 71 32 40 60 81 59 53 56 48 60 78 104 70 53 50 37 39 41 38 39 45 57 64 80 110 105 131 160 179 197 194 202 208 208 203 204 206 206 215 214 219 224 221 223 228 229 230 236 234 235 233 235 231 224 225 224 216 211 210 205 208 205 203 205 208 212 215 219 206 172
90 82 78 59 85 83 77 91 85 64 63 60 63 65 85 87 58 69 103 129 81 71 68 73 82 91 96 71 59 47 70 55 70 56 53 45 62 76 58 54 54 58 71 78 88 96 103 105 90 85 92 103 78 60 81 86 77 68 73 32 27 33 91 80 67 65 46 44 49 96 187 170 74 64 52 42 47 45 51 56 51 54 72 80 79 99 120 137 174 190 197 203 206 206 205 214 210 217 217 226 220 223 224 228 227 232 242 242 231 234 228 220 220 220 221 215 214 209 209 203 206 202 213 215 213 206 206 186
81 76 76 51 79 88 84 89 79 67 70 78 79 79 81 76 79 107 105 90 72 73 76 79 87 101 93 65 57 66 74 59 65 60 47 51 62 54 55 53 47 57 64 70 71 77 86 109 126 97 78 85 92 81 44 29 36 34 49 48 25 60 63 69 74 70 51 45 43 60 149 214 196 114 76 64 45 45 48 47 55 56 61 75 76 80 97 116 140 156 178 191 202 207 201 202 211 216 219 219 219 218 219 228 235 240 241 242 237 237 232 225 221 219 216 211 216 216 204 205 201 198 209 209 210 214 209 198
87 78 90 56 70 80 83 83 82 85 89 98 83 76 70 76 119 112 75 91 77 70 77 84 85 95 84 67 66 56 54 57 51 47 48 46 42 44 53 44 43 47 58 53 64 67 84 96 103 111 101 88 90 91 71 36 33 27 33 47 41 45 49 61 79 70 69 55 59 77 117 183 180 202 153 95 55 53 54 52 56 65 72 74 70 84 98 108 130 160 177 177 188 197 205 207 212 209 216 222 219 222 224 226 240 238 240 239 237 235 227 222 222 215 211 207 215 209 207 205 201 205 207 207 208 207 209 213
84 83 92 51 68 75 81 88 79 88 86 90 84 69 67 78 87 74 73 85 78 67 63 76 79 77 72 63 65 46 49 54 52 41 44 43 42 41 32 37 40 45 49 51 55 59 79 85 90 94 83 91 73 72 62 59 32 34 29 29 34 36 58 69 80 75 77 75 85 104 119 175 192 188 205 154 102 75 71 71 66 74 81 74 85 93 103 128 136 155 179 181 193 192 201 205 201 209 217 218 215 226 226 230 234 241 238 241 234 229 230 222 215 210 212 208 202 201 196 199 203 200 201 205 211 213 207 208
90 78 99 48 63 80 81 88 75 71 83 79 72 76 75 73 66 64 65 73 84 75 67 67 65 80 71 56 52 37 53 52 40 41 43 49 52 39 39 39 46 48 58 66 74 88 79 64 76 88 70 75 62 66 57 69 41 31 29 29 26 70 87 63 59 60 72 82 87 116 152 215 230 214 216 172 137 94 62 61 54 65 61 71 68 68 74 85 98 111 134 165 187 194 207 200 208 211 223 218 221 230 234 233 236 237 233 231 234 235 232 219 211 205 207 200 198 194 194 193 199 196 200 200 206 214 214 207
88 83 86 46 91 68 73 92 81 79 82 80 73 70 78 78 65 52 67 83 86 72 71 69 91 82 75 74 41 32 52 44 36 45 47 57 42 30 38 38 48 57 75 90 88 91 78 78 85 77 68 67 63 63 63 64 56 27 28 29 29 33 43 50 53 77 84 94 134 165 194 221 227 225 246 226 182 116 81 65 60 69 62 62 61 64 71 74 81 95 89 92 117 153 184 197 206 210 220 222 222 225 233 234 239 235 235 235 229 222 224 215 211 205 196 197 195 192 192 192 199 200 201 202 212 205 203 208
87 79 76 49 104 80 77 84 77 74 80 72 74 73 74 72 67 59 66 76 73 86 78 80 101 96 68 61 44 42 39 35 38 42 45 42 27 43 46 50 59 66 76 68 77 74 85 89 86 78 97 88 84 71 80 79 73 43 27 28 33 28 48 68 58 77 78 118 173 215 232 224 234 242 226 238 205 133 111 93 85 76 89 87 78 80 60 62 65 66 73 74 82 87 108 148 174 189 212 219 223 228 231 231 234 234 237 235 227 230 222 216 209 205 199 201 197 194 186 191 199 194 197 202 204 197 203 204
95 85 77 43 99 85 76 89 77 77 77 72 69 76 74 61 73 74 66 70 82 90 86 86 105 81 49 48 55 50 32 34 44 38 43 37 39 50 67 54 55 60 65 51 65 81 90 107 92 80 83 80 75 87 84 76 59 52 36 31 33 29 31 39 49 51 65 99 146 196 232 216 234 244 230 221 217 153 105 87 88 83 81 76 64 81 81 63 63 65 57 63 66 75 92 110 116 155 189 212 220 218 226 235 235 237 239 234 226 227 228 217 211 203 200 204 202 198 194 196 194 205 197 200 201 198 200 193
78 82 88 47 82 75 73 88 82 75 83 79 72 86 72 61 64 67 75 63 77 87 75 90 90 63 50 44 56 32 35 35 39 46 42 52 44 60 72 53 50 69 70 55 122 98 66 73 76 74 63 87 80 80 75 52 38 46 54 28 33 33 40 34 51 62 65 99 162 216 235 238 243 236 226 198 204 164 106 93 83 89 78 74 63 59 59 73 63 66 65 57 58 57 54 80 112 141 165 201 222 225 223 231 239 239 245 241 231 230 224 217 212 204 199 200 199 190 190 197 193 197 203 203 200 194 188 196
91 77 105 69 81 70 67 79 80 71 71 84 81 84 66 64 61 63 69 63 75 85 86 78 64 47 44 41 46 48 45 44 48 44 49 43 38 64 76 79 79 93 102 77 97 158 174 168 158 127 99 110 143 116 78 70 63 68 64 34 33 31 40 41 50 78 126 169 203 229 239 242 241 241 221 219 203 154 114 75 77 83 89 91 88 69 41 61 76 72 61 60 68 72 47 52 64 77 102 128 170 209 218 226 235 235 243 241 230 232 229 217 213 203 203 199 197 195 201 210 206 201 206 201 197 200 195 190
100 95 77 55 69 73 70 70 87 69 62 81 81 73 72 67 63 63 74 76 87 74 57 57 53 44 48 48 50 45 49 47 49 41 40 38 50 59 85 128 104 117 105 114 114 105 127 156 168 141 111 106 113 103 86 88 77 81 84 59 31 32 39 46 85 148 232 247 247 248 244 224 236 243 223 226 170 156 145 89 56 79 84 83 89 83 59 51 56 62 65 68 68 78 71 57 58 63 66 64 102 154 197 226 230 230 235 241 233 234 226 224 213 204 198 199 197 200 212 213 216 212 213 202 198 197 188 191
85 89 74 50 70 76 77 76 85 69 64 77 79 72 64 65 63 68 72 77 74 68 53 38 43 56 58 40 38 40 45 43 46 46 46 46 53 60 88 90 98 92 87 92 92 94 84 86 93 92 97 102 84 82 100 102 90 91 86 83 57 55 41 58 159 208 224 232 215 224 220 234 204 229 227 220 186 131 147 101 73 68 93 71 82 80 74 64 52 59 63 57 66 71 60 66 56 58 60 55 83 113 141 172 202 225 239 240 235 232 229 223 214 202 202 203 201 209 210 215 213 218 218 207 200 189 192 196
84 86 87 48 71 73 71 77 80 67 56 76 78 70 66 66 62 73 88 53 83 83 58 49 49 52 62 43 39 44 46 37 44 51 48 41 55 60 79 71 90 91 86 106 104 104 98 92 95 101 97 91 77 75 73 95 88 82 77 101 81 69 90 86 82 128 164 175 151 171 201 196 201 236 223 204 186 132 132 105 111 71 57 90 70 61 56 57 51 47 61 44 63 76 52 51 48 47 56 51 56 61 72 84 106 136 152 174 180 195 196 189 199 196 198 200 203 206 216 218 216 219 211 199 192 193 193 183
82 75 86 71 82 87 79 68 79 66 65 76 76 68 70 69 70 81 64 61 79 73 57 56 49 53 53 49 47 43 43 38 33 54 65 40 56 64 73 73 89 83 100 93 97 94 98 80 91 88 74 62 50 48 45 70 75 75 76 93 77 86 98 79 71 74 104 170 179 166 163 175 186 233 182 177 162 119 131 105 87 85 59 76 56 49 59 62 62 45 53 42 47 53 81 58 51 45 47 59 50 43 45 53 75 73 83 93 95 105 122 115 119 130 134 160 165 177 191 209 214 221 206 191 193 199 193 189
79 77 88 64 68 65 73 67 78 61 70 73 72 80 62 85 131 67 48 60 67 59 47 56 54 57 55 52 58 51 45 48 44 53 62 60 50 51 70 63 71 68 86 93 98 93 96 88 88 86 64 46 41 43 60 62 67 71 68 69 90 78 82 70 58 97 115 177 194 208 198 186 194 212 176 150 172 118 101 130 74 73 72 74 49 55 56 51 61 51 39 44 50 40 58 66 52 48 45 51 51 46 37 40 47 51 52 66 78 93 122 98 102 111 105 113 128 138 144 160 152 168 173 189 192 192 190 190
86 75 88 62 67 70 81 83 74 70 82 81 80 85 126 216 195 132 63 56 64 53 46 54 57 54 62 70 57 53 44 44 50 68 64 62 58 50 55 68 75 78 64 79 87 92 99 92 89 67 62 56 65 79 82 64 60 73 66 72 82 85 82 72 93 77 112 120 186 222 222 226 221 199 186 139 165 121 59 78 102 63 60 63 57 71 61 43 53 51 35 39 43 50 30 39 63 70 45 41 50 41 45 32 38 43 45 49 50 43 58 56 60 67 76 76 95 92 103 99 110 110 117 132 158 179 187 189
85 73 119 65 66 71 80 88 81 90 80 72 133 204 229 233 214 182 85 46 57 61 62 59 63 70 62 60 62 67 63 56 66 66 86 69 58 45 50 77 73 74 75 76 81 84 82 80 92 81 77 91 75 99 87 69 70 71 89 89 82 79 84 82 92 79 95 111 146 207 225 216 221 193 177 156 136 119 67 43 104 79 58 58 54 72 81 55 57 56 47 39 40 53 43 45 70 67 51 56 48 45 37 34 33 40 39 48 42 54 39 48 58 58 60 66 67 77 75 73 71 75 87 107 109 122 143 153
93 72 111 68 60 82 79 83 94 91 112 191 244 230 195 175 217 176 115 92 67 62 61 56 58 62 68 68 68 72 67 66 70 78 72 61 57 51 54 74 88 83 87 85 99 88 89 101 88 85 99 106 105 106 109 84 80 92 104 106 86 87 83 83 89 82 85 87 87 158 188 179 219 195 162 134 126 105 67 43 44 75 73 55 56 56 75 68 60 61 42 35 49 55 51 40 67 54 55 48 46 54 47 45 54 31 35 40 41 49 45 41 52 57 65 67 55 62 67 69 65 61 75 79 83 109 101 119
96 79 91 67 59 74 71 72 119 174 198 190 162 166 176 193 199 209 220 120 96 79 64 69 59 57 63 64 73 71 70 72 69 68 62 56 52 62 66 70 87 76 76 84 81 90 93 93 100 106 94 112 117 105 98 103 78 80 98 98 97 97 89 99 92 94 92 76 87 116 176 154 175 177 146 125 99 79 61 49 38 49 62 60 45 54 72 65 54 60 57 43 40 57 55 42 42 47 44 44 41 52 55 46 51 45 51 34 46 41 45 48 53 61 72 63 57 57 58 61 52 43 63 64 77 82 88 110
86 85 82 83 61 74 67 120 164 143 139 125 125 125 132 124 113 170 224 217 202 165 119 89 80 66 67 67 79 78 73 75 73 57 51 63 67 64 81 70 88 84 90 81 93 71 80 78 102 129 97 105 108 80 94 101 105 85 93 100 77 82 94 92 79 89 89 65 73 113 183 181 155 152 163 129 93 90 67 42 43 46 52 57 50 47 73 54 57 57 52 52 41 49 54 59 41 46 43 53 50 50 57 39 43 44 37 33 45 48 41 41 47 51 66 57 54 66 74 79 60 52 53 57 62 71 86 104
84 86 76 76 58 77 113 131 120 121 145 145 127 123 124 98 120 139 173 172 205 172 170 93 77 71 69 68 80 89 82 80 62 59 61 78 94 71 66 69 80 78 101 90 85 75 93 87 93 92 82 102 108 71 85 100 94 103 105 88 85 99 99 92 85 91 92 60 63 88 146 205 149 142 173 148 85 89 76 47 43 32 51 80 47 43 70 60 61 68 50 49 66 47 46 45 67 61 53 64 38 56 59 38 43 47 54 52 42 46 53 45 44 55 68 61 66 56 56 70 66 57 60 62 66 79 93 120
96 92 75 71 67 104 110 115 119 152 166 152 109 71 135 120 93 147 172 146 169 139 158 175 107 77 65 74 72 72 76 77 71 61 70 92 98 87 84 66 93 97 115 100 111 75 105 102 89 79 68 81 75 80 76 93 91 89 121 94 92 79 99 99 86 83 86 65 72 92 111 159 170 125 161 157 97 107 88 45 44 34 54 64 69 43 67 59 53 60 78 40 50 65 55 55 54 63 68 67 43 58 59 51 44 55 54 60 58 55 64 59 49 44 72 59 46 62 73 61 75 73 77 68 61 79 83 118
86 85 89 69 68 85 95 86 95 94 66 61 64 111 125 91 104 145 151 175 150 196 176 190 164 94 66 62 79 73 81 74 76 79 80 96 91 72 85 98 111 114 100 94 98 84 99 98 112 92 82 68 70 79 111 101 97 72 110 113 79 98 148 119 89 88 76 64 83 115 119 125 174 122 125 144 109 100 97 58 50 50 58 47 48 49 60 66 62 83 68 60 32 45 53 58 48 55 49 56 48 58 56 58 58 62 55 70 74 62 64 60 59 40 68 70 69 59 72 84 60 72 70 67 67 78 74 66
77 86 78 78 60 79 63 60 40 47 86 117 119 117 103 138 173 159 183 212 145 191 198 173 162 144 97 81 106 99 82 91 79 94 80 96 77 91 92 115 124 95 58 70 86 82 76 89 101 110 88 77 73 71 91 115 94 98 111 137 117 90 127 98 97 81 71 84 83 136 134 125 134 123 122 107 110 97 98 65 54 53 46 52 59 47 60 79 63 72 51 71 61 37 58 67 68 55 48 43 42 52 60 52 44 45 60 67 81 73 69 67 77 51 84 68 70 78 63 65 71 72 58 77 88 50 96 57
93 85 91 104 41 74 97 122 114 132 127 113 120 142 141 143 163 160 174 224 233 233 235 232 223 163 118 109 105 106 68 99 92 86 86 81 89 96 96 82 94 66 51 59 62 97 77 92 87 84 88 93 80 87 83 85 83 84 79 91 118 89 64 80 105 72 68 89 117 95 128 130 134 120 107 80 115 89 104 87 88 65 57 52 58 49 57 71 65 73 42 57 71 58 52 81 72 47 41 43 35 47 49 75 54 51 65 65 74 78 60 75 80 65 75 64 71 79 67 58 75 57 62 69 78 64 78 59
86 82 90 136 89 115 134 116 117 122 102 108 108 119 143 128 147 151 141 148 144 180 198 174 166 119 86 75 93 102 72 77 88 95 102 93 102 83 79 61 61 47 44 40 40 66 73 76 70 99 78 111 65 97 78 72 70 81 88 72 93 106 76 82 105 87 81 86 125 94 109 112 128 117 119 116 104 106 82 78 114 69 59 58 58 55 59 72 72 53 60 68 57 53 48 54 69 55 44 47 57 63 42 64 72 62 61 58 70 58 68 90 67 68 60 48 65 64 58 74 66 76 49 63 58 52 68 51
88 108 77 125 112 84 113 106 95 110 114 95 99 120 110 100 88 77 83 82 76 93 97 80 125 144 59 51 62 84 84 87 84 94 92 75 86 56 47 40 35 33 31 30 27 32 43 50 61 70 75 81 78 57 77 72 72 66 85 82 78 75 100 98 113 120 111 106 114 115 110 110 98 119 137 160 112 125 118 62 83 94 95 52 54 55 53 62 76 64 87 82 67 75 71 61 60 44 59 45 44 43 59 55 68 63 60 60 64 59 74 84 66 50 71 52 49 60 52 70 73 74 44 54 56 66 65 44
78 87 84 87 85 78 100 98 92 97 111 98 92 76 65 51 62 56 65 51 67 78 80 84 103 73 67 66 80 90 94 91 77 77 89 69 82 52 38 34 33 28 34 28 25 24 30 30 51 64 54 61 72 52 73 75 62 78 62 84 81 87 85 87 101 117 103 107 117 117 103 92 77 82 158 178 105 130 150 93 74 81 88 71 51 64 53 61 89 69 50 76 54 64 60 53 53 56 66 66 56 62 55 50 54 58 63 68 56 52 65 86 61 39 55 68 48 49 66 70 73 66 65 59 61 69 68 37
93 93 82 92 63 54 59 68 62 50 51 54 56 64 72 73 85 72 85 79 92 72 66 75 63 62 77 82 91 82 72 86 81 62 73 74 70 68 43 49 33 31 28 29 28 33 36 35 40 46 44 63 76 68 70 54 65 80 70 82 94 100 82 86 89 121 102 112 112 124 78 76 65 66 168 142 101 105 144 120 86 81 77 59 79 74 47 53 78 56 55 69 48 47 60 43 63 69 52 60 75 63 60 50 50 57 44 67 68 54 51 85 70 44 49 62 62 45 53 70 74 63 52 53 75 51 49 44
98 90 77 84 67 58 47 57 66 74 82 86 84 97 96 90 83 74 81 80 71 65 78 75 75 72 83 88 72 114 62 81 98 73 72 84 86 95 69 78 82 50 46 34 32 32 31 36 44 45 34 50 61 78 57 59 53 86 67 87 86 101 88 79 71 142 137 107 117 105 100 62 76 109 175 112 111 102 146 99 87 84 76 70 80 80 61 74 84 60 62 58 72 67 68 54 51 95 68 62 63 71 45 54 55 55 48 75 52 50 66 70 71 50 38 54 61 42 44 53 53 59 48 47 52 52 43 30
79 83 80 85 72 67 60 44 56 61 58 63 64 66 62 56 64 78 64 78 82 81 89 95 82 54 63 84 91 103 76 75 94 88 74 90 113 99 126 100 128 84 86 60 26 28 40 55 46 45 31 34 49 65 34 47 45 68 86 49 74 89 97 84 60 138 160 115 136 122 121 72 78 133 178 128 111 110 137 107 85 82 77 87 60 84 85 55 80 73 54 53 51 64 72 51 44 78 62 44 50 45 50 50 61 49 38 61 56 54 59 69 68 49 37 45 44 38 38 56 43 40 58 65 41 43 31 31
84 97 82 82 60 52 63 54 33 36 42 44 46 48 60 62 64 67 60 70 75 75 86 112 115 58 57 86 127 100 83 81 98 82 87 86 106 100 145 119 122 121 96 79 41 36 44 51 54 37 36 29 33 46 40 52 41 49 44 46 54 66 64 95 84 108 131 131 138 128 121 86 71 133 158 138 128 103 122 143 82 87 78 87 76 90 73 78 73 75 50 57 67 65 63 60 42 67 79 49 50 43 55 48 54 50 49 54 61 47 43 50 62 54 38 40 36 43 50 52 55 48 54 42 37 32 28 27
69 94 93 82 68 59 52 60 60 43 37 31 36 41 54 58 83 61 67 65 77 62 69 69 121 52 52 102 116 115 92 78 88 90 97 102 102 119 135 147 124 127 86 73 56 42 47 53 52 32 36 27 25 31 46 48 46 52 37 41 53 34 36 63 113 113 129 113 124 128 139 97 89 133 109 153 113 109 109 145 90 78 100 88 86 79 59 84 100 76 56 51 70 62 52 68 65 60 75 62 63 55 54 50 68 59 39 60 67 45 56 37 41 62 39 39 27 49 58 55 52 52 42 30 28 36 27 25
75 90 83 78 70 50 56 58 52 57 51 31 29 39 45 45 73 62 53 45 52 35 34 49 84 60 50 108 123 120 105 98 90 94 132 119 111 120 115 135 140 148 100 69 65 51 48 41 47 42 29 32 39 26 35 37 33 28 52 38 36 49 40 50 93 124 123 118 154 173 134 124 111 116 99 136 104 107 109 147 94 86 93 94 78 84 57 82 102 87 56 50 69 57 55 68 70 57 96 70 66 65 37 48 60 64 43 43 68 43 63 50 41 47 48 36 39 39 46 42 42 39 35 32 34 34 27 29
85 96 89 79 62 49 61 63 54 38 52 61 53 48 46 45 47 64 46 28 25 25 32 29 43 69 75 128 143 135 131 116 102 89 136 138 119 144 141 152 133 153 120 88 70 54 39 40 43 44 36 31 30 27 26 29 33 30 30 29 35 64 46 61 101 108 133 129 175 169 137 131 142 97 104 107 128 85 99 134 117 108 106 97 72 85 63 88 78 82 65 45 54 50 60 73 58 45 81 89 53 72 54 40 58 56 51 52 73 51 38 52 42 42 45 38 41 36 28 35 31 23 32 37 35 37 31 28
97 91 80 82 56 28 31 27 28 23 45 61 74 81 74 70 74 82 44 32 30 37 43 29 32 63 95 130 140 149 139 118 102 122 144 143 124 138 131 119 118 155 121 75 60 54 45 43 56 63 50 35 27 28 28 24 28 31 27 26 64 85 65 121 151 123 170 119 178 125 139 137 121 96 96 125 123 90 109 126 113 105 101 97 79 83 77 100 93 77 64 55 56 51 63 62 71 53 65 101 56 59 64 45 77 67 54 60 61 65 49 31 39 41 35 61 54 46 36 40 36 30 40 34 32 34 28 39
93 93 80 54 29 24 31 25 30 29 38 63 69 75 70 65 71 63 35 29 33 47 38 35 46 64 105 139 134 134 122 148 112 139 128 123 119 137 120 103 105 138 119 97 57 73 67 55 58 79 52 48 35 27 29 34 35 33 34 45 68 86 121 146 170 158 157 141 179 126 104 140 128 103 98 113 102 118 122 123 99 94 90 85 73 65 92 88 85 83 69 70 62 49 72 60 63 49 74 75 66 63 53 66 102 78 61 64 72 49 53 36 42 39 45 59 43 53 49 43 34 38 30 37 46 37 34 42
92 98 71 27 25 23 32 27 28 26 40 67 63 65 79 76 56 34 31 34 39 38 37 36 59 83 101 128 138 121 125 153 129 128 103 104 102 111 98 98 109 126 111 103 69 66 72 61 73 79 56 54 33 30 35 32 26 24 36 63 72 111 95 121 125 143 148 133 155 164 117 147 137 104 92 97 74 101 124 129 93 97 116 91 78 52 93 65 76 99 90 98 83 78 64 67 71 51 69 79 60 67 52 83 89 103 54 63 61 56 49 41 61 51 74 64 52 54 50 55 36 39 33 47 40 50 56 53
97 89 46 24 26 27 33 18 31 26 50 81 64 68 76 73 38 22 24 34 41 43 40 49 83 79 79 111 102 97 113 127 130 93 92 94 97 98 86 101 94 122 117 108 116 81 67 98 90 89 75 66 36 33 29 34 30 33 41 60 80 97 106 93 88 111 122 119 135 125 109 126 120 94 93 111 80 97 102 106 91 101 102 84 89 66 91 69 82 90 92 98 88 74 60 79 81 62 73 82 78 70 72 66 70 108 55 58 55 49 46 57 58 60 73 54 74 53 61 62 42 39 44 58 53 60 62 67
102 89 36 28 24 30 31 22 32 29 45 71 66 67 70 53 35 39 33 34 32 36 42 60 59 61 85 85 71 85 88 118 118 71 88 79 88 83 75 91 85 131 114 93 124 80 77 120 78 90 92 76 37 26 27 40 34 36 50 61 71 88 88 76 69 84 124 116 115 137 103 88 134 126 105 113 82 92 91 75 80 96 84 79 83 66 82 100 95 78 85 90 81 76 72 99 79 72 85 82 90 81 68 64 84 109 62 77 73 71 62 76 68 85 71 74 82 78 81 60 43 51 82 68 76 68 83 72
93 92 36 30 30 33 33 32 27 22 40 68 63 71 68 53 77 96 47 29 48 37 51 42 34 47 68 51 62 75 90 95 96 80 77 89 79 69 96 78 92 134 108 98 123 92 97 116 88 87 65 49 29 31 28 36 38 42 61 49 67 62 87 85 69 87 97 115 95 101 91 64 118 130 90 123 89 110 79 84 92 100 87 70 85 57 77 97 108 76 89 83 96 98 82 99 84 70 102 75 79 65 69 69 68 98 72 87 70 80 71 82 68 79 83 68 94 93 86 71 57 83 87 74 77 90 82 78
90 81 27 30 29 29 28 23 30 25 38 62 61 72 75 73 85 96 71 32 59 44 40 43 30 37 56 50 60 66 62 76 91 80 77 93 77 70 86 73 89 109 108 99 119 108 90 101 85 81 57 48 40 34 31 28 38 39 73 71 68 60 68 58 52 96 88 110 86 74 92 76 115 127 70 109 92 103 63 70 90 102 66 70 65 73 92 68 87 76 91 86 97 89 71 98 82 68 76 68 68 82 85 70 73 90 90 91 82 80 74 65 88 90 78 88 113 112 71 74 96 90 69 75 113 95 70 81
89 59 33 25 23 27 30 30 33 27 31 55 63 66 73 83 85 95 89 41 47 43 29 26 29 42 39 36 49 48 57 79 94 66 69 70 68 74 77 69 84 107 79 104 149 120 84 84 85 74 75 45 42 38 42 35 27 47 75 58 49 58 51 68 43 76 61 95 71 64 89 82 94 113 57 82 88 86 44 59 99 89 74 75 84 61 81 71 91 83 97 77 80 74 81 109 86 74 76 67 68 97 87 70 75 86 73 91 86 79 73 83 93 102 86 136 107 77 70 92 95 74 98 98 104 84 74 72
96 49 25 24 25 29 30 28 23 26 31 57 56 68 80 83 87 110 108 62 32 33 29 30 34 51 37 36 55 43 52 85 70 58 54 58 69 72 68 84 80 70 73 128 114 107 81 62 81 71 64 47 35 37 39 43 28 61 58 45 42 37 40 67 46 67 83 88 40 56 59 90 93 107 60 64 86 106 52 54 100 86 63 64 68 61 71 75 81 92 94 68 87 74 76 90 78 83 83 85 77 95 80 79 87 87 74 81 58 64 86 78 88 101 109 116 80 83 82 108 86 79 89 111 90 81 84 68
100 50 30 29 26 24 29 25 22 34 32 54 67 58 68 65 94 129 118 78 32 28 31 24 36 48 42 46 34 39 59 65 62 48 51 74 67 58 76 72 61 106 134 91 101 102 62 50 68 65 52 51 55 39 42 60 49 71 65 54 48 54 88 87 59 44 69 108 36 40 48 83 85 79 64 56 85 101 71 52 85 86 46 99 72 57 61 69 87 81 75 66 77 71 76 91 85 76 91 76 87 93 92 84 74 83 90 68 65 67 70 106 110 110 100 94 84 81 82 117 79 85 89 83 86 107 86 65
101 91 47 29 35 32 23 27 26 29 28 44 41 41 64 73 97 102 128 89 59 26 29 28 29 37 38 39 34 48 39 59 67 55 66 68 57 46 59 64 142 199 126 58 90 79 49 68 78 62 47 45 53 52 57 74 85 97 77 63 63 92 92 78 44 37 51 61 28 34 42 69 76 55 52 57 90 80 61 53 94 79 69 101 80 52 60 72 72 61 68 78 86 85 96 92 82 77 94 77 79 79 106 75 69 73 80 62 77 73 79 90 102 104 76 82 74 65 71 83 76 79 60 88 90 77 61 58
92 96 77 37 35 34 26 25 30 27 24 35 29 49 71 92 108 91 111 91 47 25 26 28 25 18 28 31 37 28 38 72 67 75 101 97 41 50 58 100 181 135 65 74 83 59 71 61 76 66 42 58 51 51 68 89 101 116 89 73 71 89 75 68 42 39 36 49 29 29 27 40 62 54 53 53 82 77 55 51 76 58 63 92 79 48 47 57 42 57 67 63 90 79 76 103 78 71 96 75 82 87 108 68 73 70 72 72 84 84 97 97 83 103 87 66 79 75 53 73 94 74 82 89 71 65 44 54
89 86 86 77 54 25 30 34 32 25 26 23 27 69 76 93 107 95 109 106 50 32 21 33 35 31 31 27 37 25 39 68 96 116 156 92 51 48 51 91 139 65 55 79 57 57 79 55 84 61 56 60 57 47 70 88 109 115 96 87 84 86 85 67 52 48 48 61 30 29 30 25 45 56 50 67 57 80 81 56 68 48 56 85 64 55 39 53 42 54 78 73 83 76 71 92 84 86 80 70 73 73 100 74 70 62 73 67 78 72 96 97 92 89 87 79 80 70 77 76 75 92 83 94 72 63 51 68
84 93 92 83 95 48 26 29 26 26 28 28 27 57 75 94 93 97 86 85 55 34 21 28 29 28 30 32 37 36 49 87 121 141 173 85 54 48 55 81 42 37 58 70 51 64 64 66 84 45 64 69 53 48 71 98 129 112 89 86 85 80 86 78 66 68 88 71 48 44 30 24 31 39 38 59 56 63 75 52 45 57 70 90 59 53 50 46 55 47 88 76 77 61 72 90 73 69 73 72 70 75 69 73 73 67 80 85 81 65 78 89 74 71 61 71 70 79 76 69 96 86 94 101 63 67 83 72
94 90 96 86 110 75 37 27 23 32 26 27 33 47 78 92 85 99 73 76 43 26 28 30 26 25 26 33 33 32 35 64 100 102 129 68 43 44 71 52 36 41 59 58 51 64 47 64 68 40 56 64 55 45 87 111 130 114 96 83 83 89 85 92 78 106 124 81 53 42 35 31 16 29 39 62 56 50 57 49 57 66 70 70 65 45 52 48 41 55 73 82 51 51 84 77 51 86 76 69 58 72 72 62 73 105 88 89 65 53 51 67 84 84 68 59 61 82 65 75 94 76 85 83 47 94 103 64
91 90 91 94 107 83 54 33 27 28 25 30 25 37 74 60 62 90 77 64 34 26 30 25 26 27 30 33 36 35 42 45 58 49 79 62 45 40 38 40 52 46 49 43 52 59 52 58 60 40 54 64 51 64 92 119 105 104 89 83 79 90 115 111 114 136 119 103 54 53 42 40 24 36 41 56 71 73 54 39 51 65 70 67 52 34 49 52 46 57 68 55 46 68 83 60 65 87 56 59 60 89 69 65 89 74 86 75 56 55 55 64 94 80 61 52 64 57 70 89 82 79 79 57 58 97 99 81
95 84 96 85 99 82 58 48 35 25 28 27 29 38 67 59 63 84 93 55 39 30 24 27 26 25 32 33 26 40 46 33 41 37 60 62 51 39 34 43 47 38 41 37 62 66 51 63 64 52 59 60 65 69 92 115 97 93 81 82 83 97 136 137 133 139 131 108 73 58 54 44 30 26 28 34 59 60 64 41 54 52 54 52 42 52 60 53 55 43 71 48 65 66 61 54 77 69 42 69 79 65 82 96 88 75 77 59 55 67 70 102 75 74 55 60 63 74 82 94 74 92 91 62 70 90 88 67
89 84 98 99 115 100 59 50 55 35 30 31 24 33 63 59 84 80 72 51 33 29 29 27 35 28 26 27 28 44 35 31 37 34 35 40 50 32 31 34 41 38 27 44 81 60 41 68 57 65 67 54 53 67 78 97 93 88 81 84 86 95 136 133 140 119 126 108 91 73 73 51 44 35 34 28 38 54 59 47 53 42 38 53 56 46 55 50 54 40 63 50 69 62 45 53 78 48 60 68 69 106 101 80 79 70 56 66 51 74 88 90 62 66 49 58 66 76 106 88 70 90 83 65 67 83 94 68
99 99 130 112 121 101 65 53 52 59 30 27 30 40 73 56 77 89 52 38 33 34 37 30 32 28 33 36 34 51 28 22 30 30 34 38 48 24 22 39 41 28 29 49 76 37 44 75 59 72 58 48 46 40 55 64 83 92 84 84 88 100 137 132 150 115 107 120 94 89 83 53 44 42 30 30 32 49 57 53 49 45 44 49 68 33 48 38 43 49 46 50 52 49 44 61 61 45 71 76 98 101 95 79 77 69 67 48 64 85 92 63 69 72 57 75 90 91 97 75 68 108 95 86 68 82 79 81
102 101 100 86 122 103 57 58 60 64 65 42 22 40 80 72 75 86 46 39 29 29 30 23 28 27 30 29 34 35 31 28 23 32 33 40 60 27 27 44 28 29 33 48 44 35 59 83 53 71 46 58 37 35 37 28 63 87 94 95 81 108 126 128 155 129 116 125 121 105 84 61 53 57 40 40 34 34 33 52 40 41 40 41 31 29 38 35 39 39 42 61 50 45 67 55 50 51 58 81 75 92 92 83 85 62 58 68 88 74 86 65 65 102 72 84 83 100 94 73 73 116 91 88 81 74 70 69
91 110 102 88 127 108 57 55 64 60 69 52 18 29 48 70 70 73 50 35 29 24 27 29 31 28 26 25 29 26 40 23 26 31 35 32 61 29 29 36 29 25 32 32 34 42 57 76 49 59 44 44 31 24 27 26 42 73 96 97 94 108 117 125 144 141 138 119 144 113 97 81 71 66 67 44 44 32 33 45 34 44 35 28 26 27 31 33 33 33 48 62 41 57 70 49 44 65 72 68 77 94 92 80 62 60 75 75 93 83 76 57 71 90 79 90 82 79 84 86 68 103 95 102 67 81 75 64
92 100 101 94 125 119 66 56 65 57 66 45 24 27 53 58 65 80 44 40 28 29 31 34 28 34 26 30 24 23 32 29 29 30 28 26 45 31 28 28 27 23 38 34 30 29 44 42 44 47 30 31 25 31 30 26 28 53 94 85 75 98 100 107 126 149 140 121 136 146 99 86 83 83 88 55 45 55 43 39 45 56 40 26 29 33 25 25 40 48 42 38 54 80 42 35 56 62 76 65 78 92 92 87 63 94 82 73 96 73 70 69 112 87 70 84 106 99 81 76 68 91 72 73 65 67 81 70
96 87 114 105 125 143 58 59 66 61 62 49 24 26 44 49 64 77 44 29 35 33 30 38 28 31 34 27 32 33 30 31 32 32 36 35 32 30 27 28 26 25 35 36 24 30 33 31 39 37 25 21 27 31 25 28 29 46 49 38 36 59 66 79 98 133 124 125 109 123 130 98 85 99 80 57 52 67 56 36 42 45 36 25 27 33 32 27 39 39 40 34 65 54 38 53 50 68 60 64 81 89 99 73 73 112 95 95 99 81 76 85 105 69 73 77 94 78 77 70 73 94 58 68 69 64 60 63
86 83 102 95 108 128 61 65 67 62 72 50 22 21 26 29 55 80 59 40 29 33 26 30 28 25 26 32 29 32 38 33 31 38 27 36 33 37 27 28 31 23 22 30 25 35 38 29 42 29 24 23 32 29 29 28 31 43 24 20 24 31 29 41 75 104 107 112 104 112 105 122 110 117 82 60 68 76 69 60 41 43 34 29 26 28 26 39 38 42 44 47 51 55 49 60 51 76 68 72 83 74 101 70 85 97 99 98 90 87 81 109 88 68 71 70 98 82 76 85 80 96 57 78 70 56 73 66
83 101 93 86 108 130 74 60 68 69 61 41 25 27 29 34 36 55 47 27 24 24 32 31 28 31 23 24 31 33 35 31 27 36 32 28 30 32 27 26 27 27 29 24 24 37 31 27 32 30 31 28 31 34 28 29 34 27 26 22 26 26 35 32 54 84 77 73 84 89 73 80 108 131 104 76 78 92 95 62 45 54 36 31 28 36 25 33 50 39 57 66 43 41 63 46 62 79 65 77 75 79 100 101 101 102 104 99 91 86 88 100 86 65 67 64 81 89 91 74 81 92 69 73 69 62 58 59
79 100 100 94 108 150 80 57 72 69 53 25 24 28 27 29 29 34 32 30 45 35 31 33 30 29 23 25 34 38 29 27 37 27 34 28 31 31 28 29 28 31 34 24 19 38 30 31 33 27 29 34 29 29 29 31 33 28 27 29 35 33 25 31 43 74 62 55 54 63 67 51 65 103 104 80 84 109 128 78 61 42 48 42 34 34 29 36 38 32 59 49 37 48 53 50 73 72 78 66 68 75 101 114 97 108 100 90 96 91 88 102 77 61 54 54 84 73 83 94 79 90 70 69 84 60 54 65
93 101 98 84 101 147 75 60 64 69 50 26 27 25 27 24 25 27 30 32 36 27 29 25 27 24 31 24 24 47 33 29 40 30 29 36 28 25 32 29 42 31 31 26 33 32 34 45 37 29 20 29 29 25 28 24 26 26 29 25 26 30 31 29 43 55 64 37 38 39 47 45 39 64 69 66 93 128 157 107 60 42 56 48 33 30 31 33 25 37 43 46 42 53 54 58 64 88 64 65 69 66 105 121 117 104 94 92 93 83 88 99 88 65 69 58 67 72 74 89 68 79 75 77 86 76 73 81
97 103 86 89 88 139 73 64 60 55 39 24 28 28 30 27 28 39 44 41 29 29 28 27 32 27 27 27 29 30 32 30 28 31 32 39 29 26 33 30 39 30 24 27 29 29 32 47 23 28 22 28 32 27 31 28 29 25 29 32 28 28 25 27 44 40 76 44 27 33 26 36 31 43 46 63 106 149 160 135 76 44 60 65 43 37 28 30 25 38 42 38 61 50 54 44 77 53 65 66 63 52 93 121 108 97 103 96 90 81 85 88 91 92 99 53 52 84 61 74 81 77 95 82 87 73 82 84
87 96 89 85 81 155 80 61 56 48 40 25 28 30 30 34 29 29 28 26 25 18 32 32 29 29 23 30 29 24 36 32 27 30 34 29 35 35 34 27 35 34 29 33 30 31 30 31 23 26 31 31 32 30 27 33 20 32 30 31 34 33 25 31 56 49 64 42 26 22 23 25 27 34 46 63 107 152 164 167 108 63 46 81 70 45 27 28 34 31 30 39 48 45 45 52 87 56 57 73 75 66 88 106 85 102 101 95 104 83 80 71 70 81 80 87 72 75 70 77 76 67 65 86 73 61 75 96
81 84 99 100 83 144 92 57 50 58 48 28 32 26 36 32 32 30 28 31 29 22 30 37 31 27 28 30 30 34 43 36 29 28 29 30 28 34 32 30 30 31 25 24 26 27 27 32 25 33 28 33 22 27 26 32 22 27 28 29 30 27 31 57 65 69 64 56 54 55 54 52 58 65 55 55 106 161 185 172 140 93 55 87 82 46 30 25 29 42 33 36 56 52 37 56 74 48 55 69 66 83 91 103 70 81 86 100 92 75 69 82 84 103 86 99 72 80 77 63 79 71 67 72 73 53 50 81
100 94 98 86 83 144 94 58 59 58 44 26 27 32 40 33 35 36 28 29 27 27 49 45 34 31 25 33 37 29 33 29 33 28 27 21 21 29 39 37 32 31 35 29 23 31 28 27 25 35 26 28 32 31 30 26 29 26 35 33 26 28 39 65 66 77 79 76 70 76 88 89 102 115 85 53 96 158 186 189 156 123 80 85 89 62 25 35 38 39 33 43 52 38 33 57 66 59 48 56 65 80 89 83 65 89 87 101 79 71 86 69 80 106 96 80 66 76 81 73 68 79 62 80 85 54 49 56
92 92 86 81 69 123 88 63 61 59 46 30 31 41 35 39 35 34 31 36 27 51 84 45 26 26 26 30 30 26 27 27 39 28 25 26 29 29 31 29 33 33 34 25 26 29 28 33 22 27 33 36 27 31 28 25 22 26 31 28 29 32 39 50 66 73 78 81 71 74 83 76 102 125 106 67 88 153 174 185 163 148 108 111 114 76 34 31 31 40 38 47 37 31 36 62 56 62 57 50 66 74 88 75 63 80 93 93 85 64 86 64 82 99 96 86 75 75 78 77 60 89 59 72 92 56 52 54
85 93 93 82 85 119 87 61 56 58 49 42 45 30 31 28 44 32 31 28 52 100 99 47 33 29 35 24 26 28 27 27 25 27 26 24 27 28 34 28 27 31 29 37 29 32 29 24 27 28 26 28 28 30 28 30 25 26 32 27 22 29 32 25 38 45 49 50 49 52 49 57 75 101 99 75 96 151 184 182 183 169 146 147 135 109 53 36 36 44 33 31 38 24 50 74 46 45 51 42 54 80 85 72 63 76 90 78 93 66 99 82 97 101 86 87 88 59 67 79 70 90 61 69 95 67 49 56
90 99 94 93 82 116 92 61 61 55 60 64 32 29 29 34 34 32 25 42 97 139 83 46 37 31 30 29 29 27 26 26 30 35 28 28 28 29 35 24 22 29 32 36 37 22 27 23 19 23 25 26 32 26 28 28 25 30 31 28 26 24 23 27 27 29 30 31 30 32 35 34 44 58 67 78 115 166 196 192 193 188 177 168 166 121 71 44 50 49 29 23 34 30 65 68 37 51 53 41 43 59 81 57 79 63 67 73 76 81 88 81 88 93 91 111 87 61 70 66 87 94 63 58 88 60 52 55
101 103 86 84 77 106 92 59 58 70 78 51 40 35 46 34 43 40 60 99 110 120 60 36 41 30 24 30 35 39 35 33 30 22 22 24 28 29 31 33 26 30 30 32 34 29 25 35 30 25 33 29 22 24 27 25 32 31 29 30 29 25 27 33 26 33 31 24 25 24 24 33 35 40 50 73 110 168 198 201 206 202 194 182 178 161 89 52 75 53 38 27 32 31 67 66 44 39 45 51 48 47 69 55 73 85 74 79 83 90 86 90 79 95 95 128 80 64 63 63 77 82 77 66 77 81 62 59
94 97 84 82 76 107 92 66 78 76 65 61 54 47 58 50 47 60 91 99 121 89 46 57 36 29 32 35 45 49 41 31 25 28 29 28 27 28 27 30 29 29 29 24 25 24 25 34 30 28 33 24 21 20 24 26 27 32 27 25 26 25 29 30 28 27 27 29 27 33 22 26 25 40 51 56 103 163 190 204 204 207 201 189 188 171 105 68 104 73 50 40 31 40 60 73 45 41 57 48 44 48 72 66 54 86 80 64 92 97 73 88 85 84 90 87 84 48 71 63 78 69 69 72 70 79 58 56
97 94 100 84 83 113 99 70 70 60 77 73 77 84 67 60 56 73 94 127 110 68 72 46 34 30 26 42 45 42 35 33 30 26 31 28 24 26 33 27 31 33 28 23 29 29 29 28 30 22 27 28 23 22 28 33 27 29 23 28 27 24 32 27 29 30 30 29 28 29 26 27 20 28 42 48 95 167 186 195 198 199 195 192 188 168 122 85 122 91 80 46 35 36 35 57 37 45 72 47 41 45 78 66 45 72 74 74 87 86 61 63 84 86 89 79 73 56 63 87 72 64 70 69 55 62 55 66
84 111 103 97 88 101 95 68 63 67 71 87 84 61 60 59 65 70 113 108 90 75 65 42 37 36 38 40 26 30 35 23 29 32 29 32 27 28 26 27 29 24 27 28 27 30 36 24 29 24 25 37 32 26 32 32 35 31 22 27 23 35 32 29 28 27 27 24 24 28 26 27 20 31 44 43 91 153 190 197 191 182 181 186 180 169 136 100 137 111 94 59 39 30 39 49 47 59 70 38 35 45 53 77 83 78 64 60 70 73 83 87 68 79 81 80 72 51 44 69 82 62 60 73 74 59 59 66
104 101 100 96 89 99 95 62 65 61 71 79 60 40 36 44 52 81 93 72 76 69 53 36 37 43 33 27 24 20 22 23 33 33 32 34 24 29 28 26 24 31 33 33 31 30 28 25 24 29 34 32 26 27 27 28 26 32 27 29 26 24 26 29 30 26 24 30 27 29 23 30 23 26 37 38 87 146 178 181 186 181 172 181 184 170 129 126 137 127 103 78 46 33 38 44 54 48 54 41 35 41 56 76 76 79 73 53 70 69 70 82 86 105 83 61 54 60 48 58 66 54 58 69 61 65 60 79
111 108 103 88 83 99 106 66 57 63 63 64 54 34 28 34 49 76 72 67 57 60 47 43 32 38 29 34 31 21 22 33 34 27 29 32 28 28 27 29 26 28 28 32 27 32 26 25 23 29 25 25 25 30 29 29 23 29 35 36 29 28 30 28 31 30 32 29 26 25 23 32 32 31 32 37 86 151 174 179 175 174 178 174 178 168 135 141 156 129 131 82 60 46 37 38 53 59 52 34 36 34 55 79 80 75 60 50 61 77 59 66 77 98 71 61 40 61 55 58 59 77 76 68 57 54 58 68
107 112 96 98 80 85 89 63 49 55 64 60 51 28 29 44 60 56 64 55 57 50 32 30 24 26 29 31 31 31 27 29 26 29 28 23 30 31 30 26 31 27 26 29 24 26 29 27 23 22 28 22 27 32 31 32 30 34 34 36 32 33 34 31 27 28 33 25 27 31 27 30 27 24 32 43 88 150 189 184 173 174 176 172 175 169 151 156 160 138 136 80 78 53 30 35 36 59 42 29 33 39 80 78 85 78 53 58 66 71 60 62 62 74 77 52 44 53 51 61 53 72 66 64 54 59 52 68
103 100 97 105 78 86 90 60 63 65 77 69 56 30 29 30 42 64 51 49 37 31 28 29 26 26 34 30 30 30 27 30 28 31 35 27 28 30 27 25 27 30 30 25 33 30 27 32 26 30 26 26 33 29 27 31 30 28 26 30 38 31 28 35 32 31 35 30 29 28 28 24 30 32 30 36 89 154 182 188 185 176 175 169 184 173 166 166 173 157 123 85 108 60 35 31 44 48 38 23 28 41 65 69 106 97 64 49 51 48 56 56 69 79 62 33 40 51 55 71 73 70 73 65 87 66 49 55
114 94 108 123 86 86 99 66 65 61 93 79 48 23 25 37 37 35 34 30 24 30 29 27 28 24 26 29 25 33 30 33 27 30 28 29 28 20 24 29 33 28 20 30 28 29 28 29 31 27 33 38 30 27 26 25 31 31 31 31 33 34 29 31 32 33 35 30 22 25 27 27 31 33 28 31 84 147 176 173 171 170 161 179 176 169 173 179 170 166 120 106 110 72 56 37 37 40 36 33 30 40 53 66 107 86 64 47 55 43 60 59 95 61 55 61 70 59 63 67 83 68 85 67 88 80 52 53
98 96 106 109 97 88 94 64 59 67 77 80 49 21 32 28 24 26 30 32 23 36 32 22 30 30 26 29 24 28 28 27 20 24 23 25 28 24 25 22 22 26 26 30 26 30 25 24 36 31 37 34 36 29 25 24 31 26 31 34 27 23 32 27 28 31 29 30 35 32 31 30 25 31 25 38 60 97 111 112 119 126 126 146 139 140 152 152 166 152 117 132 114 92 66 40 32 41 29 28 43 56 47 90 117 68 50 44 60 52 53 57 87 41 46 62 65 57 60 55 75 72 79 72 73 78 59 54
102 102 84 115 113 111 116 81 76 63 58 54 29 25 34 30 30 27 26 23 25 30 32 29 28 30 28 33 23 22 28 29 22 22 25 38 26 31 32 29 26 31 32 21 24 30 26 28 33 32 29 29 35 29 29 25 28 29 23 27 32 27 29 28 31 29 23 31 24 29 26 30 22 30 25 26 33 48 54 62 75 82 86 92 88 103 115 123 129 108 105 108 86 69 59 32 31 38 33 26 33 30 41 82 95 52 54 49 50 70 58 60 72 56 53 43 68 61 69 64 74 71 62 63 75 72 54 58
100 101 110 108 107 110 116 74 66 55 38 31 32 26 25 26 29 30 36 31 33 34 32 24 26 31 33 30 29 30 27 27 31 25 29 30 26 29 30 26 29 34 29 26 24 26 32 28 25 27 28 27 29 24 29 35 32 24 26 26 28 28 25 24 21 30 31 28 28 33 30 32 29 27 29 23 32 43 46 46 52 50 54 56 60 59 70 87 79 55 58 47 43 41 38 23 30 28 23 26 32 29 43 89 70 48 46 61 39 56 82 80 53 86 62 34 76 63 72 75 78 51 73 60 64 66 57 60
126 111 107 113 94 109 103 65 63 37 28 22 29 33 29 28 29 29 32 31 28 34 28 24 32 25 29 26 26 32 25 22 32 27 30 26 23 27 31 29 26 25 26 28 28 29 29 25 26 28 29 33 28 29 28 28 31 28 30 27 25 23 29 21 24 26 30 32 30 27 29 32 31 27 30 25 35 40 40 47 46 43 48 52 54 52 40 53 49 44 40 31 28 23 32 32 36 33 30 28 37 23 59 66 53 49 41 68 34 23 64 58 44 58 62 41 48 71 74 68 76 70 86 71 64 67 69 77
97 109 112 135 90 88 105 61 48 34 29 30 32 29 38 27 29 27 27 28 28 27 33 30 24 26 26 30 28 28 31 32 22 30 31 36 31 33 52 56 56 38 36 28 32 28 28 28 27 31 34 33 24 26 30 29 26 27 32 27 28 29 32 29 24 31 29 32 34 29 27 30 31 25 30 29 29 32 32 36 32 36 48 48 58 48 41 45 42 48 38 27 25 29 34 23 33 32 30 24 29 31 47 43 57 37 47 31 35 29 36 43 40 45 55 34 43 70 84 77 92 56 74 69 58 78 71 71
102 110 102 92 99 93 105 60 45 33 35 23 29 25 33 30 31 31 27 20 23 30 30 24 27 30 30 27 34 28 32 27 21 31 39 45 45 42 66 94 107 82 57 38 34 29 25 29 24 27 31 31 33 21 26 31 25 25 23 34 35 33 27 30 28 25 22 29 28 28 27 26 29 29 25 29 28 24 31 26 31 38 38 42 50 36 35 34 41 37 27 24 28 26 28 26 31 32 32 24 33 35 40 37 41 29 44 29 27 32 37 37 50 35 37 39 48 49 92 80 59 58 70 62 59 68 79 59
107 103 95 91 91 80 108 70 37 31 23 26 26 20 30 26 29 35 28 26 24 30 23 23 29 28 29 25 25 32 32 35 32 38 57 56 49 48 68 102 114 79 46 33 31 29 27 28 36 37 37 28 32 32 24 22 23 25 28 20 30 25 31 33 31 26 28 35 29 30 29 30 29 27 23 28 26 26 29 26 28 32 26 37 36 36 35 35 34 34 26 28 27 25 18 26 39 33 30 30 35 30 34 37 41 32 33 28 29 28 28 27 40 52 28 43 49 52 65 78 66 59 78 74 46 43 66 49
98 108 97 101 92 86 75 55 35 28 30 30 29 30 28 26 30 26 23 29 28 31 29 33 32 29 25 28 37 35 40 37 41 38 44 42 49 56 69 94 113 100 91 81 84 89 74 62 61 60 46 34 31 30 23 22 29 27 26 29 28 26 28 35 36 28 27 27 22 30 32 32 32 28 25 28 31 27 26 28 28 26 24 35 35 32 30 32 25 27 31 37 28 31 28 28 26 27 24 33 30 26 34 36 37 28 25 38 29 21 26 33 35 59 42 52 51 58 65 64 62 69 62 79 59 63 51 72
96 102 97 112 104 90 92 63 32 29 30 32 28 27 29 26 30 31 32 25 30 35 31 28 29 27 28 35 39 33 40 53 40 33 39 41 51 61 71 100 118 121 124 116 111 109 103 96 69 66 52 38 28 27 27 32 32 22 24 25 26 26 30 33 29 29 27 25 29 32 34 26 26 27 30 30 28 34 30 28 25 26 34 33 34 31 25 22 25 26 33 26 26 38 31 23 27 30 27 31 23 31 49 32 25 29 37 37 26 32 33 29 29 54 51 47 41 47 57 44 55 54 63 55 48 49 60 69
98 102 101 111 100 86 81 61 43 44 44 42 33 28 28 32 30 28 31 28 22 23 27 27 27 29 34 45 52 41 56 59 41 55 67 63 68 73 77 95 107 113 120 113 93 90 76 73 62 59 55 31 30 32 31 32 31 25 27 23 25 31 26 28 30 26 27 25 27 27 25 31 28 33 36 28 25 26 30 30 29 27 30 23 29 26 33 25 32 31 30 24 23 29 30 28 30 28 26 26 30 50 35 37 25 30 30 26 28 26 30 28 27 40 53 58 50 39 58 48 48 45 60 60 52 46 53 62
118 107 109 105 104 100 101 73 60 55 42 45 43 30 24 31 30 31 26 22 26 28 34 32 28 31 33 46 50 65 76 54 60 90 89 84 79 91 101 114 109 113 94 87 69 71 68 70 59 57 54 45 34 29 26 27 30 30 28 26 25 25 33 31 35 29 32 24 29 28 27 28 30 26 28 28 24 30 26 32 32 34 29 21 26 26 30 30 32 29 26 23 28 27 22 30 31 27 25 34 49 33 29 47 23 24 29 28 28 44 34 37 34 41 41 71 74 52 47 48 67 61 48 61 46 41 44 52
98 127 110 98 108 92 80 71 60 48 57 57 46 28 30 26 30 34 29 26 37 31 26 29 28 30 27 55 61 84 91 71 87 100 95 94 96 109 113 107 96 81 72 69 67 72 70 77 66 52 57 65 50 37 28 28 34 26 33 26 29 24 31 32 25 32 31 22 30 27 26 30 29 25 30 30 29 30 32 31 30 29 32 30 31 31 27 26 33 23 30 28 26 27 20 27 24 26 27 43 29 24 35 44 25 37 30 24 25 28 31 35 32 48 50 85 62 75 54 41 62 55 57 75 61 57 41 43
