48 42 40 45 43 32 38 32 38 43 41 42 54 54 58 46 38 47 51 45 47 50 52 45 46 52 53 54 63 63 65 64 53 48 49 55 51 67 59 54 65 62 60 58 61 59 61 56 54 47 64 65 63 54 60 54 56 61 59 58 52 55 54 54 60 54 54 58 56 57 61 59 73 77 70 60 54 49 50 58 55 67 63 66 63 56 67 65 62 55 59 62 63 60 56 52 53 57 61 62 61 62 64 60 61 52 53 57 53 40 42 45 45 49 50 55 65 51 47 38 44 38 44 40 36 31 29 31
56 43 36 48 49 49 47 42 44 45 53 57 47 46 54 49 49 44 48 48 46 50 52 52 56 59 60 60 58 59 66 68 54 46 50 53 55 57 64 59 65 59 62 66 63 53 62 62 62 55 60 65 59 60 59 62 66 69 62 60 59 56 58 61 62 60 59 60 56 54 65 72 68 71 68 76 61 61 56 60 60 68 66 67 72 67 63 66 69 66 67 61 64 58 55 51 62 65 61 70 62 70 73 71 70 59 60 62 51 44 45 40 37 50 56 50 53 60 54 41 37 37 46 45 42 34 32 35
31 31 25 45 73 91 94 86 83 82 87 85 83 85 83 80 69 74 84 73 73 81 76 83 80 86 91 82 81 79 75 74 64 63 59 63 71 67 66 68 64 67 60 70 69 67 66 75 66 70 62 55 66 71 66 67 64 76 70 71 75 63 65 70 66 61 66 69 71 74 76 70 65 66 67 81 69 65 61 60 64 76 76 74 72 68 72 72 81 87 96 82 75 73 69 65 66 67 70 69 78 75 62 56 62 60 61 64 54 54 58 55 53 66 67 62 68 67 66 56 54 52 56 59 55 43 61 51
33 36 25 50 92 115 107 109 104 106 112 103 98 110 110 102 104 107 107 101 98 99 111 114 106 111 117 109 113 112 119 115 99 109 107 109 106 106 95 94 86 92 98 105 101 100 105 97 98 102 94 90 96 92 86 86 84 83 90 87 86 84 85 81 86 81 84 82 85 88 85 87 92 83 94 88 83 85 81 83 87 96 92 91 92 86 88 95 94 96 92 87 81 84 77 84 90 79 87 90 93 89 83 80 81 79 92 89 79 75 83 84 82 78 75 82 92 90 91 87 89 78 83 82 59 58 77 53
33 33 28 53 97 107 103 108 111 105 103 97 102 106 105 109 106 103 109 106 99 100 107 117 115 112 114 113 115 122 128 122 118 121 123 116 108 106 104 106 106 111 108 111 116 117 105 103 112 118 119 118 122 117 114 110 111 110 104 105 116 110 100 100 107 107 116 112 105 118 113 120 116 114 124 115 114 123 112 116 113 110 112 123 123 122 121 110 111 114 98 102 85 73 83 111 122 108 114 125 114 106 116 116 115 105 111 111 99 92 92 96 96 99 77 89 103 93 88 89 92 90 93 88 80 72 77 55
37 34 27 31 59 62 69 70 71 68 65 63 73 76 78 81 80 82 85 80 88 84 88 91 96 98 103 101 102 116 119 116 113 116 124 115 112 112 114 111 116 115 112 115 117 117 114 115 116 115 125 120 122 116 117 118 119 111 102 103 116 117 108 113 109 114 115 122 112 118 113 124 122 113 126 126 123 120 112 118 114 110 108 119 122 121 122 100 102 108 108 107 88 74 84 128 121 101 103 109 99 98 113 105 104 104 105 97 99 95 96 94 102 111 87 90 103 94 92 91 90 85 93 91 84 79 80 54
31 32 33 32 31 28 32 25 31 25 29 31 33 28 31 34 28 34 35 30 31 34 33 36 40 43 46 46 49 52 59 50 58 66 67 63 69 75 79 80 87 82 89 97 98 96 106 105 110 113 111 115 124 125 118 116 115 116 108 119 123 126 122 120 113 114 127 121 120 118 116 122 122 128 129 124 122 125 121 116 117 119 113 113 108 107 105 97 94 104 114 101 96 94 97 118 125 107 107 106 92 101 110 115 108 104 107 101 112 102 105 107 116 116 105 91 82 93 93 91 94 87 81 84 74 79 84 61
30 29 31 35 31 34 33 32 35 30 35 39 36 35 31 35 31 29 36 30 32 32 23 33 40 28 33 29 36 32 35 32 24 30 35 29 30 31 35 34 31 32 42 40 34 32 37 38 48 52 57 59 64 70 67 71 71 76 82 89 97 94 100 110 101 108 119 114 110 107 120 121 119 125 126 121 128 129 123 111 115 123 114 118 115 102 101 100 90 91 100 108 104 105 116 125 120 113 121 119 107 118 115 120 124 113 107 118 120 106 113 137 125 112 95 84 87 90 95 92 95 91 88 87 85 85 88 64
28 31 33 32 34 28 30 34 34 34 27 29 41 34 26 25 32 31 38 29 32 33 27 35 32 29 30 35 37 41 37 36 28 31 34 35 37 33 31 32 30 26 34 33 37 32 32 33 30 33 38 34 37 35 29 30 35 38 36 29 39 45 41 47 47 49 50 51 52 52 61 56 62 64 74 76 79 82 75 77 74 77 83 99 91 81 82 85 84 74 91 96 99 111 122 119 111 113 110 124 119 118 110 119 122 116 113 121 128 110 115 136 103 98 93 100 106 101 98 92 96 107 99 108 103 90 101 62
34 28 39 34 33 35 30 34 35 30 32 28 34 31 30 32 31 33 33 32 28 34 30 30 29 35 26 34 29 26 36 38 36 31 37 34 34 42 31 32 33 30 30 35 35 30 37 30 36 32 31 30 34 29 29 35 38 38 33 37 35 30 24 34 34 33 35 34 29 30 38 30 34 31 38 32 33 35 31 34 34 31 31 39 31 40 30 37 40 34 37 41 51 53 45 51 49 54 50 56 62 61 52 62 59 68 74 74 78 70 72 79 73 68 58 69 81 74 74 72 73 79 80 78 78 78 80 55
31 28 31 31 35 38 35 33 25 27 31 32 32 30 30 39 32 34 36 31 32 39 36 36 34 41 29 29 30 34 39 38 30 36 35 37 34 47 40 36 35 40 40 35 40 39 40 39 40 36 32 33 38 36 42 34 35 37 42 29 32 33 37 39 37 34 35 35 33 34 32 32 35 35 37 36 32 37 39 35 32 29 30 25 30 39 31 29 36 34 31 33 38 41 36 40 47 46 50 58 57 57 65 72 64 70 72 74 73 84 83 74 84 81 81 81 79 76 73 73 66 70 76 79 80 79 78 58
57 65 57 43 38 43 32 31 33 33 38 45 41 34 36 49 52 34 36 39 40 43 40 31 35 36 38 39 36 38 35 39 33 38 39 39 37 37 37 47 40 36 37 45 44 39 47 43 42 40 46 47 42 42 40 39 40 37 42 33 36 44 39 38 39 38 35 39 39 39 37 33 39 46 37 39 40 35 33 36 41 40 37 40 43 47 53 48 59 69 74 73 83 85 91 81 84 90 91 88 84 87 92 86 89 82 78 79 89 94 90 79 89 89 84 79 78 76 70 76 78 81 81 76 82 81 78 62
95 99 99 95 91 88 81 80 79 72 72 70 53 50 57 66 55 46 42 45 40 32 38 35 39 41 39 35 26 41 43 43 42 40 38 42 41 44 40 49 43 48 44 47 50 50 46 42 39 38 44 43 45 47 45 41 38 40 40 40 39 44 42 41 44 43 33 46 47 51 54 56 52 59 62 66 70 68 74 81 82 81 87 99 93 95 98 101 100 105 101 105 98 97 100 92 100 100 102 99 94 93 95 94 91 85 79 84 91 93 88 89 79 79 84 80 80 85 87 81 77 76 77 73 71 72 72 55
95 96 95 96 98 93 97 106 107 97 106 99 95 88 90 98 84 86 77 71 73 72 74 74 60 57 55 52 46 52 57 54 53 47 44 55 48 55 48 42 43 48 49 50 53 56 51 50 43 54 53 55 61 62 66 58 64 63 73 74 71 78 80 91 92 83 88 98 94 104 108 108 101 100 109 107 106 111 109 112 104 103 104 111 95 106 102 98 97 97 105 107 104 99 100 103 97 99 109 106 103 101 103 99 92 89 95 95 91 93 89 91 88 83 78 91 83 90 89 84 74 72 78 84 78 71 70 47
94 93 95 102 96 95 100 97 110 110 104 101 93 96 98 95 99 100 85 82 92 101 100 105 109 100 102 104 109 101 98 96 102 96 92 98 91 93 97 86 86 91 93 94 101 103 101 99 95 100 111 108 109 117 112 105 104 109 108 99 83 99 115 116 130 113 105 119 119 119 120 116 107 108 108 108 103 103 113 109 102 104 107 107 96 104 101 101 105 103 106 103 94 89 96 102 97 101 105 94 104 107 107 99 90 100 94 90 96 89 91 86 86 87 78 91 86 84 96 96 77 81 84 82 81 78 71 52
101 94 91 104 96 98 98 110 108 100 104 100 96 106 106 105 101 105 95 83 97 100 110 112 123 112 114 111 116 116 116 119 120 122 118 123 117 120 112 117 106 109 116 113 128 125 122 124 116 110 123 114 114 127 126 114 109 116 105 101 85 99 117 122 127 111 98 111 125 118 118 115 115 103 118 115 107 108 124 112 103 100 103 111 102 112 112 109 106 115 108 107 99 93 94 94 99 110 106 95 93 104 110 108 100 97 88 92 90 94 98 93 88 92 87 93 92 93 94 93 82 86 78 73 84 84 80 54
99 85 95 104 99 94 98 105 105 105 110 109 104 108 107 108 105 103 103 89 97 94 106 105 116 123 105 105 111 115 110 123 115 112 112 108 115 120 123 120 114 105 110 99 116 112 105 119 108 110 115 110 117 123 121 118 109 114 112 98 93 111 113 113 120 117 111 110 119 118 122 110 106 108 117 122 108 104 111 108 102 102 104 104 104 99 108 107 99 111 111 105 108 103 99 91 114 117 102 104 94 99 102 102 106 91 92 90 86 93 100 96 101 95 91 93 97 97 93 97 87 95 79 75 80 89 81 52
98 90 94 104 105 90 101 90 103 109 109 116 112 111 104 112 112 109 106 109 99 90 95 102 115 118 101 105 111 117 109 110 112 118 114 111 111 119 115 112 114 114 112 105 112 112 108 115 113 109 104 104 110 113 115 110 113 111 106 95 89 104 112 117 121 119 110 114 120 119 119 113 110 113 107 106 99 108 111 115 113 105 106 100 102 101 110 104 108 98 103 107 100 97 96 96 110 111 93 102 101 103 105 106 101 99 100 88 97 87 88 88 89 92 95 96 91 88 97 97 86 93 78 83 75 74 79 56
105 96 101 106 108 105 104 104 101 103 114 114 122 117 115 115 114 109 95 102 105 98 93 91 105 108 112 113 114 118 118 115 118 123 122 114 112 115 113 117 113 120 122 121 105 116 124 111 103 108 116 108 109 104 115 115 109 112 111 100 94 109 105 117 117 112 108 115 113 120 116 115 113 107 101 101 106 108 104 113 108 108 105 109 105 93 98 107 100 102 110 110 107 105 91 97 103 114 95 99 99 101 93 83 89 93 95 97 90 84 76 92 102 94 92 91 92 87 91 95 87 79 74 67 68 63 72 55
95 97 102 104 101 105 108 110 108 108 110 115 118 109 124 116 111 117 117 111 104 111 104 97 94 111 114 112 107 108 113 116 118 113 123 123 119 114 118 119 123 114 120 127 117 111 131 117 91 97 101 96 101 105 109 110 114 98 99 90 99 105 106 112 112 108 111 109 113 119 110 109 113 113 108 106 122 114 106 110 122 111 118 115 101 105 99 105 108 104 118 109 105 106 91 98 102 104 97 99 103 90 89 96 93 100 96 84 83 79 84 90 100 90 89 86 78 84 89 91 94 91 82 72 77 64 73 57
74 84 80 85 85 87 94 93 98 100 97 103 102 103 106 109 101 109 118 108 98 105 113 106 89 99 107 116 121 114 114 120 125 126 125 125 123 129 131 124 123 126 113 126 126 125 129 123 106 104 95 102 97 98 107 110 114 117 103 98 110 103 104 112 113 106 104 108 116 109 111 111 111 113 107 109 102 111 102 109 117 116 116 114 106 101 99 94 107 106 109 99 104 105 100 102 105 101 97 101 101 97 97 100 95 95 92 89 92 98 97 92 91 88 75 87 83 84 86 95 94 91 80 88 80 69 77 52
103 107 93 88 94 90 99 103 85 101 104 100 114 113 103 108 120 114 103 101 106 98 83 86 94 92 87 88 89 92 92 89 88 95 93 94 93 99 106 98 95 98 106 123 119 113 118 113 122 112 113 116 114 111 116 129 121 125 107 94 104 112 111 114 113 111 103 98 107 107 102 106 112 110 100 103 110 109 106 117 114 106 106 103 95 103 103 99 116 98 104 102 98 94 92 97 113 102 93 94 99 107 105 90 90 92 88 92 95 91 94 93 102 95 87 86 79 79 84 92 90 80 75 79 72 71 81 53
150 149 128 123 113 120 133 128 113 126 150 151 159 158 159 158 164 165 157 161 155 140 121 115 121 122 114 108 107 112 107 104 109 106 104 101 109 109 108 114 98 90 87 94 99 98 92 88 92 102 106 94 93 93 86 100 106 102 84 68 95 106 90 95 104 108 94 94 101 97 101 108 105 106 110 113 108 109 124 122 102 102 99 100 99 105 99 103 110 99 103 103 104 99 104 94 108 104 94 103 93 105 100 87 90 102 96 97 92 85 87 91 94 85 89 88 92 77 81 89 88 78 81 77 76 74 81 51
137 123 111 110 100 103 110 114 103 105 145 153 148 154 157 158 162 164 151 153 156 150 130 118 124 139 122 121 124 121 126 127 120 130 139 132 127 126 125 122 113 114 101 110 116 112 113 115 120 145 145 137 135 127 139 149 148 135 104 99 98 97 96 97 100 109 107 91 73 72 72 73 82 84 81 87 84 90 93 87 90 85 96 93 84 95 85 92 88 89 82 90 93 94 91 98 103 98 96 99 93 99 104 103 97 96 96 104 101 96 93 91 90 91 88 90 91 80 96 102 90 82 84 83 87 78 76 54
113 105 99 104 101 103 105 107 109 109 125 130 133 158 161 166 169 168 154 153 168 152 139 127 136 145 146 151 144 148 155 153 140 148 173 160 141 137 126 116 111 115 110 121 117 110 101 106 111 132 140 144 141 135 158 172 166 158 150 152 135 137 141 140 137 136 130 109 98 78 92 91 102 104 97 105 120 116 99 117 126 113 146 134 111 99 87 78 82 97 118 113 101 77 75 79 72 84 87 79 74 84 81 84 78 76 76 92 113 120 129 135 111 97 100 84 97 105 107 100 97 106 104 104 102 92 89 64
94 107 99 97 106 99 103 103 104 102 101 110 116 138 144 153 158 164 153 160 162 150 139 133 149 148 153 160 158 161 178 153 161 168 162 164 141 145 140 133 123 126 120 122 117 120 124 114 109 106 114 130 126 126 135 155 174 153 171 178 155 139 150 157 140 130 114 106 107 82 106 123 89 97 99 95 114 124 113 127 130 121 128 143 133 114 118 113 125 136 147 151 137 112 102 101 95 101 105 91 104 143 127 121 110 100 92 115 131 141 147 138 112 95 104 78 90 106 111 97 92 102 97 108 98 72 65 51
99 96 102 97 93 106 100 101 107 111 109 120 117 125 114 114 127 137 130 131 125 122 124 128 134 133 136 135 130 131 137 122 127 126 125 132 124 123 134 139 129 120 123 121 110 109 119 118 114 107 104 104 106 113 111 129 149 127 136 147 135 126 130 136 120 115 106 105 114 111 121 124 97 94 110 105 116 112 113 116 107 108 98 114 108 100 104 101 117 111 114 113 109 106 107 107 108 102 98 99 100 111 101 99 102 93 93 95 101 104 102 99 94 95 99 93 86 87 93 90 92 91 82 83 79 73 82 51
86 90 95 70 83 81 74 71 72 76 84 90 83 83 82 81 98 100 108 105 103 115 114 123 122 112 117 128 134 121 114 99 93 93 98 107 107 99 116 113 107 102 107 96 93 106 104 110 127 120 106 114 108 108 111 110 115 124 131 126 118 119 120 118 124 127 110 106 121 118 110 107 100 100 101 105 105 96 101 114 100 107 99 92 95 94 90 90 91 97 110 99 97 104 99 115 123 116 113 100 83 85 84 95 97 83 87 83 75 77 73 71 68 72 82 84 82 76 82 81 89 82 85 82 80 76 76 55
60 47 51 53 63 69 67 72 57 73 77 64 61 53 69 68 83 80 77 79 78 88 79 80 81 84 74 79 96 87 62 82 102 78 83 88 86 80 72 63 75 86 103 99 95 79 81 96 105 94 90 98 85 89 89 100 83 93 95 79 79 105 115 104 102 87 73 74 74 67 74 75 81 80 79 77 78 85 85 91 80 85 91 73 63 72 74 68 70 78 86 75 64 81 79 67 61 62 61 60 61 71 72 81 80 55 54 54 44 52 42 57 52 44 53 53 67 54 54 52 60 63 65 56 46 48 41 32
41 38 34 38 42 56 100 83 59 83 78 62 78 67 74 79 84 86 81 81 70 81 83 72 75 78 80 83 92 74 56 58 94 78 71 85 102 124 116 100 95 109 127 111 92 72 75 90 80 73 83 81 71 76 80 85 76 93 77 81 76 89 107 98 93 72 66 75 74 72 74 74 66 81 75 82 75 72 79 62 69 84 72 73 64 59 60 64 62 74 83 73 64 62 45 39 59 69 56 61 56 49 49 54 51 45 36 37 42 42 36 44 53 44 44 43 49 51 55 44 47 57 51 46 43 41 43 40
40 45 46 42 47 48 82 78 58 54 57 59 79 86 65 63 75 77 83 84 87 71 88 71 73 66 75 76 60 51 54 60 83 75 63 58 87 130 108 105 106 82 73 97 86 85 68 84 63 56 65 71 65 79 93 74 61 65 73 71 73 83 98 98 80 82 91 104 88 83 75 77 80 78 71 74 59 62 78 72 65 62 51 71 68 58 70 61 72 68 68 61 61 59 40 39 51 52 46 49 54 42 45 43 45 47 43 39 35 35 41 37 51 51 42 40 40 49 53 40 32 33 46 46 54 44 39 38
45 47 49 50 51 46 50 65 58 54 53 49 63 59 59 61 59 55 72 68 94 89 89 105 80 70 94 106 78 57 54 52 82 76 73 56 94 120 92 95 98 72 85 84 71 83 70 65 61 57 56 63 57 63 61 68 59 77 88 78 77 68 89 95 77 70 72 87 77 68 65 70 72 69 70 74 60 65 58 58 55 69 58 50 53 62 64 64 61 50 50 52 51 55 59 43 53 45 55 46 44 40 46 41 37 42 39 38 39 33 44 35 48 47 55 43 45 46 46 40 29 24 40 42 36 30 35 35
38 40 47 55 49 49 40 54 66 60 55 52 56 58 75 63 55 56 69 83 73 78 86 105 87 94 92 90 61 51 47 49 84 76 70 65 78 80 80 83 79 75 90 81 82 66 66 56 58 57 55 58 68 71 57 70 71 54 66 64 69 68 76 82 74 68 76 76 80 67 63 65 57 62 88 72 58 58 56 64 61 55 59 50 57 47 55 63 60 50 50 53 58 69 70 52 52 72 62 47 50 41 41 39 38 40 33 40 38 43 44 39 52 41 46 44 44 46 41 38 32 33 35 38 33 37 40 40
40 24 29 49 48 66 47 49 62 68 49 49 52 55 74 70 82 81 66 95 92 62 75 69 70 95 74 57 61 58 50 55 81 75 64 60 71 77 59 68 92 84 102 73 89 64 43 46 43 35 46 58 85 85 73 58 70 52 49 57 71 73 69 65 76 59 64 72 68 74 72 72 69 78 72 64 74 76 59 62 63 55 51 56 52 49 58 60 56 55 65 75 58 56 57 60 48 68 54 48 52 44 40 45 39 40 42 40 42 45 42 40 42 50 50 39 39 44 33 34 41 37 37 35 29 31 38 42
40 33 34 47 44 55 51 58 58 49 43 44 47 48 59 69 80 96 78 65 70 77 83 71 60 75 82 68 58 64 69 67 76 84 63 68 75 76 72 90 89 70 104 86 87 55 44 46 43 38 42 56 79 82 69 52 47 52 53 52 57 63 70 66 60 57 52 70 68 94 78 57 52 60 56 57 70 71 66 72 72 67 62 75 64 69 60 47 50 45 54 65 50 46 47 49 52 52 48 49 59 57 53 48 50 34 41 36 39 44 36 28 38 49 50 50 36 39 34 29 40 37 39 39 29 28 33 31
41 35 30 41 41 51 56 57 52 50 46 51 45 48 56 76 76 69 71 78 84 97 86 66 65 71 85 70 76 69 73 85 86 96 70 62 66 71 73 67 76 69 70 81 105 65 56 50 54 39 47 44 52 57 62 45 46 57 59 56 56 57 64 83 60 59 50 76 67 85 86 75 54 58 56 50 62 68 67 76 65 51 48 64 44 67 59 61 67 45 53 50 45 50 54 54 51 52 56 63 65 57 49 46 40 29 46 37 41 39 37 41 53 49 47 36 36 41 42 51 49 41 38 43 31 35 34 34
46 46 39 37 37 35 54 52 51 43 49 50 55 51 53 63 56 51 70 82 70 60 67 74 72 80 63 54 68 63 66 77 76 80 68 53 50 61 74 90 97 89 89 84 101 89 67 59 49 44 46 46 39 35 44 71 54 46 56 55 50 48 48 58 50 55 51 66 63 78 78 75 64 70 68 74 74 69 68 61 58 51 52 62 49 45 54 62 64 57 61 72 49 45 56 58 52 57 67 71 66 57 45 56 48 42 35 39 47 56 46 45 59 48 40 35 41 38 47 49 45 40 31 46 38 34 39 37
50 49 47 40 35 35 32 36 49 52 51 52 54 53 49 58 50 52 64 73 67 71 72 79 86 92 81 73 69 68 71 74 72 71 66 67 82 78 96 99 91 74 74 81 78 73 66 59 55 48 58 63 52 42 49 76 53 52 54 45 40 49 43 52 52 48 58 60 59 56 50 72 67 50 50 58 57 60 63 59 69 66 84 64 58 60 51 58 52 64 80 84 49 53 63 78 71 63 73 64 55 48 48 48 61 53 46 45 65 66 49 52 52 39 32 34 35 45 47 42 39 50 29 43 50 39 35 30
51 45 47 51 43 47 38 46 55 48 47 50 54 55 56 50 49 51 53 74 64 59 60 65 59 62 83 77 62 73 89 78 66 72 65 61 70 70 94 115 104 91 93 107 95 63 71 59 70 68 66 65 61 71 65 57 47 58 49 52 49 44 48 62 54 44 42 50 40 34 31 51 55 47 46 58 57 65 66 60 54 64 67 53 56 63 63 60 56 61 91 71 62 71 72 67 54 60 64 68 59 63 55 61 63 59 57 63 71 75 56 49 58 42 38 38 34 37 51 52 47 58 43 44 36 42 41 24
56 48 51 46 49 50 46 40 54 56 69 61 55 51 44 40 41 54 66 57 51 56 55 64 54 55 67 67 70 70 76 97 77 66 70 66 66 74 72 78 82 92 93 99 79 46 71 65 65 61 54 75 78 79 69 52 58 58 48 57 47 50 55 70 72 51 51 39 48 55 46 45 47 46 55 62 54 55 61 61 53 53 57 56 52 59 63 58 58 68 77 63 62 64 57 67 71 68 72 65 59 69 72 80 73 61 68 77 78 80 71 56 56 49 45 39 33 38 42 53 55 48 43 41 41 45 34 24
65 60 49 52 55 48 52 52 60 56 58 56 59 53 52 40 54 58 66 55 61 74 64 60 54 46 59 75 69 63 71 98 94 69 69 67 68 74 77 77 76 69 73 60 63 54 63 58 48 59 57 72 59 68 67 57 60 53 59 57 54 59 56 65 70 54 67 55 47 54 53 61 48 46 61 67 57 61 60 62 55 48 67 56 49 60 64 54 54 58 57 50 60 66 50 56 72 56 57 64 52 56 67 66 55 53 50 73 77 63 61 50 49 59 53 48 39 39 52 47 46 45 42 38 46 49 34 31
55 50 43 58 59 59 60 53 57 53 59 64 62 57 55 50 63 69 59 52 51 54 62 58 50 54 53 64 64 58 68 60 68 58 70 70 74 71 73 65 73 70 65 62 48 50 62 57 57 62 61 59 64 78 67 51 53 57 57 60 55 56 55 59 76 69 65 66 65 59 65 57 51 52 55 60 59 64 74 64 60 61 62 54 52 60 55 52 56 51 64 64 61 64 65 67 77 56 59 58 38 47 61 44 48 44 37 60 79 68 59 61 62 67 61 57 53 55 54 52 49 37 30 37 33 55 49 39
50 43 45 51 57 57 59 69 65 50 57 63 52 57 65 55 57 68 57 71 90 66 87 87 74 66 69 80 85 68 57 61 61 63 73 77 68 67 75 74 66 59 56 55 51 51 45 45 47 49 53 58 58 65 65 55 61 67 57 58 62 51 56 69 59 64 66 67 62 59 62 66 61 63 78 71 68 79 82 81 74 67 62 56 59 66 62 59 62 53 63 69 65 61 60 62 69 59 57 52 48 43 50 47 43 48 44 72 87 67 58 65 64 71 70 61 54 55 46 51 44 31 39 33 41 52 35 35
39 42 46 46 52 48 59 78 70 50 50 52 49 51 59 52 50 61 54 65 74 75 113 94 73 70 68 90 79 76 55 53 59 78 78 83 71 69 66 65 70 62 57 52 43 38 43 40 50 51 56 57 56 53 60 59 57 57 56 53 53 56 63 65 62 69 70 69 71 68 74 80 71 72 75 70 65 69 69 72 70 52 57 57 73 75 71 91 90 59 68 69 86 86 94 60 56 53 46 44 58 51 48 49 51 58 52 55 57 52 67 77 78 75 68 60 54 43 45 43 45 44 45 34 45 50 41 40
50 48 41 49 49 62 63 53 54 53 54 56 61 56 53 55 72 66 64 66 80 91 90 88 75 73 75 71 89 85 75 65 68 81 82 76 77 74 66 63 59 71 53 43 46 52 51 54 42 47 48 50 57 55 53 54 53 50 60 60 62 69 68 72 71 66 64 68 76 74 79 68 70 60 61 67 73 64 57 56 58 90 87 62 61 77 83 91 82 67 61 67 85 88 83 49 44 53 47 63 59 51 38 40 54 67 63 72 73 75 64 72 75 61 59 60 49 49 62 53 53 45 38 36 49 54 64 39
44 44 49 53 61 71 55 54 49 43 50 55 62 59 67 61 67 63 61 66 75 77 71 74 67 71 69 69 78 75 77 82 73 87 97 88 90 81 61 65 67 65 38 48 57 55 53 66 56 58 49 47 49 63 66 66 61 55 69 86 59 64 66 79 71 71 80 79 65 68 82 78 66 65 74 77 78 82 72 76 74 92 82 82 84 100 109 103 115 79 59 61 85 95 108 79 49 64 66 70 63 44 72 96 88 69 76 82 70 60 67 63 60 49 48 52 68 76 73 72 62 42 44 50 46 62 83 47
51 45 56 51 63 55 48 49 49 52 65 64 62 66 68 55 60 67 61 59 66 64 65 63 67 65 69 65 74 84 90 91 79 84 89 84 80 70 69 72 80 67 38 57 54 51 51 59 65 65 59 58 53 57 80 98 88 59 65 74 77 82 77 75 84 71 70 79 70 67 74 83 87 88 89 92 96 111 104 69 81 82 76 86 94 101 111 102 106 99 88 98 91 101 101 90 70 69 69 58 60 56 92 120 113 77 91 80 69 80 76 61 65 57 49 57 68 71 81 77 55 47 60 78 63 65 97 70
52 53 56 54 60 51 44 50 60 68 78 58 58 60 57 54 67 82 84 72 67 66 75 73 57 71 90 80 88 101 100 101 87 91 103 102 99 88 87 87 81 53 44 50 55 50 49 57 58 61 56 60 58 38 64 82 75 65 73 68 90 90 88 92 79 83 80 78 87 84 73 84 79 73 80 80 102 104 85 70 81 77 91 81 75 78 89 95 99 91 97 97 96 86 86 73 69 67 69 61 46 67 87 106 88 77 80 83 93 96 77 81 67 70 63 62 65 64 73 73 73 48 103 137 113 48 100 81
64 60 62 63 58 48 57 68 68 69 68 53 58 57 60 70 71 66 66 75 67 64 74 86 90 97 101 102 96 95 92 101 91 88 95 95 101 93 97 94 90 41 45 51 64 55 48 54 60 61 55 50 57 52 50 70 77 66 62 67 72 76 79 83 83 79 71 89 98 94 87 90 83 85 85 83 113 103 76 83 87 79 73 81 77 74 76 73 72 75 79 80 81 74 78 67 67 76 92 86 54 73 90 84 87 80 76 82 101 93 91 98 78 83 83 77 73 63 103 141 127 74 109 143 134 115 133 85
57 51 53 62 52 62 52 51 50 58 67 59 60 65 69 83 88 86 66 61 63 79 87 91 93 90 87 98 97 83 84 84 84 85 86 89 100 96 106 110 90 31 40 44 50 53 54 56 56 56 54 60 61 60 47 62 84 70 61 67 65 60 68 65 70 75 74 89 86 76 71 66 68 83 86 79 84 75 79 69 76 75 73 72 55 64 66 74 64 60 54 51 66 70 62 52 68 77 82 78 45 49 54 75 83 82 74 70 70 77 84 79 71 66 85 109 117 118 152 150 150 146 139 124 127 131 144 77
26 29 32 31 29 42 36 51 46 42 39 45 44 54 60 71 71 61 64 55 41 45 51 52 39 39 37 35 39 34 37 44 35 35 45 43 51 43 47 51 47 29 34 45 42 45 54 54 55 54 61 65 64 61 56 50 55 90 64 40 44 34 33 35 34 32 31 38 36 29 25 31 31 33 32 32 30 28 32 32 37 31 35 26 31 38 37 71 64 53 37 31 45 45 29 29 26 36 31 30 35 33 28 37 49 39 40 47 48 52 56 68 84 116 138 156 151 146 145 153 156 129 118 128 120 114 142 80
31 26 32 31 34 33 27 37 42 33 37 41 37 41 40 40 43 35 41 43 29 46 59 73 54 36 40 42 38 36 31 34 39 35 33 33 35 36 35 31 29 33 35 36 45 44 58 55 45 63 73 64 60 62 58 54 51 64 52 31 29 36 37 28 30 30 32 32 28 30 31 32 33 25 32 36 27 34 30 39 38 32 32 37 36 32 33 42 39 44 37 34 35 36 31 28 35 32 29 29 31 30 25 29 33 32 39 50 47 89 152 198 214 199 177 165 150 146 142 129 117 66 46 60 74 73 94 60
33 35 31 28 26 32 33 32 25 32 29 30 34 32 26 29 35 34 31 23 33 36 37 41 46 43 50 52 49 47 43 42 42 44 36 29 30 34 38 25 32 37 39 44 41 35 55 58 51 59 51 57 62 69 63 57 59 61 53 32 35 49 50 40 27 35 32 32 30 34 33 35 31 33 35 35 29 33 35 31 33 29 28 33 33 30 28 34 36 32 30 35 31 29 28 35 36 30 33 27 37 34 25 35 41 42 55 59 126 205 220 217 218 211 206 197 164 143 98 71 48 39 32 40 47 54 66 43
34 34 31 24 32 30 37 34 32 36 35 36 30 33 32 40 37 34 42 32 54 45 31 36 42 35 39 47 49 39 46 48 53 54 42 42 45 47 43 51 35 38 36 37 39 39 38 51 53 60 60 56 60 68 76 67 58 56 49 57 52 49 39 37 37 34 33 31 33 44 57 44 30 31 34 29 29 36 31 33 31 30 30 31 31 27 32 33 40 37 34 36 35 28 37 31 32 39 43 34 35 39 35 34 45 45 50 133 228 220 218 213 214 202 212 213 190 114 69 74 69 76 78 85 93 94 96 56
30 31 34 28 27 31 34 35 29 36 37 42 33 26 34 58 43 32 49 39 58 38 49 85 91 49 49 52 54 41 42 40 42 50 34 39 53 54 44 76 46 36 37 33 38 44 41 46 53 61 71 62 70 73 71 63 64 58 58 53 62 64 64 44 36 32 28 36 36 57 60 40 39 56 35 29 52 58 33 32 28 29 36 35 33 34 45 31 33 29 37 30 30 32 21 27 33 59 49 35 31 36 36 33 42 41 120 222 227 218 220 216 217 211 211 215 203 166 105 93 91 86 94 95 82 94 97 61
34 31 33 28 31 24 32 30 31 45 47 48 48 30 42 75 82 59 54 42 49 90 152 163 161 130 98 88 66 48 47 50 47 54 44 56 70 55 40 39 39 32 43 47 43 45 47 46 63 63 52 62 70 60 64 64 58 72 66 57 61 71 77 68 47 39 28 35 51 44 45 47 41 58 37 46 81 71 35 37 54 42 40 39 37 39 31 36 49 29 38 35 34 33 41 32 35 50 32 28 30 50 42 42 47 55 190 226 226 222 224 216 214 214 213 201 201 185 129 104 92 93 104 90 79 102 99 59
44 44 39 37 37 33 37 27 30 60 45 79 83 53 42 74 90 82 81 114 149 190 196 190 195 200 209 209 197 160 104 73 64 68 76 104 116 95 68 41 36 35 45 53 49 43 46 57 75 94 136 170 161 142 131 101 65 64 59 59 63 70 74 67 67 61 36 28 38 32 33 28 27 30 41 51 49 37 42 43 63 51 49 41 50 44 37 41 48 46 47 41 34 42 51 31 53 65 66 61 50 70 55 51 56 116 218 221 230 229 221 218 210 209 216 203 189 180 161 98 90 98 89 85 81 92 88 60
45 68 61 54 27 38 58 47 43 69 47 101 102 79 66 89 81 121 173 198 185 176 163 173 178 183 185 190 195 206 215 174 121 97 112 116 108 98 109 77 44 45 56 53 51 46 76 164 207 231 240 234 241 234 232 224 199 163 111 67 58 67 70 76 70 68 59 42 35 33 37 33 33 31 36 41 36 42 45 46 52 51 51 57 78 71 65 54 51 52 58 56 43 58 56 55 94 97 113 122 109 92 81 87 89 163 219 228 230 230 228 227 220 210 203 201 190 176 175 101 91 95 86 86 47 61 99 53
61 64 62 78 57 76 82 94 95 101 91 102 97 90 88 94 134 177 155 153 165 168 169 176 183 186 181 188 185 193 196 215 215 171 150 116 104 112 104 114 62 51 60 61 93 134 209 230 223 220 211 214 217 210 227 221 222 227 219 132 52 66 67 67 70 73 67 53 43 44 38 36 39 36 48 47 47 46 52 48 57 112 163 177 193 203 192 173 130 96 88 84 89 93 92 88 105 108 93 90 112 115 150 175 181 198 215 225 227 227 225 224 218 208 197 191 189 166 168 125 86 95 95 75 30 57 91 56
85 61 80 89 100 103 98 94 99 98 90 107 91 88 89 137 182 144 78 112 148 180 176 185 190 181 182 188 185 188 192 196 209 217 223 192 137 116 115 111 65 87 118 159 203 225 218 202 204 205 197 206 210 211 208 210 218 217 213 196 99 53 65 74 74 80 63 59 47 50 48 47 44 44 49 45 41 57 102 126 183 217 208 212 211 223 208 208 203 185 148 112 100 102 92 89 96 99 97 88 98 158 213 223 208 207 202 200 212 224 225 215 205 202 190 174 177 167 165 134 84 97 101 78 35 59 71 42
73 62 70 87 94 101 84 84 87 102 102 114 91 102 112 166 151 106 53 103 134 169 174 186 187 191 187 185 184 190 184 188 192 195 202 216 224 220 196 188 178 206 212 217 208 194 202 204 199 203 198 204 218 208 202 206 210 214 225 194 144 108 112 122 114 79 63 57 56 52 47 47 52 49 63 88 125 184 206 220 231 211 212 208 211 207 205 197 193 199 200 160 94 89 107 111 93 92 107 107 164 206 212 206 214 212 204 213 201 221 222 209 212 200 180 164 166 155 173 141 90 77 86 71 66 59 64 38
80 82 75 95 97 109 86 88 88 96 111 98 95 93 138 131 102 99 51 85 124 135 161 186 179 182 187 184 186 178 186 178 191 197 197 199 210 224 226 226 218 218 205 205 187 191 206 208 203 203 198 198 202 207 196 196 217 211 205 206 210 215 210 210 203 181 149 126 118 111 121 132 144 163 202 204 214 211 197 204 211 204 206 207 199 187 195 198 188 185 202 188 120 86 103 108 110 106 103 119 195 215 219 206 212 198 201 211 201 206 220 216 216 209 181 163 151 150 165 145 76 23 52 59 43 41 41 32
90 91 87 89 91 87 76 91 94 104 121 106 106 113 138 103 87 99 60 75 124 127 153 183 182 192 192 176 178 182 178 177 190 193 191 197 197 207 205 211 207 196 197 205 199 198 197 194 195 207 205 193 195 203 198 204 209 217 219 225 220 213 214 218 210 215 223 230 220 216 231 230 226 228 220 210 205 201 199 198 211 205 209 205 199 196 205 191 190 199 202 190 146 114 137 148 152 146 109 166 208 210 215 203 217 204 201 203 205 189 193 190 193 208 179 146 142 145 153 137 65 31 40 33 24 31 39 33
87 93 92 92 94 75 91 101 101 109 105 108 96 110 122 82 96 113 94 89 103 129 152 185 188 192 192 189 184 181 180 187 190 195 201 203 204 208 199 211 212 206 196 208 205 200 201 201 206 200 195 193 174 189 208 219 218 220 212 210 212 207 211 210 210 213 216 222 216 219 216 208 210 218 211 208 200 193 207 207 209 207 202 204 209 198 193 186 193 194 196 183 161 107 114 120 136 144 136 187 188 192 207 201 210 209 197 191 198 176 157 126 114 200 180 141 126 149 160 130 57 38 47 63 73 86 90 58
79 90 83 81 84 80 98 93 95 96 87 90 92 96 116 79 126 123 153 139 83 118 156 176 186 185 194 189 182 178 181 192 187 199 201 199 208 201 191 201 202 211 212 210 208 200 195 198 207 195 196 185 169 197 216 213 209 207 199 204 205 204 201 207 210 213 214 214 218 211 205 208 223 210 202 205 205 207 210 200 202 203 196 195 197 197 189 191 191 197 191 177 169 122 131 113 99 125 149 167 175 190 202 212 215 203 192 185 185 155 119 79 99 202 189 154 142 154 156 127 87 94 94 77 69 54 42 34
81 80 70 76 86 110 108 86 96 95 87 87 88 116 125 88 129 124 128 144 86 136 161 171 188 192 190 188 183 179 186 188 195 199 203 204 203 204 202 205 207 219 209 210 212 200 202 200 195 202 199 175 192 212 206 210 203 205 184 166 175 189 196 195 210 203 218 217 206 219 220 203 213 204 206 219 210 219 208 193 204 199 192 195 201 189 189 183 181 185 180 177 171 139 125 111 96 107 142 165 168 184 196 209 212 206 194 170 164 136 97 78 136 205 201 167 144 152 139 101 53 49 41 27 27 24 36 29
67 90 104 88 90 81 84 92 94 95 77 88 93 103 107 96 88 116 124 117 73 136 164 175 187 199 186 171 187 185 186 199 200 208 213 214 207 203 214 221 219 211 211 202 204 203 197 200 204 194 182 186 202 207 200 200 196 183 127 105 95 130 191 202 211 202 213 219 208 209 208 213 208 212 212 215 206 195 190 190 196 196 211 211 188 175 174 170 173 177 167 171 165 130 115 119 96 88 130 137 141 176 187 192 208 203 188 156 146 111 86 83 152 193 188 176 142 144 127 96 33 38 45 57 82 73 71 45
49 79 105 99 93 91 90 87 88 92 92 76 83 88 65 108 107 110 159 87 71 155 166 178 187 192 185 179 189 192 193 199 202 210 209 203 215 204 218 224 218 209 213 204 202 199 195 200 200 197 171 183 199 195 197 195 181 145 98 77 102 123 202 199 194 193 200 201 206 211 213 217 212 219 204 207 204 200 187 185 195 200 205 197 197 176 165 162 165 167 159 166 164 127 102 126 131 96 130 141 153 171 176 177 183 184 182 172 139 106 78 83 150 180 182 178 141 131 120 82 79 97 100 96 98 103 81 47
75 82 100 101 86 90 83 83 86 80 89 87 104 93 95 143 119 128 166 122 79 163 165 175 183 177 180 180 183 194 198 202 201 204 201 207 203 205 214 218 216 200 203 199 193 195 197 192 204 195 162 194 202 202 194 187 147 123 94 80 118 137 201 192 201 208 206 195 201 197 215 224 216 219 196 200 198 190 191 186 188 197 191 185 187 167 165 168 161 152 153 152 139 122 93 112 157 147 142 137 146 152 163 167 168 171 166 168 147 108 79 110 162 176 173 162 138 116 88 75 106 109 103 92 99 100 95 59
104 107 103 83 77 87 81 54 78 82 88 81 99 118 130 144 136 153 172 158 146 157 163 162 169 176 182 183 183 186 191 200 193 198 196 203 199 198 212 204 206 201 205 203 211 207 197 189 188 188 176 199 200 195 178 162 145 123 76 79 118 135 207 190 192 195 196 197 198 198 209 214 205 208 193 188 209 198 191 192 176 185 194 180 169 162 162 156 137 127 142 143 129 88 87 112 136 151 134 130 150 152 160 165 174 167 161 165 143 99 76 121 167 160 156 151 135 113 75 82 109 81 88 85 106 103 87 47
101 111 106 86 96 92 85 85 88 85 89 99 116 123 123 138 158 137 164 172 171 156 169 157 173 178 177 182 185 183 194 202 203 193 190 203 198 199 202 202 206 195 197 203 206 199 203 195 192 184 192 189 195 172 143 126 132 122 67 88 126 131 190 194 182 182 195 196 199 195 201 200 206 209 197 191 202 200 185 192 183 186 195 188 175 168 161 154 142 143 142 128 125 94 93 126 154 139 121 134 143 152 156 158 169 161 148 158 144 92 94 139 156 152 154 145 134 108 61 74 104 92 81 78 92 100 75 50
93 120 118 115 111 108 108 92 92 90 117 121 110 111 110 147 158 143 157 174 149 159 158 144 162 172 170 181 189 191 193 198 199 193 193 197 190 190 195 196 200 199 202 198 190 195 200 192 185 186 196 181 182 159 149 129 122 122 98 146 132 129 183 184 185 195 199 184 193 199 198 202 196 202 197 195 197 206 189 186 190 189 186 185 175 171 159 144 131 140 119 117 106 95 94 98 119 101 97 132 145 148 150 134 143 145 142 144 134 76 78 129 164 142 140 153 131 98 79 95 93 90 84 96 82 83 86 53
91 105 101 108 95 98 100 111 105 87 116 123 120 104 96 118 154 153 158 156 148 162 150 146 167 176 176 183 186 193 188 192 182 181 174 183 187 185 189 196 203 204 199 195 193 177 171 178 176 183 187 177 177 170 157 136 110 109 151 172 129 112 157 189 181 180 182 190 183 194 188 183 195 197 201 198 191 186 193 197 187 186 187 182 169 168 168 144 123 120 113 112 99 85 92 103 103 108 117 123 139 148 138 134 132 138 135 139 102 73 72 104 152 142 136 140 132 94 106 100 89 89 90 90 86 54 69 43
80 86 88 89 92 83 94 109 97 88 101 104 115 106 84 103 139 148 156 149 163 174 162 154 177 174 183 186 182 196 197 182 184 187 172 182 187 187 191 198 196 184 190 187 188 177 176 179 169 180 186 183 172 165 158 138 100 117 125 158 167 106 137 183 174 178 182 187 181 190 198 183 183 194 192 196 191 189 185 179 173 184 186 174 178 170 163 133 136 117 108 110 89 101 100 108 111 109 136 92 113 141 130 125 132 135 135 123 90 77 68 83 139 152 133 133 119 104 123 88 92 88 105 100 90 70 71 45
69 80 85 95 90 81 82 90 91 90 89 89 94 103 85 92 114 132 134 154 157 167 170 156 163 182 185 176 175 190 198 183 177 164 168 182 187 186 180 179 187 196 193 187 181 177 165 171 165 187 180 179 165 166 178 126 100 109 115 108 118 100 149 181 179 168 174 188 180 169 174 191 185 185 189 197 180 184 172 170 177 181 183 168 167 158 144 121 121 88 87 82 94 116 115 120 112 114 147 107 76 115 125 115 125 126 128 74 69 82 73 80 105 142 127 123 115 104 113 81 108 86 109 97 105 87 85 59
73 78 87 87 81 79 73 85 100 98 90 62 81 80 78 87 103 120 129 137 138 145 157 156 169 170 169 176 178 175 175 181 159 154 149 172 174 189 183 174 182 193 188 184 169 178 162 157 165 167 163 161 159 160 165 136 103 75 117 140 93 123 170 170 159 154 170 180 162 169 167 179 184 178 178 184 181 181 177 173 175 177 176 170 163 150 132 108 106 86 89 89 91 91 107 98 99 107 137 144 116 117 121 112 112 121 115 77 100 106 90 78 80 113 113 107 105 93 89 78 93 86 84 92 97 80 81 48
62 56 81 75 71 72 77 74 90 95 84 67 58 66 76 74 79 96 112 125 128 141 139 150 157 158 168 175 173 163 159 171 149 128 142 157 159 180 188 184 176 174 182 171 163 168 171 165 158 154 154 154 143 153 141 116 111 100 138 167 149 162 171 164 170 159 173 181 165 152 167 170 188 182 177 172 181 179 183 179 177 177 164 157 148 140 120 84 97 86 86 95 94 87 68 77 95 110 128 145 144 110 110 112 113 114 116 142 150 104 88 79 80 90 97 103 101 90 87 86 94 102 100 86 91 87 71 54
90 62 74 90 77 60 72 92 83 99 80 73 63 59 63 60 64 58 94 111 119 135 147 142 134 129 150 160 172 161 154 134 134 103 115 142 156 169 178 178 181 173 175 165 181 167 157 151 141 144 123 126 142 123 110 85 116 144 148 162 156 165 164 156 154 145 158 181 158 143 137 152 165 173 171 165 186 176 179 183 181 178 163 162 154 140 129 76 69 80 92 110 102 91 80 78 73 101 104 104 114 106 102 127 127 115 123 128 116 88 91 82 69 75 92 107 109 81 78 91 94 91 96 94 92 101 91 58
102 101 89 76 71 72 75 76 78 75 82 66 73 81 67 55 51 44 81 95 105 116 124 108 85 106 135 156 177 187 175 149 128 88 89 138 154 155 164 173 177 180 176 150 157 152 149 144 128 130 127 131 117 90 81 102 134 148 140 161 146 162 155 142 140 135 156 173 154 128 120 135 149 163 176 170 162 165 168 172 176 172 158 152 143 133 111 70 74 101 123 130 103 105 96 110 91 89 104 106 113 110 122 123 121 126 129 124 85 75 99 80 71 80 83 93 93 71 66 97 87 78 96 92 88 84 70 46
68 91 86 65 91 76 74 77 82 66 70 68 83 83 83 88 87 69 67 64 81 96 104 78 69 108 122 153 173 173 188 183 172 123 74 125 142 151 151 164 160 162 154 146 155 135 138 137 116 126 123 139 123 97 108 128 138 149 159 158 145 157 147 130 131 124 138 146 124 108 105 133 143 152 150 159 168 162 172 171 173 168 147 137 129 122 99 81 110 122 127 107 99 102 67 112 111 89 97 96 115 131 116 128 136 120 130 113 74 66 89 87 82 76 69 86 83 55 63 97 94 101 86 76 91 61 51 44
81 78 75 86 94 65 74 87 87 69 66 67 87 72 79 79 86 71 78 58 55 68 67 55 51 77 96 103 150 168 181 183 163 140 95 117 143 139 139 151 152 147 142 126 132 133 128 118 100 118 105 141 122 120 128 141 133 135 148 144 139 146 149 119 103 115 126 115 108 109 93 123 137 147 150 157 168 179 175 171 168 157 156 147 132 117 108 83 106 122 112 99 83 93 83 108 136 93 84 89 107 120 115 134 133 109 110 96 61 68 72 71 73 71 71 82 78 50 57 77 91 87 79 85 69 61 80 56
86 71 87 82 85 65 73 75 79 80 79 84 82 71 81 69 79 66 76 80 73 69 55 55 55 58 67 108 149 166 179 175 151 114 120 129 120 119 131 138 140 137 133 124 131 125 113 105 92 117 116 102 105 141 138 121 127 138 144 130 122 133 134 121 98 120 136 118 105 89 79 103 122 138 140 148 175 173 168 161 155 152 145 134 118 116 104 79 81 89 83 67 69 82 112 108 132 87 65 75 110 110 129 112 102 89 107 98 54 57 62 51 70 62 67 69 57 35 56 74 76 78 100 84 62 70 91 54
90 93 82 90 77 62 82 73 75 71 91 97 73 70 70 65 62 68 66 71 75 71 71 75 78 75 83 100 137 169 182 166 152 114 102 108 110 117 120 132 121 119 120 111 120 124 111 86 95 132 112 122 128 116 145 132 112 137 130 127 127 129 122 110 98 122 124 103 87 87 77 110 116 124 149 155 163 162 153 156 152 139 139 137 117 120 104 82 56 68 67 76 70 60 111 115 134 86 54 67 96 107 73 75 89 59 79 81 54 58 54 56 64 63 65 67 50 31 48 83 95 93 85 80 96 113 103 38
77 82 86 87 71 68 80 86 82 78 80 106 93 83 58 61 54 83 115 93 79 89 91 83 77 84 95 80 126 155 178 167 163 104 59 76 84 92 98 114 112 117 108 114 116 106 89 71 82 124 118 117 129 107 100 108 112 121 119 125 125 122 117 91 84 118 115 93 83 78 79 113 122 121 124 153 158 156 153 137 143 138 132 119 112 117 85 72 70 57 64 80 67 64 95 98 113 81 51 61 87 89 105 93 70 74 73 63 48 53 51 51 63 55 60 66 40 39 45 57 81 102 90 98 80 98 71 41
82 86 80 78 76 71 76 74 86 101 99 85 80 85 88 80 74 65 83 110 95 90 90 100 87 93 67 70 120 151 167 160 152 92 70 71 58 64 86 101 97 98 90 97 93 86 68 42 83 118 107 107 119 118 83 67 96 91 106 121 122 102 91 68 73 119 120 108 95 75 80 117 105 117 144 141 145 145 140 141 138 123 105 106 106 90 58 52 69 68 59 59 69 76 98 103 114 100 59 54 73 68 98 96 79 106 63 43 46 46 48 56 59 52 49 47 28 35 48 77 85 69 60 57 68 79 101 52
86 94 91 70 67 80 67 67 66 84 76 79 68 88 98 92 87 74 56 54 81 103 76 98 93 98 70 63 106 154 180 174 140 85 85 96 86 51 58 62 73 76 72 65 62 54 41 35 80 133 125 110 113 114 87 52 90 74 92 108 106 94 81 55 101 145 125 115 90 68 95 122 123 126 129 125 127 132 129 126 117 106 98 83 82 58 40 35 39 63 68 59 53 89 104 107 107 97 70 52 51 58 54 54 58 64 43 48 59 53 47 52 71 49 48 39 33 40 52 86 95 82 70 85 103 76 80 47
61 80 84 83 80 80 76 73 81 95 68 77 89 92 82 96 96 87 69 85 65 79 84 87 86 88 76 51 104 166 185 177 127 82 70 88 108 68 57 48 49 53 54 55 47 43 44 36 37 82 117 106 96 105 84 65 88 67 78 95 95 86 57 41 104 141 121 100 80 58 85 118 118 112 114 113 119 113 122 111 103 93 80 68 53 31 48 40 34 62 70 63 55 87 96 79 102 82 79 56 53 39 40 36 38 34 41 49 49 35 46 62 62 32 46 48 36 45 68 68 71 65 59 59 78 67 57 41
77 72 72 76 74 80 74 67 73 67 69 71 91 103 74 79 78 69 73 62 55 74 74 74 78 72 62 55 96 167 197 176 106 68 61 96 102 71 94 78 67 51 42 39 42 33 36 51 52 34 53 87 83 81 58 59 75 60 85 86 83 72 41 50 112 136 107 90 64 42 65 77 86 102 109 114 119 106 100 90 76 72 60 50 66 32 36 40 37 78 89 59 53 74 98 102 67 69 99 57 50 47 46 44 49 45 43 57 49 38 43 57 51 28 37 43 34 48 75 76 90 92 68 72 61 71 58 38
71 67 73 81 84 77 77 84 82 85 88 87 84 75 61 62 88 61 38 28 34 38 29 37 37 37 52 59 101 166 193 169 121 61 55 85 74 78 77 60 70 80 77 76 58 44 43 71 75 28 35 44 62 41 45 58 62 55 75 77 64 42 39 57 109 126 91 71 55 65 47 59 72 85 89 89 91 97 81 71 61 60 51 81 82 36 32 39 47 62 80 51 64 100 94 107 77 78 86 65 53 42 41 41 39 48 60 60 49 40 51 63 43 33 30 30 37 42 80 64 58 83 77 88 104 86 104 59
66 53 76 74 89 91 85 87 89 95 96 89 98 65 53 44 40 36 28 29 36 33 27 31 30 44 60 54 92 175 204 170 96 44 43 50 55 51 41 36 51 55 52 69 75 62 69 69 60 68 44 30 33 34 41 54 55 42 47 53 44 34 41 55 128 114 84 65 44 56 82 67 53 59 61 67 76 68 66 58 46 56 74 74 77 46 38 43 53 81 104 47 80 122 91 78 91 111 126 75 55 33 42 39 50 81 67 68 51 37 54 60 38 30 31 27 29 51 105 65 29 59 72 75 88 86 74 39
68 52 68 75 88 88 84 96 103 113 97 101 92 89 71 72 52 36 28 37 31 40 36 32 31 58 54 44 86 174 194 153 71 47 51 26 46 34 27 31 34 34 33 32 42 38 32 27 42 59 36 26 44 31 39 41 34 32 32 34 37 38 43 70 131 98 71 42 34 23 35 71 67 53 49 49 50 53 49 49 60 64 93 88 99 42 46 43 72 70 72 69 95 119 111 90 104 103 115 72 48 33 39 58 59 41 83 71 34 42 55 60 33 33 30 29 37 51 124 82 28 32 67 65 76 79 76 55
67 81 62 78 89 82 100 111 106 108 95 83 91 96 94 103 91 76 51 25 38 55 36 27 40 48 47 37 62 169 200 148 51 54 63 35 51 32 27 31 33 31 31 32 28 29 29 29 32 32 38 30 44 36 34 43 41 32 36 35 38 37 49 90 131 97 56 30 35 28 29 29 44 74 85 69 53 62 69 90 95 94 87 56 48 35 50 43 72 84 54 63 129 144 106 88 110 119 104 67 50 30 31 73 86 90 77 47 37 44 51 51 31 36 31 29 42 49 149 100 25 36 72 70 72 69 75 41
100 83 90 91 92 90 104 120 115 104 84 92 102 95 102 102 95 84 101 88 84 70 49 36 39 54 54 40 78 182 200 189 65 60 71 43 73 27 32 35 36 33 33 30 30 22 25 31 28 28 33 34 33 50 32 47 42 32 30 33 26 32 50 104 116 76 39 29 32 30 35 35 32 47 43 63 86 86 84 81 82 90 85 55 43 42 53 58 51 69 59 96 137 158 129 92 83 93 86 73 57 43 38 71 82 89 51 30 43 44 54 50 30 33 30 31 40 55 161 90 23 56 71 52 43 56 69 31
91 77 85 96 89 89 87 95 94 89 88 89 91 95 83 95 101 95 100 98 94 101 98 97 93 97 84 65 115 185 186 168 62 67 50 74 78 35 35 48 44 30 33 35 35 35 27 36 33 38 29 32 33 27 38 37 30 35 30 37 31 37 79 144 119 69 44 33 27 32 33 34 36 33 29 58 69 61 51 81 96 66 37 37 39 42 56 48 28 32 26 65 140 151 126 77 98 98 80 72 56 46 42 65 47 34 30 39 38 50 51 48 36 37 35 30 39 68 173 84 26 53 81 73 65 58 59 47
104 80 90 90 80 90 90 91 86 91 104 82 94 100 88 86 96 83 104 106 99 98 92 96 99 100 92 81 124 177 164 140 67 65 58 80 82 78 85 88 49 40 30 23 34 29 37 36 35 37 29 39 29 34 35 33 37 35 37 28 35 47 111 158 102 54 37 36 32 39 36 25 32 34 24 44 57 28 32 48 41 34 35 31 39 46 54 39 29 29 27 55 146 166 113 72 95 91 119 85 59 44 38 29 25 30 29 32 42 48 54 42 31 32 34 30 38 80 169 73 55 69 83 77 67 74 81 52
87 101 96 79 81 90 111 93 91 105 99 103 98 116 94 82 89 80 93 98 98 89 88 89 104 93 104 93 150 159 142 110 64 66 71 84 87 82 85 91 94 67 50 50 45 57 72 58 33 50 76 82 50 40 31 37 37 36 33 25 32 66 142 142 85 50 26 36 33 35 29 29 33 31 30 33 29 34 34 30 32 32 32 36 40 52 55 37 36 34 40 80 177 176 92 50 94 98 111 68 44 50 37 29 32 28 36 35 42 44 47 43 31 33 32 35 38 93 135 85 87 71 82 86 79 78 87 45
95 84 78 72 78 68 107 116 96 105 89 88 69 98 90 94 86 95 83 81 86 87 87 78 79 85 97 109 141 149 124 63 72 84 90 92 92 79 96 123 130 102 93 83 80 91 100 115 91 90 70 36 35 30 27 31 34 30 36 37 41 132 155 124 70 41 27 29 29 29 31 34 28 33 29 31 33 33 32 31 29 26 29 38 52 47 47 41 35 37 50 83 182 177 79 90 102 88 99 54 56 49 29 29 32 35 33 29 43 52 53 48 34 27 30 27 38 88 104 66 72 68 77 85 96 94 91 54
82 74 65 72 85 80 73 87 89 102 90 94 88 97 102 88 106 105 83 118 107 83 89 82 80 79 79 79 119 123 80 74 96 107 108 126 105 103 131 144 91 72 110 113 112 91 93 106 104 86 68 33 32 29 30 31 31 24 36 32 98 198 196 150 70 29 33 33 27 27 28 27 32 35 32 31 29 32 34 31 28 32 33 41 54 35 31 56 37 50 58 109 164 163 66 59 83 82 84 70 66 53 37 34 34 33 33 33 42 54 68 51 31 30 28 31 54 80 85 80 71 101 95 93 55 63 64 52
75 83 72 81 71 79 86 76 82 87 93 90 97 105 88 82 106 82 91 91 86 75 83 99 99 92 93 79 95 85 85 98 100 88 98 119 122 112 93 72 59 76 77 92 78 101 95 87 92 80 89 40 35 33 35 35 35 31 33 30 140 202 189 141 63 26 32 30 32 27 32 38 29 34 29 25 29 35 40 39 38 32 34 35 40 32 28 70 69 62 85 99 123 121 58 57 77 92 80 77 69 52 34 38 37 34 32 25 44 63 65 50 27 34 30 28 54 77 103 60 66 84 91 95 92 75 80 60
75 79 81 82 80 84 82 80 95 73 94 85 89 84 84 82 87 113 103 65 73 91 92 88 95 88 104 93 85 86 100 95 93 111 106 106 106 89 84 70 86 95 101 87 83 92 114 93 85 97 64 33 41 36 30 29 27 38 38 70 186 203 178 122 47 27 32 31 34 40 56 53 52 41 39 73 33 27 29 35 32 46 32 37 42 65 89 88 76 84 85 105 121 97 94 99 92 75 80 82 63 46 28 26 29 30 35 39 41 55 65 45 26 47 91 69 85 93 80 71 94 84 71 82 86 88 86 47
85 88 82 62 75 86 83 79 87 71 75 91 88 78 69 81 61 81 93 96 87 70 95 75 77 62 106 99 81 110 104 104 99 100 91 84 101 123 94 108 123 109 92 83 82 85 101 90 90 86 79 58 46 40 34 28 34 33 38 122 175 184 134 99 42 33 35 37 36 57 49 43 42 37 48 81 90 57 57 47 51 78 75 63 86 93 97 101 106 90 80 95 87 93 99 93 123 102 114 90 58 44 32 29 28 36 36 37 47 50 63 35 35 60 88 86 66 104 102 89 105 114 101 83 76 79 99 58
75 88 86 73 84 79 93 77 67 89 86 93 86 69 74 83 82 58 80 86 92 94 121 115 89 55 98 94 108 124 78 78 100 88 97 95 85 113 94 129 132 125 108 94 85 76 82 109 91 84 100 87 88 70 76 71 70 64 56 74 96 137 140 98 47 40 47 57 53 58 50 75 83 63 78 61 85 130 109 99 100 107 113 109 115 103 90 85 108 139 125 86 100 106 92 115 137 136 155 126 50 34 32 33 31 36 32 30 56 55 68 39 54 103 125 106 91 88 90 96 117 119 95 91 80 75 77 59
91 89 83 73 78 73 87 85 85 92 87 90 85 72 90 88 79 69 73 89 102 88 100 110 98 86 83 98 127 111 105 60 61 95 89 78 70 92 84 91 108 102 104 101 109 84 85 98 98 76 77 101 96 101 114 114 102 86 87 88 111 67 89 101 123 106 101 86 89 94 90 91 106 74 81 121 104 108 130 104 109 133 125 95 104 96 86 87 89 82 97 85 89 109 127 121 98 89 136 130 47 41 35 31 34 30 34 34 43 35 43 45 88 85 86 80 104 108 90 90 87 96 89 91 90 90 85 51
90 96 90 74 70 75 70 85 82 67 100 115 92 80 90 89 88 91 86 102 98 91 84 112 95 93 96 90 103 97 86 59 59 77 76 77 101 117 92 106 108 105 99 89 96 102 101 89 89 85 85 101 94 104 91 102 110 100 85 85 102 82 86 86 87 127 125 93 82 73 98 70 76 90 63 73 77 85 84 121 108 66 80 117 114 99 92 85 94 100 97 77 69 79 105 92 106 103 100 103 39 44 38 29 32 30 30 30 35 44 36 38 77 84 85 103 112 116 115 107 72 76 87 112 80 78 103 53
86 95 93 84 85 81 87 93 84 83 92 98 89 107 102 103 89 101 99 86 94 88 82 92 121 105 89 96 104 98 87 98 100 90 82 82 88 95 110 100 101 110 93 108 114 103 103 84 83 93 90 96 93 90 90 101 95 105 105 97 104 87 95 89 98 108 105 110 92 100 115 69 59 106 93 100 115 102 97 103 85 70 65 93 93 95 91 64 80 96 68 72 61 68 70 66 95 104 100 107 73 68 50 30 32 37 33 32 36 38 46 77 82 91 100 120 129 120 112 111 83 84 92 83 84 73 91 47
87 76 72 78 90 81 99 89 95 94 93 98 72 93 91 93 119 99 92 90 101 107 90 99 112 81 100 97 95 90 86 88 79 89 78 73 85 89 87 102 86 90 90 87 104 102 100 99 106 100 99 111 107 102 104 93 93 74 87 110 109 91 92 107 95 114 105 88 76 83 110 95 85 83 101 102 71 97 97 96 97 49 45 59 78 84 87 131 99 113 83 63 68 98 89 53 70 124 107 99 103 95 42 30 32 53 56 35 36 53 79 103 83 79 59 58 69 122 101 59 76 100 73 79 72 67 74 36
95 83 87 86 73 76 76 86 94 85 89 83 98 101 101 79 108 93 97 92 95 84 78 63 86 95 133 121 94 80 78 82 83 98 92 83 91 90 82 89 103 106 92 96 91 113 104 110 116 100 103 101 97 111 124 117 102 86 92 96 105 94 100 68 71 98 103 90 77 87 90 107 124 121 129 98 53 72 92 82 58 42 47 70 79 71 98 124 95 85 96 68 75 103 135 98 55 83 105 95 93 69 72 50 33 62 46 53 55 85 87 105 74 84 75 104 88 54 56 88 92 95 91 91 75 58 74 50
89 83 84 81 83 83 67 81 87 95 112 90 88 72 110 110 91 91 92 81 90 110 105 79 67 79 92 102 85 95 107 93 89 83 81 74 89 105 116 95 94 86 104 119 102 107 105 100 102 105 99 96 107 93 96 107 107 104 96 97 109 106 91 93 88 100 103 77 78 84 95 112 100 97 95 120 133 97 66 64 66 70 72 73 87 101 131 99 87 65 84 96 99 93 117 124 93 77 102 108 75 66 87 106 78 79 81 71 90 104 91 89 68 74 81 103 104 87 84 101 95 82 95 103 93 90 75 43
72 67 85 73 80 69 82 80 70 69 97 113 95 92 76 91 100 101 70 84 107 81 103 117 106 96 87 89 89 100 109 103 106 79 85 95 85 102 105 93 83 90 105 113 115 102 103 92 101 98 89 104 137 93 80 102 98 103 99 97 87 80 89 92 97 94 76 70 76 72 84 113 99 88 87 90 87 100 117 114 94 66 89 104 89 64 80 114 110 100 88 96 95 88 99 97 97 93 88 91 107 101 101 111 113 96 89 82 105 102 91 96 100 95 95 79 80 86 90 81 70 85 76 71 50 60 77 45
73 76 88 68 68 71 82 83 81 93 91 101 92 98 104 122 95 97 78 92 119 75 60 73 93 97 100 86 81 88 90 89 98 109 98 101 96 101 98 93 86 82 110 97 106 103 99 98 91 84 82 99 103 72 62 105 73 87 72 90 92 98 115 119 113 91 104 102 100 93 116 93 91 78 82 95 103 82 76 72 102 122 88 90 91 121 102 65 64 54 102 116 105 112 132 102 110 100 93 112 102 109 99 88 116 98 70 91 109 100 100 91 77 73 70 71 83 83 72 79 84 70 89 71 67 84 78 44
70 76 86 83 70 81 102 98 101 89 88 88 92 95 84 94 88 81 86 94 86 80 82 90 86 84 89 101 94 86 90 102 98 99 106 108 108 93 82 96 107 91 98 105 89 100 95 99 125 141 117 114 112 118 73 103 98 83 93 107 101 106 79 80 71 50 98 76 90 93 92 93 99 92 73 92 107 95 82 87 90 109 101 128 112 107 111 95 69 77 92 88 103 82 101 84 88 100 112 101 97 87 88 102 109 77 97 79 81 92 82 76 81 85 76 85 91 84 96 90 77 82 76 79 87 88 93 53
80 74 82 81 81 83 93 85 96 63 85 82 110 120 97 67 87 90 84 93 80 90 93 84 103 97 102 106 95 81 96 94 98 95 72 73 80 77 81 82 89 91 98 93 105 87 97 101 114 107 115 88 72 72 71 94 109 92 95 119 100 122 134 104 84 72 76 86 75 86 97 108 105 85 78 109 87 99 90 90 120 91 96 128 132 103 68 109 95 88 91 95 96 95 93 100 113 102 105 84 93 102 87 99 100 80 75 74 81 84 93 75 78 74 88 104 98 94 98 76 74 83 56 83 83 79 80 45
63 58 71 82 71 82 97 96 100 93 72 82 90 97 79 79 98 82 85 85 95 104 87 102 106 97 84 98 97 82 105 113 86 89 82 75 99 84 102 105 94 101 105 90 94 84 92 93 98 88 75 83 100 109 82 112 94 103 85 86 91 90 127 98 114 99 71 83 109 127 122 102 99 88 92 96 87 104 84 104 81 54 98 140 123 86 82 94 77 79 95 87 77 95 100 107 138 122 90 85 86 128 89 61 82 99 76 73 109 91 79 75 88 92 101 75 67 89 86 76 82 68 70 83 88 84 93 47
61 59 74 73 76 82 95 98 93 88 70 74 65 62 83 95 93 81 98 87 88 102 90 88 92 85 81 81 91 93 94 98 94 89 87 101 131 95 94 112 97 96 79 97 105 100 89 112 108 93 104 101 109 112 110 78 52 94 93 92 76 92 92 66 114 123 97 115 134 142 133 112 102 93 95 103 97 106 101 111 88 80 90 113 114 68 77 96 56 66 87 88 98 96 84 102 100 80 56 60 92 99 101 100 88 85 89 92 88 84 79 82 88 96 99 82 74 93 74 52 71 89 87 88 75 75 55 37
80 73 84 85 78 101 108 70 66 91 90 98 73 79 92 85 80 80 83 87 97 92 91 104 88 80 91 78 94 91 99 118 87 97 113 89 114 102 92 100 96 83 91 91 83 100 93 106 117 81 98 87 92 98 92 81 72 85 83 100 99 122 83 53 81 132 132 109 110 123 108 105 103 92 88 98 92 85 89 89 97 97 73 106 96 83 95 95 76 105 99 102 98 97 106 124 141 112 104 82 77 90 85 76 96 108 92 80 88 84 90 89 82 87 88 89 87 95 67 51 64 79 89 70 76 82 86 48
85 78 76 86 83 82 99 78 71 65 69 91 64 81 85 86 79 71 83 92 94 85 103 94 81 63 70 74 91 81 85 93 109 85 99 113 100 80 71 77 106 110 89 107 91 94 87 67 88 81 94 101 100 110 89 63 99 88 80 65 82 96 72 70 111 100 114 102 92 101 84 87 96 102 73 98 82 78 71 86 98 84 86 74 62 80 98 80 92 98 86 95 123 100 104 120 120 133 132 111 103 98 77 89 110 134 100 77 89 87 92 107 81 81 97 95 77 77 84 53 60 91 83 76 91 79 84 46
83 90 63 42 74 87 79 89 82 75 82 98 88 106 83 71 74 87 101 84 86 82 108 94 112 82 69 83 97 90 94 100 98 109 80 89 99 90 92 93 103 103 80 90 99 95 82 80 84 89 84 80 96 102 91 78 90 82 57 86 97 97 101 87 76 102 106 90 94 109 81 92 103 100 93 99 97 61 56 75 106 87 97 102 85 99 97 71 94 92 104 105 106 99 97 85 104 93 80 88 89 98 67 84 99 104 102 94 84 86 73 119 107 76 76 88 70 78 74 53 61 75 90 87 74 78 89 44
74 82 69 61 85 74 73 85 89 81 94 92 102 90 89 70 63 93 92 84 92 87 95 81 93 100 82 87 83 82 111 108 91 77 82 96 91 91 80 96 67 68 70 84 99 114 102 103 68 83 101 56 83 91 94 77 59 98 59 66 101 80 50 78 76 77 99 131 128 90 110 103 100 93 99 111 121 96 114 94 100 96 115 114 102 117 109 82 84 100 126 86 89 90 90 97 92 84 86 85 77 93 94 87 70 84 80 78 83 81 68 58 88 79 89 99 73 86 81 81 89 76 67 75 69 76 97 46
66 82 86 88 92 84 72 82 90 85 96 99 105 82 95 106 94 109 96 77 76 86 68 64 85 89 97 103 81 95 90 111 88 87 80 87 93 85 94 103 71 85 90 93 100 94 100 88 85 95 110 68 70 77 69 76 107 85 71 66 78 84 85 69 105 116 112 115 98 95 89 89 121 115 93 102 124 112 99 106 105 84 102 86 86 97 93 90 106 104 90 68 74 47 84 98 86 79 84 100 96 73 64 82 93 93 87 87 79 49 66 69 82 79 90 76 78 100 90 77 95 68 54 60 93 85 83 45
73 86 86 83 84 85 88 100 96 79 60 80 76 75 78 104 79 85 89 93 98 97 70 94 100 128 127 88 61 98 88 91 88 84 100 85 86 99 82 76 85 91 112 116 99 127 98 81 87 87 82 90 74 40 80 93 114 105 109 90 81 82 78 85 119 97 90 94 89 91 89 73 83 90 80 96 113 112 101 100 99 100 101 75 93 105 88 85 101 88 62 82 77 84 69 91 85 70 73 95 95 91 79 97 100 93 97 87 77 49 67 90 81 87 87 91 83 76 101 78 85 66 79 77 66 74 72 47
76 75 71 58 66 77 93 83 88 85 83 99 93 63 69 88 98 82 81 84 88 83 96 101 102 116 94 93 75 88 95 97 87 96 98 97 102 95 93 68 71 73 81 73 85 100 98 85 119 112 105 85 89 90 82 88 86 86 82 61 39 37 89 88 95 93 109 100 109 98 96 81 72 78 85 118 98 90 78 96 98 99 113 80 86 101 100 86 92 98 78 109 86 104 93 116 87 69 85 85 86 87 79 99 103 94 91 86 80 66 83 86 85 101 92 83 84 83 84 80 68 64 70 74 68 67 79 53
77 78 64 58 69 73 82 83 81 89 93 98 102 96 86 84 89 78 69 79 97 77 90 79 74 72 81 70 75 77 85 82 85 76 89 99 99 93 106 54 56 55 63 69 67 64 65 66 76 92 107 93 76 113 100 91 81 97 83 68 45 53 75 55 62 101 122 105 107 90 73 86 93 82 92 123 93 78 89 98 108 107 96 103 110 105 170 97 66 82 112 118 71 105 97 73 80 96 83 111 106 90 78 100 91 95 87 92 87 66 78 91 94 105 81 82 78 80 87 88 82 83 78 61 66 71 65 43
73 56 58 73 67 73 89 87 88 84 83 77 87 77 77 86 94 101 78 89 91 88 81 88 85 106 90 71 81 81 92 89 83 84 93 91 84 90 90 82 54 80 94 74 75 85 99 84 84 104 102 103 90 88 77 82 65 73 82 86 87 93 102 99 83 93 106 107 89 85 85 76 82 70 78 91 82 89 99 89 98 105 94 103 100 94 122 106 71 45 84 96 90 89 94 87 80 73 79 100 94 64 75 102 125 109 88 83 79 71 86 74 81 92 71 75 75 77 89 96 91 81 93 102 79 65 78 51
60 63 66 73 70 71 64 50 68 80 69 72 84 76 64 75 80 77 75 92 118 102 99 100 85 99 79 83 87 92 79 83 87 86 66 68 67 84 85 81 76 109 103 99 88 85 80 99 102 92 83 85 88 89 69 73 67 93 107 77 54 72 80 85 106 96 88 103 91 78 74 99 84 80 88 86 79 87 79 103 107 98 85 87 90 91 104 113 117 99 92 94 108 91 96 108 93 91 90 93 88 71 81 104 91 100 88 91 97 69 82 83 84 70 50 62 63 84 79 78 79 78 77 74 72 69 82 49
53 74 62 71 86 67 73 63 56 75 91 107 82 86 80 91 77 84 97 96 91 87 101 103 79 87 105 89 107 110 82 88 89 88 83 76 75 74 80 96 89 109 120 102 93 91 75 95 112 99 95 96 71 86 94 88 92 95 90 98 99 86 76 76 66 72 88 83 85 70 88 96 93 78 82 98 75 67 84 89 91 87 91 117 102 92 93 87 97 107 93 107 110 80 100 103 89 96 68 83 84 93 108 94 93 83 79 90 86 88 74 68 84 61 32 51 28 71 91 71 84 85 80 86 66 74 82 54
53 46 57 58 67 84 82 71 71 95 82 100 84 95 89 89 88 95 115 104 85 92 98 98 100 88 92 89 98 104 92 89 96 84 105 99 79 100 87 65 87 88 94 91 97 96 85 96 89 87 106 107 96 94 110 79 66 92 113 126 121 82 86 90 91 92 87 73 66 71 98 92 102 97 87 80 56 107 107 95 100 96 91 70 68 78 89 93 99 106 110 110 92 87 73 88 97 100 82 88 96 82 91 96 99 95 85 59 86 88 67 64 83 66 80 90 68 72 81 87 94 92 89 78 49 80 87 55
68 59 67 63 70 67 69 71 81 79 81 72 87 80 72 83 97 91 100 92 71 90 97 96 126 103 84 84 86 93 99 100 104 100 80 78 83 98 98 77 85 94 92 61 70 80 82 87 100 110 100 105 102 109 110 89 91 110 123 134 65 72 97 98 117 98 79 93 87 78 87 99 102 93 98 91 57 94 109 100 102 82 92 65 71 75 60 69 82 96 100 69 87 92 79 103 112 91 78 91 93 88 81 102 89 82 67 63 100 88 60 64 80 77 81 87 88 96 104 97 91 89 75 67 73 78 59 41
62 64 76 64 72 65 53 66 67 69 82 91 77 84 78 82 85 80 89 73 71 84 93 84 92 86 76 92 96 101 89 88 101 98 80 95 103 96 89 96 97 94 92 73 82 91 77 76 80 110 103 98 112 96 94 98 84 105 125 109 76 95 88 93 121 105 99 85 95 74 90 110 100 93 82 81 118 107 75 91 108 99 87 106 100 69 42 80 78 82 71 47 81 98 97 102 117 98 89 91 69 85 89 93 84 84 81 81 70 74 58 51 65 96 72 59 62 68 93 87 74 92 77 85 75 70 64 31
