68 74 73 70 76 79 69 72 77 71 74 68 73 75 75 69 79 74 70 72 70 74 72 72 78 74 71 76 62 70 76 78 80 68 77 76 72 73 73 74 78 76 75 74 69 77 76 71 72 77 73 66 69 72 66 69 71 71 69 66 67 71 75 68 65 68 71 68 69 65 66 64 53 59 64 57 68 61 59 58 66 64 67 58 66 67 73 72 74 69 66 68 55 61 70 68 69 62 61 59 62 58 61 60 62 64 76 65 63 61 74 65 67 73 66 73 70 72 67 71 71 74 77 78 71 70 72 80
68 66 74 78 79 70 73 75 76 69 68 78 72 70 73 74 73 67 68 73 72 73 75 73 72 72 69 71 70 73 74 74 74 72 72 71 73 74 79 79 71 76 81 79 79 73 67 73 73 69 63 68 76 72 64 70 76 69 68 70 68 69 70 68 61 67 65 66 66 66 59 58 63 60 66 61 58 52 60 57 57 58 64 56 58 63 62 64 61 67 64 63 59 65 64 72 61 63 67 60 62 59 64 68 60 60 67 64 66 61 64 57 55 65 67 64 64 67 71 72 69 76 76 79 77 75 70 73
70 71 76 74 71 74 70 69 74 70 69 74 69 74 72 67 69 74 66 72 72 76 70 70 68 67 68 75 71 70 70 68 71 73 72 74 74 67 69 69 74 70 72 78 74 62 71 74 72 71 68 67 67 70 67 67 69 70 73 70 70 69 68 67 67 64 60 70 66 62 62 57 59 56 58 59 60 56 59 59 55 62 59 63 62 63 59 64 61 65 69 61 65 60 62 55 63 67 61 59 62 56 56 63 64 67 65 64 58 69 61 56 59 66 66 65 67 65 70 77 74 73 70 70 76 69 71 66
72 70 69 74 67 72 71 66 70 74 69 77 75 78 74 69 70 63 62 60 67 70 68 71 68 75 72 73 73 67 74 70 70 63 72 76 73 76 72 69 65 70 69 73 69 70 74 70 71 70 67 71 66 66 64 69 69 74 77 73 73 67 70 66 69 68 69 64 57 57 57 58 60 59 62 57 60 55 56 56 57 63 59 55 56 60 60 63 59 60 59 59 60 61 58 57 57 58 63 60 58 56 50 59 66 64 65 57 57 62 61 62 69 66 67 70 69 72 75 74 71 71 75 68 69 73 68 67
74 67 68 70 67 67 68 65 63 69 69 71 71 67 71 68 66 62 66 62 63 72 70 73 72 73 77 76 73 71 66 71 71 73 67 70 70 76 75 73 68 66 74 69 61 69 71 71 68 63 68 67 71 69 65 67 67 70 71 71 75 65 68 64 68 66 65 63 63 58 56 66 55 53 55 59 64 52 52 54 58 56 58 59 58 61 56 54 59 56 57 58 58 63 63 64 64 62 58 56 54 60 63 68 58 59 65 66 60 61 57 62 65 64 64 68 72 71 69 74 74 71 74 65 63 70 70 72
70 69 68 68 69 68 69 60 72 67 68 66 69 63 64 64 69 71 70 66 66 68 73 69 69 67 73 73 74 69 63 71 74 72 71 64 70 77 71 77 75 66 72 73 71 75 68 71 67 66 70 70 69 79 75 75 66 69 67 72 70 69 68 66 63 64 65 69 72 64 58 57 56 55 53 59 59 53 55 52 46 49 54 57 58 60 61 58 59 57 66 59 68 61 55 64 60 59 56 64 59 62 61 62 59 60 59 57 57 57 58 58 61 59 57 65 61 63 70 71 68 70 73 64 66 74 63 63
67 69 71 64 66 70 64 68 66 69 63 67 68 66 71 72 71 68 69 60 68 66 68 70 65 67 69 72 67 69 70 68 68 70 66 74 71 71 71 80 73 70 72 69 68 66 71 69 68 64 64 75 74 74 74 74 76 76 70 66 72 70 71 68 72 69 66 68 66 67 59 56 62 57 59 52 54 58 54 53 48 58 59 53 54 55 57 57 64 65 63 59 60 63 62 65 59 65 63 71 57 62 61 63 59 56 55 57 57 51 61 52 60 56 59 55 63 68 60 61 65 65 62 61 66 64 67 60
67 65 70 66 63 71 66 70 61 61 65 67 69 68 67 71 68 68 73 67 69 69 68 75 68 67 63 70 70 73 70 69 68 70 72 71 67 64 70 68 68 69 73 66 67 72 66 67 66 75 67 69 72 69 69 65 74 73 81 78 71 69 68 70 66 63 60 66 65 65 59 55 54 57 61 54 60 55 52 54 46 58 55 59 58 59 59 54 54 59 58 62 59 63 61 48 55 61 63 59 52 54 55 57 58 54 54 50 48 52 57 59 52 53 60 60 58 59 59 56 55 59 65 64 63 59 67 62
68 66 70 66 66 69 65 68 71 66 66 65 67 69 67 66 66 64 66 63 65 66 64 66 64 70 67 72 69 57 62 71 72 66 67 63 69 70 62 64 64 63 70 70 68 66 68 57 62 69 65 68 69 68 68 67 74 77 78 74 78 69 71 73 67 60 70 67 61 57 58 60 65 57 53 57 61 58 54 59 58 59 61 57 59 60 59 62 65 61 56 54 53 54 57 56 55 58 57 58 53 57 54 54 57 53 56 54 62 57 48 57 56 56 55 58 65 53 54 60 62 61 59 61 66 60 64 55
70 66 63 69 75 68 62 67 68 66 68 66 69 65 69 66 67 66 60 62 67 69 68 64 65 67 68 71 68 66 69 69 70 67 73 73 69 71 64 66 68 60 67 66 64 67 62 60 67 63 72 66 65 72 67 75 74 72 83 76 77 70 79 67 72 67 76 71 64 61 62 66 70 61 58 52 58 58 59 61 60 55 58 60 55 57 66 59 58 59 63 59 60 61 55 60 62 56 60 58 59 58 58 62 54 52 56 55 50 49 51 55 51 55 50 47 59 56 55 62 65 59 56 58 62 62 63 55
72 68 72 68 66 65 64 69 60 65 62 61 58 64 64 62 64 68 58 63 58 65 66 70 65 66 70 71 64 61 74 72 62 65 71 68 65 74 67 61 62 65 68 69 71 73 63 71 69 69 70 67 68 74 75 66 70 74 70 71 76 79 73 74 78 75 77 66 64 65 70 66 67 66 59 60 61 66 60 52 53 55 61 56 59 60 59 56 58 61 64 59 59 57 59 55 58 57 56 54 52 62 59 53 54 55 56 51 50 50 46 53 53 45 45 54 57 58 63 58 56 57 54 57 59 60 57 55
69 71 73 67 63 64 69 65 59 63 68 58 58 63 60 68 63 65 60 65 67 61 66 66 72 66 68 63 73 64 69 68 60 67 71 69 64 72 69 65 60 74 63 67 62 69 65 70 70 70 68 67 70 74 75 74 72 73 73 74 74 74 77 75 75 78 68 73 71 62 67 60 67 65 64 66 61 55 58 56 55 58 60 60 62 61 62 65 62 66 57 53 60 59 55 50 58 54 58 56 51 54 63 53 54 53 57 52 48 50 55 47 49 49 43 54 56 51 55 54 59 54 53 56 60 55 55 47
69 70 67 65 67 64 62 61 59 63 69 66 71 66 62 63 65 65 56 63 67 62 62 64 71 67 65 66 66 66 65 67 60 63 68 67 67 54 62 68 61 62 62 70 68 68 69 71 64 62 63 67 62 70 69 71 76 65 74 74 74 73 75 79 87 64 72 74 75 74 68 70 62 63 59 66 61 66 63 57 56 63 59 59 66 61 58 66 64 61 61 62 59 64 53 54 64 57 58 53 52 49 47 57 52 50 46 52 53 54 58 50 43 47 52 45 45 57 54 41 51 51 53 57 56 54 57 46
66 68 71 73 64 63 62 66 61 64 65 66 64 60 54 62 59 56 58 60 68 59 60 60 63 66 60 61 62 64 64 64 63 69 66 67 68 63 66 69 63 65 65 69 64 67 66 70 67 64 60 63 68 65 69 61 68 65 73 73 66 76 90 90 73 68 68 73 69 79 75 76 72 68 62 67 69 71 65 65 63 64 58 63 57 61 59 55 64 62 60 62 60 55 61 54 56 55 58 52 47 43 46 55 51 50 50 48 49 49 48 48 48 50 50 49 51 42 51 49 55 54 56 51 50 54 51 41
73 67 62 58 64 61 61 63 71 64 61 59 68 62 57 66 58 58 62 61 60 58 63 61 67 68 63 63 62 69 64 71 61 63 70 66 61 61 66 64 57 60 65 67 64 64 61 62 67 64 59 59 70 67 61 60 65 71 71 73 72 99 82 69 69 75 75 71 73 72 75 68 76 71 64 62 72 66 59 64 68 61 56 65 61 57 63 62 58 62 58 63 61 55 55 59 53 46 52 57 44 50 50 50 51 55 56 50 53 55 50 44 44 48 48 44 48 51 53 52 52 51 44 55 52 47 52 54
62 62 61 59 62 66 65 60 62 64 67 61 64 64 55 62 54 50 61 53 57 62 57 60 61 63 59 56 60 68 62 62 65 67 68 63 61 68 65 67 68 58 68 65 65 60 58 64 67 65 68 60 67 64 66 64 68 71 60 65 106 76 66 64 66 66 76 71 73 69 79 74 68 71 70 64 61 61 62 65 63 62 60 67 62 60 68 67 62 59 58 56 56 59 56 55 61 52 52 52 58 53 47 49 55 48 47 45 57 53 52 49 50 41 47 44 46 52 51 54 49 55 53 49 56 45 54 47
61 71 66 64 66 65 62 65 59 60 63 60 60 59 55 54 54 51 55 59 60 58 55 60 54 62 56 56 61 60 60 59 64 61 62 64 60 65 70 60 68 63 60 68 64 56 61 68 61 63 63 60 60 60 74 65 62 71 59 98 85 63 71 63 68 70 72 74 67 67 71 71 63 66 63 72 63 63 67 63 62 67 62 62 60 61 63 62 62 62 63 54 54 58 65 51 51 52 52 57 57 51 52 54 47 51 51 52 48 46 48 45 48 50 46 44 46 47 49 50 52 49 47 54 50 57 56 47
66 59 66 61 65 67 62 59 57 61 60 60 61 62 59 57 56 56 53 58 53 51 58 56 54 55 53 56 53 62 65 59 63 65 60 58 62 65 63 61 61 56 58 59 57 56 64 64 63 59 64 58 56 58 64 64 62 56 76 103 72 68 70 65 65 69 73 73 75 72 71 68 69 66 66 62 67 66 68 64 63 65 59 54 59 58 58 68 55 63 60 64 59 56 59 47 51 54 50 43 53 56 51 49 52 44 47 50 52 49 48 51 51 54 47 35 43 47 48 50 50 42 45 48 52 47 50 46
60 63 63 64 58 64 65 62 67 62 61 60 59 50 52 62 59 57 55 51 55 53 47 47 54 58 54 49 59 59 61 59 58 58 57 62 60 61 60 60 60 57 69 62 60 57 66 62 63 60 63 56 62 67 67 65 75 89 121 98 63 63 78 73 71 73 79 71 73 72 75 71 67 65 70 67 65 62 59 58 59 66 64 55 60 57 56 60 56 62 55 59 61 60 55 56 54 51 46 52 53 49 52 52 45 48 47 48 47 47 52 51 51 52 47 50 48 47 47 53 46 46 49 48 53 48 52 38
64 57 65 62 60 64 66 64 60 61 60 64 59 54 49 58 56 61 54 55 52 60 59 61 52 54 49 51 55 58 62 58 52 62 60 61 63 62 62 59 60 68 75 73 74 77 69 65 61 60 65 59 61 68 69 76 104 79 119 85 67 82 78 65 68 73 71 68 71 71 71 74 68 63 66 71 64 64 66 64 63 61 63 57 61 56 59 59 59 56 59 57 54 52 59 59 51 52 58 51 55 55 50 55 47 49 53 51 57 50 59 47 53 44 46 50 51 50 46 46 56 47 52 53 55 52 50 39
59 64 65 68 65 63 69 65 59 63 70 57 63 62 56 56 53 53 49 58 52 56 56 52 57 58 56 61 58 55 61 61 61 57 57 64 63 71 81 83 73 83 93 102 87 93 97 78 75 89 76 73 93 91 94 119 118 72 127 98 93 103 86 81 79 76 78 73 77 75 77 75 81 78 76 76 74 65 68 68 68 64 60 60 61 58 55 56 61 61 63 58 66 56 53 57 55 62 59 53 54 58 55 54 52 55 56 56 56 52 55 48 53 51 47 51 50 50 55 59 56 53 54 46 56 55 52 47
64 61 63 65 67 58 65 69 68 66 68 70 66 66 62 49 55 49 54 59 54 58 66 51 52 57 63 56 52 57 55 58 62 59 65 73 78 82 92 112 113 132 111 130 127 124 135 106 92 127 106 114 127 124 144 163 148 91 151 136 140 114 114 126 109 96 86 95 93 95 85 78 81 76 83 90 89 75 76 79 72 68 63 61 66 58 64 60 62 65 71 60 64 59 61 61 61 58 59 57 58 62 60 61 56 49 52 57 53 57 57 51 59 57 50 50 52 50 52 49 48 56 55 47 48 50 53 49
65 59 60 60 73 71 66 68 67 67 69 66 59 58 58 53 55 61 66 55 59 66 62 55 56 65 63 59 66 63 66 73 66 81 82 86 98 95 96 136 178 184 167 174 188 191 202 195 167 159 166 179 167 188 190 196 180 139 178 193 181 165 176 175 169 139 135 129 129 104 98 95 94 99 107 100 84 100 107 99 81 68 68 73 69 67 68 60 61 64 63 62 66 70 56 61 60 61 57 54 59 56 57 55 57 52 59 53 55 56 59 50 59 54 55 56 58 56 56 51 54 53 59 59 55 54 52 49
70 65 57 61 68 65 66 65 72 70 61 63 61 58 61 67 67 65 54 59 61 62 64 56 65 65 66 60 61 60 66 70 78 115 123 113 131 148 153 185 216 222 226 231 237 237 242 245 239 231 235 236 231 231 235 235 228 202 226 234 223 223 230 233 208 187 192 185 177 155 130 132 154 159 134 143 139 156 151 127 132 121 94 76 66 73 72 71 72 66 62 66 61 66 67 66 63 67 60 61 63 62 61 53 53 58 62 62 59 64 54 54 50 63 53 51 55 61 60 60 63 57 61 58 62 59 59 49
67 63 66 57 65 62 72 67 75 68 59 62 64 61 59 61 63 56 60 59 56 63 61 58 62 66 60 67 72 66 68 78 90 114 146 175 183 208 225 233 234 235 230 230 230 225 227 242 237 237 234 243 247 238 232 243 243 238 240 243 237 244 246 244 236 230 225 239 232 221 207 223 219 196 215 208 210 189 195 182 170 136 102 109 101 88 72 73 67 68 62 67 67 67 61 57 59 66 65 68 62 57 60 54 59 57 58 67 66 62 60 67 61 56 55 58 64 59 64 62 65 61 57 58 60 62 59 45
63 59 68 70 68 69 68 62 66 69 69 64 62 68 66 58 63 64 60 59 58 64 66 64 67 67 65 70 66 69 71 83 103 133 162 203 219 224 214 217 211 220 218 212 207 215 212 216 216 224 224 224 224 229 233 243 240 243 239 240 233 224 230 227 238 236 233 240 241 240 234 231 232 240 242 247 245 239 236 224 202 197 192 179 148 90 77 70 66 70 72 65 65 65 62 63 67 59 65 65 61 62 62 58 53 57 61 58 65 60 62 65 57 63 60 60 61 62 69 67 61 61 62 63 64 57 55 49
60 57 65 68 70 69 65 68 65 67 64 62 59 75 65 65 56 65 67 67 60 65 74 71 72 65 71 71 69 79 91 103 115 137 184 220 203 185 181 199 209 207 211 209 197 194 189 175 184 194 193 201 207 206 229 227 219 224 216 216 222 208 219 212 219 230 224 231 233 226 234 234 233 237 238 245 242 248 247 244 244 245 229 182 140 99 77 75 70 71 68 64 75 68 67 66 64 61 62 62 68 64 55 56 54 56 61 58 63 55 66 64 55 61 56 61 70 65 64 68 66 64 63 61 67 62 58 58
58 59 73 75 67 65 67 74 69 65 69 64 60 60 69 67 61 60 69 67 57 70 73 64 69 65 71 77 75 75 84 92 133 163 204 183 141 133 134 144 159 189 177 182 179 177 171 185 176 186 184 195 198 201 205 205 211 213 197 186 204 201 210 218 209 221 215 218 210 197 206 221 230 238 234 227 220 224 218 231 229 227 211 184 143 110 85 69 74 69 73 70 70 64 72 62 64 62 61 66 63 65 57 63 56 61 60 62 60 65 63 64 54 59 59 64 64 65 70 68 63 68 61 60 64 61 63 53
66 69 69 68 65 68 61 64 66 69 69 67 64 70 64 64 65 57 63 66 67 67 70 65 70 74 74 68 78 72 71 67 79 119 161 133 146 131 122 111 105 109 132 132 133 153 167 179 172 170 179 186 177 178 181 183 192 188 194 188 171 163 172 197 197 205 208 204 201 204 202 222 224 224 208 201 194 187 200 211 194 196 206 199 163 118 94 89 77 66 61 67 68 67 62 65 70 69 65 64 62 55 56 60 62 65 61 66 62 58 62 65 62 59 63 63 62 62 64 67 64 71 65 59 64 66 68 52
65 62 68 72 70 69 61 73 64 63 69 68 65 66 62 66 66 63 72 69 70 68 71 67 72 75 70 70 67 71 72 101 115 136 142 124 136 143 137 113 112 112 99 100 96 102 130 148 157 165 172 169 158 166 189 185 194 183 181 187 180 181 178 189 183 176 187 186 187 185 185 191 196 185 185 182 184 177 184 182 160 144 150 175 160 140 104 74 67 64 63 60 67 69 67 70 74 69 65 63 59 61 60 58 62 61 52 63 58 57 64 66 69 62 58 64 64 63 68 68 61 69 70 68 64 65 73 56
63 62 63 71 68 68 71 64 66 71 70 70 69 68 67 66 73 69 72 68 71 71 70 71 72 70 67 74 69 72 75 94 95 79 58 41 45 63 83 118 116 114 126 124 89 78 88 99 116 127 146 167 157 165 173 159 177 198 196 189 185 181 182 183 184 177 182 189 174 155 159 164 182 174 168 174 165 164 153 146 132 127 120 131 106 84 65 69 75 68 70 67 69 63 66 68 59 61 62 59 67 64 57 61 61 60 62 60 56 60 61 61 67 63 60 62 68 71 66 71 64 63 65 77 71 67 65 51
59 62 63 63 74 79 71 71 65 66 72 73 65 67 70 69 69 73 68 67 66 71 71 65 71 71 71 70 66 66 69 71 72 102 70 77 54 47 49 67 114 121 124 125 111 102 95 108 105 104 106 155 160 156 155 146 180 228 229 209 195 186 194 189 183 187 196 228 178 146 146 167 177 165 160 142 143 122 116 116 101 102 101 104 82 74 64 65 75 71 67 67 65 68 70 62 66 63 66 67 59 62 65 66 63 61 60 61 57 65 56 63 62 65 64 64 67 67 75 72 69 73 68 69 68 64 61 52
63 67 65 63 72 72 70 67 73 63 71 69 66 65 70 69 69 66 65 63 70 74 70 70 69 71 68 70 69 70 64 67 74 86 73 62 42 39 36 36 60 91 101 109 111 99 119 129 126 113 109 148 150 140 129 150 178 222 242 240 240 222 217 208 202 206 229 220 203 155 144 165 166 149 126 105 91 106 117 129 119 102 113 132 133 117 99 100 89 70 65 68 71 72 73 66 72 68 69 68 60 62 69 65 61 65 67 58 65 65 63 57 65 65 67 67 66 71 73 69 65 76 70 72 64 66 69 57
70 71 63 68 76 66 68 68 71 72 71 69 70 67 61 67 61 63 70 73 71 64 67 69 76 67 74 69 73 66 61 74 73 76 67 39 34 30 32 37 44 49 82 116 103 96 114 131 124 119 140 152 139 147 122 146 173 204 222 237 252 241 228 219 221 224 226 225 185 145 130 139 149 122 116 105 108 123 135 122 112 131 113 68 49 53 64 63 71 71 71 70 73 67 63 69 70 71 67 66 64 63 64 65 71 63 66 69 65 61 65 68 66 70 67 70 66 71 72 70 72 73 72 68 70 64 64 57
64 69 58 65 76 65 64 64 66 65 70 70 67 67 61 58 60 70 66 68 70 70 69 73 73 64 65 65 71 63 71 72 77 81 94 54 38 42 42 40 39 63 102 115 104 99 119 136 148 147 139 147 141 139 133 165 185 209 224 232 230 216 212 219 215 184 161 170 181 143 120 116 133 117 113 125 123 117 122 130 115 112 65 62 69 61 71 61 67 71 69 67 74 70 75 70 71 79 74 72 67 71 72 72 71 69 72 70 65 69 63 65 75 68 62 69 64 65 68 69 77 68 75 72 72 66 69 52
66 64 61 64 68 63 65 71 62 62 65 69 66 59 65 65 61 60 60 62 70 64 66 62 62 63 72 70 68 72 72 68 73 74 102 118 60 40 43 52 78 91 75 88 86 105 133 140 155 170 156 149 150 152 169 206 198 166 207 225 227 249 248 250 248 243 224 217 205 160 137 127 115 110 121 126 116 104 115 118 80 43 31 53 76 73 67 77 71 74 69 68 81 72 73 73 71 77 77 78 74 76 79 71 69 69 74 72 65 71 66 64 72 63 70 69 70 69 65 71 71 69 65 71 64 62 65 53
69 69 71 67 64 61 63 66 70 67 67 70 62 55 66 68 63 62 62 59 67 72 64 62 65 64 68 66 73 64 61 70 81 91 105 117 103 73 73 84 85 75 84 86 99 119 130 140 170 180 183 159 164 183 176 123 81 72 183 227 220 242 244 246 232 229 236 242 231 192 155 152 125 127 119 100 102 95 118 94 51 29 40 59 72 75 68 72 72 69 74 73 73 68 79 69 73 69 74 65 67 71 69 74 71 69 70 67 67 70 71 70 73 70 69 68 73 67 71 72 65 72 70 65 62 60 65 54
60 69 66 71 61 66 68 61 63 67 61 67 60 59 62 64 63 63 66 60 59 64 61 67 70 66 67 72 70 69 72 77 80 105 122 150 120 78 70 67 78 92 98 114 139 149 157 177 201 204 205 213 199 189 75 56 91 176 236 240 233 225 206 223 219 219 219 225 230 226 185 144 124 140 115 98 88 77 105 89 35 34 64 76 73 74 71 69 71 68 75 76 74 69 80 77 76 75 68 68 72 76 80 75 76 75 79 73 74 75 75 76 79 71 69 68 74 74 72 68 69 71 66 64 67 66 63 53
65 66 66 65 62 61 63 64 61 62 58 63 61 52 52 51 54 49 62 56 59 59 61 63 64 65 61 68 71 76 75 84 98 126 168 181 150 101 79 89 87 128 167 169 169 169 149 160 183 187 208 215 215 210 170 144 200 246 242 224 226 233 229 188 189 212 203 184 182 193 226 189 146 138 103 85 82 83 89 75 63 74 79 71 76 70 68 67 68 71 79 75 76 69 74 73 67 69 66 72 75 77 83 80 76 84 77 79 75 70 76 76 74 69 78 72 74 78 77 72 70 62 67 73 72 65 66 48
69 67 66 62 66 69 65 65 61 63 61 60 59 57 56 64 58 59 61 51 57 54 60 63 67 64 66 69 76 73 73 83 114 150 181 177 158 126 89 80 127 160 147 109 81 76 71 73 89 93 109 125 136 146 169 183 174 169 174 183 192 183 175 147 139 136 130 112 107 135 170 182 181 163 150 82 84 84 74 70 79 77 86 73 74 80 70 73 68 75 70 70 73 67 60 65 71 70 73 68 73 78 80 77 76 79 84 77 80 76 72 79 77 75 74 74 72 75 76 74 67 64 65 76 67 63 68 50
66 70 72 71 70 67 67 68 64 56 62 61 61 54 61 60 52 53 58 58 58 64 61 62 65 71 72 71 71 71 84 120 169 215 208 176 158 125 102 104 135 98 78 97 138 156 154 131 111 89 57 45 51 68 73 75 85 93 106 111 124 117 88 88 89 93 84 75 68 81 93 112 138 148 150 129 102 88 83 108 101 85 81 70 67 76 73 72 73 73 72 69 73 79 75 68 76 76 72 71 68 79 73 76 72 76 78 81 79 77 71 72 77 74 78 77 68 76 76 70 67 71 69 72 68 71 63 57
65 72 65 62 65 65 61 62 65 66 68 59 58 58 55 62 57 61 62 63 62 61 62 63 65 72 64 70 70 81 116 158 216 237 215 196 165 125 88 89 91 127 163 165 145 148 170 190 204 203 178 134 93 71 60 53 49 47 50 53 52 52 42 54 53 80 78 53 62 63 65 74 75 94 102 104 125 88 108 132 121 123 96 82 73 76 69 71 65 66 72 73 71 76 76 74 68 70 68 68 72 77 74 75 79 82 79 79 80 81 75 72 81 74 75 74 74 80 69 74 75 71 69 73 77 73 64 54
62 65 66 71 74 77 67 61 71 71 69 58 66 63 66 59 62 59 73 61 58 57 62 61 69 66 61 67 81 100 133 188 226 246 229 188 150 108 59 100 112 117 118 107 97 107 115 116 131 144 167 172 161 163 160 138 145 138 114 98 81 52 42 32 36 35 37 31 40 41 36 39 48 53 69 125 131 114 127 155 147 116 97 87 71 72 78 76 74 73 73 72 65 71 77 74 68 70 72 72 72 74 74 78 79 86 78 82 84 80 75 82 77 82 80 73 78 79 75 77 74 76 71 68 71 72 69 57
66 72 73 73 73 75 68 70 74 70 66 65 65 56 61 65 64 59 64 63 66 60 69 63 67 66 71 68 74 94 144 193 222 245 236 193 144 98 66 89 95 99 103 108 119 125 130 123 109 105 109 107 106 89 90 90 116 119 132 139 129 123 101 82 69 61 53 47 60 61 69 70 88 91 100 118 110 94 131 175 166 135 121 114 95 92 90 79 79 78 77 74 68 74 68 70 71 77 71 68 72 71 66 72 80 76 85 83 84 85 89 90 80 78 87 89 80 77 78 71 75 79 73 70 69 73 71 53
70 72 77 79 75 77 75 76 68 66 71 74 70 66 65 64 68 67 67 64 62 65 68 64 68 59 60 71 69 85 117 183 220 242 229 190 143 117 86 65 77 98 122 142 142 150 133 97 92 85 75 76 80 63 61 61 61 69 77 87 96 94 82 80 70 59 73 50 63 71 93 96 113 106 105 104 94 97 136 154 158 149 144 142 118 100 89 90 79 77 77 75 75 74 68 67 70 72 81 70 69 71 70 72 75 73 75 85 86 81 88 89 84 80 85 83 81 81 73 79 80 76 76 71 73 73 72 50
77 75 74 74 75 68 72 75 72 78 77 73 68 66 68 65 68 67 63 62 65 68 63 66 68 71 68 74 74 93 121 163 222 232 226 188 145 137 119 94 85 115 140 143 135 139 122 100 56 43 44 47 54 52 52 57 57 62 65 63 57 63 60 66 52 53 55 41 55 60 69 64 78 90 113 132 106 120 148 152 151 144 129 108 99 90 86 81 81 79 78 71 73 72 78 74 66 65 70 69 72 71 75 83 81 80 74 75 81 80 82 76 82 85 74 79 82 82 87 76 75 75 75 73 74 69 77 59
73 78 79 70 76 76 68 77 78 78 74 72 73 72 67 65 62 70 63 63 66 64 57 67 64 69 63 72 69 89 92 145 199 212 212 184 159 142 130 116 116 130 134 122 133 121 106 88 42 50 50 56 55 64 77 76 67 68 63 68 58 51 51 52 53 60 57 58 75 73 56 38 65 90 140 127 123 131 145 158 158 136 124 108 103 96 86 81 83 86 80 75 78 77 75 71 75 69 63 74 74 70 68 74 80 79 75 79 77 77 79 75 78 88 77 77 74 76 83 78 79 77 79 77 78 74 79 51
71 76 85 75 82 79 72 74 77 71 71 75 79 72 76 75 63 70 64 64 64 68 64 59 56 59 57 64 57 74 96 126 163 190 201 200 178 145 137 118 118 125 107 121 133 117 100 75 65 71 69 77 75 67 74 75 72 64 60 56 61 52 47 50 64 65 61 76 86 84 75 66 71 110 131 136 127 141 151 159 144 145 115 98 95 96 81 83 81 93 79 78 86 82 68 75 73 71 70 73 74 75 70 74 76 78 78 74 78 78 81 75 82 81 71 76 74 83 79 82 85 82 78 79 73 70 76 48
74 77 84 77 75 78 79 72 78 82 75 76 74 81 78 71 69 72 64 66 66 67 65 58 53 56 58 67 65 70 73 84 118 170 199 213 194 175 145 122 128 122 107 109 125 121 95 80 88 92 101 88 81 76 68 68 65 63 67 58 56 49 50 62 75 62 67 80 89 95 88 64 113 121 123 134 134 136 153 143 134 120 100 89 88 83 89 86 89 90 85 85 81 82 82 85 77 72 75 74 72 70 72 76 78 73 76 81 72 74 79 78 80 74 73 76 83 76 76 84 78 74 82 76 71 73 74 51
67 76 77 74 79 80 80 78 75 71 70 80 74 81 78 75 77 70 67 70 66 66 62 58 59 57 62 62 67 72 65 83 115 141 198 209 209 193 167 141 129 120 99 113 126 106 85 96 98 125 111 85 81 86 65 55 51 65 58 59 45 37 60 53 63 69 73 81 87 84 97 89 125 122 123 125 131 135 136 118 98 99 104 96 87 86 90 85 90 95 79 83 83 87 82 81 85 82 78 71 73 64 68 76 77 78 83 78 77 74 78 77 78 70 71 70 76 78 81 81 73 75 84 75 78 74 72 46
70 73 78 72 78 73 76 75 74 77 74 76 75 76 77 70 71 74 71 74 68 61 65 64 62 59 66 55 60 65 72 68 74 116 166 178 192 192 187 155 124 121 113 115 97 77 95 102 109 101 86 78 98 70 63 62 47 65 44 55 55 57 60 61 67 74 84 83 86 89 103 111 128 119 129 130 141 129 111 108 84 89 93 92 86 90 86 87 87 88 87 82 82 91 80 77 88 82 85 79 69 72 71 72 77 79 78 78 77 81 77 76 74 68 73 75 88 76 80 75 79 77 82 72 83 70 71 48
73 75 71 70 73 73 84 73 76 75 70 68 78 76 81 75 74 73 75 71 69 64 67 64 72 65 68 65 69 70 69 71 76 96 109 126 142 173 185 169 140 121 119 95 83 88 105 123 120 93 88 95 78 58 71 57 50 55 54 56 60 63 62 63 64 71 89 82 79 106 114 119 128 129 135 136 136 125 102 94 85 89 86 91 90 90 93 86 78 83 92 89 87 89 88 82 85 83 79 82 76 75 79 77 77 83 79 79 75 84 77 79 78 70 77 75 74 82 79 75 80 78 71 71 77 80 71 48
70 73 72 74 73 72 76 70 78 76 79 78 71 72 70 76 72 74 76 73 65 67 71 69 70 73 70 69 70 75 68 76 85 93 110 121 139 169 190 182 153 119 121 116 119 124 125 120 97 96 90 86 71 60 63 64 58 60 66 53 52 62 64 64 64 69 78 76 96 102 108 114 126 126 129 119 110 104 94 88 87 86 93 89 84 89 94 90 88 92 83 92 88 87 92 87 78 83 90 86 84 80 87 77 77 83 78 80 78 80 84 78 78 76 79 74 77 80 82 82 77 75 72 77 79 73 80 54
67 71 66 71 74 69 78 79 72 80 75 81 82 82 77 74 76 73 79 73 74 78 76 72 81 75 75 75 78 77 74 77 84 86 92 110 126 148 154 167 176 142 143 146 143 150 130 111 106 84 81 82 60 67 67 53 54 54 72 58 51 62 76 57 64 62 74 77 87 99 106 118 139 129 132 124 117 95 85 87 90 86 87 84 87 90 90 92 90 90 91 90 83 97 95 89 85 85 85 83 90 86 93 88 82 86 82 74 80 83 81 80 75 68 76 74 73 78 77 81 77 81 77 78 82 78 81 56
62 73 62 63 68 69 70 74 71 75 81 76 83 78 81 80 81 77 78 77 85 79 73 74 76 78 85 87 80 83 81 76 88 83 90 107 132 152 159 185 184 166 147 153 140 128 120 100 89 65 68 71 78 66 50 42 52 61 55 61 60 60 63 72 72 69 71 83 87 104 120 140 126 115 119 123 108 96 87 92 87 89 93 86 87 86 87 88 87 89 89 88 89 92 93 94 90 95 89 94 92 98 90 90 90 91 83 77 81 82 83 80 72 70 71 78 77 78 82 84 78 82 81 77 75 77 77 56
67 70 64 71 75 70 72 74 77 77 76 72 71 82 89 82 79 76 77 77 81 78 78 84 80 89 85 82 82 84 88 84 87 85 94 107 114 152 161 166 193 180 132 124 123 101 106 79 76 65 76 67 77 67 51 49 41 58 55 61 68 65 58 66 78 76 79 95 102 113 129 135 125 118 112 103 93 94 91 93 91 89 89 80 89 87 81 94 87 91 85 90 97 91 99 98 97 103 96 95 99 98 97 93 93 91 88 83 88 80 78 79 81 71 73 80 76 81 86 84 82 78 75 78 86 85 79 55
65 69 70 74 75 77 71 74 72 69 76 75 77 83 85 84 85 82 81 77 86 78 79 88 86 88 89 91 94 91 95 98 95 88 88 96 106 125 160 171 190 196 144 123 123 107 105 88 84 79 77 72 68 57 58 49 53 57 60 66 63 65 63 68 76 82 81 98 112 129 130 143 137 124 116 104 91 98 96 91 91 91 83 82 85 81 84 91 86 85 88 94 95 96 96 96 98 103 105 95 100 102 106 94 95 92 89 88 91 88 81 86 87 86 78 83 81 81 85 87 83 85 87 84 89 86 79 50
64 70 75 67 68 80 81 72 74 85 81 73 75 79 89 88 85 81 86 84 81 90 86 98 95 95 94 99 94 93 98 98 100 95 99 103 116 119 135 158 168 198 169 133 131 115 104 101 91 71 74 69 61 55 63 46 56 52 54 62 64 64 74 68 77 75 88 101 110 118 143 154 150 137 123 112 105 93 92 87 84 89 88 89 86 82 81 79 84 87 91 97 93 94 97 96 102 100 105 107 107 100 99 101 105 95 105 101 96 90 85 87 88 83 90 89 83 82 84 84 88 85 89 84 80 88 80 58
64 66 63 73 67 76 75 71 77 77 75 74 79 73 74 88 81 83 76 87 88 85 93 98 97 94 101 99 95 101 99 100 102 108 106 113 107 109 131 139 176 204 183 140 116 102 95 96 71 75 67 69 68 63 55 60 59 64 59 64 68 67 72 77 73 83 98 113 119 126 154 156 161 137 123 106 102 100 95 91 86 81 89 84 84 87 81 82 83 86 87 91 91 90 100 101 108 105 107 108 113 106 101 109 110 108 105 106 98 93 90 94 86 89 93 90 83 94 99 87 96 90 95 89 90 86 88 66
62 63 67 70 70 73 76 76 71 72 75 70 76 84 81 84 87 90 90 87 95 89 93 100 98 97 99 101 104 106 105 109 107 117 117 112 112 116 127 150 167 168 178 155 111 105 107 99 85 86 79 72 61 61 60 59 62 60 64 67 68 68 75 87 91 104 102 111 124 140 157 137 128 119 110 108 100 99 92 89 88 92 90 90 81 83 82 81 85 92 90 95 88 94 98 96 103 105 110 107 113 111 116 115 114 109 111 115 108 105 97 102 100 89 95 96 90 92 98 98 100 101 91 96 89 87 93 62
59 63 69 70 65 70 69 76 75 75 72 78 80 77 78 87 79 88 93 90 95 98 99 101 104 102 107 104 104 110 101 116 110 114 107 105 117 113 115 125 132 158 199 169 106 102 101 101 97 78 83 71 68 62 69 60 57 56 67 76 74 71 77 93 86 94 100 117 121 153 166 153 133 121 107 106 100 99 93 93 97 89 88 87 90 84 84 81 82 83 86 90 87 96 102 102 103 107 112 113 116 112 113 114 116 116 111 117 117 113 101 98 103 103 99 101 93 94 98 96 99 94 91 100 96 83 89 62
65 65 65 65 70 69 67 68 72 67 73 77 79 80 73 88 81 83 82 86 95 94 96 102 98 102 105 110 111 106 108 117 116 107 107 112 116 107 110 130 150 167 178 180 121 103 106 98 88 80 71 72 75 74 69 59 62 75 71 68 70 82 81 72 96 95 102 124 136 161 164 146 137 128 117 110 101 97 89 99 97 91 91 91 91 94 92 90 92 90 93 91 100 97 103 106 109 113 122 123 117 115 121 117 116 122 117 123 119 120 115 111 107 106 99 102 104 94 101 104 102 96 98 98 94 87 96 64
63 67 69 66 69 72 67 69 75 78 77 73 78 79 84 90 85 82 84 92 86 90 93 95 95 99 109 108 109 107 110 107 112 113 109 112 109 102 114 120 136 137 156 190 150 115 121 95 91 74 71 71 77 82 61 70 71 68 70 71 71 79 85 82 86 99 104 122 137 165 175 162 151 141 124 116 107 107 97 94 88 99 96 97 93 95 99 98 97 99 104 103 106 107 117 115 113 120 119 119 125 122 121 120 121 125 124 121 126 123 115 114 116 109 105 101 106 109 103 115 99 94 103 94 95 91 94 69
66 72 67 63 65 67 72 72 74 72 75 75 76 78 83 83 83 82 92 87 89 104 96 94 102 104 109 108 107 115 115 114 109 110 111 115 110 110 108 116 132 143 170 200 171 120 108 96 88 68 80 85 72 70 75 83 75 64 82 71 91 75 96 89 94 110 96 122 140 163 167 151 135 132 114 110 107 108 110 102 102 106 101 103 107 101 101 93 106 106 105 101 109 111 120 114 123 126 126 124 124 129 131 129 128 131 120 124 129 127 119 116 116 112 103 114 111 108 104 108 102 98 91 92 94 96 90 66
72 79 69 72 75 73 75 80 78 73 77 72 80 77 74 78 85 83 85 88 96 103 99 101 105 111 115 114 118 114 111 114 109 111 109 108 110 113 108 111 120 136 166 185 178 122 94 89 94 87 91 78 75 79 75 75 75 65 78 79 75 77 101 98 108 105 109 121 138 155 179 175 163 140 126 120 116 115 112 108 108 113 114 111 112 112 109 100 103 112 109 110 114 117 117 120 121 125 129 140 133 130 131 130 130 132 122 127 129 124 125 121 116 122 113 114 111 106 108 104 98 98 96 94 96 92 94 67
74 79 73 81 86 76 81 85 80 77 79 80 82 80 79 81 83 81 81 88 98 103 102 106 104 104 110 110 114 106 110 112 113 113 106 108 107 110 109 106 110 132 149 172 186 145 118 114 107 91 81 84 87 75 75 66 70 70 70 73 79 74 81 88 95 104 117 123 117 143 177 163 153 144 126 120 112 110 115 109 109 113 110 105 104 109 110 105 109 114 116 116 121 125 120 124 125 132 137 133 135 137 135 137 136 137 132 132 127 126 126 123 117 122 109 116 117 112 108 108 107 106 103 98 99 102 97 70
82 80 81 79 79 75 83 88 87 83 80 86 86 83 84 88 85 89 90 94 101 101 105 107 101 103 107 112 110 110 116 110 107 112 107 105 106 104 105 102 109 123 134 142 177 148 117 113 108 96 94 101 93 90 88 82 72 72 70 71 81 85 83 96 103 113 115 123 104 139 167 151 147 138 121 114 109 108 116 110 108 114 112 116 111 112 109 113 115 118 117 123 120 121 121 130 129 134 135 134 129 139 137 141 142 135 139 131 131 135 130 127 118 125 122 122 115 117 106 110 106 107 105 107 108 101 97 65
87 87 85 88 87 84 89 88 85 87 85 86 92 88 85 87 89 88 94 90 88 102 98 105 110 109 112 102 103 105 105 111 105 104 108 112 104 107 102 111 112 114 117 141 180 176 121 102 103 104 106 110 91 89 91 76 74 84 79 72 83 98 82 86 111 108 116 103 99 130 166 173 134 132 125 118 109 114 111 121 115 117 118 114 114 113 114 113 116 119 120 124 127 129 126 132 126 132 135 137 144 137 141 141 142 143 148 136 135 134 137 135 135 123 128 120 121 113 113 106 111 112 111 105 98 103 100 64
91 89 87 90 93 91 94 86 85 95 90 93 92 92 92 91 91 91 101 100 102 101 107 109 105 112 109 103 108 103 108 109 108 105 112 105 102 102 100 99 107 107 119 141 178 180 115 110 109 97 98 90 96 90 81 87 83 83 75 81 95 95 96 97 117 107 120 117 105 115 160 165 140 129 126 123 111 106 116 119 115 113 118 120 122 116 111 114 115 116 128 127 125 128 129 129 127 132 135 133 137 139 145 139 141 136 137 137 132 131 135 135 132 130 126 121 122 123 112 110 109 116 113 102 103 109 105 73
85 85 86 92 91 90 96 93 89 97 97 97 97 102 96 101 100 93 99 103 102 105 100 113 116 113 108 101 106 113 105 106 119 114 104 108 105 103 100 100 98 99 111 128 156 184 138 120 109 120 107 112 103 82 80 85 83 73 86 90 85 89 106 106 110 107 125 107 101 106 150 177 161 149 127 120 112 116 115 116 112 114 114 128 122 118 118 114 118 119 126 132 133 126 125 130 133 134 139 133 133 139 141 138 143 139 138 140 133 136 131 129 125 122 119 125 122 118 108 110 117 115 105 115 109 106 107 72
88 92 96 92 94 99 93 99 100 100 104 97 105 99 102 101 98 102 103 100 103 111 103 111 110 105 106 111 112 107 111 114 114 110 111 108 106 104 106 105 99 100 107 118 154 189 154 117 119 119 109 110 80 92 99 87 87 88 83 84 86 99 100 92 90 109 113 110 103 100 143 162 149 145 131 125 119 121 114 110 111 110 116 120 109 115 119 116 121 126 126 122 127 128 130 134 139 130 135 136 142 138 134 138 140 140 137 135 131 125 133 125 129 122 119 122 118 118 116 113 114 112 109 116 108 113 108 69
86 93 99 99 101 99 96 97 97 101 99 107 104 110 103 101 105 98 95 104 112 107 104 112 105 102 109 108 104 113 107 117 108 106 117 107 107 106 103 107 104 105 121 128 140 203 163 114 127 126 100 106 83 86 97 101 94 86 87 85 87 83 95 110 91 101 112 110 100 98 122 179 171 156 140 134 117 117 115 113 114 112 112 117 113 117 125 123 126 121 125 118 126 122 129 133 128 138 137 137 141 137 140 136 135 133 136 131 134 130 126 119 117 123 115 115 122 120 114 109 107 113 107 105 109 110 107 74
93 96 95 93 100 100 106 101 106 100 108 103 109 107 106 109 108 98 100 107 102 106 107 100 106 108 113 110 114 117 111 113 117 115 109 105 101 109 107 100 106 108 113 118 144 186 170 136 131 117 122 114 91 106 106 103 90 85 98 93 94 93 96 103 103 101 103 115 101 110 119 166 174 150 136 114 108 115 115 113 113 109 110 112 119 113 112 110 118 111 108 116 128 128 121 129 135 136 130 131 137 136 133 131 130 130 126 131 127 121 120 121 118 116 112 107 118 119 109 112 106 105 105 110 108 106 107 78
96 90 100 102 97 100 107 101 104 101 103 107 110 105 104 103 106 101 102 103 104 110 116 112 109 111 110 111 108 109 111 99 104 111 107 104 112 113 111 112 107 108 119 133 147 174 188 139 125 102 107 107 97 111 98 106 95 98 98 85 88 95 97 102 105 102 108 115 107 96 110 156 178 141 127 129 126 116 109 108 113 110 114 111 118 112 106 110 110 113 114 116 121 121 121 126 129 124 129 132 125 130 123 124 132 126 124 126 121 117 118 118 115 112 109 107 109 111 109 113 107 109 107 109 104 101 113 79
91 93 99 99 106 98 105 97 97 108 110 110 117 105 105 114 115 109 102 101 104 104 107 109 104 103 107 109 112 108 112 105 113 105 107 108 107 102 107 107 100 105 117 126 138 163 182 149 129 122 121 104 123 106 118 96 99 99 81 88 89 96 91 99 104 97 94 107 104 107 116 149 171 145 132 129 115 107 112 114 116 111 108 113 124 110 117 110 117 113 111 122 116 120 123 129 125 128 127 121 122 126 132 123 123 126 115 113 113 108 107 113 118 108 106 111 111 111 113 111 109 107 105 110 107 104 110 76
93 95 97 98 100 96 100 102 99 106 102 106 109 113 107 103 108 110 107 103 108 107 112 110 103 105 108 113 108 106 111 105 108 108 118 119 105 107 106 107 106 114 118 117 116 143 191 166 135 111 116 115 114 126 111 87 112 101 99 98 90 91 96 98 102 96 94 102 102 111 102 133 172 159 132 120 110 114 114 113 108 114 116 120 118 112 116 115 113 111 116 118 120 120 121 126 119 122 118 118 122 123 125 115 116 113 110 107 111 103 96 102 105 104 98 101 103 104 96 100 101 97 107 111 104 109 105 68
94 95 94 104 101 97 99 101 100 100 101 103 105 108 112 111 102 105 105 107 110 110 110 106 103 113 116 108 108 109 114 111 107 110 116 112 107 112 105 118 114 108 110 111 118 149 186 181 144 118 104 115 114 116 109 94 100 101 93 94 89 90 93 96 98 86 92 98 100 97 99 123 165 152 134 126 130 131 121 117 117 107 111 120 119 119 115 114 112 115 119 112 119 121 118 117 115 114 124 124 112 114 120 109 107 108 108 110 105 104 101 95 98 96 92 96 98 111 103 103 109 107 105 105 106 105 106 68
87 95 89 98 99 94 100 101 105 105 100 112 106 105 107 113 109 113 117 113 116 112 111 109 113 114 106 109 114 112 113 116 114 112 113 113 120 118 115 115 108 105 109 112 115 146 187 173 126 118 124 106 124 133 98 98 95 100 99 82 95 85 94 99 104 105 98 100 98 96 94 116 159 172 154 146 135 128 117 114 122 119 116 118 118 121 118 121 115 112 123 129 118 119 121 114 119 120 125 121 112 112 113 118 110 110 103 102 104 107 101 104 101 101 92 101 102 101 108 101 107 106 105 103 104 102 108 79
90 96 88 91 94 97 101 104 98 103 108 103 103 105 105 103 101 106 111 111 106 109 114 121 112 108 113 113 114 117 112 110 111 114 113 112 116 121 118 110 108 112 112 106 125 146 172 191 144 120 126 98 118 89 99 87 87 91 98 89 108 88 97 107 103 90 90 97 91 89 104 112 139 175 177 156 147 137 122 123 120 117 122 116 119 114 121 124 126 121 120 129 120 123 124 126 118 124 126 125 115 110 110 116 109 109 100 104 106 104 100 101 103 103 104 105 107 104 106 101 108 108 105 104 100 104 108 67
95 96 90 96 99 101 103 94 102 104 107 98 105 105 100 108 106 113 112 112 115 113 116 114 114 107 113 116 115 116 115 115 113 114 110 108 112 117 119 111 114 110 115 114 129 135 164 191 146 139 128 117 133 108 99 106 104 107 99 95 87 95 102 102 102 101 99 101 90 96 105 109 137 170 169 148 137 125 119 124 125 118 120 126 121 125 124 119 121 125 123 125 125 127 127 122 125 117 122 122 112 111 106 102 108 110 104 107 104 108 108 104 111 106 111 107 113 112 104 107 108 107 106 106 108 107 103 66
90 97 94 96 101 99 97 92 100 110 104 103 105 110 101 105 111 116 117 116 115 116 112 118 115 114 119 120 116 118 119 119 118 114 111 109 113 117 116 112 111 112 113 115 121 128 160 193 160 136 127 124 130 121 95 103 113 115 93 98 93 114 94 101 107 94 97 103 95 98 103 98 115 163 172 151 143 128 133 123 123 124 124 120 124 132 128 123 130 129 129 130 129 128 129 122 124 120 119 117 114 116 117 111 109 109 111 113 108 109 110 105 108 111 117 116 109 102 110 109 111 113 111 104 109 105 103 66
92 92 95 92 88 93 103 98 101 103 97 104 103 101 108 104 113 116 120 110 113 122 123 125 114 117 120 122 121 121 120 121 125 120 118 120 121 116 116 121 120 110 117 115 119 123 142 180 161 143 134 120 123 126 126 117 114 109 107 105 94 105 89 95 94 95 107 97 103 105 101 108 109 151 174 154 146 136 125 120 123 129 118 122 123 127 129 126 129 128 127 130 129 130 128 131 124 127 123 118 122 116 117 115 111 116 109 115 113 104 109 111 110 116 121 114 111 114 116 114 107 106 119 109 102 109 105 71
98 103 97 100 92 93 101 98 100 103 104 102 107 106 104 113 109 116 115 113 119 120 121 118 122 118 126 122 122 128 121 123 126 123 122 123 119 117 120 119 118 117 123 124 119 128 147 188 184 146 129 128 143 112 99 136 126 100 106 99 96 89 100 95 90 90 95 98 86 88 91 96 114 135 177 161 143 139 128 128 125 127 122 125 127 123 135 136 138 129 125 133 130 129 130 126 126 124 126 116 117 116 119 112 119 113 110 117 118 110 113 113 113 118 116 123 116 118 113 115 117 113 117 109 108 107 111 77
96 99 95 96 96 98 102 98 99 104 105 107 106 107 110 113 108 110 110 123 121 117 120 126 123 124 124 122 123 123 129 127 120 121 122 127 122 125 122 130 125 126 125 124 126 122 133 172 191 153 142 128 145 114 91 115 111 118 101 97 97 89 97 99 91 91 104 83 97 95 82 100 113 122 169 177 155 152 132 138 138 127 124 129 125 127 130 136 137 138 135 128 129 125 130 134 124 124 127 120 119 120 119 116 113 115 116 121 118 116 117 116 119 121 122 120 115 116 111 118 112 119 113 111 115 113 103 75
93 97 95 102 105 102 105 100 99 97 99 104 106 110 105 109 110 113 112 120 114 115 111 121 119 121 124 124 122 123 123 132 130 127 126 130 135 127 129 129 125 129 124 121 124 126 136 172 188 146 125 128 121 99 105 107 106 104 105 88 96 96 97 101 94 87 96 99 81 92 89 88 100 110 166 183 168 152 132 133 130 127 129 129 129 126 131 133 130 134 132 133 136 129 124 132 125 123 122 120 124 121 120 120 115 125 120 123 120 115 118 120 119 117 121 118 122 120 118 117 112 120 107 110 114 115 113 75
102 102 100 100 104 103 106 102 100 102 100 105 108 104 104 109 108 111 112 115 116 112 118 117 123 116 117 122 125 126 118 125 131 127 125 124 127 130 126 127 124 129 125 130 125 128 130 155 190 134 136 142 145 113 98 117 97 98 104 103 102 109 102 97 95 91 90 99 83 81 90 104 87 97 127 171 170 156 129 125 130 132 132 132 132 129 130 137 137 139 132 135 135 135 132 125 128 130 123 119 123 122 126 128 120 121 121 119 115 123 120 119 125 125 121 123 124 121 118 119 115 118 114 118 112 108 125 78
92 100 109 102 97 103 103 111 106 107 106 99 101 107 108 102 106 108 108 114 108 108 122 116 119 119 115 114 126 121 123 126 127 125 126 117 122 119 132 133 130 131 136 125 126 124 136 162 194 168 142 141 124 99 122 113 107 114 102 100 99 102 95 103 84 86 84 96 102 97 87 83 100 121 129 157 174 165 150 142 134 134 128 133 134 138 135 137 139 137 130 130 134 128 133 130 124 127 128 124 123 122 120 123 123 122 123 117 117 124 123 122 120 118 125 123 122 120 124 124 121 120 120 116 114 115 119 70
98 104 101 102 109 104 107 111 116 107 110 112 110 109 108 105 108 105 108 102 104 107 112 116 118 120 116 119 114 120 119 121 117 123 123 124 125 123 128 136 131 127 130 128 131 129 139 158 202 170 146 126 128 106 107 109 99 95 105 87 103 105 90 94 88 84 100 86 98 97 81 85 98 94 114 153 172 162 159 145 138 133 130 129 137 135 137 133 131 141 139 132 136 141 126 129 132 127 131 130 131 126 118 122 125 121 121 122 122 121 126 126 125 126 132 124 117 123 127 122 124 115 120 118 115 119 113 77
96 101 102 108 108 107 105 109 112 111 108 114 114 107 112 105 106 107 113 104 108 108 105 109 111 115 116 112 115 123 115 117 125 128 122 128 131 132 128 132 127 130 130 133 131 131 132 142 199 170 140 130 113 103 102 106 118 95 88 87 94 94 86 88 91 100 94 76 98 89 88 91 101 102 110 147 173 167 160 149 136 140 129 132 135 138 136 134 130 135 135 132 128 132 128 137 139 132 136 126 131 121 125 123 124 124 125 126 127 123 132 123 123 123 120 125 123 121 125 118 125 117 122 124 122 118 122 83
98 103 101 107 111 112 103 111 113 109 112 113 108 113 115 113 106 111 111 107 113 115 113 111 108 107 118 115 115 123 125 124 126 125 125 128 130 132 137 130 131 129 137 137 135 134 130 142 186 181 113 118 119 104 98 114 95 101 103 96 96 94 92 83 81 98 86 96 80 92 84 95 96 98 125 141 163 164 145 137 133 133 134 131 136 141 138 136 131 128 129 134 127 127 130 129 134 125 132 126 124 134 132 128 128 132 128 133 125 131 132 126 123 121 118 122 127 124 120 118 124 124 122 125 121 121 124 85
100 97 101 104 111 110 111 109 112 110 116 111 116 118 116 113 116 113 111 106 110 106 112 107 118 110 110 116 116 122 119 121 121 120 124 128 130 130 134 131 130 127 134 133 130 134 130 142 181 185 143 126 110 118 96 127 96 99 121 74 88 98 92 94 86 87 97 90 90 84 85 83 93 93 105 127 158 168 156 132 137 128 137 133 135 131 130 133 135 130 124 131 124 126 130 122 126 126 132 132 124 123 133 128 127 132 135 126 119 121 125 130 125 123 123 127 121 125 123 129 132 124 130 130 124 120 122 81
98 96 101 107 105 104 118 115 115 113 109 113 120 115 114 111 113 110 115 111 113 111 113 112 114 117 115 113 118 121 120 115 121 119 124 128 128 127 124 127 130 130 130 124 130 132 135 142 182 197 136 126 124 104 105 120 107 93 106 97 88 94 91 90 85 88 83 92 79 80 85 97 107 93 106 122 145 177 172 153 137 125 131 124 130 124 127 132 128 126 123 125 130 130 121 126 124 125 129 133 128 124 128 132 132 133 134 127 125 130 122 130 125 129 127 125 125 124 125 131 117 118 118 121 119 120 122 76
94 105 102 110 116 108 110 112 114 117 117 117 118 116 118 118 115 116 116 113 116 118 109 113 118 118 118 122 118 124 125 121 122 119 125 123 121 119 122 123 124 128 126 127 123 120 128 134 175 184 154 133 108 114 118 114 101 89 117 94 95 110 97 97 91 94 85 74 79 91 80 94 99 98 86 107 144 168 157 133 124 117 121 115 119 125 126 118 117 120 124 116 116 119 122 118 118 123 133 132 133 126 129 131 132 131 128 129 129 133 127 128 129 124 132 130 128 129 123 126 120 126 124 119 114 117 126 78
101 103 110 106 110 115 112 114 117 111 127 114 119 117 123 125 117 122 121 109 117 120 115 120 116 118 115 120 121 119 119 119 119 113 114 117 119 122 125 113 121 116 118 114 120 112 119 119 145 192 151 143 143 124 111 102 87 92 94 93 84 104 103 99 89 83 80 85 80 85 95 97 88 88 103 87 112 156 163 138 132 127 119 118 114 119 112 113 125 115 111 109 110 111 117 117 116 122 121 127 131 129 125 129 123 134 125 126 127 123 123 125 125 127 125 119 122 128 121 121 130 127 120 122 117 115 118 79
105 105 107 118 111 114 122 112 110 119 122 122 120 113 120 122 122 121 116 116 117 125 120 119 119 113 117 117 115 117 119 124 125 117 117 119 119 121 119 118 115 118 123 116 110 111 115 116 148 200 159 135 106 112 107 117 86 82 91 92 90 94 90 89 92 80 75 79 92 81 90 110 95 96 105 112 123 142 172 153 145 128 113 110 114 113 101 109 110 107 111 114 111 102 110 116 112 119 117 122 124 119 120 122 123 125 122 126 125 123 121 117 114 117 119 118 119 121 120 122 123 117 110 116 114 120 119 71
105 111 114 113 113 121 121 121 117 116 122 120 120 116 119 117 116 114 115 118 119 125 117 119 117 110 115 113 117 121 118 117 112 115 118 118 120 121 120 115 117 107 110 113 108 108 106 110 149 202 174 139 118 133 124 103 111 100 88 78 96 110 100 90 85 82 84 81 86 101 87 101 86 103 107 94 109 124 172 160 124 118 106 102 101 102 102 110 107 104 102 101 105 104 107 109 109 105 113 108 112 120 113 120 122 117 115 117 111 118 117 114 119 118 114 118 112 108 111 118 115 110 108 108 109 108 113 72
108 111 117 117 114 114 114 110 115 116 117 113 117 117 113 116 112 112 118 117 113 116 115 114 114 121 113 112 118 120 114 111 106 114 115 113 114 109 108 106 109 114 109 110 105 104 111 113 117 170 173 141 142 136 136 105 115 101 92 92 92 88 100 94 84 79 75 83 76 87 90 96 99 100 107 103 100 113 159 169 133 101 97 96 97 105 99 99 101 96 91 89 91 94 102 101 95 100 107 96 101 110 116 117 112 115 114 119 103 119 115 116 116 114 106 109 112 109 101 108 110 105 106 109 105 106 105 69
104 107 115 120 117 113 116 110 111 112 109 115 106 110 110 114 111 114 113 119 115 115 116 114 121 123 119 112 112 111 112 110 110 106 116 116 112 110 112 108 104 109 103 102 111 98 104 108 121 160 188 152 144 123 125 117 98 93 99 82 89 84 97 90 82 67 77 89 86 95 82 78 89 82 105 101 115 128 146 152 132 114 99 92 94 92 93 88 89 91 88 97 95 93 91 94 91 94 107 105 104 103 110 111 113 116 112 116 114 110 108 110 112 107 104 110 107 112 105 104 107 104 105 104 105 106 106 65
115 113 114 111 118 112 118 107 113 112 115 118 106 110 109 109 113 112 115 113 107 113 118 115 122 119 116 117 114 114 117 117 112 108 120 108 112 108 109 103 102 111 106 103 98 104 105 97 117 170 188 141 144 120 133 101 75 82 80 88 81 85 95 93 85 79 94 78 89 79 87 93 83 90 89 90 89 116 138 169 150 118 104 96 98 97 90 88 96 95 93 94 92 93 102 91 91 101 100 102 105 104 104 98 110 103 110 102 104 109 110 110 103 103 105 103 106 105 107 103 97 110 102 105 98 97 105 68
112 115 117 113 109 107 109 109 106 115 111 107 115 117 103 103 113 112 113 119 109 114 117 117 120 117 119 122 115 116 108 116 116 115 115 112 110 103 104 111 109 104 106 105 105 102 107 103 108 155 180 155 121 120 121 104 96 109 93 76 108 74 91 81 69 83 80 78 85 79 81 85 82 96 95 85 98 95 125 165 153 118 100 89 95 92 101 95 102 96 95 99 91 94 97 91 96 101 98 107 110 102 101 104 104 109 107 99 109 112 105 97 99 94 101 101 103 110 111 103 95 106 108 102 103 103 99 70
109 114 110 114 116 110 112 108 108 106 103 105 107 107 111 110 109 112 112 115 116 115 116 118 114 110 111 116 111 112 115 129 117 119 117 114 111 118 118 108 112 107 109 111 107 112 113 109 104 158 191 151 136 135 123 83 84 101 98 83 83 88 93 96 88 81 77 79 89 98 91 73 68 93 92 77 76 98 114 143 142 117 116 107 102 103 101 95 104 105 98 98 92 92 93 92 93 104 107 105 104 101 102 106 103 96 101 99 100 101 103 97 100 102 98 100 94 101 102 104 101 109 104 102 104 100 101 64
107 112 107 107 111 113 112 111 116 102 103 105 108 106 107 103 111 106 110 113 112 108 106 109 112 115 111 112 116 111 117 122 114 119 118 119 119 117 120 120 115 117 109 118 120 116 119 116 125 142 173 167 127 121 120 92 91 106 93 95 99 83 89 96 86 81 90 78 82 93 77 74 71 79 86 90 105 113 107 143 137 115 114 113 107 100 101 100 101 103 103 97 101 101 92 91 94 102 102 102 101 95 97 95 103 97 98 104 99 99 102 97 98 102 105 98 101 99 107 109 107 105 99 110 108 106 103 63
99 110 112 107 103 106 105 109 110 105 101 103 108 106 104 103 105 105 112 113 114 113 109 112 112 116 119 115 120 117 117 120 124 117 114 125 125 126 122 122 122 127 119 119 122 122 122 118 131 150 203 163 126 123 116 121 97 70 75 104 78 78 78 104 94 89 84 77 81 94 74 87 96 81 79 83 105 93 118 146 154 135 123 114 107 106 111 108 104 107 106 110 103 106 96 103 106 105 104 113 102 93 101 93 96 95 102 106 99 108 102 105 99 102 106 109 105 108 113 104 103 103 105 100 106 101 102 67
103 110 113 109 103 104 102 111 103 98 100 105 106 103 103 110 104 105 110 110 114 115 113 109 108 117 119 115 121 124 119 121 120 120 121 127 128 121 131 127 126 124 122 126 128 124 129 126 130 147 181 166 147 128 116 109 100 105 109 105 80 99 105 93 102 86 82 75 79 92 82 75 84 87 81 88 88 98 112 140 150 138 122 114 113 112 117 112 114 110 111 109 114 109 107 108 106 107 107 106 101 105 99 103 99 103 107 105 104 104 105 107 104 104 109 109 116 115 106 101 105 108 106 108 111 112 103 63
102 106 104 105 107 101 101 101 103 100 107 98 104 105 107 108 99 106 110 117 110 118 121 119 109 120 121 121 123 126 123 122 121 126 128 127 130 129 129 124 126 129 132 131 136 132 126 133 135 143 177 179 131 137 118 128 117 110 90 112 91 82 103 96 91 86 79 82 92 79 90 84 93 95 78 78 75 96 102 123 156 137 127 130 117 124 120 119 121 118 117 126 116 111 113 111 109 118 115 104 106 110 106 110 107 109 107 102 108 113 103 107 111 106 105 110 110 119 110 106 112 114 112 107 111 111 107 63
104 106 112 111 102 98 103 102 101 105 102 103 105 109 108 112 100 106 112 112 113 116 117 116 113 117 114 123 124 126 119 120 126 132 125 121 126 132 126 121 130 131 133 134 129 125 133 133 128 140 168 190 161 141 140 108 94 97 87 86 90 91 92 88 86 71 69 73 79 93 82 77 75 83 83 85 88 89 92 124 150 148 131 122 114 122 121 119 116 115 120 119 114 121 120 112 108 112 116 107 113 110 115 107 106 117 111 109 114 108 111 111 109 112 112 113 121 116 113 114 113 110 110 111 105 105 104 61
102 106 100 103 102 106 109 104 103 105 105 111 110 103 108 115 108 110 113 117 118 118 117 117 113 120 112 116 127 125 126 127 122 122 127 123 124 122 126 130 132 126 128 135 134 122 128 138 133 137 168 196 160 141 127 120 113 114 86 81 83 98 107 86 73 83 76 82 74 79 83 85 87 78 69 90 96 96 92 117 147 142 131 133 129 123 117 122 122 121 122 118 113 121 122 122 118 122 120 115 114 108 108 113 116 110 112 118 117 110 113 114 112 115 107 109 120 114 111 115 113 106 110 111 111 103 103 59
109 111 110 104 109 110 109 106 108 106 112 105 103 120 115 112 109 111 113 111 113 117 116 118 121 128 124 121 115 126 125 116 120 124 121 126 124 121 128 135 125 123 132 127 126 125 126 130 138 135 171 191 165 142 128 117 115 105 93 87 79 100 91 90 85 87 79 73 84 72 83 90 88 77 77 84 94 100 83 100 151 153 143 127 128 117 125 121 124 124 128 125 115 117 114 115 116 115 115 123 118 116 112 120 117 115 121 111 117 119 119 124 114 112 120 119 115 114 114 113 119 107 104 103 97 99 94 57
103 105 106 102 107 97 108 104 105 103 108 111 110 110 103 107 111 110 116 121 112 117 125 117 117 122 124 123 117 120 122 124 122 126 124 120 123 124 130 126 127 130 125 125 120 130 130 128 130 143 168 198 163 146 127 118 120 100 104 86 104 67 85 87 82 79 68 78 74 82 102 75 75 73 84 92 105 96 91 120 142 141 128 126 129 118 123 123 118 122 123 124 124 118 120 118 114 118 123 118 118 113 112 116 118 122 117 121 119 124 128 126 122 120 122 120 123 120 113 115 113 111 109 101 88 91 84 54
105 98 102 96 106 103 104 103 103 108 99 105 110 110 104 108 112 107 109 111 116 120 117 124 120 116 120 120 122 117 113 118 123 118 118 116 117 117 126 123 125 126 122 125 122 121 128 132 134 132 164 187 153 143 138 117 104 109 93 67 88 88 80 75 84 75 78 72 83 83 85 75 73 81 80 85 81 101 85 96 136 157 140 133 127 127 126 122 120 122 125 123 120 114 123 119 119 119 125 127 126 117 128 123 122 128 131 136 130 133 130 128 130 131 127 130 126 123 121 114 105 106 100 84 87 81 81 51
106 103 103 101 104 99 107 114 107 102 100 110 104 108 112 113 111 116 111 112 115 109 115 119 119 120 117 117 115 121 115 113 113 114 112 108 116 114 113 115 123 118 123 120 119 117 124 124 122 136 148 182 154 136 139 123 116 85 77 87 92 100 104 77 71 81 69 77 83 83 85 85 83 88 83 67 82 105 110 99 129 154 143 134 132 129 121 122 123 118 117 125 122 117 118 111 120 124 126 128 130 123 135 138 133 136 144 145 145 144 144 144 146 141 137 143 129 131 123 118 106 104 94 93 80 75 79 47
94 98 102 101 103 96 106 113 106 105 110 111 108 113 114 116 105 114 115 108 109 109 118 118 116 114 116 113 121 117 111 111 115 109 112 105 107 109 110 113 115 117 118 119 120 121 118 121 132 127 138 174 163 144 128 117 88 95 108 74 70 80 90 84 77 75 81 69 69 74 72 59 80 82 86 86 89 96 98 106 111 147 133 122 119 121 119 115 113 119 117 119 116 116 121 113 119 134 135 135 134 137 137 141 151 156 153 151 152 161 160 160 150 152 151 157 138 136 124 120 113 98 96 84 79 69 70 39
100 100 100 98 95 98 103 101 101 106 110 109 108 111 107 111 108 111 112 109 115 117 112 115 116 117 111 111 109 111 118 119 116 111 111 107 110 115 109 110 114 114 111 118 121 116 119 120 126 120 131 170 169 128 110 101 96 112 102 84 87 74 76 84 71 76 84 73 81 76 79 89 78 80 84 85 87 92 98 100 123 145 130 116 115 112 114 116 109 113 116 115 110 110 116 116 127 128 134 140 146 143 152 153 164 171 172 162 170 174 165 167 162 162 164 158 146 139 127 116 110 99 89 79 76 74 66 42
100 95 96 97 98 90 96 105 103 106 110 105 104 108 113 113 111 111 118 108 114 112 121 114 114 114 108 109 108 114 119 107 109 102 108 105 107 102 105 103 110 112 112 111 118 116 118 117 115 119 128 160 174 136 124 113 107 113 103 87 82 76 72 84 78 82 83 86 77 90 81 67 73 76 77 70 77 92 96 98 123 142 141 133 125 113 115 110 107 107 103 112 113 107 118 114 122 134 139 144 149 157 156 169 180 184 176 174 182 181 178 174 175 174 162 156 151 135 130 118 111 101 90 80 74 65 64 37
93 95 90 96 97 92 93 98 99 100 103 105 102 109 109 113 111 119 111 107 112 112 124 121 112 109 113 114 105 113 109 104 105 105 113 107 107 105 108 111 109 109 109 108 108 114 126 117 107 120 129 149 178 150 135 128 119 106 105 111 93 91 83 81 77 77 86 84 79 63 73 73 76 75 87 81 81 80 95 94 113 145 136 123 115 107 105 107 106 102 103 101 103 105 121 122 132 137 138 153 155 169 171 176 180 183 180 183 189 182 187 183 182 172 166 166 158 147 136 118 115 104 89 76 72 62 67 42
90 94 91 96 89 97 100 101 100 99 99 103 105 105 103 98 106 114 109 108 114 111 117 111 116 111 106 110 108 104 108 107 105 114 104 103 109 113 109 103 115 104 108 111 115 111 116 118 109 111 125 146 176 152 145 130 105 103 105 92 92 92 84 81 72 82 78 81 84 76 65 78 77 72 79 79 74 86 91 92 110 130 115 110 103 100 95 95 99 100 100 100 96 108 120 123 136 143 148 156 160 172 175 184 182 183 188 199 188 187 189 182 184 178 176 171 159 158 144 133 119 108 93 80 78 68 69 41
84 86 87 90 90 92 95 100 102 101 101 100 110 104 104 100 103 109 110 104 107 114 117 113 111 109 109 108 106 102 108 107 110 108 105 110 108 102 105 108 112 112 112 107 111 110 109 110 110 111 114 151 181 154 134 116 111 101 96 102 88 72 79 74 92 82 81 78 76 83 83 79 81 77 82 66 78 87 86 97 115 138 116 105 96 97 87 89 94 93 98 90 98 110 117 124 140 146 149 162 164 167 179 174 178 181 182 185 182 187 184 181 182 181 173 167 161 157 145 134 131 113 100 96 87 81 75 46
87 87 93 92 92 89 92 94 96 92 96 94 97 101 107 105 101 106 107 106 110 107 109 110 109 108 107 107 102 99 110 110 107 107 104 107 106 104 101 110 111 117 106 113 113 116 114 107 111 112 122 145 178 159 133 132 114 101 96 88 82 77 81 78 73 73 80 82 71 91 78 70 76 91 93 79 90 72 92 109 115 127 120 102 100 96 86 85 84 83 85 89 100 114 121 128 137 147 152 155 166 162 167 175 175 172 176 175 175 183 176 177 176 174 166 162 156 156 146 143 125 116 107 102 95 88 78 51
90 88 95 93 87 91 85 88 93 96 95 101 100 100 106 104 102 108 113 105 108 103 101 106 104 108 103 102 98 99 100 103 103 106 106 101 100 109 101 101 109 109 107 110 107 110 115 109 108 107 115 147 177 161 138 119 115 95 92 104 91 79 77 77 72 81 76 83 76 76 80 72 76 72 75 82 80 80 95 105 119 133 104 85 93 79 84 84 83 81 77 98 104 113 112 128 138 143 151 151 161 159 165 172 169 167 165 167 164 165 168 170 161 161 158 158 157 157 144 137 134 125 112 109 95 85 79 45
96 85 92 92 83 84 90 88 93 88 93 97 98 103 108 102 104 101 106 105 108 106 102 105 103 103 100 98 103 106 101 105 113 99 97 101 104 98 99 98 103 99 100 102 112 111 104 102 107 102 109 137 185 163 143 130 115 97 97 97 84 70 81 67 71 86 86 76 89 91 77 66 66 74 71 63 76 82 95 89 111 127 111 100 85 79 81 74 77 80 82 97 99 103 109 123 127 131 143 150 156 157 160 157 159 156 157 157 157 154 148 158 159 156 154 151 153 143 145 132 123 120 110 101 96 86 80 46
91 92 89 90 87 85 90 93 87 92 95 97 100 99 98 99 100 96 98 103 103 105 102 100 100 101 96 97 98 98 106 97 108 100 94 102 103 97 98 102 99 99 104 96 99 101 101 103 105 114 119 138 174 159 124 115 117 106 95 72 83 65 71 69 70 74 74 75 78 80 78 67 65 68 57 78 73 69 93 90 117 126 98 82 82 76 77 76 75 80 85 88 100 106 117 118 125 132 146 139 148 142 146 146 147 152 144 149 143 141 138 135 139 144 144 146 141 138 132 132 117 108 98 92 85 80 79 53
87 92 82 86 86 81 86 89 91 91 82 86 94 97 94 99 95 95 96 94 96 100 96 104 98 91 97 101 100 99 98 102 101 100 97 106 99 94 93 95 101 104 97 97 101 103 105 101 105 113 119 157 175 146 127 123 108 118 91 81 82 68 71 65 65 72 84 71 72 66 77 65 73 61 57 75 64 65 89 92 111 124 103 82 72 77 79 78 78 82 89 98 99 102 108 117 127 131 127 134 138 137 138 140 143 135 138 138 125 126 130 127 122 122 122 120 124 123 115 117 107 101 88 79 78 75 71 48
78 77 84 81 84 86 80 89 87 81 85 90 93 94 92 94 99 91 97 99 89 94 98 103 103 97 96 104 104 108 97 98 95 103 103 103 97 94 100 98 92 96 99 105 95 103 100 97 97 110 113 157 175 146 135 115 120 106 97 88 74 69 64 61 68 64 84 74 62 75 71 70 69 69 70 78 76 73 80 105 106 115 106 93 82 78 76 83 83 85 88 96 100 102 108 113 117 122 123 125 130 133 128 126 130 127 124 122 118 112 116 115 105 106 103 100 103 98 102 98 89 79 77 74 71 69 66 40
74 80 82 78 80 83 86 82 86 87 88 84 94 95 91 92 92 96 97 96 94 97 99 95 96 100 97 96 97 103 104 104 99 98 102 102 98 96 99 99 96 88 96 99 98 97 98 97 93 106 112 161 171 142 135 115 114 99 112 92 76 59 72 74 60 68 74 79 79 69 67 67 64 60 65 80 71 77 77 91 104 118 106 92 77 82 83 76 83 87 88 97 96 102 113 115 119 120 120 116 125 128 122 126 124 119 121 104 106 102 100 97 92 84 83 83 89 89 75 81 70 67 66 66 58 59 59 45
84 79 80 84 87 84 86 83 86 88 93 87 79 82 87 90 89 82 88 89 90 100 97 86 96 92 90 101 100 101 103 102 99 101 98 96 101 100 99 95 87 90 95 100 100 96 97 98 101 109 112 149 161 146 137 106 102 82 95 74 67 62 71 68 71 76 81 72 62 71 77 60 58 69 65 62 64 65 79 94 105 118 108 91 82 85 83 79 75 89 88 98 100 107 111 112 113 111 117 115 115 119 116 121 119 113 104 97 95 98 88 86 77 70 69 60 62 60 62 59 55 60 54 51 58 58 58 41
88 85 81 92 85 82 84 88 79 87 89 84 82 76 82 81 88 83 83 85 87 89 82 86 96 97 91 99 96 93 99 99 92 91 93 101 92 95 95 90 89 96 93 96 95 92 100 91 96 110 117 138 170 150 130 123 112 94 78 67 68 69 76 70 82 69 68 68 70 66 76 63 68 66 69 69 70 72 75 74 98 123 106 88 80 77 90 91 95 99 98 105 102 109 108 107 107 104 111 108 112 109 113 105 106 107 100 90 84 81 70 65 62 53 57 48 48 43 45 43 45 45 52 53 55 62 62 46
83 79 77 84 82 86 81 79 85 85 82 84 87 84 87 83 79 81 80 82 78 81 83 84 84 84 86 94 88 92 99 100 90 87 86 95 92 96 95 94 95 98 95 90 97 99 103 96 102 102 108 140 175 149 136 118 91 82 85 85 69 75 80 70 65 73 58 76 72 65 73 63 56 58 65 75 73 81 80 73 102 123 114 109 97 94 102 102 100 111 108 101 106 105 104 108 106 109 100 105 102 94 97 94 89 89 79 73 70 64 61 56 59 47 47 36 33 40 35 34 36 42 45 54 59 66 61 46
79 78 82 86 81 85 76 77 76 75 88 83 83 83 86 82 77 80 78 77 80 82 83 86 83 80 91 87 90 91 84 86 84 88 92 96 92 83 96 91 93 98 100 96 96 97 103 103 102 104 104 134 170 150 113 97 91 75 95 74 67 74 68 71 82 72 75 59 57 66 63 66 52 69 62 69 69 85 82 93 117 128 121 107 103 106 108 106 106 114 117 115 118 106 114 110 105 92 91 91 96 90 83 78 80 71 69 63 60 52 52 51 45 40 39 35 28 25 30 34 41 49 53 54 63 73 65 52
