34 61 65 68 67 66 64 70 65 71 72 85 72 80 67 70 75 79 70 75 84 79 81 80 83 82 83 86 79 77 81 70 68 84 79 85 82 81 83 80 77 81 88 85 83 70 86 87 81 84 90 84 82 86 79 80 89 81 81 84 81 85 86 79 77 83 77 78 78 79 77 76 87 82 81 88 84 85 77 80 84 80 83 79 83 85 85 75 79 83 82 86 84 81 81 83 88 86 88 78 83 87 92 91 86 82 80 86 89 88 91 90 83 88 83 79 80 78 79 78 71 77 76 72 75 74 68 74
46 74 71 72 71 78 81 78 73 71 78 77 81 80 83 77 78 80 76 82 83 79 74 82 82 75 83 88 81 85 90 94 88 85 92 84 89 87 91 94 90 83 83 88 93 89 88 89 87 88 90 88 87 85 82 90 94 84 86 89 90 86 83 90 91 85 91 90 90 84 82 92 92 84 100 90 85 89 90 86 89 90 86 97 93 97 89 88 91 90 91 86 87 87 84 86 91 93 84 82 93 93 84 90 86 92 90 92 87 87 85 94 88 83 89 87 86 93 87 92 84 88 88 85 91 89 86 87
69 82 78 78 77 81 79 76 86 78 80 81 83 79 83 81 79 74 84 86 78 78 86 82 82 81 84 85 87 88 86 87 90 91 85 85 86 87 83 89 92 89 88 83 93 91 90 87 85 83 95 92 92 88 87 86 89 88 89 91 89 91 80 91 94 91 90 91 89 96 95 91 85 85 90 93 84 89 90 89 89 86 88 87 87 92 89 95 91 86 88 89 92 91 90 87 92 92 86 87 90 87 94 90 87 93 87 88 88 88 85 92 85 86 87 82 89 89 85 92 91 94 94 92 87 87 95 90
77 73 79 79 78 76 79 83 87 79 81 80 80 80 82 80 87 83 87 90 85 83 88 87 88 80 86 81 80 79 83 87 83 89 83 87 84 93 88 86 93 92 89 95 88 91 88 84 88 83 85 91 90 87 88 82 87 90 92 92 87 80 84 93 89 90 83 85 93 94 89 85 86 87 94 88 92 90 87 91 95 86 89 88 91 94 95 91 91 92 82 91 86 87 95 85 95 86 91 98 89 87 86 94 94 84 90 94 90 86 89 87 92 92 92 93 91 88 90 89 94 90 93 90 91 95 86 88
62 79 79 79 79 74 77 80 82 82 85 80 77 90 77 73 79 81 83 88 83 82 82 88 82 88 88 86 79 84 83 84 84 90 90 83 87 88 84 86 86 96 93 86 82 91 86 88 86 92 93 89 89 86 94 93 88 90 94 92 87 89 86 88 89 93 92 88 92 90 88 94 89 93 90 90 86 97 92 90 98 83 86 96 92 89 95 88 89 97 90 91 90 94 86 89 88 88 87 89 94 84 86 91 88 88 87 91 96 93 91 90 93 95 89 92 91 90 93 91 94 88 90 91 88 93 89 93
64 79 75 83 79 84 76 82 79 84 85 81 77 82 77 80 85 83 85 88 81 81 84 83 81 86 87 94 91 94 85 89 88 92 89 86 86 86 89 85 90 88 88 87 86 87 88 97 94 92 86 85 91 84 81 90 95 94 82 93 92 94 91 86 90 90 88 89 92 95 93 87 95 85 86 93 92 93 93 93 88 87 83 98 92 92 93 96 88 93 92 90 83 92 85 94 85 87 87 79 88 93 90 89 89 90 87 97 94 89 93 90 88 86 91 92 86 92 97 95 91 87 93 92 92 91 91 93
69 79 76 77 76 79 76 73 78 84 83 80 79 84 82 83 78 87 91 88 89 85 81 86 89 91 86 84 88 88 85 97 82 90 90 94 86 88 87 88 94 97 88 94 90 86 92 90 87 94 90 86 80 88 91 89 87 88 93 91 89 92 90 87 95 96 88 94 92 94 87 86 89 86 95 92 89 85 91 95 86 88 96 84 91 89 93 94 91 89 89 91 89 88 90 98 92 93 88 91 87 90 90 90 89 94 92 93 88 88 84 90 94 87 93 92 87 91 94 85 87 89 91 96 91 86 92 91
75 79 78 83 83 81 79 79 80 85 83 81 75 82 89 86 81 84 82 85 83 86 84 83 85 89 82 82 83 85 84 88 91 87 89 86 87 89 92 90 97 87 91 87 89 92 95 87 95 92 90 95 99 91 91 92 91 92 93 88 90 87 93 99 100 94 85 94 87 96 91 91 91 87 91 89 89 88 92 95 91 99 94 85 91 93 96 92 95 90 94 93 93 94 94 92 97 102 90 91 89 89 90 90 93 97 92 86 85 95 90 80 91 88 85 93 95 95 91 87 90 97 95 97 94 90 89 97
75 74 78 83 84 83 84 80 82 81 72 84 81 78 88 82 88 80 78 84 90 86 87 88 87 87 87 86 88 89 90 87 91 87 87 91 88 88 90 89 84 82 84 88 90 88 90 87 94 88 84 88 92 94 84 95 88 88 97 91 89 94 93 94 95 95 88 87 95 98 88 96 93 95 91 92 90 90 86 94 88 97 91 95 92 98 95 89 94 94 95 92 92 94 90 92 93 91 92 90 97 90 88 94 94 93 89 92 93 94 91 91 89 92 93 95 89 97 97 91 85 83 92 89 95 89 86 89
72 79 82 82 81 74 87 85 83 87 80 84 83 77 82 77 78 81 87 82 88 83 83 91 85 86 93 93 89 91 94 93 90 96 93 87 91 92 88 90 93 91 95 98 93 91 91 97 92 89 87 84 91 94 95 87 89 89 90 98 97 89 95 93 92 90 91 91 89 93 99 97 92 89 91 93 94 96 92 90 93 92 93 93 93 94 99 91 91 86 96 96 96 91 90 93 95 91 93 93 85 89 89 92 94 90 91 98 98 90 91 90 90 91 92 95 91 92 90 90 88 89 91 92 92 92 89 91
77 81 80 83 79 80 79 83 85 88 76 80 81 75 83 92 89 91 91 87 84 83 83 89 84 84 85 87 81 88 92 90 89 95 91 88 92 92 92 89 90 93 87 111 101 90 89 90 90 90 84 87 94 91 86 90 94 91 91 88 92 85 93 96 86 91 94 98 95 97 96 96 92 94 92 85 93 88 92 95 97 88 88 85 94 91 91 94 93 92 94 92 94 92 87 94 94 89 88 94 89 93 92 96 98 91 93 96 97 85 97 91 94 90 94 95 93 89 92 96 96 100 94 89 93 94 85 89
78 81 82 80 78 85 85 81 84 84 79 85 82 76 88 91 89 89 93 82 92 95 91 83 85 93 88 88 87 97 96 82 85 90 95 97 98 92 88 84 85 89 106 180 174 139 126 138 131 108 98 95 89 96 89 92 100 100 97 92 86 90 96 89 93 94 100 93 91 102 95 100 95 86 94 97 90 95 91 97 96 94 94 96 91 92 101 89 96 90 85 90 91 97 96 92 97 98 97 96 91 94 94 102 94 89 91 88 92 90 97 97 95 93 90 92 93 94 91 92 94 98 92 90 94 88 90 91
82 82 83 79 84 74 83 85 80 83 85 80 79 86 87 87 86 81 87 83 87 84 89 84 91 90 85 87 92 92 92 86 88 94 92 84 86 82 84 91 87 118 170 170 183 190 170 189 195 184 181 171 98 92 97 93 93 99 100 92 91 92 98 91 96 92 85 94 98 95 95 98 96 96 99 103 102 102 100 98 98 93 95 102 98 96 98 94 91 95 92 91 96 96 96 91 90 103 97 93 90 90 89 90 88 88 89 92 93 91 85 97 96 101 93 89 91 89 95 92 92 93 96 94 95 88 97 88
84 81 76 76 79 79 80 82 85 88 92 86 84 81 86 85 86 85 84 82 83 82 85 87 91 91 90 87 89 85 92 89 85 91 89 90 86 91 93 88 86 105 139 144 171 166 170 174 180 167 138 131 97 86 88 94 99 104 96 97 93 98 98 91 96 97 88 97 93 89 99 99 97 96 94 102 96 95 91 92 93 96 94 95 93 96 96 98 91 94 98 92 92 94 93 95 94 100 98 95 93 94 94 93 97 91 90 97 96 94 90 96 98 97 97 93 94 94 93 90 99 94 93 93 94 102 95 99
86 83 84 76 81 78 85 88 87 87 89 86 87 85 92 90 93 85 80 87 86 85 89 95 86 96 86 89 87 91 88 92 85 87 92 99 89 87 94 94 97 117 78 91 116 112 141 143 126 142 146 151 156 146 133 93 97 96 93 91 92 91 98 101 100 104 102 93 97 99 98 91 91 98 95 96 97 95 94 99 91 92 96 99 98 98 96 89 97 97 95 95 94 90 93 101 103 97 93 93 99 95 92 96 98 103 93 91 92 94 96 93 93 97 92 92 100 93 91 93 91 96 93 96 96 93 93 94
83 77 84 81 84 79 79 81 84 81 79 83 93 89 90 93 85 85 87 90 93 90 84 83 95 92 89 89 90 90 87 86 97 97 97 93 96 94 87 90 87 137 80 147 209 172 166 176 175 176 195 196 208 210 203 135 115 98 96 94 95 94 101 97 98 150 175 178 179 169 168 157 107 96 96 97 96 92 101 104 98 95 95 99 103 90 96 92 89 97 91 94 100 101 90 96 95 89 99 99 92 93 103 97 92 94 97 97 96 95 95 94 95 93 93 98 93 95 100 96 98 92 93 98 93 93 97 97
81 78 74 89 79 79 81 82 88 82 83 80 87 92 86 87 91 92 90 94 89 91 93 94 86 86 91 93 97 94 87 95 97 96 91 93 91 90 93 97 90 110 84 133 163 195 208 191 174 162 125 91 94 107 134 178 154 100 99 98 104 97 99 94 119 146 175 186 182 168 148 126 113 104 102 104 94 93 99 103 99 97 96 99 97 97 93 94 101 99 91 90 96 97 95 97 100 92 94 95 97 93 101 96 93 91 97 101 97 93 92 94 96 89 92 101 91 90 94 96 94 92 98 97 99 92 90 88
86 74 74 81 80 88 77 75 85 83 87 86 84 88 85 88 92 95 86 87 90 93 87 89 83 89 88 91 87 94 93 95 90 85 95 92 93 95 92 93 99 85 94 69 64 112 173 190 202 208 200 177 116 70 75 94 95 95 89 90 94 91 89 107 126 83 66 75 68 65 84 94 102 103 100 98 94 102 100 101 100 102 90 102 99 99 100 95 98 98 90 95 93 90 99 100 95 97 100 102 96 100 99 97 98 98 98 97 95 100 105 97 94 93 97 98 96 101 97 92 95 96 95 100 96 89 92 87
85 83 80 80 83 79 79 84 84 85 89 94 89 84 85 89 88 94 92 88 91 90 85 91 82 91 94 97 89 90 97 95 93 89 92 94 96 93 90 93 93 99 89 56 49 53 107 155 153 160 185 205 207 192 158 112 118 142 163 160 106 139 151 164 112 54 65 123 141 126 86 99 123 125 115 114 114 110 111 108 107 103 103 96 95 99 99 101 102 91 97 95 97 98 101 95 94 99 99 96 99 101 98 103 99 88 92 94 93 92 100 96 96 101 97 95 97 95 96 98 101 95 97 95 95 98 98 97
77 83 80 84 84 79 81 88 80 81 84 84 89 87 86 84 86 93 93 96 94 96 92 90 89 92 93 96 94 90 92 94 92 95 95 93 94 95 96 100 112 116 80 43 47 58 48 55 59 105 152 158 146 182 202 198 181 189 197 211 149 203 209 208 170 71 61 136 174 164 105 111 198 208 212 204 205 197 204 204 186 185 201 195 188 179 184 118 95 96 97 95 98 103 96 96 97 98 97 97 99 93 92 97 94 89 92 98 99 97 97 98 96 102 101 93 107 96 95 92 100 97 95 92 95 96 95 99
88 79 80 87 89 87 85 86 83 91 86 86 86 90 89 89 98 93 90 85 94 96 91 97 92 90 97 92 93 95 91 90 92 96 95 98 93 95 95 103 128 98 45 37 53 76 57 52 52 51 55 77 91 132 150 163 174 180 185 196 194 200 207 203 208 127 104 143 160 150 138 168 206 209 210 210 206 208 213 215 212 200 200 211 209 207 216 150 90 100 97 98 99 107 102 89 98 97 100 98 101 96 90 95 95 97 102 104 101 98 103 96 100 98 99 91 96 95 99 103 98 96 99 95 91 97 96 100
79 83 87 87 82 89 89 87 89 93 90 91 93 90 83 85 97 93 95 94 98 86 91 90 89 100 96 86 97 94 93 95 103 94 95 101 98 95 95 111 131 69 40 39 91 158 98 64 50 54 49 45 48 55 82 81 118 157 173 190 189 200 204 210 211 178 137 170 152 145 171 217 210 210 185 193 203 205 206 210 205 189 200 212 207 197 205 170 97 98 97 94 94 98 95 93 98 102 102 102 96 100 93 98 100 102 97 96 96 96 102 101 101 93 97 100 92 93 96 99 99 98 94 96 97 95 97 101
87 85 90 90 83 86 80 84 88 92 87 92 95 90 86 81 91 99 88 90 95 87 87 91 86 93 95 96 94 91 97 95 92 95 90 97 97 88 100 136 102 46 40 42 132 193 188 140 92 74 61 59 53 47 41 50 65 99 130 138 160 178 205 212 214 181 119 130 119 154 171 201 201 212 200 197 207 211 208 213 203 182 203 209 211 208 199 162 95 94 98 100 99 104 96 97 95 96 101 101 96 108 101 101 103 104 94 90 96 95 95 94 96 102 103 100 103 100 101 100 96 96 96 97 98 102 96 93
80 87 84 88 82 89 90 88 92 92 89 90 92 89 92 84 87 88 98 93 92 97 89 94 93 94 93 94 96 95 91 91 91 98 95 95 98 97 115 132 68 40 38 48 154 189 194 176 154 137 131 92 92 71 46 43 49 48 49 67 103 147 204 197 196 189 181 161 148 151 138 189 209 210 209 220 216 211 210 212 208 197 202 213 210 209 203 191 106 94 97 104 99 106 102 103 100 97 104 99 95 98 104 105 100 103 98 101 97 104 103 98 106 103 99 98 97 98 101 99 100 98 101 97 98 98 100 98
84 89 86 84 84 87 90 89 87 88 91 90 93 89 89 93 92 89 94 93 91 92 91 91 101 96 89 96 101 99 93 91 96 98 96 95 100 102 130 100 51 43 40 92 179 188 186 178 190 175 188 163 162 149 89 70 49 48 50 55 50 76 146 190 188 155 177 189 195 184 170 184 203 216 207 208 209 212 209 215 205 180 205 213 206 201 195 194 113 123 118 101 91 102 102 101 103 97 95 98 99 99 95 105 100 101 107 104 100 101 100 104 102 100 93 94 95 94 99 95 92 97 95 98 90 99 99 111
90 80 78 85 81 90 84 83 88 87 90 91 92 90 91 89 86 95 90 89 98 91 95 98 99 96 98 99 100 96 98 95 91 102 100 100 97 113 112 57 38 39 57 127 184 191 195 184 176 151 161 174 167 173 158 134 105 76 75 72 63 68 66 119 116 72 107 132 167 202 212 205 196 201 202 200 208 213 207 204 212 201 209 217 208 201 199 176 144 182 183 153 116 100 100 103 100 101 99 100 99 99 99 100 102 94 96 99 97 101 106 102 108 99 91 100 102 96 100 95 92 102 95 94 92 97 99 104
84 85 84 86 86 95 89 87 87 92 94 88 92 87 86 90 89 103 89 87 94 89 96 93 94 95 92 95 89 94 95 98 103 97 96 97 99 129 91 46 32 47 93 144 178 199 190 193 194 157 135 177 187 168 163 149 150 144 144 134 98 80 137 171 111 56 53 60 71 129 164 168 186 204 209 201 201 208 205 209 210 212 203 214 205 203 202 177 176 202 189 184 170 114 97 104 95 105 104 106 104 101 97 101 99 97 100 99 99 102 106 98 105 103 101 98 100 95 98 102 96 104 104 104 101 98 97 99
82 89 88 91 90 86 96 93 92 90 94 92 92 89 89 89 99 97 102 95 89 95 95 89 94 99 96 93 95 98 95 97 97 94 94 96 123 110 54 39 42 76 113 123 140 158 171 181 193 207 205 204 187 179 175 154 162 169 169 162 166 151 165 186 164 85 48 51 51 58 75 89 122 168 175 193 207 192 185 208 206 203 210 207 212 203 203 185 175 195 179 184 187 137 97 105 96 100 101 107 100 104 104 99 102 100 104 102 106 100 95 97 104 102 109 95 102 99 101 104 98 98 102 103 101 98 99 101
89 84 85 88 96 87 87 86 93 95 90 95 100 91 92 94 91 94 96 93 93 86 102 97 98 96 100 102 93 105 90 94 93 98 94 104 131 73 40 37 49 111 131 115 139 198 176 161 166 163 161 182 197 189 180 160 185 166 174 162 172 195 175 185 201 161 96 62 48 42 43 41 55 85 104 114 172 166 177 192 203 200 198 213 214 199 206 190 179 195 187 204 196 174 155 127 163 120 96 105 102 106 100 102 103 95 105 105 107 104 105 103 104 103 101 96 104 101 104 99 103 100 102 103 96 96 98 102
87 87 86 88 84 88 94 86 94 95 92 89 90 91 97 95 94 96 97 97 95 97 94 98 99 95 93 94 96 97 100 99 101 99 97 124 114 55 35 39 76 156 125 103 157 214 213 209 220 198 181 159 155 177 181 195 190 185 192 180 175 158 160 191 194 168 163 117 93 53 46 46 43 48 48 65 87 83 131 172 179 175 187 195 206 203 206 199 187 198 197 181 191 190 199 188 185 177 109 92 103 108 103 101 105 106 110 107 101 103 105 101 93 101 101 100 105 101 102 99 104 100 98 105 101 97 100 106
84 84 84 87 83 92 89 92 89 91 91 95 94 88 93 95 92 97 91 91 99 102 99 97 91 94 96 94 100 103 96 98 106 101 111 135 72 43 38 62 87 170 116 151 166 207 206 202 214 195 202 201 171 152 135 162 158 174 190 188 181 159 113 144 195 174 177 171 172 123 76 84 65 52 53 56 53 54 61 97 107 133 175 177 175 190 205 203 189 206 206 197 189 178 181 187 191 189 181 147 147 111 104 103 107 105 104 102 101 100 100 101 103 99 107 102 105 102 100 105 101 101 97 103 102 103 96 101
90 82 86 88 85 88 92 95 89 94 90 90 95 86 92 93 102 99 103 95 95 96 98 99 93 97 97 97 95 102 102 97 99 100 115 102 43 40 43 92 157 149 141 157 164 194 202 208 206 189 203 203 205 203 203 208 193 165 151 134 180 191 180 170 180 188 183 176 165 147 123 117 150 106 73 59 62 61 51 49 57 65 98 120 148 172 156 193 188 179 205 195 178 177 186 189 186 174 181 184 196 197 141 97 108 104 103 108 105 106 105 101 101 104 104 99 109 103 105 105 103 103 97 107 108 105 105 95
88 87 89 85 91 90 90 93 90 89 93 98 98 91 96 91 94 94 98 93 96 99 95 92 100 106 100 97 93 101 104 101 98 105 101 64 35 43 61 142 173 124 152 150 188 194 215 215 197 196 204 211 207 207 197 207 210 209 196 142 140 150 149 174 174 198 192 175 171 154 127 126 172 158 128 129 122 126 70 51 48 54 46 49 89 108 101 159 172 158 194 188 184 179 179 174 188 181 181 157 196 198 204 175 108 110 144 173 145 101 100 103 99 101 104 102 104 106 108 105 103 102 106 98 101 99 96 97
89 90 86 85 90 89 91 97 88 89 91 93 97 93 95 97 96 98 97 95 98 103 96 95 101 95 95 101 101 104 104 103 100 103 102 84 52 48 101 185 138 140 159 152 184 190 203 206 207 184 202 208 211 205 203 215 211 210 211 186 184 201 182 179 156 166 195 193 181 144 127 147 177 166 150 165 172 152 137 101 83 57 50 47 49 46 61 96 99 125 168 181 184 185 188 186 187 189 189 170 194 201 209 212 186 150 129 131 182 144 103 106 103 102 106 104 101 101 106 101 96 99 107 102 108 108 98 102
89 93 88 90 83 91 91 94 91 95 95 91 95 92 89 98 99 100 100 97 93 104 101 96 95 101 101 105 100 97 99 105 104 102 95 105 90 61 130 162 133 164 151 150 150 170 174 179 188 189 199 207 211 209 209 216 215 208 212 195 190 207 207 207 206 177 155 153 154 169 186 165 190 170 163 173 164 164 147 140 101 82 85 72 49 55 55 48 54 77 107 134 185 172 183 194 194 203 188 170 198 205 208 209 197 165 92 100 121 127 110 110 103 106 108 110 105 97 104 103 106 109 105 104 103 108 95 99
92 83 92 91 89 92 87 89 89 92 96 94 94 94 95 95 96 92 100 100 99 103 101 103 102 97 105 99 101 100 99 107 101 101 97 107 88 73 149 138 150 154 160 137 98 132 134 150 172 192 195 177 156 204 219 221 220 209 213 194 207 206 212 219 204 198 182 177 178 159 146 140 132 170 184 159 156 174 171 149 132 124 141 128 100 89 55 57 58 58 46 132 179 163 158 166 186 191 205 168 192 213 204 202 133 180 113 74 103 105 108 111 105 103 103 109 106 99 104 109 105 105 104 102 106 107 103 105
91 92 90 85 96 97 89 88 90 93 92 90 97 98 96 94 95 97 98 97 100 105 106 99 95 96 97 100 97 107 97 103 102 105 103 110 106 143 146 138 155 158 160 97 106 157 132 130 135 114 155 129 44 67 104 152 194 216 213 198 203 209 209 210 208 202 195 201 202 207 199 182 139 171 188 174 156 173 188 159 158 150 136 142 148 143 110 86 92 70 60 104 152 111 78 87 112 158 174 175 191 186 192 201 206 208 180 107 104 105 110 109 113 105 107 104 106 103 101 105 101 108 109 104 105 100 106 106
83 92 94 90 88 91 87 92 92 93 101 97 93 94 92 98 102 93 93 97 106 99 96 97 101 99 98 95 100 100 101 105 101 102 124 125 143 171 112 156 163 158 120 79 117 135 121 108 98 60 52 52 43 54 49 43 104 203 147 167 195 207 203 207 213 212 205 201 203 212 204 205 185 191 195 193 186 184 183 165 151 163 143 151 156 152 153 154 144 136 126 174 156 78 45 44 50 78 124 181 182 163 182 196 199 193 200 190 172 164 102 105 110 101 111 108 103 106 108 105 106 104 105 105 104 104 103 97
89 89 92 86 87 86 91 99 91 89 92 94 97 93 92 99 100 90 97 101 100 99 99 92 107 103 102 95 100 100 103 97 99 98 150 160 166 130 144 155 156 123 66 63 115 158 151 106 78 68 56 49 49 39 41 54 100 161 115 62 135 187 200 202 195 189 216 210 216 216 207 207 191 196 203 200 194 188 171 144 148 166 178 173 172 167 144 162 167 164 178 180 182 162 85 49 54 54 121 147 138 130 151 154 174 187 173 194 213 198 163 120 104 107 106 105 100 111 102 107 104 97 106 103 100 107 107 104
92 90 93 89 91 88 88 89 98 95 95 97 98 93 93 98 95 93 95 99 90 98 103 99 103 99 98 100 105 96 96 105 101 124 177 161 160 139 159 160 116 54 64 64 133 152 160 157 118 78 114 95 73 55 48 64 56 45 137 159 171 163 200 114 84 104 175 220 219 215 209 200 190 199 208 203 204 195 181 187 195 185 194 169 130 177 156 170 161 167 161 175 183 191 153 97 92 73 135 134 73 56 66 80 137 149 168 165 201 210 191 132 137 118 108 117 147 123 137 117 107 105 105 103 105 105 110 105
87 94 87 93 96 89 91 93 101 97 96 97 98 92 98 98 102 96 97 104 92 97 103 100 107 103 103 97 96 103 109 106 111 163 190 142 130 154 158 171 86 52 52 63 135 153 159 177 148 128 154 124 72 69 60 69 46 65 115 153 152 63 82 65 48 58 64 93 147 191 204 190 184 193 212 208 203 201 197 197 201 193 193 184 169 184 167 161 154 140 169 177 178 186 171 139 158 167 179 175 123 47 48 53 58 65 113 137 190 191 195 186 170 155 129 138 165 180 157 166 127 103 112 104 104 110 106 103
86 92 90 96 85 90 90 90 94 95 94 87 95 101 97 101 103 101 95 96 97 101 102 102 94 105 97 105 95 101 103 107 136 174 184 139 135 157 154 179 132 51 34 73 153 162 168 181 140 154 151 91 52 53 53 73 73 78 95 105 87 58 53 66 57 53 48 46 46 67 183 196 181 198 211 217 212 216 204 198 204 194 192 189 175 185 188 168 165 159 170 163 166 184 185 146 134 179 189 183 184 111 83 56 47 46 49 77 164 168 163 186 192 198 173 99 73 135 180 151 185 137 112 110 105 101 103 106
82 89 95 94 89 96 96 92 93 97 94 95 100 103 96 101 97 97 99 100 103 100 98 103 104 108 102 104 102 104 102 106 159 163 163 133 156 158 157 105 68 64 49 87 158 173 178 174 134 143 133 66 65 67 62 60 101 125 151 143 116 61 55 62 54 63 57 48 51 86 137 174 185 181 135 157 189 205 211 211 211 196 199 196 175 189 191 197 194 190 196 164 141 157 163 164 151 160 184 184 193 172 169 129 96 81 58 80 70 60 76 85 145 177 206 179 151 105 135 159 161 181 146 107 104 108 111 109
89 88 94 93 94 92 96 98 99 93 96 97 100 99 99 97 100 105 97 100 108 102 100 99 104 100 101 104 104 100 115 141 173 169 130 154 147 161 131 59 49 55 51 87 150 167 178 172 138 152 95 66 64 67 60 61 126 150 156 153 148 62 49 49 43 57 60 52 50 66 56 91 136 150 87 55 72 90 142 180 216 220 203 198 177 203 190 190 191 190 203 207 197 165 109 191 175 176 185 191 189 191 161 167 165 154 134 146 137 57 49 48 51 74 124 152 160 180 184 175 156 135 122 107 107 108 111 110
92 91 93 88 100 97 89 94 91 97 97 101 101 100 100 94 98 101 95 100 108 102 105 101 96 104 107 107 105 106 123 184 188 171 159 163 156 139 92 73 91 63 46 108 162 168 183 181 141 123 75 78 66 60 59 69 137 164 176 177 155 61 40 42 42 38 47 55 59 65 76 118 121 132 114 56 53 53 62 61 89 140 197 202 193 208 200 200 201 200 207 196 200 196 179 207 184 157 175 201 191 201 170 172 173 166 172 179 176 130 75 75 47 48 41 62 75 111 157 187 185 171 122 108 111 106 114 111
100 91 95 92 87 93 95 91 96 102 99 106 101 100 98 99 98 100 101 99 102 106 102 102 103 104 106 107 108 103 143 176 164 136 163 170 123 69 61 88 122 76 42 109 171 171 187 184 148 125 73 66 53 59 62 72 142 169 176 183 161 71 49 39 47 44 48 63 65 70 98 129 137 108 71 46 47 44 44 57 45 84 186 197 195 202 208 214 206 199 206 195 201 203 193 196 199 199 185 164 163 174 172 182 183 176 180 180 182 177 169 150 112 82 53 58 37 46 70 90 146 170 138 107 107 110 107 109
98 97 97 94 90 90 96 94 99 104 96 100 98 98 102 96 106 103 104 100 100 105 102 99 108 105 113 113 106 104 159 175 140 152 157 151 65 54 52 135 148 104 56 106 160 192 186 186 159 115 69 59 54 58 57 72 151 167 169 166 175 84 49 52 45 44 46 56 54 108 127 163 170 121 46 51 49 48 45 44 50 93 84 137 172 187 206 144 149 187 208 171 202 198 195 199 197 202 200 189 192 186 191 157 167 180 189 187 183 188 192 175 161 162 145 136 83 56 46 49 57 80 109 114 110 107 105 113
91 97 103 92 93 95 93 94 98 100 100 100 102 100 100 98 100 99 103 101 102 101 107 100 97 108 110 105 113 172 181 157 136 155 162 98 41 53 54 151 162 123 68 118 165 190 194 197 163 112 63 57 48 47 52 68 151 169 172 175 188 87 48 49 47 45 48 48 63 129 155 169 166 142 40 37 45 47 44 55 58 61 76 145 162 112 127 78 45 69 85 90 164 202 172 181 205 196 193 194 203 215 206 182 186 187 159 170 195 206 195 187 170 154 159 171 173 129 114 90 81 114 108 107 109 107 114 115
90 93 95 92 92 93 97 97 95 97 101 95 103 100 106 105 102 103 102 105 105 105 100 103 106 109 110 106 138 179 171 126 154 160 169 132 50 51 54 152 163 138 73 123 170 186 193 185 161 111 54 53 55 44 48 63 159 179 181 178 187 90 43 51 52 51 47 45 60 129 154 174 173 150 48 45 46 35 44 62 59 52 93 117 114 82 49 52 50 48 48 48 132 185 172 180 209 215 207 199 193 207 213 184 186 200 203 184 156 156 178 176 168 151 158 188 191 166 183 183 118 110 114 112 109 113 115 117
90 93 93 95 100 94 95 99 100 97 98 104 100 98 97 102 103 107 97 103 106 101 101 104 107 111 102 122 172 180 152 153 167 164 135 93 64 61 66 147 149 140 86 122 168 187 187 192 156 106 50 45 46 49 38 81 150 180 180 187 191 95 41 49 50 54 49 50 64 139 157 185 182 160 58 47 47 33 48 45 61 77 139 151 124 58 47 46 45 44 45 81 107 124 175 186 207 173 175 214 213 214 212 187 188 208 216 205 190 192 187 158 134 170 165 195 197 173 181 193 125 110 115 110 112 110 111 107
97 94 98 91 93 98 99 101 95 101 105 102 99 102 107 103 104 101 96 103 108 106 101 108 110 108 102 149 189 171 163 161 159 150 80 69 63 65 69 158 161 144 112 135 166 177 183 188 164 108 39 42 50 51 44 99 144 180 183 181 195 106 39 50 58 45 45 51 60 150 160 181 194 169 58 43 39 30 38 40 69 131 154 178 168 71 37 41 44 34 57 70 56 92 144 138 131 96 53 80 120 167 207 199 201 209 207 205 204 210 218 197 164 183 154 176 180 184 189 199 129 112 115 112 112 115 113 112
89 92 92 101 103 101 100 101 94 103 99 100 106 100 101 110 100 106 109 106 103 103 105 104 108 107 112 176 179 139 158 160 137 91 75 92 101 62 73 167 160 151 142 152 179 180 187 191 164 107 36 48 54 50 48 95 133 170 178 179 184 104 49 49 47 80 87 64 70 139 173 188 197 184 65 42 37 38 36 42 76 138 168 183 173 78 40 33 36 46 42 64 75 112 130 113 49 53 47 47 39 55 166 188 190 212 213 215 203 206 208 167 165 196 206 198 159 164 158 197 148 108 114 116 113 110 114 115
93 92 93 93 105 103 103 95 96 106 99 105 104 100 99 108 97 105 111 104 108 106 112 110 106 105 159 185 163 147 158 151 69 46 72 144 142 73 66 182 170 164 153 160 185 191 197 190 163 118 35 49 65 56 45 90 152 172 178 185 192 109 48 49 45 175 201 181 161 143 186 192 199 190 71 47 54 49 48 37 79 133 161 189 186 96 44 42 37 46 48 68 122 144 155 103 54 47 41 38 45 62 95 130 158 196 174 161 207 216 195 165 150 196 209 196 203 202 185 167 155 115 111 108 116 123 117 109
90 95 96 101 103 97 105 100 100 91 109 109 105 102 98 104 104 103 102 107 108 107 108 116 103 116 174 171 134 154 156 104 36 35 93 171 132 94 69 189 183 172 152 167 181 182 190 196 182 115 36 43 51 58 46 70 156 166 189 190 193 108 50 53 52 122 168 179 183 145 170 191 194 185 80 54 48 41 52 47 59 124 165 189 177 113 46 44 44 38 37 79 150 168 178 117 43 44 41 34 49 49 53 93 127 106 103 49 77 108 124 169 156 190 205 189 197 204 201 205 174 118 115 115 113 119 122 109
91 99 95 98 101 106 103 97 100 99 100 101 102 105 108 104 109 108 102 103 101 109 108 103 116 148 176 139 151 155 161 138 45 38 116 185 142 127 93 187 169 163 155 166 181 179 184 179 168 118 31 50 52 57 57 86 151 158 175 182 186 109 49 56 51 90 147 119 118 144 169 187 190 194 87 67 131 97 69 53 68 132 167 189 193 124 42 42 43 39 43 95 148 171 178 134 56 56 44 41 50 53 92 116 113 52 41 58 43 46 108 176 192 190 203 206 200 204 210 199 175 117 119 115 111 112 114 114
88 100 95 100 104 100 103 103 104 104 100 105 103 107 110 102 108 107 106 107 103 110 108 102 150 197 173 144 155 159 129 96 51 38 120 196 163 136 95 186 155 155 153 171 180 172 189 173 169 125 44 59 58 57 63 87 155 165 183 182 180 112 51 57 51 100 128 106 109 143 176 179 177 179 86 98 208 203 179 159 86 132 169 181 187 133 46 47 38 44 46 94 161 179 191 142 56 58 46 41 31 90 154 164 138 95 77 48 36 62 92 84 147 173 183 115 145 192 197 200 169 117 111 121 119 116 116 120
90 104 102 106 101 98 99 103 96 104 107 107 103 109 105 109 105 104 105 102 120 142 127 123 169 187 149 163 154 130 83 86 60 45 130 188 159 146 101 189 155 160 156 174 179 180 183 184 173 130 49 60 62 60 58 84 159 173 179 182 176 121 47 59 60 59 65 69 72 142 167 184 186 192 100 78 185 177 185 184 107 119 144 193 173 137 52 43 42 41 45 88 156 187 194 157 54 53 46 36 47 117 168 186 174 130 103 43 48 61 63 95 125 104 73 51 44 63 105 137 156 114 114 120 115 120 120 113
90 98 97 99 102 94 95 102 103 98 103 108 104 108 105 109 107 105 116 111 129 161 158 168 179 159 144 173 133 72 75 136 101 48 141 185 162 173 125 177 162 172 159 172 174 178 190 186 174 127 52 59 50 57 63 86 157 177 186 189 185 126 53 64 60 52 54 62 80 144 168 182 188 192 112 56 95 93 94 88 121 111 152 197 196 154 59 49 37 40 39 108 160 181 190 163 52 54 40 35 54 120 169 196 183 102 56 56 44 59 108 156 152 89 53 42 58 120 159 107 103 123 117 118 115 116 123 119
101 101 96 100 95 104 102 105 102 99 104 101 107 112 116 116 108 107 113 116 118 66 104 187 168 123 157 156 71 51 90 183 157 63 149 184 156 179 146 179 164 161 158 170 177 177 186 188 176 121 48 65 62 56 61 84 150 165 181 183 189 145 57 66 65 60 58 58 66 144 172 187 193 190 108 55 72 72 75 71 103 147 173 199 189 171 64 42 38 49 42 93 163 178 197 182 50 36 36 41 44 126 175 183 171 80 52 55 52 62 144 175 178 81 51 47 65 110 193 181 130 121 118 119 114 108 120 121
96 99 105 105 102 109 103 106 106 109 108 105 103 111 109 108 108 104 110 132 74 49 118 183 141 144 162 152 47 36 108 190 163 105 153 176 147 177 153 179 165 156 155 169 181 187 195 187 177 130 51 63 65 65 55 86 162 184 183 182 185 149 67 71 60 62 55 60 66 149 176 187 198 195 121 57 63 59 61 76 83 132 172 194 193 171 71 40 44 40 35 83 161 180 189 189 55 36 29 37 49 126 166 174 151 75 47 52 55 79 142 168 179 95 55 56 75 122 178 168 123 121 126 115 117 118 111 120
99 104 106 100 108 106 105 107 105 105 103 107 103 105 106 108 106 105 119 136 57 71 178 168 149 156 153 116 66 61 120 196 164 120 159 181 159 165 158 185 168 155 162 175 177 188 200 187 185 136 53 65 72 113 110 91 166 178 185 180 187 152 63 66 66 66 93 88 80 153 181 191 198 196 133 54 50 58 64 71 83 138 169 189 188 170 75 50 39 36 34 83 162 188 191 185 75 41 36 27 45 116 167 188 182 83 55 53 47 75 148 166 174 130 98 78 90 149 190 169 120 122 126 122 123 124 123 117
96 101 100 99 100 103 103 102 104 106 104 102 101 106 112 112 106 112 124 74 49 84 172 130 148 157 126 82 82 66 135 184 168 119 168 182 178 169 162 205 180 158 170 182 182 197 188 188 174 129 50 78 132 146 139 104 156 170 180 190 196 153 63 71 67 69 121 134 127 159 185 193 200 192 135 56 54 68 63 65 77 140 166 187 184 176 76 43 35 32 33 90 177 184 187 185 76 32 33 41 40 114 169 181 180 91 48 56 57 72 140 175 191 161 121 104 95 158 186 178 127 121 121 118 111 119 119 121
101 104 103 103 103 107 103 104 105 108 109 111 104 103 107 109 108 126 153 101 65 92 146 147 158 106 67 107 143 75 132 181 166 129 178 180 175 164 162 195 187 172 170 177 191 199 173 189 171 140 54 111 141 142 143 104 162 186 202 197 201 164 81 133 123 79 113 132 125 151 185 181 190 192 142 61 52 58 56 66 77 134 177 189 177 180 77 42 36 32 40 94 164 190 191 179 81 39 38 36 45 102 178 193 194 120 45 49 45 63 126 178 207 177 124 105 93 151 183 178 132 119 122 127 116 121 115 119
94 102 100 105 106 102 103 107 99 101 111 111 111 111 113 109 112 127 108 126 89 121 135 159 145 59 58 140 179 118 140 174 156 139 183 196 183 171 169 193 174 165 170 175 180 194 196 183 187 142 56 116 137 149 136 114 169 189 199 198 196 165 130 150 152 109 116 133 133 168 186 182 197 196 160 60 57 57 56 69 76 132 174 198 195 190 82 42 44 37 41 92 158 186 193 190 101 38 40 31 49 112 168 202 199 131 47 77 50 54 118 173 201 187 124 109 94 153 186 190 136 120 126 122 117 112 116 124
102 105 106 109 111 105 98 110 107 105 105 106 107 108 108 102 114 91 35 59 122 149 153 156 137 90 61 149 172 144 157 193 167 142 182 190 179 166 173 193 179 172 171 184 192 198 177 188 189 152 56 120 138 135 129 106 169 192 204 175 189 173 134 154 151 116 119 124 131 167 190 196 199 196 169 84 62 60 56 61 68 140 173 185 204 197 95 40 44 33 34 78 149 182 191 198 112 41 32 41 49 114 172 199 198 151 109 134 70 49 120 174 197 180 121 111 92 149 185 201 140 123 121 118 120 121 116 119
104 105 106 106 106 110 99 110 110 107 108 102 110 115 111 112 150 89 65 123 136 130 161 139 64 56 71 165 179 151 164 182 169 140 183 186 184 157 172 198 190 180 168 185 196 194 179 183 186 154 69 125 128 148 132 112 182 188 190 181 186 172 124 154 150 121 112 128 130 169 191 195 205 202 187 136 74 64 58 62 60 136 189 200 203 206 103 51 50 33 33 77 156 175 181 190 142 42 37 48 46 114 181 192 199 171 123 129 70 40 114 174 192 186 133 118 94 152 179 192 150 118 123 123 120 119 114 118
93 107 100 100 102 102 108 111 109 113 113 112 113 111 115 129 110 98 106 164 141 149 134 79 95 106 77 164 173 143 159 188 169 144 181 183 184 154 166 188 188 180 178 185 186 190 191 187 185 141 82 146 138 152 141 107 178 186 187 177 198 176 147 151 155 131 110 128 130 169 188 196 206 206 180 133 78 53 53 56 63 141 183 206 206 201 115 53 46 34 36 75 156 169 187 190 148 44 39 50 56 110 168 202 204 180 124 128 77 49 113 163 187 190 138 117 97 157 184 195 163 122 129 122 123 120 118 128
104 104 104 103 111 110 104 108 109 109 111 113 118 112 110 117 54 58 121 150 153 163 97 48 134 162 110 177 176 148 173 189 168 152 179 180 184 138 169 189 169 175 182 185 184 192 191 185 188 127 67 137 139 150 145 115 180 184 196 188 189 176 150 151 153 128 119 131 131 161 185 185 198 196 178 137 93 53 56 60 61 136 180 196 210 207 125 48 38 36 36 71 149 171 174 193 159 44 32 51 53 100 167 199 198 180 127 124 85 44 110 158 187 197 143 121 98 146 179 186 167 121 127 126 126 126 117 126
101 108 112 108 105 112 112 112 108 106 105 111 115 113 113 93 54 85 144 168 152 144 111 44 141 183 143 176 180 155 174 182 161 157 184 182 175 146 174 191 181 167 175 178 184 183 186 186 187 123 73 136 138 160 147 122 179 185 192 194 187 177 142 157 157 128 120 131 129 152 174 183 187 185 182 146 93 59 60 63 64 144 186 205 199 199 123 52 47 37 38 70 139 174 190 193 172 53 38 52 59 100 159 194 190 178 137 127 97 44 101 161 182 194 142 122 97 141 171 185 172 130 124 115 121 121 123 122
93 104 101 102 103 111 112 104 106 107 110 115 115 114 115 118 101 136 166 161 146 101 92 74 145 179 149 179 184 166 182 180 158 149 177 173 179 162 165 190 180 167 173 184 194 200 192 191 192 134 70 144 149 149 147 123 175 184 183 197 190 184 153 165 157 137 123 125 132 153 170 182 192 183 179 153 95 49 54 54 64 133 180 203 208 208 149 59 53 36 38 60 136 172 189 196 168 62 44 50 62 103 165 196 197 182 136 129 99 46 97 150 172 195 154 120 94 143 168 181 172 125 127 126 123 120 124 125
101 104 104 108 108 107 115 109 112 114 111 113 115 113 110 111 136 167 159 162 85 69 147 100 148 175 155 192 180 166 178 181 163 159 184 174 170 157 173 192 186 171 174 184 187 209 193 182 183 141 78 145 150 148 144 110 165 186 192 192 197 184 158 167 151 130 121 130 132 157 176 176 188 194 182 152 111 52 54 53 55 125 185 203 211 205 166 57 61 43 38 62 139 169 182 188 179 71 42 52 64 101 159 194 208 182 138 123 99 60 108 155 174 183 163 126 92 132 168 183 178 128 127 128 124 127 127 125
101 108 117 106 106 110 113 110 107 113 115 119 115 120 115 110 120 157 154 137 78 77 176 148 166 184 165 192 184 163 178 184 166 159 185 174 165 157 177 195 183 175 174 181 193 199 194 180 182 124 76 140 141 154 152 112 173 183 190 187 195 183 156 158 152 139 116 135 135 158 176 176 187 192 183 156 111 53 48 53 59 124 185 200 206 200 163 60 60 63 45 55 130 170 181 176 186 72 42 50 83 103 162 195 204 184 134 126 109 81 109 158 163 170 162 127 91 123 175 171 181 132 115 119 127 129 127 124
101 113 112 110 109 112 107 108 110 114 116 117 112 119 120 116 121 150 154 114 104 96 186 170 184 176 168 191 185 172 177 184 165 157 185 175 171 157 173 190 176 168 175 182 184 191 184 179 185 137 76 139 138 151 140 116 152 184 207 195 191 186 163 154 153 136 115 135 138 156 180 184 191 185 178 149 120 52 52 58 65 125 174 190 194 188 156 63 57 64 56 73 133 169 175 175 183 90 46 82 147 103 154 188 197 180 130 128 112 87 104 145 160 169 166 135 101 121 173 178 182 131 123 124 125 126 122 120
108 104 107 114 112 117 117 112 107 115 115 115 118 115 113 132 148 154 84 91 143 118 178 176 183 176 169 187 182 162 189 188 174 172 189 187 170 158 172 190 184 176 172 184 188 193 189 184 180 142 81 147 138 146 138 116 166 188 194 195 193 185 167 165 157 146 127 138 136 150 175 187 192 189 177 154 117 55 50 56 58 111 162 178 190 177 148 62 56 61 106 90 131 171 179 183 181 101 49 81 132 108 155 191 190 177 137 126 125 88 92 141 174 163 168 137 108 124 167 173 184 150 125 128 121 125 127 124
105 110 113 116 110 108 113 110 115 117 118 115 117 113 113 145 156 152 86 92 164 157 183 172 177 183 166 185 183 166 189 191 172 175 195 191 175 164 173 191 180 171 170 179 191 195 193 178 176 161 116 151 146 154 135 110 175 191 195 196 186 181 155 151 157 152 124 133 139 153 182 190 193 193 185 157 123 62 56 57 53 104 171 188 188 186 178 67 55 60 142 88 126 163 180 184 186 110 39 68 122 105 148 185 184 184 148 130 115 88 90 155 193 184 166 130 110 115 163 178 189 149 122 123 126 127 126 121
107 109 109 116 113 111 115 113 112 112 116 111 113 112 121 158 150 108 68 107 172 167 184 178 181 171 162 193 187 170 198 192 179 180 200 188 173 160 178 188 178 171 178 186 192 196 199 184 170 171 155 149 146 162 143 113 177 189 198 191 189 171 142 153 153 135 123 128 130 150 171 182 193 188 192 163 129 60 55 65 55 109 166 185 195 197 186 81 59 67 130 100 121 166 174 176 178 115 53 69 130 107 138 179 183 188 165 129 122 87 87 154 190 196 175 133 114 120 161 177 199 159 127 133 131 126 127 125
110 106 112 110 113 113 114 117 105 115 116 113 112 124 150 170 104 83 122 116 177 164 187 168 183 183 169 196 184 165 184 171 173 178 193 192 172 162 183 190 190 172 174 184 186 193 192 190 162 157 124 145 143 158 139 122 182 175 176 185 183 170 152 162 173 158 126 134 130 155 179 187 192 196 182 157 124 64 47 55 55 107 172 182 191 196 178 82 59 61 131 105 117 174 184 188 189 121 52 68 133 105 129 170 167 185 165 129 123 81 85 142 189 193 181 139 112 116 150 158 174 168 123 128 128 124 125 124
109 107 108 109 112 112 113 115 118 117 116 112 117 132 162 156 106 105 178 145 171 163 185 167 179 172 169 198 188 178 182 181 177 170 177 185 181 158 183 195 190 173 164 183 188 201 197 196 184 169 135 145 149 159 141 116 177 181 185 185 168 168 153 155 164 154 130 139 134 144 169 190 197 199 178 154 124 63 50 57 53 99 176 198 203 192 176 88 55 56 123 115 119 167 200 196 179 129 48 62 128 109 124 163 176 179 175 136 125 80 93 138 182 194 183 145 114 103 159 169 186 177 126 124 126 123 124 129
108 109 113 111 109 114 117 117 117 139 127 118 145 151 148 96 93 122 182 164 172 169 177 166 175 169 174 193 191 170 185 193 178 166 179 185 176 163 186 195 195 183 179 186 195 202 199 192 183 167 140 144 145 159 153 115 172 184 192 183 182 163 139 156 166 152 132 139 135 145 171 191 197 192 184 159 143 60 56 67 58 105 183 196 207 187 177 103 61 62 116 107 113 158 180 200 179 145 57 60 120 124 116 152 180 177 180 139 129 95 83 142 173 183 181 146 119 103 157 163 179 181 133 128 131 134 130 125
103 110 112 110 112 114 121 115 118 109 119 166 163 164 144 81 159 153 169 159 162 169 177 168 182 185 176 193 187 174 179 190 181 177 182 182 185 179 176 195 190 180 174 187 201 203 196 195 193 170 149 151 154 164 160 120 171 184 190 192 194 170 146 156 158 150 129 137 133 137 169 180 191 190 189 159 141 63 51 60 60 102 177 196 206 193 179 102 61 65 107 107 111 153 168 179 184 146 51 60 121 130 120 151 170 173 174 132 136 99 83 140 169 190 184 153 127 105 137 157 167 163 136 136 125 127 130 132
106 108 110 116 115 112 118 119 117 49 114 164 153 145 93 101 191 175 172 167 178 168 178 164 189 175 166 187 185 167 180 186 183 180 185 183 189 174 179 195 184 178 175 185 201 202 191 197 197 180 149 154 143 153 151 124 174 186 198 200 188 187 162 150 152 146 133 141 142 142 167 180 188 193 195 167 141 69 55 57 61 92 173 187 205 193 179 102 58 67 105 111 119 156 177 184 191 151 60 62 114 134 117 151 167 184 183 137 132 97 84 131 170 185 188 161 128 97 136 156 167 170 134 133 127 128 128 123
111 111 112 112 106 114 124 133 120 77 150 150 163 115 107 146 178 169 162 174 184 172 194 179 183 183 174 186 186 173 181 182 176 179 186 186 180 172 175 189 185 174 175 172 190 185 186 189 194 175 138 152 148 153 142 114 177 187 204 201 198 192 161 150 158 144 134 139 136 139 170 189 200 200 199 172 137 68 59 63 57 96 169 193 194 179 182 95 59 62 94 98 107 158 185 190 193 165 66 58 110 137 112 149 159 184 188 150 130 96 81 129 172 184 180 165 132 104 135 156 164 184 146 124 133 131 131 127
103 116 111 118 115 117 153 161 170 110 149 155 143 95 139 179 176 167 172 183 189 178 188 176 187 177 175 192 180 173 186 192 180 187 194 182 177 175 180 184 183 182 171 181 187 193 181 180 174 159 131 141 148 165 150 123 176 190 187 194 191 191 163 153 159 144 139 139 135 145 176 202 210 203 204 175 142 72 56 61 57 97 166 185 192 188 195 113 57 54 86 110 108 159 190 207 203 160 66 56 104 144 108 146 179 199 195 155 136 107 79 126 165 181 188 172 136 101 132 160 180 183 155 139 137 132 131 131
106 113 112 118 119 119 107 85 114 133 146 157 89 123 167 183 177 173 180 185 187 173 178 173 185 179 176 191 185 178 189 196 183 188 191 186 183 172 174 189 188 184 172 186 190 194 178 175 175 156 143 149 149 159 149 125 173 187 181 186 184 186 165 157 156 145 141 137 135 141 175 197 207 204 204 173 148 69 70 93 62 91 166 186 188 190 197 135 52 58 86 106 103 160 182 188 190 163 71 55 93 136 119 157 174 179 203 163 137 104 82 120 157 183 188 177 137 104 144 176 188 190 162 130 129 131 136 132
110 114 118 116 121 116 115 95 130 144 142 123 103 168 168 176 172 180 177 180 191 175 181 171 177 173 185 196 180 181 189 197 178 183 194 183 172 174 174 185 190 183 169 178 189 192 183 174 171 165 148 156 151 150 151 129 173 184 186 189 180 177 162 156 153 146 136 141 137 145 180 201 199 203 196 176 147 74 83 102 61 105 173 197 193 183 201 120 54 60 85 126 101 151 179 194 191 187 84 45 82 129 109 155 159 169 188 158 134 109 78 121 163 182 189 183 139 97 140 186 190 202 175 127 130 129 131 132
105 114 115 113 112 112 115 121 148 143 136 97 143 165 172 172 182 181 181 174 174 178 185 181 181 166 185 196 182 185 196 195 180 187 194 183 175 170 184 190 184 179 177 179 184 184 186 168 166 165 145 151 152 141 148 122 169 185 183 183 183 179 158 148 156 147 128 136 138 147 179 187 193 199 182 169 133 79 102 137 61 100 175 194 194 199 201 121 51 54 74 128 104 155 177 198 200 190 91 49 94 142 122 153 170 172 180 164 136 116 85 111 169 189 194 190 144 107 133 185 193 209 171 129 134 126 132 137
105 113 112 119 113 117 119 124 143 143 86 126 178 177 178 173 176 171 165 174 179 173 178 162 172 167 184 193 183 181 199 192 183 186 187 183 182 169 180 188 189 174 171 180 189 189 187 175 170 164 147 154 157 150 146 125 174 184 184 194 180 179 149 149 162 151 128 134 135 152 182 197 198 182 176 173 152 83 95 143 59 85 162 132 114 106 112 95 59 61 78 118 101 155 178 194 198 207 109 62 93 140 120 159 165 173 182 164 134 122 86 110 161 174 193 196 149 112 127 168 190 200 176 133 135 124 129 133
108 114 114 119 121 112 123 131 153 119 96 155 168 179 177 175 154 165 164 175 174 174 184 173 181 174 187 190 185 184 198 197 184 193 187 182 175 171 183 188 192 176 176 177 184 200 193 178 172 171 144 159 165 153 141 119 178 176 190 195 174 181 160 145 155 152 130 136 136 146 173 197 197 192 184 175 158 85 78 130 66 74 164 182 172 164 142 103 67 63 78 119 97 150 170 195 189 194 109 50 79 137 121 155 162 178 181 165 139 121 91 119 171 171 181 200 151 111 123 166 182 189 176 136 136 131 133 132
119 116 116 117 121 119 123 138 131 86 130 169 173 175 171 179 168 164 169 169 176 167 182 179 191 180 188 197 182 189 195 193 178 188 192 183 176 171 186 190 186 172 177 188 188 190 188 182 176 166 135 160 153 149 136 114 176 183 191 188 188 181 171 154 157 151 139 139 146 153 176 194 200 205 198 182 165 81 82 139 61 92 168 209 201 198 172 117 59 60 76 106 95 168 195 201 199 197 116 58 75 146 125 154 168 189 187 161 141 126 87 109 165 183 187 200 161 118 126 161 187 197 182 137 133 138 129 130
115 117 119 119 123 123 125 146 114 128 148 175 186 175 164 174 175 165 173 175 178 177 179 178 184 173 190 201 184 179 186 178 172 185 195 187 178 169 184 195 182 178 176 186 188 187 198 187 177 167 146 170 167 153 144 115 179 197 210 195 197 187 176 159 154 142 143 146 150 155 172 186 190 200 192 183 164 77 67 134 61 93 170 197 203 201 173 110 54 62 68 113 90 167 198 204 200 206 125 57 76 139 120 150 178 193 196 177 143 122 85 110 158 175 187 188 164 126 120 157 185 202 186 146 133 132 134 128
113 115 118 117 119 117 123 124 100 160 170 177 177 175 177 175 179 179 172 175 164 178 182 179 193 185 196 195 177 182 189 181 169 180 190 200 181 166 183 191 182 173 177 190 195 190 194 186 176 160 145 173 167 164 159 122 184 191 207 204 195 180 168 153 159 151 144 142 147 158 172 190 201 201 183 180 156 93 66 132 65 90 165 197 206 192 170 96 52 67 66 119 103 166 198 199 202 197 102 62 73 132 123 159 174 181 187 171 148 130 95 107 160 190 195 204 177 128 113 152 186 193 190 156 129 135 129 137
115 119 120 113 120 121 118 106 122 164 175 181 176 166 179 168 176 180 178 177 182 184 184 188 192 182 195 193 177 183 190 181 177 187 191 192 182 175 193 197 181 171 175 193 186 194 192 186 167 149 137 169 160 166 155 122 174 189 202 200 194 185 176 157 170 157 139 138 150 160 173 194 202 202 190 183 160 98 66 127 62 95 166 195 203 197 176 135 67 66 63 125 106 165 191 206 204 192 96 55 62 134 129 154 176 192 196 177 145 137 97 102 159 189 199 209 189 129 110 163 181 194 187 149 130 140 126 130
117 119 118 122 116 126 120 140 145 161 167 179 174 170 178 185 187 182 170 170 180 184 180 182 187 182 193 197 176 184 193 179 176 179 191 183 180 177 187 198 184 173 171 182 188 180 183 177 167 153 121 167 171 157 147 124 182 184 195 195 196 180 176 158 171 168 141 141 150 148 173 195 209 198 196 191 171 108 57 123 62 85 174 197 201 198 184 188 88 63 67 116 94 153 185 206 210 195 112 55 62 138 137 149 184 196 190 181 138 135 94 107 156 190 197 215 193 138 106 155 180 201 188 154 134 142 139 135
115 121 112 121 120 116 127 147 165 171 166 178 187 173 168 181 179 186 167 169 177 187 181 181 190 191 194 190 179 179 188 188 177 188 197 187 172 164 184 192 183 167 176 188 180 184 186 193 184 168 140 173 169 152 142 99 166 172 196 190 191 174 169 157 163 146 150 181 114 113 174 190 202 199 204 197 174 118 72 125 67 80 163 187 201 196 189 182 92 67 60 109 106 157 186 203 207 200 149 67 65 131 139 148 180 189 194 185 138 133 101 106 148 182 196 198 182 142 114 152 171 195 189 148 134 134 139 136
114 116 112 123 126 122 122 153 171 169 161 165 174 171 167 161 173 189 165 168 179 194 180 190 191 181 197 191 171 184 186 184 175 185 190 186 169 176 185 191 187 165 166 194 192 199 195 184 189 185 179 195 202 190 162 136 190 195 193 193 194 187 181 178 174 156 157 185 128 114 177 185 187 196 203 199 185 183 198 168 61 80 162 192 195 202 195 193 94 67 64 99 108 143 181 192 200 208 159 64 65 122 143 146 181 187 191 185 151 142 111 100 145 180 190 187 176 148 115 146 173 191 197 159 136 137 134 139
113 118 120 116 130 130 126 163 178 178 168 179 182 172 165 171 164 173 168 177 178 187 183 181 178 179 189 187 165 184 198 187 176 191 186 181 177 166 184 178 152 156 166 186 184 197 195 190 180 198 183 175 184 198 190 186 200 206 193 195 200 199 187 194 205 184 187 177 172 185 176 169 160 170 180 191 197 196 192 176 123 106 158 182 198 204 205 201 101 61 63 93 107 141 186 199 202 202 169 60 56 117 144 141 175 186 191 194 168 139 100 106 141 168 183 194 194 141 110 147 186 193 202 170 133 133 137 133
113 115 122 117 129 121 122 159 177 169 160 174 175 168 167 181 175 176 165 180 175 193 182 182 185 181 182 179 162 179 197 178 169 181 185 180 179 169 169 168 152 171 192 187 196 194 195 208 189 191 192 184 193 202 194 160 190 197 185 188 182 178 187 199 205 195 201 193 183 197 187 169 178 180 181 201 195 191 191 174 198 186 185 186 183 187 182 197 194 139 74 73 117 148 182 193 199 199 184 88 55 79 80 147 183 179 184 186 163 141 104 100 138 169 185 190 186 148 106 143 176 194 205 179 137 140 134 132
118 118 122 124 125 123 123 165 177 171 170 170 176 180 180 176 172 172 171 177 179 194 182 186 186 174 190 189 165 182 189 175 162 180 185 171 161 168 162 159 156 166 193 190 189 182 195 204 205 190 189 183 188 194 172 167 188 202 191 166 180 180 179 186 187 189 189 190 193 195 193 178 179 181 180 195 197 203 206 199 203 197 188 189 181 182 174 195 187 195 180 184 169 174 195 196 198 202 193 191 148 110 105 134 164 185 191 191 176 157 136 123 143 170 183 195 191 147 108 144 169 192 202 187 142 131 134 132
120 114 116 116 121 122 126 166 170 175 171 163 176 177 176 172 175 183 180 180 178 196 182 190 187 168 192 194 177 188 188 187 164 168 161 155 170 162 148 157 164 172 206 199 173 176 156 202 206 198 194 187 187 184 169 142 160 190 188 166 159 157 170 177 183 183 190 187 182 172 160 174 174 169 175 189 191 200 184 185 193 199 186 189 167 184 187 205 191 178 197 189 180 175 186 197 206 206 174 186 190 190 182 170 174 184 189 177 183 184 184 191 190 183 191 189 192 174 157 164 180 195 196 194 141 124 134 138
119 115 120 123 127 123 130 173 179 171 176 172 153 174 172 170 179 182 180 179 174 189 186 190 188 175 198 195 179 182 186 176 154 150 154 157 154 154 154 183 194 192 201 198 188 188 195 203 199 198 198 191 196 168 148 148 160 174 197 174 165 169 187 189 182 180 186 184 189 179 179 189 187 185 177 196 196 196 184 184 190 191 190 179 175 191 196 211 202 194 202 199 191 195 189 196 197 189 203 193 186 182 189 185 175 157 154 161 181 184 182 199 204 199 193 194 192 192 190 186 186 192 184 185 170 129 120 127
124 119 119 123 122 123 132 175 179 173 171 179 178 177 175 175 180 183 176 187 179 193 181 175 181 180 195 205 182 166 156 157 160 161 159 160 149 158 149 171 197 189 192 196 205 186 183 182 189 192 191 185 167 128 129 150 159 156 174 167 202 193 171 192 185 185 186 196 181 201 186 182 194 195 185 186 182 195 195 187 204 197 200 190 196 207 198 209 205 198 194 200 195 195 192 191 188 193 199 191 192 195 193 185 178 154 126 146 163 162 144 158 189 184 194 192 196 196 194 198 197 190 187 194 196 131 93 95
115 117 114 128 118 120 136 168 177 181 181 177 177 181 186 193 185 184 173 178 180 192 181 178 178 182 201 182 145 147 152 159 155 151 150 147 146 146 155 159 187 192 202 204 196 159 185 185 189 193 201 192 170 126 120 129 132 138 168 163 195 198 182 188 180 183 190 195 161 184 185 180 191 188 179 174 178 191 207 205 189 192 186 183 187 181 189 190 192 185 185 194 198 196 192 185 182 181 192 191 197 194 181 180 185 160 135 135 165 160 152 172 184 178 201 198 192 193 195 197 192 199 182 171 182 166 169 176
120 119 127 124 128 121 140 168 171 170 183 167 173 184 177 183 178 167 143 180 188 190 177 178 180 182 169 154 148 154 154 154 155 144 138 149 148 152 170 164 163 186 197 191 164 149 178 188 198 199 201 199 181 117 112 122 116 120 163 174 194 195 185 204 195 193 201 214 162 188 208 196 197 187 193 183 190 201 216 215 191 196 194 190 188 181 187 192 191 184 194 187 176 184 180 164 168 160 164 178 187 169 181 174 188 173 141 120 116 109 106 132 147 163 187 181 181 180 186 186 189 191 188 167 177 180 181 182
123 119 124 119 126 124 147 176 168 169 175 166 170 183 170 177 174 173 167 184 182 198 179 174 160 163 157 156 148 151 151 135 137 141 144 164 167 156 157 163 179 179 174 188 155 148 173 196 198 186 189 183 183 126 126 127 128 131 166 169 182 187 195 196 203 203 197 190 172 177 194 201 198 182 198 199 184 198 199 203 177 178 199 189 188 191 198 198 190 202 202 186 177 181 159 142 154 148 162 178 186 162 198 192 194 173 141 118 115 112 109 116 146 148 173 178 180 175 178 177 184 191 194 179 180 174 177 177
121 118 117 124 120 124 148 179 174 182 182 172 174 185 168 174 172 173 174 182 184 183 159 150 147 160 149 156 156 130 133 144 131 153 157 152 137 159 165 175 158 147 141 150 153 108 165 150 173 177 137 127 159 136 119 129 118 127 143 129 140 167 172 161 161 165 167 188 170 182 188 181 189 178 189 161 151 167 178 172 150 159 165 153 150 152 157 171 166 179 162 161 165 165 151 145 159 151 156 173 185 197 188 192 184 185 145 132 123 135 119 122 148 162 169 160 179 171 183 147 129 180 197 156 176 181 154 155
122 117 120 117 124 123 150 170 182 174 176 174 171 173 171 177 173 175 184 181 162 146 148 152 145 147 137 155 143 129 149 153 137 143 144 143 160 188 183 195 187 193 142 146 188 145 189 182 181 165 155 156 156 158 155 182 176 194 145 118 122 115 109 100 97 103 100 181 182 190 189 195 198 185 191 158 153 175 182 168 177 187 176 173 191 175 184 186 195 180 192 201 189 185 183 178 174 164 165 170 181 183 183 179 187 190 155 134 128 117 117 126 140 170 161 130 148 165 160 144 141 178 190 159 165 169 159 160
119 120 119 109 114 116 150 169 173 172 180 173 166 167 176 172 186 170 161 148 148 143 139 155 148 132 133 155 144 136 131 128 118 106 152 166 157 164 173 197 197 205 159 151 175 176 192 188 178 166 159 168 167 156 155 199 187 188 159 164 178 190 184 173 184 176 158 182 169 156 171 152 171 173 185 195 189 189 184 169 183 168 184 194 198 184 182 185 178 168 164 165 180 179 160 151 173 170 164 163 169 177 173 166 172 183 182 172 174 143 154 147 137 162 166 173 166 181 167 159 146 185 199 190 186 180 171 156
121 118 115 118 123 119 159 172 172 179 175 167 166 171 176 174 153 145 148 147 149 150 141 141 141 139 137 147 143 133 132 137 107 153 161 148 155 168 174 201 181 188 157 135 183 161 160 150 178 163 157 154 161 141 118 191 180 171 172 154 154 165 186 196 193 186 192 197 177 176 191 178 189 197 202 202 193 189 197 207 183 182 183 195 205 189 194 207 187 168 172 175 193 189 180 170 172 172 172 165 184 184 172 172 183 190 172 173 169 136 152 155 152 180 175 168 152 169 146 151 156 174 183 171 166 169 160 175
121 115 114 123 126 121 163 171 176 173 171 173 175 179 158 153 133 140 154 140 140 154 152 144 124 133 139 158 153 147 149 124 130 148 141 144 150 180 201 200 195 182 192 193 198 190 168 153 186 178 184 149 168 150 132 186 184 184 161 158 152 179 179 186 196 192 183 191 193 206 205 195 194 205 196 207 204 190 200 204 190 182 191 193 197 188 200 204 206 197 193 209 203 198 205 196 194 183 157 176 194 213 207 196 194 200 176 184 180 161 170 175 165 171 183 191 179 180 150 160 172 164 161 159 159 177 198 184
112 112 112 102 111 108 161 172 175 167 168 176 167 164 154 146 146 139 141 131 140 140 132 149 150 171 159 153 132 125 126 146 140 154 147 150 170 176 194 201 199 191 189 192 198 188 196 181 209 200 197 176 194 167 151 189 192 192 166 157 163 191 177 177 178 178 174 181 191 193 197 188 188 188 188 202 194 184 190 192 186 180 190 188 185 170 174 178 178 186 185 189 189 191 185 176 173 165 155 165 186 193 189 190 154 120 128 173 192 183 189 175 157 140 201 196 200 189 155 199 185 179 158 166 190 185 184 196
104 107 103 87 101 105 161 175 166 179 172 154 137 142 155 138 145 142 139 132 136 134 136 141 139 160 133 114 117 127 136 155 150 154 144 137 161 182 201 194 183 192 198 198 200 188 196 183 201 203 190 185 192 168 163 201 190 187 174 173 172 197 190 177 184 186 195 187 193 189 194 189 185 191 185 190 204 196 182 193 183 176 189 182 194 166 174 186 181 183 183 187 180 193 179 179 182 175 163 164 172 167 169 178 142 111 138 160 174 171 185 190 186 179 184 186 191 186 165 181 176 177 179 172 186 182 177 209
98 95 100 106 111 108 157 170 168 165 146 143 144 140 137 130 149 135 141 143 139 136 146 126 131 146 138 160 166 170 170 183 176 159 139 144 152 185 186 178 173 192 191 174 179 158 172 182 203 182 150 156 165 148 126 163 154 192 161 156 168 203 201 179 195 188 187 180 187 184 194 180 195 190 190 183 177 187 190 189 173 181 192 182 187 166 177 179 171 178 184 176 168 177 177 173 173 183 167 162 168 183 165 178 187 203 205 195 151 135 183 199 189 206 190 193 195 192 191 150 171 184 192 172 173 186 164 188
154 165 183 185 176 170 171 163 144 145 143 132 147 142 129 137 141 138 143 133 125 122 137 133 151 163 182 205 189 174 209 212 192 161 130 142 150 189 200 198 185 188 186 157 150 118 141 147 170 170 149 163 171 161 139 145 166 217 195 150 151 192 192 179 187 178 189 162 173 179 161 141 182 191 199 211 212 207 212 187 181 176 170 180 176 168 149 160 165 165 164 176 163 175 133 121 135 144 173 163 169 169 128 156 197 185 151 179 178 172 179 184 156 127 135 154 169 171 166 152 146 173 176 178 170 169 163 166
184 181 183 176 186 198 197 181 168 163 157 150 137 126 135 142 135 158 148 142 117 132 120 140 156 160 168 188 190 157 198 202 204 151 144 147 160 196 209 210 189 183 187 177 165 137 152 144 166 179 151 165 167 169 177 187 188 209 212 173 155 171 173 164 167 165 175 163 170 178 168 151 173 186 179 197 201 199 178 165 178 159 161 152 185 202 156 157 157 162 143 174 186 176 164 119 128 132 133 137 158 184 164 159 149 170 117 165 184 184 185 185 186 175 140 163 181 169 161 172 165 169 176 175 156 176 186 181
182 179 187 190 191 204 193 193 206 200 203 194 177 203 193 178 146 208 210 165 149 132 109 151 158 147 165 184 193 161 194 195 200 152 124 135 151 173 201 190 171 187 191 170 142 95 132 96 119 179 172 167 159 152 153 170 161 183 207 196 164 167 181 158 138 153 166 168 168 168 169 182 181 158 141 154 150 169 134 157 177 152 154 136 165 210 171 169 160 162 116 166 192 188 208 178 152 153 141 148 159 178 185 178 180 164 177 176 175 185 185 183 185 182 133 154 171 176 174 146 146 166 172 185 165 154 184 173
184 185 182 181 196 198 196 204 206 195 208 198 176 197 184 209 156 159 183 169 148 151 145 157 149 150 168 190 193 150 193 203 206 145 110 125 167 199 201 192 172 186 173 171 168 139 152 144 116 164 165 164 152 161 153 172 170 184 202 200 199 206 181 173 178 135 136 143 177 201 200 198 200 203 163 147 137 195 191 188 188 192 182 176 173 178 175 176 176 156 132 169 189 184 192 161 136 147 167 158 137 142 140 171 174 169 182 183 173 184 176 176 167 172 137 158 175 172 176 144 134 157 176 178 176 147 171 169
200 180 165 192 191 192 202 207 209 205 204 201 184 183 200 198 155 173 170 176 160 157 151 151 145 147 177 201 193 143 198 200 206 154 126 138 160 193 199 188 154 151 156 144 157 167 176 152 164 159 155 161 170 186 159 172 162 173 195 195 202 198 179 173 162 131 143 133 161 196 182 185 192 206 214 161 142 200 199 192 187 193 173 164 188 183 177 186 190 153 130 157 168 205 167 102 186 156 142 151 162 163 152 171 168 170 172 184 184 175 179 188 189 181 140 120 170 175 164 160 134 180 175 169 180 180 170 160
204 165 146 184 193 191 203 204 203 207 203 203 204 196 203 203 124 174 183 169 157 147 155 160 156 151 172 189 183 154 166 180 179 161 150 141 141 163 175 154 151 149 160 160 172 167 166 159 170 184 166 169 173 175 172 176 168 161 163 167 186 188 181 173 166 149 139 147 149 183 181 193 187 189 199 196 199 177 182 201 192 189 188 184 193 186 182 182 195 139 110 143 153 167 127 80 158 161 131 142 123 128 145 178 171 167 171 185 175 174 180 188 174 172 160 125 153 173 165 160 158 179 175 165 175 174 153 157
195 87 106 194 196 195 195 198 201 202 196 207 206 193 204 205 105 147 183 145 139 130 162 165 163 156 161 155 164 152 162 151 158 165 175 172 172 180 178 169 176 176 165 158 159 155 152 158 175 174 178 150 151 157 147 159 165 167 152 143 149 164 171 175 157 143 107 100 117 163 199 192 199 200 200 202 177 149 147 142 179 181 183 163 152 161 159 175 154 131 172 162 150 129 129 112 125 160 153 147 164 171 176 184 172 171 174 179 173 170 172 168 172 174 178 142 123 167 175 187 175 180 169 184 181 180 169 183
165 66 121 188 195 198 187 197 195 198 193 206 208 198 205 193 148 158 166 158 154 163 170 175 205 211 202 149 147 133 159 144 148 159 185 186 176 183 174 185 165 163 169 178 133 126 122 154 171 174 161 138 157 173 149 138 149 150 148 134 138 154 134 146 156 150 155 143 113 119 160 144 148 173 179 177 164 155 159 153 166 165 158 175 153 146 170 184 168 151 189 191 200 194 190 183 180 180 168 171 178 173 182 185 179 168 170 179 181 171 172 176 174 173 175 163 125 147 166 175 171 170 173 174 170 169 174 157
148 65 145 176 192 185 188 196 190 191 189 185 197 177 169 156 167 162 149 145 156 158 160 183 206 211 198 134 133 144 150 135 134 144 169 166 164 174 164 164 132 125 158 160 140 143 154 171 186 173 164 171 158 162 161 128 151 171 175 179 184 178 160 147 167 174 163 179 130 98 128 159 166 177 181 180 183 176 182 165 184 153 170 176 175 145 169 187 177 137 182 182 191 189 186 183 168 151 146 157 177 169 163 168 171 176 176 160 176 154 187 187 177 165 175 158 112 110 162 183 173 179 178 183 173 170 169 154
122 44 106 148 162 178 179 181 183 170 156 143 161 162 155 151 150 162 151 139 153 162 169 172 202 204 186 157 150 163 165 171 176 174 184 176 112 115 180 187 186 166 174 189 157 172 182 181 187 182 171 174 177 183 193 110 143 197 185 187 179 180 147 132 153 157 143 145 164 155 146 159 161 172 185 188 178 181 167 178 160 159 173 171 169 167 176 173 185 148 188 186 183 181 177 172 138 166 179 175 181 182 170 173 177 187 187 158 166 161 174 179 177 173 159 156 126 121 171 175 156 162 172 178 173 170 168 179
106 61 70 110 132 144 143 134 146 150 141 141 160 162 156 141 150 163 142 137 129 135 164 167 194 199 164 140 129 147 164 171 175 181 179 181 160 135 181 171 178 177 181 175 148 162 189 190 189 170 151 155 154 153 178 121 139 161 155 154 139 158 146 147 150 132 131 106 133 158 174 171 170 164 160 168 174 177 142 149 153 160 175 191 175 174 179 185 169 134 183 184 184 183 183 185 136 146 184 167 172 172 157 169 177 168 166 175 166 171 175 155 165 169 169 167 166 136 164 166 147 120 166 172 178 170 165 160
143 139 140 152 154 153 147 150 152 149 139 159 156 139 140 153 160 153 148 147 189 151 104 138 190 187 146 119 123 138 143 148 158 148 155 163 171 150 165 163 157 159 168 160 160 149 134 131 129 141 142 163 175 178 178 187 180 150 141 153 164 169 168 169 166 167 162 101 123 168 170 173 173 173 169 159 165 152 143 163 181 146 165 178 182 179 172 181 154 151 177 179 178 179 179 185 177 141 176 172 181 173 163 184 183 173 175 173 158 188 182 150 150 174 166 175 175 145 159 161 162 134 159 170 145 152 164 168
147 151 167 168 151 141 155 135 138 146 138 136 136 141 143 160 160 173 193 193 184 144 115 140 176 141 143 98 147 169 168 165 182 171 176 170 174 168 167 185 178 114 151 182 187 197 186 172 175 181 186 159 186 180 189 193 193 180 156 136 144 170 171 169 176 165 133 106 149 186 172 170 182 184 155 121 120 156 177 169 175 159 146 166 171 178 182 174 180 194 200 184 180 182 183 185 189 127 131 167 179 177 172 178 182 176 172 173 147 160 177 166 165 156 155 167 164 171 138 166 166 169 157 169 144 153 174 182
139 160 154 146 145 147 142 128 160 166 154 132 140 164 162 169 173 169 168 157 143 150 160 163 148 134 124 79 138 174 160 167 170 150 159 176 167 168 163 164 146 88 135 185 179 181 164 170 174 157 180 143 107 90 134 150 167 161 154 155 140 173 167 174 174 163 131 128 158 172 168 164 171 169 170 171 124 156 183 175 178 175 173 176 181 181 182 173 176 179 185 177 175 181 175 176 173 174 174 165 164 170 165 167 149 157 178 172 162 146 175 163 167 166 151 159 163 172 150 167 161 164 158 156 156 163 170 158
125 170 157 121 151 150 124 127 152 150 147 141 146 142 164 168 146 93 93 115 102 143 162 167 133 120 97 91 98 121 136 123 126 112 116 129 142 143 144 141 133 126 149 173 161 164 163 157 132 129 131 158 148 162 163 144 177 180 176 172 152 163 169 168 171 180 162 115 143 168 175 181 176 174 171 167 132 153 183 176 180 158 167 176 176 178 175 172 158 172 166 174 174 164 173 183 176 194 193 173 172 165 169 172 151 153 166 168 164 146 165 164 160 160 153 161 158 166 157 141 153 164 167 157 160 168 175 147
104 158 146 101 146 142 135 132 136 140 144 147 148 151 144 114 83 77 72 80 96 157 167 161 145 170 159 148 154 173 166 167 178 181 184 159 184 168 144 143 171 168 182 179 172 156 170 159 128 139 166 176 178 165 179 175 164 165 166 185 176 176 170 177 173 176 171 137 139 166 166 175 172 168 165 157 161 168 168 168 175 182 176 185 173 176 176 169 145 165 169 174 170 175 178 176 173 177 183 174 165 170 172 172 154 170 177 185 180 155 145 164 161 152 161 167 152 167 165 140 151 172 173 154 154 162 163 150
