25 90 124 83 20 28 40 54 77 89 100 101 106 96 38 20 21 24 19 18 23 23 18 19 18 25 30 25 31 21 23 27 23 20 23 18 23 18 21 27 26 22 19 21 22 24 24 22 26 24 18 19 22 24 20 22 17 28 21 23 28 26 23 19 24 22 21 24 23 20 19 25 30 29 22 23 19 21 23 26 21 25 18 22 24 21 23 19 22 23 18 21 27 21 23 68 77 65 68 74 62 62 65 61 62 62 59 59 61 46 47 38 36 27 31 26 26 31 32 29 34 26 28 21 26 33 30 34
30 102 128 92 44 67 92 95 93 104 92 101 93 39 19 24 24 27 28 21 23 22 28 23 20 19 17 18 22 23 19 26 18 26 28 23 23 19 21 24 18 21 18 24 21 22 18 21 25 21 21 26 25 20 20 23 20 26 26 23 21 23 27 24 21 26 29 27 24 23 23 25 25 28 17 23 20 25 27 24 27 29 22 18 24 23 20 24 25 22 23 21 15 18 20 62 73 81 76 76 70 72 75 69 42 53 53 55 50 41 37 28 43 28 37 42 25 25 36 31 25 28 30 24 28 33 33 36
40 119 121 81 96 103 100 94 86 88 81 62 29 19 26 25 25 20 23 17 26 29 18 18 15 20 22 15 21 23 19 20 23 24 24 24 22 19 23 24 27 26 19 24 21 25 27 26 22 17 19 21 21 27 25 21 21 22 25 20 23 25 24 21 26 27 22 18 24 28 23 22 24 20 15 23 22 20 23 24 20 21 23 18 23 20 22 20 21 23 20 26 23 22 20 45 71 81 81 73 67 69 65 73 47 40 64 64 64 57 61 66 62 53 50 44 44 30 35 29 23 27 26 31 25 28 27 23
82 115 116 81 89 81 81 75 64 56 34 22 23 21 29 28 24 21 24 18 22 24 11 34 93 67 27 26 30 26 26 22 25 20 24 24 17 21 20 20 28 27 24 17 25 26 23 23 19 20 16 20 24 29 26 18 20 23 29 25 28 28 22 16 27 22 21 23 22 24 20 25 21 17 22 22 22 20 20 27 24 22 19 19 21 18 18 15 17 18 20 20 25 22 21 28 70 76 78 72 59 64 60 66 74 64 80 74 78 79 69 66 70 58 38 33 30 38 45 33 24 31 32 26 28 31 30 31
100 114 110 65 54 46 40 34 26 24 20 23 25 21 17 17 22 17 28 21 12 36 100 158 132 58 25 23 23 22 24 24 28 23 28 22 22 18 27 23 24 19 19 19 20 17 24 22 21 25 24 22 20 22 21 27 25 24 27 25 22 18 26 21 28 24 24 23 29 28 26 24 20 23 18 20 22 26 24 23 26 28 24 22 27 26 24 19 25 18 24 26 23 25 26 26 60 76 74 78 70 66 71 66 85 80 79 79 76 65 58 53 52 45 39 40 41 47 39 40 39 29 37 32 28 19 23 21
60 106 102 48 26 23 23 21 24 23 21 21 23 25 23 23 21 21 18 46 109 150 129 62 19 21 21 23 21 20 27 20 25 24 21 23 19 18 20 24 25 28 23 18 22 23 21 25 23 21 24 24 26 20 25 28 28 24 16 21 22 18 23 23 24 22 30 24 20 26 24 20 19 19 25 21 26 22 24 21 20 24 23 23 26 24 22 23 21 23 26 31 17 28 24 24 61 67 86 90 82 82 81 75 86 75 72 63 59 46 44 46 55 66 65 51 60 58 50 53 31 33 44 25 28 30 36 21
116 114 125 32 18 23 20 25 26 21 21 25 25 24 23 20 16 48 112 155 119 54 20 20 24 22 29 25 22 27 23 19 20 16 23 26 22 21 25 21 17 21 21 21 24 24 22 25 21 22 23 21 24 27 19 27 22 20 23 23 24 27 23 26 23 24 24 25 24 27 21 23 22 25 21 18 26 23 20 25 23 16 19 24 29 30 21 21 26 23 26 24 26 21 15 27 35 60 78 83 81 84 82 72 67 63 60 53 67 67 78 65 63 66 71 69 58 58 47 45 30 31 32 29 34 35 35 33
120 130 87 15 21 22 23 22 21 23 23 26 20 23 28 49 112 134 95 49 26 18 17 25 20 27 27 20 19 23 19 21 23 24 21 24 23 24 25 25 20 27 20 22 28 27 25 23 24 22 26 23 22 27 18 22 24 18 20 23 21 27 21 19 25 30 22 22 21 32 25 24 23 25 29 24 28 30 40 25 28 40 58 87 45 30 33 29 30 24 24 21 19 27 25 23 18 42 59 77 86 75 72 62 69 78 79 76 82 84 90 76 68 63 55 61 40 34 31 34 29 32 32 30 32 33 28 26
114 129 59 16 23 27 22 18 28 26 23 19 13 43 99 125 81 37 23 22 24 22 22 24 18 19 20 22 24 25 18 22 26 22 23 23 21 26 21 20 23 27 25 25 26 24 24 21 27 28 22 24 24 22 21 25 19 23 25 18 22 18 23 21 21 21 20 19 21 18 23 30 28 33 39 46 70 86 87 76 103 117 125 109 95 101 88 62 41 36 28 22 19 18 25 24 22 30 74 72 85 75 83 85 84 85 89 74 79 75 69 65 50 50 49 48 38 33 33 40 29 46 44 35 45 30 23 28
112 123 54 22 28 23 20 26 23 20 16 23 75 121 88 41 21 21 26 23 20 23 23 24 20 21 25 29 25 23 20 19 18 27 20 21 19 26 26 21 19 23 25 20 21 25 22 24 26 25 25 24 25 25 22 29 19 23 24 23 23 31 23 19 25 23 25 23 16 23 25 32 34 56 78 119 125 123 121 105 110 107 108 100 120 110 93 91 88 82 72 54 40 29 29 16 23 28 55 75 88 86 92 88 77 74 69 67 66 56 53 55 61 58 65 50 45 40 40 36 25 30 32 31 44 33 33 21
108 108 44 27 24 21 21 21 22 15 35 101 106 51 21 17 21 21 25 26 28 29 24 25 24 18 30 23 22 19 20 31 20 20 20 34 34 27 17 20 21 21 27 27 24 27 25 24 23 24 24 23 18 23 24 24 22 24 20 24 23 27 23 24 24 24 23 29 21 24 28 29 74 105 104 122 126 85 74 80 82 80 65 56 72 71 71 94 105 114 113 105 87 49 40 34 28 27 42 78 84 79 86 72 67 64 64 75 73 67 68 66 70 63 59 60 60 57 50 52 50 32 29 34 47 38 23 23
100 102 31 19 24 29 22 15 16 51 115 78 30 19 18 26 22 21 23 24 25 23 25 20 16 22 32 36 38 39 42 58 88 58 60 70 75 58 52 27 31 24 24 28 25 31 20 24 26 21 21 23 22 18 19 27 23 21 27 27 26 19 21 29 26 22 22 24 24 24 26 54 98 116 89 101 107 76 67 80 59 43 52 49 45 54 72 79 80 86 98 89 89 75 58 48 34 29 34 72 72 73 83 67 70 89 82 84 97 72 74 83 76 77 77 67 60 58 52 38 39 59 42 34 38 41 20 22
94 95 34 23 23 27 21 20 65 113 56 15 19 25 19 28 25 22 23 21 18 20 22 26 41 64 101 116 120 101 117 113 124 107 117 115 102 102 106 76 82 64 36 22 22 26 23 22 27 23 24 25 26 31 26 25 22 24 23 26 27 30 28 30 25 27 23 22 29 31 37 93 112 95 79 86 85 54 71 73 49 45 44 44 49 53 66 76 68 64 89 84 86 93 76 55 37 33 34 68 77 86 91 84 81 87 81 75 84 73 85 88 72 64 58 61 52 49 46 35 34 57 58 29 42 33 28 18
95 87 54 20 21 19 17 59 117 58 21 22 24 19 26 28 25 19 25 27 24 24 37 43 90 123 135 138 113 96 102 105 96 91 70 98 92 82 107 94 109 92 73 25 30 22 27 25 26 23 26 28 27 31 25 24 26 30 28 28 28 30 29 25 27 30 31 31 31 52 91 116 100 86 59 44 58 72 80 75 62 59 49 54 50 46 50 60 46 43 72 84 95 96 98 86 71 47 26 49 76 82 83 73 76 82 76 73 79 70 70 64 68 65 64 51 56 35 40 37 41 51 61 39 32 27 29 25
94 68 81 27 21 18 52 110 46 22 27 27 24 23 19 20 23 20 22 26 50 70 88 103 123 123 92 88 83 66 58 61 64 59 58 65 79 62 100 98 82 90 68 19 21 22 24 22 22 22 20 24 27 24 24 30 29 29 27 31 28 38 37 37 44 58 81 90 82 113 115 131 89 58 48 34 43 64 78 83 92 76 62 52 59 61 69 62 48 52 58 71 73 72 71 77 73 49 26 43 84 84 75 77 84 78 65 69 66 71 77 71 77 75 74 62 57 56 52 59 57 56 53 49 40 36 40 43
101 66 69 63 11 44 108 85 54 60 57 45 44 43 43 46 45 33 27 36 66 99 114 127 108 92 86 73 80 75 68 67 60 69 60 68 95 98 97 115 81 93 104 51 29 48 75 60 67 50 57 46 71 90 89 109 98 97 94 100 112 116 122 136 133 142 150 143 140 130 124 94 73 49 42 51 46 51 73 92 106 108 102 80 65 44 40 45 52 52 51 48 66 69 70 82 63 52 30 39 77 69 66 72 69 63 63 60 67 66 88 83 76 80 65 53 52 53 45 53 48 50 53 41 36 42 59 73
80 63 85 105 58 103 103 56 41 44 59 60 48 49 66 73 88 87 82 82 85 121 124 119 101 96 84 72 68 74 71 71 63 72 61 86 124 124 105 81 78 70 88 91 106 122 131 137 157 150 157 159 164 165 160 153 143 150 153 148 156 147 157 146 145 144 139 141 134 134 118 86 67 45 43 53 54 47 72 86 101 107 119 112 81 67 63 76 72 80 72 68 82 81 87 75 62 45 29 36 73 82 73 61 68 72 69 70 73 84 84 79 75 70 69 57 54 58 61 69 65 52 53 31 52 73 74 74
81 30 28 116 115 109 42 23 20 17 25 26 43 50 72 78 75 88 77 74 77 84 95 92 107 91 91 73 63 57 64 71 74 85 98 107 105 100 73 58 56 66 60 76 103 108 135 144 169 155 150 163 147 149 146 145 153 158 150 135 139 149 133 138 131 119 131 132 126 129 124 109 97 77 63 67 56 57 63 79 98 109 115 112 108 90 78 82 76 63 68 74 80 94 86 80 75 63 34 38 61 60 74 77 73 86 78 71 69 87 78 71 81 79 70 67 74 76 69 67 64 52 37 58 74 77 66 76
73 25 18 97 116 68 22 25 25 23 29 21 18 20 21 29 48 68 72 82 77 67 78 72 64 71 84 74 64 53 62 76 97 108 124 115 109 90 67 69 51 51 62 76 91 113 142 136 135 135 156 147 145 150 148 146 149 146 146 154 142 136 132 144 135 134 134 127 120 121 114 123 119 114 93 86 76 69 79 82 94 106 111 115 112 117 106 93 82 72 73 79 81 76 80 89 77 60 43 35 42 65 78 84 80 87 87 77 72 77 78 76 83 74 65 75 80 75 82 59 44 42 76 76 77 73 70 78
56 23 26 100 112 35 27 18 18 21 22 22 20 18 23 31 42 64 109 130 117 105 96 84 88 98 89 90 68 54 78 98 130 140 136 133 104 91 99 71 36 43 59 87 112 142 133 148 161 172 160 160 149 142 135 145 156 145 140 145 131 131 141 143 148 141 127 125 136 127 121 117 120 115 109 96 89 82 80 73 89 105 139 137 122 112 94 79 81 87 74 80 76 70 82 83 73 52 40 39 31 72 79 84 86 76 70 76 70 71 70 68 75 78 76 81 70 67 57 65 72 89 86 77 73 75 80 88
41 18 51 120 78 15 17 19 21 20 24 27 25 19 26 28 28 63 108 143 144 134 109 82 83 87 79 79 66 74 108 110 131 150 148 129 106 100 79 69 61 56 88 110 136 146 154 169 174 172 154 161 150 128 145 138 158 149 139 138 112 117 132 130 129 128 132 130 130 129 132 134 121 116 114 94 78 79 79 76 95 119 131 138 124 107 93 82 79 90 83 86 92 82 88 76 68 61 40 31 33 78 75 75 75 73 85 86 65 76 81 83 78 87 88 74 66 56 62 73 80 83 81 84 83 87 82 83
26 14 73 116 50 20 26 20 20 24 23 28 26 24 29 30 29 53 88 118 119 106 87 71 59 68 71 92 84 83 100 107 128 140 142 128 114 83 82 85 79 79 125 140 157 164 180 183 172 166 150 161 151 137 150 153 146 138 151 141 126 134 134 121 121 117 114 124 108 104 113 116 127 122 106 114 96 78 70 81 94 116 128 139 122 118 115 112 118 114 105 97 85 86 93 84 79 69 39 34 34 61 65 74 80 76 71 88 85 77 83 91 82 78 71 68 61 75 80 80 84 84 68 87 84 91 83 86
19 21 93 99 30 24 22 25 18 24 25 22 21 25 24 29 36 59 98 116 99 89 90 78 64 72 72 82 81 84 100 118 147 155 148 130 117 92 85 89 116 131 150 152 164 182 169 158 154 138 143 153 150 142 150 156 142 100 74 62 65 76 105 118 112 114 99 95 96 101 100 101 103 102 122 114 106 111 83 61 79 100 137 143 143 138 137 140 135 117 102 75 70 64 74 72 77 66 36 22 30 65 84 85 94 79 76 88 84 87 84 91 80 81 71 66 73 82 91 82 98 85 67 82 86 85 73 75
21 38 106 74 18 26 25 23 20 21 24 28 24 24 28 30 34 63 104 115 115 117 107 98 84 75 86 90 97 115 127 139 159 164 159 151 106 90 109 130 138 141 165 177 175 170 164 159 141 127 135 143 144 141 157 146 78 59 85 85 78 60 42 70 108 107 99 94 97 87 92 101 96 94 102 102 102 112 110 92 87 97 126 142 150 135 136 123 116 116 103 91 100 81 74 84 81 71 42 26 27 49 77 82 90 83 73 85 87 93 100 84 76 71 77 84 89 84 82 78 84 85 78 79 78 79 70 72
19 73 108 55 21 26 27 24 22 35 32 31 36 37 33 26 32 56 82 114 113 98 103 100 88 86 88 105 131 158 181 179 193 191 187 154 126 104 118 129 137 172 168 177 173 166 172 179 155 144 151 146 152 161 151 79 66 97 86 70 74 73 61 53 73 87 94 82 78 91 98 75 67 84 99 87 82 86 98 110 104 91 107 132 128 117 126 124 113 101 90 93 88 86 81 85 78 53 34 30 25 39 77 90 86 85 81 93 89 92 100 85 80 78 96 93 98 97 88 87 81 83 84 86 80 80 68 61
24 101 91 40 21 27 26 24 24 42 62 62 70 51 27 31 37 63 89 110 116 100 102 93 103 103 122 138 160 176 189 186 197 207 196 168 126 113 134 145 169 166 158 163 167 191 175 161 152 154 153 155 158 155 133 93 98 89 83 75 76 62 55 57 78 84 83 71 70 67 80 52 41 54 79 78 71 74 85 90 101 110 113 123 127 144 146 145 132 115 102 99 89 87 100 100 86 62 47 33 29 57 76 81 84 81 82 83 84 102 99 89 77 91 84 87 94 83 85 82 80 87 83 82 73 71 60 65
50 106 70 17 29 27 32 23 24 27 41 84 99 58 24 26 40 54 85 115 119 110 102 98 103 108 128 151 182 187 200 200 205 214 203 180 154 121 128 157 158 154 159 184 166 149 91 119 95 97 135 141 172 168 139 107 89 82 86 80 64 65 62 45 50 81 87 69 55 52 49 36 34 38 70 76 79 58 68 77 85 91 120 126 140 145 155 156 146 134 101 88 99 94 86 73 59 37 26 24 32 65 82 75 83 83 88 74 85 100 99 90 77 93 80 96 86 86 87 77 85 90 77 76 67 61 65 46
94 95 35 21 22 24 26 30 27 24 21 40 72 80 36 54 53 58 101 113 98 95 89 91 81 94 107 130 156 171 180 190 202 206 218 212 170 143 161 165 162 149 148 158 143 131 81 69 69 60 100 118 165 189 156 108 86 88 82 70 66 64 59 55 37 65 107 66 68 88 79 41 28 37 83 96 83 77 72 68 71 87 106 126 127 134 145 145 147 129 117 111 110 94 78 49 25 22 22 29 56 62 76 80 87 85 85 91 99 99 92 74 82 102 103 86 83 78 82 73 81 78 77 73 60 62 57 47
110 81 23 21 24 26 22 29 22 20 26 28 21 52 82 77 39 42 64 83 86 94 106 91 71 88 107 123 143 161 180 197 207 210 207 194 162 167 167 160 146 140 138 159 191 162 102 88 96 128 153 167 160 188 170 107 79 73 59 52 52 48 55 48 33 58 100 94 80 96 94 79 77 81 95 94 86 84 91 83 81 86 101 115 117 116 122 127 138 127 117 112 105 94 79 52 28 22 25 54 70 74 66 94 97 97 93 99 101 88 95 87 96 103 96 85 89 92 84 83 78 77 82 64 59 59 52 35
100 55 22 22 26 32 27 26 18 30 26 25 22 27 67 91 28 42 57 80 118 144 124 105 93 102 110 113 124 140 168 186 189 190 196 194 170 168 153 167 148 141 124 162 158 163 151 136 122 134 164 178 187 207 185 121 78 63 40 35 32 31 39 37 43 53 92 116 110 111 115 120 118 108 106 100 84 73 79 99 94 83 87 97 90 94 111 118 118 118 115 112 99 77 61 42 26 34 53 65 54 72 72 84 98 104 87 85 95 86 82 92 98 89 79 81 89 93 91 85 76 83 65 61 59 48 36 54
86 36 26 23 27 20 26 28 20 33 32 27 26 20 53 90 34 34 36 57 109 126 123 121 114 114 109 95 115 153 162 170 174 193 201 196 188 168 152 163 138 116 141 148 148 148 139 152 159 148 158 186 208 218 188 122 59 46 40 25 22 27 35 32 29 35 75 113 112 111 111 105 100 87 79 88 76 74 69 83 92 80 85 83 66 68 92 96 104 99 89 84 79 67 48 36 41 56 65 42 28 58 84 96 100 94 98 89 80 83 93 96 93 83 77 82 89 89 85 83 78 65 60 66 42 44 45 42
97 59 22 21 21 22 26 29 23 22 27 30 23 21 63 96 29 38 28 55 83 93 128 155 143 119 120 128 161 158 176 183 194 198 186 210 198 182 179 169 135 125 155 154 148 134 137 141 137 134 178 222 227 223 169 113 55 57 43 36 28 33 32 36 40 31 60 97 101 100 96 90 74 78 73 71 61 66 72 65 74 76 87 78 53 43 59 69 78 82 72 59 50 53 60 72 97 109 111 87 59 38 49 89 102 98 87 89 88 92 89 93 85 89 82 88 99 84 84 70 63 65 60 53 43 47 29 32
95 78 21 21 20 20 21 25 23 22 30 29 29 23 70 90 23 33 29 37 34 65 101 141 154 155 166 155 166 179 210 209 206 177 180 204 208 202 194 181 148 154 160 151 157 135 129 123 139 150 178 222 226 221 160 107 58 43 51 56 39 33 54 64 47 34 63 92 102 95 95 96 92 87 79 71 48 63 74 64 68 74 75 75 41 27 32 33 36 55 54 56 50 62 60 82 144 126 128 123 100 67 49 60 71 95 101 104 107 104 98 83 82 90 85 85 90 88 84 71 65 64 53 49 42 40 41 36
101 86 57 63 60 59 43 40 36 26 21 25 22 22 85 72 20 20 30 26 29 51 53 89 144 173 177 172 176 184 195 198 176 179 157 154 198 203 186 178 149 152 136 130 149 163 136 136 139 154 180 217 230 197 167 131 73 48 56 68 60 69 72 54 40 58 65 68 97 123 112 107 99 82 91 80 61 67 64 77 85 73 80 70 35 29 27 21 22 23 36 44 38 44 38 99 130 128 130 88 70 45 59 55 79 100 92 94 102 120 99 91 80 87 81 84 81 79 70 64 62 53 63 41 29 33 37 33
101 101 106 101 97 104 98 93 89 73 47 22 19 43 106 38 20 22 26 27 25 26 29 54 80 117 147 168 156 165 181 159 139 130 94 111 188 195 179 171 173 159 151 177 170 172 150 145 164 172 184 205 192 144 118 115 107 103 99 93 112 121 105 85 70 65 66 70 83 110 112 104 92 84 95 93 78 86 84 74 84 82 85 77 58 44 22 23 25 29 29 27 40 43 29 90 119 118 98 78 43 38 49 55 80 91 92 91 112 114 83 90 90 83 76 78 69 65 64 67 51 53 46 30 39 39 23 28
94 103 115 106 98 101 102 98 97 98 100 73 44 89 65 24 28 27 25 26 31 26 27 32 34 63 90 102 105 125 100 66 56 73 83 101 162 197 180 169 165 144 133 164 182 186 142 145 149 172 169 175 172 126 104 121 135 140 124 96 117 121 119 105 90 74 76 52 46 75 101 92 96 80 83 86 82 78 76 74 78 86 87 81 60 45 41 38 31 30 29 26 40 59 74 69 96 104 97 104 106 75 42 66 80 87 93 91 120 121 108 92 90 86 82 82 99 98 101 105 96 73 51 27 35 36 27 37
73 53 83 98 103 98 98 105 108 109 111 115 113 90 29 32 23 23 25 29 29 23 21 30 29 30 39 71 56 42 29 30 34 52 56 82 162 200 179 174 159 144 153 164 185 182 158 176 169 179 161 159 137 88 92 140 163 156 139 106 101 105 101 96 94 92 85 59 52 70 83 91 92 86 77 68 68 82 82 79 77 78 82 75 65 68 71 74 64 54 37 30 66 106 104 92 89 98 108 119 163 195 159 93 74 103 129 130 153 158 142 130 128 128 129 134 130 133 129 128 120 113 97 53 29 29 27 20
28 20 20 39 65 96 107 118 109 110 107 118 128 79 28 26 30 26 28 24 27 22 21 22 27 32 29 29 26 32 26 31 30 35 40 75 158 189 173 180 171 146 155 160 175 167 168 174 178 190 181 145 111 92 87 119 165 165 126 111 97 102 93 97 101 97 97 67 53 70 92 88 84 77 76 71 73 76 74 66 72 80 85 82 79 76 72 75 68 60 36 29 83 119 105 105 106 112 124 133 165 222 249 233 197 230 245 226 177 164 157 148 149 134 149 145 134 124 124 92 82 85 69 46 31 16 22 25
48 53 52 40 36 46 70 102 112 105 115 122 83 36 21 37 59 62 39 25 26 27 27 29 28 30 29 22 24 41 38 53 60 37 41 45 124 190 192 177 159 138 157 163 162 140 148 148 152 155 162 129 119 111 102 97 168 160 131 121 111 98 104 107 105 104 102 74 61 81 81 86 84 73 68 77 74 66 68 74 78 76 86 85 82 78 73 76 65 54 38 28 50 94 114 134 141 152 141 148 151 182 232 255 255 248 217 164 133 130 136 119 123 117 120 103 90 78 67 47 42 42 34 35 44 46 35 28
96 107 110 102 82 55 43 38 68 117 121 82 46 32 23 60 96 88 42 23 23 24 22 30 31 28 34 37 34 44 53 57 59 27 38 45 106 192 177 173 168 167 163 158 150 159 153 134 141 150 146 142 137 121 97 98 155 148 156 128 105 104 104 111 99 107 111 92 81 83 86 94 88 84 70 79 80 70 68 75 80 86 76 83 80 82 79 76 66 49 34 37 39 36 73 145 155 149 130 134 141 155 173 191 182 180 157 141 131 129 126 126 117 92 87 72 65 68 63 68 62 60 62 69 64 74 74 35
104 107 97 95 91 90 79 59 35 104 98 62 69 34 43 89 98 63 30 35 39 31 31 38 36 42 48 39 55 55 54 46 40 30 26 34 80 153 162 176 181 182 169 154 133 142 137 131 135 142 140 151 142 124 105 142 133 156 155 132 112 99 103 99 90 116 109 90 79 74 83 87 79 74 78 71 75 67 80 83 81 73 74 78 80 88 85 79 65 52 49 39 35 57 91 146 151 134 123 133 142 136 119 117 140 133 144 154 142 142 153 160 157 156 153 133 122 124 121 116 101 87 100 86 84 74 56 35
76 84 88 98 100 103 97 93 89 120 105 68 85 45 70 108 80 40 37 43 44 46 49 57 54 106 74 52 68 60 54 54 41 23 25 34 33 72 140 171 156 177 170 152 156 145 131 126 134 137 120 127 132 125 132 119 132 145 138 133 116 95 81 76 96 99 88 79 74 65 77 80 81 70 81 73 74 70 78 83 81 72 72 81 86 85 82 81 71 57 57 54 85 152 164 143 130 129 137 126 114 108 110 102 111 131 154 144 147 142 145 146 141 149 137 127 103 109 97 92 81 71 80 79 78 59 46 38
31 45 58 78 92 102 98 98 121 98 114 98 86 88 96 101 58 41 51 56 61 54 54 61 105 122 95 104 101 77 67 58 50 43 41 46 37 80 126 168 179 152 143 162 161 165 152 132 111 116 107 103 136 140 110 82 109 97 102 86 76 82 90 74 79 77 76 74 76 87 85 89 82 89 74 75 81 96 91 73 79 79 70 74 79 82 79 64 59 58 81 123 141 132 123 129 136 129 112 123 112 131 132 111 102 142 139 105 135 135 128 126 122 122 123 127 119 97 99 78 51 36 38 26 28 31 40 40
26 20 25 28 26 40 55 66 106 93 84 125 112 97 88 73 50 52 55 63 62 59 56 95 131 109 102 85 94 85 61 58 47 49 50 49 71 99 96 118 170 131 125 165 181 143 146 141 117 137 148 142 100 110 105 112 100 79 87 72 70 75 75 67 62 70 83 86 94 97 86 83 94 94 85 91 92 87 74 77 75 76 75 82 77 84 82 73 71 98 142 140 134 119 108 113 115 103 106 99 100 113 117 117 128 147 114 100 140 114 108 126 145 159 159 143 131 138 133 137 114 93 56 24 23 34 42 40
28 26 30 20 20 23 36 47 94 108 76 103 120 106 73 55 58 62 64 56 52 61 76 124 104 81 72 69 68 58 32 28 35 40 36 67 96 98 97 111 154 114 136 154 150 141 158 157 150 118 111 116 117 115 115 115 120 107 95 78 85 66 51 59 67 67 76 88 88 89 92 80 93 84 94 99 83 72 83 77 82 77 75 76 76 78 78 82 110 128 133 120 111 104 93 113 117 113 110 110 133 141 132 142 137 130 115 117 109 93 90 123 140 139 143 116 106 115 107 93 78 69 48 28 30 27 35 29
54 29 47 45 39 36 43 36 87 114 77 79 110 114 73 59 65 59 54 52 51 68 121 110 83 74 75 81 77 65 47 32 41 39 47 88 104 106 103 125 159 151 154 141 142 134 120 160 148 130 123 137 126 123 119 112 109 91 95 91 87 88 72 57 61 75 82 89 90 86 88 92 101 91 99 90 82 83 90 89 85 74 73 66 70 63 95 118 127 122 109 106 97 109 108 114 122 112 121 119 135 133 125 132 117 103 97 91 78 69 73 81 89 88 86 79 76 65 58 43 29 27 23 27 30 31 28 31
77 85 84 77 63 55 50 36 81 117 87 95 108 125 91 54 58 50 55 48 67 118 115 83 80 81 81 76 80 76 58 33 34 41 84 109 88 90 93 137 153 165 164 128 124 117 125 134 139 129 130 128 125 118 127 118 100 97 101 95 89 94 91 85 86 80 80 99 101 89 92 91 97 89 101 95 79 86 86 89 78 72 67 68 85 97 105 115 101 94 86 91 114 118 124 124 126 131 136 135 132 103 114 127 105 102 70 46 39 31 42 44 30 31 30 36 29 27 34 29 28 30 27 33 33 30 25 26
62 72 76 91 84 74 67 50 81 121 86 89 93 122 124 79 73 61 51 75 126 113 85 80 84 89 71 78 84 79 46 37 44 63 102 89 75 98 125 153 154 137 116 112 72 58 58 79 94 109 114 121 125 121 116 110 116 108 105 111 107 107 117 115 107 96 93 94 96 88 83 89 95 92 90 98 90 88 85 87 77 73 72 100 101 98 94 91 84 86 88 101 99 111 129 121 131 129 131 147 130 112 123 120 99 85 41 31 36 40 37 38 38 37 35 29 28 28 27 32 30 28 27 33 31 26 25 26
69 64 63 75 89 98 97 98 99 110 96 88 63 104 149 97 60 73 93 136 111 90 93 93 96 96 92 94 97 73 43 50 51 83 96 58 67 102 142 154 130 119 147 88 87 105 96 103 113 124 140 143 138 123 119 118 117 108 122 120 117 110 121 116 111 109 103 105 99 101 98 98 101 102 95 95 101 101 93 81 69 89 90 87 85 75 83 95 84 109 95 104 113 110 123 129 144 144 147 151 151 134 126 103 78 65 37 31 44 50 44 44 50 52 48 34 33 26 31 25 32 31 27 28 27 27 29 27
45 45 55 62 86 101 106 114 101 103 112 112 56 88 97 93 56 107 140 122 100 101 104 101 98 102 103 94 82 57 110 60 64 103 78 49 75 117 151 138 142 146 106 96 82 101 129 124 89 98 143 173 178 173 151 130 112 104 129 131 126 119 118 121 117 119 121 118 109 117 112 109 113 107 103 110 100 95 91 96 98 92 91 86 84 93 97 86 103 94 102 96 100 116 108 130 146 147 145 146 139 137 120 97 66 46 37 46 53 42 45 61 47 38 42 33 30 39 34 28 27 32 33 32 29 32 29 31
50 38 35 40 72 99 97 92 89 91 91 104 96 102 98 88 119 145 120 119 112 104 113 105 99 105 105 90 56 109 83 50 93 95 53 46 79 128 158 152 148 112 109 85 83 80 86 83 85 130 147 138 140 149 145 136 111 120 134 140 137 138 134 132 133 135 135 133 123 123 106 109 116 109 115 111 97 92 101 100 96 73 74 79 83 90 88 89 103 102 126 109 97 112 124 134 130 130 131 135 128 129 113 88 67 44 42 51 62 54 59 63 40 60 42 36 33 42 28 29 24 31 37 31 29 32 24 39
61 53 46 59 59 102 101 87 90 84 94 100 105 119 111 142 130 92 99 98 106 112 114 104 102 98 90 57 106 105 50 64 78 69 63 61 78 139 160 146 114 124 101 76 68 50 69 85 105 146 134 91 111 133 136 143 142 144 152 152 154 149 144 142 144 149 133 134 125 118 107 98 100 93 80 83 77 88 98 82 78 78 79 81 92 94 93 82 87 94 105 111 110 105 116 113 115 135 136 123 114 115 94 66 55 44 46 57 64 53 49 55 50 63 43 40 33 22 33 33 32 32 33 26 24 24 27 30
71 81 83 87 79 98 101 99 89 83 88 101 98 118 133 101 68 79 69 56 84 88 94 101 109 106 96 111 136 87 77 69 60 64 89 114 129 174 144 107 127 121 126 111 83 77 86 78 66 94 113 112 146 174 176 171 179 173 180 165 161 159 149 142 140 151 144 130 117 90 70 72 78 65 71 80 95 94 99 92 79 84 84 71 94 100 100 95 93 107 104 119 111 118 130 126 121 130 139 126 115 95 73 51 41 50 51 60 62 44 53 51 58 45 48 38 41 26 25 27 31 34 28 34 29 27 27 27
85 94 93 83 83 84 97 98 87 92 94 94 115 110 72 56 55 59 81 102 110 104 106 114 109 114 131 136 108 106 100 91 82 105 127 133 157 149 112 128 119 113 114 115 102 93 92 100 68 62 87 111 132 148 141 134 135 161 163 146 160 147 134 141 135 131 112 79 73 75 75 85 78 91 79 91 105 100 94 93 83 69 73 69 83 97 96 106 110 112 118 131 125 116 111 123 134 129 123 117 111 94 68 43 42 46 46 55 48 48 59 48 60 58 41 38 31 29 28 26 33 28 32 32 30 36 30 32
58 90 87 78 85 84 83 95 100 99 96 95 98 69 72 52 53 56 72 99 113 103 107 110 121 131 135 106 118 132 154 127 102 102 109 138 156 112 128 125 85 96 108 106 112 105 88 97 100 88 70 80 85 94 81 83 74 97 105 100 95 78 83 103 97 78 77 80 71 67 75 87 84 74 83 84 95 89 92 92 85 78 66 95 99 103 97 100 111 110 121 117 109 109 103 117 117 126 129 125 112 84 53 39 47 42 49 51 54 49 61 54 47 41 36 49 30 29 32 32 26 29 29 35 28 29 26 28
58 72 91 89 89 84 84 86 105 106 106 97 97 88 70 49 48 61 60 55 71 96 110 114 137 129 92 120 124 149 110 63 48 48 90 157 123 129 131 110 77 84 100 108 104 110 97 99 112 87 83 100 103 96 83 96 98 106 103 81 69 72 84 101 102 92 84 98 96 83 94 85 94 88 88 89 73 84 75 82 89 93 103 88 91 108 92 103 108 115 115 107 110 112 104 115 127 121 122 115 103 66 39 37 47 58 63 58 56 57 65 56 42 35 43 46 27 29 30 31 28 27 25 30 28 27 36 29
55 64 56 86 85 92 89 86 108 131 88 73 89 85 75 43 46 69 73 57 46 49 76 113 115 69 67 65 98 124 43 52 54 69 142 134 126 129 132 101 78 69 80 100 104 99 92 109 125 108 100 98 92 94 101 114 124 102 94 86 91 104 98 116 112 103 95 95 106 99 96 79 88 95 78 89 70 82 101 106 107 92 114 100 98 119 92 95 95 100 106 109 93 112 119 114 122 116 122 114 98 56 46 49 43 53 67 60 51 69 56 44 38 32 42 32 34 30 34 33 26 30 31 27 26 31 30 28
57 69 30 63 90 84 91 123 130 121 73 78 95 90 62 38 49 77 78 64 60 77 109 89 65 56 61 66 139 102 61 71 73 136 136 139 117 132 112 98 68 58 73 82 101 104 101 102 110 94 101 106 82 90 106 115 134 124 108 115 115 112 117 117 121 110 99 113 93 105 105 63 79 99 85 88 73 89 99 105 89 105 102 109 105 108 112 89 97 94 105 102 88 97 107 120 138 132 125 105 83 63 52 49 55 60 68 60 59 59 46 29 50 47 41 25 31 30 34 41 27 26 34 26 21 24 29 25
55 63 37 38 77 101 124 113 82 110 76 94 92 64 45 46 58 68 75 88 119 95 64 65 56 60 102 120 122 116 109 113 134 133 138 123 133 88 73 83 68 75 84 80 84 98 95 99 98 94 91 90 104 105 118 118 116 128 112 120 128 136 124 131 110 94 102 113 113 106 85 69 89 93 87 80 88 98 100 97 94 96 85 104 88 100 100 93 83 96 97 87 92 114 130 134 137 134 129 102 67 51 49 60 59 67 58 59 54 53 41 32 47 45 37 29 26 31 34 24 22 30 31 28 24 20 24 29
48 71 42 34 89 146 102 60 78 97 85 94 53 48 54 77 73 81 109 103 73 53 51 64 82 118 132 126 130 115 126 130 128 129 122 140 126 51 65 85 68 69 62 64 70 95 103 111 97 85 90 96 112 125 130 122 134 115 117 117 135 118 120 108 78 105 96 109 99 86 73 101 91 105 88 59 80 101 87 82 87 110 99 67 68 87 88 95 77 95 86 104 115 119 118 123 139 139 121 88 54 53 58 61 57 63 65 49 52 51 42 47 58 46 32 31 35 44 35 27 30 26 33 29 33 35 34 31
55 63 47 87 127 114 125 63 70 105 84 52 46 49 45 89 112 99 72 51 45 38 47 64 99 129 129 127 125 123 139 130 124 122 122 141 71 40 54 84 71 57 66 80 90 93 86 97 87 92 118 113 104 115 98 107 123 111 99 123 129 108 104 105 112 128 107 63 75 63 69 104 68 100 103 84 87 96 103 86 98 101 101 90 95 87 95 104 99 97 94 97 102 122 136 142 128 122 104 70 49 51 56 63 66 79 61 62 56 39 41 59 54 37 30 38 37 62 69 69 75 75 86 55 55 78 69 56
50 69 106 140 109 72 116 132 93 108 75 49 50 60 83 100 86 60 48 55 49 37 48 62 84 128 135 127 121 111 133 125 131 118 126 83 36 38 66 80 72 74 54 63 95 95 108 110 103 128 125 117 98 98 113 106 114 99 88 94 105 104 104 112 96 106 113 85 83 83 73 88 72 91 89 102 113 110 92 73 76 93 108 104 86 79 91 100 103 98 99 100 114 133 140 145 138 108 65 52 62 55 56 64 72 83 60 75 75 59 46 53 35 42 48 52 52 136 152 143 142 130 121 104 56 79 88 81
68 118 130 112 94 84 112 148 112 105 60 53 74 76 48 44 71 64 51 44 43 41 38 56 84 86 102 122 140 129 111 117 132 129 118 76 26 34 64 72 60 65 48 67 76 73 96 103 106 125 105 102 101 103 107 109 116 80 92 103 122 109 111 105 93 104 109 73 81 102 86 102 80 88 83 100 104 87 97 86 61 72 83 92 87 86 93 85 80 93 99 103 130 148 148 127 110 76 62 57 61 54 63 59 64 62 53 54 53 61 59 50 31 43 48 48 123 199 186 173 167 152 138 127 89 62 96 91
129 117 91 110 115 118 116 127 156 143 112 81 80 85 83 81 87 78 52 47 44 43 40 64 80 64 70 91 113 129 121 122 134 125 127 107 48 61 64 64 57 52 46 54 70 78 74 82 102 108 108 113 109 114 106 106 107 99 101 108 126 100 97 107 109 101 102 99 90 80 85 102 95 105 88 82 79 100 90 75 76 83 63 54 49 75 75 93 86 83 100 114 140 148 153 128 87 53 52 58 61 59 64 62 76 65 63 64 54 60 68 45 42 42 50 61 197 225 211 192 190 169 156 136 114 67 90 95
114 96 99 104 104 85 58 65 131 156 127 78 104 138 138 136 138 130 133 114 69 47 47 88 105 119 119 107 95 120 119 123 131 125 134 115 95 68 65 62 54 55 57 45 78 67 44 64 86 94 105 112 93 109 117 118 74 80 101 101 107 104 118 107 107 107 100 105 89 99 97 95 99 84 83 94 74 99 89 75 101 83 84 63 64 83 90 96 81 82 95 103 127 136 128 101 74 52 58 70 65 64 69 69 74 66 54 62 56 56 54 43 52 42 51 107 233 232 227 211 204 189 162 139 132 105 82 97
120 144 128 95 73 74 64 59 96 146 97 59 126 148 138 125 121 113 122 152 157 114 95 133 147 134 117 110 98 122 129 133 135 103 86 95 121 73 67 61 57 63 58 66 77 77 64 65 78 80 83 83 72 86 103 95 96 105 119 105 97 92 87 92 96 90 80 86 83 89 95 90 66 50 81 93 90 81 70 78 91 77 80 81 72 85 68 74 82 91 123 125 116 106 99 68 50 54 65 71 64 64 67 49 82 75 53 55 50 65 40 38 41 49 68 175 243 231 218 213 197 188 166 145 139 125 98 84
141 150 143 143 112 76 67 65 80 146 87 51 107 144 133 135 133 118 116 127 136 147 160 154 145 141 133 128 111 127 117 122 138 98 74 79 97 51 70 59 57 57 52 69 83 79 82 67 77 71 66 95 98 96 97 100 110 112 112 117 100 107 102 118 101 93 79 96 105 73 82 113 90 79 90 100 82 79 87 84 75 79 74 72 63 69 86 94 103 122 149 148 114 74 66 62 61 68 72 67 75 76 73 69 70 69 57 61 65 59 48 43 48 48 92 199 239 214 201 190 174 161 156 146 133 126 108 66
163 177 158 165 163 89 66 68 93 134 84 48 47 84 125 134 134 131 120 132 130 133 142 156 157 160 139 130 126 126 102 113 126 97 96 102 44 41 65 66 61 56 60 74 67 78 76 81 86 64 57 83 100 102 81 90 101 101 104 114 101 95 104 103 106 83 79 94 118 87 74 98 88 56 87 74 65 85 85 81 63 62 61 69 62 72 73 79 112 133 148 134 103 65 45 57 67 77 75 77 74 53 67 72 70 55 53 68 60 51 49 44 51 49 126 169 159 143 118 101 94 82 84 78 65 70 62 49
163 160 157 165 162 113 72 68 84 125 83 43 31 37 49 81 103 124 124 116 117 130 142 144 139 152 152 140 134 116 118 122 126 111 116 62 31 63 64 60 61 66 62 60 55 80 93 98 83 75 65 57 74 84 90 98 101 99 94 105 114 101 101 102 102 90 87 94 98 77 85 101 93 78 62 64 61 77 71 70 64 67 63 63 70 64 73 104 121 122 130 101 64 48 57 67 72 71 66 74 55 59 73 63 73 40 46 47 71 61 40 39 40 48 57 58 46 43 42 37 38 43 41 38 34 36 49 50
155 156 156 156 159 102 62 54 66 119 76 46 36 35 46 55 58 78 104 111 114 126 136 136 137 148 144 130 128 130 121 120 150 145 101 82 92 84 66 79 94 73 74 66 65 51 60 79 94 92 76 71 44 72 96 101 112 118 101 100 88 82 84 75 83 93 88 91 99 89 80 80 75 78 76 90 69 66 74 70 61 92 73 73 75 82 97 107 129 118 99 77 64 56 62 75 81 68 73 65 73 74 69 63 56 50 44 46 56 59 46 34 42 46 36 38 36 37 32 28 34 33 32 32 29 31 38 29
160 165 168 163 174 105 58 58 72 107 68 48 39 41 53 60 60 71 96 112 120 122 125 130 134 135 129 134 132 130 135 155 166 130 102 88 76 73 83 95 115 88 62 63 74 62 48 77 104 99 91 71 57 84 102 97 111 113 89 111 88 88 89 74 82 86 91 81 81 76 80 76 74 76 84 88 70 85 83 76 57 79 85 79 87 95 104 123 145 94 50 41 49 64 70 73 70 66 78 67 70 68 57 76 58 51 42 50 51 65 36 33 35 39 34 32 31 30 30 29 22 27 24 28 29 29 23 33
161 156 160 159 154 93 58 57 71 99 75 47 52 57 63 67 80 77 95 111 108 88 82 93 99 131 129 139 134 135 163 153 106 89 93 92 101 118 124 95 82 70 66 65 72 63 45 71 109 94 84 69 70 84 107 112 110 89 97 119 96 88 94 91 82 87 93 91 84 84 84 72 69 75 82 71 70 65 67 70 90 78 84 100 107 128 131 124 115 75 47 41 56 74 73 77 70 76 79 64 76 76 63 68 62 46 39 50 52 57 55 30 33 32 30 27 29 32 24 28 22 27 25 27 25 22 26 32
150 157 154 155 151 72 57 63 73 94 79 58 67 72 75 76 81 75 86 90 73 67 76 63 91 137 130 112 123 125 121 105 100 128 155 144 118 102 108 123 115 115 102 67 65 73 62 95 103 72 77 96 98 88 100 102 101 120 114 124 123 102 97 94 92 92 86 79 85 92 86 73 82 70 72 60 72 69 63 68 81 78 88 108 123 117 129 106 72 52 52 73 77 80 79 88 72 78 68 70 57 77 63 49 52 52 43 41 48 54 58 36 30 23 25 30 21 23 42 61 63 50 38 34 18 19 23 32
155 159 153 156 135 72 63 51 67 97 91 77 72 79 83 81 76 75 91 89 65 51 53 70 125 123 95 116 105 68 56 59 69 83 84 65 48 47 53 73 86 107 90 66 57 75 91 111 100 89 95 118 130 111 119 107 111 137 141 135 139 144 132 110 106 105 101 79 89 96 80 90 93 78 69 66 50 70 73 68 84 97 95 108 115 111 111 84 53 57 67 76 88 90 85 83 77 80 74 68 68 75 65 55 40 39 51 41 39 52 48 37 25 22 23 22 47 88 96 96 97 103 97 93 48 22 24 22
148 144 138 134 104 65 79 102 123 134 132 112 87 84 87 83 77 77 95 90 60 51 50 122 127 119 108 77 57 57 54 57 45 56 47 50 49 53 54 58 63 65 63 69 84 98 114 130 128 128 138 124 121 138 148 120 109 134 154 153 164 167 162 139 112 109 109 110 99 98 80 83 77 70 79 74 79 80 73 77 86 105 110 121 99 80 68 57 60 68 72 89 83 87 85 63 79 82 65 61 78 76 56 54 49 52 54 41 35 36 28 29 29 30 21 54 97 102 96 91 100 105 112 123 129 59 24 22
134 122 102 97 91 100 118 119 128 136 126 121 126 119 99 87 78 84 94 102 68 53 120 135 126 98 74 62 64 54 53 53 54 62 55 52 53 55 59 60 61 65 69 61 78 104 130 142 133 137 148 150 141 138 154 141 138 136 134 139 175 180 170 154 127 137 124 105 123 106 96 95 97 95 76 69 89 103 102 109 127 128 109 100 86 50 49 58 79 82 85 95 83 80 77 83 83 75 69 72 84 73 69 57 39 59 50 40 40 35 24 28 26 25 33 93 104 100 99 100 97 110 124 129 139 128 52 60
88 83 80 94 117 124 118 118 117 123 124 121 136 133 129 107 100 98 95 93 67 113 145 124 105 75 77 81 63 59 49 60 87 95 63 50 67 60 63 65 57 57 63 73 80 94 118 133 134 145 152 157 156 147 141 141 150 151 130 125 162 180 170 165 154 151 140 133 139 132 130 104 102 101 105 111 113 112 120 126 117 126 99 71 58 52 58 66 81 97 97 93 91 86 82 94 71 66 70 62 74 73 59 72 55 48 46 37 32 21 21 30 22 27 66 102 102 113 114 112 106 113 132 134 128 129 110 91
65 82 116 117 121 121 117 123 126 134 136 134 133 126 108 90 95 91 88 96 96 154 123 93 63 58 73 77 72 51 58 94 91 72 52 56 89 89 74 74 74 77 79 75 88 87 97 131 154 139 123 119 124 136 146 134 138 148 147 143 151 168 169 166 170 153 152 164 152 138 129 128 129 127 120 133 133 118 114 105 101 98 70 57 64 58 66 81 87 85 93 94 92 78 89 70 65 74 71 66 69 62 63 45 40 34 49 35 33 24 28 21 25 25 60 96 103 109 110 108 101 113 129 137 134 134 136 75
81 100 111 117 120 129 135 131 135 127 126 127 124 134 100 73 84 68 94 130 153 142 97 63 51 53 64 60 59 60 87 105 78 71 55 66 101 90 74 80 90 95 89 94 107 100 107 109 121 115 122 148 138 146 144 132 123 112 128 138 135 139 148 153 162 163 149 154 160 145 137 130 133 145 134 135 137 122 100 76 60 54 52 63 69 73 84 82 88 87 92 91 83 99 78 70 83 85 74 66 56 62 70 64 36 32 44 36 36 35 40 31 25 23 68 93 103 115 117 108 113 127 130 141 137 121 109 87
151 153 140 138 132 126 129 125 123 123 119 127 122 123 85 86 79 64 73 141 147 93 83 68 45 43 62 53 53 77 94 104 89 96 90 100 89 65 76 85 81 79 83 89 101 107 115 113 111 116 113 132 141 142 147 137 119 102 116 115 110 111 118 130 141 155 146 133 144 150 129 119 122 132 134 130 114 99 71 55 46 50 69 80 85 84 91 75 94 90 90 82 79 98 83 70 87 93 83 68 72 61 57 78 40 35 33 25 18 34 44 29 31 25 80 100 105 109 104 112 112 107 85 75 59 49 26 33
174 170 165 151 137 138 140 128 126 129 129 123 118 108 97 95 77 68 119 146 90 80 79 69 44 36 47 58 59 76 101 94 101 97 105 90 65 74 91 90 94 98 105 102 96 108 111 121 121 115 112 112 116 127 136 128 119 126 142 124 111 113 101 95 97 117 111 98 103 113 103 106 102 95 106 86 70 55 48 44 53 68 84 85 97 93 87 88 99 87 88 83 76 83 78 65 72 54 62 67 56 48 58 70 50 49 34 27 22 22 30 28 29 34 89 105 79 52 38 46 45 40 37 35 31 32 30 33
168 170 173 162 155 158 165 132 123 122 121 113 98 89 100 92 85 98 139 126 77 87 77 74 55 37 29 51 79 77 100 101 104 108 94 79 94 102 94 94 107 102 106 120 112 116 116 117 117 118 123 135 132 135 129 135 134 156 141 124 115 108 113 103 79 81 80 79 80 78 83 80 77 69 54 49 37 38 50 51 62 82 91 93 95 95 95 101 97 85 95 104 90 89 72 70 65 54 56 57 45 48 54 39 34 43 27 25 29 31 24 22 38 99 104 55 31 27 31 31 37 30 33 35 30 28 36 49
154 127 116 112 105 115 109 99 103 95 90 84 84 83 98 82 84 137 137 95 69 83 85 64 54 46 46 70 92 94 98 96 111 120 116 116 107 112 98 110 125 128 119 115 121 134 133 121 123 138 139 138 137 138 138 145 138 141 137 130 124 127 120 95 92 106 100 102 98 94 85 79 78 64 52 42 32 56 66 74 78 85 104 100 101 101 102 89 93 98 105 77 94 89 73 71 53 49 57 57 42 40 40 39 37 25 18 27 22 25 23 49 104 92 45 28 35 28 33 32 32 40 46 42 48 43 42 49
141 135 97 93 92 96 98 103 106 95 77 91 96 95 98 90 129 151 146 112 86 86 72 57 55 54 59 79 102 110 104 93 113 118 119 129 121 110 113 118 128 141 130 130 132 148 140 138 139 140 145 145 146 148 151 150 137 147 145 138 149 132 127 116 114 128 123 117 107 101 86 80 83 77 66 41 45 72 81 84 89 94 89 102 106 117 105 97 103 85 71 84 106 86 66 63 59 46 57 42 43 40 30 52 42 27 31 23 20 25 70 110 73 36 49 54 60 58 58 57 52 59 57 61 51 54 56 58
132 124 90 81 95 97 100 102 106 101 84 78 89 93 98 137 129 123 90 101 104 103 105 94 65 58 68 85 103 106 106 113 126 113 115 128 129 113 105 99 106 99 112 124 131 141 139 141 152 160 162 164 163 157 150 155 151 159 164 154 130 132 129 132 127 131 126 120 108 100 87 84 82 74 61 52 63 77 94 95 93 94 105 104 93 91 81 89 90 78 74 86 83 64 70 70 59 58 53 38 47 39 38 47 39 29 28 22 27 80 105 70 61 75 72 69 69 55 53 56 56 57 53 56 61 61 55 60
129 125 111 87 95 97 92 77 82 91 82 63 69 96 136 131 117 121 79 97 88 85 72 104 143 117 83 102 108 119 122 132 136 126 119 124 121 104 96 97 93 90 88 82 98 114 113 142 143 147 152 148 143 143 139 149 156 150 140 142 141 142 137 139 140 144 133 130 118 103 102 96 85 78 59 69 88 99 98 104 109 104 105 101 99 95 90 101 83 83 92 85 75 77 88 66 51 75 49 38 56 50 50 32 33 21 27 37 86 86 53 59 63 69 63 55 57 61 60 61 61 63 60 60 64 52 48 51
134 137 132 109 94 88 66 54 61 78 69 70 92 132 115 95 138 86 85 93 83 77 55 47 105 194 173 153 128 91 102 127 122 112 108 113 107 103 94 100 105 106 99 107 99 90 92 98 99 116 138 143 138 146 138 123 135 145 148 143 144 151 146 121 129 124 118 132 125 118 101 95 82 71 65 85 101 106 99 109 114 106 104 100 98 88 87 98 85 91 85 90 96 73 65 60 57 60 44 48 46 51 56 27 29 26 33 80 76 38 50 57 50 55 53 51 59 62 60 56 63 55 46 46 51 48 53 62
127 127 123 115 77 62 46 50 55 66 70 85 134 125 93 142 96 75 82 88 88 73 56 67 130 172 202 184 151 104 94 118 106 106 113 97 91 95 100 111 110 112 104 103 98 105 105 84 84 92 104 110 104 97 107 108 125 136 135 144 143 142 136 113 126 145 121 119 121 114 100 87 72 61 78 95 103 103 103 105 108 118 102 99 95 85 94 90 80 76 78 89 71 62 57 50 54 41 52 53 39 46 49 35 25 36 76 69 39 47 55 56 52 45 51 45 48 43 41 48 43 37 40 43 35 34 29 34
112 107 103 95 64 50 48 39 40 55 66 120 128 95 148 119 62 61 61 89 83 63 66 112 146 152 170 195 176 171 140 140 148 134 103 90 86 88 97 104 96 105 104 114 110 108 110 100 110 87 90 76 83 109 123 120 117 116 118 132 139 122 125 140 140 136 129 119 120 102 100 89 68 55 89 97 102 98 98 101 111 120 108 97 90 86 98 81 86 78 87 67 60 63 60 50 58 39 43 32 43 32 31 26 42 70 70 39 31 42 37 33 40 42 43 42 37 32 28 25 35 49 42 41 43 42 32 24
97 95 100 74 41 39 42 46 36 49 117 135 80 137 123 82 92 72 83 96 68 49 82 138 143 142 159 184 176 171 169 167 172 155 122 91 86 83 100 98 86 71 86 91 94 96 110 103 106 101 103 81 72 80 107 125 134 118 124 130 132 118 128 128 124 114 125 112 119 115 110 90 75 80 93 101 104 98 112 109 108 104 104 114 99 91 93 83 75 80 71 72 88 67 58 59 48 39 32 45 44 33 29 27 58 74 49 28 28 30 30 37 35 36 41 39 35 40 23 24 44 46 41 43 36 41 42 27
88 81 82 54 37 25 35 38 30 89 139 84 109 127 83 109 116 98 90 89 45 44 102 149 146 152 149 163 165 159 160 153 149 154 143 104 91 89 72 66 67 70 76 90 95 93 95 109 101 94 97 95 84 62 69 118 131 126 113 134 127 108 108 118 115 114 116 101 105 109 98 78 78 104 102 106 103 125 114 113 110 110 116 113 96 89 81 82 77 83 67 62 78 71 64 51 47 44 33 49 42 33 30 34 66 53 46 34 19 27 29 31 24 26 38 31 41 30 34 45 40 43 39 35 34 29 30 34
83 77 76 37 23 29 33 32 75 134 90 95 135 81 109 125 129 111 100 72 35 43 125 149 148 159 149 153 160 156 144 136 138 138 142 128 102 82 76 60 76 78 87 84 77 103 94 96 118 106 100 99 83 86 74 85 108 110 120 131 141 111 106 127 114 116 111 102 101 102 86 66 91 104 98 94 103 105 102 112 112 112 109 98 89 86 80 73 77 77 69 64 64 62 58 48 47 39 38 36 40 24 20 59 82 58 42 21 18 30 23 13 27 32 32 37 23 31 45 49 44 37 28 30 24 32 24 28
76 89 73 26 28 28 29 67 142 98 86 127 87 99 133 133 130 108 95 78 71 78 140 157 149 149 145 144 147 150 139 135 130 124 121 115 115 97 81 68 77 74 81 82 79 87 86 96 102 96 104 85 89 99 91 81 74 98 116 113 114 115 111 119 114 104 102 98 101 90 74 81 89 97 96 103 109 94 99 112 114 119 97 88 92 87 77 84 91 81 85 75 75 57 44 43 41 34 37 38 27 25 36 60 50 55 73 66 39 29 29 24 28 35 30 25 36 42 38 38 27 27 31 29 32 34 41 40
58 71 76 23 24 30 44 127 119 86 127 90 62 106 150 136 118 109 107 106 112 123 159 150 150 146 145 143 136 142 143 136 133 130 124 122 130 110 87 68 57 73 66 66 88 99 82 90 95 94 105 106 92 97 106 91 76 75 110 108 104 104 112 112 99 97 106 95 94 81 79 98 101 105 105 109 122 106 112 120 96 113 93 96 99 81 83 86 80 82 72 66 76 57 43 41 40 44 34 30 25 27 54 33 23 47 64 101 104 66 44 41 43 33 20 31 48 44 29 31 35 37 34 32 33 37 41 41
50 68 81 47 35 42 116 129 79 122 94 62 71 126 136 115 103 110 113 108 105 114 148 166 144 136 135 131 132 130 142 141 134 133 125 136 135 126 103 102 79 73 84 82 83 96 82 94 107 113 108 81 88 109 103 100 92 82 86 91 106 105 101 107 98 91 94 86 86 78 85 94 104 106 107 115 114 112 125 108 102 105 90 95 93 91 82 79 60 54 57 66 74 53 44 40 36 43 32 30 23 45 47 33 97 115 107 90 99 106 79 69 47 30 38 50 40 32 24 33 40 35 35 37 43 37 40 37
61 74 56 66 68 113 140 81 113 94 68 54 111 135 107 106 105 108 105 100 102 101 128 163 139 119 118 122 126 136 136 136 129 122 127 135 140 132 111 103 107 92 88 84 84 86 78 86 90 108 89 82 102 106 84 98 99 93 101 90 96 114 110 104 100 91 95 81 71 77 83 99 105 93 107 107 112 119 115 106 99 98 97 85 95 86 73 66 62 61 67 66 46 52 44 42 40 41 35 24 26 44 21 71 127 121 113 105 89 100 105 100 65 41 46 40 33 29 30 30 36 33 35 38 34 34 32 31
78 69 35 36 94 146 99 124 123 104 101 73 111 108 102 102 96 107 105 105 100 103 111 139 141 128 122 127 136 134 131 132 139 128 133 137 131 124 92 93 102 89 88 95 103 99 94 109 105 91 94 99 97 96 106 111 113 86 88 91 84 104 96 89 93 93 95 92 76 83 110 109 108 105 106 108 121 110 115 116 98 87 88 95 95 79 79 74 94 84 81 64 41 47 51 37 29 37 30 24 44 29 30 85 117 114 112 113 99 96 98 100 99 77 51 30 25 28 32 27 38 42 26 30 31 32 40 36
78 61 52 87 151 118 132 123 101 104 99 111 113 103 95 99 101 100 108 102 99 102 109 98 107 135 138 135 135 136 131 127 133 126 123 127 137 121 91 85 88 94 108 111 110 103 85 101 108 99 97 105 81 72 94 86 91 104 78 85 77 80 89 92 80 86 86 75 70 86 112 112 115 113 114 113 118 107 112 95 89 94 97 86 99 95 93 72 64 68 66 52 44 54 44 32 30 35 23 42 37 16 23 56 109 110 108 104 109 102 98 107 102 102 79 56 28 27 28 29 28 23 28 25 33 31 31 29
91 66 81 152 127 115 103 90 93 89 102 117 115 107 109 105 107 96 102 106 99 108 106 102 96 103 127 136 136 139 127 128 133 133 133 129 132 125 91 73 86 99 100 113 106 96 111 115 93 83 90 89 84 89 97 96 96 106 85 84 84 71 66 70 83 93 78 71 86 90 98 107 124 105 115 106 101 95 97 100 93 93 85 74 70 81 65 55 51 66 42 47 48 51 40 40 33 27 29 40 23 21 22 40 82 97 91 94 99 100 101 97 87 87 85 83 52 26 25 17 32 32 27 26 24 16 26 23
94 72 131 129 82 89 70 78 85 84 103 114 110 107 113 113 108 104 101 109 103 101 101 105 102 97 103 118 135 140 134 131 130 131 139 133 135 125 79 81 84 85 98 103 104 85 88 99 89 85 94 99 102 92 101 100 96 98 93 88 93 69 49 63 72 76 59 63 91 106 100 113 101 114 124 106 99 99 106 100 87 94 91 75 79 74 68 46 67 50 46 56 56 52 47 35 35 20 47 33 24 23 26 49 88 87 81 85 85 82 92 92 83 83 78 77 67 31 30 26 33 24 21 20 30 21 18 20
54 98 152 73 76 77 78 97 107 105 120 114 107 103 98 106 106 106 106 106 110 110 107 107 100 106 112 106 108 122 133 136 138 131 132 131 136 121 80 79 92 91 88 86 84 77 89 82 75 93 97 92 95 95 105 106 96 83 84 89 94 94 60 55 56 57 56 78 93 104 102 98 87 100 116 101 99 113 107 85 85 93 86 76 73 55 64 56 62 64 77 54 48 47 36 36 26 34 41 23 22 23 34 62 82 73 81 75 83 82 91 95 84 76 74 75 70 43 21 20 25 22 19 20 21 25 26 23
88 148 97 90 69 65 69 59 49 56 74 109 106 104 94 103 99 99 104 105 104 104 111 107 108 115 105 100 102 109 119 120 131 130 125 123 125 104 95 90 96 101 102 87 84 85 91 90 75 96 105 87 94 95 96 97 110 110 116 109 121 124 64 43 61 68 56 91 104 103 106 92 101 110 119 109 106 103 97 84 87 71 74 80 70 58 56 69 58 55 58 54 54 43 41 34 29 47 22 20 25 25 42 63 78 74 77 72 71 76 82 84 77 76 82 82 86 58 21 26 25 17 20 21 23 23 22 21
135 77 98 90 53 43 42 49 50 55 60 82 108 105 105 104 102 103 108 106 106 95 108 110 108 103 111 106 106 107 108 104 120 124 138 133 125 105 109 110 104 96 96 101 82 70 76 85 85 114 112 93 95 88 98 96 93 98 101 112 126 93 58 58 36 35 64 86 102 108 98 107 117 117 99 109 87 88 85 77 77 66 80 64 67 67 79 71 53 53 45 49 46 33 39 36 40 43 25 19 32 21 44 70 77 69 75 66 60 58 66 65 67 70 72 75 78 70 24 21 19 25 25 24 24 19 25 25
63 69 98 76 45 34 46 57 62 56 61 59 105 106 103 99 106 108 102 103 104 101 109 107 109 103 107 97 106 107 103 101 104 109 124 134 125 106 118 120 115 102 90 100 81 64 82 88 89 93 93 97 94 81 89 84 82 81 123 149 166 135 83 56 29 32 60 65 92 100 104 107 103 112 105 97 87 89 77 82 70 74 79 63 61 57 57 60 66 30 36 42 29 31 30 28 50 30 21 26 30 19 40 62 70 72 74 69 62 59 68 69 61 64 69 73 69 42 22 22 21 28 26 22 28 25 23 28
84 94 83 54 34 19 22 35 46 54 55 63 69 107 111 102 104 108 101 110 103 103 112 105 114 105 100 99 103 100 95 97 100 103 102 106 114 113 124 124 114 101 96 83 82 81 86 90 73 77 98 103 89 93 93 94 91 117 141 158 163 140 99 73 38 49 93 96 108 107 103 97 109 115 101 97 84 86 78 73 86 92 60 64 55 64 61 55 45 32 37 40 37 35 25 32 45 29 22 24 16 21 26 30 57 73 72 63 67 60 73 69 70 71 73 73 41 19 19 24 23 24 30 25 25 24 28 24
92 96 73 50 25 21 20 20 23 22 30 44 52 62 91 104 106 112 106 110 98 105 117 111 105 103 98 93 107 100 95 92 91 100 99 94 111 120 126 122 107 89 90 95 92 91 91 77 84 83 91 91 94 106 111 107 111 128 130 124 130 118 78 47 29 35 69 87 97 97 93 101 109 99 101 96 86 88 77 68 93 75 68 71 58 60 42 41 39 37 31 34 34 27 23 41 37 29 36 26 27 26 29 23 28 71 73 76 70 70 70 74 80 87 73 48 20 23 26 25 25 25 29 23 28 26 29 22
92 97 57 38 21 17 25 21 18 19 24 22 26 26 44 74 81 100 106 99 105 104 107 101 102 95 98 103 98 90 97 104 101 107 102 102 114 117 118 114 101 94 96 94 92 90 90 80 81 90 90 95 89 102 96 95 100 128 110 88 77 67 64 44 56 50 44 67 97 97 95 107 112 109 102 85 97 94 82 79 80 70 63 63 73 57 54 44 41 36 37 31 28 21 31 43 35 23 28 29 37 24 29 22 24 40 69 76 75 79 80 79 97 80 38 27 25 24 23 22 27 26 27 24 28 29 29 29
94 86 60 52 44 52 64 66 40 22 21 27 28 20 35 73 53 34 54 78 93 102 107 97 97 87 83 70 52 71 105 105 108 116 112 115 124 129 132 123 106 101 90 88 92 90 83 89 80 91 85 100 96 90 91 97 144 162 129 98 60 34 21 34 47 51 89 93 93 90 98 108 95 100 102 98 85 79 66 79 66 65 72 77 68 54 62 40 40 36 27 34 27 20 32 31 26 32 29 30 28 22 24 23 26 25 38 63 69 67 64 58 40 26 30 21 27 28 27 21 27 28 20 28 28 25 26 23
91 86 89 103 101 81 48 68 86 49 27 20 21 24 29 63 47 22 19 23 29 52 62 44 35 37 32 23 20 31 80 101 97 103 102 113 127 134 129 117 109 102 91 81 82 74 78 86 95 88 78 94 93 97 94 132 187 172 181 182 128 82 37 30 45 76 90 107 96 102 103 93 101 112 95 88 87 76 80 85 76 62 70 71 58 54 52 32 39 38 29 31 24 23 36 27 21 24 30 21 28 32 23 29 30 25 22 23 33 26 24 19 20 23 27 25 24 24 21 20 21 25 21 24 25 22 21 26
71 67 64 54 41 23 22 41 55 46 49 41 23 26 64 83 84 72 45 27 46 35 36 34 32 21 19 23 27 36 42 63 94 94 107 121 121 120 118 101 99 93 86 84 78 76 91 96 92 85 82 92 81 89 108 130 161 159 161 153 99 59 36 30 62 96 117 107 97 95 92 98 106 86 87 92 82 70 81 74 70 70 53 52 63 45 38 33 46 34 32 21 20 29 38 30 19 20 28 24 27 28 24 35 30 36 26 27 27 24 26 26 21 20 23 20 25 28 25 26 24 21 23 23 21 20 22 21
60 44 47 36 26 26 34 57 48 35 38 59 98 128 148 148 155 138 115 99 78 31 29 36 26 21 22 31 35 40 46 51 55 52 79 105 112 114 107 98 89 79 81 70 73 83 111 95 72 71 73 85 89 114 116 102 120 121 107 87 66 39 31 31 53 92 105 99 100 100 106 102 86 86 85 81 80 91 72 71 73 69 60 57 38 42 50 40 35 33 28 20 28 30 27 21 19 22 24 24 22 15 22 28 37 38 28 30 26 29 33 32 32 34 30 26 25 25 24 30 29 25 24 20 27 25 22 22
52 54 62 50 33 24 26 28 34 37 88 139 146 147 146 143 135 150 128 114 101 88 65 32 20 23 23 28 35 34 51 70 53 45 55 72 94 117 106 94 82 76 74 69 67 59 70 67 69 70 74 100 111 113 109 93 95 89 72 39 24 30 31 46 72 96 109 103 101 103 99 96 88 86 78 88 75 78 68 71 64 55 59 58 35 44 39 40 32 32 31 30 30 21 25 22 21 26 25 23 22 21 29 27 43 48 36 34 28 28 34 35 36 40 42 47 37 32 31 27 28 34 26 33 28 21 22 23
52 55 54 56 39 25 22 28 25 70 138 129 131 141 143 139 151 143 127 105 88 82 81 71 33 27 36 30 34 31 54 52 40 43 53 70 84 101 100 91 80 73 74 65 55 58 69 70 69 80 83 105 116 114 113 105 101 80 51 26 27 32 41 78 108 107 103 94 91 101 97 95 91 84 72 78 69 68 63 61 71 67 54 58 37 41 38 31 35 35 17 30 30 29 21 24 43 41 25 23 23 21 25 20 31 57 54 55 44 32 36 39 39 44 46 46 45 42 34 37 35 24 28 30 30 22 22 26
60 64 56 53 41 29 22 25 33 125 130 120 110 111 114 130 144 130 117 117 100 88 75 74 72 42 39 34 35 39 29 24 28 46 52 64 80 95 92 90 80 67 60 63 50 57 64 68 69 81 85 95 109 117 101 104 104 79 48 34 47 64 76 101 105 101 100 93 99 105 94 86 83 84 81 81 68 67 67 65 69 61 63 68 42 41 37 36 27 20 17 27 44 38 22 21 36 39 36 26 24 24 24 21 25 47 64 62 58 51 45 54 46 40 46 43 38 42 41 47 38 26 24 25 27 28 18 19
46 55 52 46 37 30 25 18 75 143 124 118 104 99 89 99 128 130 122 118 106 96 82 80 75 69 42 44 40 30 28 28 29 39 50 56 70 77 73 71 70 63 55 57 58 63 75 84 76 75 72 76 79 87 98 107 100 81 39 37 71 84 93 95 100 98 102 106 111 90 93 86 82 81 97 73 72 67 59 62 78 52 49 66 42 30 32 27 24 24 35 46 46 38 21 24 22 22 43 34 21 24 21 23 29 33 49 66 69 65 63 60 55 49 46 44 39 46 47 45 45 37 20 25 27 18 17 19
51 79 65 43 41 34 31 33 128 133 124 116 97 91 87 83 93 113 121 115 101 100 86 84 70 68 67 52 42 44 45 43 45 41 45 52 61 64 58 61 70 67 70 69 67 74 89 92 86 78 73 66 68 77 92 96 98 61 42 75 102 101 97 99 98 89 98 105 93 86 92 85 78 80 93 71 84 70 52 55 65 57 69 50 35 30 25 29 24 31 38 33 39 46 33 27 25 19 34 33 18 22 21 20 23 31 35 53 70 63 58 61 62 63 50 41 45 51 39 31 38 47 24 25 24 23 27 23
59 100 116 51 45 36 29 108 161 149 145 136 111 85 93 83 86 85 109 122 113 106 94 81 75 69 74 70 53 40 44 42 44 44 51 68 65 57 62 63 65 77 76 68 64 64 81 95 93 82 80 72 56 53 71 69 72 51 65 82 99 91 89 103 104 99 102 103 92 84 88 84 87 102 107 84 70 63 64 77 63 59 43 28 27 29 27 29 21 25 16 33 51 45 29 18 23 19 23 25 25 25 21 21 23 29 26 21 28 38 50 56 67 60 52 47 42 49 43 36 40 39 27 23 22 22 24 24
103 98 119 107 88 121 115 119 131 138 133 136 124 95 88 95 93 80 87 121 109 107 111 105 96 92 89 81 81 60 48 34 40 37 52 61 63 62 68 65 58 61 64 60 64 67 60 87 93 88 81 81 72 62 43 42 46 64 66 82 103 89 93 105 97 109 105 97 88 97 92 80 79 79 82 71 58 72 88 92 74 46 35 32 33 28 27 21 19 24 28 44 35 26 29 21 22 27 24 22 21 21 21 27 23 23 30 21 20 20 35 52 64 59 60 46 40 35 33 40 32 26 20 27 22 22 23 19
77 50 56 80 101 123 73 67 73 124 149 138 130 112 87 81 95 87 82 111 112 91 90 74 66 62 62 79 91 85 87 67 47 38 51 65 67 67 69 66 59 60 63 61 63 69 78 80 90 88 76 80 74 68 52 37 47 63 72 70 86 86 100 103 100 116 108 91 94 97 76 82 82 57 59 68 51 64 67 47 47 54 50 31 37 33 31 23 23 35 50 43 26 29 30 21 31 28 26 24 23 23 25 27 21 23 25 20 19 21 26 34 47 47 56 51 43 33 35 29 28 22 25 30 24 23 27 21
80 78 83 102 96 80 85 83 73 72 93 122 134 144 112 84 86 97 88 97 99 72 60 62 53 55 52 45 55 58 74 86 80 97 95 63 58 70 70 60 63 61 65 65 70 75 80 76 75 85 78 72 72 68 52 42 53 73 88 76 87 91 105 100 108 107 90 88 98 85 81 90 63 62 63 65 54 50 63 50 51 35 36 33 33 32 21 26 36 47 41 20 22 33 24 23 26 20 23 21 22 23 26 27 20 24 23 20 23 19 20 21 27 36 43 38 37 28 29 23 19 30 23 26 24 26 27 24
96 92 92 78 83 97 104 102 85 64 65 64 81 102 109 90 84 92 98 100 108 112 93 68 58 60 57 51 47 46 50 41 44 57 84 70 36 55 71 68 62 67 70 67 67 69 66 76 68 73 71 72 66 57 46 57 60 77 82 82 92 98 116 98 94 100 91 86 78 64 71 70 62 72 65 52 51 62 59 40 41 36 37 35 49 48 36 46 49 38 20 20 33 32 26 25 22 22 19 21 23 24 25 18 22 24 23 20 27 24 20 21 21 15 21 22 23 22 17 18 27 28 23 26 23 18 26 18
116 106 94 78 65 97 110 108 98 115 99 92 89 71 67 59 58 60 72 98 118 110 111 81 58 56 57 53 49 49 50 52 52 41 44 64 82 56 63 73 66 67 74 74 70 71 71 77 74 83 68 38 51 47 51 54 71 79 91 88 92 113 92 82 91 87 95 95 70 77 73 64 67 56 56 50 65 60 54 29 30 34 42 34 36 46 54 60 46 29 18 26 36 28 24 27 20 22 19 23 24 27 22 23 23 25 19 25 22 24 25 25 25 24 21 23 18 20 27 20 23 23 21 26 27 22 23 22
97 89 86 103 81 68 101 115 104 70 50 53 58 72 96 88 76 53 60 84 104 115 120 85 61 58 57 58 63 64 59 55 48 51 40 41 60 87 79 66 70 71 70 76 71 75 71 72 81 88 93 52 34 51 60 62 77 78 94 91 89 97 81 80 86 89 74 60 73 86 79 68 61 53 45 56 65 60 49 35 43 35 34 25 29 49 44 31 21 25 21 26 34 25 25 21 29 20 18 24 22 22 19 22 20 29 33 24 20 21 23 27 23 23 30 27 22 31 24 30 23 22 27 28 23 24 27 23
79 78 77 94 98 78 83 91 92 79 56 56 43 39 34 46 70 91 100 102 99 118 117 96 77 83 91 94 98 97 90 79 68 54 52 47 42 78 117 103 83 78 71 62 75 79 83 89 91 90 102 95 45 49 50 59 69 80 85 91 97 88 85 93 82 74 62 64 73 76 66 57 61 56 55 64 78 45 42 40 36 28 27 27 27 45 30 21 26 23 23 29 26 19 22 17 27 23 21 24 22 21 24 30 19 26 35 36 27 22 22 24 22 19 25 19 24 27 25 20 20 28 29 25 19 21 23 21
80 82 88 101 77 70 64 63 69 89 94 97 89 91 76 45 26 37 71 108 112 116 109 91 66 91 116 115 115 116 105 105 105 86 83 85 82 74 97 97 90 47 31 24 29 39 54 69 74 96 110 114 73 32 50 65 80 82 72 89 94 89 89 83 72 73 61 69 69 63 70 58 61 56 51 59 62 50 44 33 30 36 31 36 35 27 25 23 21 19 22 29 24 24 23 21 20 22 24 21 22 20 20 22 20 25 24 23 26 23 23 22 25 24 23 21 20 23 21 21 19 31 31 19 21 23 21 41
73 76 80 86 71 61 65 60 71 79 91 94 100 108 109 92 69 63 62 77 104 112 110 92 27 17 43 108 126 119 109 116 108 102 96 82 111 118 105 116 104 68 33 18 17 20 20 17 21 33 42 50 53 49 58 71 79 85 76 86 96 86 84 81 80 71 66 77 70 67 61 59 67 46 53 62 41 47 42 31 33 32 33 32 25 18 22 24 20 25 28 31 27 21 26 25 26 26 26 25 21 21 21 27 29 22 22 23 28 21 19 21 22 30 24 20 17 18 23 17 23 23 27 21 24 25 42 63
80 77 86 96 106 99 86 83 98 102 94 94 85 75 49 30 33 32 28 31 84 117 109 94 54 26 13 40 106 114 107 106 90 85 92 95 64 42 46 54 69 101 108 81 38 33 19 21 24 23 25 42 56 53 63 72 85 80 85 91 99 80 78 79 77 67 85 76 63 55 49 54 48 42 55 43 49 38 28 30 35 40 30 24 23 19 18 23 21 25 23 19 23 20 27 26 28 23 23 26 25 21 20 22 22 19 20 24 21 31 23 25 26 22 28 21 19 20 24 22 22 18 28 27 24 30 58 31
62 67 71 67 91 109 110 113 111 93 66 59 49 43 23 24 19 25 24 21 60 98 99 93 76 69 51 55 72 56 49 78 73 78 98 98 54 20 25 26 15 25 47 78 93 60 24 21 24 23 33 39 55 49 52 65 73 71 88 84 79 68 62 61 67 69 67 56 62 51 42 41 34 51 47 40 47 29 25 34 27 25 20 25 20 21 20 23 23 24 21 21 22 21 25 23 22 24 26 24 24 22 23 20 17 24 25 21 25 23 25 22 27 17 20 29 21 28 29 26 22 22 21 27 24 24 20 16
