145 140 145 146 145 139 144 145 147 147 144 138 128 139 137 135 137 140 138 132 140 137 138 132 133 137 135 137 142 139 141 138 132 136 133 128 133 130 129 139 139 138 130 136 138 130 131 131 135 142 137 131 133 131 137 144 142 134 134 139 136 139 142 140 135 133 137 137 141 137 134 137 135 140 136 136 136 134 135 136 136 131 131 136 134 139 134 129 130 133 134 133 132 128 130 128 133 128 137 135 129 128 134 136 138 128 133 134 127 125 130 125 124 124 132 127 123 132 122 128 123 130 128 130 123 126 126 120
145 137 145 147 141 142 147 145 143 149 150 137 148 146 148 143 143 145 142 142 138 142 140 135 144 138 135 144 142 138 134 144 136 133 142 142 137 140 138 136 133 132 133 139 137 128 138 134 131 139 139 141 138 140 141 134 138 137 134 139 140 142 142 141 133 141 136 131 137 128 136 136 143 131 129 131 129 132 131 136 130 137 131 133 129 132 130 135 131 135 134 142 136 130 131 135 131 128 135 132 125 123 130 132 132 127 133 130 124 126 128 123 125 130 126 132 127 132 130 133 127 127 120 126 128 128 122 119
145 144 143 140 141 143 139 138 147 142 145 148 148 142 152 149 149 145 143 143 145 146 145 145 152 147 139 139 138 138 134 140 131 143 145 143 141 141 139 139 138 138 132 139 145 143 136 140 138 137 141 137 135 138 145 139 133 140 138 139 133 134 142 138 138 138 141 134 134 132 132 134 130 132 131 138 131 138 140 133 131 132 133 133 130 134 133 132 133 131 131 136 134 128 136 131 130 125 129 138 130 125 128 134 134 132 130 125 130 126 128 134 127 129 129 124 125 136 131 128 129 122 123 128 130 125 122 125
146 140 140 143 143 140 136 141 150 142 143 150 147 145 148 149 150 146 146 141 146 137 148 145 147 145 147 144 138 148 142 143 143 143 140 144 143 138 135 140 145 142 138 141 141 141 136 140 138 138 140 138 137 134 135 130 137 136 143 140 140 140 133 140 137 133 137 139 132 135 132 132 132 133 137 143 134 133 136 137 135 133 133 136 140 135 136 137 136 140 136 129 131 131 133 131 137 133 131 138 133 136 138 133 137 126 128 123 128 137 131 130 129 134 135 131 131 134 126 135 132 131 128 126 132 129 124 134
140 141 147 144 140 136 142 147 144 146 146 153 150 147 148 148 146 145 145 151 141 141 146 146 140 149 151 143 142 148 153 152 146 148 148 145 145 137 145 139 139 137 141 136 138 137 132 132 142 138 141 135 139 138 137 132 134 141 140 143 136 137 137 138 145 136 141 137 134 136 141 140 138 138 139 140 143 138 134 137 135 142 131 133 132 134 133 138 130 133 136 131 139 133 126 133 143 133 134 135 136 135 141 140 141 137 129 131 128 128 134 130 126 126 128 132 130 133 129 130 130 128 130 124 131 132 134 133
142 139 138 144 143 138 135 142 139 141 145 142 148 149 148 153 149 149 146 154 147 143 142 147 143 143 147 144 139 145 156 148 142 147 147 151 144 141 146 136 137 135 140 143 135 144 139 142 143 138 141 141 142 136 134 139 131 139 141 133 132 135 135 136 139 139 140 130 140 138 141 138 144 137 134 136 137 138 139 138 144 141 135 137 134 133 142 136 133 133 138 136 136 130 138 140 141 140 134 132 137 138 139 130 132 138 134 132 132 131 129 131 129 126 131 123 130 133 131 136 131 133 124 130 130 131 131 135
140 143 141 136 139 138 135 140 139 141 140 145 137 143 152 154 148 145 138 143 139 139 140 142 144 143 144 147 148 141 147 142 144 143 141 146 140 137 139 144 131 143 138 138 136 135 138 143 146 143 146 142 143 140 140 142 140 136 134 131 138 142 137 136 139 138 134 138 137 138 139 136 138 138 138 140 139 140 139 139 139 139 141 143 137 138 134 147 144 130 135 139 136 134 140 135 134 136 142 138 138 142 140 131 134 139 139 136 134 133 128 129 141 138 129 129 130 134 128 123 132 139 133 126 132 136 132 129
146 142 143 141 141 143 144 137 145 144 138 146 145 141 143 147 139 152 146 138 143 148 147 146 141 143 141 141 141 145 142 144 146 146 143 145 139 138 137 139 138 140 135 137 137 135 141 139 139 141 145 146 143 140 145 138 138 140 141 137 135 150 138 141 139 143 141 144 145 139 137 133 141 138 140 138 141 139 137 139 138 139 133 139 134 139 138 140 142 129 134 139 135 131 139 137 139 134 139 142 138 139 140 134 133 138 135 139 134 130 139 138 136 130 132 137 134 134 140 131 136 128 139 133 128 127 132 133
145 148 152 150 147 152 154 144 145 150 146 146 147 142 139 145 152 154 143 143 146 143 147 144 145 141 143 141 142 143 143 143 146 143 139 141 141 145 139 140 135 134 142 136 135 141 143 142 137 144 142 136 140 140 143 138 137 145 140 136 138 140 137 139 143 138 140 141 137 141 144 137 141 139 140 134 135 138 135 136 140 138 138 140 137 141 140 138 134 131 132 133 133 131 130 138 135 131 136 138 139 137 139 140 133 134 132 137 138 131 132 134 142 132 138 141 132 132 137 133 126 124 131 131 134 136 132 136
151 143 145 147 149 153 150 152 150 147 150 148 157 153 144 151 163 148 149 150 148 148 148 144 147 144 148 138 142 143 137 144 141 142 143 140 139 141 135 140 135 147 142 138 141 143 148 140 139 138 147 140 145 142 141 140 141 141 141 138 139 137 139 143 139 138 138 135 134 139 145 141 141 142 139 136 137 136 137 138 137 137 140 138 137 135 141 143 138 139 141 134 137 134 131 138 141 138 133 133 138 135 136 142 139 130 136 134 136 133 142 132 134 133 134 140 135 137 137 140 133 138 135 132 133 135 127 136
149 147 146 152 152 149 149 158 149 148 145 152 155 149 151 150 154 152 146 149 149 147 146 149 142 147 147 143 143 140 136 136 138 136 138 141 140 137 138 136 133 141 139 138 136 143 142 145 143 140 141 135 145 138 139 133 140 135 133 135 135 139 145 143 131 131 141 140 134 136 144 141 137 139 137 134 140 144 142 135 138 133 145 137 137 139 141 138 144 136 135 133 136 135 135 132 135 132 134 134 136 135 138 130 139 138 132 136 138 139 133 132 133 139 132 134 132 131 131 134 137 137 132 134 130 134 132 130
146 146 149 146 153 150 148 147 149 148 151 154 152 145 147 147 146 147 143 146 146 146 140 147 145 146 145 147 143 144 145 136 134 138 138 141 141 136 136 143 139 135 146 142 142 138 137 142 145 136 138 141 144 145 138 142 146 141 138 137 134 145 150 139 136 143 139 141 139 137 139 140 139 135 140 138 143 142 134 146 142 134 142 137 135 143 138 130 139 131 139 130 127 133 135 136 132 137 125 127 130 137 138 136 131 135 132 134 138 130 130 136 134 132 137 138 133 126 129 138 139 136 131 125 130 135 136 137
146 147 148 148 151 145 146 148 148 151 142 152 148 154 147 141 148 145 146 140 142 141 140 143 144 151 141 149 144 145 143 136 141 135 141 137 143 146 141 142 144 137 141 142 143 141 143 143 142 139 142 140 140 146 141 142 138 137 142 139 140 138 139 137 139 139 141 136 135 139 138 138 138 140 144 139 142 140 136 140 131 135 141 139 138 144 141 137 138 137 137 140 136 134 132 136 138 134 130 130 135 140 137 143 134 131 140 133 134 122 134 134 135 126 133 134 141 135 132 133 136 135 132 126 135 138 137 134
141 139 146 142 141 146 145 148 143 142 147 149 145 148 143 138 142 141 135 138 141 139 141 142 138 144 144 145 147 145 146 145 141 135 141 141 142 137 139 137 145 143 139 139 140 137 140 141 142 145 140 134 138 139 143 140 143 142 133 136 146 141 135 138 144 138 143 137 137 142 142 133 129 139 143 144 136 143 140 138 143 135 134 140 138 139 138 141 132 136 142 136 132 134 138 137 133 136 139 139 137 133 139 141 130 133 135 139 132 128 133 134 135 132 137 138 136 132 132 130 130 136 126 127 133 130 129 133
146 149 152 148 143 148 147 149 152 146 149 146 143 148 140 142 145 140 136 139 142 140 142 147 144 139 141 138 143 140 144 146 140 137 143 144 138 140 145 145 144 142 136 137 142 145 142 135 140 139 136 141 140 130 137 137 141 140 143 138 137 139 145 138 129 144 139 141 145 141 136 137 136 136 144 142 138 139 138 140 139 131 137 140 139 132 129 139 138 139 141 134 141 135 133 134 138 137 142 136 139 131 136 133 135 135 136 135 133 136 137 133 133 146 133 134 133 135 136 133 137 140 140 136 133 130 127 133
145 150 145 149 147 152 147 149 146 147 144 145 145 143 139 138 137 140 138 142 143 144 146 150 152 142 139 145 146 142 145 137 138 141 142 141 140 138 140 140 143 142 139 141 143 139 142 140 142 139 131 139 144 138 141 142 135 139 139 142 144 137 148 115 124 142 140 142 136 142 137 141 145 142 139 136 135 135 141 135 134 139 139 140 141 138 140 140 143 138 135 139 139 136 134 138 137 138 141 134 136 142 140 141 131 133 134 132 134 131 137 135 138 142 134 125 134 139 132 137 136 129 131 131 135 132 126 129
148 151 139 147 146 142 136 138 140 140 139 145 146 138 140 137 138 144 142 138 145 148 147 149 149 146 145 144 140 145 142 141 141 145 139 143 146 136 141 140 138 143 144 146 145 142 141 140 141 146 138 142 143 145 146 141 142 142 144 143 138 137 140 103 128 134 135 141 141 144 135 145 142 135 137 140 137 138 138 138 140 134 139 138 136 133 139 141 140 141 135 139 132 138 131 136 135 138 139 130 140 136 134 140 134 130 134 141 135 135 133 130 133 133 135 132 136 137 130 132 138 131 128 132 131 129 130 134
148 138 137 145 145 142 141 138 146 141 143 141 143 147 137 142 142 146 137 141 143 142 142 140 147 146 146 139 143 141 138 143 142 142 138 140 139 139 143 143 144 141 140 137 141 139 141 142 145 137 142 138 143 141 151 148 144 143 144 144 138 144 113 101 126 139 139 146 144 142 146 145 141 143 138 142 143 141 135 138 140 139 140 139 140 138 146 137 137 140 140 135 131 135 134 134 138 137 146 140 143 133 131 136 137 136 140 134 132 132 135 137 135 139 136 140 133 135 135 136 131 133 129 135 136 131 131 135
140 140 137 134 145 144 142 139 139 140 145 148 137 140 135 141 142 139 141 144 141 147 142 144 145 149 148 139 136 138 144 142 145 140 139 143 144 144 145 140 144 140 135 135 141 144 144 141 136 138 145 142 144 141 143 144 141 141 140 140 145 133 86 118 126 135 137 142 150 139 142 145 140 144 135 137 142 144 139 140 146 140 135 141 143 144 141 139 134 140 140 139 134 139 138 135 138 143 143 135 134 136 130 127 132 135 139 138 141 134 137 135 137 141 137 132 138 135 133 135 133 132 135 134 130 138 134 139
139 143 142 146 143 148 145 135 142 143 143 140 135 144 146 137 141 143 139 144 141 148 144 146 135 144 145 145 148 142 145 149 143 140 143 139 136 139 141 145 144 141 140 147 137 138 140 141 144 139 143 144 149 138 140 140 151 146 141 138 151 95 87 116 133 149 140 144 145 137 146 141 141 141 141 138 135 147 138 141 144 146 142 141 139 137 138 138 137 139 143 133 136 135 144 143 140 145 138 140 136 133 133 139 137 139 137 141 138 134 135 135 135 142 142 133 137 137 136 134 131 129 133 130 128 137 133 136
140 145 142 140 140 143 138 146 147 145 140 140 142 145 150 143 137 149 141 145 150 149 146 139 141 141 147 145 149 150 144 148 144 146 147 146 144 144 141 145 137 144 143 142 137 143 147 143 143 142 144 148 143 151 143 143 147 149 136 140 124 80 108 127 145 131 140 140 139 140 140 141 140 145 138 142 137 146 146 143 143 141 144 138 139 143 142 139 144 140 132 130 131 142 141 142 140 137 136 138 141 145 141 139 139 133 138 136 136 136 142 135 135 136 141 132 137 135 134 131 135 130 134 134 128 135 138 140
147 138 140 144 140 135 139 144 150 141 139 145 142 140 144 138 148 153 148 138 139 147 148 150 148 146 144 144 140 147 137 146 139 139 146 147 145 146 141 138 145 148 142 143 144 143 145 150 146 147 145 152 151 148 139 144 147 148 143 146 88 77 139 153 123 126 151 143 144 146 136 147 148 149 145 137 144 142 139 142 144 142 141 136 137 140 139 140 141 140 142 138 144 140 142 144 136 138 143 141 138 139 145 141 138 130 138 136 140 143 141 137 136 139 133 140 136 138 136 135 136 135 132 130 133 135 136 129
150 141 143 143 146 141 138 145 140 143 142 144 141 145 149 144 146 147 139 143 145 140 144 144 143 145 144 145 142 148 142 141 147 143 150 148 147 140 146 143 140 147 144 143 145 139 142 142 147 147 144 146 142 143 142 144 142 149 142 124 91 101 146 141 113 124 145 148 142 142 146 149 147 146 138 142 144 146 139 146 143 143 136 138 145 141 135 139 139 147 146 142 146 143 145 139 143 137 136 140 136 137 135 140 136 135 133 137 144 143 139 143 140 140 136 134 136 139 140 146 139 134 133 133 138 138 132 131
147 147 144 144 145 145 142 149 141 141 142 142 142 146 147 143 144 138 145 147 142 148 139 145 138 142 140 142 144 147 147 145 146 136 147 142 143 147 150 146 145 143 149 143 150 148 142 145 141 143 149 150 149 148 145 142 150 145 141 99 125 138 146 99 107 121 141 145 143 144 142 144 140 146 142 141 144 144 138 144 139 144 138 140 143 141 145 142 144 146 147 143 141 148 145 137 143 136 139 140 139 138 137 141 136 135 141 141 138 142 138 145 138 135 143 141 135 130 132 144 134 140 138 136 141 136 133 137
144 142 147 145 139 141 143 147 145 143 140 147 143 140 145 149 151 146 145 147 144 147 141 146 140 143 144 146 147 146 148 143 140 143 153 144 148 149 150 148 144 145 149 149 146 143 142 149 143 140 141 145 145 149 143 144 142 155 121 113 160 150 120 85 108 123 143 145 150 145 144 139 141 142 148 150 140 144 142 142 148 141 150 146 140 144 144 147 146 146 150 138 140 143 140 139 145 147 141 143 142 145 139 137 132 137 143 138 136 143 140 140 144 138 144 137 140 142 137 129 130 141 134 132 135 136 145 132
141 139 146 143 139 140 145 144 147 150 149 142 139 143 145 148 146 144 144 147 144 144 145 141 148 142 140 149 144 147 145 144 141 147 148 145 150 146 147 145 150 148 147 144 147 145 139 144 145 143 146 143 144 150 150 137 143 129 106 159 153 127 93 92 104 126 147 143 147 147 147 143 147 141 146 149 141 141 146 141 147 143 144 147 142 143 143 148 144 140 150 138 142 147 139 141 141 148 138 140 139 139 142 140 134 137 138 141 141 133 135 134 138 145 137 131 136 139 138 137 135 140 136 136 132 139 140 133
140 146 145 149 139 140 144 146 144 149 147 142 140 147 144 146 149 139 145 147 153 148 143 146 150 145 142 153 146 146 142 140 146 147 147 141 140 145 151 142 145 143 149 146 151 150 142 148 149 146 147 143 145 142 151 141 145 103 133 154 137 84 88 81 127 147 147 144 144 151 143 141 145 145 145 155 147 144 144 143 143 146 140 142 140 145 149 149 142 144 143 144 144 142 146 136 138 146 137 138 134 140 140 141 131 144 143 143 131 135 138 151 141 143 136 141 139 131 133 136 136 138 128 136 137 138 138 141
146 140 142 147 145 145 141 142 146 144 143 138 144 149 150 146 149 142 142 142 144 149 142 148 145 147 143 143 144 142 136 149 144 144 146 149 145 150 152 153 147 142 148 149 142 149 151 147 142 146 144 153 146 150 149 147 123 113 146 140 103 86 75 111 158 137 123 145 148 145 145 142 148 142 145 152 141 138 145 146 149 143 145 144 135 140 146 145 145 143 143 145 144 140 142 141 140 138 143 140 142 142 142 144 142 137 140 140 139 133 138 147 140 134 137 137 144 143 138 137 139 141 138 133 135 139 136 138
146 136 144 148 137 143 138 142 149 147 149 142 143 143 148 148 145 145 148 146 148 149 147 151 147 150 143 145 144 141 142 153 148 149 145 149 152 149 148 153 144 144 148 149 141 149 149 150 144 145 148 144 145 148 142 149 128 142 148 106 80 87 118 147 146 121 106 139 149 146 146 146 148 137 141 142 149 150 147 147 149 145 141 146 145 146 144 138 139 143 147 144 141 145 143 148 137 144 142 136 146 136 143 145 139 141 137 140 140 138 141 145 144 140 139 137 135 137 139 135 141 139 141 142 140 141 136 127
149 143 143 149 148 141 141 144 151 143 146 146 153 150 146 146 142 143 145 147 143 147 144 149 146 148 147 148 147 146 148 155 145 144 144 148 151 146 145 149 147 148 148 146 147 147 146 147 146 147 148 148 146 148 148 124 145 148 129 86 81 129 153 148 137 117 125 126 144 144 148 154 153 149 153 150 150 151 152 146 148 144 139 139 141 149 147 142 147 147 143 147 142 144 142 144 142 145 141 141 145 135 143 134 141 143 140 138 142 141 137 138 143 133 139 140 133 137 139 136 141 140 132 141 136 137 140 133
146 142 147 149 149 147 148 140 147 150 145 146 153 148 145 149 141 145 148 146 146 144 142 148 148 147 151 145 142 149 143 150 148 145 148 155 146 148 151 148 146 148 152 148 144 139 149 140 147 149 149 149 149 150 133 127 151 138 96 92 137 154 146 148 129 115 127 130 141 142 145 150 147 150 147 148 147 141 143 144 151 147 144 146 144 144 145 144 150 143 139 142 148 141 144 141 141 140 144 144 139 144 140 134 145 139 142 138 142 146 136 140 136 145 145 142 137 145 144 135 134 137 132 138 136 142 141 132
142 141 143 146 145 143 142 154 149 150 148 143 145 148 149 145 141 139 151 152 146 145 144 150 154 151 153 155 148 144 142 149 152 145 143 146 141 149 150 148 139 145 149 152 147 148 148 142 144 148 147 148 150 151 142 145 149 124 108 139 154 150 147 148 152 120 114 135 145 146 147 148 144 148 152 146 146 150 150 148 148 149 150 142 143 146 146 145 146 146 147 140 143 139 145 135 143 144 142 146 143 136 139 137 142 139 143 140 141 138 138 142 147 141 141 142 143 145 137 141 141 140 141 140 133 136 140 140
145 142 142 146 146 148 148 155 149 148 146 146 145 146 149 148 147 146 146 148 147 147 148 147 151 150 151 148 153 147 148 151 151 151 139 150 147 144 148 152 141 144 149 150 150 153 153 147 155 151 154 152 140 154 153 148 142 115 137 150 152 146 145 148 149 158 127 148 146 149 150 146 144 146 150 151 149 150 147 142 147 147 144 143 139 146 141 146 143 148 148 146 147 144 148 143 143 149 149 144 143 139 139 142 145 146 146 148 133 138 143 145 143 138 145 143 142 137 142 142 140 136 138 136 139 142 134 143
150 147 142 149 152 140 146 147 149 148 145 146 148 149 145 147 144 145 147 149 158 146 147 150 152 143 146 150 153 150 146 149 149 148 146 146 152 151 153 148 149 153 154 152 151 157 145 148 150 153 151 148 141 143 151 150 112 128 148 149 151 149 152 149 152 208 169 145 148 155 147 149 141 146 150 152 148 151 146 146 145 149 148 147 146 145 146 148 140 139 143 143 147 144 141 142 143 149 146 148 148 144 142 136 141 145 148 144 142 140 140 138 136 139 140 141 135 136 142 144 147 141 141 146 137 140 137 139
145 146 142 146 148 146 148 150 153 153 146 148 145 148 150 148 148 149 143 141 154 147 146 152 145 150 154 152 149 145 150 150 146 138 141 146 150 151 153 151 149 148 154 149 148 148 149 149 143 151 154 146 149 146 149 136 130 147 141 146 147 150 151 150 155 162 132 126 144 149 147 148 149 148 152 150 149 149 148 150 153 154 149 143 145 146 149 141 144 140 141 141 146 145 144 141 147 148 145 148 146 142 146 153 139 140 148 140 145 140 136 146 138 141 143 138 137 148 142 142 148 142 141 140 141 137 135 141
149 156 153 146 151 150 147 155 148 147 153 147 145 145 153 150 146 149 144 145 151 151 147 147 145 149 151 150 149 144 152 152 154 144 141 145 158 155 146 149 152 151 152 147 147 149 147 148 152 151 146 148 153 152 132 144 153 150 149 148 148 160 151 153 158 124 89 115 148 146 147 148 148 148 148 150 148 149 150 149 151 150 145 150 154 151 148 144 144 154 148 147 150 153 151 156 148 145 155 141 142 139 141 150 143 138 142 146 139 137 141 144 136 143 150 146 144 139 143 147 145 140 137 139 139 137 137 147
146 152 148 144 151 154 155 147 154 149 152 154 152 142 148 145 145 149 149 149 150 152 150 149 155 150 144 152 145 149 150 145 142 143 151 153 148 153 154 153 148 148 152 144 147 150 149 149 149 150 150 153 150 154 119 145 150 157 158 150 147 153 155 152 154 106 120 124 131 149 149 159 149 144 143 142 151 157 153 149 147 150 144 150 153 145 141 152 148 149 148 148 146 142 142 146 145 142 146 147 150 149 151 141 144 144 144 138 147 142 142 143 144 146 138 145 140 141 140 141 138 140 139 140 141 141 133 142
144 151 155 154 150 147 150 151 152 151 151 151 152 150 147 148 148 152 152 147 150 156 146 150 146 146 143 154 150 153 153 146 150 148 155 150 154 156 149 152 148 151 158 147 150 145 154 155 153 152 146 156 153 143 138 150 145 156 152 149 150 151 153 150 158 155 96 91 134 147 148 150 150 153 151 148 145 153 152 153 157 148 142 147 149 147 146 150 151 154 142 143 143 145 146 143 148 141 143 145 143 146 137 145 143 143 146 146 149 144 140 144 144 144 149 145 143 138 141 141 137 145 143 139 145 142 143 139
157 150 151 150 152 145 151 154 149 151 151 145 150 145 143 147 152 146 152 148 148 150 149 156 155 157 144 150 150 151 151 153 158 150 148 152 152 153 156 153 152 159 155 149 154 156 155 151 148 150 141 150 142 139 154 155 159 152 156 151 152 146 149 151 178 173 120 117 153 153 149 149 145 143 144 144 145 149 149 147 154 152 144 145 145 146 154 142 146 157 153 148 145 144 147 147 149 148 148 148 152 143 143 140 146 145 141 145 145 146 148 149 147 140 144 147 142 135 142 145 145 143 141 141 144 146 150 136
151 140 149 151 151 145 152 156 152 155 143 147 153 151 149 152 153 151 149 148 146 158 154 144 153 156 152 148 154 151 156 157 154 149 152 151 148 154 150 152 148 154 153 155 156 150 153 155 155 150 155 150 145 152 145 146 158 158 149 147 154 146 137 149 150 166 131 119 148 157 154 151 148 151 152 151 151 150 149 149 144 150 149 146 145 156 156 145 145 152 151 150 145 152 150 145 147 142 152 142 147 147 141 145 155 145 148 149 146 145 142 141 144 144 144 149 151 143 141 142 143 141 142 145 146 139 140 138
153 150 153 149 149 145 148 150 152 150 150 147 152 147 144 150 149 150 149 151 156 149 147 148 151 159 153 155 153 146 146 148 154 157 148 156 153 149 146 152 146 146 150 155 154 152 149 154 156 154 150 148 157 150 147 153 157 156 151 154 149 151 163 194 214 183 161 131 140 151 148 153 148 147 152 150 148 149 149 157 147 149 149 144 142 151 147 145 144 148 142 152 149 145 144 150 153 145 146 142 146 146 142 143 147 144 149 140 145 148 152 144 142 143 147 150 143 145 143 139 144 139 137 141 143 140 147 139
154 154 149 149 145 141 150 150 154 154 146 151 147 148 154 150 150 152 154 161 151 150 149 147 150 153 157 153 149 155 150 146 152 158 151 153 155 148 150 153 148 146 154 159 153 150 142 150 152 159 154 148 155 151 151 150 152 150 146 153 154 175 228 233 239 186 185 147 158 140 140 153 148 150 145 152 152 147 152 157 151 150 150 150 145 146 149 152 147 144 148 148 153 151 149 151 152 151 147 148 145 147 148 144 141 143 144 142 139 149 151 148 141 142 147 148 140 142 141 139 143 147 143 142 136 139 148 142
150 152 148 151 147 153 149 146 152 158 156 145 141 148 152 155 150 151 153 155 156 154 151 145 148 153 156 154 147 155 159 149 156 157 155 151 153 154 150 156 153 150 156 160 155 156 147 152 147 144 153 153 155 150 155 152 153 154 149 157 156 197 226 220 216 189 169 154 180 160 130 151 155 153 148 153 158 148 148 153 149 156 155 151 151 153 147 148 150 151 147 140 148 151 145 147 154 146 148 146 143 141 142 151 156 149 147 149 151 145 153 145 149 141 143 140 142 139 137 137 141 152 145 143 141 144 144 141
147 151 152 152 146 152 148 152 154 148 151 148 149 149 152 145 154 156 152 147 154 149 149 156 148 152 151 149 154 156 151 152 154 155 144 155 155 162 153 149 150 154 153 153 149 155 153 153 153 149 151 150 154 148 153 159 160 157 154 150 162 149 146 135 124 121 106 86 93 104 111 147 154 146 152 156 154 153 149 159 155 152 155 154 153 146 153 150 148 145 146 151 148 153 154 146 150 147 152 145 143 145 142 150 150 147 150 147 148 145 149 143 146 144 141 146 143 140 139 143 143 143 147 140 136 144 140 141
155 153 148 148 153 150 153 153 154 153 151 151 154 151 151 155 154 148 156 145 153 153 150 155 149 146 155 153 155 153 147 156 152 157 152 156 151 157 155 154 154 151 155 157 149 150 154 153 156 151 152 147 153 149 153 153 157 158 155 152 156 155 157 157 151 155 158 131 110 90 72 91 153 148 149 150 155 157 157 155 155 157 156 154 150 149 156 148 150 150 151 153 146 147 147 148 150 143 154 151 148 141 149 152 150 147 143 148 147 154 146 147 147 148 147 150 149 147 143 144 148 141 144 144 139 145 144 140
151 153 143 149 153 146 150 151 146 151 149 152 157 144 151 151 151 151 156 156 164 156 150 150 149 149 149 152 158 156 151 156 153 152 154 156 151 159 151 152 159 157 156 153 142 151 156 155 152 152 151 147 150 146 156 158 147 147 157 172 166 172 159 167 152 155 151 139 141 136 138 124 138 146 152 154 149 154 160 160 152 155 155 146 150 147 148 150 150 146 152 152 152 149 151 152 152 152 149 144 149 143 153 149 144 147 139 149 149 144 150 146 144 144 146 147 151 146 141 148 148 145 147 149 143 145 145 140
149 150 150 153 146 153 152 152 140 150 154 156 157 155 154 154 156 154 157 153 152 153 158 157 156 155 155 154 159 152 147 153 155 154 158 161 163 152 155 152 157 156 158 156 152 157 148 153 149 152 155 158 157 151 152 149 151 147 178 172 150 151 140 142 131 116 111 111 97 86 84 102 107 148 151 154 159 155 153 152 151 150 151 152 146 150 152 151 145 153 148 143 150 151 148 150 149 158 150 145 148 149 148 148 149 148 148 141 148 149 147 146 146 145 146 144 143 147 141 146 145 139 147 148 144 142 149 143
152 149 154 154 149 156 151 149 147 150 149 150 150 151 148 146 147 156 155 151 151 155 157 155 153 158 155 151 154 155 152 156 153 155 149 157 157 151 152 155 159 154 157 154 156 153 150 152 153 148 149 156 160 149 152 156 157 155 171 147 124 116 102 97 87 73 70 78 67 70 74 66 62 115 161 154 151 153 157 152 152 151 147 156 145 145 153 154 147 149 148 149 151 150 152 151 154 157 155 151 147 152 152 149 154 146 147 152 148 152 148 146 144 142 140 146 148 147 146 150 142 148 149 147 150 141 143 142
148 148 152 149 149 151 149 146 155 152 151 153 151 151 153 148 152 153 156 164 160 150 153 164 150 160 159 153 144 150 158 158 157 152 152 152 152 157 157 152 156 153 149 154 148 151 154 158 157 154 152 151 149 155 158 156 151 155 134 115 121 132 89 90 86 70 71 75 60 70 67 56 60 93 158 152 145 155 159 150 151 151 152 147 152 153 146 153 154 148 150 154 152 145 152 152 146 157 150 150 150 149 153 150 146 152 149 149 147 149 152 148 142 140 142 143 145 149 151 146 150 146 146 148 148 141 143 140
152 151 148 154 155 148 150 154 155 149 151 151 153 156 159 153 153 156 153 152 155 154 159 157 152 149 147 153 145 151 158 152 156 149 153 151 150 156 156 149 153 155 159 157 147 152 159 157 153 158 153 159 158 155 151 153 152 159 113 119 173 134 108 86 102 89 71 86 72 77 69 68 66 88 156 157 154 151 152 156 156 152 149 152 154 152 154 154 150 154 151 154 149 149 153 153 154 151 154 149 153 151 160 156 149 145 147 152 145 153 149 150 149 146 142 152 149 142 141 145 149 148 147 146 144 144 142 149
151 151 157 149 151 156 156 151 149 156 154 148 150 153 153 154 147 155 155 155 153 158 148 154 153 153 150 147 150 153 153 154 157 159 160 152 154 160 158 156 154 159 151 151 162 153 159 153 147 159 153 160 157 157 155 156 154 153 152 141 150 143 133 105 127 106 98 104 83 85 72 81 69 125 155 151 150 157 156 154 158 154 156 153 155 156 153 152 152 152 149 156 149 145 154 149 156 152 143 147 151 144 156 153 146 147 153 147 145 146 146 149 150 146 149 148 151 147 141 147 149 148 145 146 147 146 148 146
154 154 152 149 161 152 147 145 149 150 160 149 149 159 161 157 150 151 152 154 160 162 150 153 158 155 154 153 157 158 154 153 155 156 157 160 154 154 154 159 149 155 154 156 158 157 155 150 154 162 159 151 151 157 156 158 159 154 160 134 151 168 130 132 152 117 122 99 76 86 93 99 79 144 151 156 151 157 150 155 158 158 152 153 150 153 148 147 151 148 149 156 150 147 148 153 146 156 153 148 147 150 143 148 155 148 155 152 149 141 152 154 150 147 145 147 153 144 142 150 148 148 143 148 142 143 148 152
151 148 151 153 157 150 152 152 150 150 150 154 154 158 162 148 153 155 151 152 160 159 157 152 159 154 153 157 154 155 157 156 151 152 154 152 152 159 161 156 153 154 154 157 153 150 161 151 152 158 158 158 154 155 161 155 151 155 157 122 170 142 115 142 151 130 150 119 118 102 94 85 83 147 160 159 155 148 157 157 154 152 158 159 156 155 149 147 148 149 153 155 150 156 158 153 150 150 150 147 149 153 153 150 152 155 146 144 154 147 153 152 149 146 149 150 151 143 149 148 149 147 143 147 146 146 143 143
147 143 156 155 147 145 154 159 157 154 153 159 152 148 156 153 155 155 159 155 161 156 158 158 156 154 149 161 153 155 154 153 148 152 158 152 151 162 153 157 154 158 150 155 154 160 157 157 155 151 156 155 155 155 153 158 156 161 154 159 159 123 133 160 127 143 147 148 129 110 89 80 83 135 156 156 151 156 150 153 153 156 152 152 155 150 153 153 154 155 154 153 155 153 157 156 156 144 147 160 155 152 151 155 152 148 155 149 151 143 147 149 150 146 145 148 141 145 147 142 150 148 141 139 147 141 151 144
152 156 153 150 147 151 153 159 154 151 154 154 154 154 152 149 156 163 149 153 153 154 157 157 153 158 150 157 162 154 154 150 151 154 158 153 155 155 156 159 164 151 158 159 148 157 148 158 157 154 155 154 151 152 161 163 161 163 129 156 146 94 138 153 106 122 143 148 114 112 104 89 86 109 154 157 150 157 153 154 158 152 152 148 155 153 157 153 154 152 154 157 155 152 152 151 153 149 151 153 151 152 148 146 151 147 150 151 149 151 154 152 148 150 144 142 138 151 149 146 145 148 144 147 144 142 154 141
147 153 155 156 152 159 152 155 162 152 155 153 149 151 158 155 159 163 157 155 152 152 151 153 151 161 158 152 155 156 161 159 152 157 156 160 152 154 152 160 154 154 164 161 147 146 150 153 162 161 158 155 160 157 159 158 167 163 140 156 138 105 141 151 97 133 133 125 122 120 97 100 116 119 132 156 153 160 152 153 157 152 155 157 160 159 160 157 153 153 155 154 153 151 147 150 151 151 152 148 151 151 152 149 148 156 151 151 145 145 151 156 154 146 143 153 152 149 152 152 145 151 155 153 149 145 147 146
149 154 157 152 153 157 153 153 157 157 157 156 153 156 155 149 153 151 153 153 152 154 154 151 152 160 163 158 156 155 159 161 153 152 157 161 157 156 157 154 156 156 160 161 158 153 154 158 160 157 162 156 158 150 154 156 174 154 139 160 119 104 134 169 116 136 140 121 111 120 75 100 119 136 125 161 161 152 153 158 157 156 154 161 155 160 159 156 155 150 156 149 154 157 151 152 156 157 156 151 148 150 152 151 149 148 147 152 142 149 152 150 150 146 151 151 151 145 147 147 149 148 156 145 153 151 148 150
157 148 153 155 152 152 156 153 152 158 155 151 153 157 163 152 159 151 158 158 153 153 159 156 153 158 160 160 156 150 157 157 155 157 163 150 154 155 160 163 156 159 160 155 158 162 155 160 158 159 157 158 161 152 153 157 168 150 150 159 112 97 134 149 106 111 136 122 114 119 68 92 113 139 117 157 163 157 156 162 153 156 163 153 157 151 154 152 151 154 153 153 149 148 153 148 155 160 157 149 157 150 155 152 153 151 153 149 156 149 147 148 150 149 153 152 149 149 154 149 148 148 147 142 147 148 145 158
153 164 159 155 155 156 156 157 159 159 152 157 154 160 156 154 155 153 151 157 153 154 159 162 154 155 158 153 155 153 158 162 163 160 156 157 166 164 154 154 154 157 155 152 152 154 156 158 158 159 155 159 158 149 156 160 177 147 139 158 100 115 137 128 102 117 145 129 128 94 76 119 81 129 116 150 159 154 152 155 161 159 155 145 153 153 155 154 155 157 160 158 157 151 157 159 155 154 155 151 152 156 146 153 157 155 152 153 152 149 154 156 150 148 148 146 143 144 153 151 150 143 146 148 145 141 143 144
151 153 155 156 154 158 160 154 152 154 158 155 159 155 157 162 160 159 155 153 157 157 157 157 159 154 163 159 154 158 152 149 157 154 152 157 165 154 154 156 163 159 153 160 152 155 158 156 158 159 159 157 162 158 155 158 159 138 147 155 93 120 141 127 100 116 140 117 123 92 90 189 78 107 119 137 156 153 156 156 154 155 160 161 155 148 156 162 156 152 153 157 151 156 156 152 152 154 158 152 153 156 147 153 158 161 153 148 149 150 150 153 147 151 146 146 141 150 148 144 149 142 149 146 148 141 146 147
157 156 159 154 157 156 157 155 158 158 160 155 151 156 151 160 162 154 158 158 155 158 157 160 159 154 155 158 163 158 157 158 161 163 155 158 157 166 158 159 164 156 153 157 163 150 163 160 160 160 160 153 156 153 158 143 134 146 146 141 83 114 137 129 110 119 134 118 122 93 104 129 84 94 124 135 160 158 154 160 156 156 153 152 151 160 157 152 150 157 153 158 160 153 150 155 153 155 156 158 159 155 154 156 153 156 156 149 156 154 148 150 151 154 153 149 146 147 148 146 148 151 144 144 151 148 147 146
156 151 156 162 161 158 152 151 156 156 154 157 159 155 155 155 153 153 147 160 157 166 156 157 158 153 156 157 155 156 157 159 162 154 155 158 153 157 153 151 156 161 159 158 160 165 162 157 155 160 158 156 161 155 153 155 142 145 147 141 80 118 142 134 99 114 133 128 122 119 118 124 127 94 107 130 158 156 156 153 154 156 151 155 158 155 153 152 153 157 149 152 153 151 152 157 156 156 158 154 155 149 152 157 158 155 151 150 158 153 150 144 150 148 157 153 151 152 144 151 148 150 149 143 147 150 149 142
155 156 158 157 155 152 155 158 158 154 162 162 159 156 157 155 150 163 157 156 153 155 151 152 158 155 154 159 158 159 156 157 157 153 160 161 155 158 159 154 155 155 156 160 157 162 155 157 160 159 159 163 161 161 158 164 135 153 153 142 88 112 137 148 86 119 135 121 127 127 118 114 101 78 102 122 157 151 146 153 155 151 156 158 152 157 163 158 156 156 150 153 152 150 156 160 154 147 151 150 153 154 157 157 152 154 150 151 153 154 158 155 151 147 159 158 152 154 149 151 154 146 144 148 152 142 148 149
154 159 158 157 158 152 155 163 157 156 159 158 152 156 158 152 149 157 158 152 153 155 156 156 155 156 162 158 154 160 160 157 156 156 163 158 156 156 158 158 161 158 155 161 159 156 163 164 163 155 153 158 157 162 163 151 123 150 152 131 97 108 156 152 101 119 137 120 116 109 145 115 76 62 106 126 161 158 158 164 155 151 156 156 154 159 160 160 156 156 151 156 160 156 160 151 154 147 149 148 150 153 154 150 150 149 156 153 151 150 149 154 147 147 152 154 145 148 148 146 145 144 146 144 143 143 153 150
158 154 157 155 154 158 156 164 158 157 156 152 153 155 163 160 156 158 162 153 155 160 156 150 154 162 167 163 160 161 157 155 160 161 158 163 157 160 152 157 158 160 161 165 163 156 161 163 161 155 161 159 159 162 159 163 144 150 154 122 92 120 152 133 84 121 134 104 123 101 125 119 73 62 88 111 164 157 160 158 158 159 159 159 154 160 160 159 154 153 147 145 155 156 154 155 152 154 156 156 155 150 154 154 153 149 155 157 151 153 156 156 150 152 150 151 153 154 154 147 148 154 153 148 144 149 146 147
152 155 155 158 151 148 158 154 152 161 155 157 153 155 159 156 160 158 155 155 155 161 158 161 152 150 162 156 152 155 154 164 161 162 159 158 154 154 163 164 161 161 163 161 160 149 159 159 167 162 159 158 155 156 162 165 133 145 158 116 101 130 146 125 100 121 133 144 168 145 158 172 118 92 91 106 155 159 159 157 156 162 157 157 160 159 156 150 156 155 152 135 157 163 157 158 152 162 153 157 154 153 155 156 154 152 153 154 153 158 155 160 154 157 158 152 157 150 153 151 146 149 155 154 146 148 147 148
161 150 152 149 160 157 149 157 153 162 157 161 158 158 164 157 156 161 155 154 156 159 158 162 157 154 160 158 158 161 154 161 155 159 160 158 160 157 156 152 160 164 168 158 158 158 155 161 166 163 160 161 163 154 158 163 144 134 148 107 110 131 142 125 104 118 131 153 188 196 165 159 156 144 119 103 152 153 156 152 154 158 160 158 153 157 164 157 156 153 154 136 152 154 156 154 159 159 157 155 154 155 158 152 149 160 154 156 151 149 153 151 151 153 151 146 149 146 147 144 149 150 147 152 153 146 148 151
151 152 159 153 158 155 153 151 160 155 158 159 157 158 155 156 158 160 159 157 149 157 159 157 159 161 157 152 155 156 163 160 162 157 160 162 162 155 157 156 162 161 157 159 164 166 165 159 158 157 157 159 163 156 163 154 149 135 155 111 109 120 152 137 110 124 144 141 126 115 113 111 103 99 98 88 147 157 151 157 156 158 155 153 155 154 159 156 155 158 138 124 161 158 154 154 156 152 152 156 156 155 151 153 156 156 151 150 159 154 160 151 148 153 151 148 152 146 140 156 158 150 152 150 150 154 151 153
157 151 149 155 154 154 153 160 156 154 149 153 163 159 160 154 155 162 158 155 159 157 160 157 155 157 155 159 153 157 158 159 159 152 163 161 162 159 161 161 158 155 159 166 157 161 159 161 163 158 160 161 164 157 156 153 148 140 142 98 118 128 153 131 116 121 114 93 85 83 65 61 69 65 62 54 128 167 158 156 155 156 164 160 153 155 161 156 154 155 140 106 153 162 154 151 157 159 159 151 154 151 155 152 156 156 160 155 156 158 157 151 152 151 152 149 152 154 145 153 156 151 148 154 150 148 153 148
153 154 148 153 152 154 151 153 156 154 150 157 161 158 160 155 155 164 155 154 157 160 160 162 155 160 159 160 160 160 159 161 156 157 164 164 153 159 163 159 154 157 155 159 164 159 163 158 158 161 168 162 164 158 158 138 143 137 147 102 124 130 156 134 107 125 119 117 114 123 112 102 96 76 60 55 135 161 154 159 157 157 163 162 160 155 156 154 158 154 98 75 147 154 153 155 157 153 160 159 158 157 155 152 155 150 157 151 152 151 153 153 157 153 152 152 150 154 149 145 147 155 142 143 156 150 147 151
152 150 153 154 151 154 152 153 153 157 155 152 154 164 162 155 157 161 157 157 155 156 160 163 161 166 166 154 156 159 156 162 158 156 161 163 161 162 159 161 158 158 160 162 159 160 165 162 172 158 164 161 156 165 157 125 147 140 149 103 132 135 152 130 113 124 126 118 120 121 118 108 102 107 93 59 106 159 152 157 160 156 154 151 154 148 154 154 155 155 129 107 167 157 154 159 157 158 156 155 152 155 150 155 157 155 153 161 152 149 158 153 151 156 149 153 151 154 154 150 153 151 154 150 152 151 149 151
158 152 156 154 156 152 154 156 151 154 154 158 160 162 161 161 158 160 160 155 150 157 160 158 163 160 153 156 162 154 154 158 163 155 162 166 164 161 156 160 159 160 160 161 152 156 163 161 161 160 158 157 164 155 155 117 130 138 163 97 126 129 135 113 82 132 121 110 114 109 100 100 98 106 94 74 72 144 161 160 158 156 150 153 152 148 158 156 150 153 154 103 149 154 157 156 154 155 148 155 152 156 156 158 154 154 150 156 152 151 153 156 155 159 152 150 149 147 153 154 155 156 153 157 151 156 154 140
153 157 157 156 156 153 153 152 155 157 153 162 157 160 167 162 153 158 159 165 156 154 158 160 160 155 156 159 155 154 165 164 157 155 157 160 162 159 158 160 159 159 160 157 162 157 162 160 158 157 150 155 162 158 150 123 163 145 142 81 128 133 143 112 89 110 110 111 110 100 87 89 84 76 75 73 75 113 158 155 155 158 153 156 159 152 153 156 162 185 166 163 138 153 158 154 155 153 157 155 152 159 156 159 154 154 153 151 155 155 151 157 155 151 151 154 155 151 152 152 148 149 153 156 157 153 149 144
152 160 161 151 157 156 148 153 162 163 162 160 161 159 159 161 154 158 158 157 159 151 160 164 154 159 162 165 161 162 163 156 156 156 153 157 163 159 153 154 158 158 159 161 156 162 163 160 163 160 156 161 159 164 157 123 138 134 165 85 118 138 159 136 104 95 89 93 71 68 64 46 52 58 52 75 56 66 110 163 163 154 155 157 159 158 158 153 154 139 125 118 106 125 155 153 157 155 155 159 152 151 159 153 152 152 154 149 154 148 151 155 154 154 149 148 149 149 150 147 144 153 148 150 152 146 151 150
153 160 157 163 161 160 152 153 154 158 152 150 158 153 155 161 161 162 151 153 154 161 157 161 155 155 163 158 156 160 155 152 161 158 156 152 162 165 157 162 162 153 157 157 160 161 162 159 164 163 158 159 163 160 150 132 152 154 148 93 119 146 153 137 82 56 62 81 45 53 48 48 78 87 59 61 64 62 77 163 157 155 156 156 152 158 163 146 99 113 85 67 75 61 124 158 156 154 150 158 153 154 153 151 154 153 154 147 148 153 154 145 150 154 148 151 152 151 153 145 149 145 148 147 155 149 156 151
149 159 156 157 158 157 162 162 154 156 159 159 165 158 156 159 163 162 158 162 159 158 161 161 162 158 160 157 152 156 156 160 163 155 152 152 165 163 157 160 157 159 155 158 160 158 151 158 158 159 158 156 153 156 149 124 146 162 180 98 117 147 93 116 72 65 97 102 69 91 90 84 105 82 63 66 48 38 90 149 153 157 154 155 150 162 159 145 91 103 79 93 69 53 137 157 156 151 152 163 155 149 157 157 159 159 153 155 151 149 153 148 151 154 156 158 150 156 153 153 152 148 142 146 153 147 152 152
160 151 154 156 153 153 156 152 156 159 159 160 157 157 156 160 159 164 161 153 149 154 160 155 165 154 163 157 164 156 156 157 159 154 160 156 157 157 156 161 156 154 158 158 157 159 159 157 157 155 157 161 162 159 157 147 149 142 156 106 116 153 98 121 79 106 109 82 72 77 79 74 85 92 78 76 67 46 96 89 141 166 158 151 155 155 149 152 135 168 154 119 106 79 118 157 154 155 154 155 154 159 160 164 160 153 151 159 157 152 146 148 147 148 156 154 149 145 151 151 155 155 148 155 148 150 146 152
157 145 148 158 156 153 153 153 151 152 156 151 155 154 152 151 158 156 154 158 160 158 157 154 160 151 155 161 160 168 161 161 163 158 158 157 160 160 157 161 156 156 156 158 156 159 159 157 158 163 161 161 162 160 160 149 131 145 149 102 138 103 80 76 80 69 59 57 76 62 68 72 81 79 63 62 65 64 89 72 132 162 158 158 165 152 155 164 151 146 131 109 94 75 68 130 161 157 160 156 163 163 152 153 157 155 148 146 151 153 144 150 154 154 154 153 146 152 154 148 158 155 151 153 151 154 152 145
151 150 149 157 153 159 155 156 155 156 158 158 145 153 155 153 157 164 159 157 157 149 154 157 162 155 155 158 163 157 162 155 156 156 158 162 161 156 153 162 163 162 159 156 158 160 155 154 155 161 162 160 154 154 159 146 128 153 159 103 126 91 73 81 81 66 64 66 72 57 53 69 82 69 65 57 55 57 60 66 95 161 157 154 161 161 184 207 210 191 195 182 152 105 66 104 159 148 158 155 157 163 151 156 150 152 148 149 156 147 149 150 154 152 155 150 150 148 146 148 148 153 150 145 148 142 147 153
150 152 148 157 153 160 157 147 153 157 156 154 147 154 153 152 160 157 155 157 153 159 155 157 162 154 156 156 159 155 162 161 160 160 155 160 156 157 160 160 159 159 163 160 158 155 155 160 154 157 161 162 155 146 157 151 119 144 127 107 114 76 77 69 72 66 66 63 61 63 57 79 77 74 64 63 56 61 52 63 65 121 158 160 152 157 178 176 172 159 178 169 154 143 120 95 156 153 151 161 151 145 155 156 153 153 157 159 147 151 157 145 151 153 150 154 149 151 147 146 153 148 148 147 145 145 145 152
151 155 150 145 149 157 153 153 157 158 146 153 161 155 155 152 157 151 155 156 158 157 157 157 160 154 158 152 158 152 158 159 160 157 156 160 152 157 160 157 158 156 151 154 161 155 163 160 158 160 161 161 158 148 152 160 121 164 151 99 97 73 76 78 77 68 70 63 68 65 72 95 71 74 71 69 60 74 70 66 68 78 156 156 154 146 128 148 123 103 100 103 102 93 88 73 104 159 153 161 154 145 152 154 155 150 153 152 156 158 151 145 155 153 147 149 146 147 153 150 155 148 149 153 149 146 147 149
152 159 152 155 159 157 156 153 160 154 149 161 157 149 157 154 159 158 154 155 159 158 157 159 157 153 161 159 156 160 156 156 162 159 165 159 154 157 160 165 154 153 161 160 164 155 157 159 159 159 156 159 159 150 155 160 128 176 152 101 77 69 82 89 76 73 78 70 68 58 66 92 73 79 98 59 53 57 71 60 68 69 113 139 145 100 109 115 90 92 66 47 91 104 53 36 49 143 164 156 155 152 154 155 151 153 152 160 150 152 150 148 154 150 153 151 150 151 149 155 153 147 145 145 150 150 146 146
158 151 154 156 148 149 150 151 150 154 148 156 150 150 158 157 160 159 153 153 156 155 161 157 152 138 159 158 154 163 154 151 155 151 163 162 159 149 158 163 162 156 157 152 158 157 156 156 154 156 156 155 154 150 150 165 130 175 112 76 81 83 80 92 64 61 74 72 66 57 75 83 56 92 102 64 51 48 71 59 69 86 105 82 135 76 74 120 89 96 61 52 129 102 44 37 51 151 122 109 154 155 154 158 151 147 154 158 156 148 148 148 148 152 149 147 154 150 156 150 153 148 145 146 144 146 144 142
150 149 158 153 152 157 152 149 156 154 155 158 153 154 159 156 155 158 154 157 159 153 160 157 141 121 160 155 164 153 154 160 159 150 154 159 159 162 159 160 159 157 157 158 154 158 156 158 160 160 158 156 157 164 169 160 133 121 109 71 80 64 74 81 55 76 74 56 70 54 54 99 64 72 94 58 60 48 52 50 58 64 80 87 94 68 89 122 79 88 54 70 117 81 51 44 57 117 49 64 150 153 148 153 150 146 149 147 153 153 154 151 147 149 150 157 147 148 152 150 146 144 147 147 148 142 144 143
151 153 155 157 156 151 154 152 151 156 153 154 160 155 155 163 155 158 158 160 159 156 156 161 121 110 156 156 159 159 154 158 155 151 152 150 158 161 153 155 158 163 160 166 157 156 156 154 159 161 158 156 164 157 148 157 126 77 75 72 65 73 71 98 73 78 66 62 64 60 53 116 79 94 70 54 68 49 52 66 55 63 93 96 104 126 117 111 111 110 109 108 132 106 98 79 81 65 47 96 155 154 157 152 156 149 149 149 151 154 157 154 153 149 155 153 148 144 143 146 149 149 143 147 146 148 149 146
148 150 152 151 149 157 153 154 150 159 156 152 151 154 152 152 151 150 156 151 156 157 152 157 157 115 153 161 163 159 156 154 159 153 154 152 156 152 150 157 160 159 160 158 152 156 153 154 161 150 156 165 154 159 150 164 132 116 79 79 81 80 84 100 94 96 91 89 86 80 64 88 100 95 90 55 42 41 50 49 46 118 130 89 104 105 77 80 94 85 89 101 108 106 97 70 80 82 83 97 135 153 154 150 150 149 157 154 152 156 150 151 152 149 151 150 142 149 144 154 156 150 150 150 144 143 148 146
152 146 149 156 151 151 149 150 157 160 151 151 152 155 144 151 149 151 153 158 154 155 156 153 159 128 159 163 161 158 155 152 154 155 156 154 148 150 156 157 155 158 155 154 156 162 160 150 151 158 155 155 156 159 160 170 113 94 84 65 86 83 87 76 75 72 88 75 68 90 87 79 99 92 82 80 57 76 67 74 64 121 135 82 94 72 83 87 103 80 68 84 127 114 71 49 38 49 62 51 117 156 150 147 149 148 154 147 149 152 151 143 148 152 153 147 142 148 151 152 148 140 137 145 149 146 145 142
151 145 153 161 157 149 152 153 156 151 150 152 147 154 157 152 152 150 155 159 148 150 147 133 142 106 103 156 162 155 154 151 159 151 157 153 156 164 159 156 157 160 151 152 152 152 156 160 157 156 151 157 159 164 159 160 81 64 76 64 86 85 97 88 83 83 75 85 79 72 85 89 77 83 68 57 43 49 59 110 78 119 123 65 86 69 74 71 74 62 62 69 114 112 128 65 40 49 66 63 127 158 150 152 150 156 149 148 144 152 153 149 150 156 152 148 153 156 151 149 143 138 144 147 148 145 142 144
144 146 153 151 149 151 140 151 145 146 150 151 153 154 158 155 150 145 156 155 153 154 137 122 118 101 66 117 157 159 161 147 151 156 163 153 146 156 155 152 157 151 149 152 157 156 161 152 151 153 154 150 147 152 157 152 96 88 80 69 74 84 72 70 61 64 67 65 63 65 74 77 93 89 89 94 72 48 75 104 74 104 79 79 82 83 73 85 88 71 71 76 79 80 117 65 47 53 60 72 100 85 123 155 158 155 147 145 153 151 151 151 143 153 154 149 149 148 148 149 140 145 146 142 146 149 145 148
138 140 146 146 148 157 153 154 147 149 150 144 151 149 145 147 158 156 146 150 153 145 129 118 114 109 97 95 143 154 146 151 155 157 161 156 157 157 156 159 152 154 152 151 154 151 159 159 154 155 152 157 144 139 131 79 73 76 78 72 86 86 80 78 80 76 82 100 83 72 77 71 70 66 70 82 71 60 66 102 73 81 76 77 83 97 71 66 76 53 63 79 58 76 93 49 46 45 58 63 52 46 115 151 152 152 151 148 155 153 150 142 147 150 145 151 146 146 144 148 146 144 146 152 141 142 150 139
151 147 151 144 149 148 148 144 150 142 145 158 155 157 155 155 150 159 155 152 156 127 59 58 52 47 48 43 135 162 156 152 154 157 153 157 158 149 150 146 159 155 152 154 153 154 157 158 155 152 158 158 157 138 120 77 83 78 76 81 75 105 75 69 74 68 75 72 63 64 81 72 79 77 74 68 44 38 51 98 76 103 100 106 87 97 102 76 90 65 79 115 87 83 90 61 39 41 55 48 52 57 135 147 144 145 140 130 153 140 143 143 149 152 144 149 155 145 143 143 143 143 149 149 145 146 148 145
150 148 151 148 148 152 148 142 148 148 151 151 150 152 151 151 152 154 150 150 152 139 101 83 88 59 54 84 147 154 159 149 148 149 150 148 150 155 152 154 153 157 154 158 153 149 155 156 155 153 152 158 155 137 96 86 86 90 89 95 93 89 89 85 85 86 89 88 88 84 92 79 89 102 101 98 71 84 118 111 91 96 116 112 102 93 108 118 82 79 89 105 87 92 81 79 55 43 65 63 83 83 138 155 149 152 134 91 140 146 148 144 146 146 151 146 148 143 147 146 151 151 146 146 150 153 148 145
145 147 150 154 150 149 152 148 144 152 146 151 146 142 147 147 148 154 152 151 141 141 151 151 145 119 121 108 106 155 149 152 151 146 153 149 148 154 151 153 149 149 148 154 150 154 157 150 152 153 154 155 151 143 98 110 83 59 84 72 105 83 68 58 61 62 62 58 60 54 83 64 69 63 62 74 65 60 140 138 83 78 85 93 77 66 64 68 63 57 61 65 90 115 92 98 66 49 57 56 73 65 67 145 144 150 138 88 145 151 149 144 141 149 149 146 146 142 143 148 146 147 141 145 153 140 148 146
141 151 147 141 148 145 146 152 148 147 143 149 146 143 147 146 147 157 150 152 122 96 94 103 86 82 93 94 58 144 158 153 150 150 152 152 147 154 143 152 160 162 155 151 149 147 157 152 150 151 150 149 149 115 100 136 141 110 85 100 85 85 80 90 78 89 84 81 85 90 108 78 89 86 103 104 103 75 131 157 100 111 81 81 58 60 69 66 58 61 64 80 107 148 107 94 70 44 59 58 49 40 59 107 147 145 141 131 123 146 143 140 143 146 144 139 149 144 148 147 138 138 143 144 142 142 143 145
145 147 138 145 147 146 147 149 150 154 149 142 150 146 146 151 149 150 151 153 101 70 77 77 71 65 60 56 44 125 152 146 143 149 148 146 146 152 151 151 157 155 149 151 153 151 149 154 148 146 153 153 156 118 94 61 70 80 84 82 71 53 60 68 60 68 62 57 60 73 85 56 63 71 69 74 73 62 122 117 87 83 82 64 63 68 74 66 60 74 76 83 79 133 114 85 77 55 52 60 51 44 56 96 138 111 109 101 90 102 145 140 144 146 144 144 151 147 148 141 143 143 146 143 143 142 141 133
136 151 141 143 156 154 143 136 142 148 148 148 150 147 147 147 145 150 147 147 99 93 71 63 81 66 44 65 43 117 154 150 149 146 155 155 151 156 149 148 147 148 147 146 157 154 158 161 145 150 151 149 111 88 111 98 117 102 114 99 92 92 91 85 98 88 89 91 91 100 105 109 103 95 111 122 70 87 109 80 60 72 74 70 50 62 96 70 58 63 63 65 65 66 77 102 97 61 57 74 55 57 73 98 77 76 65 61 58 46 115 145 139 145 143 142 146 142 141 136 142 142 145 142 145 141 142 141
91 143 144 143 146 153 149 146 145 145 139 145 151 151 151 147 147 150 151 143 104 74 92 70 74 56 45 65 51 117 156 147 150 149 149 148 146 147 146 150 155 150 150 151 153 157 155 149 151 155 142 149 119 94 65 56 69 84 83 84 52 62 67 59 62 77 59 72 70 95 81 61 74 77 88 96 70 103 89 92 87 80 91 77 81 80 91 81 78 70 72 78 64 74 66 102 125 53 49 50 51 44 50 63 59 85 100 94 81 65 125 153 142 137 142 140 146 141 139 139 145 141 141 149 142 140 144 137
102 147 146 147 142 143 147 135 145 144 144 139 147 144 141 147 147 152 140 101 97 79 86 93 84 67 50 57 85 84 107 115 116 121 87 84 114 146 156 151 150 136 131 147 157 126 130 150 149 156 130 130 129 129 110 104 101 121 103 116 96 88 89 84 78 103 93 79 73 84 104 78 91 81 96 106 59 83 95 64 93 73 97 61 56 61 55 65 56 64 77 80 68 68 60 77 78 44 56 57 60 52 56 60 77 72 94 91 109 106 93 142 141 140 142 141 147 142 136 111 137 139 143 144 136 136 136 135
108 150 141 139 142 150 136 75 82 104 114 148 148 143 138 148 144 138 80 55 101 83 97 129 100 73 49 67 65 63 78 78 73 86 74 56 97 147 144 155 132 91 102 146 138 82 121 156 148 154 124 156 145 87 79 86 112 91 113 89 76 66 74 71 79 90 91 90 108 106 88 95 98 103 117 107 70 66 84 61 82 57 89 61 56 66 66 79 58 65 61 78 64 65 59 100 60 40 62 48 50 54 52 43 50 74 68 60 65 49 49 132 122 133 148 138 114 106 103 84 90 92 86 87 109 126 128 141
73 101 99 99 112 113 109 73 68 72 94 113 100 143 144 134 103 79 61 68 93 67 90 90 80 66 72 63 64 69 63 76 74 65 69 66 64 103 127 139 108 76 91 149 128 76 80 124 128 122 103 180 168 70 52 49 66 49 52 41 39 37 32 37 38 39 40 79 97 87 96 96 98 74 84 77 80 58 121 76 101 73 129 86 83 75 67 94 62 57 73 95 75 72 73 99 72 55 65 52 51 68 64 60 39 77 66 65 88 47 43 89 95 97 113 89 76 68 66 73 82 77 72 77 101 98 104 127
66 75 89 76 79 83 84 83 72 75 78 97 87 102 107 102 93 68 64 71 79 64 60 55 61 73 76 65 72 65 55 69 63 53 56 69 63 62 81 99 112 95 98 131 91 60 74 78 73 111 110 124 120 101 85 60 61 44 54 46 52 44 38 42 35 37 51 82 90 88 87 96 97 73 105 71 71 93 109 89 94 92 103 98 108 91 92 92 82 66 72 100 94 69 81 99 77 53 81 46 50 71 56 61 49 117 72 67 86 47 43 73 77 80 81 85 73 59 65 87 80 75 72 72 84 83 83 117
68 64 68 73 86 83 89 74 72 79 79 80 99 113 94 90 76 62 76 83 85 69 79 77 68 73 75 68 71 63 53 48 54 63 61 38 35 40 60 90 127 128 113 83 64 55 94 90 93 95 101 146 157 138 116 88 79 51 55 52 58 47 46 47 51 50 64 93 89 96 93 112 90 82 141 92 65 79 61 75 75 77 67 54 62 57 61 62 62 60 62 57 67 80 80 91 140 106 53 56 64 72 57 71 92 88 74 66 90 67 60 73 76 79 76 82 69 79 81 69 67 59 50 64 62 71 69 86
71 76 80 74 103 84 69 75 81 80 83 68 83 101 85 88 78 60 53 74 101 80 62 57 66 70 64 54 47 37 41 38 55 56 53 44 53 59 43 72 114 107 57 50 68 57 122 98 91 117 115 152 171 112 98 84 64 64 68 70 60 47 53 56 53 63 93 124 115 118 144 151 113 98 148 136 90 78 105 85 96 76 71 63 64 69 75 73 60 64 68 65 66 82 82 119 135 127 46 34 42 46 45 45 46 51 52 51 74 55 66 74 71 70 70 65 74 79 70 70 82 60 51 62 75 72 68 87
82 96 93 98 91 95 90 103 102 98 91 94 101 91 78 78 62 55 61 66 82 72 66 64 63 61 61 49 42 48 59 59 57 71 65 47 64 72 36 58 60 73 56 50 69 77 82 77 91 95 107 141 149 105 66 65 58 59 86 98 96 59 58 52 47 79 121 118 102 120 124 103 86 101 150 86 79 76 104 80 73 74 67 50 56 50 64 78 61 53 53 73 51 105 141 117 83 121 71 36 40 53 52 53 48 60 56 56 66 71 93 71 65 68 72 75 76 60 38 59 75 68 49 44 69 84 90 92
52 56 96 94 83 98 102 116 115 117 120 119 90 72 79 71 54 67 56 69 65 49 70 61 47 64 57 43 56 57 57 57 58 55 58 57 66 62 36 41 48 69 72 65 71 81 81 100 111 65 72 134 160 161 112 70 60 59 63 90 80 51 55 45 59 109 125 113 101 121 123 102 72 102 171 99 72 93 84 86 80 63 68 71 80 81 81 85 68 68 71 77 62 84 73 86 98 88 44 41 41 58 68 57 45 55 67 62 59 89 79 63 57 78 70 72 62 47 48 101 109 69 41 47 64 83 89 87
33 57 98 97 93 93 92 105 101 104 103 105 69 56 92 74 60 69 64 76 75 57 60 57 50 52 55 36 46 65 68 69 62 56 39 52 49 40 44 31 38 44 59 74 91 79 82 161 131 73 83 160 174 178 149 91 73 69 94 113 115 70 68 57 70 113 113 102 118 137 118 88 105 137 138 94 104 81 85 86 85 67 65 62 60 57 65 67 50 49 49 62 57 58 67 101 119 67 40 33 35 44 56 65 54 49 58 56 65 81 90 77 67 59 61 68 53 67 74 82 75 65 47 42 62 76 78 71
46 50 75 83 104 104 104 85 59 67 78 61 65 78 77 59 62 62 70 59 66 76 62 61 43 47 41 31 44 65 63 67 63 62 37 42 40 35 35 34 33 48 71 88 84 75 72 88 78 81 81 146 181 151 151 142 100 88 72 112 128 116 77 73 114 120 113 113 132 134 121 92 102 122 108 74 90 94 94 107 88 84 87 81 81 80 77 83 79 79 80 88 79 72 71 115 127 77 49 53 48 46 50 66 55 51 53 61 60 51 55 52 45 42 36 36 40 32 57 92 64 48 35 68 88 69 74 72
61 59 67 62 76 74 74 91 89 89 90 111 142 145 99 57 63 55 56 58 61 59 67 66 44 39 41 35 55 61 56 60 62 69 70 30 29 28 43 34 35 48 81 67 65 58 47 45 66 62 60 132 162 127 125 115 84 72 53 72 119 110 80 91 120 135 127 130 129 132 120 124 123 119 121 102 82 93 75 83 76 62 56 54 58 56 61 60 60 58 56 56 52 58 64 65 80 61 50 54 62 55 53 67 68 57 61 74 75 57 53 83 53 46 34 40 39 34 85 111 91 89 55 67 59 40 76 70
43 67 49 46 62 79 79 100 121 137 154 147 134 86 42 63 69 57 51 60 54 69 71 69 43 38 36 38 70 67 53 57 57 69 57 53 74 48 33 36 35 36 58 39 41 37 49 51 54 57 58 125 161 129 142 100 75 64 32 68 122 110 94 111 121 132 112 107 110 112 93 89 118 94 88 97 94 97 100 105 112 91 88 86 84 85 91 91 95 98 85 92 77 82 68 60 64 64 48 49 41 43 41 46 49 40 40 43 51 52 51 76 57 44 42 45 43 43 97 93 79 75 55 67 52 67 88 87
76 79 64 57 66 93 139 143 156 151 137 130 91 34 59 66 61 45 57 64 63 66 53 52 46 32 26 27 45 42 52 48 50 49 35 46 57 46 28 33 27 33 33 51 68 55 80 71 37 51 54 70 134 118 110 105 141 115 71 61 105 115 113 104 105 100 103 124 129 150 131 134 138 109 85 74 98 72 106 78 64 73 68 66 84 83 70 75 82 77 87 72 64 77 72 71 72 82 72 82 64 66 56 76 75 70 55 80 92 94 88 76 63 52 52 45 54 46 91 85 74 81 55 63 68 88 82 82
55 56 64 85 106 116 143 146 94 76 79 89 60 58 79 65 59 60 63 59 71 70 52 34 30 24 23 34 38 55 79 47 39 44 39 36 28 42 41 35 36 37 23 31 50 44 83 77 47 73 66 63 92 170 90 85 73 68 56 61 80 119 114 120 118 112 125 121 109 115 114 118 132 138 113 116 151 91 114 101 67 61 55 59 64 57 48 48 43 43 50 50 43 41 40 40 43 55 45 54 47 50 47 51 42 53 47 57 53 58 75 59 69 56 52 50 71 72 91 82 85 90 59 69 67 71 79 85
73 74 73 119 136 141 138 123 70 56 48 45 56 64 73 48 52 56 62 64 70 81 77 68 57 61 66 65 62 68 68 48 37 45 34 32 54 39 43 66 61 43 25 32 39 30 82 70 47 64 66 81 95 145 88 80 58 64 47 41 66 96 95 111 118 132 163 112 98 104 117 120 115 110 116 101 86 98 100 116 133 115 101 105 92 99 102 84 79 71 89 93 78 68 66 64 74 68 71 58 62 48 38 59 54 58 44 52 63 65 65 67 70 48 51 36 59 116 103 91 74 89 53 74 67 78 82 86
54 37 68 136 150 146 138 122 82 57 47 31 40 61 60 95 113 114 95 105 97 93 93 83 89 90 94 89 91 86 86 74 78 62 64 64 72 48 43 82 58 31 27 35 32 60 95 92 48 36 48 62 55 69 73 67 53 55 42 34 44 95 112 116 120 124 129 116 109 109 102 98 113 110 111 100 85 95 83 79 88 75 71 87 76 77 80 87 81 77 87 91 79 84 84 86 92 81 77 90 93 85 62 79 80 89 82 67 95 105 103 102 91 61 70 73 51 89 126 119 92 95 48 81 94 98 93 80
40 78 135 142 134 135 104 60 62 59 44 29 37 44 82 137 135 132 125 135 133 116 118 116 118 101 108 102 103 110 95 107 141 138 136 130 129 128 75 92 59 33 30 32 35 78 77 56 39 41 45 45 39 54 68 67 59 56 44 41 36 41 83 103 114 124 109 104 110 118 122 109 88 98 101 110 115 128 126 107 75 40 47 40 42 53 38 41 36 39 37 58 50 47 45 49 53 58 46 48 52 49 53 49 46 51 53 52 64 62 58 67 67 79 93 93 80 85 142 113 91 104 57 80 83 82 87 70
50 108 113 122 117 108 70 69 56 23 52 53 31 42 75 70 63 79 81 75 80 86 91 87 99 91 98 97 103 107 107 113 104 105 109 109 118 118 115 90 60 56 38 34 50 93 77 60 36 36 35 39 58 70 30 55 68 58 53 47 50 67 75 78 82 118 115 112 106 113 108 119 118 121 123 123 124 112 105 113 116 67 35 31 36 37 29 30 29 26 26 35 27 30 30 37 28 38 33 32 36 31 34 37 38 32 30 28 40 43 34 49 45 49 99 104 93 93 136 127 100 120 49 89 67 42 92 74
28 74 116 123 122 116 73 39 28 24 30 43 61 51 48 36 38 35 31 40 37 44 54 47 48 42 42 50 58 57 57 58 57 53 56 57 52 68 78 74 79 95 92 67 54 53 44 42 34 34 33 49 59 78 39 52 76 63 50 44 69 87 144 102 103 110 108 110 110 73 76 86 101 116 119 133 138 115 116 117 117 123 63 27 34 43 36 34 31 28 29 35 36 42 42 49 44 35 37 48 35 35 32 33 34 28 32 32 41 37 33 59 71 53 89 91 72 82 145 131 103 97 50 68 49 60 87 72
85 143 155 156 143 77 38 33 28 31 34 59 76 92 67 59 51 48 57 56 62 62 50 51 56 52 47 51 58 45 58 54 52 49 52 51 44 48 68 62 71 73 90 76 76 91 80 63 45 46 40 60 112 88 39 48 96 72 54 43 83 99 145 117 121 77 105 114 108 123 72 48 71 103 107 124 112 113 103 109 109 121 112 69 35 43 37 39 33 34 30 40 42 82 83 67 58 59 79 59 56 53 51 53 49 63 57 49 43 42 41 54 49 51 97 107 80 96 146 130 111 97 79 64 92 98 83 82
89 101 100 110 80 56 58 60 63 57 65 107 90 82 65 71 67 65 76 74 82 77 75 75 68 69 80 76 76 73 81 83 74 83 92 83 88 98 90 85 77 86 86 79 82 70 90 73 41 50 47 95 116 108 56 70 95 74 92 54 79 89 145 123 156 135 91 85 106 152 146 125 104 132 110 102 61 53 48 58 55 61 65 61 37 41 38 36 38 37 36 43 46 133 134 79 76 82 118 123 108 100 91 85 88 109 104 91 89 74 79 93 103 94 93 72 88 95 124 124 119 116 92 96 115 121 84 84
61 66 69 61 75 67 66 61 70 69 78 61 66 62 86 70 70 66 69 64 66 58 63 64 63 71 66 71 69 82 77 75 74 69 80 82 77 82 86 83 80 92 82 82 89 80 84 75 71 66 66 88 89 121 79 78 84 85 95 64 82 86 112 98 154 154 153 127 91 135 128 119 120 110 114 132 105 96 95 100 98 109 121 109 49 46 44 47 53 50 46 48 55 132 134 82 71 85 118 111 123 82 86 82 78 78 79 102 101 89 82 91 76 109 106 96 80 72 69 81 78 94 76 105 110 107 62 78
63 61 60 71 68 66 69 66 73 82 80 68 71 71 75 75 81 65 69 73 76 64 66 74 82 87 71 81 86 82 69 74 78 67 70 85 92 88 84 85 88 85 105 89 87 95 96 89 82 88 96 101 101 75 81 73 87 96 98 80 77 72 76 77 91 79 78 91 108 86 78 83 94 105 89 90 84 89 83 103 95 94 96 106 92 84 91 84 92 89 94 93 83 95 109 99 92 103 125 113 137 87 103 105 98 74 71 99 70 85 95 103 87 95 101 99 73 73 86 94 84 87 97 120 116 134 78 79
45 55 50 62 56 51 56 60 78 69 66 70 65 72 64 61 78 69 55 58 56 61 54 52 49 53 69 58 58 59 72 61 67 53 59 73 82 75 76 72 72 74 77 82 77 74 86 76 87 89 91 80 80 74 79 79 86 104 98 95 81 96 91 87 91 94 94 108 93 82 83 86 100 103 100 93 105 103 92 101 112 110 110 102 114 104 105 85 110 88 99 110 120 95 97 99 111 106 119 116 128 97 82 85 84 72 65 111 87 78 87 82 92 94 78 90 89 73 79 78 97 84 69 69 90 65 72 82
70 63 54 51 50 52 54 56 53 51 49 53 48 57 55 49 68 59 57 50 47 56 58 56 57 57 72 61 66 60 61 55 61 56 62 84 77 81 81 83 83 73 85 82 67 75 97 90 75 75 77 69 59 69 70 63 74 96 87 73 66 64 54 72 81 78 91 96 90 51 65 73 66 64 65 68 66 67 78 74 77 70 76 88 82 91 79 89 103 98 95 91 88 77 81 77 75 86 126 142 110 58 65 64 67 64 60 114 81 65 57 61 100 47 56 53 58 37 51 56 56 70 69 63 65 67 69 79
63 58 78 60 56 53 66 71 61 65 56 53 60 54 56 54 64 71 63 71 53 54 58 52 50 45 49 46 53 49 50 47 55 57 51 58 97 80 52 108 83 56 65 60 77 63 50 52 53 61 60 72 68 63 60 63 67 88 93 98 81 59 70 73 82 74 60 80 119 98 82 79 65 70 67 77 66 72 95 77 79 70 77 83 75 88 68 76 91 97 92 94 83 77 78 77 62 94 102 106 106 73 80 69 85 70 73 110 71 74 65 60 109 57 62 59 51 33 54 61 60 56 62 56 60 69 69 65
36 33 38 37 39 38 39 45 38 41 31 34 32 35 37 44 46 47 50 47 40 51 54 53 53 52 49 65 62 51 56 60 55 57 55 64 78 74 80 103 52 65 64 74 78 72 62 70 77 68 69 81 72 72 66 64 65 70 86 89 68 70 69 90 104 85 82 126 121 112 97 88 64 63 55 58 62 69 70 77 73 71 68 76 87 73 72 66 61 65 77 99 75 65 73 108 82 94 105 97 98 74 52 55 63 45 51 92 51 61 57 59 54 44 41 48 56 41 34 50 53 71 52 68 55 65 75 65
71 67 68 68 69 62 59 61 68 71 58 61 58 68 73 65 56 52 49 47 30 44 42 38 36 33 37 45 36 35 39 41 35 38 43 31 31 32 36 84 48 30 42 44 46 55 51 71 60 58 51 52 49 56 64 60 79 68 69 62 59 62 63 62 59 51 93 106 94 83 59 61 59 65 70 58 62 69 65 66 73 81 67 77 84 86 87 78 76 91 94 106 93 82 77 79 83 115 117 133 111 86 77 81 80 82 74 95 59 72 72 77 68 40 42 52 65 43 33 63 79 78 81 65 61 63 74 82
70 66 65 60 70 62 58 66 58 63 57 61 68 56 66 68 74 68 74 85 45 61 71 71 70 73 74 79 67 51 73 74 70 78 84 74 73 88 92 124 91 66 70 72 73 86 77 74 67 84 76 58 69 80 87 91 99 91 87 77 50 69 76 61 63 68 100 97 99 85 61 36 66 66 61 55 60 57 57 65 66 60 44 49 59 82 77 78 73 73 78 67 82 99 86 84 72 79 82 114 93 97 94 89 89 88 91 90 93 93 93 97 93 87 90 87 91 98 63 66 98 86 102 73 50 50 62 70
77 74 69 58 80 62 61 57 29 50 45 63 55 40 38 51 62 56 58 64 54 61 64 65 58 60 66 57 58 52 54 51 56 51 59 57 106 143 132 128 112 106 91 66 63 80 71 72 85 81 75 72 74 76 78 85 81 78 80 75 55 69 84 80 82 94 96 93 95 88 66 49 63 87 83 80 78 89 92 87 90 69 60 90 95 89 81 97 97 93 101 97 94 103 96 102 96 87 54 86 65 50 52 33 45 40 58 70 54 76 62 68 59 60 58 54 54 60 54 40 44 42 45 58 72 75 94 93
71 68 66 55 53 60 68 61 61 58 73 82 85 56 64 59 77 75 78 67 71 94 98 87 86 83 84 81 72 73 84 65 57 62 61 70 94 83 78 90 74 61 32 44 62 68 57 67 62 51 54 57 58 64 68 72 61 71 76 79 89 87 84 87 79 79 81 79 68 67 53 56 61 69 73 61 55 64 57 70 68 69 68 65 69 65 72 68 65 68 72 63 95 74 64 54 54 67 70 55 47 35 36 33 29 28 31 37 35 33 34 31 29 38 30 31 39 32 31 30 29 32 35 35 32 59 68 68
