99 100 106 105 109 108 108 106 100 97 102 118 124 121 117 118 114 122 134 143 145 132 90 66 60 50 73 62 34 38 52 60 58 61 51 37 44 60 60 47 48 52 47 41 27 54 69 70 44 48 66 55 47 44 86 114 170 163 165 168 164 170 162 163 167 170 163 161 159 153 156 155 154 153 148 158 154 163 168 168 165 172 157 156 163 169 163 164 154 155 162 166 161 165 162 166 163 158 166 161 157 160 154 150 160 158 150 152 151 157 165 161 160 155 158 162 163 151 154 156 156 155 153 154 153 149 148 146
90 97 103 112 109 98 110 101 101 98 106 117 125 126 122 123 114 133 124 86 110 73 44 32 49 59 55 49 43 59 54 62 50 39 32 36 56 57 54 57 60 50 44 48 39 76 71 43 45 68 55 40 41 78 142 149 161 175 172 181 177 179 173 166 159 146 140 149 155 156 158 156 152 156 147 158 155 154 162 165 157 165 154 153 157 160 157 153 152 165 165 159 161 161 159 162 160 158 160 158 152 156 154 152 153 156 153 158 161 158 160 158 160 163 157 151 153 156 156 157 157 156 154 150 150 155 155 148
109 105 109 113 116 104 106 101 104 107 119 121 119 126 108 111 111 125 47 38 60 54 57 63 66 47 39 43 60 57 58 57 49 29 36 56 65 56 46 55 54 44 56 54 46 67 52 44 64 57 43 37 55 118 146 138 144 152 163 175 175 180 191 172 163 140 143 150 154 158 157 156 157 153 150 149 152 160 166 167 166 161 151 152 156 159 166 163 157 166 160 152 161 161 156 155 156 164 163 156 161 158 159 155 150 153 153 157 170 158 165 155 152 159 151 152 151 148 154 158 158 158 154 155 153 157 148 154
112 109 111 110 115 111 99 96 107 107 112 117 120 120 46 46 59 103 34 40 43 67 70 70 50 38 52 50 52 61 57 49 30 40 52 60 57 55 54 44 47 45 50 56 55 48 49 65 55 40 69 52 84 154 160 149 139 135 147 148 160 174 184 181 165 153 150 159 158 155 156 146 151 147 152 151 161 170 163 157 158 164 160 165 164 163 159 163 167 158 159 159 154 157 157 162 165 171 161 158 156 158 158 154 158 165 151 163 162 156 156 156 162 164 159 157 153 141 151 148 153 159 150 154 160 160 152 152
104 101 109 105 105 113 112 109 109 108 114 115 114 73 45 38 44 65 36 58 70 56 70 49 33 49 58 49 61 46 45 30 33 44 65 59 56 62 54 54 56 54 64 68 56 51 65 60 48 43 130 97 139 163 155 160 158 145 145 151 148 161 168 174 165 159 152 155 168 166 160 156 146 158 160 161 169 172 164 159 167 171 166 162 166 159 166 157 163 154 160 158 160 173 158 162 166 160 159 163 157 152 156 150 160 160 156 161 157 165 158 160 160 156 160 156 153 148 153 153 152 160 155 156 157 162 161 150
104 95 99 112 114 109 120 112 95 76 84 51 49 36 53 41 45 60 53 83 76 53 51 46 40 57 58 64 44 43 31 35 50 62 52 55 57 47 53 54 56 50 65 46 30 60 82 110 91 75 118 151 152 148 152 157 167 165 160 159 144 139 153 165 164 167 160 159 168 169 165 164 158 158 165 174 168 168 164 161 170 163 161 153 156 161 169 166 160 160 164 161 167 162 155 166 163 161 161 164 160 161 159 157 157 160 161 161 160 162 162 162 163 159 158 158 153 153 152 155 161 166 163 156 159 165 157 158
103 100 103 107 113 108 98 83 68 91 46 30 38 41 59 54 50 51 89 80 65 53 39 48 54 64 63 56 39 27 29 43 54 52 49 56 59 49 45 55 58 52 51 42 43 78 126 126 136 129 134 153 160 149 147 138 145 157 157 163 157 140 154 160 167 165 163 172 176 176 171 165 159 160 163 175 168 162 167 170 171 157 159 166 158 167 169 166 164 166 157 155 163 163 160 167 162 166 162 161 158 162 169 169 158 167 159 161 162 164 167 163 162 157 158 160 149 154 162 164 158 167 165 162 162 162 165 162
103 106 97 106 101 71 73 67 38 66 40 44 58 55 62 48 66 64 87 64 54 49 44 52 51 61 63 49 28 33 48 44 39 50 51 52 53 58 59 54 58 50 38 54 54 78 128 131 131 140 138 142 153 146 148 135 135 139 146 151 151 144 147 154 157 159 163 166 174 178 169 167 167 175 177 167 167 175 170 168 172 162 169 168 164 162 168 156 158 169 165 162 157 170 161 171 170 163 162 161 155 161 166 162 165 162 165 160 163 160 165 161 163 167 163 170 166 160 157 165 169 158 156 160 163 167 164 155
88 99 100 73 57 63 61 49 39 47 44 61 64 75 63 45 47 55 42 43 35 45 57 52 53 52 51 29 35 44 46 32 39 47 46 53 54 61 59 59 60 47 42 56 89 120 133 140 137 138 142 144 143 150 142 142 131 135 132 122 134 144 142 147 139 151 160 167 178 169 176 172 178 181 173 170 170 167 168 168 168 166 171 172 171 164 166 159 163 168 166 158 158 173 158 168 170 158 163 162 162 162 160 164 163 164 159 163 164 167 167 165 160 150 143 128 90 132 164 171 165 157 165 154 156 163 155 161
113 89 68 76 72 56 58 63 89 56 53 57 64 62 44 51 53 45 48 45 47 66 49 65 57 48 32 40 40 53 32 32 31 33 26 50 66 63 59 60 47 39 68 103 135 139 133 131 134 138 130 137 144 145 151 143 131 144 140 127 128 142 148 154 148 148 158 163 179 175 175 175 180 176 174 176 172 169 169 174 166 169 162 169 168 157 159 166 164 170 167 157 162 172 162 168 165 152 164 165 166 157 157 165 164 164 162 161 159 172 141 82 75 53 45 44 39 45 115 180 172 168 163 163 161 157 165 170
60 63 38 58 54 57 61 58 74 56 55 49 55 49 41 59 54 49 40 49 61 53 54 64 51 33 33 34 39 33 32 25 38 50 49 63 60 61 64 42 37 64 98 131 130 132 137 129 134 135 128 130 131 135 139 141 132 130 131 135 127 136 151 155 152 159 151 152 171 178 177 176 177 178 175 173 181 174 171 168 162 166 165 168 160 154 166 175 162 170 175 167 166 167 160 167 164 160 168 167 164 164 164 162 171 169 160 162 167 168 80 45 51 36 32 39 35 32 57 108 113 150 169 165 164 163 167 168
65 63 43 50 45 74 69 41 43 55 69 61 50 58 63 58 64 43 44 61 48 56 54 52 32 29 39 31 36 37 33 25 43 53 60 63 63 70 55 38 52 86 113 128 130 132 131 133 138 144 133 131 132 142 139 136 133 153 147 125 125 119 129 141 155 155 161 157 171 171 179 174 177 177 188 181 181 180 174 177 171 153 162 164 151 162 176 169 153 175 173 168 162 159 161 168 168 169 159 168 167 170 166 167 176 170 171 176 178 162 60 44 47 49 34 36 31 34 51 41 38 77 148 159 168 161 168 173
36 58 70 65 47 90 52 35 41 56 58 50 64 53 70 73 50 42 64 59 54 52 55 32 40 43 38 31 35 38 34 31 50 57 66 62 66 58 41 52 79 127 127 123 117 118 128 131 133 133 136 135 140 139 132 146 144 157 155 153 151 122 121 129 144 146 160 167 179 182 180 183 187 182 191 183 183 185 176 175 171 159 164 166 168 173 165 169 164 177 165 162 161 156 155 167 172 173 160 155 164 174 168 163 160 167 161 159 174 141 58 45 61 42 34 38 31 29 36 37 47 57 86 137 146 160 168 175
49 71 59 60 65 51 56 60 62 65 53 58 57 64 95 63 40 54 54 49 49 57 35 27 45 40 24 37 34 31 29 41 52 65 56 64 71 50 45 72 125 125 128 121 127 125 126 123 123 133 139 133 131 110 121 127 125 135 136 147 161 138 119 119 126 150 168 172 183 196 194 188 185 189 185 187 189 184 176 174 176 167 165 175 182 183 163 169 169 170 179 165 166 155 150 158 165 166 156 166 170 173 165 174 167 171 164 172 178 118 38 55 53 41 34 35 36 31 32 35 36 34 40 48 52 92 164 178
52 62 48 60 55 67 64 59 82 65 54 60 66 62 53 48 54 55 61 50 50 30 32 40 35 30 33 31 36 33 32 37 52 52 61 72 61 47 68 111 143 134 132 131 124 120 127 125 128 133 126 126 124 129 128 143 138 143 142 140 147 145 122 125 137 161 168 178 181 187 191 186 186 193 190 189 194 190 183 179 177 173 171 180 177 172 165 169 173 172 179 171 154 156 159 160 168 163 165 168 158 168 175 174 166 166 174 173 180 116 61 51 38 40 37 36 33 39 35 35 31 34 35 42 50 61 117 126
37 43 43 43 50 59 53 52 71 63 53 46 48 60 46 51 56 57 55 50 33 28 37 37 33 27 38 36 39 41 37 32 45 51 69 70 44 59 95 130 131 139 126 125 124 127 128 126 124 127 128 136 132 129 136 147 150 155 157 143 149 154 138 148 160 166 184 189 192 190 194 199 189 186 185 192 199 197 183 187 186 189 177 175 174 168 167 171 177 174 172 163 161 164 163 168 165 163 165 170 165 164 172 169 165 165 164 171 181 97 49 46 43 36 38 34 28 30 35 28 32 40 28 35 35 44 88 124
62 51 44 52 61 46 60 79 76 66 61 49 42 45 57 62 55 63 53 32 30 31 40 33 37 33 39 44 50 48 30 34 61 70 67 51 55 70 109 126 120 117 123 116 118 124 127 127 127 124 124 132 139 124 123 132 149 161 166 159 164 163 153 155 168 169 188 182 192 194 196 202 201 198 199 199 200 195 184 184 191 184 183 178 175 177 180 178 176 170 170 157 168 174 163 165 162 162 164 168 169 163 175 170 169 172 176 179 182 82 44 48 43 31 40 33 33 28 33 26 31 35 38 30 26 25 42 110
61 65 58 49 49 55 77 88 83 53 61 52 45 49 64 53 56 49 41 25 43 36 35 34 40 38 45 48 48 49 31 42 66 72 59 50 72 113 124 117 120 117 123 119 115 119 125 132 122 126 127 133 147 138 139 139 146 155 168 167 173 174 171 172 174 187 188 186 197 193 192 199 203 201 202 194 195 198 195 189 183 179 182 183 178 183 180 174 172 175 178 175 174 175 171 167 167 163 164 165 163 171 169 168 159 161 169 171 176 68 48 43 45 39 37 35 32 39 34 30 35 41 40 38 38 34 34 104
57 63 51 48 47 53 59 55 44 43 36 48 47 61 52 62 56 46 24 35 52 40 35 31 31 44 49 53 60 58 41 50 65 60 47 64 101 132 125 124 122 121 120 115 119 125 125 132 131 127 139 145 149 151 157 153 163 166 184 175 177 180 177 184 183 188 191 197 201 199 198 206 204 201 197 202 200 198 189 183 178 183 190 189 178 184 184 175 169 177 179 180 181 177 174 167 164 166 165 167 167 169 172 162 163 168 170 166 167 50 42 49 38 43 44 38 27 37 37 42 37 43 41 40 30 37 43 71
47 44 49 49 49 41 50 53 54 60 49 45 58 58 60 50 43 32 27 26 57 44 27 31 30 45 46 49 62 54 39 42 63 47 49 92 122 117 117 120 116 122 120 116 124 123 131 127 132 131 134 140 149 156 166 170 181 181 182 184 180 184 188 189 189 190 196 194 193 200 203 208 214 199 202 192 203 204 195 185 182 178 183 191 182 182 180 176 180 176 178 170 179 181 173 167 171 168 165 175 161 158 170 160 156 166 160 166 147 42 44 46 44 38 42 45 45 37 30 35 43 34 28 31 29 39 37 30
61 62 53 46 60 48 58 68 56 55 43 55 62 60 60 51 32 31 32 37 33 32 29 30 30 52 45 53 66 56 41 49 43 52 71 122 127 123 122 125 121 115 119 122 123 128 122 130 143 138 131 133 152 168 174 178 185 187 181 190 183 187 195 190 186 198 196 191 197 198 202 208 210 207 206 202 204 195 198 191 184 195 190 185 176 182 180 177 182 181 182 177 181 185 177 177 168 166 167 175 169 163 165 163 163 161 168 162 118 37 49 45 44 50 46 45 49 46 35 32 30 34 38 35 38 39 32 34
66 60 67 55 50 43 54 66 68 49 51 67 56 56 54 35 27 39 40 35 33 35 29 28 31 48 49 50 54 51 46 51 42 62 110 135 132 126 122 124 130 116 124 130 136 130 125 128 139 141 127 144 170 177 180 176 182 183 179 187 192 188 190 197 193 203 192 205 208 203 207 204 211 215 205 204 202 196 199 193 193 191 190 188 190 185 182 183 185 188 189 178 183 181 176 181 162 157 159 159 163 169 170 162 168 163 165 165 109 39 54 49 44 45 38 43 42 46 44 33 29 36 37 39 43 41 37 35
76 50 47 56 59 77 52 60 51 40 59 58 53 51 33 24 25 38 36 30 28 30 23 27 33 44 49 51 51 50 34 38 45 89 131 135 134 131 129 136 128 130 128 135 139 134 135 126 133 130 150 163 173 173 175 181 181 183 180 191 188 192 188 190 198 191 200 206 209 207 214 201 207 213 211 213 202 200 208 198 194 193 195 190 189 184 185 188 185 183 185 185 181 185 172 175 173 160 151 154 160 163 172 168 164 164 161 170 103 35 45 52 42 43 40 41 41 40 47 44 41 36 35 26 33 41 36 35
100 61 47 47 36 63 46 43 48 44 59 51 55 44 27 38 31 34 32 29 29 28 34 37 39 53 46 49 47 52 43 37 58 127 136 138 130 136 135 136 132 132 145 155 171 157 136 134 138 144 166 171 176 177 179 182 184 179 175 188 193 188 197 200 190 202 204 201 205 213 211 204 211 211 211 213 207 206 205 204 204 196 193 181 189 190 186 188 189 185 187 184 182 185 183 173 173 167 171 168 168 169 173 172 169 166 163 164 69 43 50 53 44 40 45 51 50 40 45 43 43 45 41 39 33 33 33 41
50 85 48 44 52 57 32 45 53 57 46 48 46 30 28 30 29 31 30 27 31 28 28 29 41 56 56 48 50 51 40 61 66 131 138 135 130 140 140 134 131 134 149 180 190 175 153 150 152 165 172 172 177 178 175 175 182 168 167 180 187 191 198 200 196 202 199 200 209 212 213 218 214 212 209 212 210 208 212 212 202 208 193 187 188 188 186 184 189 192 186 189 188 177 186 176 175 179 177 168 170 166 168 171 170 166 173 157 54 44 53 48 50 41 40 45 53 46 47 46 49 49 48 42 39 32 32 34
58 40 51 58 67 60 43 36 57 51 47 46 33 34 33 37 31 30 35 29 32 30 30 30 41 54 60 61 54 37 52 104 134 140 141 134 128 142 157 140 136 146 172 191 193 192 179 170 180 183 184 181 180 173 178 180 178 172 170 177 187 194 198 194 202 205 198 204 211 213 215 222 209 218 215 208 212 216 217 209 207 207 195 201 193 187 195 192 188 192 177 120 113 168 183 179 176 174 177 170 174 173 174 173 171 174 179 143 45 44 53 55 51 55 50 43 44 49 45 44 49 53 43 45 38 41 35 27
58 40 61 49 69 63 51 50 51 54 53 40 26 34 35 28 30 27 30 32 36 33 35 38 53 52 57 67 52 45 84 139 144 143 139 136 141 147 163 143 145 172 193 196 194 192 192 196 193 195 190 182 180 178 180 177 171 170 173 175 182 188 197 201 203 204 206 208 209 213 212 220 209 210 215 213 221 213 213 209 204 206 200 198 201 196 204 198 193 201 155 107 120 153 164 168 185 179 171 171 177 174 173 168 173 182 174 125 43 42 55 54 48 51 51 39 34 47 49 47 47 46 46 36 29 30 33 41
60 39 50 63 56 52 50 55 50 58 45 27 32 40 32 29 31 30 29 36 35 33 27 34 57 52 64 60 44 56 110 143 142 138 146 151 164 171 175 165 174 194 197 200 208 203 199 205 202 195 192 190 186 172 175 168 166 166 176 181 187 194 194 201 196 198 210 213 208 213 213 219 215 209 211 215 212 218 219 214 209 207 205 206 208 193 201 204 199 200 130 96 68 101 130 108 160 175 176 171 164 166 171 173 175 180 171 101 38 41 44 46 54 55 51 45 37 39 45 49 55 40 46 38 39 33 34 42
71 78 67 84 62 43 52 48 49 50 32 29 43 46 31 31 32 30 22 34 37 28 33 43 50 59 60 43 48 94 143 140 137 143 153 174 177 182 186 185 191 206 202 206 208 210 215 210 206 201 201 194 187 192 187 182 169 178 176 182 189 190 193 200 205 207 208 210 214 208 211 211 214 211 211 214 212 214 217 217 214 212 212 209 209 205 204 198 207 190 115 67 42 88 104 113 105 131 185 184 177 176 175 171 169 173 174 75 42 46 38 37 52 59 51 58 49 48 35 50 49 46 45 44 32 31 38 48
66 51 69 52 45 52 46 51 52 39 31 39 42 45 30 35 29 34 32 33 31 30 38 40 45 57 47 49 72 139 147 144 142 144 157 178 182 195 200 198 202 211 210 206 210 207 212 216 209 208 206 199 206 199 184 189 180 178 179 186 194 195 195 198 204 213 205 208 208 208 212 212 213 209 214 211 216 213 217 228 217 211 211 208 204 209 214 198 199 200 104 39 46 51 55 84 99 115 143 170 175 181 179 177 172 174 182 122 48 42 39 35 38 56 46 51 53 65 41 36 45 46 54 48 38 36 50 48
65 59 65 40 51 50 59 62 36 29 28 33 30 29 30 33 29 33 28 36 35 36 54 52 36 58 45 60 119 158 148 152 149 156 169 184 183 193 194 201 203 205 214 211 211 210 218 214 208 208 207 199 195 199 196 198 188 186 184 191 190 195 195 193 202 202 207 208 203 212 209 217 215 212 214 219 213 218 216 222 216 215 210 208 210 218 214 211 209 195 63 43 42 32 56 54 53 101 114 127 169 175 177 180 176 177 181 161 72 75 36 42 50 66 48 54 47 64 58 43 34 41 45 45 38 35 48 40
47 45 45 59 50 54 48 46 28 30 36 34 31 33 35 26 23 35 31 36 35 37 54 48 37 39 50 81 160 154 155 155 160 164 173 188 193 195 204 210 212 214 215 215 213 211 220 214 210 221 215 205 200 200 202 205 195 192 190 189 194 196 202 202 202 201 209 206 212 206 206 207 212 204 213 219 218 214 222 225 214 211 217 218 215 216 212 212 217 197 73 55 45 38 46 50 46 45 91 129 121 165 175 175 173 173 183 178 171 141 62 69 146 111 65 49 46 54 65 57 54 42 51 50 44 40 40 38
47 48 59 57 62 50 45 27 32 37 34 31 35 32 33 30 29 34 36 29 33 40 51 40 41 46 61 121 160 157 163 164 170 174 179 192 194 197 203 208 203 208 207 209 219 219 221 227 217 221 216 215 219 210 201 206 208 200 202 197 198 200 203 201 207 206 204 203 206 203 210 205 209 215 212 214 218 217 219 222 219 207 221 221 217 220 214 214 217 197 71 58 56 51 38 39 57 58 49 145 135 156 171 176 180 179 176 179 169 180 163 150 152 110 66 64 58 62 53 48 66 46 37 51 42 39 35 38
53 53 50 58 53 49 33 27 33 38 33 32 33 30 37 29 33 36 30 32 35 47 53 46 40 38 76 168 171 173 166 168 177 184 188 195 198 196 203 210 210 212 216 219 219 217 218 219 219 222 222 214 216 218 216 215 213 209 202 201 199 196 198 196 204 201 194 196 208 205 208 206 204 209 217 209 214 217 215 218 227 218 220 220 217 220 220 229 222 188 58 53 57 65 49 43 43 52 51 67 119 159 158 135 176 177 182 175 163 156 164 163 146 153 138 106 86 63 69 58 58 59 46 41 50 43 29 37
50 55 60 59 55 32 30 31 43 36 37 36 34 32 30 31 40 33 36 30 33 48 53 47 29 35 125 188 179 183 180 176 186 201 192 195 199 203 210 211 212 204 216 221 219 221 224 218 219 212 220 216 222 223 225 224 218 218 203 198 198 195 200 201 201 200 199 202 206 198 202 204 208 212 208 209 210 224 223 219 219 217 222 220 222 221 223 225 220 168 52 57 53 51 61 48 30 45 50 50 92 151 177 114 120 165 187 176 164 147 147 156 153 154 158 151 138 145 144 80 56 51 59 48 48 45 34 36
45 59 62 57 39 28 32 44 33 35 29 34 33 29 27 26 33 30 34 34 39 49 59 45 49 50 163 197 180 175 180 187 199 191 196 201 202 207 206 210 217 213 217 219 222 224 224 219 222 221 223 221 229 230 224 225 224 219 203 204 199 209 194 197 199 198 200 195 194 202 205 202 204 204 211 209 209 211 219 223 223 222 221 221 219 219 221 212 229 148 70 68 85 52 56 64 44 35 47 57 58 59 134 132 112 118 159 170 158 156 157 169 158 152 156 149 161 160 160 142 75 50 55 53 47 53 40 38
40 61 54 48 36 32 31 42 49 39 28 31 27 31 29 30 32 28 34 33 44 61 57 47 67 111 189 197 186 180 187 191 197 197 201 202 205 206 209 213 221 218 219 221 225 216 218 222 228 224 233 239 237 216 205 228 222 216 214 213 205 199 194 208 204 209 204 201 204 202 209 204 202 203 202 204 206 208 215 215 214 218 224 223 218 216 223 218 216 193 142 196 212 101 48 58 63 48 40 48 56 49 74 133 135 121 123 170 170 159 149 150 162 156 155 150 154 153 146 149 150 68 55 53 44 48 42 42
34 46 55 29 40 38 43 51 61 27 31 34 32 30 32 31 33 32 30 32 47 60 58 62 83 190 201 192 186 184 187 197 201 201 196 206 210 206 212 217 219 221 214 218 221 222 225 225 226 233 227 189 138 91 133 227 216 220 212 212 214 200 203 203 198 200 209 205 200 201 207 208 206 212 209 204 209 208 215 212 211 217 227 221 217 220 215 221 212 215 218 215 210 172 72 56 62 66 50 39 53 63 66 98 120 143 129 121 129 136 153 163 160 162 159 158 159 162 163 162 165 126 54 49 49 57 45 41
27 32 39 38 31 37 41 43 44 32 29 30 32 29 31 30 27 30 33 33 57 56 58 62 133 189 192 187 190 192 190 202 206 211 206 207 205 207 217 218 217 217 224 220 220 225 219 225 228 184 106 86 88 83 102 212 221 217 215 221 219 210 206 204 200 205 205 208 203 207 206 202 203 208 207 207 206 209 211 212 208 217 218 218 218 210 212 221 211 217 217 213 208 207 178 79 57 70 51 44 44 53 73 65 81 146 121 124 121 120 135 164 161 156 149 154 148 148 158 154 157 170 132 51 46 51 58 46
28 29 29 28 31 50 37 30 33 33 35 29 28 30 29 35 31 29 31 39 60 59 78 91 181 190 192 190 188 193 201 200 207 208 212 212 215 215 213 215 222 220 227 224 217 218 220 214 131 88 84 86 87 91 107 196 224 225 225 210 209 208 203 203 208 206 197 206 204 202 209 197 201 199 202 204 204 208 208 212 214 205 209 213 212 213 213 222 213 218 208 208 208 200 205 121 45 58 48 48 45 47 59 62 73 85 118 120 114 103 113 130 154 155 157 172 159 149 164 167 161 171 173 119 57 59 70 51
34 27 34 35 47 78 33 36 37 39 35 27 33 29 25 35 29 29 31 45 63 70 92 140 187 186 187 191 187 199 205 203 202 208 208 212 209 212 218 219 221 218 231 230 228 231 207 115 95 101 100 93 96 89 103 169 232 225 227 216 213 211 203 203 209 202 196 201 202 204 207 200 201 199 204 201 202 202 210 211 214 211 205 208 212 211 213 212 211 210 209 202 203 198 204 168 93 59 50 45 43 44 39 51 46 53 63 92 112 79 80 114 135 173 171 170 170 167 171 174 173 177 175 186 117 52 53 49
38 30 28 35 44 63 32 31 33 33 31 32 33 38 34 33 30 38 36 48 55 101 97 169 183 187 185 195 191 194 203 208 209 216 212 213 212 212 215 220 215 223 224 224 236 171 108 109 111 105 107 114 113 114 108 174 228 234 228 223 217 207 202 206 205 210 204 208 208 207 202 205 202 201 208 200 195 203 201 200 204 200 205 203 209 204 205 202 203 202 205 202 199 193 196 180 180 108 45 47 56 51 43 42 53 51 63 82 81 83 60 71 104 124 149 165 168 181 169 171 169 181 177 174 169 115 46 56
44 32 30 28 30 29 51 79 31 27 36 35 30 29 32 32 34 35 43 49 62 113 98 178 189 189 190 193 196 198 208 206 214 208 210 213 219 219 219 222 226 224 229 226 147 81 112 119 112 91 96 113 132 80 103 236 220 232 232 224 220 213 212 208 213 213 210 210 211 205 209 212 207 206 206 205 209 201 193 198 203 200 204 205 205 204 206 200 203 198 203 193 190 193 189 186 183 172 72 48 53 58 51 39 42 49 59 69 82 81 79 57 73 123 131 114 112 145 176 173 180 179 175 174 168 161 71 49
43 33 28 35 27 28 54 78 32 32 39 30 29 25 30 34 28 34 39 38 79 126 99 179 183 184 186 193 204 211 212 213 210 213 216 215 219 224 221 218 219 229 213 132 99 110 105 116 117 112 113 113 84 42 99 237 225 234 232 224 223 224 221 218 213 217 209 205 207 205 212 208 208 205 206 210 204 198 200 203 202 206 204 195 197 198 195 190 186 193 190 191 190 192 192 182 173 177 87 59 49 58 56 49 37 37 57 63 55 66 69 60 54 58 95 112 122 108 113 149 170 187 191 177 164 164 139 74
38 29 29 34 27 24 78 59 32 40 30 29 30 34 32 31 29 35 40 44 104 120 104 178 180 182 179 195 194 203 214 207 213 210 214 220 226 226 223 220 232 175 98 95 108 103 103 112 154 130 86 66 76 53 114 235 232 235 229 227 223 222 224 220 215 217 213 212 208 212 210 214 208 203 201 201 192 192 192 196 194 197 199 198 200 197 184 194 187 188 185 189 183 184 186 188 169 178 110 112 97 53 63 48 44 51 48 51 49 46 64 94 58 43 77 112 106 98 109 115 95 120 139 158 157 171 167 132
39 31 34 27 34 38 99 46 35 42 37 33 32 31 30 27 38 34 34 64 117 115 113 184 183 175 188 192 189 202 205 204 213 212 223 224 228 230 231 219 139 75 82 92 95 88 96 87 88 61 58 68 65 47 113 234 235 230 230 230 227 225 221 222 219 208 219 218 213 213 214 210 202 201 198 198 191 193 185 193 195 192 193 201 197 189 184 189 187 180 188 192 190 184 185 188 169 168 127 143 154 66 58 65 51 43 44 37 52 45 60 60 73 64 97 111 132 103 80 75 89 79 114 119 93 112 112 113
41 38 32 25 30 55 94 37 31 36 32 31 29 28 27 29 35 37 40 74 128 107 109 174 178 177 191 194 198 198 205 214 210 213 226 231 233 234 193 121 91 93 90 89 96 84 61 53 37 52 70 72 62 65 136 238 232 229 228 233 229 228 223 225 225 218 220 206 205 213 221 206 202 195 196 198 197 186 184 187 192 196 191 186 190 190 189 193 181 177 190 190 186 184 186 181 178 166 177 191 212 170 56 70 59 47 46 35 37 54 46 69 65 78 53 86 86 82 76 77 102 67 86 96 72 78 98 94
38 39 39 33 31 67 77 31 31 36 29 29 30 31 23 31 47 35 54 83 125 104 111 169 168 181 194 198 205 206 209 210 212 217 227 233 223 147 93 96 107 126 92 69 89 73 56 50 57 71 68 68 64 169 221 231 231 227 228 233 230 229 225 222 224 217 219 208 215 215 222 204 201 196 197 200 191 192 192 191 188 193 187 188 190 191 188 182 178 181 184 189 185 185 186 180 178 177 181 191 197 215 124 56 63 63 37 40 36 44 52 54 80 73 58 79 77 69 79 91 109 60 88 80 61 73 105 115
29 36 39 31 41 97 59 37 37 34 29 32 33 42 29 33 45 43 68 85 119 106 119 174 167 175 194 197 207 211 208 217 220 220 220 184 129 94 92 94 103 69 69 53 53 46 47 62 69 77 86 113 134 232 237 226 232 231 233 230 233 231 230 223 227 217 217 212 218 217 213 206 210 206 204 201 193 189 186 190 191 185 186 187 188 195 194 183 184 183 183 181 177 184 191 182 180 177 183 197 201 205 192 74 60 62 41 43 49 42 51 57 55 68 87 82 72 67 81 88 96 62 82 87 71 68 71 59
31 42 40 27 61 98 41 31 38 37 30 35 36 37 24 31 38 43 70 88 123 101 138 182 182 181 185 196 197 205 212 214 227 211 130 92 103 103 70 67 77 51 58 52 43 51 64 78 68 89 192 211 231 236 231 231 232 229 230 227 234 232 229 226 223 226 226 222 226 220 220 212 207 210 205 207 195 194 191 187 194 186 190 188 188 193 188 180 178 183 187 185 178 181 179 177 173 185 194 197 201 203 192 142 65 57 41 41 46 37 46 52 48 54 66 69 72 74 86 78 70 79 99 91 84 92 50 43
33 47 40 34 87 85 38 30 38 34 36 33 33 29 29 34 39 47 71 93 116 98 147 194 189 190 192 199 201 210 210 211 167 106 97 89 81 77 55 64 60 53 50 38 37 63 70 75 103 198 223 223 241 234 228 223 225 231 229 228 230 229 227 231 224 223 228 226 221 218 226 211 206 210 213 200 204 200 195 192 192 194 193 193 193 190 188 191 188 181 181 187 190 185 182 188 195 197 192 200 198 203 200 202 98 55 52 43 33 37 41 41 54 54 71 91 81 76 88 65 82 72 81 69 80 95 69 70
29 43 43 53 97 78 29 31 34 38 37 34 30 30 32 33 31 53 78 96 116 87 152 195 192 193 192 207 213 199 167 127 97 97 92 89 68 95 93 77 52 46 37 47 48 64 67 92 214 230 226 233 233 231 224 225 227 227 228 230 230 232 227 230 231 226 226 223 222 217 227 225 215 212 206 201 204 203 215 205 198 191 191 190 189 187 190 144 158 189 183 189 193 192 196 190 187 193 195 199 197 201 197 201 200 98 50 41 44 32 37 38 41 51 54 58 62 60 58 55 70 81 85 62 71 89 73 60
39 43 38 72 97 58 28 35 38 45 32 43 43 35 27 41 34 58 77 99 111 83 162 194 200 207 208 186 162 115 97 100 117 84 69 58 66 110 94 53 50 43 48 48 50 66 73 191 229 225 229 232 228 224 219 224 229 228 224 228 227 230 231 230 230 230 229 227 221 222 221 216 211 210 207 210 207 211 199 206 204 195 194 198 198 189 189 98 89 136 190 192 193 195 200 195 189 197 201 197 199 201 205 207 209 185 60 46 58 37 32 40 35 42 50 40 51 77 103 59 57 45 55 65 77 74 64 50
32 37 57 92 101 40 25 41 36 33 47 47 41 41 41 42 45 57 76 96 110 93 164 178 166 125 109 97 102 104 102 100 97 72 74 84 76 65 57 47 41 49 54 54 63 72 167 236 223 223 225 230 230 229 231 225 226 221 227 228 225 223 226 232 232 223 224 224 223 222 219 216 219 216 214 209 210 207 212 204 201 201 199 201 205 192 191 92 81 88 128 193 199 197 194 196 202 198 193 193 202 202 202 198 212 189 60 44 62 53 30 41 40 30 51 50 47 68 84 74 78 70 73 73 52 60 74 72
37 30 63 110 98 33 33 32 29 32 42 54 42 40 49 43 49 63 82 114 116 83 88 85 62 72 83 104 94 96 102 78 58 59 76 76 60 56 47 37 49 55 63 57 55 143 231 222 223 224 216 224 232 224 225 227 223 231 225 222 226 228 236 227 224 224 225 224 224 225 219 212 213 217 214 215 210 201 211 205 205 202 200 205 200 204 184 79 63 57 58 116 195 203 197 196 199 201 195 195 203 207 201 202 220 180 59 51 50 53 34 36 34 37 41 50 51 61 73 64 54 72 75 64 67 63 53 56
43 35 71 102 51 38 38 30 33 42 43 45 42 39 48 36 41 65 77 116 116 79 84 88 79 78 83 91 93 130 112 61 54 82 102 52 51 49 40 53 55 63 63 57 100 223 219 219 220 219 218 226 228 224 223 226 223 228 225 225 225 231 227 228 226 221 219 228 217 218 222 220 221 217 217 215 203 208 204 205 202 206 206 207 201 215 153 55 51 50 55 67 124 194 210 201 206 205 195 196 201 202 201 210 213 217 133 41 50 53 41 32 33 35 38 52 59 65 57 61 67 52 73 70 61 65 63 66
40 51 97 78 31 39 33 35 37 32 41 44 46 51 48 30 47 77 71 122 108 78 83 97 91 84 93 95 68 77 80 60 73 73 63 49 45 45 52 58 57 65 55 63 118 223 223 226 223 216 218 217 219 218 226 222 224 224 222 229 223 224 223 229 222 218 220 225 222 222 225 229 223 219 215 207 206 208 206 208 205 207 206 208 208 209 114 53 50 44 50 53 66 114 181 212 198 201 205 196 197 205 209 205 210 210 168 147 124 50 53 34 39 37 38 35 51 63 44 50 49 57 72 54 76 85 59 54
44 72 39 44 26 40 32 34 33 29 35 41 49 56 54 34 60 82 69 118 110 81 83 91 85 88 101 56 37 62 76 68 61 60 60 45 35 46 49 58 63 61 70 150 126 225 222 218 219 214 214 222 220 223 222 218 223 225 222 226 222 224 227 227 225 223 221 222 230 229 223 228 219 228 226 214 215 213 215 212 209 209 209 206 209 196 77 53 45 54 41 41 49 62 93 164 200 208 208 201 204 212 211 205 210 200 208 224 195 61 55 41 39 36 36 36 34 58 56 53 63 56 71 76 62 50 58 60
66 98 47 37 32 34 27 36 33 30 34 42 68 67 61 39 51 53 78 122 102 85 110 109 99 81 47 45 52 72 69 76 55 54 41 47 61 44 55 55 61 59 159 200 177 219 217 213 218 217 215 220 217 222 225 221 219 225 225 226 224 222 225 219 221 227 224 223 220 227 230 222 226 221 225 216 216 206 213 209 205 207 203 208 205 206 100 62 53 54 52 45 46 50 53 87 90 147 209 207 196 202 204 212 210 205 206 208 219 119 52 48 36 37 32 38 30 49 61 54 71 50 46 100 90 65 50 68
71 84 38 41 34 25 31 34 33 37 42 60 93 62 65 62 37 45 101 126 114 77 74 75 59 41 59 55 69 75 74 70 58 52 31 85 69 33 55 69 60 122 215 209 220 211 215 211 212 210 215 210 218 217 220 220 220 222 220 224 221 224 217 222 219 224 221 226 225 225 226 223 225 226 223 213 220 216 214 210 208 210 206 208 200 199 128 128 87 55 55 59 47 52 43 50 75 83 127 182 204 208 208 211 202 207 207 205 206 173 55 53 36 36 36 33 39 30 52 63 57 59 55 67 61 67 55 57
102 75 33 34 36 29 26 36 31 33 31 61 59 40 48 91 36 53 105 121 120 57 28 43 40 55 75 60 68 88 84 58 47 33 40 81 59 30 56 59 90 205 209 207 207 209 207 216 213 212 204 212 216 218 220 217 224 220 220 214 220 218 218 218 218 219 221 225 230 227 222 229 223 224 219 222 222 227 220 209 211 209 200 204 209 206 188 186 193 81 50 53 51 37 40 54 68 69 68 84 159 219 216 211 210 214 205 203 198 206 138 45 43 46 32 35 30 32 36 57 59 56 53 54 42 65 64 59
122 77 29 30 41 35 25 32 34 30 34 49 61 36 36 60 47 46 73 125 112 58 58 56 55 77 94 73 81 61 54 50 38 50 47 42 49 46 65 70 189 214 202 206 204 205 209 206 207 206 207 210 210 212 210 213 218 221 221 212 216 222 220 221 222 222 222 223 221 224 225 224 231 232 223 219 227 222 215 207 208 212 207 212 212 205 202 216 206 149 87 49 58 46 44 49 52 68 59 73 89 147 218 213 205 205 207 204 200 202 195 62 44 47 42 37 36 36 36 47 68 47 60 68 68 65 78 73
116 79 33 34 37 38 32 28 29 35 33 51 57 32 38 53 64 48 75 111 99 73 76 75 71 69 78 96 50 54 55 36 48 39 48 43 39 60 54 146 213 209 200 203 204 207 209 200 207 205 208 205 208 206 203 212 223 215 208 217 220 216 217 221 218 219 221 217 221 220 229 226 227 233 228 225 229 219 220 214 211 215 208 211 215 214 213 222 206 204 177 52 50 56 48 41 40 55 59 58 60 86 125 201 215 203 211 206 201 199 211 118 43 49 42 37 40 52 41 35 59 60 71 78 61 72 80 72
125 111 47 35 36 31 35 32 30 35 27 36 36 29 41 46 85 83 94 127 121 57 61 71 88 70 84 64 50 60 34 58 54 42 52 54 38 50 110 202 201 196 197 197 195 198 207 198 203 206 203 202 206 201 206 213 213 210 213 217 220 219 218 221 218 214 215 216 214 220 219 224 226 232 226 230 230 224 225 219 218 221 213 214 221 223 221 221 212 209 225 144 48 55 50 45 37 48 46 53 45 58 74 110 189 202 223 209 207 207 205 175 58 42 50 40 32 57 44 33 46 65 64 70 65 52 53 52
68 107 39 25 34 37 31 33 31 35 38 32 39 48 39 41 49 57 114 137 162 48 64 61 78 82 65 87 62 43 36 96 56 38 50 53 49 56 180 201 202 193 197 199 199 196 198 194 195 203 202 198 204 204 205 211 210 212 224 215 178 140 200 223 220 218 216 213 215 221 221 223 229 219 224 228 227 228 218 220 221 221 222 222 224 227 219 220 225 224 224 230 123 49 54 52 43 38 39 47 53 62 86 79 87 123 159 205 215 209 193 196 91 40 55 38 24 45 45 38 37 55 60 50 51 44 59 42
90 110 39 28 32 33 40 40 34 39 34 36 43 41 34 34 51 81 117 135 163 60 74 76 84 59 39 82 70 34 46 39 47 40 48 56 48 55 183 206 197 196 188 194 191 191 189 188 188 197 199 194 202 203 206 204 208 207 170 139 135 128 190 216 214 220 220 219 217 218 218 221 228 223 227 228 230 223 227 227 225 222 226 221 219 222 224 224 230 218 220 222 220 86 49 54 53 38 40 36 51 53 81 61 55 88 98 108 154 186 196 208 141 41 54 45 36 46 42 39 45 42 38 31 37 41 40 41
37 34 31 31 29 29 36 42 27 36 31 31 42 34 38 42 63 71 109 144 145 60 78 79 61 49 50 58 38 44 36 24 41 43 55 51 55 84 192 189 188 199 195 195 193 188 192 194 193 197 199 196 199 201 210 196 168 137 132 129 128 117 166 219 217 214 219 215 214 214 220 218 226 232 226 229 228 231 236 227 187 222 224 232 226 221 217 225 219 216 218 223 235 170 55 45 51 53 36 35 46 40 65 63 58 64 86 87 101 106 125 152 176 66 40 39 31 35 51 54 50 35 33 34 34 38 32 30
37 32 32 31 30 36 43 45 32 32 29 31 36 41 39 55 66 83 106 151 137 76 78 71 41 60 53 34 36 33 38 35 35 46 56 69 106 171 195 184 190 194 182 192 198 193 193 194 190 190 194 197 208 187 166 141 128 140 137 122 106 77 186 218 212 212 212 211 216 215 218 217 225 232 226 223 230 233 230 231 127 124 176 151 204 229 222 222 222 230 224 231 225 231 131 49 48 54 41 34 41 41 42 74 71 52 54 67 73 75 91 88 91 62 42 36 36 31 40 49 41 31 37 41 31 36 30 33
30 27 36 28 28 38 40 40 33 25 28 24 33 41 41 67 79 77 109 114 92 75 85 58 52 62 38 40 38 35 46 40 45 59 53 154 206 194 186 192 195 188 191 193 201 196 193 190 187 188 193 190 176 137 144 138 138 116 104 69 69 63 168 180 195 217 211 218 216 222 221 220 225 228 231 225 226 225 230 239 130 72 93 123 135 179 212 223 227 228 229 228 228 232 206 79 50 52 32 30 35 43 43 47 63 52 57 58 65 59 77 83 93 66 32 36 34 31 29 32 37 32 35 42 28 36 32 27
42 32 34 37 33 33 40 43 36 34 38 36 35 47 52 53 69 69 117 90 71 77 75 58 60 49 33 39 28 38 34 46 45 53 107 191 190 195 190 193 193 192 192 192 190 199 194 193 194 170 155 143 146 134 158 123 98 77 60 69 77 59 85 91 169 215 213 214 218 223 220 223 229 225 227 217 227 226 226 237 133 60 60 95 99 155 135 182 226 227 226 220 225 225 228 187 61 46 40 38 32 37 41 36 40 63 54 55 61 57 65 64 73 62 47 38 33 33 37 39 36 38 30 46 32 28 33 33
44 41 48 52 46 42 46 45 42 53 54 35 31 63 66 67 67 69 101 89 72 67 51 59 49 29 41 34 34 46 32 44 57 56 164 190 183 188 187 187 194 194 194 189 195 194 195 182 155 139 119 138 148 117 125 94 79 49 66 76 66 75 79 99 150 217 208 209 220 221 222 225 230 230 227 222 224 227 223 234 138 77 60 68 76 74 67 121 167 202 231 223 222 224 214 221 147 48 46 47 50 33 30 43 46 45 53 49 53 56 57 70 63 69 51 34 38 37 39 35 35 39 28 50 43 28 31 29
34 43 49 49 58 65 66 56 46 66 72 32 36 50 53 56 55 84 116 100 81 56 47 63 36 40 35 26 34 41 38 55 56 74 156 190 187 192 187 195 188 189 189 199 193 180 155 147 157 149 116 129 118 107 88 84 53 57 76 65 78 94 78 81 122 210 210 209 214 217 220 224 225 226 225 214 225 232 226 226 227 200 95 54 58 57 89 116 158 151 176 215 222 224 220 213 213 79 47 44 48 38 34 41 48 40 48 48 53 65 53 72 61 54 46 46 36 32 37 38 38 34 29 53 50 26 33 31
36 30 37 36 38 36 38 39 47 54 61 38 48 52 49 56 51 84 114 103 72 51 62 42 43 33 30 29 43 39 43 52 58 149 187 185 185 185 186 196 193 190 173 166 144 147 162 165 167 146 86 108 108 107 86 65 56 66 65 62 77 90 80 119 106 143 210 206 213 214 216 221 223 222 225 227 222 226 234 227 229 230 209 81 56 58 67 90 143 162 156 161 166 210 215 204 214 127 55 46 46 44 38 37 44 43 40 44 49 52 41 49 45 45 46 38 35 33 36 36 34 36 32 44 45 29 29 33
58 49 40 30 39 37 31 33 61 77 72 35 42 57 61 69 59 107 144 133 93 68 57 32 34 26 32 31 42 41 54 46 54 167 189 183 187 181 189 186 160 131 125 146 139 149 177 157 127 101 92 105 101 75 57 62 62 68 73 64 69 65 99 108 59 94 197 209 210 223 221 221 217 222 226 230 225 224 226 230 230 233 230 186 60 45 56 71 88 79 120 145 130 152 198 224 220 219 74 38 46 47 38 37 33 43 46 43 49 51 50 48 46 58 62 35 37 32 36 41 37 40 35 49 52 34 33 43
48 53 37 59 47 38 35 35 74 76 54 37 41 59 52 48 58 104 139 134 93 61 39 44 38 35 28 31 45 44 56 70 60 165 192 181 176 162 144 123 117 132 142 144 155 152 166 107 92 100 99 84 65 51 60 52 59 69 70 81 59 70 95 75 63 82 178 220 218 217 215 220 219 222 226 226 222 228 222 213 143 196 228 235 153 53 52 52 70 102 65 79 107 139 156 141 190 211 181 76 41 44 35 40 33 41 50 42 47 47 51 45 43 43 59 39 47 50 42 42 35 38 32 47 67 31 32 44
38 38 35 55 40 36 33 33 33 29 32 36 45 50 52 50 56 110 131 121 88 50 38 31 38 38 27 37 42 46 56 90 61 121 128 123 125 130 122 116 132 123 127 123 110 107 109 93 100 97 65 69 43 50 54 55 68 77 78 55 52 110 62 57 68 58 134 224 216 214 218 225 215 216 220 218 222 218 217 198 83 118 175 227 237 106 44 47 51 100 92 67 83 117 137 106 132 154 201 168 46 41 39 37 36 34 41 44 44 54 48 48 46 49 49 38 47 39 37 35 35 39 34 52 81 32 33 35
37 48 31 35 38 35 29 32 31 34 39 32 38 36 42 51 53 95 121 121 80 30 32 31 32 31 28 40 40 51 85 105 61 132 113 142 147 131 87 110 103 90 90 89 86 89 107 115 87 72 85 50 41 60 60 60 72 77 52 46 96 71 48 59 75 85 195 228 224 215 215 213 211 217 210 213 213 220 224 191 62 71 114 169 231 151 114 43 50 49 67 78 75 91 88 90 149 142 144 205 96 36 43 38 37 36 33 39 36 42 43 63 44 47 53 42 46 48 47 28 39 33 33 51 91 36 38 34
41 41 39 67 47 27 26 38 55 60 56 46 49 59 52 54 67 104 113 127 71 36 38 31 34 29 35 44 39 58 124 93 69 128 121 132 133 107 90 97 115 87 93 77 80 83 70 64 72 87 66 45 56 68 54 81 101 55 44 56 73 57 53 70 71 166 219 210 218 216 217 208 208 219 219 210 212 215 229 188 70 54 60 123 166 178 220 83 50 47 56 59 88 82 96 76 118 144 132 102 112 43 42 39 39 41 40 31 31 36 76 54 52 51 51 50 41 37 34 37 41 36 27 32 69 42 38 40
41 30 37 61 48 31 43 52 85 73 66 66 57 57 72 67 55 96 114 122 66 34 33 31 38 35 31 37 36 88 124 87 69 129 126 95 80 113 95 74 86 79 64 74 83 93 85 75 66 59 44 49 52 61 72 99 64 49 48 60 61 49 70 74 125 219 208 207 213 216 209 212 214 208 213 211 214 216 216 218 101 63 53 74 103 142 222 193 68 53 51 53 66 93 109 81 71 88 75 68 85 61 40 36 41 38 41 39 33 34 62 59 51 48 53 53 39 47 31 33 37 35 32 38 61 48 38 44
41 32 31 33 35 42 52 40 46 39 33 33 31 34 37 37 49 121 125 114 57 31 36 32 30 35 42 44 39 92 87 66 97 88 105 116 99 116 77 52 70 80 64 78 69 73 78 115 76 38 52 56 46 71 106 67 40 53 44 58 51 56 73 94 206 210 208 201 207 211 211 208 207 211 211 221 213 210 208 220 205 107 59 55 66 73 149 212 162 55 46 50 53 78 96 90 86 97 80 77 73 60 50 34 32 33 29 37 36 34 41 53 56 46 64 53 31 38 42 31 34 41 41 32 55 50 37 46
34 33 34 30 27 38 46 29 28 29 30 34 38 34 30 33 50 126 135 108 55 48 37 36 30 34 51 44 51 73 79 72 106 94 94 91 67 69 78 74 75 70 73 76 84 69 88 110 57 42 43 48 73 98 86 46 62 48 49 61 56 74 70 181 203 202 200 204 205 207 213 211 206 209 210 213 209 211 208 213 227 185 74 51 53 68 115 118 205 131 46 52 47 58 100 102 78 87 83 103 115 89 62 41 42 35 35 41 36 26 40 40 60 50 47 52 52 50 48 35 35 36 40 36 82 61 57 43
28 28 32 28 32 42 37 29 36 30 28 28 36 32 30 25 45 122 132 109 51 42 32 36 36 34 48 45 53 59 63 82 100 69 79 94 73 66 79 87 69 68 81 82 86 82 110 69 54 50 50 53 112 99 45 47 59 47 53 57 68 71 158 205 192 198 205 202 198 203 206 199 202 203 208 210 209 207 215 213 221 156 88 70 49 41 56 77 140 205 58 51 46 46 86 113 104 112 103 101 101 107 69 57 33 36 31 37 38 38 31 39 42 49 62 61 69 83 61 52 52 51 40 38 95 108 108 75
36 36 33 32 33 47 42 32 34 34 27 27 37 30 28 26 50 124 135 110 55 38 35 34 32 43 47 55 61 53 68 91 93 76 76 75 77 77 78 67 71 74 72 101 105 82 79 40 44 51 53 81 102 47 34 52 52 56 50 70 75 127 210 195 196 193 192 193 189 197 198 191 194 196 200 204 203 207 206 210 220 96 65 72 66 42 57 60 90 133 108 67 50 50 45 75 110 143 117 104 104 111 88 61 35 38 38 38 36 40 33 41 41 31 35 37 31 29 35 34 31 36 32 38 52 84 76 81
43 30 37 31 37 57 47 28 34 31 33 30 35 29 29 27 53 126 136 107 44 43 36 43 30 47 44 61 70 63 67 101 109 78 72 67 78 77 85 75 83 63 77 81 86 97 61 35 46 37 48 91 63 37 49 51 54 51 52 70 71 167 198 190 188 189 193 184 181 190 189 194 195 195 195 194 196 205 210 163 185 105 43 47 62 51 42 59 78 88 122 109 46 44 43 51 86 109 108 78 102 106 118 79 53 38 33 28 32 26 31 30 28 29 28 31 33 35 36 32 32 34 26 36 40 33 77 97
51 32 36 30 37 61 47 27 31 34 31 27 27 37 35 38 69 127 121 111 35 39 45 42 31 42 33 63 71 67 68 97 142 81 74 75 77 81 84 85 75 69 80 87 109 79 47 40 46 45 72 75 39 47 44 49 51 46 61 66 142 169 192 189 186 186 181 178 186 191 192 185 188 194 193 201 197 198 197 113 138 78 56 47 55 65 50 49 86 84 92 138 68 43 44 48 63 100 106 100 103 84 100 74 55 51 34 31 23 31 42 36 32 32 26 31 33 26 35 44 40 36 37 38 44 38 59 78
44 35 28 34 42 55 42 30 37 39 35 30 31 32 34 38 73 110 116 104 41 38 42 41 35 44 52 75 66 68 67 103 147 78 78 74 67 73 75 73 67 72 89 95 106 63 35 44 50 58 82 44 43 44 41 46 49 58 54 115 192 186 187 186 179 182 180 178 183 188 189 190 187 190 194 201 194 191 204 117 67 67 50 53 42 64 64 44 50 80 69 77 89 49 39 45 47 102 114 95 87 76 68 74 57 55 41 39 35 43 51 52 38 40 26 31 32 27 24 34 37 44 37 50 73 84 49 37
37 34 38 43 42 57 40 31 36 36 35 39 35 34 28 34 75 108 117 94 46 44 45 42 43 36 59 68 70 65 64 109 137 77 72 64 79 79 79 75 74 74 84 110 79 38 35 51 63 73 69 43 45 45 49 47 52 61 82 187 191 192 181 174 163 176 185 186 184 189 186 190 189 196 192 193 195 187 194 174 58 53 77 66 48 60 78 53 43 67 79 67 92 62 46 38 43 54 76 82 106 85 71 75 62 50 34 35 45 44 45 45 44 38 30 28 36 33 31 34 31 36 34 50 83 132 59 29
51 40 37 36 40 53 36 27 30 35 35 39 35 32 36 40 84 125 138 92 47 46 36 33 34 33 55 63 67 61 67 106 86 61 63 62 82 67 69 84 78 78 71 98 69 40 37 58 75 64 41 47 45 52 46 45 73 72 149 194 190 182 150 123 133 155 197 190 188 180 189 189 186 192 191 193 194 193 192 196 117 45 84 98 54 37 73 66 42 43 67 89 96 72 46 48 43 48 82 78 107 96 77 86 87 53 32 35 50 47 46 47 41 33 35 34 44 36 36 39 46 38 36 44 87 179 77 30
91 100 93 85 88 72 61 42 37 31 27 32 37 33 37 37 100 123 136 87 57 45 29 34 39 42 58 60 56 67 71 109 89 62 65 69 69 68 90 91 72 65 84 90 42 45 44 75 76 51 33 41 48 62 50 52 55 64 175 210 186 161 132 89 109 156 211 207 200 205 195 190 193 192 200 191 191 190 188 181 153 99 52 53 73 35 45 76 46 41 52 82 100 106 70 39 37 43 59 78 91 99 95 83 85 61 67 54 47 48 47 46 45 32 36 31 28 25 29 32 70 44 31 48 98 162 76 26
74 67 67 71 82 83 84 96 91 90 90 75 58 36 38 42 103 130 136 82 53 58 40 42 51 46 45 64 56 67 74 105 94 71 64 71 64 70 75 75 82 77 82 59 39 42 59 78 68 53 38 50 55 52 56 51 54 167 191 165 148 137 101 60 87 129 208 207 207 211 196 200 194 189 193 190 189 184 186 160 79 92 61 43 56 50 44 45 57 43 43 50 67 106 99 44 34 42 57 75 80 92 86 75 97 88 104 104 61 43 50 45 49 29 35 32 28 31 30 30 51 50 36 51 103 152 90 34
107 92 97 91 96 92 87 110 103 109 99 119 118 63 50 49 110 134 136 81 50 39 49 49 53 63 75 66 77 61 77 117 85 69 67 75 80 59 59 77 71 72 62 38 39 45 74 68 54 72 37 51 47 44 61 47 127 220 158 147 133 87 58 69 85 159 197 209 193 169 205 208 200 197 201 194 195 193 196 154 47 44 65 50 49 64 41 46 75 68 43 45 59 80 101 67 40 36 50 39 39 46 52 53 61 72 52 49 56 55 46 35 45 25 33 30 37 36 35 38 54 57 33 49 101 151 93 41
114 105 90 107 100 111 124 111 95 111 110 131 101 56 74 68 123 134 129 75 43 38 47 62 71 57 64 36 47 64 69 117 78 40 40 38 43 34 33 43 38 45 48 42 44 42 63 42 57 71 35 55 47 56 71 58 162 152 154 119 84 64 68 74 133 193 160 166 184 130 192 192 170 194 201 201 201 197 205 154 54 52 51 79 42 60 62 48 46 87 58 45 44 77 82 45 38 47 46 49 39 35 30 36 34 44 38 33 40 51 54 52 41 30 34 35 34 30 32 29 62 66 39 45 95 148 94 33
130 110 99 97 110 119 115 103 92 87 88 113 101 51 62 72 120 138 136 64 42 38 43 32 70 72 35 29 26 33 57 114 74 30 27 34 31 34 30 36 31 39 38 37 40 42 57 47 63 61 49 56 48 53 68 78 143 136 121 91 77 49 57 79 169 168 119 122 169 151 171 140 134 159 149 160 195 196 204 135 64 49 43 55 67 40 56 46 36 71 91 41 38 58 70 52 39 54 44 37 33 45 34 32 34 29 28 34 44 52 58 50 37 36 42 47 42 45 43 35 61 65 45 48 107 147 102 46
143 138 132 122 129 129 136 119 129 127 113 132 106 50 77 56 111 140 139 71 44 30 31 38 38 75 65 25 35 29 59 109 64 28 27 26 29 32 42 40 26 42 53 41 45 70 48 38 64 71 54 70 54 36 40 87 131 86 88 82 54 54 105 110 124 115 101 106 115 125 154 131 133 145 175 137 170 205 208 106 74 47 47 48 58 48 39 41 43 46 83 55 42 53 63 72 62 37 36 38 43 38 34 36 31 34 36 72 55 55 51 44 42 40 36 45 47 48 37 35 53 59 55 49 109 160 102 39
139 150 141 137 132 143 132 125 129 133 130 136 105 71 84 42 128 152 139 65 42 37 34 41 30 43 92 60 32 29 69 134 73 33 33 27 29 35 45 43 32 46 51 51 52 56 41 33 69 71 55 100 59 42 49 78 120 102 86 45 46 85 196 134 108 65 81 92 87 116 125 137 144 121 173 139 139 169 173 75 74 52 46 37 48 68 41 34 45 46 54 82 42 41 55 65 52 37 40 46 52 37 33 34 39 33 43 90 49 47 44 36 41 49 45 42 36 36 42 30 51 67 59 48 103 160 115 38
132 131 133 137 132 150 144 131 143 145 142 145 105 88 85 45 135 154 128 53 50 47 44 48 45 45 65 43 34 31 74 125 71 42 49 40 44 39 44 49 40 63 59 51 39 41 43 37 74 80 58 101 53 51 67 77 83 97 53 50 62 196 119 99 64 60 73 83 73 98 96 122 114 137 135 92 97 108 105 74 63 69 53 40 47 47 54 42 43 42 40 83 58 43 48 66 60 55 56 48 53 55 41 37 41 39 37 38 47 52 51 51 46 38 40 40 36 34 42 29 50 65 50 41 99 145 128 34
136 137 130 142 141 142 131 137 143 141 128 143 97 96 87 56 134 157 128 52 51 49 49 52 93 78 95 53 44 40 78 95 73 54 50 55 52 54 52 55 43 56 51 59 61 46 40 30 78 76 53 99 45 65 85 91 83 72 42 45 110 121 87 71 47 69 101 104 75 96 86 98 104 111 129 91 82 89 105 88 48 72 67 44 44 40 80 52 41 45 42 68 82 40 45 53 65 52 62 43 51 66 38 50 48 47 37 42 39 41 44 48 55 42 38 30 34 40 32 51 63 63 60 51 106 153 139 34
144 153 146 147 138 136 126 143 148 142 129 134 99 97 74 66 133 154 133 67 54 54 49 56 105 136 104 59 53 52 100 129 105 66 52 51 59 60 71 56 35 63 43 74 126 72 39 38 99 83 54 98 51 73 76 90 80 59 52 63 94 81 76 46 61 83 99 98 64 76 88 91 106 118 115 93 80 90 91 81 76 77 68 59 40 30 51 73 40 38 44 40 98 36 36 49 33 40 58 58 65 70 34 58 55 52 37 38 40 52 37 53 56 51 39 43 47 38 29 85 76 73 67 67 95 146 130 40
145 142 146 139 138 135 135 154 147 142 139 133 99 105 88 98 146 157 123 65 53 54 44 39 37 85 130 111 69 52 103 144 89 55 50 55 62 57 62 60 34 61 46 55 44 42 47 35 108 75 64 100 47 74 90 91 47 38 54 78 75 85 56 53 65 76 68 79 72 85 104 97 91 86 120 95 89 82 75 83 76 76 72 90 63 33 38 58 52 36 45 43 77 77 44 46 31 39 49 45 53 56 46 55 63 58 53 53 48 61 40 55 63 66 47 45 43 42 31 67 71 68 77 71 94 140 125 50
127 128 125 133 135 136 145 147 139 140 134 135 107 109 97 105 149 156 120 56 58 49 40 37 31 36 58 107 117 68 115 142 66 51 55 45 44 47 58 55 62 60 42 51 34 48 53 43 97 44 64 105 60 69 86 71 38 42 62 74 80 72 38 55 79 81 69 71 64 77 86 84 86 70 86 99 111 78 80 76 66 67 46 93 101 41 40 43 53 37 42 35 56 77 46 31 32 45 50 49 64 73 54 47 39 56 63 54 75 66 43 54 106 150 56 55 59 59 27 60 68 68 68 75 90 145 153 58
129 135 130 133 131 126 123 125 119 117 118 122 96 81 75 91 149 156 117 75 67 51 46 40 30 35 36 44 77 109 144 141 70 66 35 53 67 60 62 48 49 49 48 36 32 46 51 43 107 60 65 104 59 79 91 69 38 54 75 73 74 56 51 77 68 78 68 75 68 64 64 66 78 72 85 97 83 80 87 77 70 72 78 64 103 83 43 41 48 36 35 34 34 65 61 45 30 39 44 50 71 75 64 52 51 54 56 53 85 72 52 56 114 163 69 66 85 57 26 52 68 66 72 57 83 153 165 51
44 47 51 66 75 84 97 110 127 136 140 101 62 71 59 79 150 166 122 64 49 42 45 40 40 40 41 58 68 72 138 140 99 77 38 72 94 74 66 64 41 39 44 39 28 38 34 39 110 164 146 109 62 74 90 69 44 63 93 72 63 50 61 78 72 81 85 72 80 68 57 59 81 71 82 91 72 65 87 79 76 104 124 121 74 79 44 37 38 36 31 36 32 35 35 41 38 45 42 49 50 43 84 93 89 83 86 65 37 59 47 60 124 175 67 32 33 53 36 40 55 68 81 57 91 166 172 49
39 30 32 37 31 37 38 34 34 43 73 79 59 73 65 78 162 167 111 50 46 49 50 38 44 46 44 45 44 47 133 139 99 91 41 111 195 133 122 81 42 49 32 41 36 38 36 42 106 102 99 100 69 75 87 63 50 78 110 81 48 39 69 113 81 75 84 82 106 81 51 74 80 72 77 84 75 60 74 83 83 110 142 134 62 75 68 41 33 38 40 39 38 37 39 37 52 62 35 44 68 68 38 43 39 37 47 52 64 66 47 49 121 175 67 45 54 57 33 66 83 92 85 66 101 148 156 87
50 34 29 36 39 38 37 39 43 53 142 98 38 41 47 89 165 165 111 49 47 52 51 55 55 53 51 55 51 42 132 139 126 101 34 97 188 123 122 109 59 58 45 42 45 52 40 38 96 53 91 100 68 74 76 56 61 78 104 72 41 41 109 167 156 130 115 122 111 118 87 96 100 85 86 80 80 96 137 131 127 101 109 84 68 57 88 56 38 39 40 31 37 40 33 39 37 61 34 49 69 114 35 39 36 33 42 55 99 86 48 56 115 167 76 57 62 56 53 51 39 42 53 50 49 55 70 76
71 56 32 52 41 36 27 42 44 67 142 96 34 42 44 86 171 169 103 49 57 57 52 57 59 61 50 59 57 51 100 98 143 101 51 73 99 85 84 107 54 60 57 64 61 45 38 43 124 70 74 98 55 50 79 123 110 77 105 73 46 66 145 161 155 154 149 166 150 147 118 125 152 145 140 121 125 131 142 128 105 74 74 51 67 59 59 70 44 36 41 30 33 40 47 46 41 107 76 56 97 127 55 54 38 42 45 62 144 90 47 59 92 148 83 81 76 63 61 45 36 39 49 46 37 35 45 35
94 73 66 66 52 59 71 79 55 65 148 127 132 52 71 103 176 173 98 50 59 53 55 56 53 58 67 52 58 47 64 86 137 95 43 94 88 72 87 105 63 76 55 80 54 46 33 53 175 93 113 113 37 58 108 104 146 86 110 69 47 79 144 166 146 151 142 152 132 127 116 140 165 151 129 135 126 124 108 79 76 79 48 45 49 61 43 74 70 35 36 31 34 33 35 36 41 75 87 69 99 129 66 87 83 88 59 72 140 93 42 52 60 94 91 60 67 63 62 53 46 43 45 43 36 46 44 42
107 102 85 87 104 105 99 84 80 73 145 120 157 64 87 104 176 174 96 42 37 45 51 53 53 54 58 58 58 54 82 108 155 87 44 92 75 47 109 84 69 70 54 78 49 62 54 54 164 97 110 104 37 55 89 66 80 87 119 67 43 80 131 149 142 124 139 125 101 94 101 121 125 113 103 124 93 111 82 66 83 55 51 35 45 67 66 67 69 37 34 33 36 43 46 30 51 54 38 63 110 123 45 47 65 60 51 72 137 95 50 50 54 54 66 54 64 54 39 35 28 34 27 29 40 55 51 41
104 87 80 92 89 79 85 80 97 111 151 122 138 135 111 124 173 161 87 38 37 36 47 43 35 40 40 56 65 64 99 92 136 108 53 93 57 43 96 85 73 69 53 87 50 59 105 88 173 79 104 97 46 66 85 68 49 63 121 73 43 83 104 109 108 119 101 101 95 77 95 94 90 97 83 78 60 76 69 66 53 51 69 50 59 51 61 61 57 40 41 69 46 49 81 43 62 102 65 67 103 124 83 94 79 78 56 78 153 98 46 62 63 58 60 104 122 51 42 52 57 31 33 38 50 53 61 62
76 75 92 83 87 87 86 72 84 83 100 121 126 134 111 120 124 129 113 79 53 57 89 52 60 49 46 95 130 103 95 66 96 181 183 125 49 35 71 87 63 84 66 95 61 60 109 109 172 65 107 95 46 85 89 62 37 57 103 62 52 83 92 82 68 80 79 62 62 64 67 67 59 87 85 71 78 77 74 57 45 48 64 62 72 73 54 73 65 46 36 44 65 41 42 54 72 154 67 58 102 114 130 96 61 53 60 64 88 70 57 64 66 58 60 79 84 63 55 67 60 34 35 41 50 72 97 65
80 88 70 70 64 97 93 89 100 93 96 108 117 112 86 100 90 110 121 120 125 128 121 117 134 115 102 131 126 151 174 157 140 203 204 176 96 55 69 88 137 107 80 83 84 96 86 81 166 109 129 91 38 92 88 85 55 51 100 47 52 81 109 83 77 69 74 61 63 62 76 64 71 78 76 83 94 66 64 42 47 49 48 54 65 74 56 68 69 56 42 34 38 60 93 61 71 141 77 67 94 113 130 91 55 60 47 42 37 40 39 39 41 41 49 42 37 46 46 39 37 32 37 37 44 119 172 69
85 84 82 72 73 97 94 98 99 103 101 106 111 113 100 101 106 113 108 112 116 120 119 133 134 117 110 96 96 136 163 165 134 169 180 156 121 91 113 172 190 165 135 117 113 110 105 100 176 127 140 80 46 94 82 112 62 54 103 73 63 76 99 76 81 79 87 73 59 54 76 78 68 70 73 73 73 69 55 44 41 53 46 55 50 54 64 65 62 47 42 40 65 75 149 54 68 134 118 91 95 109 125 143 58 48 35 38 56 47 34 45 44 47 46 46 54 29 28 35 42 34 33 40 49 118 170 92
81 91 88 71 86 86 100 104 119 115 118 115 111 105 103 111 129 119 113 105 102 109 116 120 120 122 113 93 96 109 130 139 136 122 125 117 113 137 151 185 151 133 147 134 132 120 115 122 175 144 131 78 59 97 82 141 113 72 84 78 68 79 84 63 74 71 69 64 66 61 68 77 88 71 84 78 76 68 53 49 47 68 62 66 52 67 74 58 62 50 62 57 75 76 151 66 77 124 108 96 105 144 150 166 103 95 88 107 159 94 31 123 94 59 69 125 146 64 30 43 69 36 27 57 86 155 178 99
73 68 84 92 82 74 94 95 101 107 99 95 91 92 85 103 109 126 126 112 114 117 124 114 119 119 115 89 86 88 128 134 118 125 128 109 114 126 110 146 126 122 124 120 117 126 120 133 156 147 129 103 76 93 87 121 160 115 104 113 73 81 109 78 73 66 48 55 76 61 59 63 70 56 57 61 60 53 50 54 57 90 62 57 49 64 62 76 82 58 59 60 70 69 154 84 97 94 78 60 54 80 97 91 103 103 99 102 117 74 38 84 80 54 80 119 111 93 35 30 44 61 72 76 122 155 169 150
72 86 70 95 85 81 91 85 106 109 101 111 132 105 108 111 93 123 123 115 113 104 114 108 106 105 111 86 85 96 95 102 116 112 111 105 116 87 97 126 123 123 132 129 115 120 114 136 147 133 132 129 135 121 126 124 132 131 136 139 128 143 158 154 151 134 114 89 79 79 72 72 64 64 64 56 51 62 69 57 65 98 62 61 61 68 62 84 108 87 98 88 86 88 147 110 110 111 96 66 57 78 113 101 96 87 76 58 60 55 53 48 49 53 51 41 48 58 45 49 89 128 120 113 104 93 76 72
77 87 77 79 96 96 114 105 118 135 122 144 124 115 120 118 112 116 121 117 97 113 114 115 121 105 109 97 89 93 99 102 118 106 97 100 107 98 103 105 119 136 132 136 130 139 141 126 118 123 142 128 135 131 117 130 120 128 140 140 138 141 153 151 156 153 160 147 159 153 156 158 148 154 158 141 168 148 120 128 131 114 107 113 111 114 121 127 130 130 123 98 109 106 114 129 119 120 112 98 88 91 111 98 94 96 116 77 64 71 63 57 52 60 66 80 91 75 69 86 109 94 76 71 66 70 61 61
90 102 110 104 104 111 121 114 120 122 119 121 122 128 111 129 123 121 122 105 102 107 117 132 110 108 103 111 77 91 78 104 119 106 90 99 94 110 113 108 106 109 122 140 133 129 129 128 113 120 124 139 130 121 134 126 118 116 129 139 135 144 145 160 170 170 168 179 175 162 159 167 152 156 159 150 182 186 157 152 161 148 132 122 113 101 132 153 146 139 129 107 103 125 123 130 125 125 122 109 87 91 98 106 82 81 147 120 110 119 107 107 92 94 114 137 145 115 101 129 134 146 136 131 93 60 58 56
104 114 109 112 104 122 114 109 100 123 112 109 107 116 119 114 117 111 133 128 118 112 115 134 135 117 109 118 118 99 96 103 114 102 98 111 96 99 88 115 109 78 118 118 118 123 125 136 140 133 133 132 137 129 137 144 134 130 144 134 143 143 142 153 162 170 161 186 184 179 183 175 137 143 149 154 150 156 159 139 153 146 154 127 126 125 141 136 145 136 140 133 120 126 126 123 130 121 128 120 122 120 118 115 94 102 122 121 112 111 124 127 116 111 130 153 148 146 140 149 140 146 145 157 132 51 50 48
121 120 104 97 108 121 108 103 96 107 96 88 92 101 98 109 109 117 108 109 112 113 111 130 132 123 125 124 145 121 108 107 96 102 111 114 106 96 85 92 96 91 128 109 107 121 129 139 147 134 141 140 141 129 134 144 154 138 137 122 122 126 145 161 176 171 183 187 176 173 171 151 135 141 134 144 151 158 147 133 128 137 137 142 137 123 135 131 126 134 131 135 129 127 137 128 132 135 132 117 119 127 113 123 125 100 96 105 105 105 121 134 115 112 131 136 148 136 133 132 141 134 126 129 113 70 51 55
107 104 105 106 107 114 117 99 93 101 84 84 90 88 74 88 98 92 91 99 92 115 113 107 112 111 110 134 142 113 78 90 111 98 86 105 77 80 97 101 107 98 117 103 95 102 116 123 134 129 138 135 148 147 142 141 133 147 140 139 135 141 146 146 172 180 178 174 176 177 173 158 136 132 129 138 144 163 149 147 151 145 135 143 141 139 134 130 125 126 121 136 135 138 137 121 122 144 140 128 117 122 106 120 117 109 106 106 121 126 126 132 135 118 120 141 155 140 133 120 131 116 110 109 98 111 93 88
106 114 125 95 92 93 91 84 95 111 96 90 95 81 85 86 93 80 103 109 108 106 112 109 113 111 115 133 122 118 108 100 94 70 90 95 77 77 95 92 90 97 95 85 93 90 104 121 124 115 123 142 148 149 161 151 118 141 141 142 140 140 134 138 151 162 164 173 177 164 166 130 113 108 119 118 124 122 148 158 159 154 153 150 150 128 134 133 127 127 131 133 144 136 133 133 117 119 122 110 120 122 115 122 97 93 108 106 115 116 115 123 116 115 119 133 125 126 122 109 118 128 124 129 115 126 130 137
115 107 104 96 78 102 97 103 102 115 93 95 94 80 88 97 104 106 101 120 104 105 103 110 100 110 97 103 99 126 122 89 107 116 90 74 76 99 89 96 101 94 84 107 93 93 107 105 104 96 102 133 149 141 154 141 128 125 140 136 139 176 158 158 176 169 163 163 182 175 170 121 118 117 116 99 121 117 139 140 158 155 135 151 132 139 144 125 127 118 134 137 132 127 124 119 123 117 113 105 117 114 117 128 106 70 87 95 109 103 116 124 109 107 109 104 115 107 98 116 122 125 130 124 122 137 133 130
116 106 93 86 79 84 90 93 97 100 112 104 96 86 90 90 86 76 91 100 97 98 100 108 97 121 78 103 88 82 101 105 182 149 105 79 89 100 98 93 95 101 92 102 92 103 100 112 112 87 106 121 128 136 134 136 131 132 135 126 137 171 194 155 176 189 181 168 175 173 171 168 141 129 128 122 130 131 148 150 158 163 162 134 135 140 131 132 137 129 131 133 129 117 116 116 124 122 127 124 121 113 111 121 104 71 88 86 111 116 127 113 107 107 94 100 117 119 122 137 129 129 135 127 114 125 123 129
84 105 106 85 76 96 99 87 101 105 101 88 113 112 100 100 87 84 79 91 116 104 106 108 116 84 53 62 103 83 88 95 100 95 104 83 84 88 90 105 113 104 105 104 86 91 94 109 108 104 111 116 125 126 128 118 123 150 136 129 133 133 157 174 161 184 171 172 175 163 165 158 149 122 128 137 144 139 148 146 150 149 120 110 145 134 144 135 138 127 115 122 117 127 119 119 115 131 140 132 130 123 114 113 126 107 107 106 107 145 104 104 109 101 101 139 136 135 128 130 135 124 126 123 102 119 126 123
79 92 96 72 78 108 94 77 97 102 97 80 99 113 117 95 92 89 92 93 107 104 114 84 90 83 97 71 72 89 83 106 77 56 78 105 91 73 83 96 102 96 88 86 91 97 111 115 110 125 115 113 114 99 109 120 116 140 142 110 132 146 171 165 162 165 171 170 167 176 160 158 139 128 145 140 136 127 137 134 82 107 103 79 146 150 141 157 135 126 122 112 105 116 128 131 147 158 143 111 128 131 131 125 129 129 119 119 108 117 89 98 107 106 99 116 114 110 110 129 126 117 113 104 84 97 102 108
93 96 107 103 101 102 84 82 89 92 97 92 88 78 87 84 87 86 96 100 86 80 101 89 79 94 111 106 58 97 89 105 64 81 94 101 93 88 93 88 87 94 93 93 91 100 98 97 107 116 110 114 109 110 118 112 118 131 132 138 132 146 147 179 169 179 175 176 163 163 182 149 131 156 127 121 127 141 138 136 87 90 87 115 142 137 145 129 125 117 134 114 109 121 129 117 118 129 124 126 128 117 118 132 146 123 131 133 129 93 75 84 99 97 87 103 101 115 116 122 112 111 99 96 70 74 77 88
96 93 94 100 103 80 99 100 96 91 108 94 83 81 87 89 95 93 90 98 63 71 84 89 97 108 55 78 95 111 82 101 100 94 76 81 92 85 87 88 104 104 123 99 80 83 102 109 109 114 100 111 99 100 109 99 110 127 128 135 137 149 155 162 169 156 158 171 153 145 167 150 133 138 118 118 114 138 121 132 113 56 94 137 137 134 126 131 128 129 120 121 104 123 120 117 126 122 120 114 131 126 116 126 133 121 133 138 135 90 81 63 74 90 81 99 97 105 101 108 100 91 71 68 52 52 56 57
87 96 92 87 88 92 92 90 93 94 101 101 75 71 84 73 83 99 82 99 82 103 90 80 100 70 63 80 105 105 95 82 81 72 79 85 98 88 85 97 106 106 107 117 79 81 101 109 108 108 105 106 105 100 113 114 88 117 123 130 135 154 168 168 150 172 169 146 153 168 174 140 139 133 120 106 102 128 123 110 131 114 108 139 136 121 120 132 106 121 121 106 110 107 100 105 116 118 122 117 116 119 119 110 120 132 128 122 108 84 98 80 70 85 95 88 86 84 95 83 85 60 49 47 53 39 54 55
94 83 89 92 88 86 92 101 101 93 98 89 90 76 66 77 75 89 87 100 95 81 88 84 74 63 70 80 99 131 112 80 58 92 96 91 82 108 111 100 110 111 102 104 96 83 96 100 102 107 97 95 91 101 112 110 107 119 124 135 130 135 159 168 157 162 150 168 161 182 165 151 133 136 114 112 95 124 123 121 119 136 139 168 125 139 135 110 120 115 112 105 124 123 122 109 109 124 115 117 117 113 107 110 108 120 120 120 102 102 121 94 67 83 71 81 85 69 77 83 57 45 49 46 45 44 44 52
