182 180 178 179 184 181 186 182 182 180 185 188 188 191 189 194 188 192 194 196 193 192 201 197 199 195 193 205 202 199 187 199 198 198 203 198 197 201 201 210 202 206 195 190 205 207 202 201 193 198 200 204 208 203 206 203 200 207 208 204 204 214 211 202 199 202 209 201 199 210 205 204 209 213 202 204 206 210 218 206 209 199 208 204 209 206 207 202 202 205 198 203 209 201 203 207 194 193 199 193 200 203 197 193 198 198 197 205 196 194 198 205 202 194 192 195 198 198 190 197 190 193 190 194 187 189 191 191
181 177 177 182 187 179 180 183 175 188 189 185 189 188 194 189 189 188 188 195 197 195 197 198 199 193 202 201 202 197 197 196 198 202 206 202 203 202 200 201 204 206 200 201 203 204 203 203 205 204 209 205 202 204 199 210 209 209 207 203 204 213 207 204 204 205 204 204 198 211 206 202 201 203 204 209 211 205 211 205 207 204 208 209 205 210 210 213 207 202 195 204 207 199 202 206 204 206 202 197 200 201 203 198 198 198 199 200 203 197 198 198 199 196 195 192 193 192 199 199 194 192 191 191 193 189 190 187
180 183 176 180 187 183 182 177 186 179 190 188 183 191 194 189 183 183 190 192 190 198 193 191 194 192 197 198 191 200 202 200 196 201 200 200 202 197 203 199 207 203 205 206 196 203 204 201 207 203 205 205 208 206 206 208 212 206 204 214 209 204 207 206 203 201 209 208 202 206 204 205 202 204 207 210 210 203 206 207 210 209 201 206 205 209 207 207 200 199 204 211 206 204 206 206 206 209 202 202 203 198 202 201 199 202 202 198 203 202 202 192 198 196 200 196 193 191 197 201 192 193 198 191 191 188 185 195
174 178 183 183 177 179 176 181 182 171 183 184 186 187 182 184 186 191 193 192 190 195 187 192 198 196 196 198 195 195 202 203 198 201 198 199 202 202 202 197 204 203 207 204 201 210 207 203 206 207 204 211 206 203 208 210 204 208 206 198 202 204 201 212 205 205 210 211 206 208 205 209 207 201 206 211 201 202 199 205 204 206 210 203 202 208 206 198 199 203 207 209 200 204 207 201 205 206 200 203 205 201 200 196 192 192 195 197 200 191 192 194 193 195 199 199 200 192 192 195 189 192 198 185 185 184 187 187
175 180 179 180 178 175 169 175 171 174 180 188 188 189 188 185 192 186 185 192 187 193 183 188 190 192 198 192 197 202 202 199 198 195 198 200 191 204 207 199 199 201 211 209 198 200 205 204 211 205 199 204 199 202 206 212 205 206 203 204 202 208 203 206 199 200 204 201 208 211 203 206 204 203 203 211 202 213 200 201 202 203 201 204 203 205 203 202 204 202 200 197 202 202 202 202 196 201 202 200 204 197 194 196 194 193 194 192 197 195 191 197 189 191 190 193 191 184 186 179 181 181 187 184 189 185 178 177
173 172 184 178 175 182 169 183 179 182 184 185 184 186 188 185 188 181 184 189 194 191 187 188 193 197 196 191 193 201 194 197 199 199 202 203 196 195 204 201 196 195 203 201 198 200 203 198 201 205 204 211 201 200 201 201 198 204 202 204 206 204 207 200 208 208 204 201 202 209 201 197 197 197 209 205 200 208 204 202 198 202 204 202 204 201 199 205 203 193 197 196 196 205 204 202 190 194 194 187 194 195 193 197 198 189 195 188 184 189 186 190 187 188 187 189 188 184 187 184 174 173 181 178 179 179 177 175
167 170 175 170 166 171 172 184 174 175 182 180 173 173 179 181 181 183 178 182 190 191 193 187 187 186 180 182 183 186 194 197 192 186 192 199 197 193 193 198 197 195 198 204 203 190 196 194 197 198 201 207 192 199 195 200 201 202 193 194 195 195 202 201 200 201 196 190 193 196 194 193 191 195 198 199 194 193 196 193 189 189 195 193 194 193 193 194 192 188 190 199 188 193 193 192 191 186 191 186 191 190 188 182 194 191 190 187 181 188 196 194 182 181 187 187 185 178 179 181 176 176 177 168 179 180 178 173
171 171 174 169 168 170 167 170 164 169 177 172 172 170 173 182 179 178 176 180 178 184 186 178 178 186 176 178 177 183 194 190 188 182 183 188 187 182 182 190 190 181 190 191 197 191 192 194 186 190 195 191 194 197 194 192 190 192 187 187 186 184 195 192 187 191 194 193 187 186 195 189 183 186 193 195 194 183 192 188 187 186 191 188 184 195 194 190 190 193 191 192 193 196 189 189 184 183 178 186 191 188 189 181 183 180 182 182 174 179 181 182 175 180 173 181 180 181 173 168 168 179 168 168 173 170 168 170
161 170 169 168 160 166 168 168 168 171 171 176 171 172 177 177 173 178 178 184 175 181 175 178 182 180 178 175 178 187 182 180 183 184 183 188 183 183 188 185 183 178 188 187 188 185 190 195 185 186 191 183 188 190 188 186 185 183 188 194 188 180 188 184 189 189 181 190 191 190 189 192 186 182 181 193 188 190 188 193 186 185 176 184 187 186 182 183 185 183 188 186 188 181 187 183 186 182 183 182 183 176 178 183 177 179 179 175 175 182 179 180 174 168 171 177 176 172 178 165 171 170 169 170 168 163 170 170
157 168 164 166 169 168 163 163 166 170 169 173 167 171 174 168 168 170 174 172 171 176 174 175 180 179 173 180 179 181 177 174 183 182 186 187 187 179 178 191 187 183 189 185 184 182 182 187 181 182 187 182 181 190 186 180 187 187 190 181 184 179 177 182 187 185 184 188 190 186 189 192 189 191 186 186 183 181 182 183 184 185 180 188 188 186 185 179 187 181 186 183 180 175 180 179 185 183 179 176 182 179 182 177 176 176 175 173 178 171 168 173 176 164 165 172 171 164 167 166 170 168 170 160 158 155 168 162
160 162 154 159 166 165 169 162 169 162 164 163 168 168 165 167 174 178 176 175 168 174 172 176 179 171 174 175 182 178 173 172 172 168 175 182 179 177 181 178 178 187 185 178 183 185 182 184 182 179 174 181 184 181 181 184 179 182 185 177 183 180 185 183 183 181 176 182 185 181 179 181 183 183 177 182 182 181 183 180 185 179 182 187 185 179 182 180 181 175 176 184 169 171 175 175 167 174 172 175 174 178 178 164 168 179 176 169 171 166 165 165 168 166 165 172 164 158 165 160 162 162 165 155 156 157 159 154
158 154 156 158 158 159 156 162 156 158 163 158 163 165 161 160 163 171 166 168 175 172 164 166 166 168 170 168 172 171 172 181 174 172 178 179 184 180 180 181 182 178 182 182 176 185 181 179 184 180 166 182 184 184 175 179 184 179 176 174 171 171 172 179 174 172 173 176 176 176 166 165 181 188 167 173 175 179 178 173 181 174 175 171 171 171 176 170 173 174 168 173 169 177 173 166 160 174 169 163 168 164 163 158 164 168 170 170 160 163 164 168 163 167 157 169 165 166 158 153 159 166 160 158 162 160 157 155
154 159 154 151 152 156 155 155 157 157 158 159 154 161 162 159 155 161 167 170 170 167 165 161 162 163 164 166 163 166 166 170 168 165 170 167 175 178 173 174 170 170 179 172 171 169 167 169 180 185 174 178 177 174 180 175 174 173 177 172 173 165 170 170 165 170 173 170 166 172 178 166 175 189 176 179 169 179 174 175 178 178 169 172 178 176 181 177 178 180 174 174 176 181 173 172 171 172 173 169 168 172 166 160 168 167 170 162 164 166 167 168 164 165 158 164 161 159 153 164 158 159 161 161 152 154 152 154
149 153 156 153 149 154 155 150 154 160 159 153 157 157 154 158 156 163 162 166 160 161 167 165 168 170 170 167 157 167 161 163 161 161 175 169 166 165 173 171 173 171 171 174 172 167 169 169 172 174 175 170 173 172 174 183 170 176 171 173 166 170 171 172 167 172 175 160 168 174 174 166 155 195 175 173 170 169 166 165 174 174 168 171 173 176 170 173 171 174 176 172 175 164 164 175 176 167 172 171 162 172 169 165 171 166 169 166 165 156 166 164 161 158 160 161 160 163 154 151 158 159 165 163 159 165 160 158
149 143 153 151 147 146 155 156 151 154 154 150 150 151 154 157 153 157 160 155 157 161 166 160 166 168 168 161 159 162 161 162 166 168 168 168 151 161 172 166 161 167 171 163 170 161 171 166 168 169 170 168 168 170 158 170 166 172 162 167 160 170 172 165 170 171 165 166 169 167 164 167 161 205 184 168 177 175 175 171 168 164 172 177 173 177 171 168 166 171 179 166 167 166 170 168 171 167 166 163 171 165 166 173 175 168 170 160 160 171 167 168 156 155 160 151 159 162 164 153 167 167 148 156 152 144 140 140
143 140 147 148 142 139 142 150 159 154 154 163 154 157 163 156 155 155 157 154 159 159 167 165 158 168 169 164 166 171 169 162 168 169 168 155 139 160 169 171 165 168 167 170 167 167 166 169 170 173 173 170 171 170 171 177 179 175 176 179 162 172 171 168 172 174 161 173 171 183 169 178 142 196 194 176 177 178 175 164 172 179 168 177 177 171 174 175 169 174 177 172 170 173 164 175 170 163 169 164 172 161 172 165 160 168 163 161 162 165 156 158 152 143 145 149 157 151 151 147 152 153 147 147 141 137 136 140
151 160 156 147 152 132 131 140 157 158 150 163 152 158 153 151 158 152 154 156 164 169 164 167 163 165 170 171 174 170 171 165 163 167 167 150 143 159 168 164 155 163 172 170 173 166 172 161 170 179 174 174 183 172 169 164 171 169 165 171 161 163 166 164 164 177 160 155 159 171 159 163 128 184 181 162 161 168 161 156 157 165 161 162 151 149 162 162 157 158 164 162 164 157 155 164 159 151 154 148 159 155 162 149 157 157 152 153 154 149 149 153 143 147 140 141 142 147 140 136 144 145 146 139 138 147 130 138
148 143 140 142 136 122 129 131 148 152 147 140 152 150 144 134 140 148 144 147 155 158 152 149 147 146 153 145 146 148 145 150 143 151 157 146 142 152 160 160 158 154 158 151 156 159 160 152 157 151 162 150 156 158 157 151 149 156 155 158 159 158 164 162 155 165 154 160 163 160 151 150 134 184 163 158 158 152 166 159 160 154 156 158 158 156 152 163 153 149 160 152 151 152 150 164 161 150 147 151 167 161 161 151 149 155 156 145 152 152 153 145 140 144 144 136 140 147 137 131 137 142 142 133 129 142 143 143
139 133 136 130 132 125 127 130 136 148 140 136 139 142 137 136 144 151 152 150 151 139 140 140 153 149 148 157 153 150 151 157 154 156 159 149 147 152 156 156 166 160 159 156 159 163 165 156 158 144 145 159 155 162 159 148 159 163 154 166 160 154 158 160 160 151 160 153 157 166 166 155 148 216 176 155 158 151 154 158 160 157 150 155 158 154 148 158 149 151 149 145 152 151 145 158 152 154 153 158 150 154 151 149 145 151 147 146 143 152 148 143 145 141 140 140 131 143 143 141 153 155 152 133 127 145 144 146
142 133 128 136 153 130 128 130 143 158 149 152 141 145 131 146 152 153 143 149 151 133 138 146 157 163 154 155 155 154 152 149 149 162 154 161 153 148 152 163 157 154 154 159 162 159 156 156 157 146 145 159 155 158 157 165 165 161 155 160 155 153 154 155 155 153 160 152 159 154 160 156 158 227 196 144 150 162 153 160 151 146 144 146 155 143 150 148 153 152 162 153 154 150 153 161 161 156 150 158 161 160 167 169 157 160 160 162 167 152 159 147 162 145 139 151 135 136 154 153 155 155 152 131 147 156 146 153
134 135 135 128 136 134 143 138 145 141 134 136 139 140 138 145 139 134 133 137 142 133 135 138 147 148 140 143 141 137 144 139 151 152 149 158 149 132 138 145 147 146 153 153 153 153 150 157 157 135 146 154 159 159 154 160 160 145 150 153 155 150 148 150 151 157 151 153 154 159 165 161 160 219 221 158 153 167 160 165 153 158 149 142 153 178 158 145 167 160 157 161 158 164 167 161 170 166 143 155 168 167 165 151 145 159 150 150 158 149 160 155 155 152 155 157 159 159 153 161 156 154 148 135 155 161 142 138
131 130 140 119 134 133 141 129 128 128 129 136 143 137 142 138 140 129 130 127 139 134 138 139 142 144 140 146 147 154 148 159 160 145 149 153 152 147 153 162 160 159 159 154 159 157 163 165 159 146 153 162 176 160 162 149 160 162 156 157 156 165 166 157 155 160 152 149 151 152 153 156 160 209 228 158 147 167 163 155 161 156 143 140 156 155 150 154 169 169 173 172 172 168 164 170 169 172 163 167 171 164 160 165 158 165 154 158 166 162 158 161 169 161 155 158 161 154 159 166 161 162 145 149 155 165 150 156
123 126 129 124 132 137 130 127 120 129 130 132 135 136 134 131 127 132 131 125 150 136 129 139 138 147 145 139 143 158 165 149 144 148 149 143 153 133 143 158 162 162 155 173 161 154 149 157 157 165 164 149 158 154 145 142 150 150 140 139 141 149 153 153 140 147 143 142 144 153 157 148 155 208 233 165 150 153 162 149 146 144 147 152 152 150 151 148 156 145 158 147 142 147 143 155 161 157 165 165 167 165 166 172 163 165 159 159 154 155 152 150 148 141 145 143 136 136 127 135 133 137 135 145 144 139 139 138
122 133 122 122 131 139 125 129 126 131 128 129 129 121 122 129 124 133 127 126 142 154 127 135 131 138 129 130 136 145 163 141 138 143 139 147 143 129 144 139 144 137 140 138 139 139 144 141 141 137 145 150 148 135 146 151 147 153 142 150 148 158 168 162 152 165 167 167 139 151 166 151 172 220 245 169 160 161 163 151 152 147 151 157 159 147 145 142 155 142 144 158 154 141 143 141 143 141 152 148 158 165 155 154 158 148 141 139 137 141 140 151 136 133 143 146 149 151 148 144 155 157 157 161 149 159 161 143
125 135 121 110 127 131 126 124 124 133 138 138 136 133 127 125 129 129 130 134 140 167 146 146 137 134 144 142 134 139 137 127 133 140 141 141 129 137 133 136 141 140 143 134 141 141 139 130 136 135 146 155 148 144 132 139 140 145 131 145 139 153 150 150 152 144 147 152 148 155 152 143 168 213 248 195 144 148 147 150 153 157 154 156 150 150 143 146 145 151 153 150 151 150 152 144 140 143 145 149 152 147 143 145 156 154 143 144 143 144 143 131 133 133 138 150 141 132 129 147 147 138 142 147 140 141 136 140
126 126 113 109 120 123 129 135 125 133 141 143 115 130 128 131 136 128 123 134 135 144 127 135 140 135 133 136 141 138 141 137 143 139 148 144 132 138 139 134 156 142 131 137 149 157 153 150 128 128 157 149 135 144 136 145 146 140 142 139 134 147 148 142 140 139 144 147 142 134 146 151 166 217 244 208 142 147 148 155 160 150 138 145 143 140 142 143 143 141 140 133 145 135 141 146 149 145 138 132 141 148 144 137 142 136 133 140 140 135 132 136 143 146 142 140 146 144 139 136 126 123 123 133 125 123 130 128
116 120 128 111 110 126 124 127 123 133 132 122 125 126 133 129 129 135 131 127 127 143 122 135 140 139 130 130 132 129 142 141 143 133 137 151 151 127 135 145 153 133 131 140 154 137 147 157 135 139 143 145 156 162 151 149 155 148 147 149 159 161 143 149 141 144 136 147 141 148 145 144 158 198 241 228 146 147 147 146 147 143 143 141 144 140 132 145 146 146 135 138 150 149 140 143 154 148 156 129 135 143 146 142 140 133 141 138 138 134 135 139 156 150 146 134 130 135 137 133 138 137 120 129 148 136 141 148
121 123 128 129 116 128 130 113 123 120 123 121 119 121 125 123 128 137 119 122 141 139 130 132 131 134 131 137 138 134 138 135 130 139 135 147 153 133 123 141 136 130 137 140 141 143 149 152 152 141 145 133 139 145 141 138 134 135 135 120 141 142 134 148 151 152 146 151 141 134 152 149 171 200 236 243 165 141 132 138 137 145 143 138 142 134 145 156 158 136 147 132 148 143 167 158 142 165 145 135 142 150 154 126 126 128 137 132 133 137 140 148 150 158 153 147 134 131 130 141 146 151 131 128 133 136 145 148
132 119 114 123 109 132 146 123 120 131 123 126 124 145 140 119 134 142 128 140 150 137 132 125 121 129 130 139 136 140 151 142 138 146 144 158 163 148 137 135 145 151 132 121 131 142 153 144 137 137 144 125 126 132 145 143 135 147 133 126 129 123 133 144 129 130 139 139 143 128 142 142 166 200 226 249 193 138 138 151 161 166 156 136 146 133 164 159 138 126 126 129 134 135 162 155 147 159 142 142 135 131 129 131 141 138 139 132 129 134 134 164 157 159 160 145 152 151 140 123 130 139 134 122 116 124 126 117
124 126 124 118 119 128 138 132 126 116 115 125 146 142 138 147 125 123 130 138 138 141 149 138 115 136 143 151 155 159 160 160 156 162 154 117 131 131 133 136 121 154 157 160 165 177 153 126 130 144 140 127 136 136 133 127 135 138 122 129 130 136 141 139 144 148 141 153 172 160 146 142 171 194 235 243 230 147 138 148 147 149 159 146 150 155 159 155 123 124 125 131 141 140 135 131 138 122 129 133 132 132 127 138 135 129 134 134 130 139 137 141 155 162 150 152 153 153 127 117 122 129 125 119 118 123 116 115
123 106 119 118 102 112 132 130 133 129 124 129 144 126 135 165 138 142 146 149 149 137 145 152 121 135 140 132 147 154 162 162 151 165 161 139 139 139 150 134 129 149 158 163 169 175 137 119 127 135 153 132 126 137 151 156 170 169 160 166 160 163 152 134 147 140 129 139 162 143 141 155 171 199 227 240 249 181 145 151 153 157 160 161 129 147 133 138 132 132 132 133 134 132 124 133 133 120 117 117 129 144 133 126 142 133 139 140 134 135 135 122 125 130 131 131 120 122 108 103 115 115 129 136 112 115 130 121
117 109 114 119 113 114 131 134 120 129 145 146 129 114 130 142 141 139 130 129 127 113 144 137 125 143 155 126 117 116 146 164 131 141 151 134 128 123 137 120 140 134 138 139 146 138 133 121 122 126 138 150 152 151 170 136 161 166 161 162 146 130 149 133 140 133 128 148 147 135 139 148 163 196 220 238 245 217 167 161 157 136 137 156 149 144 127 130 138 128 121 132 136 140 126 124 126 123 128 122 132 151 134 120 141 127 113 118 132 123 124 124 128 132 113 108 111 112 123 114 123 133 138 132 121 135 135 123
128 118 108 111 129 115 125 123 127 116 134 143 129 118 126 131 141 129 120 127 137 139 136 127 150 146 134 130 137 124 141 154 156 164 141 142 132 126 140 133 135 123 125 121 147 145 145 130 133 133 147 154 153 136 137 139 135 139 137 141 142 128 128 126 129 133 134 133 149 141 130 149 173 192 218 225 244 231 152 132 136 128 127 134 134 135 138 130 137 130 121 129 136 122 110 107 122 120 139 133 143 149 141 126 139 141 127 114 121 132 148 128 119 134 118 124 125 129 116 124 117 124 123 135 127 114 120 119
117 114 102 106 114 99 112 142 120 103 110 130 130 119 123 137 134 137 120 116 133 127 122 131 137 122 115 131 130 119 140 144 137 147 151 134 151 160 164 168 120 128 120 119 137 126 144 146 131 149 145 140 154 136 139 140 124 125 130 131 129 117 122 132 123 128 140 134 137 146 147 163 169 198 229 237 246 248 169 120 118 118 122 130 125 125 131 135 127 133 121 122 126 116 107 116 123 142 151 146 148 145 128 121 119 125 115 109 111 119 119 112 112 122 118 114 116 122 117 125 117 114 126 119 115 116 115 105
111 123 110 112 115 110 115 108 112 103 112 128 120 130 109 117 132 123 118 125 122 105 112 143 153 131 121 135 129 111 117 138 151 130 148 127 142 171 154 126 122 134 137 115 121 122 126 133 127 124 122 132 140 130 126 133 126 118 127 125 124 113 110 120 124 121 131 130 140 162 171 179 189 217 239 249 249 252 216 122 130 123 127 132 124 135 127 135 134 142 126 138 142 125 113 114 120 142 139 128 140 138 127 121 126 125 103 101 111 110 113 119 113 115 133 126 117 124 121 119 105 105 118 109 106 114 126 120
114 111 119 115 114 117 111 105 109 124 133 121 123 126 104 112 119 122 119 121 122 106 126 135 135 131 121 112 116 113 123 118 141 133 132 110 110 130 114 111 117 120 122 122 112 121 126 119 117 117 113 123 118 121 112 117 120 131 128 117 112 119 122 112 119 123 122 135 143 140 170 175 186 211 234 246 249 251 234 128 123 135 125 142 138 130 140 141 152 148 143 143 147 134 111 108 115 131 121 114 132 123 123 110 127 125 105 102 117 111 108 101 96 109 135 111 116 120 112 108 108 116 119 113 112 112 110 107
115 119 102 105 106 116 97 92 103 125 136 120 118 103 94 99 121 111 112 118 121 129 128 127 134 127 119 125 111 115 129 120 118 124 121 113 118 112 124 110 124 114 108 108 119 115 125 117 115 114 124 113 133 122 116 125 118 122 124 136 126 118 122 115 126 128 117 124 156 145 157 169 174 202 224 240 247 249 244 142 117 126 127 121 125 128 129 134 135 145 131 132 128 133 118 110 121 114 125 127 127 127 130 119 116 118 112 97 105 102 97 103 102 112 117 106 111 108 102 105 125 137 121 124 117 110 111 113
112 108 102 123 104 123 112 97 104 109 123 127 106 103 100 102 123 109 100 112 118 115 110 114 123 120 116 125 109 103 114 122 113 125 113 120 121 121 123 120 123 112 116 107 120 122 121 122 120 114 121 111 142 144 122 122 130 128 135 148 147 119 124 117 115 128 134 122 159 158 154 165 176 200 216 240 243 246 248 148 121 108 131 118 129 125 129 127 127 117 112 120 127 136 120 118 126 119 119 128 120 123 131 124 125 135 111 107 105 115 103 96 104 110 131 116 100 103 95 102 112 139 137 133 127 111 100 112
103 98 101 120 112 119 140 109 92 102 117 119 114 104 100 91 106 101 93 104 111 113 111 115 118 113 118 121 103 107 108 107 115 113 115 110 110 114 110 118 130 126 120 123 115 122 130 114 121 129 126 124 123 144 142 136 123 122 126 121 134 133 155 119 118 122 121 124 152 150 159 163 175 192 224 239 246 247 255 180 112 114 128 127 116 114 127 139 126 113 103 105 111 127 115 107 116 118 119 126 127 115 127 119 129 132 123 129 127 112 117 115 106 119 133 125 99 128 112 109 123 134 141 147 153 141 132 146
120 126 132 132 115 109 121 131 106 119 120 120 109 105 100 105 112 140 131 120 121 128 123 119 113 115 103 119 113 118 114 116 111 119 118 115 117 114 122 114 132 133 120 110 106 116 117 115 109 131 142 144 129 139 121 136 120 122 122 116 113 117 133 120 117 121 120 125 156 154 154 165 170 190 223 242 247 247 252 189 108 108 114 127 115 119 121 115 113 109 108 120 118 128 131 125 118 130 125 120 134 128 132 125 121 128 130 126 135 128 141 150 153 148 151 143 146 146 152 150 152 154 150 146 153 158 151 151
138 137 134 136 103 99 108 129 139 141 140 116 100 103 118 123 125 136 138 141 139 139 152 151 131 136 127 111 114 115 113 109 114 110 105 103 120 119 113 112 113 122 119 109 118 118 116 120 110 132 142 134 123 123 122 121 121 130 139 117 116 127 115 117 115 122 123 133 157 161 161 158 172 201 223 242 247 247 251 193 108 108 122 121 126 136 133 126 129 130 130 138 144 139 133 131 140 142 146 139 145 152 146 136 130 148 125 130 140 165 173 161 153 151 152 146 142 146 147 148 143 146 141 140 143 136 133 135
140 143 135 138 125 98 109 107 126 130 125 118 100 107 121 145 139 130 142 149 138 139 146 146 144 146 134 128 129 110 116 110 111 111 108 104 124 129 112 117 116 116 113 126 137 126 130 140 128 132 127 107 110 118 130 118 122 120 128 115 115 113 123 108 105 106 114 127 160 161 159 170 179 199 226 243 246 248 248 212 140 144 148 146 148 153 145 150 153 157 151 153 160 160 164 160 155 149 148 139 133 146 142 143 153 165 148 147 149 151 147 153 147 145 146 144 143 143 149 150 146 149 142 144 144 145 134 130
136 138 136 133 126 101 93 104 128 136 136 117 102 100 106 141 138 134 141 113 122 139 140 129 133 120 124 134 124 115 122 122 115 113 110 108 115 114 118 104 114 128 120 122 118 118 115 111 102 112 125 113 100 112 107 109 111 122 117 116 119 122 128 134 124 121 141 147 152 152 158 171 175 202 226 236 241 247 251 226 160 160 163 162 157 162 160 153 154 151 141 145 151 132 135 152 143 148 149 142 136 136 162 156 154 157 150 144 146 153 148 154 153 153 158 148 143 147 152 147 150 146 145 144 150 142 147 136
121 110 110 112 116 103 105 115 116 113 117 100 115 127 112 106 116 119 124 111 119 123 130 132 122 114 124 124 118 117 116 105 106 108 110 107 102 102 114 136 108 110 126 112 126 122 130 117 107 129 136 136 108 121 112 124 125 129 146 144 152 147 145 161 153 154 165 155 144 156 165 168 180 214 225 233 241 242 245 245 171 159 132 129 153 152 157 160 157 155 148 148 152 126 132 133 139 161 158 152 153 152 154 155 151 155 158 157 161 151 164 160 155 159 148 136 119 128 143 157 148 147 148 143 147 153 151 146
101 109 119 108 97 102 115 123 104 103 107 91 104 128 128 100 119 117 109 115 107 111 123 125 112 105 121 114 132 121 126 104 109 115 103 108 117 104 105 111 100 105 120 118 108 128 145 135 119 110 113 127 137 139 143 151 139 147 157 151 162 151 152 164 155 156 153 152 143 167 174 167 180 196 212 224 236 240 239 249 213 131 97 105 127 149 160 156 151 153 150 156 162 156 140 142 151 147 132 137 117 128 155 143 145 151 155 148 154 142 142 147 148 146 141 146 131 137 146 155 133 139 158 154 143 142 143 144
86 91 96 102 99 97 109 125 114 102 100 97 94 110 115 106 121 126 119 101 111 120 123 125 117 120 101 112 126 114 131 124 116 126 117 104 109 113 115 102 110 103 102 113 117 101 125 120 105 126 118 122 137 144 138 141 115 129 148 148 142 139 140 150 152 151 143 127 137 144 158 157 177 194 202 225 231 241 244 247 240 135 93 124 135 136 129 126 152 154 149 157 150 142 139 137 126 108 97 109 110 124 137 139 136 131 123 134 119 122 149 132 122 137 150 134 137 152 131 125 92 105 127 111 99 115 114 122
89 88 90 84 83 87 96 116 118 106 119 104 105 108 109 93 116 121 135 121 118 134 105 100 112 129 116 121 118 115 125 116 103 114 116 96 112 108 116 122 106 101 103 124 116 95 99 125 109 97 123 115 120 123 142 117 102 129 141 132 121 126 129 129 148 142 137 139 135 130 141 152 163 182 216 225 237 240 240 246 250 200 115 112 113 104 114 121 126 138 129 143 141 141 135 134 113 91 95 102 102 122 107 115 131 129 121 108 100 108 147 126 114 110 113 101 115 123 123 113 94 109 119 97 95 94 104 119
105 99 117 114 107 107 109 107 116 106 109 112 115 117 118 124 120 114 114 137 146 140 126 119 123 128 134 127 125 126 132 127 118 120 120 105 117 121 111 109 111 109 111 96 108 94 100 123 112 114 126 120 105 121 130 112 103 116 152 123 105 116 123 109 150 133 134 133 134 140 138 145 156 157 168 205 238 237 243 242 241 251 168 126 114 107 103 118 119 128 126 132 125 131 118 125 109 94 93 95 101 104 113 98 114 129 122 104 108 106 118 102 113 117 107 108 119 120 127 128 129 115 100 104 91 91 104 109
123 110 122 134 135 130 122 116 126 142 150 158 165 161 173 166 105 98 120 165 154 148 155 155 165 169 162 172 177 174 165 171 164 148 149 141 110 128 128 115 117 116 124 111 124 115 113 117 110 107 113 121 108 123 125 123 108 110 123 114 108 124 127 116 134 126 129 128 138 140 141 138 131 133 141 198 239 239 239 240 238 246 177 133 129 128 121 122 125 127 128 128 123 129 129 114 114 119 118 124 118 101 113 101 100 109 129 135 127 119 114 102 91 118 121 135 126 128 127 121 129 117 116 123 120 120 120 127
128 104 105 140 150 156 159 150 161 159 155 155 157 153 162 156 103 107 124 145 120 150 171 137 145 173 173 179 179 177 162 161 154 156 156 141 99 118 140 172 170 173 172 172 171 168 157 123 142 132 109 114 118 117 113 118 126 117 121 118 125 128 128 134 125 118 119 126 146 150 149 148 144 132 137 183 245 237 231 237 208 226 233 169 131 161 166 167 166 157 161 163 154 140 166 156 154 164 158 160 136 106 110 114 111 114 122 122 130 103 103 123 118 131 140 142 140 133 130 111 116 138 148 139 144 143 139 144
105 80 87 120 137 136 144 145 141 150 144 141 137 132 131 119 115 106 113 113 108 119 125 126 128 147 151 150 144 139 143 154 140 139 149 140 130 138 144 149 150 155 152 152 152 148 150 142 153 142 137 139 142 141 144 151 151 144 153 150 154 153 153 145 132 141 130 126 142 164 151 150 141 131 128 171 212 221 228 227 224 224 229 238 191 173 161 170 174 166 152 162 160 165 162 156 164 156 158 158 146 124 102 118 116 123 115 127 133 125 129 141 136 126 123 132 135 143 132 107 109 135 141 137 138 135 131 130
116 80 97 116 133 136 143 136 131 139 140 139 138 127 131 130 127 134 135 128 129 129 140 141 139 146 144 151 146 148 153 147 144 140 142 141 146 145 146 151 145 152 156 166 166 163 159 166 169 166 162 165 173 175 163 164 167 160 166 169 167 166 169 122 109 118 111 117 124 142 134 124 132 130 139 159 227 231 226 226 230 228 243 243 176 155 177 156 158 152 153 162 158 154 158 167 156 145 163 157 131 112 104 110 114 108 118 122 140 153 154 155 149 103 104 137 151 152 122 106 128 152 145 143 145 142 147 147
127 129 128 125 135 131 141 134 141 130 138 135 142 131 137 143 139 132 135 141 140 130 137 146 134 139 128 127 137 130 148 152 144 138 132 148 144 144 147 148 147 150 156 158 159 160 160 156 158 158 153 155 155 160 165 163 158 163 175 180 174 164 168 146 121 129 130 133 141 143 138 135 144 142 155 172 239 240 237 235 241 235 222 251 204 154 190 158 168 172 170 168 160 157 154 138 117 118 144 140 93 112 117 103 122 116 125 122 143 141 129 112 104 98 91 106 124 109 105 114 106 113 99 116 146 144 140 128
144 144 140 143 152 148 140 146 152 136 147 141 144 142 140 140 146 143 138 144 150 143 153 165 170 175 165 152 151 148 160 161 147 143 145 145 147 140 152 155 148 156 156 156 152 146 143 150 151 150 136 144 141 143 152 160 157 161 166 171 147 149 128 127 127 123 121 136 148 149 158 153 161 156 170 181 229 244 242 243 241 192 196 248 228 201 204 161 151 154 167 158 158 160 156 97 97 108 108 114 116 110 105 106 109 101 108 108 104 99 91 94 102 96 94 94 109 106 105 118 100 103 89 102 125 138 141 131
147 157 150 151 146 143 137 142 141 139 139 138 133 134 138 141 142 147 167 174 177 146 157 168 155 150 146 140 141 153 140 142 144 151 152 145 151 150 160 158 150 151 148 144 147 149 153 146 150 147 150 145 147 155 151 148 148 144 143 145 158 146 131 134 131 126 136 137 149 150 179 172 170 168 167 170 202 196 199 191 188 168 200 245 244 227 219 124 117 120 141 148 157 162 160 115 100 93 95 95 114 110 105 110 87 93 90 92 84 83 86 95 93 90 90 98 106 111 100 112 106 104 101 90 110 98 112 124
134 131 136 138 139 139 142 135 132 120 131 138 131 142 153 166 168 158 150 146 135 136 140 138 136 140 144 143 142 152 152 149 152 145 144 146 150 154 151 148 152 147 151 146 135 141 149 142 146 148 152 149 146 146 149 144 159 161 151 155 163 176 159 150 144 155 154 155 158 149 152 155 170 166 159 151 157 152 146 159 155 164 161 235 239 226 222 130 110 126 142 139 139 152 121 94 103 101 94 96 94 93 95 91 98 95 95 97 96 79 83 89 95 79 80 100 108 97 90 107 96 93 103 103 116 105 97 126
112 121 121 124 130 133 140 132 135 130 118 135 145 153 153 125 114 127 136 135 140 136 139 138 151 137 150 157 145 141 154 150 143 145 149 147 145 146 147 149 159 155 150 152 144 156 160 142 123 139 151 147 148 157 156 149 148 158 144 148 155 150 127 127 135 132 135 124 129 131 126 139 162 159 151 146 145 150 161 161 145 159 162 221 242 234 222 148 113 129 127 123 130 122 88 83 86 91 90 88 87 85 105 109 111 102 111 113 106 92 94 101 103 92 104 115 114 103 98 114 109 119 128 113 112 119 108 126
85 112 144 155 164 154 150 155 146 146 129 135 140 140 137 92 98 99 112 125 140 143 142 142 149 141 151 149 147 143 142 144 143 146 137 150 147 150 157 153 147 150 150 154 148 146 131 106 107 118 157 156 170 161 144 137 131 139 138 139 155 146 124 126 144 138 146 142 133 125 130 139 169 184 165 159 158 152 149 146 135 153 154 223 246 233 218 193 124 148 152 111 130 116 91 92 94 89 93 83 87 98 100 109 105 97 106 113 112 121 116 108 115 94 95 113 116 145 146 148 154 127 136 108 87 109 114 124
92 107 125 121 125 125 127 122 128 128 134 128 130 133 105 85 98 101 107 105 124 141 148 143 149 146 151 147 147 152 155 143 147 159 144 145 152 149 152 154 146 140 128 133 150 128 104 99 109 115 141 132 131 132 113 116 132 136 129 120 149 148 138 142 139 142 134 143 139 126 133 130 180 197 167 163 168 159 166 171 149 163 169 240 252 236 207 213 154 172 171 106 115 142 146 139 142 134 139 139 143 154 151 153 125 95 88 89 91 96 97 90 91 98 96 95 98 111 116 117 109 89 87 84 78 93 105 103
94 119 125 121 113 114 121 113 141 130 122 131 136 125 110 90 93 82 90 96 116 137 137 123 134 142 139 147 141 136 132 108 107 119 112 120 128 131 152 158 162 139 97 112 110 123 103 102 104 121 144 156 149 136 113 124 137 150 118 96 145 154 147 151 156 158 150 152 150 140 136 126 186 204 178 172 162 163 155 173 150 168 170 219 219 197 208 202 185 203 186 114 108 141 150 155 151 153 150 150 144 142 139 119 93 87 82 78 85 81 79 92 85 85 80 87 81 82 89 95 106 98 89 85 79 78 89 92
93 98 113 131 127 130 137 134 144 136 127 139 134 113 87 81 67 69 87 91 111 109 100 120 130 144 160 154 146 135 97 91 92 104 106 117 142 152 136 143 141 121 92 90 86 93 80 87 90 90 115 140 146 130 114 121 114 156 144 116 132 128 124 127 135 141 135 129 123 112 131 132 189 200 175 159 143 163 153 158 149 168 172 163 170 196 230 233 220 209 231 135 118 134 136 152 142 124 110 125 115 101 98 104 89 84 88 86 98 79 91 91 90 85 76 80 87 84 84 97 105 111 126 96 76 85 89 84
76 76 90 108 123 129 126 132 130 133 134 101 99 112 101 77 76 92 110 106 100 115 101 89 107 126 143 152 156 134 82 94 97 101 100 113 139 132 110 145 148 132 87 88 79 68 70 92 94 84 97 118 133 104 96 93 107 160 162 145 149 146 148 153 153 156 154 150 147 133 158 141 195 155 158 155 159 153 150 150 161 152 155 156 165 186 233 225 220 215 245 141 127 131 102 115 120 82 93 95 100 98 103 118 127 107 116 101 118 131 105 95 112 105 97 97 91 101 101 108 98 93 94 87 82 91 85 86
72 74 92 96 90 94 103 131 136 118 118 112 97 111 111 81 81 94 105 122 107 114 107 100 94 120 142 149 134 110 81 96 95 104 95 97 113 127 117 149 159 134 105 84 80 74 75 86 99 96 93 95 116 111 111 108 126 138 137 131 135 126 125 121 119 107 116 119 96 113 132 135 164 113 130 132 127 121 128 133 145 137 132 158 165 165 230 241 235 211 227 124 117 98 101 97 112 119 109 111 131 108 95 96 105 105 99 103 104 122 114 77 86 118 97 84 96 93 84 94 98 98 83 91 95 86 79 80
97 82 74 72 84 90 97 143 112 126 129 89 100 106 96 91 79 94 100 102 118 116 126 103 103 114 125 119 100 88 91 101 113 110 99 106 118 112 123 140 138 90 82 71 84 81 79 80 83 92 91 95 107 130 110 106 135 132 115 105 120 115 113 114 115 112 100 118 107 103 124 131 160 126 137 139 139 144 138 132 139 141 136 149 148 152 224 238 238 205 221 138 113 128 165 95 109 108 121 126 109 86 88 101 100 101 114 116 89 107 126 97 98 101 108 114 109 104 96 101 105 112 108 107 96 97 96 93
119 97 76 79 77 83 103 124 104 116 113 93 100 108 117 115 111 119 112 95 98 100 125 127 109 97 132 132 133 136 140 116 100 136 140 137 151 151 147 149 110 85 87 73 73 79 77 80 83 87 99 97 95 97 95 88 133 138 118 124 136 120 126 117 132 128 117 130 121 110 127 132 186 153 149 138 138 145 151 137 140 130 144 154 142 156 236 246 242 199 202 198 140 148 192 89 104 99 125 109 85 81 82 85 94 99 138 134 90 95 119 120 116 89 123 145 138 135 145 130 105 108 108 115 142 156 166 159
92 94 122 110 105 82 96 119 105 88 108 94 92 88 93 95 110 89 91 83 74 90 120 134 131 119 153 149 156 150 146 106 102 145 150 147 145 145 135 151 103 102 98 81 73 79 81 85 89 83 95 105 102 99 97 90 130 158 144 137 138 132 144 128 139 141 129 139 125 118 123 137 201 174 164 145 147 160 151 147 153 159 169 159 162 168 235 245 232 202 179 216 144 178 211 92 103 95 111 92 84 90 85 83 99 127 137 137 116 107 114 128 133 134 152 184 183 154 136 116 87 85 102 111 167 179 167 177
91 92 96 104 108 104 89 101 106 90 94 85 90 80 78 96 91 83 85 93 81 100 108 127 140 140 144 138 150 153 143 105 113 133 145 158 148 146 108 95 79 95 93 85 79 83 89 86 91 99 103 104 118 116 109 102 146 163 149 144 145 141 139 135 144 145 124 138 127 121 129 142 196 160 154 145 144 158 139 129 141 144 142 142 140 140 205 207 176 222 177 208 204 243 235 124 98 113 110 97 69 80 73 84 119 174 170 166 140 109 117 119 134 123 127 118 128 147 112 76 70 82 89 100 126 131 125 149
104 74 71 90 81 90 99 96 99 100 85 72 82 83 87 91 104 99 96 125 106 111 106 115 130 127 111 110 100 112 125 111 113 114 100 116 108 109 92 93 101 109 124 116 122 115 101 120 121 123 130 112 133 165 128 97 126 112 109 113 107 110 101 105 109 104 100 97 95 108 133 149 187 134 120 126 120 122 118 113 122 125 121 134 140 149 163 170 178 233 232 243 222 233 246 157 90 103 114 116 80 70 84 95 117 148 156 147 151 104 90 83 92 125 130 126 122 144 130 99 87 83 84 102 91 85 102 117
104 79 79 89 83 90 95 95 84 86 100 75 69 82 92 93 108 107 94 102 125 118 118 113 97 94 77 87 95 88 106 122 123 120 120 119 120 118 128 130 123 120 134 132 137 146 129 130 132 131 151 98 115 168 157 131 138 135 140 145 143 140 140 142 137 142 141 134 138 153 130 149 168 151 150 149 142 146 153 147 142 151 157 148 158 167 165 173 171 240 245 240 226 226 241 144 89 105 119 117 99 79 95 99 113 138 141 129 133 88 80 91 94 118 131 135 134 125 118 99 83 86 89 86 84 87 94 98
98 109 91 95 95 105 90 88 79 75 91 87 91 87 86 94 96 117 130 118 122 115 114 98 75 73 82 80 87 90 102 125 142 133 125 125 123 122 121 131 136 140 146 152 151 150 139 128 135 91 110 87 121 144 141 144 150 155 154 132 127 116 125 135 131 128 130 132 125 149 113 173 151 129 137 127 129 136 141 132 132 137 132 124 143 158 152 157 157 226 240 237 234 229 247 116 84 102 109 114 110 91 101 95 117 133 150 137 118 86 80 97 104 109 123 120 111 111 99 112 88 81 83 85 80 77 89 96
97 103 88 71 82 103 99 76 80 76 82 95 87 96 96 100 103 126 135 122 126 127 122 87 77 80 82 90 89 93 103 102 112 124 120 120 134 117 130 144 145 145 139 128 132 124 124 130 123 111 111 106 128 142 140 129 148 140 129 132 132 124 126 134 122 119 136 137 117 143 110 175 152 138 142 140 137 136 140 137 129 137 143 131 148 153 155 159 153 201 235 237 241 219 238 136 107 114 115 113 108 119 120 120 104 113 124 111 126 108 79 89 89 104 130 135 129 128 114 109 76 71 86 97 85 80 99 91
88 93 90 84 76 81 91 86 83 77 80 95 90 105 113 119 135 125 98 129 120 136 129 90 76 79 85 96 106 117 128 101 97 119 124 109 109 96 117 127 126 122 107 100 108 97 97 101 109 122 123 139 126 131 131 125 134 128 125 127 119 126 127 122 112 115 124 123 107 146 116 178 157 136 140 132 145 145 152 141 136 137 141 143 140 143 140 143 143 206 249 246 239 210 222 182 97 104 105 110 103 118 118 125 97 100 100 90 137 129 99 74 78 94 119 138 134 137 135 107 77 73 86 82 76 81 77 88
75 91 86 88 95 84 88 84 81 78 80 80 77 93 132 130 130 119 94 133 120 127 115 99 103 92 86 91 80 95 115 125 121 124 102 93 89 100 110 126 113 121 110 104 86 72 77 77 87 120 122 115 126 132 125 129 129 140 128 130 127 146 135 129 123 114 129 120 118 149 114 170 169 152 146 120 142 141 137 135 130 143 136 139 149 153 141 143 150 216 244 249 237 202 206 226 137 105 117 125 109 128 129 117 119 149 100 85 134 141 112 88 88 106 108 127 121 122 131 117 87 82 98 103 87 100 97 84
77 91 87 86 108 106 90 86 97 82 78 87 89 101 102 77 73 100 105 110 112 107 85 92 107 95 77 83 89 87 98 119 126 124 92 85 84 97 110 124 143 140 127 118 105 108 109 114 97 102 112 97 130 149 146 128 141 149 133 146 147 143 139 144 148 133 141 132 117 146 116 182 157 147 149 144 153 153 144 136 135 144 149 146 149 152 148 156 158 227 247 248 243 213 197 200 195 167 153 148 112 128 136 115 129 123 95 89 109 109 118 104 87 104 98 107 122 108 104 107 104 95 112 110 105 101 116 96
77 80 75 83 100 87 105 108 108 106 102 103 108 113 90 67 72 93 105 112 122 103 94 84 91 89 65 81 94 83 88 95 117 119 98 80 91 88 94 103 115 125 127 117 96 100 104 108 123 112 112 91 143 160 156 137 154 163 154 159 147 147 148 151 153 149 150 137 123 144 122 189 166 162 157 138 150 144 149 135 141 148 159 152 154 156 155 151 154 198 244 240 249 226 186 181 172 122 159 172 97 93 107 98 97 91 85 91 91 81 102 94 86 80 86 88 96 93 87 89 98 97 107 99 95 76 83 90
100 96 76 77 79 72 79 103 110 108 107 112 114 103 69 64 66 91 131 136 143 108 98 76 88 96 67 78 83 72 75 87 120 133 97 77 87 86 94 87 106 116 109 88 92 94 94 104 101 114 108 92 140 139 136 134 144 146 138 151 135 130 148 145 121 132 135 123 116 138 113 195 160 148 142 139 130 136 139 129 120 129 145 154 148 153 157 151 152 163 239 206 170 192 179 159 139 113 155 154 111 81 105 97 103 94 104 114 109 84 74 74 71 80 80 78 81 81 73 86 86 97 93 91 83 82 84 88
83 98 81 73 88 72 79 111 114 114 114 120 127 80 60 66 66 86 141 141 131 110 106 101 94 85 80 66 73 76 81 78 114 105 94 71 72 84 80 79 85 95 117 88 78 78 86 96 92 95 102 118 126 131 123 115 111 110 108 126 130 121 122 110 110 124 123 113 121 140 113 207 175 145 122 130 133 119 126 128 111 119 126 130 126 135 129 134 133 126 144 100 108 165 154 143 147 119 125 184 111 79 86 72 83 91 102 104 96 85 72 73 74 68 80 79 75 73 75 80 76 90 84 93 93 90 94 89
98 106 76 73 92 85 82 104 103 97 108 131 104 62 62 72 93 92 115 124 124 124 120 104 73 63 62 66 70 83 74 86 105 96 79 75 74 77 69 72 83 87 104 94 77 67 69 79 77 97 101 103 99 101 101 98 93 102 101 107 99 101 96 94 97 96 100 93 109 129 118 130 104 104 102 103 98 99 102 98 100 98 92 84 92 87 92 87 90 91 86 82 100 151 157 149 148 129 104 174 106 76 78 77 84 98 96 98 94 86 70 80 74 73 84 78 64 73 71 76 70 78 76 71 84 84 76 88
94 83 72 67 71 78 86 76 74 75 81 104 71 63 69 70 73 83 95 89 110 113 111 86 67 62 65 53 73 75 82 95 89 88 79 79 75 63 66 80 86 82 79 78 65 71 80 83 79 79 93 89 74 80 86 86 87 85 85 77 85 80 84 73 76 81 83 79 84 90 116 103 84 86 95 92 85 79 84 79 91 87 81 83 80 82 90 79 85 85 86 85 97 128 141 160 169 140 100 126 130 92 84 84 89 106 110 101 91 83 73 72 70 66 63 71 71 76 71 71 77 75 70 63 73 80 76 61
89 98 105 75 72 77 78 75 76 73 80 80 83 68 64 65 67 69 75 78 83 83 93 93 77 84 85 66 69 76 77 99 93 86 78 75 80 65 69 81 96 96 87 69 59 66 83 88 81 82 84 82 78 82 83 84 87 83 80 78 76 81 87 72 72 80 83 79 80 80 100 100 82 85 86 80 88 87 85 92 90 77 73 78 76 80 81 81 78 90 80 88 85 129 174 181 181 130 106 101 130 113 114 72 83 107 105 94 93 90 73 64 67 72 65 65 68 69 74 64 77 74 61 58 63 69 76 91
107 80 86 71 72 74 80 80 87 75 67 65 67 65 61 61 66 59 59 64 75 98 103 89 73 70 73 70 68 96 106 87 85 86 74 75 82 76 67 74 86 95 87 72 75 78 77 83 87 71 75 80 81 86 81 85 84 84 92 89 87 77 87 76 82 86 79 76 81 82 106 98 84 98 95 85 96 85 88 85 82 74 91 100 98 101 103 93 80 93 88 94 97 162 183 182 169 114 92 85 115 127 107 124 124 106 86 98 104 108 88 64 69 67 63 73 76 71 78 66 66 75 77 72 75 75 91 90
101 65 68 70 71 68 79 77 77 81 63 61 57 63 57 64 66 60 61 70 71 93 124 102 92 66 55 68 85 82 73 81 94 83 69 69 65 71 74 68 87 85 77 80 79 79 73 85 94 88 86 75 80 96 85 85 88 87 89 89 94 85 92 86 84 92 81 76 83 82 105 100 81 96 96 93 95 94 93 94 94 94 105 106 104 101 97 102 103 97 86 94 106 157 160 168 150 100 89 84 94 119 88 140 160 122 109 104 107 118 87 71 64 62 74 85 77 69 73 69 79 80 81 73 81 72 100 90
86 69 71 72 67 68 78 82 81 90 69 58 70 69 61 59 61 71 68 69 67 74 99 103 104 88 74 83 86 70 68 81 90 93 69 64 65 75 76 74 90 86 71 77 76 77 72 78 79 84 91 94 94 101 106 116 108 91 84 87 94 90 94 89 86 93 85 75 83 77 117 96 85 91 86 94 96 98 101 99 97 85 81 92 91 88 93 85 88 83 76 88 85 110 127 134 140 143 94 93 87 81 80 121 159 118 97 91 99 103 97 80 72 73 67 70 70 72 75 74 80 67 68 71 68 71 102 82
92 78 69 66 64 70 81 87 110 135 104 83 86 90 71 61 66 61 70 66 77 81 84 90 88 91 81 87 93 82 80 85 79 78 60 67 64 71 82 79 69 82 73 77 79 70 76 81 74 84 93 91 89 81 84 112 145 97 84 86 80 86 78 82 75 79 81 70 83 74 116 118 107 77 75 81 73 83 80 75 79 72 68 77 79 76 73 77 76 76 77 80 76 85 100 117 110 138 137 143 124 103 81 97 100 116 101 98 98 94 96 85 81 84 69 63 67 65 64 61 73 82 83 77 72 75 105 75
91 93 77 70 70 74 83 91 93 109 90 66 69 86 80 69 65 55 55 73 98 93 85 83 81 85 77 84 107 86 76 79 81 77 71 66 69 82 80 76 75 78 90 79 74 68 67 75 76 85 83 78 78 70 72 94 105 123 83 68 71 73 72 70 93 74 69 78 85 112 120 97 141 82 68 63 70 68 67 74 76 70 70 74 81 75 71 74 71 78 83 69 75 82 92 89 104 128 123 126 145 119 77 85 107 120 88 86 90 87 90 86 88 92 97 75 63 67 70 67 78 84 82 88 79 75 103 72
86 92 85 75 75 71 71 79 85 87 77 76 71 84 97 88 69 56 55 75 86 81 81 90 90 86 79 90 91 79 85 74 78 79 84 82 83 86 90 111 162 117 92 83 81 81 69 79 86 75 87 90 87 80 86 91 102 98 94 85 85 99 89 104 134 124 81 75 97 86 100 82 141 114 91 89 93 93 91 92 89 86 84 86 86 88 86 87 83 85 89 88 88 84 91 89 93 113 94 147 158 121 91 84 92 104 80 87 100 91 93 99 95 102 109 115 99 77 80 76 73 74 93 90 83 78 102 75
87 80 90 84 68 74 73 74 68 69 64 68 72 80 90 87 84 66 66 82 78 78 74 87 86 83 82 91 80 73 82 75 75 94 113 118 110 103 93 90 98 151 97 75 72 84 92 85 75 82 84 109 129 124 89 92 110 92 107 89 94 130 125 104 80 112 102 87 91 83 103 105 135 127 130 92 88 93 91 81 84 79 77 85 81 79 76 80 79 76 81 84 82 84 89 81 85 117 111 130 148 132 89 79 75 91 114 110 119 109 112 115 114 114 116 127 119 80 91 81 72 86 93 88 93 70 100 85
81 89 90 82 80 83 82 76 69 73 68 73 74 81 85 88 89 80 69 72 72 71 70 77 86 84 84 89 83 70 86 73 71 80 99 98 91 88 80 85 88 128 88 64 69 73 91 88 80 79 85 89 96 98 98 103 97 77 98 86 85 104 118 108 83 85 88 99 94 96 109 91 92 81 115 118 95 96 91 91 92 85 84 85 90 85 80 78 79 77 87 80 77 77 78 78 83 102 106 147 186 134 80 70 73 82 95 111 114 111 123 116 113 117 110 125 100 73 116 91 76 83 81 91 86 77 103 84
79 83 73 62 72 80 88 82 79 78 80 86 69 69 81 89 73 74 76 66 66 71 73 74 80 87 83 88 79 68 93 65 62 70 78 77 82 82 83 84 90 127 106 69 84 89 81 96 94 82 81 80 75 107 119 95 86 68 78 90 87 85 124 103 84 76 77 90 84 75 82 92 86 84 109 132 85 91 93 90 96 98 88 86 84 80 78 78 76 81 66 70 81 81 85 74 80 109 144 145 152 144 106 93 101 88 84 107 117 107 117 125 123 117 110 115 117 100 115 85 75 71 78 94 90 89 92 76
75 73 66 66 70 71 82 82 75 84 85 87 65 65 76 88 76 77 75 61 60 80 86 85 88 83 83 78 80 72 88 73 80 78 73 72 78 72 75 83 78 121 139 112 125 92 79 85 89 89 87 84 77 107 118 108 89 75 76 86 94 83 103 103 76 85 83 91 85 79 89 82 72 80 105 146 93 116 121 100 99 85 84 87 89 98 94 89 83 82 73 77 85 85 89 86 109 144 136 124 119 133 147 118 92 128 122 107 106 107 108 118 118 111 97 112 119 106 126 88 85 80 79 93 102 101 86 91
74 80 70 57 70 63 62 64 66 80 80 87 88 87 111 105 83 80 67 60 60 87 90 83 87 76 81 76 81 68 85 70 70 72 70 79 80 81 74 78 77 119 152 130 129 83 79 82 79 97 85 69 70 90 88 103 118 108 84 88 87 82 98 115 71 71 68 85 87 75 91 103 76 72 103 128 82 106 107 106 100 96 92 96 111 111 100 97 97 103 81 85 83 93 102 96 95 152 128 110 130 126 135 132 87 112 121 136 150 137 122 105 118 98 82 102 119 99 116 97 93 88 83 83 95 103 82 101
78 69 65 73 72 71 68 67 72 87 78 83 83 81 104 119 85 64 72 62 64 81 64 67 96 83 72 73 78 73 77 80 80 87 93 95 81 78 75 73 85 127 153 127 140 116 90 97 83 87 72 71 68 82 65 92 103 94 72 76 77 74 88 106 70 68 69 84 91 76 92 112 77 67 97 128 77 76 91 104 107 88 83 88 101 100 101 120 102 104 99 98 90 81 92 93 87 92 113 106 118 89 115 112 96 95 82 119 140 118 97 97 91 92 82 93 97 90 94 90 101 85 85 77 77 91 77 94
77 76 69 72 74 72 67 68 69 74 80 76 69 73 82 93 68 58 64 88 80 90 77 65 83 80 77 76 74 77 81 91 86 76 90 89 82 72 68 85 78 132 160 104 129 125 78 108 72 75 74 69 72 72 69 93 108 93 67 89 102 87 76 108 75 65 65 76 85 79 96 114 73 79 105 149 75 75 106 97 105 110 110 99 83 85 84 94 104 91 93 97 116 101 93 99 112 99 108 128 128 92 102 97 92 106 104 125 105 98 85 89 83 85 87 90 90 87 84 98 93 92 82 76 84 96 95 86
85 86 82 75 69 71 66 66 65 67 76 80 65 87 104 108 90 90 80 103 102 85 103 94 90 93 96 91 94 96 98 93 77 74 77 77 95 75 78 85 81 127 143 104 107 129 118 104 104 99 74 67 73 77 64 76 90 95 76 85 108 111 86 111 77 74 69 78 84 75 109 131 70 73 92 143 93 85 117 117 134 140 136 106 79 72 83 86 112 113 87 83 95 106 108 127 113 98 103 109 114 113 111 104 100 82 89 108 97 90 80 85 85 76 79 102 102 88 84 104 102 93 76 74 80 84 101 90
79 84 81 81 87 90 75 77 75 80 83 77 74 90 106 101 94 100 83 81 123 116 109 118 121 125 110 108 125 129 133 111 85 77 75 75 94 75 80 80 86 116 151 135 96 115 108 81 87 87 70 100 87 64 67 61 72 86 72 69 77 107 90 98 61 69 85 76 76 60 109 149 77 75 90 168 122 93 118 125 127 134 127 103 75 64 70 90 106 103 91 104 117 114 120 125 110 91 93 116 113 102 103 100 82 79 97 102 90 96 98 89 83 84 79 95 104 82 83 92 97 95 84 76 73 71 84 84
84 87 81 76 82 90 85 88 77 86 81 78 75 84 91 65 77 81 76 67 102 128 124 111 107 96 96 112 117 116 124 115 89 83 84 83 77 69 74 83 74 93 141 156 124 112 95 89 81 75 85 107 113 90 67 70 89 76 66 76 79 116 88 101 75 79 99 85 69 69 105 128 109 97 104 137 93 90 117 125 119 121 123 102 87 69 88 87 91 85 90 94 93 78 80 91 88 89 87 98 114 100 113 108 73 83 104 96 84 86 81 78 80 83 89 83 95 79 80 98 81 78 73 89 89 72 80 81
89 69 77 65 61 80 84 80 84 83 79 64 83 87 91 82 87 91 91 79 91 107 103 99 102 101 108 120 100 108 115 115 90 77 71 81 85 72 72 79 90 85 134 163 167 118 95 95 81 95 91 73 92 85 83 93 101 97 87 92 96 114 111 113 107 96 98 105 96 84 64 95 104 102 101 97 89 100 109 103 92 94 89 92 85 70 87 113 97 93 94 91 68 66 64 68 79 82 71 80 96 115 106 112 99 90 105 94 84 79 82 80 78 81 94 86 74 83 88 99 80 89 64 79 97 80 68 70
87 80 88 90 87 81 89 88 98 98 80 74 86 86 88 92 90 94 88 85 86 76 84 100 116 109 103 108 97 108 113 109 79 71 77 78 72 76 75 80 82 78 114 127 135 140 97 75 85 109 107 81 94 96 93 88 94 91 89 94 94 93 98 103 117 100 93 113 106 88 89 88 82 83 91 93 90 93 107 97 90 82 80 83 75 75 84 98 92 82 92 96 85 88 80 84 92 83 72 64 72 92 111 111 79 82 100 99 86 90 83 80 77 77 91 82 86 86 87 93 81 82 74 77 90 85 69 69
89 74 86 98 100 71 78 92 78 102 108 100 98 76 77 80 79 77 79 77 83 70 70 82 99 100 109 109 90 108 121 95 80 71 81 67 64 66 76 78 76 81 121 142 143 159 144 107 93 112 104 126 124 122 103 86 93 96 89 86 92 95 83 99 82 78 77 83 84 90 95 82 77 69 79 95 89 85 90 85 92 99 88 94 84 77 84 87 89 92 88 94 83 87 89 85 84 77 72 76 67 81 119 105 69 93 103 110 99 93 105 98 79 78 100 96 88 90 83 79 83 68 73 80 91 94 93 81
87 78 78 87 75 78 87 99 91 96 96 89 102 85 84 77 76 79 89 77 84 75 78 83 78 89 97 101 89 106 121 113 101 90 88 71 75 81 79 74 79 79 88 130 152 129 155 127 80 124 114 117 119 107 101 93 99 110 105 80 85 90 104 100 93 85 89 84 86 89 83 80 78 79 70 78 87 76 78 81 76 73 79 89 81 83 86 81 79 82 85 75 82 74 76 77 77 74 67 76 84 83 109 105 95 100 99 102 94 93 98 113 107 97 104 102 104 108 103 100 101 76 84 99 100 100 95 91
64 74 76 86 81 89 84 97 116 102 104 109 106 109 101 102 103 93 94 101 103 103 101 106 78 82 97 88 76 91 119 109 113 89 76 71 68 88 88 74 78 77 78 90 141 132 143 120 81 141 91 87 88 92 111 114 95 87 88 91 80 84 98 103 94 102 92 88 87 80 77 83 83 70 66 76 75 75 74 71 81 70 68 79 82 88 85 72 68 70 64 68 81 76 79 71 78 85 91 88 101 92 97 108 97 103 98 102 107 103 96 97 106 107 113 104 103 103 118 123 118 114 111 114 108 108 110 113
81 79 83 82 82 83 93 94 96 97 100 113 114 109 112 111 118 112 108 125 120 115 113 116 110 86 78 78 78 91 105 97 107 80 81 70 67 75 72 67 74 72 69 83 137 137 141 148 137 152 99 82 68 85 100 93 75 75 69 88 79 72 89 90 78 86 78 84 74 79 74 82 85 74 86 80 81 76 71 77 87 89 91 85 90 99 97 94 92 94 90 96 105 107 97 88 87 96 100 109 108 105 110 116 115 112 116 123 115 116 119 114 120 108 105 112 112 114 113 117 111 108 110 111 112 106 108 115
107 103 97 103 102 100 98 109 105 102 110 111 113 109 112 116 114 117 113 118 121 113 113 107 107 97 73 66 72 90 89 91 95 74 74 65 62 69 77 75 72 77 68 100 173 141 145 148 159 141 105 103 87 103 107 92 92 89 85 104 102 89 111 113 104 100 104 104 102 108 101 101 108 110 115 116 126 118 107 114 115 121 113 113 107 111 102 109 112 118 115 118 127 126 120 116 119 116 117 119 118 120 120 129 125 118 121 121 129 123 116 128 123 114 120 114 116 121 108 112 118 121 109 115 117 112 112 113
103 105 109 104 97 98 105 116 114 107 111 113 102 108 120 112 104 104 104 105 97 99 100 98 94 97 94 84 74 88 74 73 76 72 68 73 71 71 73 82 73 82 71 85 146 143 142 127 130 148 125 112 111 109 105 108 115 116 109 121 119 119 122 128 120 116 119 119 117 120 116 121 116 111 115 121 121 120 114 114 124 126 120 115 123 122 117 120 115 117 110 117 116 116 117 115 117 110 110 123 124 132 115 119 127 121 111 107 114 118 120 127 118 118 126 121 113 121 116 109 109 115 116 120 118 128 144 150
99 102 102 91 94 93 99 102 91 86 97 92 89 95 100 86 93 97 98 86 88 92 98 98 85 85 101 97 83 100 74 77 90 112 107 127 134 136 117 93 115 96 82 74 134 121 110 123 151 188 136 113 114 112 116 118 119 125 122 123 122 124 124 121 113 118 110 119 120 106 108 110 107 108 103 111 113 121 113 111 116 112 122 125 118 114 111 121 115 121 113 118 118 111 105 109 106 107 115 112 116 115 108 108 115 116 124 116 108 118 123 126 126 123 134 133 120 120 121 118 127 138 142 143 147 154 160 175
91 88 88 92 93 90 80 80 85 83 84 89 95 92 94 90 85 94 92 92 103 121 106 105 103 80 102 112 93 96 86 116 133 138 143 145 141 132 118 94 153 138 65 68 141 166 169 143 190 204 138 122 126 118 120 125 127 130 114 114 119 122 126 117 107 109 113 117 115 118 129 119 116 127 123 112 121 124 113 116 120 118 126 121 145 162 146 123 111 111 110 113 112 109 104 117 108 108 109 104 106 102 102 108 118 121 120 121 134 122 115 129 115 122 137 125 122 115 123 142 159 167 165 159 167 168 160 161
90 88 88 95 99 98 100 100 90 99 101 100 107 107 105 74 85 100 98 108 94 100 109 99 101 79 91 101 98 92 83 65 62 58 64 66 64 65 64 81 147 138 63 70 174 194 176 131 188 199 138 126 127 125 123 128 133 127 117 114 111 124 131 113 111 114 120 122 123 116 137 128 141 144 149 131 144 130 134 136 138 141 136 132 150 153 140 113 105 106 116 118 106 106 111 117 114 121 110 115 122 117 122 126 139 137 149 145 150 149 117 119 124 139 120 110 112 114 119 122 132 133 136 159 162 171 156 136
78 77 81 86 88 94 97 105 108 104 113 107 99 100 101 78 73 78 94 102 99 96 102 87 102 106 101 86 89 70 65 61 64 62 57 75 71 68 63 96 124 125 111 77 161 186 141 137 190 188 150 148 159 130 129 132 129 125 127 124 122 122 124 112 116 126 118 122 131 130 129 136 140 136 136 130 133 137 141 142 144 166 146 144 137 133 124 121 110 102 109 111 114 117 122 119 109 114 107 116 133 124 127 138 137 137 150 143 142 133 128 115 119 124 111 108 113 135 136 129 146 168 145 154 143 135 135 108
65 67 65 78 79 93 93 82 93 97 88 89 85 81 76 75 80 90 96 86 91 95 107 86 83 101 108 100 85 66 81 76 71 68 57 72 74 71 65 82 115 134 130 81 146 164 123 125 160 201 164 169 168 137 128 126 112 128 133 131 137 138 121 131 127 129 125 123 122 126 132 133 127 121 122 123 119 122 118 128 132 135 137 130 112 119 127 124 123 115 127 121 123 123 124 128 117 125 116 117 120 127 134 128 128 132 122 115 121 127 129 118 120 136 154 144 169 164 167 156 132 139 142 135 140 142 147 114
65 61 62 69 75 93 92 88 94 94 90 96 92 91 85 67 78 98 81 77 70 76 86 69 76 87 103 115 97 68 71 85 96 88 92 87 83 104 55 78 117 123 117 85 151 176 112 149 166 206 137 129 134 128 124 121 106 116 131 128 143 139 126 126 122 127 135 133 133 127 125 127 134 128 128 124 119 136 126 130 126 123 123 129 126 119 124 121 114 120 127 130 116 116 128 119 127 134 129 129 123 130 126 116 122 124 121 127 134 148 150 134 133 142 149 147 154 133 136 129 132 131 149 145 146 135 133 121
84 71 66 71 83 90 104 96 96 102 96 91 84 82 89 86 89 98 85 76 69 67 68 67 74 84 83 114 81 55 73 93 91 87 90 78 84 93 57 68 136 147 132 85 185 194 113 123 147 209 120 108 120 152 146 138 129 125 127 126 123 124 131 129 128 134 138 121 123 137 134 139 129 128 125 115 111 122 116 121 120 116 118 117 125 115 108 119 115 115 112 119 110 127 127 117 120 118 126 115 116 127 131 135 140 128 136 145 140 160 168 145 135 124 142 155 135 137 142 130 123 110 118 110 105 108 103 103
69 72 70 72 81 91 100 102 96 92 95 86 82 83 83 89 85 100 69 69 64 60 56 70 77 78 91 99 95 65 68 73 72 75 76 64 100 91 76 82 174 161 145 78 148 187 120 120 158 201 125 118 130 121 118 145 134 133 130 128 123 129 139 128 124 122 104 100 99 112 125 131 125 120 128 126 121 109 129 129 119 121 127 124 132 124 117 126 127 128 125 113 121 121 118 120 136 134 136 152 151 174 186 174 166 151 136 137 127 138 128 129 140 145 137 158 139 117 107 106 110 110 103 106 97 104 95 101
69 70 79 76 91 83 91 95 95 86 92 76 83 80 84 84 84 84 64 55 53 61 60 61 65 74 91 82 86 61 74 70 69 79 78 70 103 99 94 99 156 125 130 84 159 190 123 153 165 206 135 114 113 84 94 116 114 120 131 128 119 119 131 127 117 123 102 103 107 116 116 121 119 117 121 118 124 120 117 125 125 126 124 126 125 125 133 129 124 123 121 122 122 136 148 145 125 131 168 175 142 145 159 150 140 142 140 161 162 154 140 129 137 119 110 110 114 108 103 105 103 101 97 102 98 101 94 102
71 69 80 88 85 92 92 93 78 73 69 75 84 88 83 94 84 87 67 57 66 60 56 63 64 71 95 105 85 59 74 66 76 75 80 62 107 87 85 118 134 144 140 84 171 181 134 163 143 183 135 126 119 105 105 117 124 136 153 142 131 137 137 135 126 134 143 135 123 119 118 124 128 128 116 115 126 125 116 117 116 121 130 139 132 138 131 127 127 128 131 159 167 169 190 181 145 111 133 148 141 136 149 135 137 140 143 129 121 127 122 108 110 111 109 110 111 109 108 104 103 107 116 116 114 112 110 109
61 75 75 70 76 84 86 95 84 62 63 79 88 96 102 101 91 88 63 62 59 63 59 59 76 71 99 112 131 79 74 70 73 76 77 76 110 69 83 119 172 157 147 78 144 185 137 156 163 182 138 143 143 141 133 125 136 151 161 153 135 126 136 137 145 134 143 140 126 117 120 126 130 124 116 119 119 125 128 123 123 125 117 121 123 138 124 126 136 118 133 140 158 157 148 145 141 130 135 164 153 142 147 125 110 117 115 115 114 112 109 113 104 115 113 107 116 118 116 113 121 120 126 120 108 100 108 107
54 62 68 78 75 74 70 85 95 94 89 72 94 101 98 96 105 82 59 57 56 59 72 73 98 107 118 125 124 72 68 71 88 66 69 70 100 70 84 115 153 154 141 78 168 205 135 151 152 149 134 122 126 143 135 130 112 113 105 119 126 125 132 129 132 116 126 130 121 118 126 134 119 111 117 126 126 118 124 123 122 126 121 137 128 141 120 132 139 114 121 127 134 138 139 144 145 129 130 134 115 116 120 119 118 115 119 117 114 113 113 114 109 111 115 112 116 120 116 111 117 110 112 114 113 109 110 116
50 47 62 64 60 73 68 92 115 101 87 65 94 99 110 107 107 66 62 49 52 62 67 68 111 129 125 115 111 65 69 85 85 55 55 82 95 71 82 107 156 164 156 84 146 177 127 135 145 144 163 148 134 139 126 124 111 86 86 104 127 123 142 143 135 137 140 133 129 128 120 122 126 127 129 126 116 126 133 127 129 142 154 146 129 127 133 128 131 132 139 141 136 121 119 119 123 114 123 117 126 123 119 114 117 122 119 126 122 121 117 124 119 115 120 112 114 117 109 109 115 109 109 104 108 110 107 108
54 58 59 61 53 72 60 75 107 86 83 85 97 100 114 112 110 69 57 53 55 61 62 63 90 120 122 122 113 81 83 97 95 64 49 81 102 73 81 118 170 164 146 71 106 126 127 164 187 158 173 150 145 152 136 93 77 81 100 104 100 113 135 140 138 128 117 124 129 121 94 105 119 118 135 134 119 114 129 128 129 131 139 148 145 135 133 130 121 111 115 117 120 116 115 115 113 118 122 123 129 114 115 125 128 119 112 118 116 111 110 111 119 108 111 141 114 113 111 109 103 101 99 86 102 93 95 105
51 61 73 62 76 71 66 70 92 95 93 98 97 91 95 100 92 71 82 58 60 64 64 84 107 120 116 128 116 95 85 71 95 73 45 73 104 76 80 115 166 170 158 84 100 166 184 188 157 158 108 93 93 102 93 89 79 97 98 94 101 103 95 118 123 117 126 130 113 96 94 105 123 110 131 141 147 137 128 100 99 115 124 147 134 124 114 123 112 113 110 117 124 123 116 120 117 124 125 128 122 114 114 121 116 127 115 119 116 110 113 112 115 105 110 112 112 115 110 111 108 100 73 64 86 91 70 94
51 60 72 80 74 71 79 65 76 90 86 100 106 99 112 101 102 105 99 89 92 91 100 101 104 108 93 99 80 70 72 79 99 75 49 78 92 85 93 112 150 177 166 87 133 207 193 174 119 84 81 88 81 85 80 82 88 104 109 106 108 115 111 117 117 111 117 112 92 88 91 110 119 128 144 149 157 137 112 102 91 91 107 126 126 124 123 134 131 125 113 115 123 128 114 113 123 115 109 111 113 109 114 114 106 119 111 113 117 114 119 113 109 115 104 84 107 104 104 106 85 72 72 59 79 79 75 94
68 84 81 83 80 76 82 78 83 89 85 91 89 90 103 101 103 98 97 95 92 89 92 78 69 74 74 68 76 75 72 89 93 55 49 77 92 87 112 162 160 177 163 100 113 171 141 123 102 66 69 80 70 65 74 69 83 89 79 102 115 120 125 128 130 137 124 122 86 82 79 97 107 120 126 120 124 107 96 103 81 89 102 121 131 118 116 115 117 130 122 121 116 118 109 105 118 118 114 116 106 108 117 114 111 108 105 106 103 108 109 115 105 109 110 100 120 117 123 100 61 62 54 68 66 73 79 96
64 76 75 73 77 79 82 80 83 84 90 86 80 75 83 79 78 73 71 66 80 74 76 73 91 73 65 82 89 84 82 91 81 57 56 70 91 99 120 156 155 156 164 128 86 139 105 75 67 60 70 67 57 67 75 71 68 83 80 101 106 115 126 132 134 154 145 100 72 73 74 84 96 105 111 120 121 112 94 90 79 86 94 115 122 128 101 107 104 111 121 125 119 114 119 121 119 119 122 118 117 117 129 132 126 131 123 127 119 122 124 122 117 113 112 107 104 98 99 84 63 57 61 67 65 71 77 95
64 61 67 70 79 71 70 70 81 80 74 68 69 76 82 72 61 60 71 82 76 97 98 87 94 96 80 76 93 88 85 81 88 97 87 66 101 104 119 161 135 143 126 114 93 98 102 79 73 62 61 69 83 98 73 66 66 85 110 88 79 129 155 134 114 135 127 86 89 73 86 83 88 101 97 124 113 114 93 79 84 80 87 96 97 97 101 115 90 109 117 112 127 125 126 126 128 133 128 129 128 121 124 118 114 123 119 115 114 111 104 106 103 103 108 107 105 105 98 81 66 75 67 62 70 85 87 104
61 52 61 66 69 64 69 78 72 83 99 84 78 79 75 75 76 75 89 93 92 102 93 91 101 86 67 66 78 79 82 85 95 91 99 100 103 100 112 132 111 94 94 97 101 103 97 95 92 84 76 63 81 72 61 67 78 91 88 81 100 103 118 124 116 119 113 81 73 70 89 75 78 87 81 85 80 104 107 83 72 73 75 87 102 94 90 98 101 117 129 136 134 134 120 122 122 114 117 116 105 109 112 109 107 115 118 108 110 111 108 110 99 101 110 113 106 102 107 77 55 67 62 60 68 80 90 92
55 55 52 62 67 60 69 74 80 109 120 105 116 106 91 105 104 99 94 103 99 90 84 82 85 71 49 60 69 75 75 76 80 98 88 94 101 123 118 107 97 100 100 107 106 107 84 68 100 83 77 72 64 72 74 77 73 79 87 81 76 87 107 120 124 113 89 65 69 69 72 68 77 79 74 72 87 117 125 98 65 62 72 78 93 94 90 95 97 111 119 119 107 112 111 110 101 106 107 109 112 115 110 109 111 112 104 108 111 111 106 104 105 101 114 103 103 96 105 69 50 58 58 53 59 79 78 83
69 52 53 62 61 61 62 84 95 112 107 107 137 112 105 99 93 88 89 93 93 72 67 72 65 67 62 57 53 59 63 67 73 81 71 75 86 104 98 122 133 136 122 120 122 126 117 79 62 71 72 72 61 69 72 76 65 75 67 79 69 88 103 112 97 106 113 66 73 58 54 70 97 95 76 87 85 103 115 97 71 60 62 68 84 101 97 90 104 110 108 111 108 108 101 102 108 103 107 103 104 107 105 105 99 103 104 100 95 101 100 94 106 105 101 108 84 58 71 76 49 56 61 62 64 65 78 76
66 52 67 57 66 73 81 88 103 106 91 96 92 88 88 87 85 92 89 87 81 64 64 67 84 67 59 57 67 65 55 53 57 67 70 91 98 101 98 103 112 125 144 149 162 155 155 133 95 69 72 67 67 58 65 69 76 62 60 69 73 75 95 119 103 97 91 84 74 73 71 74 102 92 76 86 78 95 108 91 78 61 64 87 88 90 82 83 95 106 108 117 109 113 102 108 109 107 100 99 85 85 93 92 80 89 81 97 97 101 102 97 98 93 88 81 76 67 58 66 50 60 74 75 67 71 87 84
71 59 61 64 72 77 86 87 98 92 95 98 87 98 91 102 98 96 94 78 71 64 62 58 68 68 57 67 83 61 58 63 69 84 83 103 107 108 115 131 138 148 143 139 133 125 114 115 105 87 85 69 64 59 64 52 65 58 53 74 80 70 80 112 119 98 61 58 57 62 62 72 98 107 88 77 80 89 112 90 90 68 56 77 73 79 79 79 105 112 104 92 108 103 103 107 98 103 100 91 66 75 82 103 85 92 66 92 95 98 98 98 105 94 91 86 76 82 66 67 56 61 83 89 73 70 71 71
