159 162 153 159 164 163 168 167 164 165 152 166 163 161 158 154 154 158 159 158 162 165 158 161 164 161 166 166 166 164 159 164 167 163 160 168 161 171 163 158 169 158 153 166 165 161 163 165 165 168 163 159 162 166 159 165 163 162 164 163 159 164 164 157 161 157 163 157 161 154 167 164 160 160 162 160 158 154 157 162 161 162 160 165 162 161 160 161 162 159 155 152 157 155 163 156 165 165 159 161 163 158 157 164 159 153 158 148 155 157 151 151 153 155 153 152 148 148 146 145 145 150 149 151 148 141 147 147
167 159 163 161 162 164 160 163 163 164 157 160 163 160 156 159 154 156 158 163 162 161 157 162 164 161 164 165 161 163 161 165 168 163 160 164 164 169 165 164 168 165 168 158 156 159 170 171 169 161 165 162 159 165 159 159 162 162 161 166 158 163 162 160 165 166 164 156 157 161 157 162 164 161 161 166 163 159 161 161 167 160 158 164 165 159 161 164 158 155 163 161 155 157 162 157 158 160 159 156 157 156 154 159 154 158 165 159 154 155 155 151 148 157 152 153 147 145 144 139 140 140 141 140 139 135 143 144
164 164 165 164 168 167 167 165 158 169 160 164 164 157 165 164 165 164 168 159 162 165 165 162 158 162 161 162 164 170 167 162 165 163 164 155 163 166 163 164 174 164 175 168 166 172 166 166 165 163 162 166 170 164 159 159 162 161 160 171 167 163 169 165 161 164 166 164 164 160 164 158 169 164 157 169 162 157 160 161 163 156 156 159 170 160 157 162 159 161 157 156 156 157 156 158 161 160 159 155 154 159 165 162 153 163 167 162 151 155 156 152 154 158 157 157 152 152 155 152 152 146 149 149 150 147 144 135
158 157 163 168 167 161 165 163 161 164 157 163 169 171 166 167 167 159 160 160 164 168 167 162 172 168 167 168 163 171 163 168 173 166 167 165 172 166 171 160 168 162 170 166 166 166 169 164 172 171 166 165 170 168 170 167 163 162 175 171 174 169 167 172 171 168 166 168 163 160 165 164 166 166 160 167 170 169 165 168 169 161 156 162 158 165 165 163 164 164 160 157 157 158 166 164 163 161 155 158 161 160 159 163 158 155 158 159 162 166 162 160 163 165 161 158 158 158 161 153 155 152 150 156 153 155 149 144
157 153 162 174 165 166 166 161 159 161 164 158 162 166 168 170 168 161 167 170 166 164 169 169 167 162 166 168 167 169 167 167 173 168 172 171 170 174 171 171 173 171 173 163 165 169 167 166 170 160 157 166 165 165 168 168 161 165 171 163 165 168 168 164 168 169 162 164 169 167 167 165 170 169 162 170 164 161 164 168 164 157 156 169 163 163 165 161 156 163 168 165 166 156 158 162 157 168 162 153 157 158 159 162 161 156 158 163 159 162 157 159 156 161 158 163 159 158 159 158 158 160 152 152 153 158 159 151
150 152 159 166 169 170 164 158 163 159 164 155 162 168 167 171 168 168 168 171 170 168 169 167 162 169 172 169 169 170 176 169 166 166 173 171 174 171 167 178 177 169 164 169 169 166 169 169 171 169 168 166 163 166 170 162 156 156 165 157 154 161 156 161 167 162 161 165 165 163 167 167 175 171 175 176 165 160 166 165 163 155 160 165 166 162 162 164 169 168 161 168 163 157 157 158 161 163 169 158 156 160 161 168 160 160 169 162 158 162 163 165 165 166 159 165 153 159 156 155 164 158 158 155 159 159 153 154
154 158 159 161 171 165 161 153 158 153 162 152 167 168 165 170 168 166 165 166 174 167 162 167 176 173 168 168 169 172 172 170 170 171 169 163 166 171 166 173 174 168 170 174 170 156 171 173 173 171 168 165 165 167 164 156 157 156 167 165 161 159 163 160 166 162 162 169 169 167 165 170 172 168 172 168 169 173 173 170 162 161 161 165 166 165 162 166 165 171 164 169 167 166 165 161 169 165 163 168 163 164 166 161 164 171 171 159 160 162 160 166 162 163 163 163 166 163 157 160 164 162 159 158 156 157 153 160
163 158 157 167 174 160 160 158 151 153 159 156 156 160 173 171 169 169 169 171 173 173 172 172 171 168 172 173 165 169 174 171 166 172 169 174 171 167 164 166 170 171 172 166 167 160 162 167 172 164 164 173 166 168 170 167 167 171 161 165 169 174 168 167 173 169 167 174 168 176 169 169 167 167 172 163 166 176 176 168 160 163 165 167 169 171 168 168 165 166 165 169 169 167 167 157 164 162 168 175 167 164 155 165 169 162 157 162 172 166 161 170 161 165 164 163 170 160 160 165 164 163 164 166 156 161 157 158
159 152 160 163 170 169 158 154 149 154 153 154 159 171 171 177 167 163 175 172 166 162 169 168 170 174 171 173 167 175 171 177 173 170 172 178 174 173 164 171 173 172 167 167 173 170 173 176 172 169 178 173 163 176 175 169 168 167 169 164 168 169 168 172 169 170 174 170 172 175 173 169 169 167 170 168 171 175 173 166 167 173 171 166 169 171 174 172 171 165 171 170 168 172 167 162 168 167 169 168 169 173 167 165 166 170 161 162 166 168 165 164 171 160 171 166 162 157 160 167 164 164 163 161 161 169 160 159
154 153 154 158 162 160 155 150 149 154 155 150 153 169 168 173 177 178 176 172 169 170 171 174 167 170 176 175 173 176 174 170 171 174 173 170 171 174 167 172 179 176 167 175 169 176 170 173 175 169 174 180 172 175 167 169 170 165 171 174 170 172 174 176 173 177 175 172 174 175 173 170 166 170 174 174 170 172 170 168 168 169 170 172 168 168 168 166 169 166 169 173 169 164 161 168 171 169 171 168 169 174 167 162 163 167 164 170 167 167 165 171 171 166 170 164 163 167 169 166 165 154 163 164 158 163 162 163
147 150 147 145 149 152 148 152 149 160 154 153 157 171 176 173 169 180 172 174 172 169 172 171 179 180 178 178 174 177 182 170 176 177 173 174 174 179 173 171 170 171 173 170 174 169 172 171 176 171 167 176 174 172 174 168 174 167 168 174 174 176 176 169 174 166 178 175 169 173 175 174 171 176 171 176 176 170 171 172 171 175 170 168 167 165 167 170 169 170 168 168 167 168 166 165 170 160 165 170 168 170 167 170 164 169 168 170 167 169 170 170 166 167 170 170 175 170 173 164 164 162 158 162 162 162 166 160
136 140 149 149 145 149 150 157 154 149 150 156 160 166 171 169 167 171 173 168 174 175 166 174 177 165 171 173 173 175 177 176 178 182 172 175 177 174 177 179 176 177 171 170 181 175 179 176 173 175 175 166 168 179 181 173 176 176 171 172 170 174 178 181 172 169 170 173 170 171 175 173 174 169 171 174 174 168 170 177 176 168 173 173 172 171 166 176 168 170 171 170 175 172 161 173 169 169 170 170 175 171 158 168 173 170 171 168 172 169 174 167 168 163 168 173 182 180 169 164 158 162 161 162 161 172 167 164
145 144 153 150 142 147 147 158 159 153 151 152 167 170 177 169 162 169 172 174 179 180 168 167 176 164 162 176 179 173 176 174 166 173 174 171 168 170 188 175 167 168 171 174 182 176 172 172 170 172 168 174 175 177 173 176 178 178 176 176 174 174 175 173 174 177 172 175 173 173 171 168 177 176 172 179 176 174 173 176 174 173 172 174 177 168 174 169 163 174 169 167 179 179 165 171 171 176 170 172 168 166 164 165 170 173 163 169 170 168 174 175 164 156 154 155 154 170 164 155 154 156 153 155 158 166 167 166
133 138 152 151 156 150 146 158 157 148 155 163 165 167 171 164 163 168 171 171 176 171 163 159 162 168 168 177 182 175 178 175 173 174 175 180 169 173 177 174 176 176 178 175 178 175 172 159 178 178 173 172 173 168 173 178 180 178 171 174 178 179 180 176 177 173 175 173 174 173 179 174 168 172 173 173 173 172 173 178 176 168 171 174 172 170 173 169 164 170 172 173 170 174 175 177 171 177 176 170 168 166 171 168 174 166 170 169 166 167 162 160 154 154 147 141 146 153 154 155 154 154 151 159 166 170 164 167
136 141 145 152 159 156 150 143 151 153 152 159 166 169 164 166 172 166 166 173 179 174 164 164 158 165 168 176 180 177 182 180 176 177 181 178 176 180 175 174 179 173 184 178 176 182 178 178 177 173 178 179 177 175 179 179 176 180 175 171 173 179 177 176 175 180 183 177 174 189 178 176 174 174 176 177 175 174 173 171 175 179 178 172 172 175 170 172 169 175 175 178 172 168 171 177 169 170 179 174 167 161 162 165 174 171 171 174 169 166 156 157 160 158 160 159 158 160 162 167 162 163 164 167 166 165 168 172
151 148 153 155 156 160 155 146 149 156 155 157 163 162 164 165 171 166 169 177 171 165 163 161 160 158 165 169 183 175 176 179 177 178 183 181 178 178 177 176 177 177 180 176 174 180 178 183 178 175 173 174 173 178 177 176 178 178 174 177 183 176 185 173 174 180 182 170 176 181 175 181 178 175 172 181 177 174 168 167 172 183 175 179 180 175 172 175 170 172 175 177 172 174 175 178 178 173 171 169 171 171 173 173 173 172 173 178 172 161 163 170 169 172 172 168 171 164 169 169 172 166 161 173 167 168 164 170
156 151 159 161 161 157 156 154 149 157 154 159 160 161 168 163 163 164 172 170 166 156 157 151 152 165 166 172 186 174 175 183 178 174 183 176 185 172 173 176 174 178 174 178 174 175 182 175 177 176 175 176 177 179 166 171 182 174 168 171 178 173 179 182 181 180 176 170 176 179 171 177 184 171 175 177 179 176 180 172 170 174 174 177 180 173 178 174 176 175 174 180 173 175 175 174 176 180 177 171 178 170 175 168 171 172 173 180 176 172 170 169 176 170 173 167 169 163 169 163 167 166 163 165 171 163 169 167
164 162 156 157 156 157 155 162 158 164 160 157 156 163 164 163 165 168 172 174 163 146 151 162 157 160 171 176 182 181 178 180 182 176 178 178 176 181 177 179 174 178 177 179 185 181 182 177 176 180 175 180 172 174 173 175 184 174 179 177 177 178 173 177 179 176 181 175 175 172 173 176 181 177 175 175 180 174 174 178 176 178 178 174 175 173 174 180 181 180 175 175 166 176 178 177 181 177 169 175 176 168 168 172 163 170 170 170 172 174 171 172 170 169 170 166 168 160 165 166 157 163 165 163 162 166 168 167
169 156 145 158 154 150 151 154 157 170 165 160 164 160 159 159 161 168 167 165 157 155 154 165 164 164 177 184 181 173 174 176 177 177 180 174 178 180 175 178 177 183 185 181 180 180 183 178 181 182 181 186 180 177 172 175 185 177 181 179 180 186 180 177 176 183 173 182 179 181 182 180 185 182 186 178 181 183 170 171 176 179 174 179 180 177 166 172 180 177 180 172 171 177 176 182 179 170 173 176 175 168 169 174 171 175 174 169 175 165 166 167 176 171 166 167 166 165 166 161 160 167 161 162 158 164 166 161
158 148 147 153 149 147 149 151 158 166 170 162 172 169 165 165 165 166 164 161 162 157 156 165 162 161 172 178 181 184 182 183 185 180 182 183 188 183 180 178 182 181 186 178 179 180 177 180 182 181 179 179 179 163 171 180 188 182 179 183 183 186 181 179 183 183 185 182 176 180 178 178 181 183 182 185 180 181 177 174 180 181 174 178 179 178 174 172 179 174 175 173 176 173 175 178 176 171 176 182 181 178 170 174 183 175 176 181 181 174 170 169 175 171 172 172 169 166 162 155 160 167 162 164 166 163 162 159
161 147 152 145 150 154 147 151 165 171 177 164 165 172 164 166 170 173 167 165 167 161 166 163 155 161 166 173 180 184 177 185 183 176 179 176 179 177 181 188 185 188 182 176 184 186 182 181 180 185 185 181 177 162 167 176 187 183 189 190 189 188 183 178 185 176 178 185 178 182 179 183 178 176 179 182 185 181 183 182 176 175 183 181 184 182 180 179 179 180 178 182 183 174 181 180 176 175 179 180 174 179 179 173 178 179 175 166 175 172 171 176 171 174 175 172 170 169 159 152 157 165 170 172 171 168 163 165
168 152 153 146 152 155 149 157 167 170 169 168 172 169 165 166 170 167 169 170 166 162 172 164 156 159 162 171 175 180 170 177 186 180 184 176 171 176 185 178 180 183 183 187 182 183 181 189 183 179 181 182 183 179 185 179 184 180 179 180 184 185 183 181 169 167 168 166 168 176 174 183 182 181 179 178 178 178 186 182 171 175 177 175 183 185 184 180 180 177 177 176 183 181 185 184 176 173 182 176 177 181 179 173 175 177 170 177 180 176 178 181 170 171 170 172 171 172 166 162 170 171 167 166 172 171 173 177
170 156 160 157 154 152 149 155 166 170 165 171 171 167 165 163 163 170 163 164 169 170 168 161 157 155 162 165 168 169 167 159 170 172 171 174 169 179 179 185 177 181 188 186 178 182 185 183 172 182 188 182 176 181 184 183 181 178 179 186 183 180 180 174 162 171 175 173 175 175 174 181 176 179 190 182 182 177 181 178 179 181 184 183 185 181 183 178 176 184 173 181 181 186 185 177 168 172 178 177 177 182 176 174 178 182 179 177 174 179 175 179 173 166 170 171 170 174 179 176 179 170 171 178 177 170 176 132
177 164 158 156 151 151 160 156 172 171 161 168 158 156 167 164 155 164 164 157 165 170 166 158 156 166 165 163 164 164 158 151 164 155 162 172 175 169 172 179 178 180 179 173 174 176 184 184 179 185 185 186 186 183 177 179 183 184 182 190 178 176 187 182 178 181 179 188 183 181 184 179 184 188 183 180 182 186 187 187 185 181 178 184 189 179 181 182 179 185 182 184 176 178 177 180 184 183 179 183 184 183 177 180 180 178 178 178 174 182 182 170 156 156 163 172 174 172 173 175 179 174 174 175 168 176 163 87
168 157 158 152 151 149 151 158 158 168 162 157 160 153 156 164 164 162 162 166 170 166 174 160 151 159 158 158 170 164 158 163 156 153 155 175 170 157 158 163 181 183 173 170 178 175 182 184 190 187 181 186 196 185 179 175 178 177 189 187 187 185 184 182 181 178 160 175 176 172 170 171 183 185 193 189 188 187 183 185 187 182 180 183 182 179 183 184 177 180 181 181 176 178 180 182 182 175 180 182 188 185 180 180 176 178 178 177 180 177 175 171 172 170 172 180 178 172 176 176 174 177 178 177 181 161 81 66
162 159 163 157 150 148 145 157 157 150 158 159 137 125 149 167 161 160 163 173 178 178 172 165 158 152 157 159 161 160 159 161 161 164 166 172 159 156 154 165 178 164 169 187 189 189 181 187 185 186 181 185 187 189 180 177 180 184 186 193 190 189 184 185 176 176 176 178 171 160 161 173 178 177 183 183 185 192 187 196 194 185 189 182 180 181 180 182 186 177 176 181 181 179 179 182 181 177 177 179 180 179 176 177 179 177 182 176 175 176 179 179 175 181 183 183 172 171 177 172 172 173 173 167 179 114 72 85
165 156 159 163 152 154 157 165 164 163 166 169 144 140 152 162 164 169 168 176 181 174 176 165 170 165 156 151 157 156 158 171 168 170 163 162 151 155 156 162 163 158 154 167 177 171 174 180 181 179 177 171 169 174 174 166 169 171 176 188 187 186 187 181 184 186 188 177 178 184 175 181 191 190 182 183 190 188 183 209 180 186 187 186 188 184 179 180 185 188 181 174 173 185 183 181 183 181 183 179 181 184 181 181 179 173 164 165 157 170 180 181 181 177 171 174 178 169 164 165 165 179 169 185 145 77 69 75
155 158 151 142 147 155 161 166 167 166 167 164 143 153 169 166 167 175 180 176 178 170 177 180 172 169 168 162 161 171 162 173 168 165 163 157 150 153 150 151 153 150 148 153 165 166 180 180 181 186 182 185 180 173 171 166 180 173 181 181 184 187 192 191 191 184 186 179 185 189 182 191 188 191 188 184 177 178 189 197 177 184 187 188 191 186 177 173 179 180 181 174 168 175 175 185 191 189 187 185 187 177 177 182 181 174 172 179 160 165 178 178 179 171 171 167 169 161 159 163 158 167 176 176 90 69 77 75
159 157 152 149 153 156 167 169 163 164 172 168 149 157 169 168 171 178 171 173 176 178 180 184 183 171 178 179 169 180 179 168 161 159 159 154 151 153 152 149 155 156 148 145 154 157 173 187 192 192 185 185 186 185 183 189 187 183 183 191 187 184 199 185 184 182 187 179 187 185 191 187 185 191 187 174 172 177 214 185 178 176 187 185 188 185 182 179 184 184 182 183 180 177 168 179 188 189 176 181 181 176 179 177 186 179 173 175 169 169 177 178 179 168 166 172 169 160 162 165 178 172 177 123 79 80 88 148
162 154 150 152 149 149 163 165 155 166 168 168 155 165 174 165 163 170 173 178 170 185 180 187 190 174 170 176 171 186 190 172 164 160 157 152 155 161 168 162 162 168 145 147 146 142 144 178 195 189 188 189 188 189 192 190 188 188 185 185 180 181 183 169 189 186 191 186 184 186 188 190 187 185 178 160 166 177 215 193 178 172 185 184 185 191 186 186 175 186 188 190 180 170 166 168 169 172 167 176 171 171 173 172 176 181 181 175 179 178 179 187 186 177 183 180 172 173 180 176 171 178 151 77 74 57 157 224
169 169 165 165 168 169 176 175 165 165 163 168 152 174 189 170 178 183 194 185 187 187 184 181 178 174 167 165 174 182 187 189 173 164 161 155 159 165 164 171 178 163 152 145 138 136 140 158 187 187 184 185 184 181 191 185 187 189 187 179 173 174 177 183 192 179 191 183 178 192 196 180 190 190 199 203 192 216 193 196 188 188 194 186 187 186 183 186 186 194 185 181 183 186 180 178 164 175 180 178 172 182 184 189 177 176 179 172 160 166 177 178 173 165 169 166 170 180 172 164 169 168 138 146 148 153 175 210
175 179 174 177 172 169 175 183 178 176 178 181 159 169 184 178 187 186 190 183 192 189 178 172 163 162 166 168 179 177 203 187 174 163 152 151 160 164 175 182 179 170 162 153 146 132 132 142 167 189 190 188 175 183 196 180 179 183 195 184 179 177 187 192 187 182 189 179 186 191 179 168 180 182 190 202 219 174 194 207 189 184 187 182 185 185 183 185 188 187 190 177 171 174 182 179 172 186 182 173 176 181 176 185 180 170 168 160 155 158 166 163 165 165 170 172 179 180 176 171 166 155 202 250 252 253 172 122
181 183 177 181 182 182 180 187 188 180 187 184 157 170 189 186 190 189 189 191 188 188 185 183 178 171 183 188 178 175 214 176 168 170 160 159 169 176 171 171 177 179 178 180 184 157 151 144 150 186 184 172 176 180 190 185 177 173 162 174 192 186 193 188 187 189 178 169 169 172 176 169 170 179 174 196 243 180 184 178 196 193 191 185 192 190 189 186 185 187 180 165 171 164 173 181 191 177 174 173 172 172 180 182 179 178 179 179 180 176 175 179 180 178 173 170 171 165 163 160 155 193 244 242 242 241 238 198
169 172 182 179 173 183 181 185 189 183 175 188 158 167 189 190 183 187 186 188 177 183 176 177 180 191 195 182 176 170 217 185 171 169 172 174 177 174 161 175 182 186 193 192 187 184 173 149 105 163 184 181 188 187 192 193 194 195 153 185 190 185 196 184 183 186 180 177 171 173 173 167 190 211 202 239 229 168 184 193 183 191 191 190 181 188 186 185 182 185 182 178 178 173 179 191 246 179 166 166 168 175 185 184 182 184 181 177 189 198 189 178 179 181 178 180 180 173 175 166 151 223 244 239 237 240 246 245
169 165 170 163 165 173 174 176 178 177 191 193 163 160 171 178 179 189 189 179 171 173 174 175 181 188 190 191 189 187 225 202 197 183 180 186 182 180 174 186 185 187 172 172 182 186 188 150 48 118 187 172 191 185 188 189 183 180 136 186 178 176 180 174 178 185 191 190 187 182 184 177 175 189 230 253 229 187 190 194 202 200 203 191 187 184 192 189 181 183 188 198 165 151 170 156 204 179 187 184 186 180 179 184 185 184 186 178 194 197 185 180 182 184 185 179 182 179 177 169 203 245 248 248 245 244 246 243
180 177 177 180 179 183 180 182 186 179 186 195 161 161 154 148 173 187 181 189 177 179 187 183 185 185 185 173 170 216 233 195 180 182 195 190 184 187 186 187 186 188 186 189 189 135 136 131 49 136 204 199 183 178 179 172 179 169 124 190 175 183 181 183 182 191 194 189 193 185 183 164 187 219 250 245 213 232 228 223 249 253 250 221 214 212 217 214 212 211 224 229 216 208 219 222 219 202 181 184 184 177 171 178 179 177 179 179 184 175 164 179 179 172 179 173 180 172 167 169 223 219 240 243 237 238 239 244
186 183 184 182 189 191 181 185 180 185 176 190 158 155 137 144 180 176 185 180 175 179 179 176 177 186 185 181 192 224 234 183 182 180 190 179 169 180 176 177 178 189 193 185 185 72 72 40 37 67 146 182 187 176 183 178 184 153 135 199 180 198 201 181 148 191 211 196 193 207 201 182 232 238 223 169 162 230 244 249 246 235 229 254 232 217 224 206 176 213 233 253 250 243 250 206 212 241 183 178 186 181 170 172 168 166 165 168 169 167 164 170 173 173 171 169 160 171 165 226 228 199 249 248 252 249 249 250
190 191 184 175 177 178 168 178 175 174 168 179 166 174 169 176 185 181 187 178 180 181 178 193 194 194 190 193 182 209 222 170 173 177 176 174 174 175 176 183 187 180 182 177 170 82 88 50 37 71 169 176 182 182 182 176 180 143 138 193 185 193 213 167 156 206 202 211 215 221 183 173 224 211 189 134 171 208 242 254 251 232 204 239 227 221 249 216 166 233 250 249 249 229 239 208 212 249 207 176 178 183 176 178 171 178 180 179 172 177 175 182 180 180 178 188 203 178 207 244 227 219 248 250 249 246 241 249
193 187 177 171 169 178 179 176 174 170 175 178 160 176 162 160 174 171 180 172 185 183 183 191 187 193 199 167 205 241 235 209 198 185 179 175 177 169 171 178 184 174 173 175 150 87 79 44 39 63 157 179 177 179 183 173 176 128 164 230 215 217 234 208 198 191 193 196 211 196 191 194 225 231 218 179 190 237 237 160 175 219 146 186 245 252 244 246 247 237 235 237 243 240 248 250 248 250 249 235 229 242 234 240 238 243 221 187 197 201 239 237 243 243 235 189 222 211 248 244 246 249 223 200 208 205 235 250
184 181 177 174 178 179 178 175 174 181 185 184 159 169 160 166 177 173 182 188 186 182 187 184 188 189 188 174 195 252 230 186 181 191 188 175 167 173 173 174 173 169 174 173 174 232 223 183 139 110 139 174 175 177 176 170 146 95 95 132 185 202 202 203 234 250 199 171 234 236 240 235 235 236 237 246 234 230 203 81 60 64 63 118 223 239 231 211 216 195 193 209 245 247 223 198 206 204 201 207 234 202 219 208 187 187 194 167 202 190 194 214 206 186 171 162 190 220 240 250 245 241 212 184 196 174 213 248
159 152 168 172 170 173 180 191 190 172 176 188 160 180 159 171 176 179 179 187 181 178 180 185 182 188 183 178 168 229 184 168 179 189 189 184 132 148 159 139 147 103 155 151 176 255 255 255 255 252 212 184 177 145 156 170 182 195 142 77 66 78 110 174 166 212 188 150 156 153 165 127 137 143 213 146 151 131 111 101 88 80 97 143 216 185 205 138 148 137 177 157 206 232 177 129 169 134 177 129 222 185 202 161 169 150 156 188 202 165 199 216 182 155 161 150 199 218 233 210 190 164 161 148 149 143 167 214
68 71 79 120 183 187 192 193 193 179 134 125 155 163 146 156 137 146 145 142 179 190 185 169 176 171 171 178 154 251 209 165 169 149 143 120 82 69 95 100 76 61 72 77 165 228 241 234 235 240 233 146 95 57 63 68 89 246 142 55 74 89 147 218 164 165 207 203 240 244 246 239 235 218 234 229 222 221 166 195 197 218 215 234 241 232 229 222 190 230 244 218 210 231 242 235 217 189 245 233 227 240 246 236 241 222 202 236 242 237 237 232 238 233 229 223 244 242 243 226 183 142 180 211 209 214 233 236
69 63 58 52 113 119 152 174 84 163 131 71 178 157 121 151 76 55 65 44 81 123 108 63 74 95 163 135 155 255 192 92 120 67 82 68 60 62 65 183 82 60 60 57 129 197 226 204 230 236 206 95 66 70 60 65 87 248 134 69 110 131 178 244 241 238 240 236 236 237 240 240 242 238 234 240 233 229 239 241 238 238 241 230 238 234 235 230 237 231 232 237 229 227 237 232 229 235 228 232 235 232 229 232 229 230 238 231 226 232 224 224 230 227 225 234 220 218 231 219 167 157 142 170 172 158 164 160
99 107 93 110 128 75 104 143 152 162 111 95 150 88 114 143 125 90 161 106 149 125 127 106 130 100 109 98 199 255 206 58 65 69 101 58 60 78 65 88 77 76 60 72 143 206 227 202 233 245 212 175 120 82 73 68 129 253 149 58 48 64 122 239 225 227 232 222 224 229 224 225 239 230 226 234 228 223 242 231 227 229 229 227 236 235 232 231 232 230 237 237 231 227 239 235 235 239 234 234 240 237 240 240 236 240 245 241 244 245 240 242 246 240 241 245 242 242 243 239 142 142 135 120 122 113 127 96
140 137 142 148 148 146 148 146 152 148 147 145 140 149 141 143 152 133 147 148 186 127 134 138 148 147 136 141 221 255 234 198 131 79 223 105 59 71 85 75 113 109 91 131 227 242 246 230 237 242 226 221 213 190 192 192 208 255 196 102 141 216 216 230 254 254 251 251 252 254 253 252 252 252 253 248 253 251 253 253 252 250 253 255 251 253 254 254 251 254 255 253 253 252 253 253 255 252 253 252 254 252 246 252 249 248 248 251 247 246 248 246 247 250 248 244 246 251 252 250 201 144 138 134 134 131 115 132
55 51 54 59 43 42 38 36 41 44 40 37 44 44 62 76 100 92 112 111 182 124 120 120 132 128 116 127 234 250 240 251 199 152 194 113 77 107 81 91 109 80 70 149 252 251 252 242 248 250 246 236 183 166 170 168 200 255 166 125 190 195 248 253 240 242 242 233 238 242 236 237 246 238 238 240 235 228 240 232 233 233 236 232 239 237 228 230 237 235 231 235 227 228 234 228 228 230 222 226 233 214 130 110 199 121 107 205 122 94 194 120 89 200 214 98 113 240 252 250 248 165 69 157 151 72 161 119
62 62 83 113 103 105 103 102 101 94 96 105 96 98 101 151 202 222 230 238 243 251 253 255 254 255 255 254 253 254 252 252 249 249 240 211 188 205 181 176 201 186 183 219 251 250 250 239 247 247 246 247 188 159 157 156 211 255 184 102 105 128 248 253 228 231 233 226 230 232 231 225 237 225 234 233 230 226 237 233 228 231 233 232 240 237 232 234 236 233 232 236 233 231 239 235 234 238 233 236 238 232 182 168 228 184 175 232 194 179 231 196 186 235 232 191 200 244 248 250 251 237 202 212 219 203 206 200
67 65 69 72 84 69 79 72 66 58 70 95 80 64 86 161 188 194 200 214 216 221 222 230 229 236 252 252 243 238 246 253 253 252 254 224 194 198 202 219 245 245 249 255 250 248 252 253 250 250 247 250 252 252 250 245 249 254 250 253 248 250 248 245 251 254 255 255 248 246 253 240 245 248 250 250 251 249 249 254 251 250 251 247 244 252 252 253 254 251 249 245 243 244 244 246 246 247 247 240 241 231 181 177 175 175 175 167 173 166 168 166 161 168 226 239 232 230 226 229 226 225 226 219 220 221 220 223
71 64 70 68 63 82 81 80 82 76 78 81 84 87 95 97 85 99 100 101 102 120 110 128 114 136 239 217 170 210 236 242 248 247 241 242 248 244 242 238 250 251 248 246 238 236 246 235 243 239 234 242 246 241 232 247 231 245 248 233 240 234 167 126 164 156 118 113 116 132 114 140 129 107 112 110 105 102 108 105 104 100 106 111 105 107 99 106 104 96 100 91 94 97 96 92 94 91 91 76 78 76 43 41 46 39 40 45 41 34 45 40 34 44 61 64 56 59 54 59 56 47 53 59 46 47 54 45
68 69 63 70 77 69 77 71 83 82 74 84 86 98 99 90 59 68 74 72 71 82 93 121 120 121 216 220 230 249 240 237 243 241 246 239 242 241 240 236 240 248 235 243 218 223 233 194 212 199 213 227 229 205 193 204 222 217 206 209 195 228 162 102 137 91 83 73 71 114 87 121 112 82 91 91 88 91 91 94 94 102 99 100 105 103 105 111 108 103 105 106 113 110 106 106 108 108 114 106 114 104 60 65 69 68 66 60 64 62 70 68 67 72 131 137 137 143 145 146 153 156 150 149 151 150 156 157
89 74 58 62 100 72 64 61 91 81 69 59 77 92 105 108 100 116 156 183 212 231 242 233 247 250 248 245 244 241 254 253 248 252 252 252 251 253 224 125 191 223 210 218 189 220 230 237 234 184 209 228 231 241 228 183 235 228 233 231 188 227 232 228 228 214 253 237 176 215 240 242 247 246 249 250 248 250 249 245 249 249 245 248 254 254 250 247 243 251 249 244 252 244 245 241 249 255 254 254 255 248 226 224 228 226 226 228 229 229 228 231 233 233 249 255 255 249 229 233 249 227 223 252 255 255 255 255
188 122 47 69 119 76 61 65 98 81 63 60 88 90 136 149 166 208 218 225 237 238 240 242 241 229 243 246 242 172 225 233 252 252 253 251 252 253 247 208 228 240 232 235 230 222 139 146 165 162 172 153 139 162 178 156 183 129 145 161 147 174 130 152 173 216 238 236 233 211 208 171 202 105 149 169 96 157 165 91 168 153 90 174 238 226 251 127 85 187 128 85 196 121 86 200 251 253 249 251 248 248 250 250 253 253 254 251 251 253 252 253 255 249 248 249 254 200 81 99 196 81 100 235 249 251 253 249
136 122 78 88 98 77 83 92 91 79 81 78 84 99 153 197 177 176 171 180 177 178 174 167 186 191 253 236 166 157 155 173 216 215 217 212 244 252 239 255 242 233 234 232 242 236 120 111 141 171 147 155 116 125 156 152 155 128 86 115 149 146 101 107 122 213 157 177 232 235 224 189 231 171 202 219 184 206 218 192 220 214 195 224 246 243 250 207 191 230 208 201 232 212 201 233 248 252 250 251 249 249 252 249 252 253 251 252 250 251 251 250 251 252 250 251 251 241 216 220 241 217 224 251 249 250 252 248
92 90 72 87 65 71 70 67 63 66 68 63 68 89 192 207 183 188 190 189 190 188 189 186 197 202 254 253 222 171 192 195 189 183 188 190 241 251 244 251 248 240 241 243 247 250 175 138 161 160 178 182 120 170 208 177 155 158 127 156 148 179 142 125 190 226 199 234 209 215 233 182 228 191 237 246 251 243 248 248 242 245 247 235 232 232 230 244 246 241 242 249 242 242 247 236 230 241 239 239 243 233 237 243 239 234 241 238 234 240 235 230 238 238 237 241 234 239 246 236 236 245 236 234 237 228 239 234
101 102 102 107 89 94 97 96 100 89 95 96 94 100 171 199 205 227 232 238 237 241 247 229 183 232 251 250 252 246 246 245 246 248 249 244 249 251 251 252 252 254 254 255 253 252 247 230 174 181 237 219 166 232 243 232 227 212 202 182 186 236 194 209 243 246 252 254 250 253 255 230 215 231 226 239 236 230 246 237 226 236 237 232 241 241 229 234 240 233 230 240 233 236 243 232 219 235 234 231 238 229 232 242 235 228 242 238 228 237 233 227 240 236 235 241 233 235 243 231 233 241 226 238 244 233 243 240
91 90 92 101 82 85 82 90 93 87 92 93 144 105 184 202 200 201 205 211 215 220 223 214 201 244 251 250 238 242 242 243 244 246 246 245 245 243 244 249 239 241 242 240 240 239 243 245 249 253 250 254 255 253 250 252 250 251 248 242 246 240 242 243 239 234 227 230 231 225 226 219 223 235 199 169 171 165 167 166 169 165 160 165 167 166 167 161 156 164 172 172 170 171 168 168 175 166 171 169 168 165 167 163 156 165 169 160 163 168 170 164 162 164 165 162 165 165 160 156 152 156 152 151 154 148 155 150
97 86 90 95 85 77 84 94 91 78 84 121 205 184 196 223 218 195 192 183 187 204 194 187 202 202 238 252 191 184 189 189 184 194 195 195 196 188 204 223 185 188 193 190 191 194 202 208 214 248 242 250 252 253 254 250 248 246 246 241 226 220 214 214 221 198 199 204 208 210 200 210 215 236 162 73 72 78 74 65 68 78 71 71 76 80 70 75 69 88 83 84 87 93 98 95 104 89 92 91 89 82 84 86 91 103 88 99 99 93 97 101 93 92 99 91 103 91 86 85 78 85 91 78 80 77 76 73
113 118 112 120 105 79 75 77 56 60 81 145 198 216 217 197 229 221 224 223 225 223 221 212 207 194 240 254 226 219 218 222 219 221 220 220 221 215 226 239 223 229 227 224 224 229 233 233 237 245 252 252 253 253 250 251 253 250 252 251 247 248 248 246 248 246 245 246 248 250 247 244 251 251 246 150 87 87 81 77 80 83 80 85 84 87 83 78 91 220 150 86 191 177 206 159 201 132 205 176 197 150 218 103 193 126 157 221 218 140 88 168 195 92 164 200 161 220 99 177 143 219 219 176 79 78 88 88
83 114 142 159 153 125 128 115 94 85 110 179 196 193 217 207 229 225 231 228 207 211 214 219 240 251 253 249 255 255 253 252 255 255 253 254 251 254 254 253 252 253 253 254 255 255 253 247 249 243 252 252 252 253 252 251 251 251 252 250 251 251 253 250 249 252 250 249 251 250 251 249 250 248 253 255 147 72 71 75 78 71 77 69 65 72 76 67 67 189 195 99 198 141 210 150 204 190 134 149 207 147 255 160 181 150 233 118 87 91 67 171 203 68 157 211 149 255 159 166 131 232 118 95 80 66 75 72
215 169 108 90 167 227 235 233 227 223 216 212 205 201 209 226 240 233 236 195 153 137 138 147 151 229 252 249 246 249 248 249 249 250 251 247 251 248 250 247 247 245 248 248 245 246 250 239 242 237 253 249 244 245 248 247 244 248 248 249 246 246 246 249 250 249 244 244 250 250 248 247 250 250 222 233 248 127 68 78 74 69 78 68 69 75 66 79 67 141 233 163 159 135 213 146 242 226 79 159 215 152 215 235 207 194 219 85 103 107 74 166 209 70 159 215 161 224 237 214 131 233 200 125 70 72 81 75
190 152 180 76 120 207 231 228 230 238 221 234 237 246 245 242 170 159 255 248 251 250 250 223 242 248 251 251 245 247 249 250 245 247 249 247 252 249 250 248 248 248 248 248 252 250 253 247 246 239 236 249 253 254 253 254 251 250 249 253 252 252 252 252 252 253 248 250 253 253 253 246 251 251 237 243 252 150 69 70 73 74 70 70 73 76 80 77 62 96 233 239 110 145 218 147 236 247 121 161 213 150 158 218 241 195 220 73 195 196 61 170 207 64 160 209 167 154 215 250 135 232 155 97 75 79 74 72
119 156 156 91 63 145 182 186 188 190 198 210 228 238 234 206 208 220 235 225 235 240 245 210 236 241 250 251 251 253 251 252 250 251 251 252 252 251 252 252 252 251 252 251 252 252 228 209 232 229 226 207 203 171 197 188 193 252 253 252 252 252 251 249 249 249 249 250 254 252 250 247 250 250 245 249 241 126 70 71 71 74 62 70 77 71 83 72 70 72 207 230 71 141 217 152 211 205 203 153 212 162 144 135 250 141 236 124 193 191 58 172 221 121 183 205 161 148 131 255 134 235 144 138 100 78 78 67
141 124 143 140 75 135 205 204 202 195 214 219 230 242 240 227 229 238 234 231 226 228 228 247 249 249 247 249 249 251 248 250 251 251 250 252 252 251 252 251 251 252 251 251 251 250 227 216 220 223 216 186 168 117 162 136 206 254 250 252 251 251 252 251 249 249 248 246 252 252 252 238 249 252 247 246 237 93 52 59 56 57 61 67 59 57 70 58 64 70 129 146 55 125 177 133 175 117 187 158 171 142 134 70 177 84 126 196 199 130 49 139 203 195 159 176 143 134 70 173 123 191 212 200 80 67 72 68
77 76 81 80 73 121 213 234 236 232 227 232 228 239 243 249 248 240 240 245 247 247 244 245 250 247 249 249 249 250 252 252 251 251 250 252 253 253 252 252 252 253 253 249 249 251 240 236 228 227 214 194 153 145 151 115 223 255 252 253 251 251 253 252 251 253 249 249 252 251 254 243 251 252 244 251 233 90 73 96 112 120 128 139 158 174 174 173 172 176 171 171 172 175 173 168 168 169 163 171 172 171 171 173 170 164 167 169 162 157 159 164 154 158 156 171 169 164 169 163 174 166 162 166 165 167 164 163
79 81 81 79 78 92 193 228 226 225 231 234 236 244 187 143 209 244 244 248 247 246 248 247 245 245 247 249 248 251 251 252 251 251 252 252 252 251 252 252 251 250 249 252 251 253 237 226 209 224 210 184 152 158 117 173 170 252 252 252 251 252 249 252 253 252 246 242 252 250 252 240 249 251 244 250 216 47 41 47 55 60 61 69 81 90 86 91 96 92 99 102 102 105 100 100 144 104 105 101 98 99 123 124 122 111 112 106 102 108 114 117 114 112 119 108 104 115 105 106 101 100 103 106 101 104 108 99
95 84 86 86 83 77 162 223 222 229 231 236 239 242 169 141 223 244 242 246 244 242 244 249 247 249 250 248 251 250 247 251 251 249 251 251 251 249 250 252 250 248 248 250 249 252 232 223 230 219 185 119 166 196 154 217 184 245 251 250 252 250 250 252 252 252 245 245 253 253 255 237 249 255 254 254 200 74 75 77 81 87 79 84 87 83 84 82 87 99 120 123 96 119 116 116 151 123 117 109 115 113 121 120 124 114 114 99 110 100 94 112 107 91 106 106 103 113 98 115 93 112 106 91 78 88 77 71
94 89 88 89 89 84 121 220 224 218 225 238 233 227 246 246 245 244 245 244 245 244 246 247 250 247 247 246 248 250 250 251 250 252 249 251 251 250 251 251 251 250 252 249 251 251 248 248 250 251 248 250 255 255 255 255 255 255 255 255 255 254 251 253 246 245 242 242 242 239 225 215 222 216 192 148 130 145 139 135 136 136 137 144 136 147 133 137 133 153 154 148 147 153 154 153 167 160 141 138 156 145 152 160 148 140 151 144 144 136 129 145 150 133 141 147 141 142 135 149 144 144 145 127 115 118 114 112
113 107 98 103 103 102 95 207 240 226 239 234 230 232 237 234 243 247 244 248 249 250 252 248 247 250 250 252 251 253 254 255 255 255 255 255 255 255 255 254 255 253 253 254 251 249 252 246 246 239 235 230 226 227 217 212 196 203 192 186 181 195 180 157 142 132 142 123 108 105 91 146 115 80 67 141 131 133 141 134 132 135 131 139 145 137 139 140 137 140 146 145 141 131 151 145 154 135 146 130 149 151 148 141 136 130 136 136 146 146 129 144 166 135 145 150 148 162 152 168 161 171 168 161 132 134 137 128
98 97 98 96 98 96 93 164 232 225 226 224 227 232 237 235 237 236 242 241 242 248 248 246 245 245 248 248 247 243 233 230 219 212 205 195 187 183 204 203 188 177 168 169 157 149 158 166 164 127 160 138 124 128 117 122 94 103 91 86 93 104 99 84 90 83 97 95 77 77 90 120 66 57 84 142 117 133 132 129 127 140 136 153 156 150 160 157 147 167 179 177 164 163 186 170 157 192 174 158 178 183 186 170 180 176 186 169 169 163 150 165 171 146 166 182 169 169 161 166 156 164 157 154 142 144 148 148
94 98 101 107 99 94 95 77 91 81 83 80 82 92 95 92 85 87 89 90 99 101 95 97 90 98 120 101 101 96 74 77 78 84 93 112 120 120 117 125 106 126 151 127 115 121 125 115 90 99 150 130 105 111 114 125 116 105 102 103 101 108 100 102 101 107 119 121 123 126 187 183 160 164 165 158 165 150 148 136 141 142 151 152 148 141 151 145 152 145 143 143 143 156 159 111 104 154 145 139 134 141 134 124 129 121 123 122 121 123 119 122 131 118 129 136 136 141 140 143 140 138 136 137 134 140 143 142
95 89 84 87 98 84 77 73 72 70 61 62 56 54 51 41 38 39 42 42 33 38 38 31 33 33 40 40 55 46 50 66 69 80 85 85 95 96 90 96 95 103 124 109 116 129 111 117 120 130 130 127 129 128 127 141 151 157 161 162 175 189 199 191 198 208 220 206 204 221 237 229 197 182 169 146 133 122 116 119 119 115 123 116 113 121 121 120 121 115 115 120 99 98 115 111 115 113 117 122 121 112 114 112 111 119 113 113 116 119 104 107 122 117 123 136 135 115 127 132 122 119 121 116 118 119 123 120
97 91 93 90 87 91 88 76 67 70 72 73 67 58 48 38 32 38 38 35 32 36 35 39 39 38 41 42 50 56 55 67 66 81 93 95 101 108 114 128 137 136 146 150 155 163 149 159 169 174 172 164 165 159 164 162 176 194 189 180 171 174 177 161 170 191 204 169 154 175 162 145 147 150 134 121 114 106 111 116 120 112 101 114 118 117 109 110 109 109 99 131 118 110 170 173 165 156 137 156 155 100 108 101 106 105 100 103 100 97 100 89 94 125 131 133 132 115 103 98 99 104 95 104 104 107 114 107
95 104 102 98 94 105 100 98 82 79 78 78 69 73 76 77 71 73 77 82 91 97 98 108 113 135 144 147 139 152 161 170 180 187 189 192 197 195 196 197 203 202 186 187 186 181 179 157 160 169 157 166 165 158 151 154 158 160 159 160 152 153 157 168 150 165 164 177 154 206 193 149 140 139 146 140 128 114 108 112 106 109 104 99 103 106 97 101 101 101 116 148 185 187 202 214 224 231 222 234 181 86 98 100 101 96 103 98 107 100 99 99 88 84 98 104 102 96 93 92 108 103 103 104 104 101 97 103
98 102 96 100 91 89 95 115 124 124 129 142 142 146 150 148 148 164 166 168 167 176 164 166 184 185 193 203 195 192 195 197 195 200 194 195 198 199 192 185 199 207 167 166 170 168 170 166 169 163 171 164 159 159 152 154 151 159 160 149 148 138 143 140 123 154 226 220 250 211 183 208 208 206 191 141 115 103 104 111 102 98 100 101 102 103 105 112 110 102 115 142 169 196 212 217 219 218 220 217 134 102 97 102 99 96 99 99 101 100 93 90 93 96 110 103 100 104 96 102 92 90 90 79 89 90 95 89
101 99 89 102 98 96 107 126 144 142 137 148 137 146 147 142 139 139 135 142 151 146 149 160 165 166 178 190 185 185 183 182 177 180 175 187 176 181 175 186 167 169 167 168 166 162 154 150 146 149 151 142 135 133 131 139 138 133 133 138 132 136 132 129 113 86 206 227 227 224 227 235 231 226 215 138 122 119 123 112 107 116 122 112 115 112 113 108 122 106 108 98 112 124 124 132 128 127 132 130 124 103 91 80 92 93 97 101 102 98 84 101 88 93 100 100 86 90 94 90 90 97 88 88 92 93 95 89
96 90 96 93 83 93 97 112 118 115 118 116 111 123 129 116 125 131 127 139 150 146 137 146 146 163 178 184 182 171 168 175 172 175 167 169 169 160 157 159 130 140 161 153 146 135 157 149 150 140 146 140 140 139 135 148 138 125 131 130 125 125 128 129 123 80 155 226 241 242 243 239 229 213 169 111 110 108 107 104 96 98 96 92 100 98 103 101 105 108 102 100 100 90 91 88 99 101 88 94 94 96 91 91 102 91 95 99 86 86 89 89 86 98 86 88 93 95 103 91 99 94 85 92 98 96 82 87
92 96 98 91 88 91 99 113 105 117 120 105 121 122 115 119 122 125 136 136 125 125 124 138 152 161 166 173 174 160 161 161 158 153 165 162 144 127 146 141 172 184 144 154 128 139 145 140 140 136 134 140 124 129 114 121 117 122 121 120 123 117 114 114 119 83 79 126 153 174 183 172 152 130 113 108 103 84 91 107 101 94 87 83 96 97 95 86 92 98 90 88 94 84 101 101 93 103 98 91 91 90 93 92 90 89 90 95 89 87 94 91 93 93 93 91 98 96 98 96 91 99 99 95 105 103 98 99
96 96 96 86 81 99 94 109 111 116 113 113 107 115 103 114 101 104 110 126 136 133 128 132 136 143 150 138 149 166 147 156 154 136 143 142 135 128 121 129 165 177 126 128 137 130 118 126 126 121 125 137 137 120 115 126 134 127 124 126 128 139 126 120 104 99 134 142 138 136 125 118 112 105 92 103 97 87 90 99 98 92 89 88 92 95 91 87 94 97 97 89 90 87 103 98 91 96 92 91 96 92 93 93 99 99 95 96 92 93 103 98 90 89 92 86 98 91 93 90 95 93 91 83 88 91 96 86
136 137 128 124 131 133 125 123 128 126 125 127 128 128 110 122 115 107 114 116 121 124 129 140 121 134 126 145 151 148 144 150 131 138 146 131 125 122 136 129 148 167 123 132 136 131 137 127 132 132 130 124 120 121 127 126 126 134 119 130 119 117 121 119 107 98 103 106 107 113 106 101 106 102 92 104 105 102 95 88 87 96 92 89 98 93 92 93 93 96 92 87 86 92 93 89 97 100 86 97 103 103 94 90 86 103 87 89 85 88 95 85 94 94 95 87 79 88 93 95 92 89 96 91 87 89 86 80
136 137 140 144 150 150 148 144 148 143 145 146 140 137 144 140 137 139 136 134 132 137 134 142 135 129 132 140 143 142 151 161 139 144 151 148 137 139 149 145 160 154 139 143 141 136 159 136 129 120 124 112 105 106 106 110 96 95 93 108 92 101 103 102 95 95 96 103 96 97 97 100 98 105 102 102 108 98 90 97 93 98 97 100 98 99 94 101 95 91 93 94 95 103 110 102 100 99 104 92 101 91 94 104 89 93 99 94 105 93 92 96 102 103 91 95 94 92 91 82 93 98 98 95 99 90 100 93
117 123 122 119 105 113 114 116 116 130 129 134 135 132 141 138 136 138 145 134 137 136 134 140 139 144 139 144 145 156 158 152 144 133 127 131 142 136 142 133 142 136 136 137 130 133 130 132 136 126 120 122 124 124 117 117 116 109 111 107 93 93 99 101 98 96 102 96 91 95 91 94 102 91 96 92 97 99 92 95 101 101 97 98 103 98 93 110 101 104 103 101 104 107 110 99 92 106 104 108 109 111 111 109 102 99 109 113 119 93 111 114 107 97 95 100 97 100 88 88 90 99 96 92 97 87 89 97
61 68 69 70 47 52 60 57 51 50 52 54 58 58 80 99 105 110 109 118 127 125 129 129 133 139 137 136 141 151 144 153 151 154 150 151 161 152 142 148 158 148 144 142 141 145 143 135 135 135 142 140 137 135 138 137 146 147 143 148 140 135 135 145 128 134 129 130 133 129 123 112 111 115 116 102 111 113 100 101 106 109 93 96 94 94 94 111 112 119 111 96 116 120 117 105 115 118 121 113 117 104 99 106 102 101 108 95 88 96 102 96 86 99 97 97 101 97 82 89 93 88 98 93 92 84 98 93
63 79 86 93 70 43 74 80 77 80 63 85 64 72 71 50 42 61 82 78 66 74 79 79 77 78 87 92 92 94 95 108 117 122 124 142 145 139 137 140 148 144 146 150 150 156 160 162 160 144 150 159 159 163 155 144 140 141 136 145 149 143 139 148 145 151 147 140 138 143 145 136 131 129 129 133 138 135 137 132 126 122 122 123 122 127 116 113 105 120 113 108 122 115 110 106 110 103 105 102 90 91 98 106 91 89 85 90 88 97 99 93 91 99 96 92 91 80 95 92 82 91 90 93 92 88 93 85
59 76 76 96 86 62 83 76 88 111 76 100 78 92 97 87 51 94 93 104 107 91 114 111 70 76 87 112 101 89 73 83 75 87 84 58 71 73 77 78 81 92 88 95 108 107 115 124 126 122 131 135 136 140 143 126 132 132 133 136 142 137 134 137 140 142 136 138 121 107 112 128 140 144 137 124 121 114 113 112 106 105 103 101 105 104 108 93 98 96 103 105 108 124 124 134 135 135 127 128 129 125 141 131 127 125 121 112 105 106 111 100 97 96 95 93 94 88 97 84 79 89 84 86 86 88 86 93
66 87 89 93 110 69 86 96 105 126 93 109 105 96 102 106 77 101 93 109 122 106 108 106 64 87 108 120 127 122 94 113 117 128 133 63 91 93 84 88 87 64 99 90 94 111 60 52 84 73 89 82 78 78 81 81 79 87 78 81 86 82 92 89 99 99 95 108 101 82 97 118 130 132 118 108 105 102 90 77 65 61 66 75 72 80 91 110 103 83 85 89 91 98 91 87 102 118 122 131 137 135 133 145 144 144 144 140 141 146 144 145 140 140 136 141 141 136 134 131 130 136 135 130 118 118 106 108
55 77 82 96 134 116 112 113 113 130 91 95 102 93 102 157 95 99 105 106 110 87 103 116 82 94 145 116 100 121 107 121 122 137 126 75 93 112 86 87 92 71 103 120 114 103 66 55 110 88 107 110 94 88 107 114 116 82 49 87 94 95 82 94 71 88 80 80 81 77 62 79 83 82 66 62 64 67 65 62 60 58 61 64 58 71 72 83 82 66 62 61 61 62 69 83 111 136 137 142 144 149 154 163 172 171 171 168 162 153 145 147 143 143 149 150 152 151 153 150 151 152 151 151 156 151 153 149
58 79 84 88 137 103 74 80 83 121 65 95 87 93 92 157 100 96 101 103 104 73 93 104 68 93 171 108 101 126 116 123 121 105 89 44 74 139 110 108 101 80 115 107 98 96 56 68 117 114 103 95 86 76 94 108 105 95 60 104 107 119 94 103 79 91 98 99 106 101 50 89 96 93 83 30 33 77 80 75 73 72 48 54 67 65 71 61 56 66 58 59 53 53 59 75 83 96 98 100 106 113 121 131 145 144 144 160 149 142 134 138 137 132 139 142 151 145 147 141 140 145 141 152 154 152 149 155
70 100 87 89 124 106 76 80 58 110 65 85 70 60 86 147 70 71 67 89 92 64 77 88 70 96 173 125 133 131 104 119 106 125 117 48 82 161 116 107 103 69 104 104 96 97 58 62 103 145 101 96 81 74 108 115 111 100 63 106 106 133 112 96 79 100 85 92 95 83 52 91 89 98 93 29 39 97 102 94 74 75 53 64 92 83 83 70 61 85 73 86 86 84 79 63 45 66 85 75 67 74 60 67 69 75 78 82 84 77 78 80 87 83 84 86 94 100 95 100 101 107 115 120 116 122 126 128
124 123 120 113 138 121 104 98 97 125 88 114 105 95 96 157 94 92 96 101 110 103 100 102 86 99 155 87 82 70 61 97 76 84 69 41 66 162 87 75 85 78 112 110 99 116 60 61 119 162 111 103 97 79 93 117 110 97 67 114 107 135 125 101 82 109 92 104 101 81 58 99 84 92 99 94 73 85 87 91 86 89 56 54 68 79 89 73 65 71 60 86 86 90 104 65 58 73 84 69 67 106 86 65 83 89 80 73 85 71 43 77 72 71 63 63 75 54 62 63 69 60 66 64 65 62 65 67
100 115 116 114 119 130 130 126 123 142 131 137 129 116 135 153 124 121 129 129 136 119 118 119 79 92 167 123 138 122 84 115 110 108 97 52 60 151 77 70 59 47 81 84 66 66 43 50 100 157 71 83 81 73 99 115 100 111 71 116 111 116 135 100 85 108 94 104 94 85 49 99 100 90 90 90 64 91 87 77 87 80 44 56 87 92 91 68 68 71 68 85 87 100 110 63 46 64 87 80 84 119 95 68 85 91 78 74 79 78 41 80 79 79 85 88 99 60 87 87 93 83 81 61 86 85 85 79
75 91 83 92 116 103 88 96 103 112 89 116 120 103 91 147 133 133 125 135 122 118 138 144 141 142 165 141 133 135 122 138 136 120 128 73 81 157 97 92 71 57 108 100 68 77 43 70 113 158 81 77 70 60 77 92 71 74 63 71 81 96 94 70 63 72 76 102 93 88 54 91 98 87 74 74 56 77 85 86 80 90 50 61 92 100 118 80 79 84 68 86 93 87 104 71 60 58 79 81 94 124 111 57 70 80 88 86 98 80 46 93 89 93 83 78 108 65 85 73 80 76 69 55 90 84 86 88
72 92 97 107 105 86 83 103 102 125 93 114 140 112 94 127 116 113 98 104 99 91 104 115 72 57 156 140 120 108 95 118 141 146 141 127 134 158 138 126 123 120 141 123 91 95 74 76 108 159 89 88 78 89 108 114 108 96 53 106 97 93 83 73 55 70 67 87 79 70 40 56 61 76 63 54 47 61 54 60 59 69 49 65 84 99 111 84 81 80 71 105 106 93 107 65 57 73 103 98 89 121 135 58 69 79 82 78 99 80 44 81 81 80 77 79 121 92 83 80 88 87 92 55 86 87 93 88
52 96 95 90 107 82 106 117 117 131 94 118 96 75 92 116 102 104 119 125 123 85 97 119 74 74 121 104 114 103 82 93 97 99 99 43 55 124 110 95 99 99 123 129 140 133 107 134 151 159 142 146 143 147 139 138 141 134 100 123 111 109 111 97 84 97 89 93 107 85 44 87 102 104 75 80 56 81 95 87 67 64 44 60 67 54 59 71 51 38 46 50 62 61 90 52 41 65 91 102 82 116 136 57 63 75 81 82 105 88 53 95 95 98 93 89 133 104 80 77 83 84 94 67 95 93 93 82
45 79 82 83 137 118 93 80 83 125 69 94 102 83 97 132 113 112 99 100 123 94 85 112 69 85 120 90 90 108 87 118 138 116 114 52 73 123 110 99 95 82 104 98 79 80 41 72 109 139 104 93 80 96 108 110 130 119 93 123 125 115 122 124 115 114 119 121 124 103 66 67 65 61 63 64 58 70 80 98 84 75 54 67 99 92 97 85 76 68 71 94 91 80 95 60 48 53 65 64 61 115 132 49 59 69 60 67 90 87 50 76 77 87 92 93 135 110 103 94 88 104 106 66 94 82 92 87
77 78 64 53 129 92 36 38 42 117 39 48 46 39 81 141 69 68 72 78 111 79 93 111 81 94 143 119 112 127 89 112 128 102 109 49 76 132 129 112 93 65 104 94 81 80 63 69 103 114 87 96 82 94 111 104 101 82 38 101 106 81 97 95 69 82 75 73 65 77 59 55 43 44 62 44 50 54 55 57 64 55 57 68 77 76 87 94 109 100 82 83 96 96 108 64 49 64 97 94 80 122 150 73 82 92 101 98 94 79 42 64 55 59 60 63 124 100 57 64 65 65 65 52 87 57 82 84
59 52 44 40 120 91 31 36 42 120 35 31 40 24 73 156 44 34 41 46 79 34 38 59 48 85 140 57 72 88 65 108 102 117 113 50 75 146 86 74 79 56 94 101 95 86 47 68 111 123 93 101 84 79 104 127 122 102 48 114 106 104 97 96 70 102 108 78 102 79 54 79 26 40 53 29 27 31 37 35 41 37 45 68 73 81 87 94 120 119 111 111 112 115 123 104 108 116 127 130 126 148 157 92 110 118 107 103 109 90 40 78 74 77 86 88 131 110 81 77 84 80 71 53 78 66 62 68
175 170 154 130 134 127 103 94 79 117 62 55 51 41 81 145 51 47 45 52 81 31 31 39 38 91 145 39 46 46 37 80 36 47 41 24 50 153 72 53 63 50 88 108 78 75 37 57 109 143 118 116 87 99 127 128 106 92 47 102 112 122 113 105 85 135 126 80 105 92 54 106 28 35 56 34 26 31 35 36 46 47 26 75 116 122 119 95 114 86 84 110 102 94 94 70 62 94 117 110 121 126 140 121 136 131 131 136 150 149 132 143 134 125 125 119 143 124 115 109 104 99 105 67 82 87 82 92
137 153 160 152 144 158 163 171 173 167 170 175 163 151 141 149 135 123 103 101 105 80 73 66 51 94 134 49 52 48 40 83 42 46 41 30 52 159 62 31 31 37 64 61 40 42 30 33 74 156 63 58 46 67 92 106 86 92 42 84 90 132 95 78 78 103 93 75 88 77 54 107 38 39 57 39 32 36 36 24 51 32 30 75 95 114 110 112 103 100 87 95 99 98 103 76 55 69 89 96 103 94 127 65 86 92 87 90 91 82 78 107 114 124 121 120 135 136 135 141 139 141 136 135 138 127 127 122
73 78 85 77 74 87 108 107 101 93 102 113 115 109 123 137 155 156 170 175 171 182 184 179 168 161 160 140 123 114 96 102 83 76 63 50 53 145 69 45 47 39 70 64 40 35 33 39 75 158 52 51 45 41 72 80 47 52 29 54 64 130 94 55 52 73 65 57 67 57 44 86 41 42 56 41 35 33 35 30 54 34 33 75 93 94 101 107 125 109 92 119 121 122 117 71 65 78 111 112 100 120 116 80 99 113 109 107 104 83 59 105 111 113 101 100 101 103 88 94 93 93 97 71 83 103 110 110
92 89 97 87 67 65 75 72 77 66 65 74 69 65 67 67 86 87 100 101 94 83 90 101 107 117 140 147 161 167 175 175 178 176 175 173 155 149 134 122 114 98 98 88 65 59 53 47 78 145 57 54 50 47 76 86 50 54 35 51 55 144 88 45 42 47 46 47 54 41 33 55 35 34 56 41 35 26 32 24 44 37 37 72 122 121 115 117 120 100 94 120 110 106 98 62 60 77 93 90 96 119 111 75 84 90 108 95 100 94 55 107 97 110 95 97 118 89 90 97 87 82 85 60 79 81 90 95
98 100 115 107 91 113 159 151 143 118 103 109 98 90 80 69 70 64 64 59 61 69 71 65 61 63 70 88 88 97 102 101 120 125 129 134 127 150 158 164 163 175 180 179 180 174 169 160 149 152 135 124 110 104 101 101 80 70 58 51 60 143 84 44 50 54 42 53 45 42 39 47 33 38 57 34 33 28 24 22 45 43 30 34 46 46 52 106 110 55 72 76 69 55 88 53 45 67 93 110 116 121 129 78 94 101 95 80 91 81 39 75 92 104 96 90 111 89 102 106 92 85 92 67 95 97 106 91
127 123 106 81 84 95 101 89 80 81 88 99 104 93 86 91 102 117 110 106 94 103 108 122 105 77 75 71 65 68 58 56 54 71 78 74 68 81 88 99 94 104 112 100 105 110 126 125 125 155 150 162 175 181 175 186 191 189 176 164 159 161 131 102 78 64 55 55 39 35 30 30 24 37 53 36 29 37 31 31 52 42 31 36 41 43 46 102 103 42 41 34 36 36 82 34 26 29 41 50 52 107 127 53 74 81 78 92 98 66 41 81 86 82 80 100 123 99 109 104 83 76 88 64 78 67 66 76
114 101 144 70 83 176 120 92 44 74 106 106 110 91 96 86 89 98 97 90 76 65 72 79 86 98 95 105 115 121 109 103 98 94 89 80 73 70 68 72 63 55 61 59 67 69 74 59 69 91 83 91 96 99 101 110 109 126 134 136 131 146 137 135 142 146 134 131 135 120 108 100 98 85 80 71 58 54 38 39 55 57 43 45 49 50 51 97 96 46 48 52 51 45 85 28 27 30 35 34 33 101 116 28 30 34 36 31 55 60 28 39 42 49 53 68 119 103 94 92 96 86 98 61 89 83 75 87
147 133 169 151 93 171 98 96 48 78 122 121 104 112 115 115 116 115 117 127 104 104 124 115 124 104 86 90 100 90 92 89 100 93 106 96 101 103 97 104 116 94 91 84 85 79 74 65 60 57 60 68 64 65 62 61 66 69 76 80 65 77 71 74 70 65 66 71 76 74 88 99 101 100 108 116 128 131 122 135 148 162 154 153 138 114 103 113 99 70 72 68 67 56 83 51 35 46 46 50 43 107 128 34 39 44 37 32 62 63 22 32 38 30 27 29 123 80 27 34 37 45 38 46 76 49 47 61
131 128 170 159 97 167 115 92 54 82 127 111 110 125 122 111 105 114 105 128 114 112 116 95 100 105 113 146 147 143 137 130 113 139 138 128 115 99 99 91 73 69 71 74 80 92 93 89 95 105 86 97 93 94 93 95 90 86 81 77 66 57 68 65 68 63 59 61 65 58 63 66 66 57 55 62 70 67 70 78 98 109 119 125 123 129 116 119 133 152 169 153 144 139 138 142 129 127 121 111 99 122 113 69 64 54 53 53 69 60 29 44 45 43 42 46 122 82 38 38 32 42 29 39 70 25 29 28
119 115 160 152 76 157 106 85 50 80 108 100 96 99 110 118 108 110 113 125 111 108 119 106 114 115 121 122 126 123 113 139 121 124 136 113 104 92 90 84 71 81 71 31 25 27 35 33 41 71 93 80 81 74 83 92 91 107 111 105 91 87 94 93 86 81 77 78 70 73 71 68 64 58 65 66 64 59 66 66 64 68 65 74 61 64 64 66 76 85 85 90 80 96 103 110 111 125 147 169 183 174 185 186 180 177 162 144 138 125 117 111 103 82 72 63 113 80 48 49 43 46 40 46 66 37 34 35
90 89 117 141 79 158 106 81 47 86 107 110 98 107 118 116 112 102 114 121 112 95 100 97 103 89 94 99 121 119 121 137 113 110 117 119 121 118 124 116 126 130 131 101 97 77 46 26 24 84 136 110 109 99 96 87 75 73 88 93 91 79 76 79 73 75 77 79 80 83 90 85 82 73 85 88 87 82 79 76 71 72 66 65 58 66 63 49 61 61 64 70 63 69 72 71 71 90 119 113 89 83 110 121 126 131 139 148 158 159 171 177 186 180 181 176 179 172 169 156 145 133 118 96 98 85 74 68
90 107 108 125 130 145 100 85 57 97 120 101 100 101 104 94 88 87 105 99 98 98 111 102 126 124 100 121 128 135 113 123 107 104 111 96 94 109 136 126 124 122 124 131 139 159 82 23 19 85 151 136 124 140 143 116 120 107 114 130 123 138 121 124 130 127 109 106 94 73 74 76 74 59 73 78 79 83 91 86 90 98 93 85 78 76 71 71 82 81 70 74 73 67 62 61 59 65 59 59 55 61 63 73 76 88 93 89 93 100 105 108 110 107 115 101 114 130 145 144 159 170 178 177 177 179 185 186
98 116 117 118 113 104 97 87 45 93 134 118 124 101 95 108 109 116 123 114 105 100 103 128 120 130 141 137 126 137 139 138 141 145 121 98 103 107 157 147 125 126 130 132 145 140 63 25 28 63 101 98 95 95 115 101 119 130 118 119 102 105 98 100 112 115 109 114 130 126 117 113 102 107 129 111 93 77 80 98 90 74 67 61 66 63 61 65 72 66 61 71 74 81 79 78 88 98 105 94 77 68 65 69 60 63 57 55 63 60 69 72 74 78 79 69 78 92 99 97 106 110 110 101 105 107 110 121
104 116 131 135 122 122 139 155 112 80 96 113 117 108 113 109 117 119 120 130 129 117 124 121 116 121 119 113 118 117 100 84 99 122 105 118 124 122 107 106 126 122 114 105 120 124 69 24 25 85 129 118 132 116 119 114 113 105 98 97 86 98 92 101 105 96 101 104 120 128 143 149 132 123 136 122 110 121 103 109 115 117 103 98 100 94 87 98 91 79 82 89 77 68 58 60 72 82 89 82 83 83 89 93 105 105 101 98 103 89 82 78 73 68 66 60 50 56 55 51 50 65 64 61 57 74 76 83
109 127 152 140 133 142 166 165 174 108 114 114 102 102 99 88 86 101 113 100 116 107 112 100 108 117 131 132 125 114 127 126 122 127 121 132 134 122 109 111 102 98 88 119 119 124 70 27 28 82 126 108 97 111 118 118 124 111 107 119 123 116 105 123 131 132 156 130 107 115 112 109 115 122 137 121 107 123 105 100 103 113 114 116 114 122 136 112 103 99 107 94 101 105 103 89 98 96 79 88 79 69 63 75 66 70 75 79 73 74 93 99 104 98 104 99 95 91 97 89 89 96 88 75 67 67 64 57
90 95 104 124 128 174 166 134 93 87 114 113 113 110 115 113 96 92 97 111 115 114 112 105 120 150 145 158 154 169 157 156 152 135 131 127 132 126 134 119 122 112 110 123 112 107 61 28 31 63 105 104 101 98 93 118 119 108 93 80 89 100 91 94 97 93 95 101 104 107 89 91 84 90 91 92 92 111 108 114 109 99 113 120 108 109 120 119 120 120 130 123 117 109 111 105 109 94 103 115 109 109 98 113 104 100 102 90 29 17 23 32 37 40 55 58 57 55 69 75 83 90 92 90 94 101 109 101
58 61 62 61 66 69 64 68 70 70 80 81 76 91 96 95 88 97 109 103 115 129 126 124 126 129 110 113 119 116 84 80 106 127 133 132 123 112 124 130 136 139 126 132 134 113 72 30 34 73 100 112 132 125 130 145 135 127 136 127 119 115 132 122 122 103 106 112 115 113 127 128 122 101 104 116 118 121 107 86 89 72 80 81 84 81 103 89 86 82 78 78 87 78 96 96 76 94 110 116 105 118 106 109 100 104 96 97 85 68 65 35 26 24 53 95 107 102 93 80 73 73 70 68 63 59 64 64
61 63 65 69 64 61 67 64 70 59 78 109 101 105 99 106 110 98 100 92 90 99 101 114 121 122 127 129 132 120 130 135 151 144 138 130 116 112 132 138 121 116 92 92 99 105 62 40 41 86 122 117 112 118 101 92 101 99 101 92 85 99 99 93 103 104 103 97 94 86 84 97 104 93 92 108 112 112 116 101 98 107 121 133 109 110 119 105 110 114 97 114 117 98 112 117 108 121 125 117 115 123 105 113 103 106 106 116 109 107 111 44 30 30 61 107 105 121 113 116 104 110 98 107 96 84 92 94
62 66 70 73 65 67 71 68 60 56 79 99 92 91 99 101 107 97 108 111 113 113 98 84 74 68 55 57 78 75 76 83 96 99 99 110 100 85 78 91 98 92 95 97 97 113 70 32 29 83 130 141 137 150 132 103 116 129 130 137 115 115 102 115 108 122 124 117 133 137 138 118 127 99 121 134 115 123 134 113 102 111 98 87 90 85 91 104 106 106 101 106 121 97 107 117 101 123 116 104 107 91 93 85 95 90 94 96 95 87 85 37 26 32 50 83 79 95 99 92 88 89 84 90 111 99 83 87
107 100 95 109 112 106 109 106 106 112 137 147 139 129 127 131 131 129 137 146 155 131 115 104 100 102 106 101 104 103 100 103 115 124 116 162 167 160 159 163 160 143 158 145 141 145 120 88 89 126 141 142 138 135 143 131 120 110 114 119 124 121 130 150 147 144 133 129 125 121 125 121 125 126 126 117 110 111 105 103 114 116 115 114 125 128 132 120 128 133 126 112 110 125 132 134 134 119 122 114 117 128 124 110 120 101 107 124 129 105 122 82 60 69 82 116 107 109 107 116 116 119 124 125 130 119 105 104
226 222 228 232 239 221 203 201 225 239 242 233 239 236 238 229 218 221 226 215 227 226 221 220 225 216 228 224 229 226 235 229 232 240 232 234 236 225 219 227 224 221 221 227 224 218 234 232 228 228 224 226 227 216 230 226 223 231 231 239 235 225 230 227 221 225 224 227 234 229 232 225 225 200 236 231 235 228 214 223 222 222 226 226 230 233 235 236 239 246 138 169 241 232 232 231 228 221 217 231 231 230 238 228 235 217 224 234 226 232 234 234 231 227 235 227 224 229 229 220 221 206 209 222 217 211 209 223
122 123 115 109 114 115 107 177 169 113 127 130 130 116 110 130 125 121 136 100 87 101 125 132 138 144 154 148 152 166 114 94 100 114 122 134 152 140 133 125 123 136 123 136 128 127 116 106 107 116 129 135 158 182 126 123 119 131 142 128 126 130 122 120 110 117 124 118 120 122 115 112 124 119 116 117 116 124 140 132 134 137 136 134 135 135 127 121 122 126 79 115 138 139 137 143 139 137 179 127 132 135 130 130 130 126 133 121 124 135 131 116 120 118 122 127 137 133 135 129 134 128 131 129 123 133 129 140
82 71 34 20 44 66 71 183 148 63 92 115 112 102 100 129 123 111 141 58 23 77 121 135 131 145 143 189 203 210 81 65 53 44 83 120 127 127 120 115 109 108 103 121 99 102 67 41 45 62 100 114 146 192 116 114 107 109 114 103 104 90 93 91 85 93 88 80 78 84 93 96 94 88 77 87 91 93 99 81 93 100 92 91 92 75 72 75 87 84 86 93 96 103 113 108 105 114 192 121 110 113 87 101 107 96 78 83 85 96 101 37 23 26 48 94 94 122 128 115 102 108 113 104 95 88 79 79
189 184 81 17 82 119 77 180 142 56 73 93 91 85 94 124 105 99 140 65 95 125 126 106 87 106 112 200 192 167 52 47 48 47 71 98 96 108 93 101 94 98 96 89 102 113 73 46 46 67 102 99 143 181 78 75 82 96 110 117 110 107 105 133 130 113 117 107 106 105 129 126 124 127 116 121 116 110 108 87 93 99 106 106 91 113 115 107 110 105 96 104 103 107 109 97 87 100 198 104 84 74 70 73 81 86 86 85 86 89 102 40 30 27 58 102 96 105 102 113 112 100 99 100 96 110 98 91
192 196 95 13 112 198 83 178 146 62 89 117 113 112 113 134 103 85 132 136 148 93 66 93 32 35 54 181 84 59 44 55 37 52 84 114 116 128 95 112 101 113 117 95 97 108 78 50 44 86 129 98 140 193 111 96 102 102 99 96 98 100 98 88 79 79 80 83 74 81 81 73 79 86 91 98 97 102 109 101 96 100 98 95 97 94 94 83 88 85 103 102 106 112 119 120 126 115 192 131 123 111 118 107 107 117 111 95 103 101 90 37 29 25 41 75 92 94 95 84 95 99 108 114 114 107 97 92
190 196 132 74 117 213 114 178 140 50 69 83 91 97 97 123 132 130 145 144 91 23 67 100 37 54 71 162 60 37 41 63 40 46 84 121 119 118 91 86 103 104 101 104 109 117 90 122 57 77 103 84 135 183 104 95 105 100 89 100 89 84 94 109 105 99 86 85 85 98 103 99 107 104 91 76 75 75 88 71 71 88 81 82 81 95 97 96 100 126 129 119 112 103 99 109 107 109 187 118 102 101 107 104 109 108 110 103 95 103 101 41 31 33 60 100 109 109 99 97 97 87 84 89 91 99 88 89
194 187 182 178 176 212 153 169 131 46 75 67 67 68 60 65 73 74 120 79 32 21 63 105 37 100 149 178 75 47 68 103 46 35 75 92 97 113 99 102 110 107 134 110 88 88 81 159 124 67 99 94 138 191 99 86 96 111 117 115 124 119 98 96 124 123 113 130 113 124 122 131 124 109 104 113 111 104 110 115 113 122 127 125 103 98 120 102 99 101 97 103 98 88 75 78 74 91 195 101 83 90 89 100 101 97 98 108 98 96 110 50 28 26 53 94 92 88 91 85 85 82 86 89 99 92 101 102
184 188 176 179 178 214 198 166 137 59 60 57 58 66 64 63 67 64 117 108 35 22 73 104 49 91 118 184 62 31 70 96 33 54 85 110 116 127 120 120 118 129 154 158 129 141 107 146 159 103 142 105 130 190 99 108 99 108 98 100 98 101 105 98 85 82 69 68 68 71 83 78 85 84 91 100 98 86 100 112 118 116 98 108 100 96 107 116 116 95 94 110 121 121 111 115 111 98 191 102 72 69 76 65 69 72 70 85 75 75 76 32 28 30 58 111 114 102 97 94 91 86 92 86 83 80 97 99
184 179 174 176 171 211 229 191 141 70 49 33 39 43 44 46 44 47 101 156 103 72 106 110 60 38 27 158 55 45 110 153 53 51 60 82 104 106 110 101 105 75 53 85 151 113 95 142 169 154 208 98 131 186 101 104 122 117 107 106 111 109 105 108 93 104 109 113 106 107 96 90 106 115 112 121 122 107 103 103 84 98 103 104 87 83 85 86 87 87 97 102 108 104 107 113 98 91 187 114 93 93 101 87 80 88 93 91 93 97 92 43 31 36 55 82 92 109 109 110 105 98 95 91 95 83 73 76
181 181 175 174 174 206 232 214 139 69 46 24 27 25 31 27 31 27 97 112 124 128 123 146 132 120 105 180 165 159 157 111 48 56 74 72 67 58 55 63 65 59 57 80 100 106 91 144 164 148 228 127 132 183 88 87 94 85 84 95 115 114 115 111 110 108 104 92 87 108 119 107 101 103 111 103 106 108 95 98 90 86 79 83 80 86 88 84 86 91 93 88 71 76 71 90 96 99 183 123 96 93 101 93 78 78 83 90 93 99 89 40 32 36 61 84 83 71 82 95 108 114 110 104 103 100 109 117
178 188 181 168 173 209 229 207 135 66 48 29 28 28 26 27 23 27 93 159 162 132 92 110 118 102 84 156 157 115 158 207 138 76 70 60 71 69 73 69 65 65 65 56 54 61 74 146 81 102 233 130 124 193 137 130 143 129 109 108 105 94 86 81 87 72 87 78 90 87 76 95 105 105 115 113 113 106 105 122 109 110 95 91 94 90 88 93 88 90 99 116 113 105 100 110 113 98 180 119 91 83 82 87 89 92 96 94 96 86 75 37 41 35 54 85 76 72 78 82 68 65 79 78 78 97 114 112
157 172 180 181 180 204 230 220 138 43 29 26 25 26 25 30 34 24 92 192 191 183 178 181 180 167 142 187 236 217 234 244 179 78 62 36 36 45 43 50 54 49 58 65 65 65 67 131 46 96 242 104 101 185 60 58 79 90 102 125 129 127 105 123 109 85 103 104 103 104 91 77 76 82 102 91 95 90 85 92 93 105 107 101 108 118 123 117 99 110 106 111 117 108 121 120 110 99 181 123 101 102 111 113 120 120 113 112 116 97 92 44 39 38 57 100 103 97 101 96 95 86 83 92 89 96 95 82
