101 109 102 101 107 99 102 104 106 100 98 103 104 107 108 100 105 103 107 102 102 104 101 107 102 97 102 90 96 97 99 97 98 93 99 92 95 98 98 98 98 102 91 104 104 101 99 95 101 107 98 102 106 110 106 112 106 108 111 115 108 110 111 107 114 121 107 101 103 107 109 109 102 103 108 105 107 108 109 110 98 101 102 110 107 107 105 107 104 104 108 108 104 103 107 106 104 96 94 98 97 95 102 103 102 97 97 97 102 108 106 105 106 106 93 99 98 107 99 103 95 96 97 103 102 102 105 102
103 114 103 98 102 103 99 99 103 106 99 106 107 103 108 100 106 105 107 103 98 97 101 104 95 97 102 97 101 97 100 95 101 92 97 94 90 96 99 94 97 102 99 103 110 101 104 100 107 106 110 107 102 104 103 111 111 104 106 107 108 109 119 114 106 114 107 111 107 108 107 108 104 109 112 112 114 110 115 105 100 110 107 103 111 108 106 109 103 111 109 107 98 98 103 108 99 95 91 100 98 100 101 103 104 99 96 107 110 108 116 114 114 103 101 95 95 106 104 97 98 102 93 96 103 107 103 103
100 108 100 100 103 98 99 99 104 103 109 104 99 103 98 96 107 107 106 102 101 99 95 94 95 100 97 104 100 87 93 97 92 95 98 101 95 90 98 99 92 94 103 102 101 101 104 100 104 112 106 116 111 102 104 109 108 102 109 107 111 102 106 109 110 109 107 106 107 111 110 109 107 103 107 107 109 108 105 107 103 107 101 98 100 102 108 105 111 107 109 109 105 105 103 101 96 101 95 103 103 102 106 105 108 107 106 103 102 102 119 111 108 114 108 92 91 100 105 92 98 102 95 102 102 98 99 100
99 99 99 92 100 98 104 101 106 107 109 113 107 109 102 100 101 103 111 104 100 99 99 96 96 98 96 90 92 90 96 97 90 94 93 98 98 93 93 100 103 100 92 98 95 97 97 101 99 102 97 100 99 91 104 101 101 104 109 113 112 109 117 107 109 108 108 102 104 108 108 109 111 109 101 108 106 103 101 106 102 107 103 97 103 106 103 113 115 112 109 107 107 103 95 100 99 100 104 108 100 102 103 106 107 105 103 98 100 107 103 104 117 120 108 102 90 97 100 91 92 101 104 101 102 100 99 107
110 105 108 103 103 96 103 103 104 113 115 108 104 107 112 108 107 103 102 102 98 100 96 102 97 92 91 88 98 101 94 94 98 99 97 94 100 97 99 107 113 107 104 88 91 98 98 105 102 105 104 101 105 98 101 103 102 101 99 101 103 109 101 104 109 106 106 111 109 116 116 116 109 106 105 105 108 103 108 116 109 102 104 103 107 112 113 110 111 110 112 118 110 105 102 104 96 101 97 104 110 101 102 104 109 99 101 100 109 107 111 110 114 113 105 104 100 105 106 95 103 102 103 101 102 105 108 107
107 104 100 95 101 103 101 101 107 115 114 97 95 94 92 96 96 91 98 95 94 92 92 98 92 93 94 90 104 106 97 97 99 100 99 106 112 109 110 114 108 115 108 104 100 107 107 108 106 111 108 103 107 106 103 107 107 112 94 106 102 111 106 105 100 97 106 110 108 103 110 107 107 105 106 103 113 108 108 114 108 107 114 115 113 109 116 116 116 111 110 101 98 97 102 99 95 103 107 108 110 100 106 98 105 98 106 99 110 117 110 107 107 114 118 100 93 105 99 103 93 97 99 97 97 103 106 107
101 110 107 100 100 101 97 109 107 99 99 95 97 100 101 97 102 100 88 97 96 91 95 94 95 98 101 94 92 95 98 102 98 101 112 112 111 107 110 112 111 113 104 109 104 105 108 109 106 108 110 105 103 105 100 103 103 101 109 108 106 105 115 114 96 106 103 110 111 108 104 102 111 105 102 108 118 114 104 113 108 117 116 113 116 109 111 115 115 111 113 103 98 103 103 94 102 105 105 105 108 103 107 100 105 109 108 100 112 119 109 105 109 114 114 107 96 102 109 100 102 97 99 104 104 106 106 108
108 107 93 104 96 102 106 99 94 101 96 99 98 97 94 100 98 95 95 95 92 96 91 101 86 91 97 95 91 93 98 99 112 104 108 112 105 111 101 100 99 97 104 107 99 103 109 114 110 97 111 112 103 106 103 100 100 99 101 100 110 104 108 110 109 107 104 106 112 110 103 101 108 107 102 113 123 107 97 111 110 109 104 102 100 103 116 113 116 106 89 102 108 105 104 102 106 96 98 110 108 102 103 97 103 105 100 104 113 104 102 107 110 110 112 112 96 101 103 97 108 98 103 106 112 106 102 106
98 102 94 99 106 106 99 98 101 99 95 95 91 90 95 92 99 89 92 95 98 96 91 93 91 93 97 96 93 98 102 103 105 98 104 109 113 112 102 102 103 103 102 102 108 100 108 106 94 97 105 110 108 109 106 104 102 94 93 97 103 107 103 106 108 108 105 101 103 99 106 106 102 109 105 98 102 95 102 104 108 101 101 94 93 101 105 105 107 104 102 110 111 103 105 106 110 96 104 112 107 111 104 95 100 104 100 102 103 112 105 103 99 104 114 112 103 93 100 102 102 100 104 103 109 113 108 103
98 99 107 101 99 99 98 98 101 94 97 97 95 92 100 98 88 97 93 99 100 104 95 100 103 94 95 95 95 104 104 108 99 100 102 106 101 93 95 109 114 113 100 98 97 108 105 93 101 105 96 99 107 100 101 94 97 90 94 101 91 95 101 100 108 107 101 97 90 97 101 101 97 103 101 102 95 100 100 108 102 95 98 113 109 107 98 98 101 112 108 102 103 102 104 101 101 101 104 112 109 107 101 109 135 104 99 96 111 112 112 101 99 107 103 106 99 97 102 109 100 99 101 101 108 103 107 103
102 109 102 103 102 99 93 94 91 89 97 95 94 94 98 97 99 94 95 96 89 93 94 109 108 97 95 91 96 94 102 105 104 99 101 99 95 97 109 109 110 96 97 105 103 100 98 100 105 107 103 102 107 105 109 100 96 100 95 92 88 96 87 96 92 101 96 96 98 110 107 101 93 101 106 100 95 104 103 102 106 103 103 110 116 109 111 110 110 107 108 99 104 104 102 103 102 105 115 108 109 104 103 107 130 106 106 99 112 103 106 103 100 107 110 100 95 115 98 102 101 98 107 100 95 101 106 105
101 106 103 112 103 104 92 87 93 92 94 97 97 94 105 93 101 95 96 99 100 87 95 101 105 95 102 97 93 94 95 99 94 103 102 107 112 105 105 96 102 103 107 110 100 100 99 101 112 106 104 105 107 106 112 109 103 105 96 96 94 90 85 93 92 93 97 94 89 100 104 97 92 99 103 104 105 108 104 113 106 112 109 112 110 112 100 106 110 102 108 107 109 101 106 100 104 104 105 103 108 108 100 103 102 107 109 120 114 114 107 98 102 109 99 103 110 118 106 109 106 104 105 98 98 104 109 107
102 103 105 99 97 94 97 96 101 101 94 95 102 97 97 95 101 101 102 100 106 109 108 103 106 99 99 100 105 105 101 92 108 110 103 100 102 101 109 113 101 103 99 104 97 103 103 105 107 106 103 108 110 111 104 107 107 111 107 105 104 94 97 98 93 91 106 99 105 109 111 104 101 108 107 108 110 106 103 104 112 101 106 109 107 106 105 102 103 104 107 107 107 107 111 104 101 102 104 107 107 108 107 106 103 114 106 109 111 114 112 104 102 96 90 100 109 115 111 103 101 103 101 107 110 103 109 110
109 108 105 92 96 102 102 98 96 92 99 95 100 103 109 99 105 102 98 98 95 100 99 98 95 92 105 97 104 107 99 95 99 101 110 102 102 106 110 109 108 101 104 113 102 107 104 113 108 106 109 106 101 101 99 109 111 106 106 105 112 107 96 96 103 104 110 107 108 109 109 108 107 103 109 110 112 105 117 108 105 110 113 109 108 105 104 111 100 115 109 113 108 114 114 106 113 108 108 103 105 108 105 103 109 105 105 109 117 107 111 108 102 96 97 98 109 106 112 108 109 108 107 101 110 103 107 109
103 97 99 93 100 91 98 95 88 97 101 95 102 112 114 106 103 95 95 99 95 101 99 97 94 102 106 94 98 97 96 97 108 109 112 102 100 105 105 100 104 99 101 107 102 96 100 101 101 101 112 104 108 101 94 97 113 89 98 100 102 108 109 105 105 112 110 113 102 102 102 101 107 105 102 105 105 96 100 92 96 113 108 107 117 110 112 114 105 110 110 109 101 97 114 109 108 115 105 110 108 105 103 97 108 101 111 112 109 106 106 101 103 92 95 99 106 103 112 105 103 103 109 107 105 104 105 104
107 102 91 97 95 93 91 89 86 96 95 99 109 117 110 100 100 106 104 102 98 101 100 101 114 111 110 104 103 98 94 103 106 114 111 109 110 114 111 102 104 100 106 111 110 105 104 102 104 105 106 103 111 109 104 97 102 112 98 97 96 94 96 94 89 93 100 100 98 98 95 99 101 96 97 100 98 99 92 94 93 98 93 106 102 110 112 109 106 108 106 103 104 101 108 110 109 104 106 108 114 103 93 95 101 98 117 111 105 99 106 108 121 105 99 108 105 106 116 107 112 99 102 109 106 104 105 106
101 91 100 92 94 96 91 88 99 95 96 111 104 101 93 97 108 108 109 105 99 98 99 100 102 106 105 103 107 102 102 105 109 107 113 112 105 112 120 110 100 109 118 116 112 113 103 95 106 97 102 101 101 106 107 112 115 111 106 102 109 103 106 104 96 98 105 108 108 106 103 99 102 99 103 105 108 101 99 100 103 101 105 105 97 101 99 114 109 102 103 103 113 109 104 105 105 114 111 104 104 102 98 101 102 108 119 109 109 107 99 109 113 113 103 101 106 109 98 109 107 102 109 107 106 108 106 105
102 98 97 100 87 92 94 98 97 93 108 100 97 97 88 94 99 106 106 103 94 98 99 100 103 106 108 108 97 114 125 104 104 108 112 109 109 102 115 107 110 107 106 113 117 110 111 109 104 105 107 112 104 102 102 109 113 97 104 99 109 105 107 111 105 104 103 111 105 99 110 104 107 108 110 107 105 110 108 109 103 108 119 106 105 97 94 103 104 108 107 103 104 111 120 108 105 110 111 102 109 100 96 103 105 115 117 112 111 111 106 104 101 109 106 102 113 105 99 106 103 106 105 106 103 108 118 112
98 102 96 94 94 100 100 95 98 101 102 100 89 94 101 105 97 94 93 95 101 104 105 102 95 95 103 108 117 122 140 132 125 113 108 118 110 115 110 103 111 108 105 104 113 112 107 112 109 107 108 106 106 104 98 100 115 106 97 108 106 107 99 108 105 106 107 105 100 98 108 104 104 103 103 103 107 108 111 113 98 103 105 111 110 102 90 101 100 100 100 106 112 108 109 110 110 102 105 106 108 98 92 98 100 112 106 113 109 101 107 108 101 101 98 106 109 108 98 109 102 102 99 102 102 104 105 111
97 101 92 90 87 96 95 97 101 93 93 95 95 103 104 95 96 105 99 92 99 93 72 87 91 105 105 108 107 106 109 120 128 115 132 133 125 124 127 117 110 99 120 113 104 111 111 117 109 112 110 105 105 108 111 100 104 105 108 101 98 103 107 107 100 105 105 102 105 107 104 109 108 106 104 122 111 103 102 96 105 111 107 103 107 115 108 98 99 105 93 97 104 110 108 109 108 102 113 110 111 100 98 102 102 112 112 104 106 104 116 106 104 103 101 104 115 109 104 112 108 107 102 105 110 104 105 104
100 101 94 89 95 100 100 100 96 88 94 100 95 99 96 98 102 112 107 103 92 66 88 112 134 142 122 122 110 115 113 107 112 103 139 136 115 123 128 118 108 113 124 123 114 111 111 111 114 114 102 110 104 104 103 102 107 99 108 104 105 108 109 105 102 103 107 98 105 100 98 107 110 106 115 113 114 100 88 94 95 120 114 111 108 114 111 105 108 107 104 98 94 97 94 96 99 101 103 98 94 96 98 104 106 98 120 110 116 115 112 112 104 101 110 95 106 112 106 100 105 107 105 99 111 103 104 106
100 95 98 94 101 98 98 93 93 91 104 109 94 99 104 107 109 111 106 87 76 115 124 132 149 124 112 120 136 147 135 141 128 126 111 111 117 128 112 120 121 118 116 130 122 111 104 112 112 107 98 110 111 102 103 103 105 110 107 103 107 102 99 108 108 104 104 96 94 102 104 103 101 100 122 107 104 97 97 95 100 94 106 110 104 103 105 113 113 108 112 100 94 92 100 92 101 100 92 102 101 97 100 103 110 108 109 107 114 115 106 112 112 103 96 111 99 107 105 106 107 99 106 107 106 101 97 104
97 94 95 92 99 96 93 95 94 100 99 98 96 95 102 103 108 105 90 84 112 129 116 124 127 105 122 135 147 151 158 157 125 127 140 152 128 120 120 124 115 121 121 118 129 128 111 111 108 107 103 102 109 105 102 101 107 105 99 105 100 101 105 102 100 102 96 99 97 99 103 95 93 94 99 95 94 102 100 98 105 93 102 97 93 99 107 110 104 107 100 104 103 101 103 93 97 94 91 96 91 96 103 107 103 112 114 115 107 113 109 109 110 106 99 105 93 101 106 111 109 104 107 108 107 102 101 103
95 98 93 92 98 96 99 102 99 106 97 93 96 96 98 109 111 110 88 101 117 88 113 99 132 128 105 124 128 132 148 132 135 137 136 153 154 128 124 142 117 108 123 129 129 133 127 103 111 107 105 109 102 92 102 99 107 113 102 106 109 111 107 102 103 101 98 108 103 99 102 97 96 105 107 97 97 101 100 110 103 100 103 94 96 104 103 101 92 92 106 111 112 110 98 98 97 101 96 98 94 97 103 105 107 110 110 104 107 109 109 106 107 111 106 98 95 101 110 106 114 107 111 102 96 103 109 111
101 96 93 93 98 100 93 95 98 98 95 91 95 96 99 114 105 101 93 97 98 93 95 109 137 92 100 118 120 133 122 145 148 153 151 145 122 136 119 145 140 117 122 102 119 120 131 117 103 106 105 108 105 100 103 97 97 110 109 104 99 106 109 106 109 102 102 105 101 98 96 105 102 101 99 99 96 100 102 94 99 101 100 96 101 103 94 102 99 92 94 108 104 96 97 109 104 99 101 94 91 94 100 103 113 114 112 105 110 113 118 105 111 113 105 98 101 95 111 103 100 111 107 106 109 106 101 113
97 95 96 91 87 96 99 96 92 93 93 91 97 96 125 109 107 93 90 84 103 107 98 119 97 64 91 123 111 127 123 123 146 150 147 133 144 143 136 147 140 124 123 112 114 106 96 103 116 118 113 114 111 113 116 99 97 97 99 108 103 103 102 107 102 96 103 101 99 96 93 97 96 94 94 103 101 93 97 106 105 102 109 98 102 103 95 102 96 96 102 107 100 98 94 99 109 107 99 94 89 96 92 99 101 109 110 107 109 108 110 116 103 102 104 109 101 85 103 114 109 103 104 112 113 103 105 98
100 97 92 95 93 89 97 96 92 100 97 94 89 104 112 108 99 93 87 76 107 107 102 93 75 75 100 123 125 135 112 114 137 141 136 130 147 145 143 128 133 134 126 137 123 118 100 102 121 123 113 108 114 113 112 111 105 103 96 101 101 97 101 99 94 93 97 95 92 100 93 100 97 98 101 106 103 104 100 95 100 102 102 92 91 99 96 102 99 104 94 96 93 102 97 95 93 102 108 103 98 98 101 103 97 107 117 112 113 106 107 108 109 112 106 105 105 99 96 98 111 102 107 104 110 104 96 97
114 99 107 96 102 107 99 96 100 102 91 94 96 108 115 109 106 98 96 75 80 82 94 101 89 95 110 125 130 130 125 105 142 149 133 128 145 133 134 148 145 138 129 127 123 123 102 98 103 124 115 113 114 116 111 108 106 104 96 110 99 100 98 102 104 97 108 100 104 100 92 91 101 100 102 100 98 100 94 91 91 99 106 100 99 99 98 107 99 97 94 100 96 100 105 100 93 94 95 104 100 90 101 100 93 108 112 107 106 112 111 118 103 112 111 108 106 104 96 91 101 110 110 106 106 101 102 100
104 95 106 100 100 109 103 100 99 98 100 99 102 106 116 99 97 102 96 83 75 83 90 95 99 99 115 132 136 120 100 125 147 141 138 141 146 144 143 146 158 153 149 137 118 126 120 108 124 107 116 118 110 110 120 112 108 107 104 101 99 104 96 98 98 103 103 101 100 97 95 103 99 100 97 100 100 103 101 101 99 95 100 98 101 99 102 104 100 102 99 98 101 109 108 102 94 92 101 94 96 96 89 89 90 96 102 107 112 106 107 117 107 104 107 111 108 105 109 101 94 102 117 103 97 94 97 97
96 99 96 91 91 102 97 92 87 94 105 101 98 100 111 106 97 107 102 91 74 88 88 132 128 120 121 116 119 109 102 115 134 111 127 147 144 146 149 142 148 157 153 150 135 132 124 110 88 105 103 110 102 109 114 110 109 113 107 96 95 99 100 104 101 97 105 102 99 101 100 101 94 99 102 99 95 100 102 96 96 95 102 94 98 100 101 102 101 104 106 92 103 112 96 101 102 100 102 101 102 93 110 94 93 90 96 107 111 109 113 106 113 107 112 113 104 106 105 106 108 103 104 99 99 102 100 104
106 102 95 96 85 99 94 94 91 87 100 98 99 110 107 107 114 113 103 98 88 106 116 126 120 117 119 95 93 106 97 128 120 106 137 144 135 144 145 145 148 147 143 151 142 139 130 123 116 101 82 73 87 106 112 109 110 103 109 92 102 105 105 98 93 99 96 98 104 102 106 106 95 94 103 97 93 103 99 97 100 101 102 101 97 106 101 100 98 100 108 104 102 98 103 102 95 107 103 102 100 99 112 111 97 98 98 98 104 104 113 109 113 111 110 113 109 114 109 109 110 104 100 96 95 97 102 105
102 108 104 102 100 93 93 98 93 98 89 103 104 108 118 105 112 111 103 109 98 121 132 131 102 113 96 89 98 109 132 144 121 122 134 150 134 99 135 121 143 141 143 152 142 138 130 116 115 90 85 66 70 93 107 113 107 106 106 106 103 102 100 102 103 100 95 98 101 107 97 95 94 102 103 94 100 99 105 105 103 99 99 96 99 113 107 101 96 95 101 109 100 105 113 117 106 105 107 103 95 100 100 102 92 93 95 93 94 102 108 106 106 110 109 106 110 104 113 110 102 101 98 112 110 99 116 103
99 100 104 106 102 95 91 99 93 96 107 104 99 111 120 108 108 105 109 111 94 117 129 104 107 111 79 86 92 118 134 128 106 124 133 135 92 78 126 102 139 137 143 141 153 153 126 126 107 109 113 74 68 84 96 110 107 100 100 101 101 96 92 106 107 100 95 102 95 101 97 99 104 106 97 100 100 98 88 94 103 101 103 101 102 99 99 108 112 113 101 105 106 109 108 109 106 107 111 111 108 104 102 94 93 96 105 103 95 95 101 110 108 106 114 102 111 114 118 112 112 102 109 124 114 104 106 101
105 102 103 108 99 97 97 101 93 92 112 105 111 108 111 112 112 106 106 103 85 116 118 87 97 97 79 88 108 111 120 106 88 121 137 130 94 112 137 134 133 126 136 121 98 120 122 128 112 102 93 73 70 69 70 109 103 95 98 101 104 98 100 107 99 101 102 103 101 103 103 99 104 108 104 97 93 98 101 100 100 99 102 101 97 100 94 101 101 107 100 104 113 108 113 104 104 104 110 108 114 105 106 99 98 101 102 97 99 95 92 106 106 104 108 111 114 119 118 108 109 105 106 102 106 104 105 108
104 100 106 104 93 94 97 91 87 89 95 104 113 116 109 112 111 108 104 114 83 73 108 84 103 92 70 97 110 112 111 86 79 124 130 121 124 127 133 129 115 128 123 74 58 77 130 132 98 89 81 75 86 68 56 75 94 100 104 109 103 101 97 102 97 103 107 98 96 102 98 99 99 104 112 104 101 99 99 103 103 103 101 101 99 100 95 103 106 107 107 108 112 105 104 104 99 103 108 105 107 108 107 101 93 103 101 96 99 96 92 96 96 107 110 112 117 119 110 101 102 106 107 106 110 108 111 107
102 102 107 114 95 92 95 96 91 96 96 111 102 95 113 114 113 103 104 116 103 68 74 75 95 73 66 103 114 103 95 71 92 125 116 123 119 129 132 103 110 114 112 81 103 90 117 118 88 66 74 65 69 81 59 60 88 106 99 97 95 104 97 101 97 92 101 98 94 100 99 99 99 101 107 108 99 99 102 96 97 100 102 101 99 98 99 104 103 104 100 108 105 105 105 107 103 103 107 103 106 108 104 112 100 94 102 101 107 98 93 95 98 99 96 105 117 107 106 109 105 103 107 107 97 106 98 108
96 105 106 108 103 93 100 104 92 101 93 91 99 96 102 109 114 100 109 110 107 114 88 63 67 67 66 83 105 94 82 66 100 120 112 101 94 127 115 108 124 121 117 93 107 94 75 93 76 63 57 52 60 67 67 72 64 95 105 101 101 102 100 103 103 99 102 101 103 98 101 98 99 103 103 100 106 102 106 99 103 106 104 100 101 103 100 99 106 111 104 102 96 99 105 107 108 109 102 105 106 111 111 113 105 103 101 98 99 97 97 98 95 102 96 95 106 107 111 119 110 101 107 107 105 104 106 105
109 99 100 106 103 96 94 97 98 100 96 93 90 98 98 101 108 113 113 111 99 109 111 102 90 74 48 57 74 77 71 81 108 91 84 77 83 113 103 116 116 122 125 81 78 91 58 71 63 57 43 46 58 55 49 39 54 90 104 102 101 98 102 97 99 103 94 105 96 97 103 99 92 106 104 96 101 102 101 105 102 99 95 100 102 97 97 97 98 97 97 100 100 100 98 111 107 109 112 103 111 113 108 106 116 113 110 100 97 99 94 99 92 101 101 91 99 116 121 114 113 108 108 103 105 105 101 115
104 102 95 99 109 104 102 92 93 96 87 94 93 101 98 104 105 109 110 109 95 101 106 111 104 95 77 55 45 51 60 71 79 75 72 80 76 95 98 113 104 129 142 64 23 44 55 68 71 59 47 38 54 49 58 67 68 68 98 103 103 98 106 102 97 101 96 99 97 90 96 101 98 97 100 94 97 101 103 101 96 98 100 98 102 98 100 101 102 97 99 101 100 102 101 105 103 106 111 108 111 116 98 103 103 114 114 107 97 97 98 92 93 92 96 88 98 103 107 105 102 109 102 97 105 110 104 103
107 111 100 92 94 110 103 98 96 94 92 95 105 101 101 100 102 101 111 114 110 108 107 107 108 104 103 99 91 78 64 48 52 73 64 74 82 99 103 103 100 126 145 76 25 34 47 44 66 65 51 39 50 67 78 75 77 58 98 110 107 98 99 96 99 98 104 95 105 92 103 102 100 99 100 97 98 95 100 103 101 96 99 103 102 104 104 106 109 107 105 104 101 108 106 102 103 109 106 112 113 109 104 99 103 107 116 117 109 99 94 100 101 105 108 94 97 93 99 99 100 98 99 109 114 111 108 103
107 104 99 102 102 104 101 106 99 101 97 94 100 97 104 95 106 102 105 114 116 113 98 99 104 106 112 108 105 103 89 82 64 70 64 61 74 85 87 90 77 105 146 100 57 56 46 63 54 52 52 49 51 81 73 70 60 63 91 110 108 105 110 102 113 101 105 106 105 103 104 101 101 103 104 102 100 95 102 103 99 97 99 110 109 106 113 99 108 105 103 99 98 101 104 99 97 104 100 106 102 103 111 105 103 107 110 107 103 98 99 97 107 102 109 109 99 95 89 90 100 107 99 100 111 102 105 106
110 108 104 100 111 104 108 115 101 104 104 109 101 101 93 90 92 97 99 105 109 109 98 96 102 103 105 102 114 114 97 96 91 84 98 95 76 65 74 61 63 72 148 129 64 57 55 52 45 52 66 75 82 71 66 66 51 45 100 121 114 106 108 103 107 105 101 101 100 102 103 99 106 100 103 102 103 96 92 98 95 96 100 99 103 104 106 109 104 107 100 103 106 96 104 105 102 103 97 104 106 100 104 105 103 109 113 111 108 97 96 104 124 100 99 101 102 106 101 95 106 95 101 94 104 102 96 105
104 116 100 96 101 108 102 109 101 99 110 116 108 108 102 90 94 103 104 101 92 94 98 103 101 98 94 107 102 113 100 101 105 97 96 107 108 103 104 87 108 74 135 162 124 74 71 88 86 85 105 113 110 104 75 63 44 29 86 106 119 100 96 99 97 103 105 93 96 97 98 100 100 102 96 102 98 99 97 100 105 103 95 95 106 106 92 108 105 108 105 101 103 103 100 100 104 109 103 105 101 98 108 101 107 108 103 105 102 104 106 99 97 107 97 94 104 105 104 111 116 109 98 96 98 100 95 99
102 110 109 105 96 102 103 107 104 100 106 106 112 109 106 103 99 96 102 99 104 99 102 104 104 102 99 103 104 112 100 99 108 106 93 87 91 96 98 101 102 61 83 159 158 131 103 102 89 100 96 113 95 93 86 85 60 37 87 105 101 103 95 100 94 98 98 94 101 98 98 104 101 100 103 100 105 95 105 101 102 105 104 105 99 102 98 102 99 99 104 95 100 100 95 111 104 106 105 100 105 99 109 101 105 111 99 101 99 104 116 109 102 108 100 98 100 121 114 105 99 105 105 101 103 98 103 104
103 104 112 113 103 104 104 107 107 110 105 106 109 113 109 117 101 103 100 107 101 97 109 106 103 102 102 100 105 107 109 100 101 101 101 89 97 103 107 99 101 81 39 120 152 161 165 146 118 105 82 105 94 79 85 66 83 60 99 127 125 102 107 104 105 96 96 94 102 101 104 99 98 100 99 96 99 90 95 99 98 100 110 102 92 97 99 102 101 100 97 99 94 99 103 111 110 100 98 99 103 98 98 101 100 101 103 103 104 103 103 107 117 109 113 105 112 111 111 109 101 98 109 102 104 100 99 106
109 108 105 110 108 107 109 105 107 101 107 108 105 106 115 117 104 96 101 104 104 109 117 112 117 103 100 109 108 102 112 108 102 105 98 89 92 108 105 105 102 98 38 43 102 136 148 112 78 97 72 93 76 72 77 49 94 148 107 129 84 88 100 106 101 101 98 101 103 97 89 94 102 102 95 97 95 100 102 105 102 101 98 98 103 100 101 104 102 100 104 98 97 98 104 93 101 100 106 95 101 100 104 105 100 107 113 108 106 109 100 108 118 120 116 111 112 112 115 105 99 96 107 106 101 106 94 98
108 108 102 109 118 111 110 108 106 99 99 107 106 109 112 111 113 98 101 103 106 109 112 109 104 104 106 106 100 101 104 107 108 108 98 100 95 101 101 102 114 98 56 30 27 56 51 39 65 83 82 77 69 76 77 37 67 116 128 119 45 98 102 92 97 100 99 102 98 103 100 105 93 97 96 99 96 95 96 95 103 106 99 97 100 100 102 103 99 100 100 98 103 101 107 101 101 96 108 96 109 103 102 102 103 112 108 109 105 113 109 104 100 110 109 112 113 116 115 96 102 97 101 102 105 97 101 94
106 97 105 104 105 114 114 105 110 102 96 105 104 109 104 99 106 104 93 100 104 111 108 109 102 111 110 103 101 101 99 104 105 98 99 106 100 115 106 111 108 107 90 33 22 23 23 28 70 81 93 86 77 72 67 47 19 57 118 111 34 95 95 94 105 99 102 97 103 91 100 101 101 103 97 102 104 97 95 102 92 95 99 100 98 97 98 103 101 106 92 93 100 107 107 104 109 106 110 101 111 106 103 100 107 104 112 110 113 111 102 108 106 108 108 110 106 104 109 107 109 106 101 95 105 101 99 94
104 109 111 105 108 107 103 112 108 109 107 111 107 103 105 109 104 102 102 95 102 113 113 110 109 97 104 100 110 109 115 106 100 105 102 101 105 105 104 102 100 105 100 68 26 25 26 44 76 65 76 70 76 62 58 57 28 22 46 103 83 96 101 103 102 97 103 103 104 99 102 100 99 100 99 99 97 101 98 100 103 104 102 96 98 98 94 103 96 103 102 99 108 110 114 109 110 110 114 108 106 104 109 109 99 103 104 111 116 108 108 107 109 103 107 105 104 106 106 116 113 113 111 104 99 100 102 101
103 103 108 110 121 106 94 100 103 106 106 107 109 103 107 99 96 89 96 88 93 109 105 103 102 108 113 117 118 120 115 106 107 106 109 105 103 99 101 100 110 112 101 96 55 21 17 32 53 52 68 77 59 45 51 55 28 19 19 42 82 102 103 99 94 101 101 107 96 103 100 99 98 94 95 104 96 101 98 105 109 103 100 105 104 108 106 99 97 107 102 102 103 107 106 109 106 108 110 110 106 113 100 107 108 109 103 99 102 112 112 107 110 109 96 104 97 99 109 107 111 105 114 104 99 100 107 107
115 108 104 107 111 100 102 114 110 110 108 107 111 99 109 102 97 97 94 101 106 113 109 111 110 112 109 115 115 114 111 114 110 113 102 102 109 99 98 100 114 110 112 100 89 48 19 18 31 40 66 72 50 32 33 20 23 18 24 44 52 109 106 94 95 100 104 105 100 102 98 96 100 100 96 101 103 101 101 97 103 97 108 103 95 97 108 101 99 105 102 103 104 106 104 105 98 102 96 108 105 101 106 111 105 105 105 101 101 97 102 106 98 108 101 99 99 105 104 104 114 114 106 104 104 103 113 97
117 107 101 102 91 98 105 96 102 102 101 94 98 90 95 92 95 95 101 105 105 109 109 115 118 112 115 118 113 113 109 113 117 110 102 105 103 96 102 112 114 124 108 105 99 93 46 16 26 30 59 70 55 29 18 22 20 21 17 23 38 98 100 97 100 101 103 98 103 104 100 95 98 103 98 98 106 100 103 100 106 101 95 101 95 100 102 97 102 104 104 104 103 100 106 105 105 105 104 100 103 103 108 109 107 105 111 105 103 101 101 107 105 107 105 99 105 103 103 101 115 114 114 111 110 103 96 102
106 93 94 91 90 90 97 92 94 92 92 99 98 97 94 95 109 108 105 105 108 115 110 115 114 112 115 109 106 108 105 115 110 103 99 94 102 100 109 113 130 124 111 115 113 86 79 45 20 52 63 64 83 66 18 25 24 26 42 84 94 104 89 95 99 94 98 102 103 104 96 97 99 109 103 108 107 103 101 97 102 102 96 99 98 100 100 106 108 105 99 99 111 106 105 102 106 109 111 109 107 108 117 113 106 102 106 106 102 104 98 105 102 105 102 109 102 102 100 103 102 106 103 110 110 110 102 117
97 103 101 94 91 97 99 100 97 93 94 103 88 98 96 100 105 114 121 115 122 107 100 114 115 112 116 116 114 117 121 115 103 99 108 105 112 105 104 146 135 127 112 112 113 90 86 79 31 55 61 67 81 82 28 25 33 75 89 96 107 105 97 100 101 99 99 100 105 97 101 102 101 101 99 102 105 109 103 104 101 98 99 96 109 101 111 112 109 105 101 100 116 111 108 101 100 102 109 112 102 102 111 103 108 104 104 107 101 105 101 119 110 102 106 103 102 109 96 100 104 103 105 106 114 108 108 116
91 96 104 93 93 97 99 97 94 99 103 102 97 95 98 98 103 110 112 118 118 113 111 116 114 116 115 121 120 113 109 102 113 98 93 103 108 110 107 116 110 116 122 109 101 97 91 87 45 56 60 72 80 78 52 26 74 92 90 95 117 102 104 102 103 103 101 96 102 97 100 98 104 105 101 103 100 102 97 98 103 101 103 99 101 107 107 102 101 100 107 112 104 106 103 102 104 98 97 102 106 98 97 101 107 111 97 103 104 106 102 100 103 106 96 100 95 105 113 99 101 106 104 109 108 105 111 112
91 93 107 106 98 101 100 95 94 101 98 92 104 106 104 96 94 103 111 115 120 123 110 110 110 121 120 112 113 114 100 105 102 105 107 102 101 105 99 104 111 124 113 105 101 97 88 66 46 73 63 73 75 80 69 36 83 83 93 100 116 96 99 100 101 102 101 102 99 101 100 97 105 104 101 101 107 98 108 103 97 104 106 108 103 100 99 102 102 103 102 108 104 101 105 101 98 106 103 108 100 96 97 102 99 101 100 110 103 103 100 99 107 103 101 99 105 100 107 101 108 115 104 104 101 105 119 113
90 102 108 109 101 99 100 97 102 100 102 96 101 106 99 100 100 102 103 95 104 113 102 112 106 103 99 97 94 107 113 116 106 111 114 100 100 95 92 101 102 109 95 97 92 92 96 70 39 64 68 72 82 65 55 44 81 87 94 105 117 105 104 104 102 101 103 99 98 99 102 104 108 101 102 97 104 102 96 101 96 97 103 102 95 103 107 101 106 104 106 109 100 102 103 106 101 102 108 100 106 101 103 107 106 105 113 108 101 104 101 100 103 100 98 100 99 101 94 102 105 98 101 109 106 102 101 103
104 100 96 103 104 93 92 92 101 94 98 103 97 104 108 97 107 103 99 117 117 105 97 102 94 94 98 94 104 121 121 124 111 104 113 113 113 108 99 99 96 105 115 106 87 97 101 84 67 54 65 70 84 42 62 68 79 85 90 118 122 118 120 113 101 94 92 96 102 98 97 95 97 100 101 100 107 101 103 99 98 97 95 104 108 104 108 111 104 105 100 102 94 101 105 103 98 98 105 99 103 100 104 101 113 112 110 113 108 106 103 103 111 105 108 105 106 105 102 97 103 106 105 100 103 107 108 105
113 101 96 97 112 99 86 100 105 97 105 106 108 112 113 103 107 109 106 109 102 98 97 101 101 101 99 103 116 125 119 110 110 124 124 119 126 120 115 103 97 107 110 120 98 105 111 90 78 62 65 65 63 78 71 81 88 93 90 106 110 117 123 117 110 100 97 103 98 92 100 101 101 103 101 101 106 96 96 103 102 103 100 101 102 99 102 108 107 101 99 94 97 97 101 93 97 101 96 101 96 97 98 95 106 113 106 109 110 103 108 106 106 111 107 102 103 104 106 95 103 100 113 107 96 101 110 111
90 89 96 102 95 98 103 97 93 100 112 118 114 107 113 106 112 112 104 105 95 97 102 106 99 106 99 114 122 119 119 106 115 124 125 118 118 115 113 108 101 99 102 126 105 117 119 91 69 53 66 66 82 80 68 86 97 105 97 104 108 111 110 119 114 104 102 102 100 100 101 100 103 100 102 100 95 96 94 96 97 96 102 101 99 106 101 109 99 101 98 101 102 101 105 98 103 107 103 103 105 97 98 98 97 110 108 101 101 103 108 100 106 102 104 103 106 111 99 106 106 110 113 110 112 103 101 99
94 93 93 99 99 100 95 103 104 101 106 119 118 112 116 110 118 119 108 108 113 105 100 107 103 104 99 116 120 113 104 103 127 128 118 115 120 122 115 100 92 92 110 104 102 120 121 99 66 57 60 51 91 78 73 92 98 100 99 111 107 113 104 106 99 100 102 94 101 101 98 100 102 98 101 93 99 92 97 102 104 101 96 98 104 98 104 105 96 96 100 106 95 98 101 97 107 99 103 107 101 102 98 101 95 105 104 104 108 103 97 100 103 108 103 99 98 99 103 105 103 102 108 106 110 105 105 97
96 89 94 98 95 98 105 102 106 107 104 107 105 113 116 106 116 123 117 114 112 120 106 110 120 120 113 120 120 114 103 108 113 124 118 105 113 116 107 96 96 100 108 106 104 107 120 101 67 59 77 65 82 84 96 90 92 95 100 111 108 113 110 97 108 108 110 108 96 103 106 99 95 98 97 99 101 97 100 101 103 103 101 95 97 91 98 100 100 96 106 99 94 98 103 105 100 100 97 97 100 101 100 104 106 102 94 98 98 101 100 104 103 111 114 108 101 103 107 103 104 104 104 109 106 106 105 97
96 89 97 98 101 97 101 100 104 107 108 107 106 115 117 112 111 118 114 119 113 113 114 98 113 117 113 119 116 108 110 103 109 116 108 116 112 122 111 100 100 93 96 114 120 115 107 84 67 81 111 99 65 74 91 84 95 89 93 108 109 116 114 114 109 109 103 111 100 94 94 102 107 104 93 100 102 105 99 104 99 104 102 97 104 100 99 100 100 96 104 104 103 106 103 107 102 97 105 96 96 101 103 107 101 99 99 105 103 102 108 105 106 101 110 108 107 106 104 105 100 104 105 108 97 100 102 98
105 94 94 93 97 95 105 97 100 109 104 110 110 123 111 111 105 109 119 118 115 105 100 99 105 113 114 102 102 100 100 97 100 101 110 107 91 114 121 110 102 104 94 96 115 119 115 90 59 75 95 97 76 59 85 86 91 99 94 109 118 117 117 117 114 105 108 116 107 100 100 91 106 103 93 92 101 107 102 101 104 96 98 95 109 108 104 99 108 96 104 108 102 99 99 97 97 102 99 97 99 96 102 103 99 111 112 95 105 105 105 100 98 99 102 113 110 109 110 113 112 104 103 105 103 100 100 100
101 93 89 94 92 96 101 99 106 104 110 114 110 116 109 120 117 109 109 119 113 99 101 111 110 115 103 106 109 99 103 89 104 115 108 108 89 100 116 117 112 112 112 102 121 115 110 86 48 27 32 39 64 59 96 97 94 99 91 105 118 119 116 114 117 104 105 112 108 97 98 94 94 98 95 99 103 97 96 99 98 96 97 100 103 97 97 99 98 94 99 100 100 103 104 102 99 101 100 99 99 99 100 98 95 105 105 102 99 105 97 96 97 97 97 105 106 104 106 105 111 103 107 102 105 100 102 110
95 102 96 98 92 98 98 113 103 109 104 104 119 116 121 119 111 111 111 109 109 105 102 133 116 103 99 107 100 99 99 100 113 108 104 112 113 113 107 108 115 107 106 112 110 114 112 111 82 33 24 29 64 85 100 102 97 100 100 111 115 111 114 118 118 111 110 118 109 106 104 98 92 94 96 101 102 99 95 101 101 98 95 101 103 104 97 94 100 99 97 94 99 103 104 100 102 108 110 102 96 99 98 95 104 100 104 97 98 102 97 101 100 102 98 98 98 102 106 101 100 107 115 107 101 108 105 106
96 95 100 100 97 97 112 112 117 105 110 110 123 123 116 117 104 110 111 105 114 108 103 118 110 102 103 108 96 98 101 116 114 110 104 111 116 122 102 105 111 103 98 98 98 109 116 117 105 85 79 78 91 92 102 99 101 93 104 113 107 112 105 113 110 107 105 106 114 108 105 99 105 105 100 101 104 103 101 100 92 98 102 109 101 95 99 101 99 101 96 97 96 99 98 100 107 102 98 102 97 102 101 98 101 98 103 97 93 98 103 101 111 108 96 96 97 99 98 102 100 104 111 113 104 107 106 103
94 98 101 97 104 109 127 114 113 104 107 108 118 123 113 125 106 113 118 117 116 101 103 103 107 109 109 98 93 91 107 112 111 113 102 109 112 111 92 94 95 93 93 96 98 104 99 95 101 103 105 97 97 98 102 99 100 95 89 102 99 109 108 105 105 102 108 113 116 107 101 97 102 103 99 100 98 103 96 102 98 96 97 100 104 104 95 99 102 98 91 92 99 94 99 100 98 101 104 97 101 99 100 104 96 96 95 94 102 104 100 95 108 101 98 103 96 101 99 101 100 106 101 110 104 113 108 102
94 100 100 98 94 109 114 121 104 110 109 125 116 101 116 112 104 110 117 122 114 95 105 106 97 115 98 93 99 97 102 116 105 113 107 111 109 110 94 89 98 96 91 100 100 100 98 97 93 95 90 91 96 94 98 97 100 115 107 94 93 104 109 106 128 116 107 108 103 105 103 103 102 98 101 98 101 97 97 98 103 106 95 100 104 110 102 105 104 105 102 97 104 101 101 101 101 101 104 101 100 101 103 98 93 98 98 102 102 104 101 100 102 91 102 107 98 100 109 104 103 100 103 108 111 109 108 107
98 105 108 98 99 121 115 111 111 114 103 119 112 103 116 103 105 103 100 115 111 105 103 99 102 99 92 91 99 105 104 115 104 117 115 104 113 110 106 106 113 111 104 112 109 109 120 118 103 95 99 98 108 90 98 93 107 118 119 120 116 108 113 111 117 129 110 107 107 99 101 105 114 95 97 92 101 105 107 92 103 95 106 102 106 105 98 98 106 104 104 101 100 109 97 96 104 103 107 96 99 101 102 99 87 94 99 98 98 102 100 106 97 99 102 105 100 100 101 99 105 100 108 112 106 103 107 112
109 107 107 110 98 103 113 114 108 109 118 106 109 111 113 104 106 103 106 112 104 109 105 102 102 89 95 100 99 102 102 111 115 122 124 108 111 105 107 110 116 117 113 120 122 119 123 125 125 117 108 117 108 99 99 93 97 108 115 121 112 109 109 108 107 115 113 106 108 111 106 110 111 109 108 103 96 96 96 93 101 104 107 99 104 111 102 97 99 108 109 101 104 99 97 101 108 100 100 97 102 89 92 105 99 96 98 104 106 105 98 98 96 94 100 100 100 99 99 95 94 106 106 109 109 114 110 117
104 105 105 108 106 108 111 113 105 107 114 112 109 108 106 108 108 112 108 106 105 104 108 102 105 98 111 109 98 97 109 104 110 118 119 111 115 112 113 106 122 122 114 111 118 125 117 116 123 120 115 112 101 101 98 93 101 105 105 114 102 96 103 107 112 113 115 113 116 122 115 112 114 106 115 111 103 94 98 92 97 97 108 101 106 105 103 105 98 99 104 99 102 98 103 99 97 97 100 100 99 99 98 106 103 99 101 104 105 104 101 100 98 96 97 105 102 102 99 106 104 100 107 104 109 110 118 106
101 99 105 107 111 113 105 108 113 114 109 108 112 118 110 108 107 107 100 104 102 96 106 105 101 93 103 100 119 123 106 104 111 122 117 111 105 112 110 112 113 114 116 114 114 111 106 106 105 111 101 106 103 97 99 95 98 98 110 123 112 106 106 112 118 115 105 112 110 116 109 105 113 112 117 101 104 103 99 101 100 97 108 102 107 103 99 101 101 102 101 101 97 100 107 118 100 93 101 99 97 102 96 100 107 101 98 95 101 97 102 105 104 96 100 104 98 99 104 104 98 101 106 100 100 112 115 100
108 113 106 103 106 114 116 110 114 114 118 111 116 118 109 107 105 109 100 104 99 90 99 104 109 100 96 113 123 110 107 110 115 111 107 106 112 112 114 110 114 110 114 117 122 110 116 113 121 121 106 109 102 94 98 92 87 99 109 118 124 110 109 124 122 123 106 105 110 112 110 107 113 111 112 109 95 94 97 97 97 99 108 101 100 101 99 97 101 103 108 110 107 103 104 112 99 98 101 97 101 98 94 100 106 100 97 100 99 99 102 91 97 99 102 98 97 105 101 98 101 97 103 106 101 95 103 105
117 129 105 111 116 110 109 112 111 112 123 118 115 111 109 115 108 110 102 105 104 106 104 115 106 113 99 110 107 100 105 110 103 109 104 119 116 109 113 114 116 110 112 107 109 110 112 115 114 116 111 110 117 107 103 94 93 101 107 103 112 109 110 125 115 114 104 110 113 106 111 108 115 119 111 110 100 93 90 92 96 100 101 97 99 102 99 100 105 115 124 118 118 110 109 107 103 98 103 101 99 106 104 99 105 100 93 96 100 99 111 102 100 94 104 100 96 99 98 101 97 102 111 117 115 96 101 100
102 100 112 109 114 109 109 109 121 112 110 115 105 109 118 117 104 103 103 107 108 108 102 113 112 119 104 107 116 112 102 111 108 113 118 118 115 117 114 112 113 111 116 115 110 111 116 117 113 113 111 112 120 121 121 97 111 105 105 110 107 102 104 114 116 117 111 116 117 106 106 110 114 110 110 111 98 100 103 102 98 97 96 105 103 97 102 107 110 111 114 126 118 111 114 109 115 104 99 97 101 108 102 106 100 98 100 94 99 102 100 104 104 94 96 96 98 97 99 99 91 99 102 104 107 110 103 103
102 103 108 108 114 108 105 111 127 118 109 111 111 106 113 108 108 111 111 104 106 108 107 117 123 120 102 100 117 115 107 105 111 107 109 105 113 110 112 107 109 114 117 115 118 113 106 109 112 112 117 122 124 117 117 117 125 119 118 112 106 106 109 115 118 119 111 113 112 111 109 104 111 110 108 110 110 109 113 111 100 106 100 111 107 104 110 113 108 109 111 111 110 113 124 116 116 97 107 98 102 102 101 103 103 103 103 108 100 103 98 98 95 99 102 98 95 102 100 93 94 97 98 105 97 105 101 105
98 99 100 113 114 109 111 107 110 110 117 112 107 106 111 106 106 110 111 104 110 118 109 120 116 105 100 104 114 119 111 106 105 104 101 110 112 115 111 105 109 115 111 109 119 108 103 112 114 116 120 120 133 117 121 126 122 115 120 105 106 111 105 114 125 124 117 117 110 111 108 109 115 113 105 108 102 106 117 110 117 109 106 106 123 117 116 118 114 113 110 106 113 111 113 111 108 109 114 97 105 103 99 104 102 106 97 108 102 95 96 95 96 97 100 97 94 97 95 99 99 100 100 106 101 98 105 108
104 103 103 109 108 108 103 110 108 108 113 108 104 103 109 112 113 118 109 108 116 106 119 122 105 95 95 103 109 117 115 104 108 109 110 112 109 113 109 109 112 114 120 112 111 118 115 118 119 107 112 121 122 116 116 115 114 109 102 108 117 121 113 111 119 123 131 127 118 122 109 110 111 106 103 111 110 107 110 110 114 115 113 108 113 117 116 114 111 112 112 107 114 108 103 110 115 110 107 99 103 102 100 100 100 95 98 99 96 101 97 103 99 99 98 99 96 95 98 96 98 95 93 101 103 102 97 106
102 104 110 104 103 110 107 104 100 109 112 107 108 114 106 106 105 108 109 105 115 113 126 106 98 99 98 99 107 109 109 106 108 108 112 112 113 111 115 110 107 106 111 112 111 113 116 120 111 114 114 108 106 108 111 107 118 112 114 125 119 114 127 114 110 122 114 120 117 116 121 111 106 111 100 111 109 109 107 105 103 112 111 113 117 118 116 117 104 109 110 102 102 110 108 105 120 118 103 100 98 95 103 102 98 98 100 104 97 98 101 93 96 101 104 103 102 100 99 96 101 94 99 98 96 95 95 101
101 100 104 113 109 106 108 106 109 108 111 107 102 108 109 104 100 107 110 107 116 120 124 117 98 97 94 102 107 109 105 115 107 107 119 117 114 112 111 115 105 109 104 108 106 116 108 110 119 119 121 110 104 113 116 114 115 113 120 116 112 114 118 124 113 100 101 114 116 120 119 107 103 108 110 109 104 104 107 110 101 105 112 113 111 104 100 107 107 116 112 101 107 111 110 113 112 117 103 100 101 105 96 97 97 107 105 103 98 97 100 97 96 93 94 99 98 99 99 103 97 101 95 95 101 103 97 100
108 98 106 113 108 110 110 105 110 107 104 110 101 102 102 103 98 113 112 115 107 115 124 128 102 98 96 109 109 109 102 107 105 103 113 107 111 107 109 107 109 112 111 106 111 120 114 106 120 118 113 115 114 118 124 118 108 106 113 108 106 112 117 119 116 111 102 108 112 117 118 112 114 110 110 107 107 112 110 106 106 103 109 110 108 110 103 108 107 108 110 106 106 111 116 116 118 115 103 98 99 106 95 98 99 100 103 98 100 101 98 107 104 97 98 96 97 96 104 103 97 96 102 94 104 106 100 106
111 101 105 108 100 112 114 110 110 119 98 107 106 111 110 97 95 104 104 104 106 102 113 125 107 99 90 106 112 111 107 107 99 101 108 106 107 107 112 110 107 107 105 101 107 103 110 104 111 118 103 107 110 104 116 118 110 106 109 108 103 109 109 106 111 111 108 100 112 118 119 114 116 105 112 114 112 109 111 107 111 103 110 111 103 110 108 110 110 111 109 107 109 112 118 113 110 112 103 107 101 102 106 98 100 103 103 100 102 104 104 98 101 103 103 101 101 99 103 98 100 99 100 96 107 106 102 104
103 107 118 103 105 106 108 112 108 108 109 105 103 104 110 112 101 105 104 106 105 106 114 114 113 105 101 110 116 111 113 108 108 107 105 107 112 113 109 114 107 108 108 108 106 110 106 107 106 109 108 110 112 109 112 115 111 106 105 113 103 104 102 100 110 112 115 110 119 120 125 111 108 108 112 109 118 110 113 111 119 113 104 107 107 105 104 110 118 108 105 99 114 110 113 111 110 117 105 97 99 98 101 93 93 101 95 98 102 106 104 98 98 100 96 101 95 95 94 94 98 103 98 98 101 100 102 107
105 111 114 101 113 105 107 117 111 102 104 113 101 105 106 103 104 104 114 112 103 105 109 115 114 104 103 111 110 102 109 103 106 114 108 109 103 114 105 110 109 111 112 111 104 116 115 104 107 108 109 107 104 109 115 122 113 109 104 110 108 111 106 100 102 109 105 110 112 117 115 113 111 107 107 111 113 106 106 113 109 109 107 113 106 110 111 112 112 109 109 113 113 105 104 115 114 116 110 103 96 105 105 95 93 89 96 101 97 96 98 100 102 104 102 102 100 96 93 101 105 100 97 98 100 102 107 96
101 118 111 101 108 109 113 108 109 95 104 113 109 105 113 102 93 95 113 116 105 100 109 105 101 103 107 111 107 107 107 101 102 115 108 107 101 106 106 104 108 104 102 105 103 108 116 112 116 115 102 110 107 107 109 110 113 110 114 116 118 113 115 115 104 107 107 109 107 112 105 110 113 111 108 110 112 112 113 109 119 114 105 107 110 109 115 110 109 108 114 113 111 113 109 107 111 107 97 100 99 98 101 105 95 97 93 98 100 102 95 98 99 104 98 98 92 98 95 100 111 99 101 95 101 106 109 103
108 118 113 106 108 109 102 95 100 100 100 104 112 104 107 107 100 103 100 113 112 105 110 99 97 99 99 98 108 104 112 107 113 109 114 108 100 102 104 104 105 103 102 106 108 107 110 120 114 114 111 111 117 111 112 105 111 109 119 122 115 113 116 113 106 110 110 103 101 105 110 109 109 112 106 112 113 109 110 110 107 111 104 109 101 105 108 102 107 112 109 112 114 116 124 115 105 103 100 98 101 97 104 99 96 102 104 101 101 101 98 92 97 108 110 102 104 100 99 104 111 104 108 96 108 114 108 107
116 105 110 108 110 99 97 106 101 104 103 107 107 104 98 107 105 103 105 114 109 101 113 111 96 97 96 105 110 113 111 103 106 102 105 106 106 107 106 110 104 105 110 113 105 111 113 109 107 106 109 109 107 108 115 105 116 103 106 107 109 108 100 110 108 105 109 111 110 112 114 111 106 113 109 113 112 110 108 112 104 113 109 114 110 104 105 105 113 112 113 107 111 110 112 111 105 99 97 101 109 100 105 104 105 103 105 104 99 101 103 100 110 113 112 115 112 103 108 105 109 102 105 105 112 103 105 107
112 103 100 95 105 103 96 107 104 108 104 108 108 104 100 110 113 107 109 109 105 101 106 105 100 101 107 106 109 109 111 104 108 97 110 109 104 105 108 104 111 104 108 108 105 108 107 111 122 105 102 108 107 109 109 107 105 115 110 101 96 92 96 99 111 110 109 117 104 111 117 112 114 109 113 111 113 116 109 112 109 113 107 110 119 115 109 106 116 110 105 111 111 110 108 103 105 99 103 105 111 109 101 105 111 111 113 102 103 103 109 105 108 107 113 115 109 102 108 121 109 106 108 99 103 109 107 111
102 102 106 103 104 92 97 97 99 100 97 105 106 95 102 109 106 107 109 106 128 116 104 107 99 98 102 104 108 114 110 106 111 106 107 108 112 102 101 106 108 105 99 98 102 105 108 106 107 105 104 104 107 101 100 102 103 103 98 96 102 101 100 97 104 109 110 106 104 107 116 111 114 112 121 120 110 111 111 113 118 111 103 107 121 117 109 105 104 109 110 104 105 103 106 106 101 102 102 102 105 113 122 117 116 109 110 112 109 105 103 112 106 102 106 108 101 104 114 130 116 102 106 110 107 105 106 111
95 96 108 112 99 97 99 96 95 100 99 99 104 99 101 112 101 111 104 104 120 121 99 101 99 98 107 122 119 112 111 113 108 106 103 106 111 111 104 102 100 109 106 105 164 110 103 107 109 104 109 110 104 101 101 106 110 103 107 111 111 113 111 107 103 104 105 112 106 104 111 115 109 111 120 113 111 113 110 112 114 109 106 111 110 112 117 120 105 103 110 108 112 105 103 98 103 115 115 105 104 103 111 110 106 103 108 106 106 100 97 103 117 123 108 103 103 100 105 100 102 102 101 104 105 94 107 105
105 92 104 99 90 103 104 94 103 103 107 108 106 99 97 110 107 102 107 106 100 108 107 106 105 100 100 115 121 107 114 123 122 115 109 107 112 114 107 109 106 103 107 103 112 102 106 102 101 107 110 113 103 101 106 105 110 104 116 110 108 108 110 109 110 114 101 105 106 118 111 110 110 114 110 113 121 111 106 112 110 110 121 112 116 110 116 119 116 104 103 102 108 103 100 96 106 110 115 111 111 100 104 106 103 101 108 106 106 97 106 107 114 120 110 90 93 103 99 109 100 98 98 99 97 101 99 100
103 99 97 103 95 105 100 98 91 101 109 98 102 108 98 106 107 105 108 100 103 105 107 109 107 102 99 109 105 116 107 114 109 112 110 106 108 111 115 105 109 108 107 111 104 108 116 106 105 103 111 108 111 113 109 104 107 106 108 110 107 108 113 113 110 115 113 105 99 110 112 109 106 112 110 105 109 107 114 113 111 110 112 109 107 120 103 108 109 100 106 103 99 99 105 107 99 105 101 105 102 104 107 101 103 109 103 105 106 110 106 102 108 108 102 100 105 103 100 99 101 106 108 103 110 114 101 99
103 106 103 99 96 96 100 99 100 98 108 107 104 110 110 101 113 107 109 107 106 107 105 101 109 111 100 110 119 114 104 113 113 111 103 115 112 105 109 108 110 112 115 109 105 110 103 109 101 106 111 109 111 120 104 99 108 102 107 106 107 112 108 103 109 112 109 115 97 107 105 98 97 100 104 101 116 110 99 108 111 98 106 107 104 113 99 96 98 102 107 101 96 108 110 104 101 109 109 106 109 110 116 111 110 111 97 107 111 112 108 107 109 106 112 106 104 112 119 116 119 112 104 106 102 108 108 109
102 99 97 108 108 107 109 93 102 101 105 108 109 104 107 101 105 110 113 112 105 110 111 102 106 102 102 107 116 122 120 114 118 115 105 104 110 106 103 103 102 104 104 107 109 102 100 101 103 103 112 110 116 109 106 106 109 105 104 111 101 105 107 107 109 113 105 116 121 118 111 104 103 98 97 97 103 109 103 102 101 96 94 106 105 100 96 102 106 98 104 101 117 115 112 105 108 110 114 107 101 108 107 109 111 103 103 105 106 110 116 104 116 112 110 116 114 118 114 111 116 110 123 116 105 98 101 107
104 101 97 102 105 97 102 99 94 96 103 107 112 109 106 98 103 107 102 105 106 131 123 108 109 107 110 122 107 114 111 114 118 113 109 110 108 100 104 105 106 106 96 107 102 102 112 97 104 106 111 107 115 113 107 108 103 106 103 101 104 99 104 107 106 105 103 109 112 114 120 115 114 110 109 103 114 112 110 114 112 106 99 101 106 98 100 97 99 111 100 109 118 115 108 110 106 110 105 103 105 111 105 105 105 113 112 110 115 113 114 109 110 110 119 110 107 112 111 112 111 110 117 120 118 105 105 98
100 100 102 99 102 104 101 96 94 101 98 100 109 113 100 99 102 109 108 104 103 118 141 103 112 102 103 105 108 113 104 101 115 120 116 110 106 102 107 105 104 101 103 110 113 111 111 104 102 106 103 98 111 115 116 111 110 106 105 105 106 103 103 106 104 106 102 101 107 105 105 103 109 106 112 103 114 106 106 121 118 121 109 103 109 100 104 114 104 116 113 110 112 111 105 110 105 100 105 107 107 109 104 109 101 107 108 110 109 114 115 116 117 110 114 113 105 115 114 111 106 108 119 116 116 114 101 101
101 99 105 105 114 111 103 100 101 98 94 102 102 106 106 106 105 105 107 104 110 108 107 105 106 112 101 105 108 114 109 104 112 124 119 110 111 102 105 108 111 113 106 100 110 121 113 115 107 105 111 110 111 110 103 104 114 101 105 94 97 104 102 101 100 113 108 105 103 112 102 108 116 106 102 100 103 108 105 115 106 106 106 116 112 116 117 124 114 110 112 104 111 105 102 97 104 106 107 108 105 104 104 111 116 113 114 109 111 112 112 106 108 113 108 109 108 108 110 106 105 110 114 112 110 116 109 112
104 102 103 116 106 112 103 104 106 94 101 99 97 99 95 101 112 105 99 99 109 105 109 101 97 104 103 104 114 106 110 101 101 116 114 108 113 104 104 104 107 108 111 107 106 113 118 123 116 101 114 126 118 109 105 108 107 106 106 106 107 111 105 100 104 109 109 107 111 110 114 114 118 112 119 104 108 110 112 111 109 112 107 109 106 109 113 106 111 114 115 115 107 100 102 98 95 100 109 105 113 112 108 108 110 110 107 104 100 106 111 99 109 107 105 108 114 114 106 112 114 104 113 107 106 115 110 109
94 106 114 107 108 103 105 108 103 101 101 100 92 87 94 92 105 112 108 95 100 99 101 102 103 102 99 103 105 108 115 104 104 102 97 97 106 106 110 108 103 110 108 109 103 106 109 118 113 105 123 122 122 117 113 115 110 110 109 100 102 110 110 104 110 113 109 107 105 105 113 111 108 117 114 117 109 100 107 107 109 116 117 116 106 102 114 112 111 115 113 103 107 99 97 105 100 104 104 107 105 106 112 115 109 109 111 104 105 105 106 113 111 105 105 112 102 113 108 105 122 116 116 114 106 107 121 117
97 107 102 97 104 105 104 103 102 98 94 93 95 100 92 90 102 105 102 98 105 107 105 109 105 100 96 111 106 104 111 112 102 99 101 103 111 104 100 107 115 112 107 104 100 106 107 107 99 105 120 120 119 121 122 115 110 111 107 114 113 109 105 112 103 108 110 111 100 103 113 114 115 118 117 119 117 115 119 120 110 110 110 115 106 103 99 105 104 110 106 104 104 96 100 102 103 115 107 107 110 105 110 116 112 120 110 102 106 104 106 107 104 101 108 114 103 107 114 115 112 120 116 111 116 105 109 117
100 111 103 100 101 107 101 100 100 102 100 96 101 102 94 98 98 107 99 104 105 109 106 105 104 102 99 107 110 105 106 116 105 103 96 102 109 106 101 106 109 114 107 103 103 105 107 102 109 106 104 110 117 120 122 121 104 105 104 108 111 110 114 116 106 109 112 110 107 111 113 113 118 114 115 118 116 121 121 118 112 120 113 112 114 110 98 109 111 108 108 107 108 103 110 120 106 118 119 100 106 111 107 110 107 121 109 98 100 100 101 105 104 99 102 118 112 119 110 109 111 115 114 110 118 114 110 110
104 98 100 103 105 109 112 105 100 102 99 98 93 92 101 96 97 104 109 101 106 106 115 108 102 103 104 100 98 109 105 111 108 105 104 101 99 106 104 105 108 113 111 114 104 113 116 110 109 109 110 103 104 113 109 110 108 107 107 113 100 110 107 104 108 108 104 99 106 119 112 117 121 113 117 115 116 116 119 121 126 116 111 110 117 114 107 104 108 116 108 110 108 105 115 117 108 124 126 112 109 106 111 113 100 110 112 101 102 103 97 98 103 112 103 111 104 104 111 117 118 117 111 107 110 116 110 116
99 98 101 105 110 105 103 95 107 98 98 96 97 97 104 95 102 103 104 107 108 103 107 111 108 100 110 94 97 111 102 101 107 111 113 101 96 110 105 103 101 101 109 115 99 102 105 108 110 104 109 108 94 102 112 106 116 116 112 118 105 108 110 105 101 104 105 99 104 120 114 112 112 113 112 109 116 113 117 119 120 123 119 121 113 109 113 108 108 103 113 111 109 108 113 104 115 125 131 120 125 107 103 115 117 107 102 104 105 100 98 97 116 120 108 101 101 103 108 111 115 121 115 113 105 119 116 116
98 110 105 102 112 102 97 98 107 95 91 88 97 100 98 96 97 99 101 106 116 102 111 95 105 100 101 101 97 105 106 102 103 102 106 113 101 97 102 106 100 115 100 93 95 98 108 111 109 97 98 99 102 109 113 109 114 118 117 134 134 122 111 107 104 105 104 111 104 110 109 110 109 115 120 117 117 114 116 124 126 119 116 121 114 110 109 107 106 104 114 114 110 110 118 111 119 128 127 125 112 108 106 110 117 113 107 104 100 99 92 100 103 110 109 95 104 105 109 111 109 113 114 113 115 114 110 100
104 105 113 107 107 106 92 100 111 102 99 95 97 103 99 94 100 99 98 96 103 104 103 98 107 100 97 100 95 104 101 108 100 98 104 108 104 104 104 103 96 93 90 88 95 104 104 108 103 101 98 105 115 117 109 109 108 129 124 125 135 122 110 100 107 107 101 100 102 106 109 116 125 104 113 113 115 118 121 125 120 115 116 118 116 105 108 104 100 111 111 124 113 108 119 114 112 106 107 109 105 103 106 99 102 109 101 95 102 105 97 108 109 116 118 115 107 107 112 109 113 105 117 112 120 122 111 103
105 108 112 106 104 101 99 98 102 103 98 100 99 99 98 94 96 98 94 101 104 99 94 95 105 103 106 101 93 101 102 103 98 106 103 100 104 103 102 98 94 94 96 96 93 99 105 105 105 98 98 100 110 103 113 114 103 114 111 114 120 119 120 111 107 111 104 108 104 110 110 119 119 110 110 103 112 113 117 121 119 119 115 121 126 115 114 106 103 106 118 116 110 106 105 104 116 112 100 103 112 98 98 97 100 101 101 109 110 111 101 104 107 116 105 111 112 105 105 109 111 106 108 117 118 126 115 109
108 111 108 108 111 103 97 102 95 96 93 90 87 91 100 95 97 102 98 97 97 98 101 96 101 109 113 114 103 93 104 98 98 101 100 101 97 106 100 97 101 97 97 102 97 99 97 99 102 107 103 114 105 106 108 105 100 104 105 113 106 115 113 107 109 103 109 115 109 107 114 115 109 107 112 110 123 117 115 121 122 118 115 108 119 119 115 118 119 107 106 108 103 100 101 104 108 109 105 108 99 92 98 95 99 104 108 106 106 100 98 94 97 98 104 115 114 103 107 113 108 114 114 109 116 117 107 110
108 106 106 103 97 97 107 105 98 99 100 92 92 97 91 97 105 99 99 96 93 97 99 93 96 109 104 113 116 103 106 107 100 98 101 98 94 101 106 109 106 95 102 103 94 102 99 105 113 112 97 105 103 104 106 104 99 111 101 105 105 111 105 103 111 119 119 109 111 108 109 111 114 112 118 109 120 121 121 119 119 121 114 111 116 114 107 111 115 108 117 105 102 107 108 102 104 104 102 98 100 97 99 101 103 107 102 101 96 100 102 103 106 101 109 120 125 116 108 114 104 109 121 113 117 113 114 110
102 109 102 96 99 105 108 106 102 99 102 100 90 95 97 91 97 100 98 101 102 94 91 99 92 103 110 110 110 110 108 109 110 103 106 103 96 98 104 112 110 104 107 102 109 104 106 111 109 110 111 108 98 100 103 101 105 104 104 99 100 108 109 117 120 121 117 113 113 106 112 109 118 115 113 117 119 115 119 122 115 121 118 115 117 114 110 115 111 115 124 117 107 102 106 106 107 103 95 102 97 95 102 98 103 98 104 103 100 101 118 107 105 95 106 104 116 123 104 112 108 114 109 109 111 108 116 111
100 105 107 96 99 107 104 102 105 97 94 96 85 89 100 92 92 96 97 106 101 103 102 102 95 106 117 110 102 99 108 117 113 110 105 101 100 101 99 99 114 110 107 104 105 104 106 106 108 108 115 111 108 100 96 104 102 98 101 101 104 99 114 114 120 119 112 111 110 111 106 109 117 115 112 117 112 114 113 116 121 128 117 118 123 111 119 113 120 118 114 110 108 106 102 102 104 98 97 103 98 98 100 99 106 110 110 113 110 103 104 98 102 103 107 107 104 112 112 107 108 111 108 110 110 112 116 108
98 102 105 104 103 105 102 102 103 96 96 97 103 91 98 100 100 88 95 103 101 113 105 97 96 102 105 104 95 109 103 105 106 105 110 105 102 99 100 98 92 105 112 103 104 115 108 99 116 114 113 107 102 105 103 97 95 103 98 98 99 102 114 120 121 117 115 118 114 114 120 117 114 125 119 119 123 117 114 120 123 124 120 121 112 118 117 120 123 114 114 116 104 110 105 107 104 101 99 99 89 108 118 116 112 126 126 119 113 111 112 103 101 103 115 116 110 108 108 113 111 95 104 122 117 111 118 114
101 100 95 106 102 102 104 97 94 97 98 92 94 93 106 116 98 98 92 97 102 108 106 103 101 119 109 102 108 106 101 103 98 101 114 107 105 107 106 108 105 108 103 97 104 112 117 104 114 118 113 112 108 105 97 100 107 106 104 105 101 107 107 112 125 122 118 122 121 109 113 116 108 115 122 123 123 119 111 115 115 124 109 115 114 119 128 123 124 101 109 111 107 109 110 105 109 97 100 96 97 106 116 112 110 124 119 113 111 109 117 111 110 120 125 111 113 117 107 114 115 113 118 124 129 112 115 113
108 95 99 106 104 98 102 99 104 101 98 91 90 93 98 103 115 105 96 93 96 105 101 109 106 106 106 107 110 107 103 109 100 100 107 104 106 112 108 111 115 119 120 102 100 100 99 101 108 112 114 113 114 116 112 107 105 108 95 97 103 105 108 109 126 126 119 119 117 119 112 109 107 109 121 117 127 116 104 114 115 125 116 116 115 118 125 120 122 123 118 117 109 112 113 107 102 108 103 103 103 108 108 111 108 113 119 110 111 113 115 117 114 120 108 106 111 115 121 99 106 111 113 120 121 113 116 117
109 95 93 94 109 105 110 103 104 105 96 91 98 94 96 98 97 97 98 100 98 97 102 106 100 101 110 106 109 108 108 107 99 100 110 107 110 113 112 111 99 106 116 102 98 95 97 99 107 112 113 116 109 110 115 114 108 106 101 99 108 115 110 105 106 119 121 119 123 119 116 109 105 105 109 117 118 114 97 106 115 117 123 121 118 116 116 124 123 120 121 115 118 117 119 106 104 117 117 109 109 116 134 125 107 107 106 106 107 119 105 108 105 105 105 105 115 109 114 109 115 111 118 117 126 112 108 111
102 88 92 98 103 108 111 103 96 94 89 89 99 97 92 96 102 99 95 97 97 96 98 98 98 106 106 99 108 112 111 107 98 94 103 106 105 115 116 114 108 107 106 100 103 99 96 98 103 101 115 110 115 114 113 110 114 113 113 102 102 107 104 98 102 103 113 114 111 117 116 113 116 111 107 102 105 104 94 102 111 113 120 117 113 125 118 122 123 118 110 109 114 121 122 107 113 118 122 120 112 120 118 120 110 105 102 109 108 116 114 103 107 104 102 103 115 116 118 111 109 116 115 115 120 120 120 112
102 100 94 94 103 104 97 96 87 94 92 94 97 93 97 99 103 104 92 98 97 88 99 104 97 99 96 95 99 108 107 106 100 101 104 112 104 110 109 109 113 107 103 109 118 114 108 99 99 99 113 104 109 117 118 111 114 111 110 108 98 97 100 108 103 109 109 104 110 119 115 116 119 113 110 109 117 105 97 98 102 110 100 114 123 117 121 108 116 121 105 107 112 116 120 112 114 117 118 116 109 118 116 119 117 109 109 109 109 113 106 106 109 109 98 102 111 115 115 108 109 125 120 109 115 119 129 120
99 96 93 87 100 97 87 93 99 91 95 89 91 89 99 91 97 91 92 94 96 93 91 94 102 99 97 105 96 107 106 103 101 101 101 104 109 107 107 105 116 115 105 103 106 111 109 105 97 100 113 109 112 110 113 117 110 116 117 113 109 104 106 109 110 100 103 106 112 108 110 121 118 117 112 116 118 110 105 103 100 104 95 112 120 119 118 113 117 115 110 117 120 118 122 126 118 115 112 114 109 112 111 118 120 118 110 102 110 113 106 104 101 103 105 104 111 117 115 113 108 121 118 111 120 121 117 117
88 81 90 97 98 94 92 91 90 90 92 89 87 87 87 92 96 99 88 90 94 93 96 93 107 113 97 105 100 110 103 108 100 105 102 112 117 116 111 110 112 106 105 103 98 105 113 108 98 96 100 102 115 118 114 109 112 111 110 112 113 107 101 112 113 101 103 106 102 105 105 108 108 107 104 106 106 107 109 99 103 103 97 107 108 117 117 112 121 114 109 119 119 117 121 110 107 106 116 110 111 119 111 112 115 121 114 107 110 110 112 108 100 105 102 111 118 118 117 117 107 108 110 109 116 116 121 123
86 92 90 95 97 94 91 92 87 94 93 90 84 95 101 90 91 88 92 89 95 96 93 96 101 110 97 108 108 106 111 111 100 102 98 109 117 111 111 117 106 107 106 103 106 109 120 110 108 104 101 97 105 107 104 109 112 112 112 110 107 111 102 102 106 106 103 100 105 109 106 104 110 115 105 112 123 106 101 102 97 99 99 100 100 116 123 117 122 117 113 117 118 120 124 114 116 114 116 109 109 117 111 116 114 117 118 98 108 111 114 98 101 105 108 117 119 122 115 113 113 112 114 104 120 119 122 125
95 92 98 99 93 95 85 91 91 86 93 89 86 88 99 95 99 93 94 94 94 96 98 94 95 98 97 100 107 109 110 108 99 101 97 102 114 109 113 107 111 106 107 105 107 108 108 115 110 115 107 101 106 108 106 113 104 100 112 114 113 113 106 113 103 102 105 101 107 105 99 103 116 104 112 119 110 110 102 104 103 96 99 100 97 105 110 111 117 118 109 116 122 125 120 112 109 117 119 120 112 105 118 112 115 110 117 103 104 109 104 101 99 92 110 120 119 117 121 116 108 111 109 108 105 108 109 121
97 100 110 111 100 106 102 97 92 97 95 92 90 91 91 94 87 93 98 89 91 91 92 93 100 101 104 96 99 100 118 103 92 97 99 105 108 107 108 113 119 110 108 104 104 101 104 110 119 103 99 95 105 104 106 105 109 109 107 112 109 115 105 114 111 100 94 104 103 106 106 102 110 117 109 107 107 109 106 102 103 100 99 98 97 95 99 102 109 120 117 113 118 121 99 102 109 109 119 130 116 101 117 117 114 112 106 101 104 104 98 104 102 96 117 112 122 119 113 117 108 110 113 112 106 107 110 112
110 102 109 103 105 102 105 98 101 98 89 91 93 97 97 96 90 93 94 88 92 87 92 93 98 98 105 101 95 98 114 102 92 99 98 99 103 105 109 110 108 113 113 107 105 103 104 111 114 108 94 97 100 100 101 103 115 110 108 114 109 114 112 116 111 109 103 100 102 109 111 114 110 115 108 117 105 112 118 125 109 103 100 99 103 102 98 103 113 120 111 116 116 111 102 101 103 101 116 121 110 104 119 114 110 108 102 97 107 99 107 101 100 98 102 113 115 115 116 115 117 112 115 114 110 108 117 112
99 97 103 100 101 93 103 96 101 103 94 91 89 92 95 102 93 92 90 86 102 93 99 92 97 102 107 99 102 99 97 103 101 95 99 94 100 118 120 108 110 111 111 112 99 103 105 119 114 110 99 102 103 100 93 96 107 99 107 111 122 119 110 105 115 114 120 108 97 106 108 107 107 114 113 112 107 109 114 117 115 107 97 105 107 104 100 97 92 105 119 124 112 96 102 101 101 107 115 118 106 103 120 113 109 114 104 102 101 104 107 101 95 99 99 105 104 115 120 113 116 110 109 111 114 115 112 110
101 101 99 95 93 94 89 100 101 108 101 98 92 90 104 92 90 86 99 92 93 89 95 90 93 100 98 92 99 103 104 104 108 98 96 99 103 102 114 108 108 105 111 104 107 101 100 108 113 114 96 101 103 100 96 94 102 102 102 105 109 118 113 109 109 109 101 107 108 103 105 111 112 106 117 115 111 118 116 109 111 113 104 100 100 106 108 100 99 99 101 111 99 104 110 106 101 114 108 117 108 103 109 113 110 108 105 106 94 101 102 103 101 97 98 109 114 118 119 116 118 111 114 120 124 113 112 115
96 95 102 106 107 107 94 103 109 101 106 101 100 94 88 90 90 97 95 96 84 82 95 91 89 97 88 94 100 105 113 111 106 106 107 102 92 90 100 107 116 102 109 107 105 103 105 107 103 105 102 104 100 102 105 99 99 102 104 102 112 108 114 116 111 113 112 109 118 103 98 103 103 99 117 120 107 109 113 113 110 115 108 106 99 102 101 98 98 101 99 96 104 107 109 111 101 107 114 97 98 107 114 116 114 106 107 102 100 107 101 100 98 105 99 114 111 119 120 120 121 122 117 115 112 115 110 117
100 97 98 99 102 100 103 95 103 103 102 104 98 98 86 89 88 95 101 88 86 95 99 97 96 98 95 89 93 99 106 104 101 108 103 103 89 103 108 99 106 104 112 110 109 113 104 103 103 99 96 103 89 99 102 100 98 103 99 98 106 103 106 112 116 109 105 106 107 108 104 95 99 112 108 113 114 115 114 114 109 118 110 102 102 100 100 101 92 95 95 98 101 99 102 104 107 109 108 101 97 88 104 111 117 115 107 103 106 108 98 103 98 102 113 113 118 126 120 119 113 113 118 114 112 123 116 117
97 98 97 91 96 97 102 95 100 115 107 96 94 96 96 90 93 92 92 85 86 88 90 95 93 90 90 91 93 97 98 96 103 112 113 111 97 96 105 98 100 101 106 102 109 105 107 102 101 99 99 98 97 118 101 103 99 98 103 101 100 104 114 116 115 109 105 107 112 110 107 98 98 106 107 110 103 118 113 112 112 113 113 109 107 102 96 100 99 91 96 103 102 99 99 99 108 101 105 106 101 99 113 121 121 115 105 102 102 105 98 98 101 94 102 106 112 116 120 116 117 124 119 119 118 122 116 122
