143 129 139 126 130 120 126 119 128 116 104 113 121 135 131 121 123 127 116 123 132 121 121 121 120 118 115 110 116 123 118 114 126 122 114 119 139 139 144 118 119 139 129 138 148 140 128 145 134 141 143 121 111 122 124 121 129 144 126 138 137 135 134 129 132 134 134 125 115 113 115 117 133 119 122 125 129 121 138 136 157 204 233 250 252 251 253 253 251 246 251 250 250 250 249 252 251 251 251 237 189 145 123 127 124 131 125 137 171 201 220 236 249 251 252 252 252 250 251 249 253 250 252 252 251 251 234 179
130 117 116 119 114 118 117 112 116 124 119 104 120 137 133 129 134 133 121 124 131 126 134 133 121 115 104 126 122 132 137 130 125 129 122 124 127 140 146 128 132 152 134 138 143 153 128 138 137 152 149 135 127 128 115 121 128 137 153 148 139 131 127 137 127 123 122 132 143 151 132 129 120 121 133 131 131 142 149 141 153 170 152 182 216 236 253 255 252 251 252 250 250 251 252 251 250 250 251 252 253 249 225 206 170 142 127 172 234 255 255 253 250 252 251 248 252 251 251 251 252 252 251 250 251 252 252 252
110 110 106 104 108 116 115 119 121 128 124 124 126 126 124 123 112 123 130 134 127 120 124 137 138 123 112 120 126 141 144 136 137 132 129 120 122 129 142 134 132 138 127 125 136 144 125 130 129 137 129 134 134 131 125 125 125 132 144 144 150 139 130 133 134 132 115 131 136 132 128 127 125 135 146 151 148 137 137 136 135 160 146 136 144 145 191 232 250 252 252 251 249 249 253 251 252 253 255 254 254 253 253 234 217 149 122 132 158 193 225 245 253 255 252 251 253 253 251 251 253 252 251 249 252 251 249 253
117 108 100 112 121 119 123 120 123 126 124 133 127 118 122 122 123 127 136 136 120 117 121 121 130 124 124 121 125 120 122 139 139 123 124 128 136 128 122 124 123 126 116 120 126 132 120 117 120 128 128 135 128 129 134 133 126 139 147 134 124 139 139 135 128 125 133 141 123 110 118 121 120 129 144 154 143 135 123 130 136 132 132 137 143 134 161 183 196 211 239 250 253 254 254 255 252 247 236 226 213 184 168 136 130 121 115 120 121 131 139 166 209 230 241 249 251 252 252 251 252 253 251 253 251 252 254 251
124 123 119 120 130 124 128 123 125 131 123 122 118 114 103 118 131 128 124 119 115 131 131 125 137 122 115 123 122 121 118 122 114 114 124 137 136 128 128 115 123 139 130 160 202 202 124 126 147 120 127 141 137 121 123 124 124 125 127 137 181 208 215 216 197 146 122 134 120 116 128 128 136 131 138 150 141 142 131 137 135 121 128 138 143 139 144 177 180 181 194 225 236 240 219 207 201 184 152 136 139 142 133 136 138 124 121 129 113 130 126 132 142 150 170 205 229 246 246 251 253 253 253 254 253 245 232 219
119 117 116 118 122 121 114 123 124 127 119 115 112 111 109 117 116 112 132 125 123 130 127 126 122 116 126 120 125 117 114 115 117 115 132 133 128 129 133 120 124 122 129 144 131 175 134 184 168 116 121 127 131 132 136 130 119 125 183 236 242 236 245 235 236 231 191 139 122 114 125 129 136 125 136 141 142 147 152 147 158 142 140 152 141 139 145 150 195 230 233 235 238 240 219 205 196 173 135 135 127 142 132 129 129 134 124 133 135 131 130 129 121 119 132 147 177 210 218 225 237 248 241 217 217 197 172 168
107 100 116 121 106 108 116 118 125 124 119 117 118 109 120 123 121 122 128 126 124 126 127 123 123 112 116 119 121 118 123 128 131 122 141 131 126 130 151 147 135 128 121 124 119 158 155 137 122 118 114 118 118 128 130 131 122 187 224 221 230 236 235 236 235 217 222 156 130 134 142 133 129 121 134 136 132 120 133 134 156 177 172 144 129 137 138 144 158 195 196 190 211 246 250 240 228 221 154 136 126 133 133 123 125 127 123 132 138 133 125 117 113 123 119 118 142 174 211 211 203 208 207 202 189 157 131 133
123 118 112 121 113 114 121 123 133 180 180 183 188 198 198 193 179 175 152 133 129 138 122 123 125 114 117 109 106 126 167 131 124 137 140 134 130 118 146 148 134 145 144 141 153 136 130 135 132 133 123 132 130 126 129 119 153 214 224 230 239 243 235 233 231 231 227 201 140 135 140 130 126 135 145 138 117 111 128 138 135 143 160 145 136 142 152 144 139 137 125 136 135 170 179 194 225 204 125 132 132 127 124 124 124 115 119 114 129 135 128 123 128 128 133 128 128 128 147 184 191 181 201 191 156 122 110 116
122 119 124 127 115 112 110 116 206 255 254 248 251 255 252 245 251 249 249 213 159 144 133 126 128 119 123 126 124 119 138 180 136 124 110 130 127 128 138 125 131 152 151 150 158 130 140 141 126 131 132 149 137 126 118 128 179 202 222 229 223 238 238 242 229 238 236 220 158 142 137 131 128 140 151 141 128 130 138 140 137 128 145 144 141 154 150 134 131 129 138 137 137 132 134 136 145 146 129 135 122 115 119 129 115 115 117 123 128 133 143 142 128 133 128 118 144 158 138 124 137 159 184 164 124 115 127 131
112 119 127 121 114 113 107 149 249 248 238 247 247 249 248 251 250 249 248 250 251 222 177 143 119 126 128 128 135 133 106 152 157 119 123 134 165 152 144 127 128 161 143 137 149 139 139 128 132 132 134 134 138 129 121 151 186 207 227 218 209 212 235 243 234 239 246 241 172 135 125 131 127 132 135 143 144 137 138 147 134 144 144 140 141 142 141 132 126 130 133 130 128 122 124 133 122 128 152 144 139 127 131 108 112 127 116 133 125 136 136 114 113 140 131 136 145 150 153 134 132 121 146 137 136 174 210 219
122 119 122 121 126 122 139 216 254 249 241 250 251 249 244 241 246 248 246 245 250 254 253 231 185 149 127 135 151 154 145 145 144 143 139 141 153 163 168 136 123 147 153 141 141 144 151 145 144 149 137 134 128 139 131 160 205 220 220 222 241 229 225 234 229 240 233 241 200 133 124 134 127 125 141 149 146 153 149 147 129 143 135 127 137 141 131 124 125 132 143 137 119 112 117 131 127 136 138 126 140 144 141 126 126 142 147 134 124 138 127 126 140 138 146 148 156 151 155 167 186 193 220 227 238 251 254 251
126 116 124 115 117 118 168 252 251 251 250 253 251 252 246 239 238 251 250 252 249 249 250 254 255 240 195 148 137 130 125 136 135 143 143 157 147 146 140 147 145 148 144 134 133 130 134 141 139 151 149 136 131 150 144 174 218 221 208 225 228 235 223 218 212 225 224 220 217 192 174 186 177 160 146 140 154 160 153 165 136 128 124 120 138 126 121 120 130 133 130 138 124 105 111 135 130 135 127 128 144 157 167 159 138 147 155 142 143 139 131 137 153 148 167 193 218 233 243 252 255 255 254 251 237 231 211 210
123 118 119 117 108 105 139 169 222 250 251 250 253 249 250 250 248 240 237 244 250 247 240 220 231 239 241 213 137 130 138 129 138 134 140 137 140 150 149 155 144 140 145 132 132 138 142 146 145 142 138 135 137 139 145 190 219 217 214 216 214 214 202 188 201 206 202 206 199 186 154 162 163 160 161 131 131 140 150 137 118 118 111 122 137 122 116 125 130 118 131 138 130 123 121 132 128 121 131 136 145 160 178 155 138 145 140 151 163 167 164 187 224 241 249 255 255 249 241 237 231 221 227 233 215 215 196 203
107 110 119 114 116 112 126 127 164 198 210 213 217 215 206 202 203 197 196 185 188 182 176 153 150 173 193 188 213 142 115 130 136 144 136 118 132 136 134 138 132 141 141 130 131 135 153 145 144 142 132 129 136 141 139 184 213 196 204 206 190 172 194 207 200 170 153 148 150 112 108 120 113 117 144 158 139 133 136 127 128 122 111 124 130 130 120 132 146 137 130 153 139 133 130 133 122 123 133 138 129 139 142 137 138 150 152 180 206 225 248 254 252 248 244 232 232 233 226 227 219 218 215 219 212 205 194 192
112 114 115 115 120 115 109 120 135 176 163 165 170 179 179 166 161 166 173 170 167 159 173 168 153 164 150 188 182 102 96 117 125 145 133 128 123 121 110 139 149 141 143 138 138 125 138 138 139 147 159 152 148 157 152 179 198 198 175 155 137 168 203 180 151 131 114 99 102 95 93 95 89 93 111 150 155 147 132 134 142 135 120 132 133 129 120 146 150 127 128 141 145 145 147 143 127 130 131 123 125 142 173 205 215 236 249 252 251 248 232 222 215 216 223 224 223 230 225 222 229 210 201 216 207 205 201 194
127 111 104 110 115 125 97 106 121 162 157 146 157 170 175 164 162 164 161 165 162 153 152 162 153 158 130 126 120 108 102 120 139 128 130 132 130 133 135 144 144 142 147 130 127 108 140 151 137 141 161 158 139 150 134 169 172 155 146 153 175 160 131 104 109 100 95 82 83 85 88 94 90 87 101 130 147 138 141 135 127 129 139 129 128 132 122 144 129 120 130 143 141 131 153 160 158 169 175 209 231 243 253 255 252 243 231 218 214 209 204 193 214 224 222 227 227 223 231 218 214 202 209 211 205 201 199 188
109 114 106 114 115 114 111 107 105 123 148 148 148 150 147 141 138 144 142 136 154 143 142 138 136 128 124 115 116 136 128 135 138 133 133 150 144 159 170 166 150 132 129 115 117 105 105 139 140 157 164 154 139 159 143 161 156 161 174 179 132 106 97 86 82 78 66 66 63 61 62 77 71 86 94 136 128 129 155 139 127 120 132 123 128 132 125 122 157 156 161 181 188 197 232 244 245 252 251 255 244 241 234 225 220 216 212 206 198 205 202 193 206 213 212 208 220 224 231 211 204 202 202 199 199 197 185 173
118 122 110 131 115 113 112 113 111 94 105 101 107 109 108 95 105 118 120 108 122 127 131 130 128 118 129 134 138 134 133 114 125 143 138 138 144 137 151 142 153 149 145 142 140 117 110 127 128 147 151 153 151 168 155 163 177 176 135 110 97 89 77 71 70 75 60 61 53 50 58 60 60 73 87 127 130 129 135 141 128 131 133 145 149 154 177 200 232 231 230 244 251 255 252 249 242 239 228 220 210 210 221 220 219 224 218 208 201 198 195 196 204 202 207 206 213 220 217 212 202 201 191 177 184 189 202 202
110 115 114 119 118 125 117 112 112 111 111 104 102 101 112 112 102 113 128 124 128 141 162 115 123 109 120 117 122 116 123 109 118 130 134 141 136 137 148 140 145 151 149 159 211 172 133 131 136 140 148 163 156 154 186 190 159 115 95 87 72 63 66 77 88 96 72 58 53 57 64 66 63 72 102 151 144 147 124 131 159 175 202 234 246 250 255 255 255 251 246 241 226 214 231 225 227 227 228 224 225 225 228 220 211 216 211 196 197 201 197 201 208 215 201 197 219 226 211 204 204 210 208 217 225 239 252 252
109 111 114 113 124 122 118 110 102 113 125 124 116 117 127 170 166 130 144 148 141 137 200 138 118 139 136 122 122 128 129 120 136 133 140 148 145 139 148 145 142 153 143 136 168 181 174 144 145 137 140 145 153 189 181 134 112 87 71 66 77 80 85 96 110 116 105 77 68 72 78 62 68 73 130 160 180 211 213 235 251 255 255 255 249 248 238 225 225 219 230 222 222 204 226 221 224 224 222 225 219 223 224 220 213 218 205 196 192 202 199 204 215 201 201 188 213 219 227 233 248 251 253 254 251 253 252 250
114 108 99 94 123 115 113 122 116 102 112 128 140 131 117 138 211 193 175 186 141 187 184 201 115 112 107 117 122 136 146 143 153 137 143 148 146 138 139 144 143 146 145 151 152 155 151 140 144 140 133 143 172 158 124 85 78 68 67 71 83 101 113 111 109 129 126 97 73 88 98 67 65 160 231 243 252 255 255 254 248 225 183 211 223 223 222 226 225 219 217 220 214 212 221 208 220 222 220 219 217 223 215 207 216 222 210 200 198 199 193 192 210 201 212 223 243 250 253 250 253 250 251 251 251 253 253 251
106 109 107 113 130 122 130 130 132 126 132 139 130 128 120 125 130 209 176 122 105 172 209 224 153 188 204 155 127 128 122 123 134 133 147 145 146 142 134 136 139 141 155 167 154 133 131 135 130 142 136 167 153 95 89 70 54 59 74 82 99 117 106 78 85 126 137 105 86 107 109 69 154 255 250 243 242 232 239 238 227 184 151 197 221 220 219 219 222 223 215 216 218 212 220 210 214 219 219 203 200 215 216 222 231 222 194 181 176 179 181 202 231 246 252 253 252 253 251 251 252 252 251 253 253 251 254 255
134 139 132 133 136 116 116 142 141 125 125 129 121 130 141 125 120 145 147 123 112 111 210 231 180 193 215 237 206 162 136 116 140 140 143 136 156 145 131 131 137 139 140 150 142 141 130 137 133 151 158 155 110 90 81 67 61 54 65 74 106 121 111 117 124 129 139 120 90 93 100 126 218 231 235 224 225 221 224 236 239 211 196 209 223 218 214 219 218 214 222 213 209 209 213 205 224 211 199 199 207 215 210 220 228 226 204 204 217 224 225 243 248 249 248 240 244 251 252 253 252 253 255 251 253 247 237 211
130 116 119 125 141 133 122 136 148 137 131 128 126 129 126 120 111 110 113 113 109 99 134 214 175 122 131 176 188 163 166 142 144 147 134 136 142 137 139 142 141 132 130 126 128 143 140 154 155 146 161 123 83 73 71 65 58 59 59 81 109 135 127 113 135 140 133 118 96 111 119 193 183 175 187 207 225 225 217 220 217 219 211 217 212 206 221 215 212 224 221 215 205 200 208 214 223 205 180 188 203 221 232 234 250 250 253 255 255 253 254 253 253 251 252 250 246 247 253 244 236 228 230 226 209 191 181 164
123 122 123 141 137 137 136 150 139 136 131 144 131 142 129 135 137 113 125 121 109 111 114 128 134 122 129 128 144 138 141 145 133 132 131 139 133 133 119 133 139 141 143 160 145 173 151 154 151 145 153 126 79 81 75 65 59 75 81 103 105 121 115 87 85 114 138 132 113 110 113 101 77 71 90 118 136 158 199 217 210 210 211 213 204 198 214 213 218 223 215 218 207 202 201 197 206 218 207 208 237 251 253 252 253 228 221 250 253 250 251 252 251 252 254 253 247 222 179 157 130 113 137 169 151 149 144 133
141 124 128 128 131 132 143 151 155 141 128 132 137 133 152 162 156 136 140 146 128 125 124 126 122 132 136 124 134 137 131 134 131 121 120 125 128 118 127 128 135 141 152 166 162 152 170 209 230 239 244 221 95 80 74 72 69 75 86 95 89 103 124 99 109 123 147 142 108 126 112 73 64 67 80 91 105 110 136 190 210 213 213 211 201 203 211 213 202 209 201 207 205 205 216 229 245 255 254 253 247 248 247 250 251 230 220 254 253 255 252 255 255 244 223 190 155 127 118 128 111 98 120 117 111 111 109 112
148 133 132 139 127 135 122 135 148 153 146 136 129 143 136 149 150 135 133 151 152 134 135 124 129 125 131 121 121 128 127 129 128 119 123 121 106 120 137 131 150 155 170 217 223 230 240 254 255 248 243 237 178 101 77 72 71 75 82 88 106 117 150 117 100 136 167 151 116 133 92 75 65 71 70 91 116 123 148 165 193 207 214 206 192 197 185 193 194 199 213 226 245 250 252 255 252 253 249 251 250 252 250 251 252 255 255 248 232 217 206 192 192 169 150 133 120 116 118 113 106 112 112 114 103 139 151 152
131 132 128 147 142 127 119 125 131 132 146 158 145 160 140 134 148 149 129 137 139 138 137 112 123 117 123 136 114 121 115 119 127 125 126 151 136 140 179 212 240 247 255 255 253 249 244 231 208 180 179 198 217 210 145 94 79 77 97 116 111 118 159 150 143 156 160 134 110 100 69 73 71 71 71 92 119 124 129 138 156 195 204 208 210 204 174 170 188 231 242 248 252 250 250 253 253 252 251 251 251 252 254 253 249 230 196 163 126 122 135 138 144 139 140 132 122 117 125 117 115 127 143 174 169 171 150 154
139 126 114 110 127 113 114 131 130 128 140 149 155 151 165 139 139 145 137 139 136 128 124 145 135 132 135 136 116 123 113 123 138 160 188 229 226 235 250 255 252 246 237 221 200 192 207 206 181 146 174 195 190 188 212 197 181 156 119 129 122 127 165 180 138 142 140 121 108 85 62 65 71 79 78 86 110 124 123 130 132 163 236 246 252 252 252 251 242 242 237 233 252 248 248 252 255 254 253 255 254 242 221 197 158 128 108 122 119 119 142 141 118 123 125 125 123 127 151 178 182 161 209 202 168 139 109 97
149 127 119 102 142 112 120 123 126 134 137 147 141 184 160 129 136 147 136 142 134 140 152 148 149 160 141 172 195 217 219 231 244 254 255 253 251 245 238 220 198 186 197 192 188 191 202 206 178 157 169 187 189 194 189 201 197 182 125 149 133 128 166 153 118 97 98 101 101 83 61 67 64 70 73 85 96 110 119 128 131 138 220 255 249 251 253 252 252 252 252 248 253 250 253 231 198 226 226 195 172 158 145 142 122 112 125 126 127 115 122 119 128 146 113 102 150 211 154 143 145 131 119 126 123 101 84 102
130 116 119 109 128 119 119 109 121 128 132 138 158 153 137 126 138 126 125 138 131 157 168 168 189 209 231 255 255 255 252 247 234 220 216 207 196 190 203 192 190 200 206 195 194 191 190 186 187 164 184 192 201 193 195 198 197 192 128 116 98 113 119 105 144 124 91 104 96 77 56 71 59 62 67 82 98 105 124 101 89 120 172 248 250 252 252 251 254 254 253 255 252 252 224 161 113 161 194 123 132 134 113 117 117 119 130 137 143 150 171 200 219 173 102 99 105 136 130 125 162 191 128 112 125 126 180 203
116 125 125 121 124 123 113 126 121 130 127 109 119 118 139 150 169 186 207 231 235 243 247 255 255 253 241 221 213 197 182 181 183 178 191 187 186 190 200 202 205 210 209 207 205 198 193 190 182 177 189 190 199 196 198 212 207 202 135 91 97 110 106 136 150 115 96 101 84 70 56 85 57 70 66 83 97 104 93 89 122 142 140 202 254 253 254 255 251 245 229 222 213 222 184 128 103 110 191 156 116 121 118 132 138 157 171 202 228 241 251 197 151 117 89 80 72 105 125 115 130 133 141 105 111 135 172 225
126 128 110 110 126 113 114 121 117 131 136 156 183 204 224 239 250 255 255 255 251 240 230 216 198 189 171 168 174 170 181 197 189 187 195 189 193 187 197 207 202 202 215 211 209 211 198 191 176 177 183 179 191 194 198 209 206 198 151 87 100 107 106 99 104 82 97 100 71 72 59 89 67 59 66 72 83 102 103 106 96 105 83 90 182 248 233 227 204 179 179 195 211 208 155 120 104 93 142 229 154 152 161 179 203 244 243 235 198 163 224 217 132 93 87 71 74 89 137 148 126 138 136 136 142 140 140 146
127 125 138 164 175 186 186 192 217 235 249 253 255 254 249 247 230 217 216 208 191 182 177 172 162 182 185 190 189 187 195 198 198 191 193 188 198 199 191 196 189 206 208 210 200 205 197 203 190 184 193 184 185 193 189 186 174 193 155 107 85 83 107 124 122 110 106 87 74 66 53 77 64 57 63 69 82 109 121 71 90 79 87 123 138 197 192 192 191 181 194 206 208 178 125 105 106 114 130 204 234 188 177 175 169 189 148 137 152 127 133 241 239 129 75 78 101 110 127 197 158 133 145 156 168 148 138 135
231 243 254 255 255 255 255 253 249 242 229 211 196 188 209 212 187 197 200 196 191 191 185 174 158 178 193 183 175 189 194 190 209 212 193 198 200 198 189 199 195 208 212 201 202 195 202 192 182 185 192 178 175 166 169 203 219 242 202 181 89 92 102 117 111 116 106 82 75 71 56 69 71 59 55 64 74 83 74 77 91 102 126 116 100 148 184 177 182 181 177 170 143 122 111 134 157 177 187 181 214 224 138 126 127 123 145 129 149 149 104 150 187 181 150 123 119 138 105 109 139 119 125 133 141 124 141 136
255 251 244 240 233 227 216 211 202 198 187 186 192 197 209 215 195 195 208 198 191 193 181 171 166 186 182 174 172 184 192 197 210 210 199 203 201 194 184 195 204 204 201 195 183 168 178 163 171 172 200 201 201 201 187 207 241 249 243 251 147 92 100 100 105 117 108 72 70 65 57 78 68 53 63 64 69 87 62 83 102 120 115 107 156 148 138 130 128 139 155 150 159 193 200 222 228 213 178 128 106 192 214 144 148 154 161 160 146 131 137 135 145 139 142 137 130 135 124 118 123 115 110 84 75 80 101 138
212 206 211 196 197 207 199 195 206 200 193 191 195 197 205 208 197 193 198 196 191 184 178 167 176 181 180 181 186 179 188 201 205 207 212 209 191 191 189 195 190 183 169 172 178 188 207 218 229 235 247 252 251 252 248 213 230 250 254 238 119 101 107 119 142 140 92 74 78 66 53 79 74 57 59 64 77 80 60 82 121 112 109 109 139 181 161 138 153 186 221 213 208 186 179 177 164 142 142 165 124 110 147 153 142 145 157 171 161 162 143 145 138 145 164 162 153 138 125 129 126 128 128 111 104 91 82 96
198 195 203 190 187 197 199 204 207 202 198 202 195 197 199 188 186 194 190 203 197 187 183 178 186 179 188 186 180 195 217 206 202 196 209 198 182 184 177 200 201 207 210 226 244 251 254 255 251 253 252 251 251 250 252 245 243 249 254 182 89 81 110 128 129 109 76 80 75 68 59 79 72 58 61 67 82 77 65 74 87 100 90 121 144 152 180 159 159 169 182 158 145 123 133 176 206 172 162 174 171 152 146 158 132 139 157 147 153 153 156 162 159 160 142 131 137 141 113 137 145 132 136 127 128 115 96 89
204 201 199 196 181 192 196 210 215 202 198 208 196 198 195 192 191 197 204 209 202 194 186 164 148 161 175 178 183 201 210 198 176 182 215 193 174 187 215 244 251 253 255 250 252 253 247 247 255 255 255 255 251 252 254 254 254 254 239 126 89 73 80 93 81 80 69 73 77 62 62 78 76 60 63 74 90 67 62 75 76 96 99 119 136 153 168 164 114 90 113 134 142 165 177 165 147 158 148 159 164 142 137 138 131 133 141 154 157 156 167 162 172 146 136 134 135 128 115 142 169 150 155 164 157 125 122 121
192 195 195 193 185 192 200 194 208 211 194 198 202 186 187 194 203 200 209 212 197 153 140 133 117 130 147 167 175 214 224 228 239 242 252 255 250 233 224 252 250 250 253 251 251 253 248 247 232 221 223 231 250 251 248 237 220 215 164 106 87 76 55 59 59 76 75 74 69 55 67 86 59 59 58 67 88 63 62 66 80 99 95 107 123 138 160 176 144 101 140 163 179 181 154 139 130 141 165 155 136 122 142 146 168 168 171 159 156 165 156 157 149 143 162 158 161 163 160 157 165 171 156 162 143 125 142 114
188 181 188 186 183 183 185 189 200 208 199 203 191 168 189 194 197 201 209 202 171 133 131 136 156 175 205 241 168 151 212 235 238 235 236 230 222 204 175 164 248 253 252 250 248 253 255 249 168 140 167 184 202 205 196 194 191 172 122 98 79 81 59 59 54 75 68 68 68 53 54 52 48 60 60 60 76 62 60 65 84 98 101 105 119 118 130 161 180 149 155 157 162 142 126 148 164 180 233 172 189 162 162 158 161 150 146 153 158 167 172 168 115 119 132 128 140 133 146 169 173 174 124 109 111 117 107 104
181 185 187 188 187 188 180 188 193 205 190 190 180 157 169 169 159 162 175 187 193 204 227 237 250 255 253 251 220 143 117 136 156 172 171 175 176 170 176 187 244 246 247 255 223 185 217 228 185 171 177 178 189 185 185 165 169 143 111 107 71 78 60 53 55 61 69 74 67 53 48 48 51 57 62 61 75 57 50 68 89 97 96 96 109 111 126 133 166 160 147 145 148 145 126 121 130 130 146 159 162 141 127 139 164 161 147 134 165 140 135 137 108 104 103 134 150 153 126 117 132 133 121 115 114 125 108 116
182 193 202 209 200 186 190 193 195 195 174 166 163 159 182 181 195 228 242 252 253 255 253 250 251 251 252 245 249 228 202 222 231 241 246 252 252 255 255 238 211 195 186 195 148 108 120 159 159 181 154 140 158 163 150 130 132 125 102 95 70 70 51 49 61 54 66 70 56 52 54 55 51 60 61 62 65 63 51 64 92 96 98 107 113 133 132 145 147 165 153 190 143 138 156 156 139 149 157 154 165 132 137 130 135 158 161 143 150 146 135 136 135 127 138 142 148 143 129 133 130 122 124 119 119 111 101 86
176 194 204 212 190 186 183 185 175 173 179 206 223 223 213 232 253 255 248 250 252 250 248 250 252 252 252 253 252 246 254 255 255 255 255 251 239 221 202 201 152 155 139 124 110 119 114 111 117 126 114 123 138 146 145 128 126 118 95 91 68 62 48 50 57 54 67 70 68 60 50 54 51 58 54 61 61 64 56 62 81 95 96 123 137 123 106 115 147 176 152 151 125 127 161 152 139 137 158 154 138 140 132 134 143 156 157 161 168 160 142 121 126 126 120 119 120 128 126 120 123 124 112 106 137 141 119 110
164 176 181 174 176 187 200 204 229 237 222 197 243 250 217 196 219 236 253 253 253 253 250 251 250 254 253 255 255 252 249 244 225 195 185 185 148 143 177 216 155 181 167 142 141 148 142 138 135 139 146 141 150 156 145 152 146 104 103 86 63 62 53 51 50 54 66 76 71 70 61 46 53 53 57 64 53 52 49 61 81 94 97 117 87 64 70 94 113 144 176 234 207 168 153 134 139 136 134 151 133 129 140 146 133 134 134 142 148 149 136 118 118 126 130 109 95 114 135 121 97 104 120 122 156 133 125 113
184 205 218 229 239 236 254 231 183 225 238 226 218 222 237 250 241 221 222 241 254 253 255 255 250 236 240 235 195 172 160 161 144 126 139 144 132 132 141 167 160 163 160 163 162 160 164 161 158 165 173 165 174 216 237 252 215 98 104 85 58 56 52 55 56 50 62 74 75 67 64 50 48 50 59 69 54 51 58 59 86 98 104 78 53 75 98 91 109 130 140 203 255 250 234 213 176 158 153 151 149 138 158 146 124 139 136 130 133 122 134 131 127 136 136 135 146 118 124 119 101 98 105 116 157 134 125 133
247 230 209 240 241 201 207 225 243 237 217 219 232 240 225 234 255 255 252 253 249 244 226 199 184 145 149 154 137 138 137 158 155 146 153 117 110 123 129 147 146 144 135 145 141 153 156 155 168 181 229 228 237 251 251 255 210 100 99 88 64 60 57 60 56 56 57 73 80 70 56 53 53 53 64 64 55 55 58 64 78 94 85 57 92 93 63 84 110 124 113 117 226 254 255 255 241 239 225 197 164 138 139 128 114 123 143 135 143 161 148 146 137 134 124 131 133 141 161 162 159 136 128 120 134 166 133 121
251 249 226 206 213 235 242 226 214 231 254 246 238 252 255 255 240 219 196 178 172 166 163 165 165 143 127 143 146 154 146 156 138 133 134 108 118 145 141 124 100 139 166 176 203 203 230 240 244 252 253 254 250 251 252 250 182 90 94 76 64 57 56 53 60 60 59 79 83 82 60 52 52 49 63 59 62 63 58 66 77 96 77 76 74 66 104 90 101 95 89 117 211 254 252 252 252 255 253 217 141 119 121 101 98 91 117 135 135 136 137 138 131 107 110 124 125 121 110 142 121 113 110 100 113 128 135 137
250 252 255 254 242 222 229 252 253 252 255 252 244 227 202 144 121 107 107 135 150 153 154 157 150 135 125 141 133 120 114 114 117 112 112 124 119 123 131 91 70 153 254 252 255 251 231 236 248 252 250 251 250 250 244 230 145 82 88 75 60 55 58 57 60 64 65 73 80 79 62 54 49 52 58 52 58 55 57 65 78 88 80 60 66 78 70 67 66 66 76 96 155 253 252 254 250 227 174 125 132 144 129 115 109 106 108 131 132 133 138 136 153 136 117 134 132 122 115 123 101 97 96 105 113 114 129 142
253 250 252 248 250 251 255 247 233 218 191 171 148 148 124 87 99 108 122 140 134 141 143 161 154 140 127 129 123 108 113 117 119 126 132 122 121 131 129 84 85 126 220 249 253 237 230 238 249 251 253 253 244 237 210 165 117 95 92 75 61 59 52 54 48 65 68 72 83 83 66 49 54 56 49 56 51 51 53 63 70 74 68 69 75 72 68 62 79 90 98 99 133 255 255 235 182 159 143 130 123 139 139 132 130 131 122 130 158 161 164 142 129 135 136 124 134 143 153 153 145 139 120 121 147 137 139 130
250 235 243 234 180 175 180 165 152 152 141 145 143 147 126 95 106 121 136 144 145 149 146 141 142 149 132 135 114 131 145 142 150 151 130 119 131 135 126 104 108 124 178 210 209 223 243 244 247 241 216 242 220 213 202 164 111 91 94 69 54 62 52 45 57 75 64 61 67 66 60 53 48 54 52 62 57 47 58 58 59 74 63 69 76 76 74 83 96 97 88 83 130 212 203 167 152 151 138 144 141 133 133 128 127 125 127 132 145 177 180 165 139 130 125 139 148 147 146 143 142 126 122 120 129 124 114 112
161 142 162 164 125 132 128 142 138 149 149 151 151 136 102 110 132 137 127 130 148 143 148 128 137 129 128 131 137 153 159 157 139 125 125 143 134 134 119 124 109 112 177 211 189 224 230 232 238 224 209 219 201 205 190 158 109 84 85 62 56 54 49 53 54 74 61 56 58 62 65 56 49 52 57 55 61 60 54 51 56 71 64 74 83 88 104 104 112 116 113 119 139 137 172 157 140 127 132 135 145 148 146 136 134 133 125 134 155 167 163 152 143 125 134 153 150 149 154 153 152 134 125 158 172 161 159 146
113 115 119 123 108 133 137 139 142 150 151 147 131 104 80 112 138 120 123 125 137 122 121 139 143 125 113 136 147 146 139 134 141 138 143 131 118 136 123 121 99 107 152 173 221 220 232 231 224 227 230 188 189 175 170 142 97 84 64 63 52 59 55 54 45 69 59 54 66 64 61 56 62 55 53 58 59 56 53 53 50 69 62 66 78 78 80 73 88 109 101 99 85 150 162 134 117 105 107 126 140 150 151 159 156 148 146 160 157 176 189 180 164 153 147 157 156 146 140 153 146 145 143 155 156 158 161 149
114 119 116 111 111 129 133 136 141 135 136 137 130 127 109 132 132 120 133 131 128 112 110 126 123 132 134 131 128 147 147 145 143 147 132 135 133 157 139 127 138 143 134 124 146 209 235 220 224 235 218 179 169 140 146 130 93 79 70 57 62 60 52 47 54 56 48 51 64 58 57 66 69 45 52 67 61 57 56 60 55 52 65 95 95 96 102 90 69 74 66 58 85 137 127 117 118 113 128 134 127 130 142 142 165 146 135 161 162 168 173 160 166 164 140 134 142 147 142 165 181 175 166 157 138 176 189 178
107 109 106 106 100 126 142 140 138 154 156 145 142 146 136 115 120 133 138 134 139 137 132 126 127 138 144 140 138 143 146 144 149 153 157 155 174 179 158 154 161 144 151 155 131 141 168 174 162 171 188 166 158 137 137 112 84 84 62 57 60 59 60 54 49 60 59 49 56 60 65 61 68 69 73 60 55 56 55 57 59 52 67 99 136 149 157 148 131 113 90 63 102 132 129 117 123 136 137 124 122 129 127 132 132 153 140 134 129 152 188 184 183 167 158 136 115 120 111 136 182 172 161 167 169 176 188 155
95 112 136 161 172 190 186 179 177 169 136 121 121 113 127 130 139 137 153 155 140 141 149 146 140 153 140 148 147 156 157 156 167 151 166 160 174 167 157 157 157 154 138 145 141 131 123 124 126 126 187 153 142 130 126 103 82 81 71 65 61 56 57 55 58 62 68 49 55 56 68 55 63 83 73 58 59 63 54 53 57 57 72 130 157 151 153 144 144 135 99 74 126 140 123 128 136 158 143 117 114 132 134 149 133 138 171 154 129 152 183 188 178 186 186 182 161 148 143 165 185 173 163 178 174 172 162 171
161 188 235 251 242 212 170 140 117 115 115 116 124 136 138 142 133 132 137 159 136 139 143 154 149 154 157 155 153 155 163 162 156 158 154 160 179 158 151 160 151 151 149 144 147 146 132 142 141 162 195 134 123 118 113 102 87 82 76 76 70 62 60 53 53 62 73 50 54 57 64 63 63 73 68 65 59 64 57 58 58 53 88 141 163 157 153 145 155 138 96 78 104 105 123 148 150 146 135 128 123 134 146 137 133 120 137 151 138 184 197 189 187 183 174 163 169 175 178 170 172 176 178 180 183 158 143 145
183 164 158 170 150 131 119 104 119 120 127 138 140 134 136 143 131 141 140 143 150 147 138 130 131 141 144 139 132 141 142 145 137 134 135 155 173 148 142 156 148 152 151 147 152 155 181 205 207 190 177 110 113 110 102 92 78 70 78 80 70 61 60 60 59 63 66 55 49 51 67 63 65 79 71 68 63 71 62 58 59 62 107 146 155 154 143 146 151 134 91 87 102 127 140 150 151 136 132 136 130 142 137 147 136 136 140 143 169 198 185 162 172 159 140 140 156 168 177 164 168 163 158 165 164 167 168 170
128 126 122 109 111 114 120 143 152 142 146 128 117 148 182 214 209 210 227 215 219 208 220 205 176 171 148 133 129 138 141 133 132 133 138 145 162 143 133 132 157 159 156 157 156 176 237 246 254 232 145 112 108 99 100 94 82 74 92 89 80 67 66 67 62 62 57 53 56 47 65 64 62 78 77 67 69 65 58 60 58 66 114 148 147 143 140 145 143 121 69 91 101 123 134 133 145 130 187 209 165 151 163 155 167 171 158 149 161 181 152 129 117 108 108 106 125 146 143 147 155 157 160 176 160 171 182 187
156 185 153 116 118 123 139 143 134 119 121 123 174 234 235 248 250 250 248 251 250 250 251 255 240 231 208 148 146 139 134 122 127 124 130 156 155 148 131 133 144 129 126 139 140 153 226 240 246 226 138 108 111 93 94 101 92 74 77 71 66 70 76 71 66 61 55 52 52 50 68 62 67 75 67 67 72 63 60 59 64 76 117 140 146 141 136 148 129 89 53 91 105 110 149 142 152 162 205 220 201 172 168 162 156 169 151 143 146 160 163 155 158 170 152 145 128 143 144 161 157 158 174 177 170 180 181 195
171 196 214 177 136 133 133 133 125 131 148 204 200 240 251 252 248 240 253 250 250 251 253 252 250 233 162 130 135 139 129 133 133 126 126 167 149 142 148 144 118 112 115 116 120 131 159 227 240 224 146 104 107 96 88 96 96 65 63 72 78 73 78 76 69 58 59 61 58 50 64 67 70 74 69 64 75 58 63 64 64 79 133 138 135 132 138 139 122 75 59 82 120 120 186 218 204 187 182 178 159 160 144 143 157 148 137 125 117 111 136 151 154 152 165 171 150 137 145 151 151 163 166 143 145 152 174 179
198 211 184 181 138 130 132 138 127 159 175 209 242 244 246 250 253 248 240 251 251 247 248 237 240 205 129 133 130 116 132 132 124 131 140 165 133 140 131 121 100 109 124 102 111 127 123 178 222 220 140 96 94 88 84 90 97 62 62 69 81 72 74 71 62 57 69 79 60 48 57 74 77 74 68 61 68 64 60 59 65 96 136 131 131 133 139 124 114 86 63 72 121 121 172 225 216 204 202 181 151 131 147 119 166 155 131 141 143 145 150 164 168 161 162 152 153 145 145 136 141 155 161 156 156 162 152 140
118 139 123 147 132 116 118 131 130 153 184 159 198 234 232 232 223 243 245 250 251 241 229 227 182 166 121 118 136 117 126 119 130 132 144 145 147 160 147 132 118 118 115 107 105 112 116 113 192 199 118 92 102 95 79 87 84 58 78 67 73 78 75 74 62 53 61 79 55 48 58 71 73 69 66 62 54 58 60 60 67 108 131 129 123 137 137 119 87 88 70 62 107 126 148 214 211 209 153 108 151 126 166 161 135 130 136 136 143 150 154 153 150 124 109 123 139 173 150 145 144 144 154 215 214 220 219 216
121 126 115 110 120 131 128 134 126 120 127 135 138 161 186 191 186 206 245 237 251 247 197 168 149 143 108 120 130 137 125 124 142 147 160 150 158 178 175 160 139 124 127 105 94 106 114 106 126 194 92 77 87 98 77 78 68 61 86 98 72 70 63 60 56 56 52 45 55 52 61 56 69 66 55 52 51 61 61 64 80 134 133 126 130 145 129 109 71 75 85 56 90 128 132 184 210 158 105 103 114 98 139 178 142 129 121 116 116 129 144 164 166 144 125 139 157 163 153 166 163 167 161 208 249 250 254 254
167 125 117 113 113 124 129 118 103 119 121 127 133 143 147 143 149 143 164 154 183 191 150 151 144 121 103 114 116 130 140 143 149 145 151 134 132 159 173 169 158 150 140 112 97 107 98 110 121 122 89 80 61 81 91 72 64 52 67 105 101 68 52 61 68 67 54 45 56 58 57 62 64 61 57 55 57 52 62 66 111 141 135 139 135 134 121 77 56 62 76 63 71 118 132 159 152 103 103 110 116 114 132 155 148 156 144 157 150 155 165 181 170 154 143 142 166 164 182 192 173 161 149 155 231 241 239 241
202 135 103 98 111 107 101 97 104 111 116 122 120 132 133 127 122 125 135 125 116 149 157 145 122 120 118 112 106 107 128 129 149 141 147 127 124 131 155 142 132 157 135 120 123 115 122 158 163 127 87 84 62 57 76 70 60 47 58 70 82 95 75 58 57 53 53 51 54 47 57 61 51 52 47 52 55 55 64 70 128 137 143 145 143 129 102 54 49 56 64 64 60 116 127 128 106 109 95 119 135 145 125 114 122 156 188 186 190 172 180 171 155 133 128 131 160 171 154 151 155 130 128 149 202 234 224 224
173 142 100 101 115 118 118 113 102 105 112 113 107 125 121 115 119 120 120 129 125 147 140 134 122 94 96 105 105 105 116 128 127 127 136 101 109 110 122 129 120 121 126 137 120 126 123 159 152 117 81 77 66 60 59 56 54 46 63 67 71 64 66 64 72 61 64 57 47 57 62 60 56 50 57 59 54 62 55 83 144 151 150 145 126 115 75 57 55 52 57 63 58 87 119 125 127 130 139 126 139 125 124 111 119 122 183 191 190 183 162 154 139 127 133 130 115 136 163 179 162 143 126 143 157 228 230 235
111 159 148 89 92 117 137 138 133 133 120 107 126 148 158 145 125 127 133 124 111 121 132 114 115 114 106 125 134 126 124 119 121 138 134 111 105 111 112 115 120 112 103 131 129 132 140 152 117 100 84 76 70 60 56 62 54 54 67 73 75 72 60 58 81 85 68 57 55 61 56 57 54 56 54 53 51 62 61 123 153 149 152 143 122 99 64 61 60 56 62 71 58 60 113 118 126 143 148 131 126 133 125 132 127 121 160 174 169 180 186 160 125 106 116 134 125 136 128 130 127 137 120 148 129 214 200 141
118 158 167 106 122 122 115 120 127 125 112 115 148 171 239 178 81 107 119 90 81 103 104 110 114 109 86 91 119 107 127 133 104 156 135 121 115 100 100 108 108 108 123 109 107 128 163 129 117 103 81 80 64 58 57 56 61 52 64 81 63 60 54 52 60 78 66 69 58 50 54 53 52 55 57 59 57 54 61 133 160 155 152 139 124 86 65 71 62 55 60 73 58 50 81 125 118 150 144 137 147 131 116 124 117 126 170 178 180 186 154 123 106 84 92 100 104 119 128 129 123 123 128 148 141 165 177 86
140 116 105 131 129 122 109 112 111 113 116 148 171 158 165 120 97 102 92 90 83 86 90 95 90 102 98 93 81 83 136 135 119 124 100 128 122 115 127 129 128 125 117 102 111 117 105 91 108 113 82 78 66 60 52 58 59 55 70 81 76 67 61 63 55 65 74 91 64 46 63 59 54 54 55 59 57 53 75 155 155 162 157 131 112 121 123 106 89 68 58 62 57 57 61 110 123 128 143 152 159 142 168 184 205 214 211 197 184 169 134 116 109 122 111 94 105 121 128 133 123 123 115 123 140 145 195 173
117 105 107 122 108 103 110 124 129 117 132 140 132 122 126 116 107 90 91 89 94 102 101 114 105 102 116 109 91 111 151 138 144 143 122 151 163 167 157 146 149 140 125 145 135 123 121 138 139 134 75 69 64 58 62 59 59 54 63 73 74 75 66 64 59 51 66 65 49 53 55 49 50 59 51 50 56 57 98 169 161 159 151 131 122 128 132 122 126 106 79 54 56 49 53 73 125 114 119 140 134 163 191 206 199 206 214 212 198 192 175 141 128 113 92 84 104 127 120 114 115 113 102 100 125 143 202 255
101 102 114 110 112 109 117 115 109 121 104 95 103 104 105 100 89 87 90 87 89 94 87 92 128 148 136 128 125 131 144 123 146 159 140 159 172 180 169 178 184 165 158 157 156 143 167 184 174 149 78 71 62 58 54 61 61 57 61 79 57 61 60 57 63 55 67 64 58 51 56 55 51 54 51 56 66 60 116 156 169 168 160 132 138 131 133 133 128 131 120 80 64 57 58 57 81 113 114 132 136 162 171 149 128 123 149 185 204 190 180 163 168 161 136 132 137 128 116 111 108 104 103 97 106 147 180 243
118 118 109 112 115 115 111 91 94 92 83 87 82 89 94 93 92 89 94 103 126 146 164 165 170 175 143 145 136 139 152 146 173 147 118 125 152 139 140 151 148 133 119 119 135 134 181 185 163 132 79 67 68 58 56 58 61 53 55 76 83 79 75 72 65 62 55 76 69 54 55 51 52 55 60 59 65 68 136 163 168 158 135 138 152 153 141 140 145 130 128 98 63 68 62 60 58 113 119 122 140 145 162 167 153 130 122 144 152 143 136 140 125 132 143 152 152 158 162 143 123 115 110 109 98 152 173 231
130 125 104 115 121 127 149 137 128 110 101 110 91 94 107 111 125 149 167 162 182 191 194 183 179 198 194 194 165 134 120 154 171 146 113 113 150 130 122 118 103 109 120 135 136 144 166 141 142 127 77 70 63 54 58 56 54 57 57 79 112 83 70 61 58 60 88 147 126 74 51 51 61 57 65 66 56 80 153 167 180 172 133 140 153 161 147 138 144 134 132 117 78 57 63 76 131 160 151 126 130 126 120 127 135 155 179 145 167 184 186 190 214 192 150 139 132 129 138 158 174 149 133 121 127 140 165 205
151 129 122 119 109 133 145 119 105 113 124 120 137 160 153 134 130 135 162 119 150 183 192 193 197 193 192 163 138 137 120 147 149 116 135 129 130 137 128 147 150 158 156 182 185 179 161 130 151 145 72 70 65 58 56 52 54 49 57 111 171 139 103 96 98 73 106 156 158 143 118 62 47 56 69 75 69 108 160 181 192 200 181 150 163 172 168 138 134 130 130 127 89 69 57 78 133 147 167 148 124 108 99 99 103 116 130 130 145 154 184 168 144 138 130 131 111 103 122 144 150 131 114 118 126 132 163 172
108 119 123 140 122 117 117 109 115 125 134 135 144 170 141 113 111 115 113 133 152 157 176 174 175 174 180 157 137 157 129 142 128 112 107 136 140 128 158 173 181 189 182 190 189 188 171 154 161 135 77 68 68 62 57 52 52 53 62 108 167 158 164 157 141 106 121 157 161 147 145 152 109 63 57 67 71 115 167 187 206 204 190 159 161 171 150 127 123 133 129 120 94 82 77 86 151 143 163 144 142 130 115 106 116 109 96 106 117 126 123 121 126 140 141 148 144 129 132 118 111 126 131 123 117 106 141 166
106 104 126 135 123 123 115 104 108 99 107 117 137 142 133 123 127 127 141 156 173 163 125 119 123 148 161 155 133 134 124 119 83 96 101 108 125 158 172 176 173 153 163 136 155 166 172 172 180 129 71 63 61 61 53 53 55 56 52 116 162 152 151 153 143 114 133 151 134 148 162 169 166 162 124 98 84 137 176 190 210 210 196 145 145 153 138 127 124 134 131 119 105 86 83 113 167 155 156 158 166 156 155 149 133 135 106 90 86 104 122 126 170 210 218 208 216 214 201 172 155 166 154 145 145 137 139 164
91 87 99 116 116 116 105 110 98 112 113 124 124 142 149 149 155 162 163 152 142 147 149 122 116 112 128 124 127 129 136 146 118 130 127 141 158 156 157 160 171 168 164 177 175 140 133 104 112 100 75 63 57 55 51 56 61 60 62 135 161 149 156 146 142 101 145 150 136 139 145 149 183 186 179 174 154 153 185 184 168 175 168 130 134 146 134 132 126 127 125 119 100 77 97 161 169 155 167 150 169 137 130 129 148 170 156 125 116 104 117 106 181 255 252 250 248 240 232 219 213 214 190 188 211 224 222 220
103 103 94 119 107 100 106 97 111 117 109 105 115 138 146 146 138 135 136 141 135 148 145 158 156 155 145 140 137 131 161 178 170 165 166 169 165 173 169 148 172 172 178 147 141 121 115 108 122 108 72 71 63 58 56 63 57 57 74 134 166 147 156 143 134 115 176 175 149 160 138 152 187 188 189 169 144 158 175 173 117 125 177 206 138 134 123 129 128 130 131 115 104 87 110 156 164 156 158 166 171 174 160 142 134 118 146 174 176 151 133 114 152 239 241 242 239 227 219 211 203 191 192 191 192 186 185 184
234 228 221 222 210 190 182 213 201 193 193 197 204 196 187 176 151 157 172 166 175 178 172 169 176 184 173 164 161 161 192 179 155 148 170 171 171 185 187 182 184 189 185 178 189 174 165 180 185 125 76 67 61 62 57 55 57 57 81 141 157 165 165 141 136 114 181 156 163 172 155 128 128 163 177 164 137 152 137 135 121 92 137 182 129 113 113 132 131 127 129 108 101 95 108 123 132 135 154 132 129 158 171 170 172 178 166 160 163 149 125 137 148 204 225 207 217 215 208 203 190 194 202 195 192 183 184 189
237 239 235 234 240 237 235 243 237 238 235 239 233 224 243 239 237 248 253 226 199 224 209 228 240 242 223 226 226 211 185 138 146 143 149 158 175 167 173 185 180 176 169 166 172 161 178 186 180 116 69 64 56 56 62 54 53 53 84 146 161 175 159 142 131 117 179 174 181 169 163 158 160 163 171 149 123 134 120 97 142 133 96 128 124 111 103 122 121 110 108 95 89 124 160 124 135 137 146 136 153 158 148 162 148 148 167 177 174 148 142 138 135 182 247 220 188 190 188 183 176 181 183 184 175 171 174 168
218 190 169 212 209 213 216 211 212 205 202 219 217 225 238 232 241 249 246 253 251 250 247 247 245 243 237 231 227 208 182 127 132 115 136 157 160 151 159 168 172 167 169 157 166 181 182 174 159 106 72 65 57 54 66 52 57 53 88 150 165 170 148 146 125 119 184 186 186 163 143 136 143 140 144 134 123 108 137 106 107 163 153 158 115 95 105 107 104 91 84 81 114 146 162 176 161 160 139 141 137 174 158 135 151 148 144 182 181 181 169 156 137 182 245 225 214 201 191 182 193 191 191 187 194 187 185 181
203 204 188 202 213 206 204 203 206 209 214 230 220 204 198 217 226 238 246 243 242 249 249 231 214 212 228 238 243 226 177 143 126 106 104 112 153 153 150 170 170 166 184 190 181 192 185 162 149 93 65 66 60 51 54 55 58 55 97 151 172 170 146 149 113 111 154 193 203 191 176 140 118 121 115 124 124 97 118 151 105 104 157 142 81 75 92 104 83 69 76 114 146 143 138 148 127 129 121 116 134 163 145 125 136 168 173 160 156 146 131 103 114 156 226 209 183 192 192 190 191 181 187 182 176 184 166 182
214 209 220 218 206 206 196 211 194 204 222 232 227 221 215 233 243 247 237 238 240 231 241 223 182 196 225 243 232 202 127 152 147 120 107 118 167 175 180 168 174 167 167 183 178 186 171 146 166 84 68 69 53 54 59 60 56 57 106 164 171 163 155 134 96 132 116 129 128 157 153 142 126 147 129 134 144 114 97 143 167 94 85 116 94 65 75 92 100 119 133 127 103 115 139 136 132 126 136 136 125 141 142 131 131 127 130 142 138 141 122 104 104 146 206 215 195 205 198 193 187 185 189 184 183 179 179 188
211 217 219 205 213 206 204 217 222 224 224 235 237 238 246 245 242 249 245 231 237 238 237 218 196 223 235 226 212 202 115 121 121 126 132 174 176 169 191 170 171 172 170 171 175 169 144 157 161 88 74 60 56 56 55 60 67 54 122 170 169 161 157 114 99 130 116 113 113 118 120 114 116 114 133 130 125 122 117 102 157 164 148 181 98 63 69 79 99 117 115 142 129 121 132 112 123 116 107 131 126 128 125 126 118 119 134 137 129 123 116 127 103 125 176 245 232 229 213 201 187 182 179 188 196 194 178 185
214 218 224 208 217 209 210 219 220 220 216 225 239 245 234 233 244 244 245 245 240 246 243 244 236 222 215 212 198 167 92 97 110 116 116 123 146 166 184 185 174 169 165 162 161 128 161 169 139 83 71 56 60 60 53 52 56 61 148 172 164 157 137 98 97 112 108 129 119 114 109 114 92 85 96 108 111 109 131 94 93 120 143 114 62 61 68 86 103 125 132 129 128 115 108 118 116 113 117 128 125 136 130 131 133 115 106 114 133 133 142 154 130 123 157 232 252 248 248 248 246 229 230 230 233 241 239 227
227 226 223 220 227 231 234 230 227 210 223 224 210 219 222 238 242 228 228 241 241 217 220 234 222 215 203 198 209 145 106 104 99 86 114 117 131 159 179 179 170 172 159 148 154 166 159 145 118 76 66 63 61 56 64 55 55 83 172 170 163 153 119 83 98 85 101 124 122 130 106 100 97 83 82 78 86 92 124 111 70 74 82 83 69 60 66 75 86 115 123 127 133 133 127 135 137 114 114 131 140 145 133 140 147 128 132 129 144 154 153 158 140 118 154 207 255 250 250 253 251 253 253 252 248 247 249 244
217 239 247 248 246 244 247 245 211 176 194 231 181 216 244 242 240 247 248 247 246 235 237 242 231 228 213 204 205 124 104 112 83 99 118 113 144 144 153 145 137 153 155 148 157 152 160 163 134 77 66 73 63 60 67 65 57 114 168 162 156 140 108 96 91 92 114 124 120 119 116 114 112 106 95 95 112 114 119 151 97 95 99 73 65 71 69 63 78 119 125 138 129 106 113 118 104 106 91 128 122 129 125 131 142 139 146 137 173 152 141 145 142 111 143 176 236 252 252 255 255 255 255 255 253 255 255 251
189 243 248 251 250 250 248 248 238 237 241 248 251 252 247 247 250 249 246 251 252 247 250 252 248 240 233 222 193 99 105 126 114 114 117 113 148 124 129 133 136 154 155 150 146 162 169 169 145 76 68 80 71 59 63 52 62 146 182 171 158 128 100 100 98 105 114 114 117 112 135 139 121 134 127 96 78 86 97 127 136 107 122 80 65 64 57 70 94 125 118 113 110 99 85 68 83 95 88 124 114 116 153 205 185 184 152 161 187 166 161 144 150 121 129 167 171 195 193 203 194 197 200 193 209 201 215 231
252 251 243 243 238 251 209 228 250 248 247 251 249 251 251 249 248 247 249 246 242 243 216 223 246 244 242 235 164 100 91 98 113 121 124 122 124 121 110 125 153 170 153 156 141 162 171 158 120 118 79 70 67 59 61 56 85 174 172 158 148 113 84 114 122 123 135 150 146 139 140 119 124 124 119 113 127 138 144 122 145 120 123 72 67 60 58 76 98 115 103 100 107 103 92 102 110 115 138 132 135 156 202 219 245 241 224 201 193 165 192 167 133 127 118 145 130 145 147 143 144 141 135 140 147 170 148 159
252 251 245 239 247 248 221 242 249 248 236 249 248 248 247 250 243 247 251 240 215 234 226 229 241 241 230 214 144 109 111 113 125 122 123 138 148 134 132 148 173 172 175 169 161 184 169 150 142 134 72 55 70 67 73 59 124 184 165 163 144 95 122 128 136 147 135 141 157 162 165 126 98 95 108 112 152 165 171 148 133 121 120 64 55 51 62 77 106 78 87 82 85 100 128 144 140 130 139 138 200 243 213 222 236 241 203 204 238 240 228 192 154 151 124 120 98 121 148 130 147 160 165 164 152 145 149 157
234 254 250 241 251 252 254 248 244 241 242 246 248 242 243 242 238 246 249 252 246 242 252 251 247 234 229 205 127 97 104 121 131 134 149 139 130 150 161 153 155 160 158 163 184 170 146 177 133 86 73 66 61 59 54 84 155 169 170 164 129 92 132 145 160 137 145 161 141 115 122 124 114 129 135 142 149 133 118 110 113 108 125 60 54 59 65 81 108 116 103 98 94 128 143 141 144 140 151 186 161 194 231 217 233 215 225 223 228 223 222 189 178 168 169 135 89 92 101 113 122 156 166 165 144 145 150 142
231 221 168 174 200 211 213 240 216 213 245 235 240 241 236 218 227 224 229 247 229 240 248 249 241 242 234 224 200 186 203 204 194 198 207 204 210 204 195 196 202 171 146 148 181 148 166 154 106 95 87 75 67 73 124 168 171 174 161 158 113 112 133 123 128 115 119 140 125 102 105 114 140 150 144 130 133 108 91 95 111 106 126 60 54 62 73 101 121 136 138 147 150 135 120 116 155 181 150 184 214 238 250 235 228 208 224 213 201 231 215 202 234 216 159 160 175 125 82 99 108 134 139 144 141 134 130 151
223 195 211 172 160 171 196 197 179 240 250 248 246 247 251 246 244 246 247 249 249 249 248 249 249 242 221 224 236 238 238 225 215 237 242 225 234 244 244 231 201 179 173 159 156 140 133 106 96 89 81 69 117 179 189 176 167 158 145 135 97 129 136 126 96 123 120 127 127 114 80 82 97 122 110 123 126 132 137 137 125 122 116 57 67 83 91 102 122 151 140 141 134 110 103 110 148 154 158 182 205 223 201 245 217 206 216 227 235 213 240 254 208 203 181 197 216 181 114 96 90 115 122 106 114 106 103 114
208 225 188 186 193 172 151 170 187 245 251 250 250 250 250 249 249 251 249 247 250 249 249 252 251 250 246 223 217 227 249 251 254 246 243 222 222 212 205 208 182 165 149 145 158 128 104 105 101 80 68 81 174 181 170 173 156 137 144 112 110 132 123 112 122 122 135 122 110 132 146 133 127 133 120 121 108 104 108 117 133 120 120 99 104 124 120 110 112 127 134 144 155 136 131 108 95 109 129 168 206 218 203 231 246 233 214 202 195 207 206 216 228 219 219 211 207 145 157 169 130 115 125 117 113 116 121 106
181 188 167 195 203 162 150 174 209 252 251 250 253 250 248 252 252 249 250 247 248 244 247 250 252 250 244 238 246 250 253 251 247 248 245 242 233 218 228 229 193 212 218 199 187 107 84 90 85 68 65 153 173 149 153 154 142 136 146 107 102 121 119 117 113 114 119 113 107 129 139 140 131 124 128 132 131 133 136 126 142 126 127 130 135 133 127 126 143 151 146 155 164 160 175 117 83 82 88 113 176 222 242 243 234 220 237 229 238 247 237 212 220 220 229 200 177 162 149 149 143 123 126 109 129 140 140 131
212 193 212 228 174 145 171 192 237 252 239 227 244 217 202 215 245 253 243 222 234 250 249 253 250 234 233 238 239 249 241 226 240 241 237 237 237 223 241 209 186 199 188 177 159 91 57 65 67 70 131 172 150 130 146 129 114 162 155 114 90 104 97 101 108 104 92 89 102 115 105 110 97 103 96 93 98 105 107 110 138 130 121 100 103 102 98 100 99 101 104 103 104 109 124 119 92 87 84 91 111 146 195 213 211 232 249 238 239 237 234 219 211 214 235 181 118 117 156 155 112 122 124 129 134 122 110 107
230 219 237 243 157 154 213 214 248 249 229 215 229 213 207 218 223 233 217 208 235 251 250 247 246 226 233 243 241 244 224 200 216 242 217 207 184 172 174 153 156 166 170 159 128 79 70 106 112 163 194 156 104 82 102 85 97 136 142 108 88 90 95 85 77 78 69 69 68 111 100 105 99 110 94 102 104 95 101 106 137 124 123 84 87 90 89 96 92 95 96 96 105 108 102 111 90 76 81 100 95 92 114 171 229 239 228 236 212 223 244 224 216 243 233 208 154 132 125 106 98 140 156 149 137 133 148 129
179 176 187 173 148 166 188 234 247 252 245 248 240 215 208 220 218 210 210 235 254 246 247 244 233 231 240 233 250 245 238 223 219 234 209 174 155 165 140 150 148 179 168 146 116 164 200 238 192 156 159 105 87 87 86 93 102 115 129 145 126 118 120 87 78 70 82 85 79 121 105 107 113 110 102 100 108 100 95 103 132 126 133 95 94 92 95 95 100 94 92 86 96 93 91 97 111 83 85 85 91 93 90 103 161 201 203 233 230 237 227 250 234 223 230 228 194 136 91 100 96 124 144 138 132 147 141 110
223 223 238 220 224 186 184 235 246 246 246 243 224 217 225 230 239 235 229 228 248 249 247 250 248 247 246 247 243 246 240 216 206 189 180 161 155 166 172 151 167 167 141 135 146 210 217 251 221 145 138 156 200 189 178 205 166 183 179 218 191 187 145 106 182 137 108 114 125 128 116 118 110 102 99 100 94 95 97 100 119 132 137 100 90 88 98 88 87 82 86 83 86 90 88 95 115 101 83 77 85 85 88 91 90 126 180 215 238 240 223 226 208 218 195 168 110 103 99 119 118 114 130 130 131 138 114 104
240 244 234 218 238 181 231 237 231 221 236 229 221 218 233 239 237 231 243 241 239 238 241 251 243 244 217 242 225 239 208 161 141 138 155 165 152 165 166 181 177 151 128 134 156 186 221 241 246 250 245 232 242 223 206 244 230 240 241 201 218 197 185 149 198 187 140 119 113 118 118 109 98 101 98 107 97 91 93 90 134 138 125 96 88 90 85 93 90 88 84 95 80 87 107 106 96 116 92 69 78 78 84 89 99 95 108 144 207 180 169 199 178 178 116 90 105 113 110 134 130 105 117 133 119 129 119 120
252 252 252 245 245 200 232 236 234 218 184 206 217 213 226 232 224 227 220 230 222 211 217 208 195 211 202 221 225 225 201 218 200 184 184 206 161 170 181 175 160 167 161 136 142 153 190 211 238 232 242 200 210 229 229 175 218 155 211 239 235 188 164 179 233 211 163 148 134 110 101 92 94 97 91 93 95 82 87 87 143 161 133 84 96 95 87 86 93 95 89 90 95 90 93 91 93 108 210 190 156 99 86 87 91 91 96 91 116 137 126 138 121 104 107 93 101 125 109 113 101 115 118 132 136 143 119 91
250 251 206 218 235 219 213 213 208 212 202 207 203 194 211 210 213 188 182 198 196 194 196 160 158 178 210 208 172 168 222 211 188 151 165 163 167 171 175 178 168 162 155 132 136 180 199 220 245 233 251 241 234 221 242 181 177 194 154 170 239 205 170 169 232 235 219 204 164 126 157 180 165 167 174 176 173 148 132 140 143 144 157 142 155 142 139 120 101 106 129 117 118 114 120 123 123 121 218 255 255 180 76 83 77 86 94 104 86 107 121 109 125 132 132 107 96 119 125 78 94 112 112 123 137 140 133 121
252 253 221 234 198 220 231 219 188 179 172 186 158 164 182 169 201 204 206 205 180 162 168 144 168 172 174 181 186 208 199 191 168 139 155 168 159 165 162 176 189 188 161 136 184 171 164 228 248 246 242 249 252 227 208 214 230 251 219 179 233 215 143 144 225 237 217 193 180 157 228 249 225 219 207 188 186 166 139 215 200 194 210 195 157 186 209 169 142 152 207 169 154 172 198 217 237 249 250 249 254 217 96 90 93 78 73 79 106 101 95 109 123 132 133 113 92 72 95 94 96 90 83 121 148 131 107 126
249 236 255 244 155 174 202 192 173 169 176 159 157 137 148 154 156 154 158 160 160 146 152 148 182 160 159 155 180 206 193 196 187 196 165 167 150 154 174 177 183 170 139 146 190 217 223 238 217 213 176 233 242 233 244 240 237 249 245 224 206 138 162 159 225 234 242 238 181 154 241 247 239 231 208 199 160 152 130 201 229 212 198 116 114 195 222 216 196 169 172 182 176 185 189 208 204 237 247 251 254 240 106 74 84 93 77 74 84 127 135 101 100 115 131 103 86 84 76 98 91 92 110 122 140 143 136 130
221 189 191 169 160 191 182 173 174 169 162 144 147 145 150 152 142 145 156 153 168 174 151 159 170 155 154 146 152 215 202 203 192 182 174 146 156 173 172 185 207 179 156 153 162 189 220 210 188 143 145 215 234 229 240 254 244 239 244 229 173 125 138 187 191 170 207 170 148 178 250 249 250 246 223 199 240 203 134 167 156 174 167 120 109 193 245 202 214 223 242 222 185 201 236 230 224 218 246 253 245 247 125 100 92 72 77 79 90 101 119 88 71 80 98 79 109 126 108 120 94 109 129 119 118 96 115 133
241 229 213 176 162 165 159 158 150 155 150 140 154 172 167 157 159 180 171 152 155 163 162 174 161 167 176 169 181 199 187 187 186 202 202 173 148 161 178 184 190 172 147 120 136 144 165 178 147 136 160 181 176 156 153 188 201 200 192 194 141 107 96 180 175 159 165 203 144 193 253 249 248 242 210 197 218 216 152 153 137 168 194 194 125 162 183 158 176 160 199 232 190 201 214 233 247 241 244 246 247 255 156 122 112 94 85 88 103 79 87 82 79 72 100 136 120 136 148 145 123 113 117 106 107 103 102 125
240 220 176 198 203 204 182 172 158 186 168 161 158 173 171 168 169 187 172 159 171 158 170 167 154 177 187 168 185 198 156 148 143 143 155 154 143 137 140 149 140 134 157 187 211 192 174 193 197 192 202 208 190 196 180 163 164 165 167 167 173 160 110 157 199 207 164 172 151 218 253 252 250 249 247 246 233 201 146 141 143 144 187 188 128 140 206 173 178 171 201 167 170 202 232 246 221 235 247 237 251 253 187 131 130 126 126 120 110 123 102 104 93 95 120 150 120 113 120 140 139 125 122 102 100 124 126 114
168 176 195 241 164 180 207 182 194 224 218 170 188 173 183 175 156 162 195 191 190 145 157 173 174 159 166 171 161 168 159 174 144 145 178 183 194 185 181 202 208 225 229 231 224 223 207 192 218 223 219 220 221 224 219 220 219 215 193 218 240 209 187 172 185 232 215 160 161 232 253 233 231 252 239 239 237 194 165 184 116 118 107 117 109 115 200 194 172 223 253 220 164 166 235 237 239 242 249 250 250 252 215 128 123 135 133 142 140 109 112 131 121 95 109 114 111 105 108 103 120 108 138 140 112 122 124 98
225 236 253 201 106 145 247 249 253 248 245 224 224 194 213 220 178 157 164 149 188 185 178 170 168 172 168 187 200 195 188 183 182 194 219 223 214 211 240 224 225 215 206 219 206 203 201 190 210 214 208 214 218 224 219 209 218 219 223 221 213 217 224 196 183 196 175 163 166 226 234 243 244 236 244 250 238 225 165 197 159 86 79 80 75 143 219 223 163 183 211 200 204 218 237 241 232 226 234 251 250 249 230 150 142 134 135 144 144 100 98 114 89 100 121 116 120 112 110 103 103 109 106 123 121 123 128 115
238 248 222 113 82 102 167 221 235 252 244 235 233 232 204 199 217 240 224 203 205 238 178 161 166 194 183 216 191 185 186 186 173 187 225 228 246 241 239 230 211 176 159 204 202 211 216 203 204 201 214 216 219 208 192 209 225 208 208 228 231 245 210 219 227 205 193 182 177 200 227 241 220 216 236 238 222 220 166 176 214 162 144 139 170 215 221 227 169 162 156 141 168 245 250 244 245 237 230 253 251 250 242 159 147 131 130 111 107 88 79 112 111 91 78 91 101 91 102 102 99 110 95 89 106 144 129 99
248 228 185 99 84 83 91 181 234 247 244 233 235 207 218 246 246 250 236 219 181 176 149 147 155 143 141 166 159 173 185 181 169 169 191 188 216 215 188 194 186 177 189 186 185 205 199 192 213 214 223 225 215 227 246 251 249 246 225 213 214 236 199 222 253 248 243 213 179 212 245 233 240 245 221 216 245 231 170 173 243 250 254 250 249 245 245 216 171 202 189 169 163 230 250 250 253 247 241 241 237 253 244 163 141 143 143 138 121 99 93 120 125 112 71 81 99 85 86 78 89 105 103 135 204 231 205 172
246 228 197 148 128 118 131 191 230 231 230 240 239 234 207 226 235 241 240 207 197 141 155 143 139 143 150 160 161 170 173 177 170 160 166 169 186 183 163 174 189 156 135 137 136 175 179 175 187 228 239 252 254 253 253 249 249 252 250 243 237 227 216 214 234 245 255 244 242 245 251 249 247 241 221 221 243 254 233 165 173 247 244 195 249 235 221 173 163 158 188 206 189 190 241 253 251 255 255 224 214 254 228 164 130 142 128 143 141 119 99 98 95 109 100 70 100 119 95 102 99 86 113 149 212 186 194 231
232 239 218 242 227 229 241 232 220 210 222 248 255 243 207 233 240 237 238 210 233 154 166 191 206 193 183 186 178 178 189 182 177 183 185 185 193 203 189 194 182 167 126 141 152 172 205 230 243 250 250 251 250 252 251 250 252 249 249 254 253 248 250 240 227 216 213 231 247 254 255 252 251 247 217 207 217 223 217 146 144 148 152 173 222 223 229 149 133 137 145 186 214 178 231 253 253 233 175 178 254 251 248 190 135 143 137 133 134 134 104 96 107 116 96 86 105 100 112 101 104 93 100 99 105 98 137 229
180 166 163 163 162 170 169 148 158 193 188 191 212 205 187 186 190 197 200 212 150 153 205 212 204 190 183 188 185 182 171 173 176 176 181 191 184 175 171 170 193 205 222 207 199 211 247 255 253 252 246 250 254 252 247 249 244 247 225 246 251 237 245 250 252 249 234 211 202 205 227 245 252 252 216 184 183 213 239 179 150 149 142 179 210 228 237 195 160 199 197 195 228 191 232 250 249 200 139 177 253 251 249 203 140 140 141 143 128 132 109 97 118 117 97 107 87 92 94 84 98 99 82 105 112 110 132 206
200 201 207 199 191 189 174 169 204 207 206 196 175 153 140 141 152 153 145 152 130 166 194 189 173 164 184 168 167 161 162 164 164 162 174 174 170 174 182 178 194 214 226 239 235 245 252 252 252 252 252 252 252 252 249 247 222 233 248 252 248 237 236 245 254 254 248 199 185 185 188 192 207 200 170 168 148 162 168 171 161 154 197 212 195 181 199 206 199 196 218 247 248 236 246 252 240 237 252 244 253 251 250 226 157 140 145 143 138 126 130 96 90 82 98 96 112 105 108 103 97 107 93 76 139 202 186 211
250 247 204 191 216 227 196 202 202 226 225 179 176 188 177 178 210 200 181 186 146 181 187 180 184 184 174 167 160 163 171 173 174 166 163 178 168 180 180 199 224 243 251 251 254 252 250 249 253 251 251 250 245 251 253 248 245 243 248 249 239 220 228 220 235 239 249 243 234 228 221 211 218 218 213 193 171 191 176 162 179 197 184 165 173 174 175 175 185 173 198 210 211 226 221 232 229 232 253 245 244 243 252 228 152 155 160 160 150 141 143 117 92 85 80 85 94 76 76 90 101 105 90 78 151 227 216 185
250 233 194 187 201 156 139 170 182 177 186 159 155 172 204 211 183 196 201 191 136 193 186 176 173 166 187 182 159 169 181 185 203 215 188 187 192 216 235 254 252 248 248 252 252 251 252 250 251 244 250 252 252 248 248 251 254 253 249 249 245 240 253 250 228 231 253 251 253 251 249 250 251 249 243 240 201 183 189 199 195 199 169 157 172 168 160 175 173 164 160 174 189 174 156 164 189 191 203 175 170 181 207 192 139 146 162 157 143 142 130 109 87 113 86 78 77 81 86 83 83 100 91 89 123 199 219 204
246 238 230 188 161 137 140 178 173 187 167 169 163 168 220 214 151 189 224 231 174 193 187 173 179 181 185 193 207 218 204 193 210 214 210 234 252 250 247 253 251 250 249 249 245 234 251 246 246 249 249 253 253 249 235 250 239 250 252 247 247 250 248 249 251 251 248 248 252 252 251 247 250 249 231 231 238 221 225 250 248 221 145 144 183 176 189 183 163 179 171 198 199 154 148 134 158 174 168 133 144 192 195 181 176 176 180 186 170 182 186 175 163 160 156 160 138 126 108 99 105 116 98 86 94 166 237 231
246 236 230 191 174 192 197 220 232 238 199 205 204 212 247 251 250 245 250 205 170 195 190 169 169 183 188 194 191 219 209 200 226 245 252 250 251 251 250 252 249 246 246 245 247 242 245 246 248 249 252 252 251 252 253 250 228 232 224 245 248 247 243 246 250 251 247 246 249 250 251 248 245 248 242 242 246 238 242 246 245 246 226 226 200 180 200 213 217 223 207 185 163 173 204 187 169 173 209 215 210 200 232 231 228 221 229 219 198 207 196 202 208 216 215 211 223 205 186 183 172 180 161 122 142 148 227 228
200 190 204 221 210 217 204 222 234 237 241 251 247 228 243 239 233 238 235 209 180 203 202 185 193 210 227 209 201 223 234 249 250 251 252 250 248 247 236 246 244 249 242 229 243 249 252 248 250 249 246 251 249 249 229 210 199 231 236 242 247 249 234 237 252 253 251 252 251 230 244 251 240 247 252 251 252 250 250 249 250 251 252 250 247 211 173 170 173 219 212 201 198 223 187 224 230 213 223 224 226 224 242 241 234 218 221 217 202 212 202 151 174 197 195 210 214 212 210 187 190 206 198 190 179 155 193 211
169 185 200 214 211 218 219 230 240 247 247 248 249 247 239 211 196 217 232 191 185 201 213 206 205 216 231 240 247 249 252 251 251 251 250 237 239 249 233 246 240 238 222 219 239 231 247 252 231 218 180 198 216 242 248 237 224 248 251 252 252 248 252 248 226 216 242 252 252 249 247 249 243 246 251 250 249 251 252 253 250 248 246 247 224 192 173 129 112 190 191 214 209 182 148 210 228 241 230 219 236 246 243 242 241 230 221 196 180 157 201 198 195 213 207 220 215 186 171 165 144 149 177 214 182 144 154 167
188 206 249 238 212 202 244 247 242 233 236 247 248 240 241 237 235 216 178 176 191 209 225 225 228 231 215 228 246 252 250 251 251 251 250 248 249 239 199 197 198 232 234 215 214 227 202 230 235 204 176 224 238 247 249 251 252 251 252 249 250 250 250 251 232 226 248 250 252 252 252 249 251 251 248 250 249 250 251 252 251 247 244 234 191 124 105 101 112 206 203 209 199 219 224 224 232 243 247 243 244 228 243 242 238 233 217 210 192 176 192 189 187 203 202 230 215 206 166 174 165 160 152 187 218 170 134 128
245 220 186 164 183 181 231 236 241 241 240 244 237 249 243 246 247 226 182 191 196 219 230 240 224 212 185 185 200 219 239 247 248 253 249 253 252 251 250 247 249 241 247 249 233 229 243 244 235 242 246 249 255 249 250 251 251 250 250 251 250 252 251 242 238 246 250 248 252 252 253 253 250 249 250 252 252 251 251 247 241 230 199 146 121 111 95 88 105 177 200 207 196 199 196 213 209 223 231 234 237 232 236 238 235 241 220 211 198 197 196 189 191 184 210 213 191 198 180 179 164 175 179 172 198 192 162 147
242 200 191 199 174 184 240 249 247 238 248 247 242 235 238 244 246 248 226 208 245 196 184 202 197 209 185 178 177 194 210 202 215 239 252 250 242 250 248 251 246 248 248 248 251 243 202 197 255 253 246 241 230 247 252 248 248 250 251 252 250 250 251 241 228 227 232 243 244 251 252 253 252 252 253 252 251 251 248 237 214 167 119 108 115 115 94 83 97 172 211 217 229 214 213 210 188 212 216 227 227 226 221 210 221 219 215 220 199 176 189 188 192 199 201 189 187 203 213 193 151 188 204 187 177 152 147 132
228 225 165 171 192 233 249 249 245 244 237 224 237 234 247 246 246 239 202 193 227 170 167 225 228 219 174 180 169 186 183 192 215 214 224 229 238 247 251 253 253 253 251 249 230 205 199 214 238 246 231 220 211 205 205 220 251 252 252 254 253 249 251 248 241 248 249 251 252 253 250 249 246 253 253 248 243 242 225 153 122 108 120 113 121 126 112 97 89 186 217 229 231 233 222 215 204 223 234 233 224 211 207 210 218 224 229 222 227 216 200 208 208 198 195 185 177 181 184 184 204 202 193 189 202 137 134 133
243 216 184 190 170 189 226 245 226 217 195 201 209 194 244 236 250 250 222 188 204 185 184 231 207 231 210 143 153 136 165 187 207 196 211 216 208 219 226 237 248 254 254 254 244 220 213 220 222 221 220 205 208 193 187 190 207 245 233 200 221 253 248 253 252 252 251 252 254 252 250 252 248 247 240 240 212 185 147 135 124 126 120 116 131 126 112 87 93 125 169 225 237 238 223 215 224 228 228 226 220 216 213 207 226 219 228 229 222 220 216 208 213 204 195 190 193 196 207 189 197 214 211 214 217 188 166 137
250 240 191 167 184 209 242 251 227 207 194 224 237 216 244 246 247 244 231 226 174 174 206 230 200 200 204 120 116 129 171 153 168 165 187 202 188 202 198 183 192 224 219 238 252 250 228 218 227 241 247 230 184 190 183 188 205 238 192 152 195 254 252 236 240 251 251 252 254 251 251 247 211 190 150 139 141 135 132 119 122 121 131 108 112 114 100 78 94 157 165 215 217 196 227 236 217 220 205 208 212 224 231 216 236 240 237 235 226 230 231 225 218 216 211 203 203 201 206 217 229 231 202 191 216 224 196 143
