46 43 60 58 65 68 69 68 67 65 66 68 71 71 71 71 71 67 71 71 66 72 67 70 75 75 73 69 67 70 76 73 76 74 75 81 73 79 77 80 74 78 75 79 80 84 77 75 71 84 80 85 86 74 91 89 86 77 84 84 86 81 77 82 79 73 77 84 83 86 89 92 84 87 89 78 84 88 87 79 81 87 81 87 84 88 93 87 86 81 82 83 80 81 84 86 83 87 82 89 89 91 86 81 93 94 83 84 91 79 82 86 88 86 86 87 83 89 91 89 81 94 88 87 83 85 78 68
57 69 67 71 78 77 79 73 74 76 77 76 76 81 78 84 83 86 79 79 81 82 85 90 78 83 82 77 78 76 81 78 79 84 90 89 89 90 85 85 91 90 88 87 88 94 85 82 90 95 79 89 91 87 87 97 90 92 93 93 93 97 99 92 89 89 89 92 93 95 95 92 95 101 100 98 94 94 97 95 96 90 91 101 95 99 96 95 96 86 87 94 92 93 93 93 92 89 92 97 93 97 95 96 100 92 92 90 96 92 91 88 89 94 94 93 90 94 95 93 87 88 94 93 92 87 88 90
75 72 72 72 72 70 79 74 73 75 87 79 81 86 81 76 81 82 81 79 89 84 80 84 84 80 82 79 75 84 88 82 82 84 84 78 78 87 89 88 85 86 85 87 86 90 85 89 90 94 83 86 87 86 80 92 94 91 86 93 94 93 99 92 89 90 93 86 88 95 90 99 98 91 103 98 89 96 99 96 97 100 90 99 93 102 89 90 97 90 93 93 94 93 95 97 97 93 90 93 95 92 93 93 92 97 96 97 87 96 96 92 91 88 91 93 95 96 95 93 96 97 97 90 92 92 86 86
77 72 68 72 70 71 74 77 76 79 82 75 83 85 80 86 84 80 79 90 84 79 84 79 82 80 81 83 85 91 83 87 83 86 83 82 80 81 88 90 87 88 82 86 78 90 94 93 93 86 94 90 87 92 93 99 96 91 94 95 95 93 93 94 99 92 98 92 91 98 88 94 96 94 88 88 88 92 94 90 95 96 95 95 91 94 100 95 99 97 96 95 100 100 95 98 96 88 93 96 97 98 98 92 97 92 94 97 93 95 99 96 93 97 93 91 96 98 88 94 98 94 97 92 91 89 87 92
70 73 76 79 79 72 72 79 79 81 83 78 81 85 80 88 85 79 79 83 86 80 86 88 87 85 86 86 86 80 81 75 82 90 88 85 89 84 90 93 85 91 87 86 90 96 94 90 93 87 84 89 84 96 97 98 92 96 92 93 98 95 93 95 102 100 95 91 100 99 91 94 94 93 96 89 95 98 95 97 95 91 96 99 92 94 93 92 93 96 95 95 93 99 98 102 95 87 92 100 100 98 97 97 101 91 96 96 90 91 93 95 93 94 93 91 95 97 100 96 92 102 94 89 91 97 94 95
75 79 83 73 80 76 74 73 80 80 80 79 75 79 78 84 82 76 84 79 88 81 83 86 89 82 86 91 90 87 87 77 86 88 81 88 94 88 90 88 88 87 86 90 82 85 92 87 92 87 88 93 91 91 88 88 91 88 91 91 94 92 95 94 94 97 90 90 94 96 100 92 91 98 97 94 98 96 93 98 95 94 92 98 96 99 96 98 87 91 92 93 91 88 97 95 96 91 88 95 94 97 92 96 93 94 96 87 92 92 94 94 97 92 98 94 94 101 98 90 99 98 94 88 87 94 92 93
77 78 81 78 79 72 73 80 81 82 77 73 84 84 82 85 84 83 82 87 86 86 85 92 86 81 79 84 83 88 86 85 85 88 82 80 90 92 91 86 85 88 92 93 84 88 93 94 92 90 98 95 94 88 91 98 96 93 97 98 97 92 122 121 123 111 105 101 89 94 99 99 99 102 98 96 93 99 95 93 93 95 93 93 100 97 95 94 97 93 96 96 88 93 99 91 95 95 89 89 93 93 94 98 104 94 94 95 98 96 97 95 100 92 98 100 100 99 98 93 99 96 102 98 99 102 95 90
82 71 77 79 73 78 86 80 79 84 74 83 85 85 86 82 78 84 82 89 81 85 87 88 87 82 89 86 85 86 89 80 85 83 78 80 93 92 88 87 98 94 91 93 91 93 89 90 92 92 97 96 87 96 92 104 94 92 134 108 95 94 127 121 136 123 132 126 109 96 86 95 92 86 103 99 92 94 97 90 96 94 98 95 97 93 97 91 100 95 95 95 95 97 92 93 92 98 98 98 97 96 96 100 92 95 98 92 96 99 94 94 99 99 100 105 100 95 97 95 100 95 99 93 88 93 96 93
74 76 84 81 76 74 77 75 75 73 85 88 89 86 90 87 79 85 90 84 85 83 88 89 89 80 87 86 83 86 87 87 90 83 78 83 84 86 91 84 92 86 90 93 84 90 90 89 89 97 93 90 93 98 93 97 99 86 112 121 107 98 124 108 126 119 123 123 170 116 105 115 94 100 98 97 98 96 99 97 102 95 93 90 91 96 97 101 97 94 93 98 92 97 92 95 95 102 94 93 100 102 100 101 95 97 94 102 95 99 95 100 101 93 96 102 92 99 98 102 99 98 98 101 95 93 90 94
80 78 85 81 78 76 85 82 76 78 87 82 85 91 86 89 89 83 92 82 88 87 83 86 87 88 82 90 89 85 90 93 86 83 86 93 88 87 91 92 85 89 96 87 93 91 89 95 97 98 96 93 94 96 102 101 82 86 121 116 110 98 128 110 123 122 119 114 181 153 93 137 112 100 97 100 100 95 100 105 98 99 91 96 97 104 97 97 96 98 101 106 98 90 94 97 93 99 97 97 94 92 98 98 97 99 99 100 94 96 97 100 102 95 96 96 97 94 99 92 92 89 90 99 95 95 96 91
81 77 77 82 86 78 80 83 84 93 85 87 80 90 93 94 98 86 90 83 90 90 80 90 90 88 84 87 86 85 89 91 89 84 84 93 92 88 89 94 86 93 97 91 92 92 95 99 96 96 97 101 99 100 102 99 78 93 132 116 103 93 127 115 128 121 114 118 182 170 101 126 144 110 100 103 101 97 104 106 101 99 97 99 102 105 101 89 96 96 91 94 101 96 97 91 93 94 95 101 91 93 99 96 96 98 100 95 95 96 95 101 98 99 96 97 103 92 96 97 92 96 97 101 94 94 95 100
84 80 85 82 83 81 82 86 82 78 85 88 81 87 89 86 90 92 95 90 88 91 89 94 90 85 86 87 87 87 90 93 91 94 92 94 94 91 93 93 87 92 89 98 94 94 91 92 91 92 96 102 95 93 104 97 91 99 130 112 106 102 135 112 135 114 115 115 184 181 116 136 134 164 111 95 99 97 100 99 100 97 97 97 96 94 97 98 95 98 94 98 98 92 99 91 94 98 94 99 99 93 90 101 100 99 99 97 99 93 100 99 96 101 101 99 99 96 96 99 103 104 99 103 104 92 92 98
84 84 87 83 84 83 78 79 76 80 84 81 80 88 90 84 84 85 91 89 91 86 84 83 88 82 82 90 84 87 86 91 88 95 90 92 93 93 90 84 91 92 88 97 88 94 93 93 94 97 99 103 91 93 110 81 87 105 136 116 136 119 138 116 129 112 114 125 183 191 114 127 133 174 153 103 95 91 102 98 99 99 93 100 101 97 95 107 102 96 95 99 96 95 98 96 96 95 95 99 94 99 101 101 94 100 100 103 99 102 98 103 103 99 98 101 102 94 97 100 104 104 92 98 97 97 97 99
87 84 88 90 95 92 85 85 87 79 90 90 83 86 87 90 89 92 95 89 89 93 83 89 89 86 86 85 98 95 88 85 93 90 87 90 91 86 88 88 93 94 94 90 89 90 94 94 99 102 92 97 88 93 112 78 90 101 121 99 134 172 143 108 168 154 116 145 189 177 122 144 137 171 154 150 103 98 93 96 102 97 93 95 98 102 97 100 108 100 97 101 96 103 102 100 99 96 94 92 94 96 109 100 99 99 97 103 104 103 99 100 101 103 102 100 97 95 102 103 100 100 98 97 97 99 101 100
77 79 88 84 87 94 89 91 90 85 90 87 88 85 94 93 84 87 92 85 86 90 90 89 88 83 87 85 86 94 89 90 88 83 96 95 99 91 92 91 92 93 89 95 92 94 94 96 101 95 97 99 85 97 103 99 116 103 80 90 159 139 120 115 143 137 104 131 151 136 102 139 171 179 167 168 153 101 101 105 101 98 99 97 100 97 97 100 102 95 96 101 98 103 104 102 100 99 103 99 98 101 101 104 103 99 102 104 96 104 98 87 95 99 101 95 95 99 101 104 103 99 98 97 96 101 103 102
83 80 82 88 85 85 89 93 91 89 86 85 88 85 92 92 91 86 89 89 90 89 91 93 86 87 88 88 89 93 83 88 88 85 94 93 93 91 92 86 89 84 85 92 103 95 89 86 102 89 125 116 85 105 110 107 97 94 104 92 142 177 120 112 175 153 114 155 186 122 117 153 150 190 174 161 178 146 108 104 101 105 95 102 102 98 98 100 98 106 101 101 93 97 96 99 95 99 98 103 102 98 97 97 104 104 107 101 99 110 104 103 100 95 102 102 98 101 105 103 100 94 95 99 99 93 96 96
81 87 84 87 83 88 89 93 97 109 94 89 94 85 91 81 96 84 91 93 83 90 98 89 90 87 84 87 89 94 94 88 90 88 86 84 90 88 89 94 97 94 105 93 98 97 82 81 100 103 164 191 121 111 97 90 99 99 88 105 152 134 117 120 142 149 110 118 157 148 102 135 172 152 183 167 176 154 151 95 101 105 97 96 98 95 99 107 102 108 91 97 97 102 97 95 97 103 106 107 94 98 99 99 97 98 105 102 101 100 100 103 104 107 101 103 94 100 100 98 100 102 95 98 101 100 102 101
86 85 86 80 88 95 100 96 97 104 101 97 98 94 94 85 85 94 89 87 87 87 93 100 94 90 97 88 88 98 99 90 93 98 95 92 92 90 88 96 95 101 94 95 97 85 79 98 109 99 134 190 136 109 97 111 105 98 101 114 164 168 114 124 185 146 110 144 165 121 114 142 149 175 146 184 188 152 166 133 104 109 101 99 97 105 108 104 97 97 98 103 96 101 101 102 97 99 102 98 98 99 105 104 91 99 99 96 102 105 102 103 106 104 102 100 97 100 102 95 105 105 92 95 100 97 104 99
84 84 84 83 85 93 94 91 92 89 97 98 100 88 89 89 83 91 92 88 91 88 89 91 89 89 90 93 95 85 91 91 89 94 90 91 92 88 96 91 97 98 103 94 90 89 110 106 94 118 168 123 116 119 103 90 105 102 84 111 127 142 116 113 139 159 111 112 147 153 111 118 174 152 167 148 184 148 121 160 132 106 98 100 101 105 102 96 100 106 106 99 102 107 103 101 99 100 96 94 105 105 102 101 95 104 102 97 105 103 103 99 102 108 98 101 98 96 100 100 103 101 94 96 100 98 105 100
85 84 81 87 86 94 86 84 90 99 94 87 93 91 94 90 91 94 91 93 90 94 97 92 92 91 90 99 100 92 96 96 91 95 88 85 94 96 99 95 97 95 103 98 103 110 94 87 97 124 193 183 104 101 104 111 96 92 106 131 190 151 116 134 188 125 117 130 155 128 108 123 147 167 148 167 156 151 108 125 178 123 99 98 98 99 96 96 105 99 101 101 105 104 108 101 96 103 104 101 102 103 107 101 106 103 108 105 102 104 97 96 100 106 104 111 105 96 100 102 103 105 102 102 109 103 106 94
87 80 80 86 82 84 85 87 88 90 93 93 90 91 91 92 98 92 87 95 101 92 89 95 93 88 93 96 91 88 93 100 88 91 93 89 94 91 96 97 96 92 104 117 98 94 99 96 92 153 120 131 128 119 106 90 106 109 91 113 132 169 109 114 159 169 114 115 175 157 109 122 188 149 175 154 164 139 105 128 153 180 122 100 103 110 99 102 104 99 105 100 98 97 108 108 100 104 102 103 106 105 101 100 97 102 109 107 100 101 97 104 102 104 99 102 105 99 105 105 94 98 101 106 99 98 101 96
88 86 83 85 85 90 89 92 85 90 92 98 93 94 99 90 100 100 99 91 89 90 95 91 96 93 94 94 88 92 88 93 95 94 92 97 95 89 103 97 99 108 107 88 81 99 93 97 112 182 217 127 114 91 103 119 103 87 99 154 160 124 118 141 141 117 116 116 133 135 103 101 139 174 157 167 154 160 123 124 163 161 178 117 105 101 99 97 102 104 105 103 105 102 102 102 97 106 108 101 102 102 105 101 105 105 106 108 106 98 100 102 100 101 99 104 102 106 103 104 99 101 98 103 99 101 100 101
82 83 86 87 89 88 85 93 87 90 98 94 92 90 91 93 109 117 120 114 106 92 91 96 100 105 116 111 98 93 93 96 103 100 97 104 98 95 95 102 107 106 77 97 93 92 105 89 128 116 151 136 120 119 116 92 105 112 105 143 198 172 117 132 209 166 121 135 198 151 114 134 169 136 175 153 168 148 115 107 144 158 153 176 116 102 106 105 107 103 106 108 112 103 93 108 100 98 107 103 101 105 105 106 104 103 107 105 108 113 102 105 106 99 110 102 107 105 102 105 97 101 109 107 106 103 102 103
80 85 86 90 86 92 86 92 90 93 94 97 89 84 90 93 99 110 121 133 131 112 95 108 110 108 118 109 107 99 94 101 98 96 96 97 93 102 104 110 109 95 97 84 101 94 88 101 172 205 141 126 123 91 98 108 104 92 86 131 124 146 110 121 131 164 119 104 150 176 123 108 152 188 139 175 143 165 139 119 146 169 161 166 170 108 105 105 109 100 110 106 100 97 104 102 99 102 100 102 106 107 103 100 104 109 108 100 102 107 103 103 108 101 104 102 101 103 103 102 103 103 110 106 101 108 104 96
89 88 90 95 88 93 84 85 95 96 94 94 88 91 96 97 100 100 98 107 116 111 106 100 105 104 102 103 107 104 96 99 101 98 95 101 103 111 96 106 108 85 94 101 90 106 101 99 131 179 161 113 101 107 120 100 82 93 115 183 169 123 114 152 165 120 122 122 154 123 114 110 128 141 186 139 171 165 125 98 116 155 167 157 159 170 110 106 105 102 101 104 98 110 108 108 102 99 105 107 105 101 104 105 105 105 103 108 103 111 105 101 104 101 108 103 105 101 101 101 108 97 96 103 104 99 99 99
86 87 93 87 90 86 89 91 94 92 87 93 94 95 101 99 93 89 94 91 94 99 96 98 101 97 98 97 112 111 102 107 103 101 103 106 101 89 88 108 105 101 82 93 108 96 92 139 178 121 118 132 132 112 83 95 115 112 105 154 209 153 108 143 202 173 118 118 194 187 116 117 163 165 140 189 145 162 160 119 133 159 165 172 152 153 161 104 105 104 109 103 106 104 106 110 107 98 103 108 108 103 106 108 107 111 107 111 99 103 107 110 105 107 108 102 107 102 108 107 104 94 100 102 108 102 103 101
94 91 90 88 93 91 96 92 92 89 94 95 91 98 100 93 92 94 94 99 95 97 94 102 106 99 112 108 116 110 108 115 121 108 113 104 94 95 103 112 92 91 97 95 88 99 110 143 223 215 128 116 92 94 109 112 89 79 106 133 125 139 116 130 129 157 121 104 141 176 126 104 118 181 182 132 186 146 156 135 115 150 170 160 161 159 181 163 102 102 105 106 107 100 107 108 108 105 100 108 107 104 104 100 101 107 106 105 98 102 105 106 108 99 104 104 109 103 97 102 105 99 101 103 98 101 95 105
91 87 85 95 92 93 93 89 92 92 94 101 102 96 95 94 98 101 101 102 92 97 100 105 101 104 125 125 121 114 103 116 128 111 97 101 101 96 115 103 85 101 94 89 107 102 98 130 127 168 122 115 115 126 101 87 81 107 129 194 147 117 122 163 172 117 109 122 157 126 117 113 125 126 174 187 137 189 154 111 108 138 151 164 154 152 176 189 160 106 108 112 107 105 110 105 106 105 104 108 105 104 106 101 107 107 103 99 104 106 105 106 100 103 101 106 100 110 98 101 101 102 98 101 98 102 103 108
89 87 95 93 94 95 97 96 85 95 98 97 100 97 92 96 101 102 102 98 104 107 112 111 102 102 115 116 115 123 129 139 121 95 107 93 108 121 112 105 105 83 112 111 90 91 122 192 148 122 124 129 123 94 78 109 120 105 119 185 204 140 119 155 213 178 119 125 181 190 125 121 139 193 124 158 189 116 183 156 126 132 171 153 173 149 160 174 166 160 108 111 108 106 110 98 104 103 107 104 106 110 102 106 109 106 106 105 104 105 112 107 102 103 99 100 98 103 108 106 102 105 104 101 101 109 103 100
98 98 92 91 93 98 94 91 93 100 99 105 103 98 91 96 103 110 104 113 121 109 114 118 115 107 108 115 121 124 123 130 106 99 95 106 102 118 110 87 91 110 97 95 108 110 137 208 228 141 119 105 87 102 117 104 96 77 115 114 155 128 99 130 140 180 120 117 139 183 148 111 110 175 205 144 150 201 139 138 121 107 150 177 149 164 157 199 165 166 152 106 112 102 105 103 108 109 104 104 104 105 110 107 104 103 108 109 100 105 108 105 106 105 104 101 109 100 104 106 110 97 104 107 103 101 103 100
95 90 96 93 89 89 92 97 95 91 97 108 115 101 101 100 105 110 106 111 126 132 133 125 122 114 113 112 127 135 120 109 101 106 102 92 100 109 99 104 105 94 100 119 97 88 140 113 162 128 118 110 113 124 110 86 81 102 149 173 115 110 120 155 132 112 114 120 146 118 131 109 104 120 151 210 149 152 194 145 119 118 145 146 176 161 154 168 162 152 173 145 113 108 103 104 107 105 101 107 106 105 113 103 112 100 102 112 108 104 104 100 108 100 111 103 103 107 106 107 108 103 106 101 110 110 100 103
95 97 104 106 105 89 96 98 92 92 95 101 106 98 102 103 101 109 117 135 154 165 169 151 129 121 108 105 107 113 111 100 99 99 104 104 102 113 105 93 87 108 104 84 93 114 193 157 127 116 135 140 114 86 94 108 111 114 162 206 194 128 121 170 207 162 114 124 175 176 125 119 122 167 130 139 208 150 135 203 136 118 150 186 143 174 142 180 185 153 166 167 114 106 109 110 108 103 101 104 107 107 105 108 100 105 112 110 107 108 103 105 102 106 109 110 108 106 104 105 107 116 108 108 105 99 101 103
91 95 96 102 102 96 95 94 96 95 99 102 99 95 104 110 105 111 130 156 177 180 187 179 163 150 115 103 109 103 102 99 107 104 95 97 110 97 79 99 109 93 87 99 113 129 213 241 168 128 114 84 83 100 114 113 105 93 136 167 192 128 112 145 193 181 116 110 154 214 160 110 110 175 212 143 133 200 169 132 133 112 104 154 184 148 179 132 184 162 159 175 126 106 111 112 107 111 105 104 108 108 109 107 118 109 111 105 110 110 104 101 104 104 114 109 109 109 110 105 107 103 104 105 104 106 105 108
104 92 97 104 101 103 101 99 100 98 100 98 99 102 102 104 112 131 138 154 188 194 200 195 183 153 134 116 100 82 101 109 100 88 104 106 107 102 106 100 83 96 115 108 88 134 129 190 140 120 106 96 117 117 106 89 79 92 139 105 129 121 117 133 109 144 120 109 127 138 159 117 93 134 171 208 157 125 185 173 119 124 124 144 148 184 155 161 163 168 154 168 160 117 113 111 110 110 110 108 105 106 107 113 110 103 108 112 105 106 102 104 104 107 108 108 109 104 106 106 106 104 102 104 105 105 108 103
100 103 97 100 107 106 101 105 96 99 104 98 98 103 105 105 106 119 143 160 179 199 204 191 185 165 143 132 98 98 104 100 101 102 93 107 112 103 91 77 112 112 93 90 100 183 131 108 112 132 142 136 125 101 92 88 113 120 180 173 140 112 128 172 156 119 112 127 156 126 115 111 103 133 116 145 213 179 108 182 184 125 130 165 176 142 179 133 185 197 157 156 164 125 111 111 113 108 108 109 112 114 101 110 106 106 108 107 105 104 111 111 104 111 109 102 110 106 107 107 108 111 99 107 107 104 108 100
97 102 93 96 104 94 98 100 101 100 108 104 99 102 108 103 101 113 128 125 142 170 177 166 153 141 125 98 85 100 107 118 95 83 100 122 98 75 101 111 89 82 94 111 137 208 224 172 123 130 131 108 75 80 106 124 123 120 187 213 188 124 118 182 214 173 126 129 167 207 162 116 122 150 183 122 140 205 188 131 157 137 108 116 180 175 142 178 144 183 154 162 163 142 111 108 107 107 109 109 109 111 108 110 111 114 103 111 106 103 109 112 110 109 105 106 105 102 105 105 105 109 102 103 112 110 102 109
100 103 105 102 102 97 97 98 101 104 102 107 98 96 98 104 111 111 109 110 113 123 134 124 116 111 112 88 93 102 104 88 92 114 123 119 100 105 106 83 91 118 120 103 135 190 223 169 117 117 90 93 105 115 120 115 90 103 142 178 171 118 119 151 182 189 130 115 146 205 190 125 115 133 198 197 142 119 195 199 122 117 123 114 133 169 176 147 165 166 176 151 167 164 133 110 112 114 113 112 106 113 113 117 108 108 103 100 110 107 103 107 113 107 104 111 105 101 103 108 105 105 107 104 105 107 112 114
101 97 103 101 98 96 104 103 103 97 104 105 95 102 104 101 104 103 107 102 108 109 120 110 104 112 104 88 103 91 88 109 102 98 118 115 106 84 77 104 124 114 93 83 151 111 140 138 124 126 110 123 119 111 89 78 79 119 130 102 133 109 124 137 101 145 117 106 130 122 166 124 100 106 148 182 203 158 115 173 208 141 120 139 173 148 157 168 140 181 181 159 146 177 134 108 108 101 109 111 115 112 110 109 112 104 106 107 106 110 107 103 107 111 116 115 111 116 114 108 106 106 108 110 106 110 111 107
100 98 96 97 96 100 103 100 100 101 106 97 99 103 103 101 100 104 112 100 99 104 109 99 109 108 80 86 93 102 103 90 74 108 115 90 73 87 113 113 90 86 93 121 197 156 121 125 138 143 144 133 103 97 84 94 115 139 198 145 125 111 129 170 138 115 104 116 141 130 108 111 108 108 128 103 177 212 168 110 169 177 131 125 149 201 156 150 167 130 185 147 166 162 170 118 115 109 117 112 110 111 109 106 113 106 111 112 108 104 113 112 108 107 119 115 111 107 100 104 103 105 105 112 110 104 107 106
97 107 97 96 104 103 93 106 101 104 105 103 98 97 103 102 102 104 116 110 107 109 107 103 104 109 85 95 109 92 79 97 111 122 105 75 102 113 100 79 89 108 119 143 204 226 191 137 131 127 108 88 86 105 107 114 119 152 202 215 153 123 127 182 204 177 119 127 147 200 173 116 126 132 194 147 106 163 208 186 127 127 130 106 107 150 206 153 155 179 173 193 136 181 164 126 115 116 110 112 106 106 115 113 111 105 115 113 110 106 108 106 107 109 109 114 113 111 100 109 110 111 111 115 107 108 106 102
102 104 102 101 102 105 102 101 105 107 116 114 108 106 106 106 107 105 110 115 104 107 106 109 103 77 102 92 91 104 110 98 104 117 111 108 99 88 92 112 126 121 109 146 189 218 160 114 123 95 85 97 111 112 112 119 104 147 181 213 164 127 115 175 210 182 128 120 132 205 206 139 121 120 188 215 168 115 140 201 201 138 104 121 129 144 137 196 159 145 191 193 163 147 174 140 113 116 116 113 112 110 113 109 102 107 112 108 109 110 108 108 118 111 111 113 114 107 117 112 109 105 111 108 105 108 107 111
110 105 105 110 106 108 108 114 110 108 109 112 108 109 105 97 104 108 102 104 102 108 107 107 104 80 87 91 113 107 83 81 117 117 104 82 74 103 118 118 104 89 96 161 117 138 125 119 123 105 121 118 117 116 106 88 79 133 99 159 142 119 113 136 153 169 124 108 122 147 196 147 118 111 156 195 213 196 126 125 185 205 138 124 131 181 167 140 181 146 131 189 135 166 157 167 135 113 116 109 109 117 117 108 114 117 109 108 103 112 111 112 114 113 111 107 109 110 109 107 112 107 113 111 111 113 114 109
108 98 109 103 107 111 123 181 163 143 129 123 109 112 105 106 108 110 112 105 103 109 109 112 99 90 101 109 95 82 101 111 118 103 71 91 105 118 110 86 83 95 132 190 143 126 122 134 151 152 152 127 100 94 73 80 98 152 118 100 112 105 123 138 90 113 105 104 119 113 119 122 115 91 131 117 183 212 211 144 107 178 166 124 120 149 207 175 130 180 152 157 183 133 171 166 126 112 115 113 111 118 116 118 111 118 115 108 112 111 113 122 112 111 112 113 111 112 112 111 111 109 112 114 113 112 115 111
104 109 103 109 106 119 172 197 185 188 170 158 136 128 113 112 106 111 110 110 105 113 118 87 82 117 102 84 91 111 107 114 121 94 103 117 109 79 87 97 112 121 160 208 221 189 138 147 150 144 120 87 88 89 95 114 121 186 201 169 116 126 147 199 167 133 106 121 141 182 123 111 103 111 145 138 102 159 213 217 169 112 124 118 117 117 133 196 188 128 172 182 201 175 130 158 166 121 112 110 110 112 112 119 112 113 112 117 117 120 109 114 115 116 118 111 113 107 116 111 109 109 111 114 111 111 108 111
105 106 108 105 103 145 185 193 188 198 185 175 183 173 148 136 124 115 113 117 117 112 117 93 88 93 95 113 112 85 88 123 119 112 112 85 81 89 113 120 124 145 186 205 215 173 126 127 102 84 83 87 110 115 117 122 123 188 194 205 137 131 121 190 214 194 129 132 141 206 211 147 125 134 154 210 154 107 132 197 215 180 123 106 126 131 139 131 193 177 112 168 202 142 179 158 165 141 112 109 111 118 109 117 116 117 112 117 117 116 115 119 117 113 112 114 113 116 115 110 115 107 106 111 113 112 115 115
111 113 113 109 135 187 185 176 180 185 183 186 183 188 190 181 161 135 122 118 118 109 100 89 93 112 114 94 85 76 108 115 105 93 92 80 113 119 112 107 112 181 199 184 193 165 122 131 91 93 105 120 114 122 129 112 119 171 195 190 135 127 118 183 205 188 127 122 131 198 213 167 128 122 137 203 205 190 116 117 179 213 214 132 129 136 178 164 120 175 183 114 166 173 125 179 155 134 123 111 114 115 116 119 114 112 109 114 120 112 109 108 118 118 119 114 119 114 111 116 115 116 109 110 110 115 115 115
109 109 106 118 170 186 177 182 191 183 196 184 186 199 185 186 188 181 163 141 128 117 81 106 116 107 94 82 96 110 114 117 74 83 97 106 121 109 107 112 119 192 192 188 182 189 172 146 126 118 124 121 113 111 91 83 123 128 131 166 122 110 130 143 160 176 118 105 114 168 211 165 131 122 124 176 213 211 199 144 103 151 213 161 134 125 155 202 174 118 173 183 144 199 178 126 164 177 136 118 119 113 116 134 119 109 115 115 117 113 111 112 110 113 115 115 117 112 121 115 113 116 111 116 112 117 116 113
104 100 105 150 186 180 176 171 186 187 180 193 197 194 197 191 186 189 189 177 170 150 127 121 93 99 106 116 119 118 112 103 83 102 111 118 111 114 110 112 136 203 206 202 186 190 194 189 181 158 146 110 91 82 73 78 127 140 102 114 112 152 176 139 93 123 117 127 120 157 216 179 118 96 103 126 140 206 209 203 174 116 130 155 125 120 126 162 209 187 127 155 192 203 175 183 130 147 129 132 119 106 107 155 145 118 115 114 119 112 115 117 109 116 122 118 117 115 117 118 116 121 116 113 119 121 116 110
102 105 131 165 176 183 189 186 180 192 187 183 188 198 199 183 187 175 188 185 183 187 181 157 124 127 125 98 82 104 116 111 110 104 106 112 116 114 119 118 176 209 198 184 194 201 198 207 203 197 177 120 94 89 105 112 145 190 125 109 96 179 178 165 139 119 105 96 89 151 193 126 164 140 109 143 105 111 171 214 186 161 138 104 110 123 123 117 143 199 195 114 143 194 141 129 120 110 113 125 162 111 101 121 176 134 114 114 112 114 121 123 112 117 113 114 113 116 114 118 121 115 122 118 116 99 112 103
105 121 172 174 178 184 186 177 184 181 185 190 186 191 184 193 187 186 197 185 183 186 188 192 187 167 135 99 103 119 112 112 114 109 115 113 118 118 120 122 188 209 208 200 204 194 191 195 200 206 202 203 167 134 122 127 136 114 91 88 91 191 149 108 158 164 106 84 98 151 203 120 107 180 167 193 173 116 121 117 105 140 188 148 108 117 130 172 138 124 182 142 113 118 115 118 116 116 114 119 171 165 118 107 157 183 135 115 117 118 120 124 115 118 119 113 118 119 115 116 117 109 109 104 100 99 102 90
118 158 175 173 190 189 181 181 169 172 175 185 189 187 197 196 186 186 186 190 196 193 203 191 179 178 182 169 156 138 124 112 121 105 117 124 121 118 120 133 202 200 202 210 199 202 205 193 194 194 199 204 199 164 136 109 115 95 97 88 100 190 149 104 100 136 186 153 94 132 199 140 132 154 141 177 132 125 123 106 101 133 173 117 167 144 130 156 146 110 106 106 113 114 116 114 112 109 108 115 142 183 172 122 110 171 172 130 120 114 124 118 120 120 112 113 117 113 107 104 103 98 102 103 110 104 98 96
140 173 173 177 194 188 191 186 184 179 175 182 198 192 187 193 188 186 176 177 187 183 188 196 193 193 184 189 192 182 180 144 125 123 115 114 113 123 114 147 203 199 202 195 185 201 200 201 205 206 201 173 133 128 132 131 129 101 108 94 104 201 157 127 117 129 150 130 166 168 203 121 140 131 106 143 116 129 123 131 122 120 183 106 102 177 155 113 105 119 115 113 114 104 113 115 118 107 115 116 126 181 183 166 100 121 169 179 135 120 119 118 118 119 111 111 110 103 102 109 112 98 99 103 106 105 103 104
175 173 176 179 185 181 186 187 176 185 180 190 189 191 192 179 176 193 199 190 179 181 197 180 190 194 185 185 185 188 189 183 174 155 125 102 116 124 120 182 197 192 199 208 199 199 199 192 172 216 224 172 125 119 124 139 132 118 114 96 101 200 147 111 134 152 153 108 105 166 194 115 80 78 73 145 130 116 118 125 121 122 177 141 105 131 129 167 131 128 122 121 117 103 109 118 119 115 119 114 116 150 180 184 165 129 117 174 172 117 114 115 112 110 115 112 101 103 99 106 105 108 109 104 106 103 103 108
172 169 171 182 187 182 183 182 185 185 180 185 194 199 205 201 185 189 193 196 184 193 191 182 184 179 180 188 187 190 192 192 199 190 176 158 141 129 129 201 209 203 199 195 181 170 142 113 135 238 185 196 193 147 121 133 137 117 135 125 114 200 132 108 105 132 167 125 96 138 207 129 112 104 145 188 140 117 114 108 128 125 172 133 112 138 94 116 169 121 123 113 111 116 112 113 107 115 112 110 113 126 181 180 182 178 122 120 132 119 123 120 117 114 107 116 105 107 107 107 110 109 104 98 105 106 95 93
171 173 179 178 189 188 188 189 193 202 188 187 194 197 191 201 191 181 190 184 184 194 189 194 195 190 188 189 189 195 198 191 197 203 188 190 193 169 159 191 204 206 193 163 115 101 97 97 150 239 142 125 158 197 185 156 132 121 124 120 113 204 159 126 96 113 132 102 132 158 202 129 118 112 186 209 190 140 105 133 123 111 168 148 83 121 141 98 175 126 119 114 107 121 119 116 124 123 138 124 112 115 160 157 176 187 148 114 112 113 125 119 114 124 113 116 103 106 105 104 104 107 98 98 91 98 96 97
176 178 175 174 186 189 179 186 191 196 205 192 188 179 188 192 197 192 190 196 197 195 197 196 192 183 179 186 186 191 198 195 184 199 190 181 184 192 201 194 186 152 124 121 95 97 104 108 181 231 135 131 127 125 142 209 190 150 127 108 106 203 119 116 138 138 141 108 127 129 106 86 82 89 170 185 117 174 166 119 120 117 156 188 105 103 135 112 177 134 119 115 113 126 126 131 126 127 167 192 129 113 137 159 109 176 170 118 120 119 113 117 109 115 110 103 109 104 103 104 102 104 102 92 96 96 99 106
172 171 165 172 179 193 191 183 179 187 190 190 181 190 192 190 191 186 196 187 184 180 177 190 192 185 195 189 185 193 191 192 183 184 189 191 187 182 169 139 127 120 129 126 107 109 105 119 198 217 128 118 123 126 117 179 142 188 198 128 110 204 114 106 122 148 123 127 91 70 81 76 82 82 161 209 101 97 140 192 137 103 151 178 105 124 142 91 144 162 128 129 133 123 107 103 92 105 147 176 148 146 118 179 130 145 166 132 108 110 104 104 106 105 106 107 108 107 110 105 100 96 103 107 100 98 97 94
165 168 178 183 180 186 180 186 181 177 190 201 188 190 198 194 190 177 181 192 197 203 184 184 194 183 183 185 187 198 195 189 182 179 182 190 195 170 142 115 128 132 142 134 125 114 109 121 216 206 164 150 131 115 122 181 115 113 137 166 169 184 116 105 97 89 77 110 90 72 90 70 71 87 153 211 108 103 99 158 159 160 144 191 101 99 158 128 134 139 121 122 95 91 96 90 93 91 121 188 119 136 154 160 149 117 118 115 102 112 103 108 114 111 113 110 106 110 103 102 102 98 102 103 106 100 99 102
171 165 168 167 184 183 173 189 194 173 188 186 189 201 203 202 192 181 180 196 188 192 182 188 198 195 183 187 201 201 190 191 191 199 195 190 196 155 138 119 122 128 142 120 125 122 119 142 229 182 128 144 156 155 137 166 111 112 106 104 177 157 112 95 78 84 71 116 84 73 79 86 92 94 145 218 150 125 97 148 107 114 153 197 122 119 121 108 104 105 108 132 90 98 92 91 89 91 111 170 158 94 153 152 117 121 117 122 120 125 120 108 109 108 102 102 109 109 111 100 103 105 91 92 101 101 97 98
180 192 189 177 160 132 127 167 178 177 182 189 184 193 201 194 191 193 184 189 190 199 183 187 192 183 184 186 197 192 181 188 201 187 190 202 191 151 128 128 121 127 140 118 118 124 131 157 234 168 132 126 115 123 165 184 131 114 99 92 190 169 100 111 118 100 82 119 97 94 102 82 89 70 136 216 124 137 137 157 121 94 98 179 136 134 99 83 91 97 95 132 96 91 96 101 110 108 108 144 192 117 114 120 152 119 130 123 114 121 115 116 117 114 101 101 106 113 103 99 103 111 106 95 99 103 102 109
172 173 184 174 153 179 171 153 139 129 151 176 170 187 194 197 188 190 199 199 194 191 187 189 193 183 178 177 176 214 209 194 187 189 203 224 172 149 131 133 126 136 141 130 123 121 120 171 241 138 118 119 117 107 136 155 128 141 131 113 206 158 92 85 113 128 125 138 99 78 87 97 134 88 132 219 132 91 102 153 152 92 88 182 157 113 118 96 89 91 96 136 114 113 129 121 105 90 87 133 198 135 133 106 123 139 120 117 111 110 115 128 125 116 117 108 117 121 110 117 106 115 110 104 97 102 102 104
176 168 176 187 177 148 126 142 165 155 157 137 135 160 193 182 176 190 195 185 191 188 189 194 194 169 145 134 177 234 200 227 224 215 215 218 160 147 125 125 134 146 137 128 127 129 132 180 235 162 144 116 96 101 148 141 96 105 122 132 211 144 125 158 115 93 112 139 133 106 75 78 77 76 119 216 139 91 88 111 153 133 111 169 173 97 91 122 110 109 112 117 119 92 134 113 86 88 90 112 189 151 95 134 98 147 115 109 110 109 101 110 115 112 122 112 114 114 109 118 122 110 102 98 108 102 102 101
175 167 169 165 142 155 162 169 143 129 133 153 187 168 184 187 194 206 193 184 189 181 180 166 139 116 129 134 218 219 142 155 170 205 226 223 189 157 122 117 124 139 136 132 130 126 139 202 210 117 134 154 143 113 154 122 95 102 113 130 162 146 165 244 213 165 112 119 106 113 124 91 97 96 121 199 186 121 88 99 136 87 104 162 182 115 97 99 103 116 97 93 128 86 92 95 81 89 90 88 159 191 86 124 118 148 124 118 117 107 100 103 103 113 115 108 108 106 114 112 117 107 105 108 104 105 108 102
176 166 165 172 173 157 128 126 132 157 172 151 167 187 187 199 199 197 192 199 183 152 128 118 121 120 129 162 241 192 137 147 141 143 152 177 206 216 202 183 152 134 122 123 124 132 143 220 205 114 94 110 119 141 187 126 128 143 140 114 91 110 172 238 145 182 209 196 130 103 135 102 88 66 111 201 174 124 141 117 143 91 90 119 197 122 83 89 86 100 128 118 131 127 136 196 149 93 98 104 131 191 137 98 106 126 135 115 114 108 113 107 104 123 119 122 111 110 104 109 112 115 106 102 102 99 111 105
170 182 171 181 184 185 181 184 168 132 164 189 177 180 178 181 194 184 170 148 125 135 125 109 124 136 129 192 243 162 137 138 139 138 133 134 136 154 206 203 227 219 184 139 125 121 147 237 184 131 106 113 107 120 137 130 131 125 121 83 88 107 178 237 137 121 126 164 209 186 155 79 76 73 114 205 186 89 105 136 180 112 91 101 195 133 104 116 136 144 131 120 110 100 134 184 185 191 123 90 103 171 173 111 122 96 152 112 117 114 112 106 109 115 117 126 114 122 123 127 120 112 109 110 114 108 112 107
177 185 175 195 188 180 184 194 195 173 176 188 177 175 169 177 177 137 119 110 118 138 115 114 110 116 142 225 225 147 141 137 136 140 134 136 135 159 174 127 149 176 213 228 216 158 156 245 164 126 117 117 119 123 157 126 135 137 116 86 81 107 170 234 133 116 115 103 111 161 210 183 128 82 106 197 197 100 91 87 147 160 131 128 149 129 123 117 115 106 93 98 95 95 123 169 153 108 178 124 91 157 192 99 131 112 133 119 114 110 108 102 108 104 112 126 128 127 127 120 113 103 105 102 110 124 110 112
169 172 179 169 170 178 189 189 171 171 176 173 185 184 169 169 156 125 111 112 122 133 105 102 116 122 168 245 188 140 135 135 143 142 135 142 127 182 162 129 136 135 134 154 180 210 213 162 129 125 121 118 127 122 141 124 122 123 115 84 76 113 171 232 138 120 118 104 99 125 150 138 174 187 143 186 210 112 119 127 141 137 130 121 124 122 91 95 94 94 91 95 89 97 112 120 129 130 138 151 123 141 196 126 97 135 132 137 118 132 132 128 119 122 120 123 113 104 102 107 94 94 97 99 115 122 121 118
164 171 177 189 181 177 176 181 175 184 175 179 187 181 170 159 151 123 115 109 136 110 99 114 116 117 192 244 180 179 168 148 146 146 143 139 130 192 146 132 129 135 132 129 114 170 231 152 132 147 150 143 139 130 139 120 123 122 108 82 81 117 174 231 135 109 110 108 110 136 151 104 101 130 167 196 187 133 126 116 106 114 107 109 102 134 99 95 91 91 91 88 90 98 96 126 139 153 155 136 155 153 173 167 90 129 134 142 150 142 142 129 116 116 108 97 103 95 91 99 101 93 95 95 106 123 122 123
162 168 172 187 185 182 178 174 182 181 173 184 173 179 185 152 133 119 126 121 137 117 116 115 104 131 226 226 135 141 174 178 180 181 164 137 134 190 128 130 121 124 132 140 144 205 222 156 128 130 137 143 149 145 142 125 124 130 113 105 108 128 181 237 168 141 116 94 101 130 163 108 99 104 108 169 173 124 114 112 109 107 106 91 88 89 91 92 92 98 95 88 86 85 94 102 97 99 107 100 108 157 159 159 135 121 143 120 114 104 101 98 94 106 132 98 95 96 96 104 97 93 93 93 103 117 117 118
171 169 169 172 177 186 179 174 166 163 181 167 178 190 160 146 114 121 115 129 118 115 125 129 126 166 248 192 129 136 143 133 144 148 161 164 182 193 143 130 169 191 186 182 178 230 195 152 168 164 157 159 149 148 151 140 137 138 119 95 120 151 180 232 135 153 163 145 112 116 153 94 99 99 95 162 184 122 102 113 116 112 76 79 85 84 85 88 88 96 84 83 81 85 81 85 83 77 82 91 102 113 150 148 141 117 111 124 95 91 95 97 100 91 128 114 95 90 101 102 98 90 94 97 89 98 116 113
170 174 170 164 179 176 165 181 178 166 170 175 206 193 143 144 118 113 108 145 132 125 122 130 133 204 245 164 139 132 132 128 130 129 120 126 181 208 196 175 203 196 192 198 186 239 179 156 163 165 168 162 153 142 127 112 119 130 129 109 91 121 192 227 124 104 93 116 146 165 170 96 94 95 102 161 199 127 94 90 102 90 77 76 80 76 75 79 92 89 75 74 77 82 82 80 74 76 82 81 92 95 110 142 138 117 96 118 104 97 99 97 105 99 115 131 94 114 100 94 93 85 96 97 90 90 109 114
156 194 228 217 202 180 170 168 151 158 168 198 212 175 150 131 113 108 126 142 122 124 125 136 143 233 225 148 144 144 129 133 129 128 117 142 210 188 177 150 195 198 202 202 187 243 169 145 149 142 147 149 140 157 151 143 127 106 114 123 122 122 189 226 120 108 102 107 96 119 174 150 131 112 89 146 207 137 92 90 88 90 83 82 84 81 87 74 74 82 80 74 73 79 82 84 81 80 80 88 84 94 102 115 117 109 101 107 113 100 100 95 102 93 95 132 124 148 122 103 105 95 93 99 94 92 95 120
149 227 255 255 221 145 154 166 170 185 199 199 194 164 152 118 108 110 132 130 117 117 131 122 169 251 188 142 149 146 144 145 142 133 117 163 213 181 175 151 187 185 173 155 186 243 149 142 158 154 157 151 147 160 136 136 138 108 102 115 129 127 194 230 121 108 95 97 91 111 163 100 114 132 129 166 218 141 98 94 98 94 82 81 83 85 85 76 85 84 79 75 77 79 85 86 78 77 71 83 79 85 86 97 93 95 110 109 121 105 99 108 112 104 107 109 119 92 101 94 92 87 92 96 88 87 81 114
109 150 177 159 134 130 144 163 175 190 199 194 167 160 136 128 105 113 137 117 116 120 122 124 199 249 194 163 158 151 144 139 142 127 112 158 197 175 157 136 139 135 127 125 185 235 145 154 150 137 158 156 162 165 121 105 109 102 105 123 134 123 195 225 112 109 99 97 94 107 163 89 109 96 86 146 216 135 101 93 92 89 93 83 81 84 74 82 82 87 85 88 79 68 78 79 76 70 74 73 76 78 78 86 85 90 105 111 99 110 110 107 106 94 94 96 128 91 86 78 76 71 59 57 47 45 47 69
96 95 95 122 144 147 159 172 188 190 197 201 167 153 128 125 105 121 131 124 121 119 113 138 232 225 157 176 177 179 182 167 155 119 113 172 156 118 116 118 131 136 143 130 205 220 138 123 121 115 123 126 130 155 117 106 111 108 108 121 122 130 191 230 136 111 100 97 99 97 161 94 102 100 95 119 191 146 105 101 101 93 91 87 86 82 72 75 77 86 86 75 75 72 67 73 77 75 79 76 75 74 76 77 78 88 89 104 72 69 100 91 87 82 73 65 105 95 51 47 46 45 43 47 50 51 43 49
84 77 84 121 137 142 163 190 184 188 197 183 156 141 125 121 123 134 118 107 116 134 144 165 251 190 139 142 136 138 154 173 190 163 125 199 142 119 107 124 114 105 117 125 175 131 106 115 111 114 105 108 128 154 127 129 137 130 132 141 127 135 191 231 162 173 151 119 99 98 164 106 105 109 107 111 114 129 120 110 107 100 99 97 93 70 74 73 75 89 102 82 74 70 77 76 70 69 75 77 73 67 78 83 76 79 88 96 74 53 76 55 52 53 44 46 70 126 63 51 50 48 45 48 46 49 47 49
154 135 122 138 157 177 183 184 171 187 188 161 148 124 127 119 121 127 88 88 101 188 201 193 252 127 95 112 119 121 130 143 113 108 102 127 164 166 119 107 91 101 109 111 110 118 139 155 145 145 128 99 119 140 147 145 139 132 119 132 128 141 200 221 107 112 122 152 157 103 109 105 115 131 151 132 141 166 143 124 116 108 97 99 96 80 83 77 73 97 106 105 97 75 77 65 67 68 73 69 73 75 76 77 72 77 83 96 85 82 89 59 51 48 52 56 51 112 89 49 46 51 44 49 54 59 65 75
161 159 162 166 162 182 179 174 193 194 167 149 129 119 115 123 125 119 84 83 85 117 143 229 222 92 86 90 91 87 94 99 91 89 98 97 116 145 150 142 155 159 133 116 137 140 114 107 112 125 150 107 104 109 121 128 121 111 119 142 135 140 206 226 112 104 97 94 94 96 104 104 115 138 167 185 152 152 156 152 147 137 114 91 91 91 91 79 77 104 98 102 103 89 79 67 72 74 68 67 71 73 73 70 71 81 81 117 71 69 89 73 51 46 51 51 59 89 113 71 74 82 85 86 83 83 70 61
160 156 163 158 177 189 174 186 203 190 162 149 128 120 118 129 146 92 81 81 78 97 153 250 172 83 86 92 90 88 89 90 86 88 91 97 113 108 109 115 135 159 145 124 116 107 100 100 95 100 114 127 102 111 105 96 101 98 110 131 127 149 209 226 110 104 92 88 92 92 90 109 113 132 152 151 147 126 112 113 121 152 150 120 91 88 92 86 84 98 87 94 99 98 77 70 70 71 65 64 69 72 74 64 76 74 83 136 85 65 63 90 74 87 93 89 89 87 121 88 72 65 59 49 44 48 47 47
157 157 161 160 197 192 188 208 191 181 153 145 135 121 118 131 133 107 88 80 83 106 200 247 128 85 85 84 88 94 88 82 83 76 77 82 88 85 100 102 99 110 115 106 98 99 91 98 94 100 99 109 98 107 99 98 96 97 97 127 131 146 216 215 100 93 93 85 95 92 90 92 107 128 130 117 107 115 113 105 108 108 133 154 135 88 88 83 84 93 90 95 95 92 89 71 71 72 66 61 68 73 74 73 74 67 139 167 125 93 85 94 80 67 59 50 52 41 92 98 48 47 51 46 46 52 51 51
158 163 158 174 181 183 204 210 195 163 149 131 125 116 130 144 111 113 108 110 121 138 224 223 108 89 85 81 86 83 88 96 79 69 73 78 77 74 89 97 97 106 105 100 94 92 87 89 91 99 100 101 98 92 82 88 85 87 85 117 126 150 189 125 109 90 83 84 91 85 103 101 106 118 105 103 96 96 109 100 106 105 107 120 146 130 83 83 84 92 91 94 96 100 97 75 67 72 63 65 73 72 71 64 61 71 129 189 136 88 63 65 74 52 47 52 48 49 56 132 58 48 57 52 46 51 51 44
159 168 171 187 200 176 178 175 189 164 143 127 129 118 127 138 109 122 137 147 197 217 221 223 219 202 181 155 137 110 88 97 75 74 68 74 67 68 83 89 90 95 96 92 86 86 86 78 88 100 93 95 90 98 114 113 101 103 103 108 105 154 118 103 106 84 78 79 86 91 99 107 111 113 98 91 88 84 99 104 103 101 99 102 107 132 115 84 83 89 83 82 93 93 94 80 66 74 66 66 71 66 66 67 73 78 94 187 147 102 88 76 84 56 52 49 51 52 43 105 91 50 56 48 47 46 49 45
162 156 173 196 202 181 179 196 166 154 126 114 125 133 139 145 141 152 157 175 235 245 246 246 245 248 240 239 204 135 81 90 71 70 74 72 66 67 74 74 79 84 87 92 85 75 81 85 82 83 87 91 80 100 110 112 111 103 113 109 103 115 102 103 109 87 78 80 83 82 96 106 118 113 104 95 94 83 93 100 97 103 98 98 103 104 120 98 83 77 75 87 86 93 93 91 83 88 68 64 67 65 69 62 99 77 88 174 171 120 76 70 93 64 49 46 60 60 46 69 122 58 51 48 51 43 52 48
154 164 175 183 181 182 186 179 152 150 146 151 144 145 140 141 138 148 159 190 187 145 153 169 207 216 199 164 98 93 78 69 71 69 68 71 76 70 71 72 75 74 78 80 80 74 76 78 81 81 78 81 74 88 107 108 107 109 107 109 103 98 106 104 111 102 79 87 86 86 98 108 112 113 98 97 94 90 88 92 99 95 100 95 96 98 102 95 74 79 78 85 88 95 94 96 83 84 82 72 72 64 87 167 185 99 86 138 182 137 80 65 65 72 54 58 56 56 51 54 117 76 57 61 61 68 74 79
153 173 182 179 178 169 152 152 157 151 149 147 143 149 153 150 153 162 168 133 95 108 111 115 118 113 97 81 81 77 76 69 70 71 64 70 70 61 66 75 68 77 81 88 82 73 81 68 78 80 78 81 73 80 105 116 111 104 104 101 107 102 96 103 116 103 81 83 86 88 99 109 106 101 92 91 89 81 86 84 91 96 101 99 95 87 100 100 83 77 77 78 85 80 83 95 75 84 88 81 91 109 143 230 248 233 181 146 196 150 98 76 62 83 61 72 76 84 92 92 117 128 120 121 126 124 122 124
159 176 180 154 149 154 149 154 157 156 156 148 155 152 152 146 155 153 158 104 88 102 100 106 106 103 82 81 79 73 70 75 72 73 74 69 71 68 70 72 78 71 71 82 74 70 72 75 69 71 78 80 80 79 101 111 103 114 111 109 108 106 102 99 123 111 68 74 83 96 107 114 99 96 87 84 86 84 80 80 88 92 90 94 96 94 91 98 80 69 81 77 81 81 80 91 91 119 103 144 156 175 153 203 238 234 244 242 233 181 134 114 123 120 130 134 136 134 141 130 132 128 114 115 126 125 131 134
177 187 176 157 159 167 167 167 162 161 158 153 144 138 149 150 164 160 125 79 86 91 101 99 98 90 69 72 75 71 66 80 77 76 73 68 72 73 66 70 64 65 61 68 75 68 69 74 75 72 74 76 101 90 87 105 110 113 107 108 105 110 105 102 106 97 79 79 83 89 98 97 84 89 90 88 85 85 84 83 81 90 88 91 86 80 91 94 82 71 77 79 83 79 78 84 90 114 118 114 115 144 171 192 252 248 242 240 241 242 231 153 142 138 150 142 150 145 146 154 156 140 124 122 131 136 140 146
174 175 179 168 157 166 165 164 169 164 153 155 145 157 150 154 165 179 130 81 73 78 92 92 88 77 72 62 65 64 67 70 73 69 72 66 69 67 67 69 68 67 66 68 66 63 67 67 63 71 76 93 173 120 81 92 113 113 113 102 102 104 107 105 106 102 87 78 84 80 77 82 79 81 87 89 84 83 84 83 81 82 84 88 84 79 88 95 81 71 66 74 85 76 71 85 77 89 108 105 107 131 182 180 245 251 249 248 246 242 240 201 131 128 126 149 153 152 149 151 154 160 151 148 155 155 154 147
166 155 159 164 159 161 155 164 160 153 150 154 148 160 156 158 166 186 147 85 77 72 77 91 86 63 64 66 66 67 76 72 71 73 71 57 65 71 72 67 66 59 64 66 63 58 63 63 63 68 78 149 191 164 97 95 100 108 105 105 108 108 109 104 105 104 89 71 77 78 75 77 80 85 73 80 88 81 81 82 80 81 90 84 82 87 81 88 81 76 72 81 82 76 86 87 81 85 101 98 106 138 182 168 231 249 248 248 249 245 246 232 159 148 139 148 158 154 167 163 153 158 149 160 158 155 151 151
176 154 160 160 161 166 160 167 163 154 145 132 123 149 148 145 148 208 166 75 78 77 70 78 73 68 63 63 65 65 74 74 64 68 63 69 69 66 69 63 68 65 60 64 62 58 77 77 64 84 150 190 191 195 141 95 96 106 114 109 114 114 121 109 103 106 107 77 80 73 76 67 73 72 75 78 82 87 82 76 77 77 86 86 83 83 73 76 76 73 74 73 82 90 89 90 78 84 88 92 100 163 180 174 208 252 250 247 251 250 248 241 179 149 144 144 146 143 151 154 168 164 160 162 159 152 152 148
149 157 162 160 156 132 124 125 115 107 99 89 128 151 149 149 159 227 206 87 74 81 77 73 68 68 61 59 67 67 66 64 64 64 67 61 61 62 68 68 65 64 59 63 64 74 83 91 110 175 190 176 175 164 156 106 100 87 107 119 126 124 122 119 111 110 115 107 82 79 79 75 76 65 73 68 71 79 77 78 80 80 82 84 77 78 84 86 72 70 71 75 87 98 93 86 75 80 86 94 116 174 173 165 185 247 248 247 255 255 250 244 200 139 152 155 150 144 135 144 156 153 162 159 155 153 157 161
159 153 151 145 167 95 81 78 86 91 103 109 144 153 148 145 174 219 234 153 79 79 69 70 70 65 62 55 62 65 62 69 63 65 71 63 61 65 79 84 108 129 96 73 83 102 114 122 130 124 114 109 112 109 107 124 113 78 95 112 123 134 128 142 146 134 137 129 95 82 77 75 73 69 72 73 70 75 75 73 74 72 71 81 80 78 80 80 69 67 67 74 85 92 96 84 68 68 76 93 136 147 152 153 168 237 243 223 155 187 227 249 218 140 147 151 153 142 140 137 143 147 141 142 142 131 133 134
122 129 120 131 131 93 78 84 88 114 119 119 149 148 151 153 207 235 227 221 119 81 78 74 70 62 62 62 67 64 59 63 65 58 63 56 64 71 73 109 206 252 144 64 113 101 87 100 99 107 107 125 122 119 118 132 159 109 79 101 117 131 156 158 157 166 184 192 159 92 79 75 68 73 71 71 69 69 72 78 77 74 69 81 77 76 76 76 70 71 71 72 86 93 95 83 64 73 80 114 144 137 136 144 161 197 225 235 121 85 98 116 185 159 136 133 108 103 107 102 87 82 73 77 68 75 75 64
89 95 94 101 99 93 98 103 101 104 112 121 107 154 147 167 231 232 230 227 194 97 81 77 71 66 68 70 60 66 60 67 62 57 65 62 70 87 108 143 208 244 133 81 146 84 85 91 75 75 87 137 95 88 94 127 174 151 82 88 102 130 146 161 166 181 197 222 244 191 86 83 78 75 66 68 73 67 67 69 77 72 65 70 73 71 74 66 69 69 73 80 86 87 83 85 93 126 131 142 116 101 107 115 150 147 157 222 164 91 83 110 149 190 134 130 96 73 81 84 61 57 58 62 61 76 76 64
84 75 84 82 86 91 102 108 103 90 95 101 94 150 153 179 230 216 215 210 209 192 111 72 78 74 63 69 60 64 57 68 63 66 63 69 81 126 134 148 221 237 126 92 186 93 93 91 70 64 81 126 76 62 65 111 162 165 97 83 83 105 129 148 175 186 199 198 218 233 155 82 78 74 69 69 71 65 63 71 68 70 68 57 73 72 69 69 65 70 78 82 84 86 92 82 99 126 108 139 141 126 108 101 113 130 128 157 189 110 131 134 137 195 151 137 135 72 68 78 68 59 50 57 59 75 78 71
76 76 70 97 156 89 85 81 82 75 79 84 103 130 118 197 230 209 207 211 210 220 209 141 88 79 77 71 62 66 62 61 59 65 66 73 108 155 149 165 230 233 112 108 207 100 100 98 68 65 88 124 81 68 60 85 116 135 126 124 99 81 95 114 135 163 185 193 182 172 168 109 75 69 69 65 64 63 63 63 65 67 56 61 70 63 55 65 57 70 77 77 79 79 111 108 85 88 95 98 116 141 137 104 91 111 117 121 173 121 141 148 130 169 165 135 148 94 61 66 75 60 46 57 56 55 76 69
72 93 143 212 188 79 73 74 72 63 73 84 105 110 102 157 181 197 178 172 212 207 212 229 139 72 88 74 74 69 67 63 68 67 64 68 124 143 141 177 242 220 97 125 231 114 116 102 82 73 94 123 74 62 66 73 83 88 99 102 106 93 81 79 82 93 139 181 172 153 135 112 74 66 67 65 66 62 59 61 68 68 63 59 63 54 60 62 65 72 73 75 70 87 98 109 96 78 93 93 106 123 148 125 91 103 112 122 145 145 131 155 121 130 190 141 141 137 75 66 77 79 60 54 57 56 48 55
123 165 177 223 175 116 110 81 80 65 60 84 89 95 92 124 116 123 117 102 136 133 133 152 121 87 86 90 87 83 66 64 53 60 77 73 136 137 142 193 242 207 96 149 246 149 118 87 74 62 91 122 66 59 57 81 73 74 83 89 93 101 99 76 71 79 79 100 133 136 97 87 85 72 65 69 65 64 66 67 58 58 58 62 65 62 62 61 58 67 73 76 77 88 93 94 103 87 95 93 100 109 125 107 91 99 103 115 128 164 114 159 149 133 181 151 137 161 107 67 78 87 79 65 68 63 48 56
133 113 146 199 153 114 117 93 116 73 54 76 73 84 85 88 100 98 92 95 97 113 95 95 104 88 92 94 96 63 64 57 50 101 79 71 156 139 149 208 240 189 83 160 254 188 121 83 74 61 96 117 62 55 59 113 80 65 68 79 85 93 100 89 83 72 70 70 89 93 91 91 87 78 66 60 63 62 64 63 59 64 60 62 64 56 55 59 58 60 65 69 70 91 93 94 93 100 89 85 92 107 104 90 93 96 104 115 119 160 124 144 147 125 152 167 130 152 146 76 81 86 83 64 67 68 62 69
96 93 104 121 106 108 96 101 124 112 71 71 75 79 91 98 97 95 82 88 91 85 98 152 91 92 92 92 92 82 72 63 67 114 75 89 161 133 145 215 238 161 85 174 251 193 117 102 93 63 91 109 58 63 59 90 106 63 68 81 83 80 90 80 84 79 78 66 73 92 67 66 57 61 60 61 66 67 62 57 60 60 59 58 68 67 58 60 58 63 71 72 71 83 87 89 91 92 90 86 83 94 86 92 92 100 106 111 105 147 141 131 162 138 132 186 144 138 178 87 73 84 88 59 58 64 66 66
81 80 93 106 104 111 99 109 112 107 94 73 86 79 92 113 115 105 95 86 104 124 192 145 85 113 105 82 91 89 77 65 67 102 75 119 160 134 173 241 242 148 84 184 234 179 106 126 97 79 106 97 69 66 60 61 102 89 60 67 75 79 82 80 73 88 120 134 131 82 78 60 53 47 47 50 58 70 69 68 71 69 67 76 71 71 65 56 60 68 66 75 77 74 80 90 92 88 89 92 81 89 82 89 89 99 105 107 105 132 153 107 156 146 130 174 149 123 171 129 71 79 77 63 57 61 69 69
124 87 83 84 95 96 87 100 89 83 96 98 75 72 85 98 94 86 116 177 200 209 206 106 97 105 103 84 82 85 73 68 62 80 90 143 147 155 150 175 236 134 89 196 192 153 117 137 77 81 104 90 79 57 51 59 76 143 87 64 68 69 75 69 75 100 136 151 206 84 74 68 70 64 58 51 55 52 57 63 57 60 68 66 75 83 109 77 54 62 67 63 70 69 83 94 90 91 91 95 79 80 87 80 94 94 99 103 106 120 175 110 146 155 127 152 167 123 150 173 82 77 83 60 56 71 68 74
190 133 68 68 82 74 62 76 82 94 125 139 121 91 76 86 92 144 171 222 217 224 192 92 94 101 82 81 78 83 71 57 63 75 103 161 137 159 102 77 160 122 89 216 170 140 111 91 62 89 103 83 80 58 55 62 58 129 150 114 65 61 63 74 91 109 115 136 210 105 87 72 61 75 70 100 111 87 64 66 44 50 58 78 102 104 115 92 56 61 65 64 70 70 75 93 88 97 91 93 88 74 84 94 95 95 97 102 97 111 188 127 123 154 133 123 174 124 128 186 114 72 78 69 56 69 58 64
163 141 97 75 87 102 92 97 129 129 142 133 167 174 128 160 194 189 186 218 218 222 172 100 98 93 88 94 102 77 67 67 67 69 108 163 147 146 83 114 131 105 85 191 161 137 121 63 60 68 103 66 66 56 53 54 57 104 150 142 78 64 82 75 78 108 104 140 178 76 68 83 54 71 76 62 88 95 67 79 55 51 53 82 108 108 108 101 60 62 59 62 65 64 69 81 89 90 87 91 91 75 76 90 102 96 103 99 99 106 171 160 113 154 140 120 169 137 123 160 159 67 70 71 55 50 44 50
71 159 113 75 89 113 112 133 126 128 133 98 129 142 195 215 202 168 209 215 222 223 185 174 162 109 102 108 104 84 75 92 67 69 96 168 147 135 141 159 145 92 89 94 111 132 114 63 60 54 77 60 49 50 53 50 49 79 135 110 86 60 80 70 71 103 105 159 92 74 68 85 70 81 70 55 62 101 68 82 62 45 49 84 114 112 114 115 65 57 58 56 55 59 63 70 86 82 87 90 76 71 77 81 87 90 98 106 99 103 162 184 111 141 144 126 148 159 123 132 192 84 54 69 64 54 57 53
78 145 86 78 89 108 125 138 128 98 121 75 94 148 209 201 173 192 218 222 225 225 197 193 163 84 77 78 92 89 96 95 74 68 114 171 144 105 145 159 161 93 93 93 83 125 111 68 58 74 61 61 51 42 52 59 61 73 116 58 79 99 89 75 78 86 104 116 131 86 55 77 85 75 64 57 63 96 67 77 63 49 46 85 121 107 121 127 75 61 66 63 61 64 56 72 74 78 74 81 73 64 68 76 85 82 83 89 88 95 167 198 116 120 146 124 124 168 132 132 189 129 53 69 74 66 65 70
79 95 94 98 107 121 145 129 102 102 109 89 101 196 199 187 166 223 216 214 199 196 200 208 131 74 71 70 129 179 179 182 113 60 169 200 171 98 130 154 159 95 98 117 77 120 118 62 79 130 58 57 52 50 48 53 52 62 118 69 63 105 107 81 71 58 82 70 132 79 81 57 112 88 84 87 57 94 69 75 81 56 56 94 117 98 118 127 100 55 60 57 60 61 60 67 60 66 71 77 72 57 63 73 80 75 80 86 86 97 168 197 141 111 141 129 120 160 147 124 144 147 116 119 109 104 104 97
104 110 107 99 118 132 136 109 91 119 100 98 119 186 160 148 187 214 219 198 142 195 234 214 86 76 71 69 69 161 210 209 130 67 177 216 193 89 113 154 148 86 88 128 84 78 64 67 122 82 52 52 49 52 51 51 48 73 170 104 68 76 86 73 62 48 65 67 90 87 80 52 80 96 111 160 93 84 54 71 84 53 67 96 121 97 115 123 108 64 57 60 55 58 57 55 63 66 71 76 65 66 66 70 71 78 78 83 85 92 117 127 121 113 125 126 127 133 135 132 130 129 127 132 129 126 129 122
116 124 102 104 119 135 122 100 114 128 114 104 122 131 161 162 197 171 139 102 139 221 253 160 72 78 69 64 60 67 97 103 90 89 102 119 127 87 94 152 140 84 92 124 81 48 61 114 96 51 58 53 52 45 50 53 52 92 146 90 77 79 73 69 55 49 57 79 69 82 71 56 66 130 106 161 103 81 58 62 87 59 59 89 137 113 118 121 117 116 66 53 58 62 53 46 59 65 60 65 58 60 61 73 68 75 76 77 81 90 98 104 99 117 116 113 112 105 97 114 122 123 110 112 109 100 104 102
132 119 100 111 128 136 108 100 130 121 117 129 123 132 126 95 95 77 72 83 163 215 238 102 70 68 67 62 62 62 66 93 92 90 89 104 124 86 81 146 127 82 99 123 92 67 118 95 64 58 52 49 50 62 54 63 76 103 77 54 74 75 70 58 51 53 54 70 53 77 62 53 62 85 53 119 101 77 58 66 81 59 58 83 141 125 124 120 105 138 135 60 53 55 64 59 58 58 55 57 59 59 57 65 69 70 63 68 78 103 108 120 116 121 113 112 117 99 88 107 122 119 111 112 109 103 104 101
124 118 102 121 128 116 105 109 119 100 120 106 90 114 99 75 92 104 83 101 152 235 200 71 64 61 64 58 59 55 55 75 87 90 76 102 129 82 69 134 122 83 108 123 110 108 93 49 60 47 48 57 49 63 56 53 58 104 81 53 70 82 65 46 46 52 49 51 50 55 58 55 62 75 61 62 76 76 55 68 64 53 59 82 116 135 125 114 84 100 134 78 54 55 56 53 52 48 54 52 58 54 53 53 54 59 68 63 93 111 102 103 108 112 109 107 113 120 106 116 111 115 106 111 114 106 103 105
121 128 131 147 149 99 104 119 82 80 96 66 81 105 131 120 130 119 122 147 215 247 146 67 64 60 63 58 61 57 58 57 73 72 66 102 136 78 68 130 116 87 100 112 116 105 48 51 55 50 49 45 44 46 53 44 84 145 71 53 64 66 56 47 48 46 52 45 49 42 64 54 61 60 66 53 60 89 58 72 63 52 52 69 79 125 125 112 86 62 69 57 59 50 53 52 48 50 48 52 63 55 50 51 58 60 63 110 150 135 129 125 130 118 122 120 110 112 106 105 96 105 102 106 105 103 106 102
126 132 140 160 136 107 108 96 82 69 77 67 89 100 119 122 127 132 150 182 189 187 99 66 68 61 64 56 56 57 57 56 65 65 67 89 126 80 61 115 95 92 108 101 106 84 50 47 49 50 57 45 51 48 49 84 84 140 75 53 80 51 50 46 46 45 50 53 50 53 59 46 57 58 77 55 61 59 58 82 64 53 52 63 77 97 121 96 95 63 53 53 54 60 68 71 65 57 61 63 57 57 49 43 55 76 98 135 148 142 141 148 156 161 165 171 165 157 153 143 138 139 134 134 130 123 123 119
128 138 153 146 132 116 107 89 84 104 96 104 105 91 95 100 117 141 155 166 151 156 77 68 62 56 63 53 55 55 53 62 60 53 64 83 126 76 58 118 97 97 107 99 108 92 52 52 53 52 56 51 48 45 46 86 85 103 78 57 120 83 47 50 43 40 49 55 47 76 91 50 49 65 70 62 56 56 66 85 60 49 53 64 72 67 117 75 98 63 57 55 47 108 85 82 90 66 61 49 64 80 77 71 80 106 132 127 124 119 116 116 112 116 113 130 122 129 142 149 152 155 157 154 157 158 154 157
136 146 133 122 112 104 85 91 132 134 134 106 98 103 93 116 137 160 171 161 163 152 71 69 60 59 54 56 59 51 49 59 58 57 59 73 133 73 55 111 92 102 102 91 104 86 50 52 47 51 44 48 50 58 51 59 75 49 56 59 126 118 52 47 49 47 50 57 58 98 113 56 39 57 62 70 49 55 53 45 56 57 56 69 71 60 92 77 92 62 51 54 75 148 86 103 100 94 49 46 87 102 83 74 78 107 166 158 144 138 141 138 137 138 136 140 131 131 128 121 130 129 138 152 156 158 147 137
136 132 89 74 105 91 63 105 138 132 102 99 118 127 108 131 148 174 165 170 185 155 65 66 62 58 53 55 60 45 47 54 64 63 60 89 132 65 56 106 91 96 104 93 99 92 53 56 61 61 46 49 48 54 48 53 51 52 54 67 127 122 47 48 43 45 50 54 81 111 124 61 51 55 62 65 58 55 44 53 52 52 51 58 74 55 61 66 89 74 59 57 119 178 78 90 112 97 49 49 87 97 84 74 72 101 148 144 153 156 158 166 163 158 154 145 144 144 146 144 142 140 133 131 129 133 134 135
129 89 61 105 125 114 96 132 103 101 110 151 129 122 136 139 144 141 144 141 141 128 80 69 71 89 83 57 62 55 56 53 62 60 63 106 123 67 58 102 91 96 101 84 90 86 48 54 86 110 54 52 52 49 51 54 47 48 47 74 138 113 45 47 47 53 53 72 96 121 122 63 47 60 59 56 61 52 52 43 42 49 46 58 72 66 57 52 87 89 54 77 150 158 105 61 99 104 57 57 90 96 77 72 76 94 145 145 153 152 136 123 110 109 110 109 106 102 106 103 118 111 122 148 145 143 143 135
87 64 92 128 121 110 115 152 104 96 133 103 94 119 130 130 137 144 145 142 139 137 124 113 119 130 110 61 60 55 54 53 53 55 66 112 128 74 62 93 86 96 103 87 87 84 55 59 83 127 96 53 49 48 51 48 46 52 55 70 132 96 48 50 53 48 63 87 105 126 134 76 46 59 61 58 64 59 55 67 75 47 52 52 73 68 56 49 78 92 68 112 139 140 120 64 69 95 56 69 98 98 70 67 73 89 150 142 123 111 94 97 97 96 96 92 88 83 81 77 79 96 130 131 141 145 144 140
68 69 69 101 101 79 142 131 104 78 110 129 133 131 123 141 148 153 159 165 166 155 129 128 126 131 108 66 56 52 53 51 57 59 62 113 127 71 56 88 86 98 102 78 74 84 62 61 70 113 103 84 52 47 48 49 45 49 52 83 123 79 47 54 54 51 73 82 115 141 147 68 52 42 55 48 59 65 53 77 120 62 53 56 69 70 52 54 73 97 103 112 93 100 111 75 58 68 75 83 105 94 72 67 67 88 122 103 101 109 101 112 111 120 106 95 86 77 78 98 116 132 133 138 138 137 133 129
78 68 69 85 75 121 148 111 90 91 91 113 137 140 161 160 148 153 177 170 159 148 133 131 126 138 119 64 56 54 58 55 56 57 54 112 123 63 60 84 91 101 100 82 74 80 55 57 65 105 100 80 63 51 51 62 43 52 46 92 112 66 43 46 43 57 51 57 75 126 121 51 53 48 52 56 55 72 55 59 106 96 51 55 61 65 51 56 62 101 113 115 101 104 112 88 53 52 72 75 102 83 73 70 65 79 107 115 114 117 123 125 115 112 99 102 116 121 137 146 145 150 153 153 147 145 144 137
61 65 75 71 92 154 124 97 105 123 124 78 100 137 154 150 105 113 143 150 139 124 133 124 122 127 122 68 61 56 54 44 62 53 65 124 115 62 60 84 92 99 103 81 71 72 53 48 71 94 93 84 74 52 56 78 44 51 55 109 105 52 48 45 42 49 42 54 57 55 64 53 49 52 54 51 48 66 57 51 67 125 68 55 64 70 51 56 60 105 111 99 94 105 109 105 69 50 65 75 94 89 77 78 73 76 113 126 124 118 117 140 150 153 163 165 161 161 161 163 162 169 160 157 158 172 173 166
63 63 69 67 79 82 116 122 170 156 141 124 75 89 120 99 73 124 134 113 144 143 177 129 128 130 128 72 54 58 54 50 62 54 71 121 104 56 56 79 92 98 95 78 64 67 51 54 68 88 90 87 71 67 53 77 53 55 61 101 101 54 53 47 42 48 43 50 50 60 55 49 46 49 50 49 51 59 54 54 54 95 63 53 67 76 49 50 81 108 107 106 97 102 107 95 95 59 62 78 98 92 72 77 72 80 121 115 112 121 139 144 141 137 139 131 129 112 119 133 130 135 130 133 136 133 127 132
70 73 80 88 108 97 133 167 146 126 135 116 92 85 76 63 88 115 95 87 144 187 183 112 119 124 114 67 53 57 53 53 60 50 88 127 105 57 58 71 89 97 92 78 60 63 57 61 82 88 89 88 73 63 51 75 55 51 75 109 101 54 52 55 47 52 59 53 49 86 58 42 45 47 50 55 50 53 60 58 57 80 65 54 60 78 55 53 101 108 102 93 86 95 105 91 93 79 53 76 96 89 79 77 77 79 124 144 135 145 147 140 143 132 118 116 108 112 117 119 130 137 136 136 134 137 130 132
78 106 129 145 148 131 118 97 92 121 107 89 108 93 65 64 84 118 97 71 130 136 121 104 102 132 106 59 53 55 52 58 58 51 91 126 105 60 63 70 95 99 86 74 67 65 61 62 85 95 90 83 75 49 61 62 50 53 90 107 105 63 53 54 65 65 50 49 66 101 77 44 55 50 44 44 49 47 53 51 55 56 54 55 58 80 63 83 102 107 104 85 87 96 98 98 94 81 60 60 82 86 80 75 74 82 116 140 139 140 137 139 134 90 88 88 116 111 102 107 110 135 136 135 132 131 131 124
121 147 164 173 152 128 105 89 99 96 174 169 133 89 63 61 78 84 106 74 96 129 118 118 101 128 93 56 57 56 54 47 56 50 82 127 99 55 58 77 91 88 83 64 55 63 63 71 86 84 81 87 64 52 60 47 48 65 87 106 90 52 46 48 50 57 47 50 81 110 90 51 48 48 53 48 51 53 54 49 63 55 50 53 63 81 87 96 96 105 101 85 87 86 99 89 91 93 68 62 75 84 83 70 68 77 125 166 157 155 154 151 100 71 69 79 114 122 124 123 114 122 127 138 136 131 132 128
178 173 145 122 113 110 108 107 100 142 216 160 104 67 69 67 88 88 105 104 108 108 113 155 87 126 78 56 58 54 46 54 53 52 74 122 99 56 54 73 90 91 87 69 63 54 54 68 73 84 91 82 68 49 47 47 53 79 90 99 60 55 42 51 52 47 49 49 46 75 101 44 48 45 43 48 46 49 57 48 52 53 55 51 60 78 95 103 98 101 97 84 88 93 95 89 86 89 73 59 70 78 80 75 79 87 127 159 164 172 166 147 75 64 66 79 105 140 147 146 144 135 130 132 130 129 127 128
179 134 114 107 107 112 112 119 110 102 108 105 89 58 69 75 83 94 105 117 103 86 141 156 84 116 70 51 52 53 48 53 57 54 69 117 89 53 54 59 81 91 81 64 61 51 54 66 75 84 87 84 65 43 43 45 56 87 96 78 45 50 48 45 43 44 47 48 50 49 77 54 44 43 49 52 51 49 49 57 57 53 52 53 62 71 94 98 98 93 91 85 82 94 88 87 81 81 77 61 65 77 83 80 86 89 121 137 141 138 136 90 55 63 69 88 104 133 158 158 165 155 149 149 149 146 137 134
184 164 156 137 116 119 122 122 108 93 70 62 72 73 89 105 93 94 122 113 93 104 179 159 90 107 58 51 55 53 54 54 54 56 68 115 90 52 48 50 80 92 69 59 61 49 58 74 70 71 78 77 60 50 49 47 75 94 93 63 47 48 54 46 42 45 40 42 47 49 46 47 46 47 44 47 49 48 53 50 69 66 57 49 60 71 95 102 96 91 85 80 89 92 87 88 79 83 79 65 61 74 79 79 83 93 127 142 137 132 117 65 59 56 72 83 104 120 135 142 146 154 146 157 156 159 154 159
