143 136 141 150 151 162 156 156 159 166 175 174 177 173 156 163 179 177 176 178 169 181 182 184 190 186 189 194 191 205 200 201 204 197 195 190 211 203 203 204 191 178 198 201 206 205 202 200 201 208 216 208 193 214 205 202 203 210 205 206 203 213 207 214 199 199 191 201 216 223 221 218 216 210 216 215 216 210 209 210 214 213 217 224 217 215 210 202 195 193 202 210 197 214 216 211 213 207 212 201 204 210 208 204 203 208 199 188 192 196 209 206 206 205 204 201 207 200 195 205 195 200 206 199 188 179 184 199
149 149 154 153 152 154 159 158 152 160 168 169 170 168 161 158 171 185 176 185 179 189 191 185 184 190 191 197 201 202 203 198 204 193 192 198 218 209 202 208 202 184 189 199 199 209 218 207 206 207 198 196 209 208 198 201 211 218 209 203 209 204 217 214 213 206 196 194 201 201 219 212 213 218 208 206 204 206 209 211 213 214 215 218 223 218 217 219 220 208 187 195 202 210 222 213 204 217 208 212 213 204 212 206 211 202 208 205 208 196 188 186 190 199 203 202 203 207 203 197 197 195 198 208 201 187 192 191
144 148 148 147 142 153 156 152 154 159 164 165 167 167 168 162 162 184 179 188 187 178 191 174 189 189 190 186 189 202 193 186 198 200 194 188 188 205 204 205 203 194 196 195 192 206 208 216 213 208 213 209 211 207 207 210 209 204 218 211 216 218 208 220 210 210 214 202 202 195 203 221 211 220 210 211 213 214 209 215 210 219 210 209 219 217 213 221 222 216 220 204 200 187 197 206 214 220 214 209 211 213 217 211 209 208 213 204 207 213 211 206 187 186 188 205 212 201 210 192 192 195 197 207 201 205 206 208
139 146 139 147 152 149 145 144 160 152 170 167 168 170 175 173 151 178 193 187 191 182 190 186 189 192 188 182 194 191 189 200 193 188 187 188 189 195 196 204 201 196 208 207 194 197 199 196 207 210 212 211 200 199 201 215 208 214 217 201 200 212 205 208 209 216 215 215 213 196 198 196 203 218 212 214 222 225 218 217 208 215 217 216 218 216 219 212 213 215 219 216 211 204 198 196 200 212 216 213 205 216 209 208 208 213 213 205 199 199 208 206 188 196 197 193 192 197 212 202 200 200 204 206 195 187 197 198
144 145 142 150 152 151 158 163 152 151 166 166 172 168 168 176 166 165 188 186 186 177 187 187 206 200 193 184 193 198 190 184 199 197 198 200 194 196 199 199 209 202 200 203 205 198 191 193 206 205 203 207 209 200 195 214 218 211 215 217 214 206 206 201 209 218 211 217 224 220 196 192 196 203 209 219 213 218 208 215 208 207 217 223 217 207 212 214 213 214 207 207 221 209 218 220 202 192 204 206 206 210 206 211 208 203 209 200 202 203 204 207 202 203 212 205 198 193 184 192 198 201 208 202 197 201 205 206
153 138 145 152 148 151 146 153 151 160 159 163 168 173 165 168 178 168 176 189 181 190 190 186 185 190 191 186 187 190 199 193 198 191 191 192 197 202 206 212 197 202 206 207 202 207 193 193 204 217 215 217 212 215 202 202 204 203 205 205 204 219 209 201 210 216 212 210 213 220 213 223 214 203 200 201 212 207 210 215 219 215 220 209 215 220 223 211 212 208 214 210 210 215 213 222 213 211 209 199 194 209 207 202 211 221 210 211 200 205 212 193 197 200 201 204 200 194 193 188 190 191 183 201 203 200 201 204
140 138 144 152 150 150 156 154 152 164 157 165 165 168 179 171 173 178 169 191 195 184 185 186 192 194 193 186 197 196 205 199 205 196 199 196 199 199 207 193 194 209 217 206 197 210 206 189 202 215 215 217 215 216 207 205 181 204 208 211 208 207 207 214 212 209 205 212 210 219 218 218 225 221 200 197 207 199 206 217 218 215 216 219 218 221 214 213 219 214 221 218 212 212 213 213 212 211 215 214 191 190 192 214 210 204 222 217 211 207 206 212 207 199 201 202 198 198 204 205 199 200 193 190 196 202 203 195
145 148 153 149 149 163 152 148 161 155 162 170 175 171 183 170 184 183 169 188 193 188 185 179 186 190 194 194 187 194 202 197 191 198 196 193 199 204 204 201 212 202 210 203 208 205 209 206 203 191 197 219 207 218 220 218 202 213 209 213 207 218 219 209 205 210 211 219 207 212 219 222 221 219 221 209 204 198 193 201 209 217 218 212 210 209 207 210 218 222 221 210 207 202 203 207 213 212 212 210 214 217 203 191 195 193 213 210 199 209 212 212 204 205 202 197 201 196 203 195 198 206 203 193 197 194 185 188
149 152 149 147 155 153 153 172 169 163 172 174 176 170 186 180 192 188 187 173 191 198 198 191 193 190 190 191 193 186 187 204 199 198 208 200 195 210 202 206 213 199 209 208 212 210 212 207 211 211 189 199 226 218 204 204 209 201 211 207 204 217 220 216 213 213 215 203 205 209 212 209 204 207 215 225 213 199 206 202 197 202 219 224 213 219 208 214 214 216 216 216 220 214 217 211 214 207 205 206 217 214 204 201 206 190 187 203 195 205 203 208 211 207 201 197 195 204 205 209 198 209 203 197 205 193 195 188
142 157 146 151 170 165 163 167 170 169 173 182 169 173 179 186 190 197 187 171 189 204 191 196 192 192 191 193 199 190 205 200 207 206 205 203 197 198 206 206 210 203 200 199 211 209 215 206 210 207 205 205 210 219 208 211 212 214 213 211 202 210 203 212 215 209 210 201 213 205 207 207 214 212 216 215 212 218 215 207 208 200 194 200 220 216 212 219 213 215 208 221 220 217 216 216 203 203 208 200 213 207 209 202 197 209 204 186 180 196 210 213 200 210 204 213 211 211 204 209 206 203 198 201 204 207 204 200
144 163 155 167 172 160 167 171 172 172 181 169 180 186 180 184 189 190 195 183 194 200 193 190 186 186 200 192 196 204 203 193 203 201 217 208 215 212 208 208 206 207 205 202 214 209 216 215 217 211 213 216 192 195 213 220 215 209 213 210 214 210 213 214 212 207 207 208 208 209 207 211 216 212 209 215 216 226 224 218 213 204 202 199 214 206 218 220 222 224 207 221 207 206 214 212 208 206 215 213 209 219 219 199 214 207 207 206 193 191 190 193 200 205 202 197 203 205 206 202 208 206 198 209 203 203 200 192
160 163 159 165 169 161 163 168 176 184 176 177 192 188 191 190 188 201 204 191 175 200 214 205 202 198 203 211 210 210 208 209 206 206 210 214 211 212 224 220 216 213 211 211 211 219 213 206 216 223 212 221 209 203 197 218 223 218 213 212 219 214 219 225 218 211 208 211 212 216 215 213 213 219 216 219 215 221 212 221 217 218 221 212 205 189 198 224 220 215 221 224 226 215 217 210 217 215 214 216 206 204 214 211 214 213 218 200 206 207 211 203 170 195 214 210 200 206 203 198 207 212 206 211 200 195 198 193
162 169 166 166 165 176 178 170 171 185 177 184 190 194 195 197 188 189 202 210 193 184 213 217 206 206 201 203 197 206 209 214 210 207 204 205 212 220 209 212 216 218 206 214 210 217 217 210 220 223 225 208 213 226 204 204 214 226 221 214 217 218 226 221 217 209 215 214 213 212 220 208 208 214 216 212 215 224 219 220 222 216 212 213 208 207 202 196 194 206 223 224 219 218 217 210 210 215 208 217 207 206 201 205 206 209 214 206 206 205 209 208 200 192 194 187 195 198 203 202 197 197 192 199 207 213 206 204
161 171 168 173 171 179 192 180 176 179 188 190 188 194 205 195 197 194 206 191 201 192 183 206 206 199 196 205 215 202 203 204 207 201 210 205 192 213 199 208 212 214 218 210 210 216 221 217 211 212 227 219 230 228 224 208 200 212 228 227 228 211 221 216 224 207 201 209 211 208 214 214 213 214 209 215 210 213 211 220 222 217 214 217 229 212 209 211 197 186 193 201 217 212 210 210 210 207 207 203 208 204 203 212 207 204 203 202 211 208 210 209 202 214 207 198 188 186 197 205 206 206 208 202 203 207 201 213
156 168 162 180 174 189 186 176 188 187 188 191 189 193 199 211 200 197 194 202 204 211 193 187 210 214 208 209 206 196 207 212 205 199 215 203 193 206 211 211 209 224 219 212 209 207 221 217 203 209 216 211 224 221 208 199 207 215 220 222 220 216 211 221 213 210 207 212 212 211 216 214 214 217 209 210 213 216 205 206 208 218 215 212 217 219 212 217 214 204 202 197 217 215 215 205 216 214 208 217 210 210 209 216 208 203 205 206 201 209 210 216 208 208 209 212 211 195 175 193 200 203 207 207 205 202 189 197
160 176 176 178 164 180 184 185 191 183 191 185 196 194 196 198 200 202 190 196 196 212 190 190 211 204 219 204 207 205 211 211 204 197 207 208 198 215 199 212 217 218 217 218 210 206 206 226 206 209 209 213 233 224 215 224 209 204 204 197 207 206 218 204 206 213 202 214 218 216 212 216 208 207 209 209 214 209 197 198 202 216 217 210 212 223 221 217 211 220 207 193 191 201 213 217 203 206 204 218 210 217 206 207 212 216 207 205 213 201 208 210 209 204 208 212 216 213 206 201 178 179 184 200 196 209 204 194
159 169 179 184 177 185 179 186 186 192 188 190 192 199 188 202 209 196 197 192 198 205 190 182 199 207 202 203 206 213 203 186 209 202 198 209 224 203 203 213 216 220 214 220 216 218 226 229 209 206 206 212 215 211 190 214 196 207 200 199 180 190 207 204 201 200 201 213 215 209 197 212 208 209 208 214 212 208 205 212 213 194 209 198 208 212 213 221 206 219 220 205 195 178 193 195 216 221 205 211 201 206 212 214 201 213 222 206 210 203 208 200 189 212 212 202 207 204 208 204 192 204 187 195 182 192 216 200
173 177 171 179 185 196 179 195 183 184 184 195 190 204 194 201 208 197 197 196 212 202 210 190 197 217 206 203 207 207 211 209 205 218 213 220 211 216 227 220 228 210 219 219 212 198 191 196 196 198 191 202 200 205 194 199 209 207 199 199 203 196 201 202 186 186 209 218 208 199 204 203 196 201 203 201 195 201 208 202 199 194 215 212 204 215 222 216 219 217 216 212 202 204 201 195 191 207 211 205 212 206 215 207 205 215 203 197 198 199 203 204 197 206 193 201 202 206 211 204 204 214 201 199 189 175 180 202
185 170 173 185 195 190 200 204 203 196 198 201 192 206 184 200 205 199 203 203 200 206 209 197 191 203 222 201 221 207 216 215 230 221 221 220 216 216 195 191 210 207 197 206 211 208 195 211 214 196 194 211 219 218 213 199 200 198 203 179 164 165 168 165 145 130 162 168 162 186 195 202 212 216 204 179 183 183 201 209 198 199 193 211 210 201 220 214 209 219 214 210 210 224 204 194 189 195 181 211 215 214 209 199 202 212 201 211 199 203 207 197 203 201 196 192 193 196 194 192 191 197 206 198 197 205 191 183
168 172 186 181 202 201 195 190 195 189 204 198 195 190 205 201 204 198 192 199 193 190 213 218 188 200 212 204 209 218 204 218 230 221 217 202 194 192 195 194 189 201 202 197 201 197 191 206 204 194 186 174 195 160 156 138 115 108 106 116 123 121 134 126 107 121 121 118 120 124 109 146 144 143 132 126 117 128 180 208 208 217 212 218 213 199 193 193 216 218 223 220 219 215 208 201 194 187 183 200 189 195 210 213 201 199 201 193 204 206 207 204 199 200 222 210 197 191 190 213 207 195 210 204 202 207 202 193
182 185 191 194 197 198 197 182 200 205 203 196 202 202 211 195 204 195 209 196 202 206 218 211 195 195 205 219 202 215 218 210 201 203 195 185 198 189 208 214 189 203 204 190 171 191 194 176 154 121 121 134 135 123 126 128 122 121 117 104 125 100 100 110 113 134 121 117 113 109 100 99 116 128 123 133 138 139 133 149 136 142 150 156 190 204 210 209 210 208 211 209 210 213 215 206 199 195 194 187 180 203 195 177 201 203 206 199 204 200 210 196 199 195 208 196 202 205 198 191 189 205 207 200 207 202 204 205
185 188 184 189 187 194 186 196 194 200 197 194 207 215 201 188 203 206 214 203 208 190 207 203 207 192 203 203 194 206 210 203 199 193 205 199 201 205 210 213 204 211 177 125 119 130 133 123 110 105 131 125 118 127 113 120 123 112 98 118 98 93 89 108 118 122 119 137 138 132 123 110 121 140 125 117 124 112 113 125 128 118 116 106 109 139 181 212 200 202 209 201 208 208 214 219 204 212 200 182 183 187 183 168 187 210 204 210 211 203 206 209 204 198 204 198 203 204 203 198 197 206 198 204 195 195 202 201
190 190 187 184 184 194 193 201 207 204 193 205 208 216 206 215 201 218 197 208 207 208 220 215 219 218 191 191 184 190 192 194 199 199 200 194 189 200 206 199 204 177 122 111 112 116 112 115 122 114 110 109 115 119 89 100 89 93 105 104 108 99 88 100 98 103 121 140 135 135 126 117 107 95 113 112 135 132 124 128 121 110 102 81 101 124 120 160 198 213 206 204 206 208 207 220 210 214 217 218 201 188 183 176 191 197 210 223 209 203 203 209 213 195 207 206 204 200 196 194 204 212 200 193 193 195 203 206
191 200 197 198 190 184 199 205 195 196 206 197 203 212 192 202 207 214 208 219 205 210 212 211 202 199 187 200 205 198 186 192 184 195 193 195 192 206 215 185 149 107 107 113 129 136 135 122 114 109 87 92 93 91 86 86 119 124 138 144 132 124 130 130 93 80 120 127 125 109 125 115 99 92 93 106 121 130 126 145 131 103 89 96 111 120 126 113 118 128 154 183 197 197 210 205 202 202 200 218 218 214 213 188 186 198 196 190 208 211 208 212 197 208 210 201 201 200 195 189 198 194 200 205 198 191 190 194
192 192 200 199 200 201 203 201 182 205 205 198 201 194 205 192 205 210 215 209 212 207 220 208 205 203 201 212 200 192 199 206 200 190 196 188 198 196 174 125 90 104 122 120 123 99 88 99 88 92 95 90 92 91 112 118 126 117 128 114 114 117 114 100 104 102 98 101 101 102 97 89 110 137 134 132 122 117 104 103 109 114 91 95 100 92 114 124 103 101 114 121 124 141 186 203 198 214 213 205 209 216 215 219 199 188 197 195 202 219 204 199 190 187 199 207 201 199 208 192 187 189 202 200 195 203 196 194
209 202 197 186 181 195 190 185 193 199 208 204 198 197 214 212 212 204 227 196 211 211 197 189 195 202 196 208 195 204 203 203 196 190 190 150 146 131 112 119 122 124 125 118 117 120 110 114 108 106 101 93 85 120 125 125 122 117 119 118 111 90 87 89 90 88 82 89 87 86 86 82 105 132 130 130 126 118 99 79 73 84 111 115 103 102 132 135 131 117 111 105 107 106 121 144 190 212 213 206 211 206 201 218 218 211 201 198 186 193 188 215 206 200 198 207 193 196 197 196 192 201 202 203 195 201 203 201
198 206 194 180 200 185 206 199 205 218 206 199 207 204 205 207 209 194 202 219 206 192 186 189 201 193 179 199 193 188 188 200 180 174 120 112 111 96 91 112 124 125 114 110 113 122 130 130 125 133 125 128 110 122 107 100 90 91 86 97 105 102 115 128 118 105 101 98 105 113 94 113 127 125 117 118 92 91 95 91 93 92 105 113 118 123 124 116 121 119 122 124 114 95 98 114 106 161 210 214 196 201 207 215 213 215 225 205 183 194 177 191 222 215 212 200 200 201 198 180 199 195 198 191 193 199 191 190
198 203 207 195 197 199 203 215 213 216 199 214 206 204 208 207 202 207 206 192 183 205 199 188 189 195 196 205 199 200 199 202 179 137 115 109 102 89 95 116 93 106 76 73 110 140 138 129 125 113 104 111 116 103 106 92 76 89 87 83 97 124 127 115 124 123 112 89 103 117 112 121 125 125 118 90 90 82 90 92 88 100 97 90 93 120 120 117 114 101 116 122 131 129 104 98 111 85 109 195 224 206 204 203 213 218 221 209 211 193 181 186 202 195 206 198 205 207 199 201 191 183 187 181 189 193 200 200
195 188 211 185 195 189 213 213 204 207 204 214 177 207 197 211 214 211 192 191 199 194 202 200 213 201 210 208 204 206 203 195 151 98 95 91 89 99 93 91 87 86 76 89 124 111 115 122 111 112 113 109 96 101 90 82 89 92 92 107 126 118 125 121 121 126 106 94 102 94 116 124 125 123 114 112 100 91 107 102 104 91 84 88 94 109 120 110 101 92 101 125 128 117 124 112 91 98 82 94 163 179 201 215 211 204 220 211 205 209 208 191 186 198 195 210 208 199 205 201 193 197 192 192 191 197 198 190
198 205 212 177 198 190 195 191 192 202 195 208 206 203 197 214 211 198 194 186 187 197 187 215 195 212 205 203 200 202 197 166 97 103 87 95 94 85 114 118 104 104 109 118 104 92 97 89 98 116 120 108 103 99 85 94 111 105 95 107 122 114 123 107 123 114 101 89 82 86 98 114 110 107 119 106 103 95 90 104 101 100 96 85 106 119 125 122 128 118 125 130 120 116 111 99 94 105 115 112 119 126 140 192 197 220 220 217 208 208 220 203 198 192 196 189 200 197 203 197 195 196 197 206 192 197 192 193
201 198 205 185 195 190 190 182 198 192 187 209 206 203 186 210 192 199 203 187 206 192 212 191 203 194 195 213 220 169 156 122 117 111 102 87 92 111 131 128 108 98 102 107 99 97 94 93 96 102 93 98 94 91 96 108 102 111 100 103 97 98 87 103 102 85 79 80 104 106 90 77 96 108 111 86 90 91 114 120 117 113 101 111 123 130 116 112 128 117 120 125 121 102 95 106 108 96 102 114 130 110 108 144 198 217 217 216 216 215 212 204 209 209 184 188 195 173 183 196 214 199 195 202 187 197 204 187
198 191 209 203 206 199 189 193 207 205 193 214 208 202 207 189 190 196 194 206 188 212 189 210 191 209 203 207 174 111 112 108 122 93 92 101 118 118 112 113 119 105 114 78 78 85 92 93 75 78 86 102 99 104 89 101 126 137 132 127 114 94 79 78 94 91 87 118 142 130 125 105 89 94 87 84 82 83 106 109 118 111 118 117 118 113 114 107 115 103 112 122 115 124 114 90 99 91 86 90 108 111 123 126 193 202 211 204 215 209 219 210 212 214 198 198 177 179 184 203 203 206 210 196 191 193 195 199
193 197 198 195 201 192 195 196 193 193 193 195 194 189 179 181 213 183 203 186 211 206 206 186 203 207 205 148 99 103 108 118 126 79 96 119 120 101 96 105 102 100 90 78 80 84 87 99 97 96 94 90 65 70 90 109 116 133 130 123 127 118 84 82 89 89 119 140 131 128 120 123 114 92 91 96 97 75 79 88 104 104 101 99 112 88 83 109 111 111 102 106 105 104 117 107 102 108 99 87 92 91 104 99 137 205 202 215 210 204 220 214 211 210 203 207 204 198 177 187 184 190 194 202 194 188 195 193
198 188 202 196 207 195 192 196 177 202 192 198 203 184 187 204 187 192 201 198 200 204 204 201 215 191 142 102 111 104 110 109 105 103 103 108 97 91 83 88 106 117 122 114 96 87 98 96 92 95 99 101 94 93 91 105 122 110 123 125 125 105 99 76 89 104 131 125 125 130 117 111 125 106 97 94 95 97 108 103 113 123 98 109 96 94 89 85 90 91 99 85 96 112 105 107 97 84 93 88 89 101 82 90 93 170 210 200 206 215 217 225 212 204 206 199 210 200 182 168 167 168 177 188 198 209 189 189
198 195 198 202 198 197 198 199 184 203 205 202 199 168 194 194 200 190 213 203 191 186 188 206 200 192 96 120 134 99 104 86 95 82 87 85 94 90 105 105 129 124 109 112 126 106 86 90 83 108 130 125 110 118 111 109 117 114 107 95 101 96 95 92 93 102 118 110 117 117 110 106 90 87 90 82 103 125 121 130 130 110 104 113 114 112 103 82 74 62 73 89 80 87 105 102 85 86 93 113 104 89 89 97 83 119 201 189 217 215 218 209 199 209 218 207 191 213 208 201 188 179 182 176 167 185 200 192
195 178 193 185 194 202 196 194 196 192 188 190 182 181 203 184 209 185 209 198 210 166 192 188 192 200 166 180 92 81 96 108 95 96 98 100 99 117 116 105 116 113 99 95 92 77 82 105 113 123 128 120 124 113 97 93 92 85 77 88 87 85 93 100 96 93 103 103 94 82 80 80 83 79 93 87 85 115 122 110 110 108 121 124 101 96 96 101 98 85 81 116 125 116 106 110 98 99 94 86 106 97 95 87 87 119 179 194 213 212 209 213 208 200 211 207 206 196 216 196 180 200 193 176 176 185 182 192
201 192 210 203 205 192 200 196 195 198 192 194 180 193 201 200 188 195 212 204 205 191 205 192 194 192 200 148 83 89 98 105 121 102 90 94 106 111 101 100 107 100 90 92 75 78 112 116 131 113 107 113 124 111 94 92 93 92 82 88 83 89 86 78 92 97 94 82 87 82 93 97 102 94 82 83 84 89 98 103 98 106 112 124 114 93 91 97 101 103 96 91 95 110 126 136 125 104 98 97 97 109 123 101 89 115 161 189 205 196 205 209 213 221 205 215 209 210 196 213 199 188 197 196 197 175 179 189
195 184 195 199 197 202 202 204 211 194 203 178 193 205 194 210 185 209 198 210 200 196 214 199 200 196 199 132 78 99 98 111 114 102 88 91 98 84 90 92 86 83 85 84 81 100 101 116 113 114 113 113 103 114 76 103 126 121 103 101 91 91 91 87 106 88 81 78 92 123 126 136 130 113 116 87 88 82 94 94 87 108 113 116 98 88 79 97 91 98 105 103 94 114 112 111 120 115 82 85 107 106 125 128 120 132 161 184 210 197 197 209 214 210 214 213 209 201 207 199 212 205 205 198 193 196 177 166
187 176 195 192 193 198 186 194 189 195 189 176 206 207 202 200 197 211 199 200 194 203 191 190 197 160 184 114 84 107 120 112 91 97 88 81 87 87 90 94 80 85 95 91 106 106 98 114 102 96 94 103 89 94 90 121 116 110 111 118 110 102 86 86 90 92 103 87 88 126 129 113 119 115 135 111 108 90 72 79 83 98 103 99 90 86 96 112 99 104 99 85 108 99 77 91 99 113 86 78 89 90 115 122 120 130 138 180 205 205 205 212 222 209 207 212 223 204 190 196 220 210 206 195 188 180 186 192
207 189 196 189 196 196 184 191 198 207 200 185 204 200 209 198 194 206 187 203 209 196 180 204 180 149 187 119 89 117 104 77 81 89 85 76 77 82 89 98 101 101 89 119 127 120 124 97 82 84 81 81 87 85 107 117 121 127 132 113 114 124 115 97 97 94 86 92 91 110 116 116 114 104 113 114 113 110 116 90 82 83 73 89 85 102 99 114 101 85 80 87 98 101 85 82 93 87 98 89 88 88 108 105 111 117 119 165 205 208 205 198 212 211 210 214 205 207 199 196 211 212 191 181 193 193 194 180
210 187 191 191 192 201 192 186 209 203 193 191 201 196 205 197 208 173 205 206 196 195 180 194 190 198 186 112 97 96 98 86 90 87 83 83 90 92 86 100 92 106 115 126 109 101 100 99 99 91 97 80 80 85 109 112 101 111 107 91 76 87 89 93 93 101 105 94 85 94 104 92 91 100 90 91 111 102 91 98 103 103 90 93 91 107 101 121 119 117 109 98 76 77 80 86 80 84 101 102 101 89 83 99 111 114 104 142 179 206 199 213 207 196 197 210 199 207 216 217 193 206 207 191 195 206 205 207
194 182 180 194 191 200 188 184 175 187 177 203 192 191 202 185 208 184 197 192 195 202 182 188 174 193 179 116 97 95 90 101 100 86 97 87 89 94 84 89 101 120 115 110 96 97 80 80 92 95 96 99 84 90 109 103 91 99 89 82 73 76 91 94 101 106 97 84 89 95 84 91 85 75 85 91 100 101 103 127 135 131 118 92 96 97 89 104 122 114 124 113 103 90 90 97 91 90 90 97 92 99 102 91 99 102 94 118 144 191 185 216 206 199 201 220 212 206 206 217 209 217 213 195 187 203 198 197
196 188 192 177 182 180 191 187 192 173 178 210 187 210 194 188 194 194 182 182 199 193 179 180 186 196 187 156 86 92 95 84 95 99 114 113 92 88 92 104 104 106 106 97 96 104 91 79 88 93 80 94 103 92 92 94 89 77 78 80 87 88 95 101 100 93 95 93 95 82 82 77 75 68 73 91 97 104 119 120 117 113 125 122 101 96 85 95 125 126 113 119 129 124 110 90 94 111 108 102 91 79 82 80 88 83 83 105 154 192 197 206 208 214 217 215 211 199 204 207 206 193 185 199 192 198 199 179
184 195 189 195 190 186 185 169 196 172 189 212 196 197 185 207 193 174 191 211 192 182 193 188 187 194 171 141 87 90 104 103 106 121 126 121 106 122 110 110 89 96 98 98 109 94 88 86 81 101 88 94 108 99 83 80 115 127 133 117 103 91 99 94 98 91 94 87 119 115 94 91 90 88 95 84 85 113 114 118 109 111 119 120 113 108 106 82 79 109 106 120 108 108 95 90 88 105 121 118 108 108 95 102 107 93 108 95 133 194 195 206 196 200 211 212 212 212 193 196 212 208 209 201 191 206 201 189
192 200 191 209 204 200 194 174 190 173 191 200 197 200 193 194 193 207 202 208 190 174 196 197 191 180 167 153 136 84 97 122 117 105 114 101 99 107 103 100 98 100 82 75 87 93 87 85 91 104 93 108 103 98 98 105 128 123 117 116 105 95 101 96 82 80 75 117 134 120 114 115 101 99 102 81 73 86 106 111 105 120 112 109 115 119 103 87 91 86 85 92 93 105 113 102 93 96 116 120 120 120 127 137 121 113 165 119 109 180 207 193 204 211 191 217 212 211 207 208 217 182 207 196 191 205 191 202
174 186 188 193 187 188 197 185 190 177 190 194 201 206 205 198 191 209 193 204 201 199 202 196 194 184 182 189 176 127 81 101 103 113 114 99 100 82 85 77 95 81 80 79 74 71 77 80 87 83 93 95 102 109 131 139 124 120 113 115 115 119 110 111 102 95 113 128 129 124 119 109 103 91 96 100 93 70 72 95 97 108 100 98 104 120 116 99 86 76 79 68 83 91 95 94 85 102 87 106 118 123 114 106 115 132 188 170 174 185 196 206 200 210 219 226 218 203 207 207 212 199 204 195 190 182 167 195
171 181 182 177 189 186 198 192 185 187 187 192 206 202 206 204 208 210 196 213 203 204 203 168 194 196 186 173 186 162 88 71 107 111 101 87 79 75 81 80 70 84 83 75 73 78 75 84 91 85 86 93 97 102 112 112 118 124 133 128 116 113 124 120 105 96 117 114 118 122 128 121 109 102 92 75 76 86 72 77 87 88 93 87 114 109 108 109 96 82 68 74 78 74 84 90 93 94 91 95 109 108 107 108 99 115 154 177 176 183 185 203 216 213 212 215 191 206 211 215 206 211 204 216 176 187 195 178
187 188 190 202 198 193 196 178 186 192 191 188 197 202 209 211 198 210 201 199 201 190 195 201 203 197 186 176 170 185 146 82 97 87 85 83 83 78 86 82 77 86 81 90 104 117 99 88 94 91 80 95 93 98 94 97 107 114 119 106 112 108 100 110 89 91 88 115 116 113 109 109 100 95 98 87 91 83 73 68 68 87 105 86 92 99 105 106 91 87 90 85 89 85 87 73 87 95 95 87 91 99 92 109 91 105 144 185 192 189 203 199 205 197 200 207 205 202 211 201 218 218 219 210 180 198 200 188
191 186 192 190 187 190 182 197 198 188 192 189 194 205 190 194 190 204 213 191 194 193 210 202 204 197 193 186 184 183 166 99 82 63 76 93 106 104 82 85 74 89 108 110 110 105 104 115 90 78 87 83 95 85 89 103 101 97 86 95 93 91 89 98 85 70 90 118 107 99 109 105 103 106 90 74 92 90 93 73 73 77 67 82 84 109 111 100 96 86 106 108 87 94 95 105 100 95 94 101 85 83 86 96 91 91 136 186 188 203 207 188 215 213 211 208 202 214 208 204 222 201 208 207 198 191 196 191
184 195 184 180 199 194 188 207 199 201 196 188 194 200 196 193 196 218 202 196 205 209 198 202 196 184 212 206 165 167 173 172 139 83 73 79 85 104 108 93 127 106 127 129 125 115 113 105 102 96 97 91 82 89 76 79 76 80 80 89 94 99 93 80 78 70 94 104 98 94 88 99 105 109 94 91 72 72 102 91 108 98 85 86 79 91 90 94 77 83 100 120 121 102 112 106 94 82 86 85 71 71 71 74 96 94 161 183 204 213 181 189 209 205 204 218 209 222 221 210 216 203 205 217 197 206 191 200
184 187 208 189 173 178 193 183 205 205 201 211 199 208 194 201 192 198 202 206 204 217 190 187 213 191 182 203 166 173 169 169 174 171 124 72 73 89 88 87 108 102 113 112 119 117 121 124 122 94 109 102 93 105 86 82 84 75 78 77 81 90 91 81 65 84 83 94 90 91 100 96 84 83 92 94 86 80 99 83 100 92 87 97 75 73 85 94 96 87 102 100 113 120 90 86 86 84 94 88 71 99 101 85 95 138 179 188 201 213 199 206 179 202 208 202 210 210 196 224 222 192 190 209 209 192 192 184
179 193 193 180 184 198 188 188 193 190 205 196 213 208 188 202 195 207 217 202 188 204 200 188 196 188 177 187 199 178 168 182 152 172 169 136 119 92 77 72 56 59 98 101 95 102 108 108 97 91 86 90 85 87 87 94 103 109 81 91 113 109 110 95 87 87 101 92 69 74 75 81 74 65 84 91 82 102 93 109 101 83 89 90 100 99 82 92 93 108 119 103 104 118 114 114 87 94 92 80 127 150 137 110 129 186 171 177 197 188 196 218 196 191 207 214 213 219 192 201 216 201 201 196 206 205 194 175
196 199 200 189 184 179 174 191 195 195 212 206 211 210 191 207 197 194 189 206 197 171 207 212 175 189 189 196 200 196 177 179 162 164 168 172 166 131 102 82 71 55 78 96 93 89 100 86 101 101 96 104 87 86 100 84 87 106 115 112 115 116 93 87 97 76 121 105 91 80 79 96 82 88 94 87 83 112 120 121 137 123 102 84 86 85 79 83 100 105 110 112 115 119 107 110 95 94 82 115 167 174 158 162 192 190 192 211 203 192 198 187 193 204 213 206 206 213 194 206 206 200 206 197 205 193 181 201
181 183 191 194 190 186 172 190 180 200 205 205 188 202 198 182 217 201 185 204 193 186 188 215 188 183 197 208 195 188 199 206 178 157 162 174 165 169 163 183 160 117 82 78 72 76 91 72 75 94 115 111 106 106 101 85 92 86 103 100 102 112 112 94 103 96 86 79 100 101 101 87 97 100 94 79 90 100 105 123 124 132 133 110 102 69 81 74 98 113 103 91 87 98 102 81 72 80 118 150 161 152 195 202 195 190 210 203 208 223 210 198 199 211 204 192 207 193 203 217 186 206 183 207 195 191 189 185
179 180 188 189 189 190 163 188 196 169 192 204 176 189 205 190 176 205 196 184 198 216 183 186 220 195 169 200 199 185 181 192 200 184 180 171 154 169 173 154 152 147 116 81 76 73 73 64 70 90 102 90 97 107 108 103 90 78 84 85 84 102 111 92 70 85 100 85 104 104 82 91 112 104 102 77 86 96 102 110 109 111 111 104 82 89 97 106 98 94 72 78 68 84 95 81 90 111 139 137 160 199 183 179 178 207 215 191 200 214 187 192 216 200 189 210 216 201 206 206 189 195 213 202 201 195 185 212
175 184 199 192 180 196 191 202 196 164 193 200 197 191 195 193 164 186 202 195 197 205 194 181 200 215 206 203 187 208 195 176 165 180 198 201 202 179 171 154 159 147 131 102 86 103 91 65 77 94 86 61 85 97 99 99 97 121 109 99 104 115 104 83 94 96 104 91 97 95 82 89 104 101 99 90 94 86 102 94 102 97 103 96 70 78 83 87 84 79 53 67 81 86 93 107 134 117 131 170 205 203 181 167 190 190 193 200 219 192 192 202 203 192 198 222 195 203 202 180 184 185 173 196 197 193 191 187
174 188 188 193 183 198 182 175 205 182 199 197 199 180 185 201 199 186 206 213 190 187 207 211 185 192 194 208 199 185 182 199 200 182 177 173 192 194 186 185 170 164 147 147 140 149 166 141 90 76 69 73 71 89 87 77 76 83 102 107 98 99 101 86 95 85 108 89 105 107 106 101 90 77 86 99 80 77 85 83 83 80 79 88 72 73 66 79 74 70 67 75 85 90 97 115 140 161 196 198 179 180 200 223 192 168 172 213 197 186 204 198 189 191 211 196 189 213 208 191 206 192 199 178 193 198 184 207
158 177 198 202 191 188 178 187 195 184 185 185 199 200 188 187 206 204 190 200 213 190 196 201 198 200 183 200 205 192 181 186 193 204 207 208 171 148 157 195 165 191 190 155 145 161 170 161 167 140 110 89 91 96 81 73 74 63 67 75 68 72 69 69 70 78 79 78 81 95 85 86 89 91 78 87 77 67 78 70 73 80 82 89 81 74 77 112 125 113 86 89 87 77 90 136 174 189 185 194 200 223 200 189 179 207 221 190 182 203 214 196 186 200 208 191 213 208 187 192 205 187 175 204 194 178 193 193
183 179 193 177 183 193 175 181 170 187 173 171 196 200 205 185 187 211 192 181 204 215 196 186 192 212 203 183 178 197 203 213 184 188 196 204 195 199 199 187 194 177 197 189 181 180 180 156 158 187 177 150 156 156 125 97 79 74 77 83 80 69 64 75 67 79 95 77 76 87 87 81 93 94 78 72 97 95 76 79 73 81 87 87 123 165 156 154 158 129 91 89 92 119 164 194 189 172 166 212 216 197 186 187 202 201 194 190 204 210 200 184 186 210 192 185 210 196 177 197 206 218 201 180 197 194 191 199
179 181 190 182 183 197 180 178 201 188 170 189 199 187 205 188 182 192 217 214 182 191 200 218 187 180 198 200 209 195 181 185 189 196 197 179 178 172 178 191 195 181 171 171 178 200 186 174 182 160 162 151 172 169 163 162 107 108 102 92 80 72 67 72 65 71 82 73 74 75 73 77 80 85 131 152 148 149 120 120 85 69 78 103 136 143 158 154 159 161 169 162 178 176 170 179 192 214 218 193 164 188 213 207 170 167 180 214 224 194 188 198 216 189 176 210 196 187 202 212 204 201 190 216 197 202 208 179
172 180 181 178 180 195 184 172 190 183 165 173 204 189 184 213 201 190 194 209 204 181 193 206 212 201 198 182 189 200 199 193 183 169 173 179 196 176 183 174 187 174 197 199 188 172 157 163 190 197 193 186 178 147 149 163 134 97 105 92 86 118 117 107 110 102 103 121 128 135 141 144 138 161 160 160 142 108 119 119 125 105 102 119 151 176 187 193 179 185 205 190 196 178 193 204 207 179 194 192 202 205 191 192 184 193 213 217 180 188 194 220 194 181 198 198 182 180 206 220 195 184 205 191 205 191 187 170
171 176 184 174 173 182 190 163 181 193 179 190 191 190 175 198 202 203 178 169 184 202 187 186 198 200 201 199 193 169 183 176 194 189 185 183 187 162 186 191 196 183 168 179 200 191 201 185 175 188 181 181 196 198 184 166 121 120 94 95 102 131 165 158 123 178 172 162 151 153 164 187 167 161 170 176 176 156 185 185 201 205 200 187 166 179 175 190 186 188 188 188 203 207 191 151 138 179 211 219 203 177 190 199 223 215 182 174 192 232 185 167 191 189 208 163 181 215 215 205 214 189 198 198 200 210 195 177
168 191 192 189 183 187 187 187 182 189 191 186 195 195 185 185 204 209 213 187 163 190 206 220 198 189 181 172 190 202 188 178 165 177 180 178 184 183 169 161 151 170 185 185 172 199 176 188 192 214 201 181 168 178 160 169 185 169 150 162 178 154 165 162 147 168 169 179 193 183 188 189 187 211 204 203 181 179 160 174 186 190 205 193 169 187 186 179 206 206 166 174 175 189 158 189 206 207 194 180 179 199 198 215 189 187 190 217 214 193 171 183 221 180 167 194 192 204 202 198 204 204 203 192 212 205 200 200
178 192 188 191 190 179 182 189 167 186 194 182 180 199 194 185 181 195 210 210 200 192 194 198 207 205 189 182 170 170 177 187 187 186 181 154 171 191 203 209 161 146 161 202 180 170 185 177 170 179 166 207 198 198 190 179 188 189 204 170 163 174 188 178 187 195 183 164 185 190 176 172 169 163 191 198 182 201 200 192 185 207 203 185 182 187 187 157 167 170 165 174 176 213 214 205 182 179 183 207 210 212 191 182 172 219 217 187 175 179 195 223 202 174 188 217 202 209 209 201 211 191 192 198 180 201 192 186
184 193 177 187 188 187 192 183 178 190 189 178 174 185 194 185 181 186 189 207 223 228 216 189 173 185 186 202 185 197 194 155 169 178 185 188 176 173 160 186 187 188 169 173 175 159 190 202 206 186 184 172 170 186 187 178 193 194 195 192 203 200 215 203 178 196 201 193 168 196 205 170 197 205 196 201 192 190 174 201 194 196 182 184 183 172 185 203 208 195 191 206 189 184 185 182 193 203 212 203 189 184 196 199 218 213 174 178 196 222 215 184 181 191 177 206 218 212 210 201 188 203 195 182 216 199 199 193
182 175 163 178 197 182 191 200 181 197 177 167 186 188 186 171 183 196 175 183 197 192 195 197 197 181 168 157 151 188 186 199 194 166 155 163 173 208 195 173 180 160 183 166 200 200 182 190 165 161 178 211 206 210 196 186 174 163 170 174 172 184 169 165 172 163 185 174 168 178 177 171 157 178 186 166 200 179 184 196 205 209 199 205 200 188 184 179 180 171 172 162 168 198 208 211 204 187 176 171 201 208 209 201 178 186 194 217 211 196 175 191 210 209 200 201 201 187 184 187 213 194 210 186 188 204 198 205
188 173 173 185 188 184 171 173 184 174 184 169 178 175 183 196 186 194 189 186 179 194 202 191 188 200 199 190 188 166 158 177 187 195 197 177 168 149 168 199 183 175 171 151 145 173 180 193 190 193 164 167 173 176 171 188 178 180 198 205 180 204 194 191 192 198 191 196 200 201 203 206 195 193 201 202 209 203 180 164 187 187 175 169 167 173 178 201 186 190 210 209 195 186 175 169 175 181 200 207 218 183 175 183 192 196 223 189 170 177 173 209 213 194 198 180 175 180 184 176 188 207 208 202 201 193 199 204
175 180 186 185 183 180 178 178 166 171 187 180 173 183 205 187 188 179 191 190 187 196 187 199 205 199 189 183 191 183 192 186 151 157 175 198 178 160 176 156 191 197 202 202 184 162 138 162 180 192 210 199 191 191 172 174 169 174 174 166 164 172 179 163 176 178 178 166 179 178 185 176 180 168 164 176 185 179 199 193 185 187 203 208 193 203 207 208 183 190 208 167 179 186 183 203 212 205 188 179 170 167 181 201 205 180 172 179 191 208 212 202 199 179 194 197 169 178 169 178 182 183 201 191 177 202 195 195
187 175 178 179 189 182 185 192 176 174 179 192 180 169 176 187 184 186 175 193 186 197 206 212 198 206 191 200 196 173 209 212 190 174 153 160 171 178 174 180 167 161 168 177 190 175 183 166 167 164 175 187 195 190 197 181 183 201 211 200 184 181 180 186 174 183 170 178 190 192 200 202 214 186 203 201 214 203 199 189 196 186 175 183 170 156 162 169 177 183 195 209 203 221 194 193 182 165 166 183 189 214 206 162 184 188 180 202 210 197 191 188 196 195 182 194 189 182 174 180 186 170 189 197 196 194 196 202
183 182 179 196 190 183 181 193 187 179 189 190 168 159 165 184 192 189 198 201 195 196 209 192 178 190 186 178 192 195 169 160 190 172 185 180 171 155 155 174 192 198 172 157 169 175 168 191 195 179 190 177 165 174 174 171 160 140 155 166 173 169 179 173 172 175 195 208 181 195 185 201 192 171 188 195 189 162 184 193 179 179 198 205 205 195 210 209 200 188 185 195 182 166 162 187 191 210 219 219 187 164 173 192 181 205 206 212 213 177 182 196 202 201 191 195 198 206 188 163 182 183 165 180 194 205 176 189
189 182 171 188 189 187 181 193 181 180 194 187 183 181 167 165 184 190 198 189 195 201 190 191 196 181 200 196 187 205 167 173 190 178 175 196 183 183 177 155 160 157 167 184 191 191 182 161 162 166 172 182 191 188 183 196 205 207 201 193 201 176 194 181 180 182 186 193 185 199 187 178 176 199 210 195 196 194 209 215 202 214 201 183 168 173 166 158 167 151 181 184 175 200 209 203 199 166 179 181 155 190 200 194 202 199 193 188 193 169 173 195 198 177 196 213 192 200 204 169 154 145 178 178 166 189 205 164
182 179 169 186 195 190 189 193 192 172 184 199 164 179 187 177 181 176 189 179 176 187 204 203 189 187 209 194 180 201 187 181 205 201 185 179 183 196 208 195 168 161 159 148 173 192 181 193 201 184 173 166 168 158 168 161 151 167 166 164 153 152 150 182 193 199 180 188 189 196 201 194 199 194 194 181 190 200 170 169 172 181 173 186 178 187 175 178 216 200 206 189 189 190 167 167 160 168 179 192 205 206 197 183 182 205 207 210 198 195 188 187 191 202 180 179 198 191 189 199 167 155 176 164 172 186 189 190
190 191 188 185 191 185 186 192 200 184 188 195 182 182 178 180 194 173 171 192 182 181 191 192 184 199 195 178 178 195 207 191 182 178 198 185 201 190 177 181 206 213 189 174 174 159 151 147 171 187 185 196 192 198 196 198 184 191 183 189 181 184 172 152 151 153 156 156 147 166 166 160 171 159 165 185 199 187 191 196 199 203 201 216 201 212 191 176 172 159 143 171 196 185 172 194 211 207 210 204 215 178 180 202 206 193 205 200 213 197 184 203 201 194 194 180 167 208 170 169 195 166 168 162 176 186 172 191
200 187 183 182 195 191 184 186 181 169 179 189 197 181 140 183 184 192 177 193 188 184 182 195 185 188 198 191 186 184 176 194 178 186 175 180 188 187 190 194 201 180 162 185 198 187 190 194 171 168 179 165 170 194 177 168 163 178 184 191 188 195 201 178 176 198 196 202 211 203 189 199 200 193 209 212 196 166 194 209 203 198 186 165 173 176 177 176 176 171 186 182 199 201 218 194 195 215 180 153 189 194 192 202 211 179 187 207 181 197 198 180 196 194 187 214 193 172 199 191 179 200 187 173 149 149 169 175
188 186 176 186 203 191 187 183 165 182 177 184 190 186 183 178 179 190 173 192 186 192 187 186 187 179 181 199 195 189 198 191 153 199 199 182 188 196 193 192 182 188 165 182 199 195 199 195 180 214 181 190 186 172 182 182 169 152 158 181 159 167 169 181 171 147 178 194 179 183 177 162 174 168 163 170 189 178 176 178 176 192 206 178 186 180 203 188 189 193 192 198 185 186 185 187 178 194 208 174 179 201 204 173 204 212 198 189 186 164 157 193 186 201 178 184 188 188 167 203 178 161 182 197 174 169 196 158
177 189 183 191 185 191 177 177 183 176 183 188 188 180 189 169 188 186 185 177 181 187 181 182 196 194 177 187 183 180 182 199 184 187 170 181 179 187 189 186 177 184 200 195 175 177 166 171 194 171 170 197 191 190 181 191 215 204 209 211 212 207 191 178 183 166 179 179 184 183 180 196 190 186 194 204 204 202 204 217 208 201 205 193 180 182 178 173 189 191 183 196 202 180 178 210 203 172 174 187 179 181 173 178 182 199 203 171 187 181 176 202 184 196 214 184 156 169 176 172 192 170 171 202 201 168 142 160
186 191 197 197 178 189 182 172 176 187 181 177 180 188 194 205 203 191 194 190 179 180 176 174 186 179 187 205 184 180 173 184 194 194 202 196 179 191 191 191 188 200 198 191 187 183 194 170 192 172 165 184 211 160 179 183 196 185 185 198 192 196 202 191 209 198 189 212 225 214 200 206 198 210 196 207 201 187 188 189 185 182 185 170 189 199 184 194 190 203 216 181 200 213 184 193 211 187 175 193 212 189 157 196 177 177 199 181 177 199 177 179 189 188 180 170 179 176 181 197 172 172 185 157 203 190 168 166
184 198 194 192 189 183 182 177 196 178 174 170 202 187 179 174 176 169 189 183 197 186 172 183 184 191 190 183 183 172 175 181 182 186 178 184 195 186 198 189 191 199 177 185 190 185 193 199 197 189 178 178 195 188 185 186 183 207 192 181 209 200 193 175 169 187 182 184 204 180 167 181 169 162 176 195 178 184 179 186 177 189 190 172 194 194 189 186 193 202 205 212 195 185 208 175 183 207 186 178 204 207 179 170 192 196 165 186 185 200 192 198 199 206 192 187 190 178 171 184 195 168 200 195 157 183 185 156
172 197 186 181 176 172 180 180 187 185 180 171 198 182 190 184 190 181 184 180 194 193 178 182 196 185 185 180 185 196 178 209 179 165 188 183 173 181 189 187 188 183 196 200 194 195 196 180 184 197 185 179 186 202 179 174 188 184 179 170 192 206 211 190 176 200 176 173 188 178 168 180 187 167 164 196 194 180 196 194 185 183 187 194 176 172 207 211 198 189 210 206 199 192 189 195 180 180 179 167 179 186 193 158 180 183 190 184 176 182 183 197 188 172 196 189 167 197 178 174 207 193 179 196 181 168 184 171
197 167 186 194 179 194 193 177 176 192 190 177 196 188 177 176 169 187 185 180 204 188 183 179 200 169 169 187 169 183 169 196 194 170 180 197 178 178 183 196 190 191 183 192 174 196 205 184 181 203 201 172 191 200 198 168 158 169 190 195 199 210 215 214 190 192 202 185 182 207 194 149 186 184 180 159 205 206 181 174 218 173 171 218 203 171 176 199 190 189 193 192 194 179 166 199 205 171 171 172 180 176 195 195 156 157 211 187 176 194 191 168 186 190 186 198 194 167 212 194 182 175 201 183 189 190 160 181
175 198 188 195 186 183 181 181 184 170 184 188 173 184 193 187 180 197 183 192 176 176 189 170 192 171 146 183 196 190 178 179 167 178 181 165 187 180 189 194 193 180 193 201 177 186 190 190 183 201 206 187 172 182 210 188 152 172 195 188 185 200 217 215 203 190 190 184 184 203 200 175 184 205 204 179 205 218 192 177 201 207 182 182 206 209 186 179 206 200 182 181 191 208 176 173 197 180 164 187 211 182 174 192 194 179 196 180 181 169 183 189 164 181 184 162 205 191 178 205 191 147 193 199 171 180 195 171
183 186 178 182 184 184 180 178 174 172 171 176 184 189 189 189 183 173 185 193 192 184 177 182 178 159 171 185 195 162 176 172 171 179 187 186 185 186 199 186 188 188 186 193 200 178 174 196 197 192 208 199 174 166 188 204 181 168 174 174 198 208 210 200 210 190 188 214 199 194 196 174 159 197 205 187 173 198 214 193 186 197 205 162 191 205 191 175 185 215 188 171 173 195 206 195 188 198 173 166 177 180 170 173 198 194 164 166 180 176 170 190 184 169 166 172 173 200 189 171 182 185 161 163 203 184 189 194
185 193 179 173 174 170 166 188 200 188 176 168 177 184 182 180 166 152 177 184 186 176 174 171 181 176 173 184 178 175 186 167 173 196 178 180 198 187 188 190 196 193 181 184 197 184 178 171 196 195 194 191 192 173 186 198 165 151 166 176 181 194 192 212 209 215 188 212 199 186 194 201 179 177 200 211 180 190 205 203 174 180 203 197 188 204 210 184 162 205 221 176 185 180 197 194 173 176 181 188 162 169 180 165 191 198 187 170 178 203 167 164 200 171 171 188 185 190 176 194 184 201 188 165 178 200 175 177
186 172 172 184 178 178 174 183 187 187 174 167 180 187 182 165 178 179 178 173 179 177 180 173 160 164 170 171 168 185 174 187 191 185 174 175 202 187 174 180 191 191 196 182 194 181 180 188 195 191 193 176 194 175 185 196 149 187 161 192 172 174 182 192 216 213 206 204 185 181 180 200 199 189 181 216 195 170 189 222 189 173 197 203 190 187 203 193 176 188 210 185 181 199 177 203 199 155 172 190 181 179 195 189 176 181 185 184 170 167 184 182 180 194 169 181 181 185 171 192 186 163 183 186 181 177 196 177
180 163 174 180 181 188 173 188 178 187 185 165 170 188 179 166 182 185 188 168 191 183 186 185 179 180 176 188 185 192 187 184 179 180 176 175 189 185 177 169 198 190 185 187 189 202 183 201 193 194 191 187 195 185 179 175 177 170 171 181 187 190 194 205 210 210 193 201 208 211 187 193 224 205 180 200 202 186 177 200 208 175 176 197 195 174 188 190 191 183 190 198 182 182 191 186 198 195 195 181 181 166 174 206 195 169 178 216 174 163 185 199 157 162 184 183 171 211 191 180 187 155 184 194 193 167 184 209
175 179 177 194 188 179 177 203 178 198 196 178 175 178 178 159 169 180 176 180 172 182 181 176 168 180 180 179 170 193 173 183 174 200 198 167 180 197 170 167 176 185 188 175 195 202 197 186 199 204 185 178 192 197 180 165 209 204 183 178 180 177 179 188 194 195 208 203 209 210 193 178 190 214 200 184 212 209 187 186 206 193 183 182 194 178 174 202 208 193 193 204 198 176 173 179 179 200 174 142 191 207 186 189 192 172 174 201 194 169 176 164 173 162 181 204 164 179 181 170 163 169 162 171 194 192 156 186
170 173 177 174 163 173 180 200 178 173 181 190 187 199 199 195 174 180 189 196 175 171 181 190 188 177 183 202 184 187 163 170 184 191 184 179 192 199 198 178 175 199 187 180 173 183 182 175 187 199 173 172 199 201 189 190 198 210 172 169 170 178 166 175 193 200 205 217 201 212 205 183 203 217 196 173 183 196 203 185 190 201 189 186 187 209 174 172 205 192 171 167 187 191 171 161 175 186 188 182 188 179 195 176 174 187 173 157 174 199 158 163 182 191 148 172 194 177 169 189 177 170 187 178 157 200 195 150
171 194 174 163 179 172 160 168 177 176 195 167 157 187 176 165 177 184 190 185 176 178 168 191 187 178 186 173 173 177 191 193 182 195 195 203 175 196 198 182 168 196 198 192 176 192 190 168 178 199 181 187 187 196 190 168 185 190 178 191 176 171 182 166 154 201 207 218 208 217 208 209 166 187 203 195 178 189 226 193 177 203 208 191 187 203 190 164 170 205 203 173 186 205 184 156 176 177 175 179 166 177 189 177 172 173 195 178 153 169 182 157 173 198 193 182 185 189 160 196 199 165 187 189 164 164 199 174
167 199 174 185 196 187 194 160 178 196 167 178 166 184 184 182 195 172 166 177 177 174 184 171 169 179 217 181 178 191 200 184 185 179 200 161 155 172 189 190 182 194 188 187 169 190 201 183 174 177 185 180 187 190 198 183 178 189 190 155 175 178 193 191 168 163 174 210 205 194 204 216 187 184 202 207 185 189 201 202 181 183 216 188 179 177 198 198 171 187 213 185 172 184 201 188 172 172 186 191 183 161 183 190 185 167 182 190 163 164 191 164 171 186 197 183 160 189 212 169 175 190 165 176 205 168 167 194
184 174 175 173 170 184 189 180 180 187 183 165 178 181 186 180 193 165 155 172 192 172 160 186 153 170 184 173 186 177 189 181 198 174 181 189 201 168 182 178 187 180 164 183 165 160 177 179 168 177 186 190 172 188 193 192 175 202 205 167 171 184 175 184 174 191 172 187 204 209 205 209 200 179 188 197 184 174 178 183 184 181 199 208 193 178 174 201 190 175 191 205 182 189 199 195 177 172 188 205 191 186 175 193 195 165 160 187 203 166 159 189 192 173 175 184 158 159 189 186 165 185 172 169 173 197 169 159
177 166 175 178 179 178 188 161 172 193 196 184 178 176 164 174 171 175 183 175 174 189 197 197 167 178 191 171 174 166 174 168 171 186 185 199 190 189 173 174 187 165 168 193 176 188 188 186 186 177 179 183 185 174 206 205 193 189 212 200 178 177 175 191 164 164 162 196 203 185 218 210 199 199 194 198 206 184 188 200 216 183 170 180 201 166 169 192 200 193 178 201 199 175 162 183 216 170 174 200 187 191 171 186 197 193 182 177 190 192 177 172 174 165 162 201 196 170 170 196 178 164 188 188 171 190 184 172
180 196 159 160 169 179 185 160 172 170 179 165 167 173 168 164 188 180 168 187 183 177 186 204 189 176 180 179 167 191 167 168 179 169 181 174 182 166 176 187 194 193 192 183 185 174 188 198 185 168 178 206 200 162 170 190 173 161 176 185 193 184 166 168 191 153 171 181 202 192 191 213 212 210 192 189 211 205 171 188 209 198 186 185 215 183 171 188 212 203 171 176 192 183 171 162 194 199 175 161 183 190 189 184 174 181 203 178 165 190 172 168 187 174 146 173 179 192 149 166 188 178 167 177 210 169 160 207
174 170 171 163 177 177 173 165 173 168 186 172 160 151 173 173 182 167 165 180 193 201 165 177 186 175 174 194 184 176 167 174 189 189 164 184 186 166 166 178 163 152 174 191 185 153 173 183 184 170 179 200 195 184 165 184 188 137 191 172 186 180 167 168 174 172 188 182 185 207 191 207 205 195 208 170 196 212 188 160 179 191 187 180 189 198 176 170 190 194 195 182 198 193 193 176 180 197 199 175 182 178 177 184 171 172 198 180 139 183 196 193 174 182 183 155 174 188 196 173 174 187 184 177 175 173 157 171
156 148 163 176 179 183 177 174 171 159 174 178 173 165 180 178 167 173 174 170 179 180 164 180 182 169 168 170 181 187 168 184 182 194 181 181 168 187 173 174 180 175 180 201 203 167 170 181 197 184 165 185 216 193 174 203 199 171 170 175 192 184 179 190 176 162 187 166 192 200 200 206 205 201 197 186 184 201 212 174 171 204 195 184 176 177 194 179 164 174 192 195 173 193 211 191 152 182 212 188 166 172 188 208 188 171 150 190 169 163 190 191 158 167 182 199 158 169 206 185 150 168 194 188 154 187 202 171
167 170 163 183 189 182 181 175 178 183 181 174 185 162 179 177 171 181 161 170 168 180 170 183 174 163 159 168 182 180 174 178 181 183 186 175 190 204 171 171 203 169 174 190 187 183 171 184 197 184 174 166 187 191 186 193 214 190 159 183 208 175 181 173 164 175 181 168 175 186 197 191 182 190 202 189 163 174 217 202 174 172 184 175 178 202 205 183 168 190 193 206 175 180 203 197 171 175 184 194 179 150 165 161 192 164 179 190 189 153 178 193 199 177 156 184 191 160 167 182 170 155 164 179 165 150 187 187
176 168 156 165 176 173 178 167 168 179 187 173 162 158 173 151 165 160 143 166 187 174 162 193 188 190 187 175 181 183 167 168 189 179 173 177 186 180 171 174 200 181 185 178 200 188 182 168 180 189 181 177 199 197 189 170 183 190 189 173 195 203 192 166 169 171 151 168 166 175 204 196 190 186 189 208 190 161 209 193 193 180 168 209 201 188 182 206 185 179 164 180 179 168 179 205 188 162 183 171 181 168 163 166 188 203 160 160 177 191 173 159 166 187 171 163 192 194 151 175 191 165 149 176 210 172 149 170
177 179 180 169 194 167 173 169 171 160 161 165 174 167 164 177 175 139 134 168 165 184 180 189 177 179 160 170 186 179 165 160 186 187 183 164 189 170 172 178 171 173 194 189 193 198 203 170 179 198 185 164 193 200 196 179 194 188 190 171 161 178 173 153 162 174 168 164 175 172 202 205 199 198 187 203 209 185 184 225 202 187 188 195 204 187 184 189 196 184 162 163 201 186 164 175 199 184 169 172 171 191 182 172 168 174 164 163 173 185 194 170 176 190 187 171 177 213 172 162 167 184 177 173 178 197 158 159
180 155 197 177 175 166 171 176 174 156 169 187 190 181 166 184 181 177 156 160 184 180 187 180 181 185 175 174 191 188 171 181 186 183 176 180 178 172 181 188 168 185 197 160 183 199 199 182 185 200 193 180 183 199 205 180 170 196 189 185 174 188 178 167 169 173 160 181 187 185 178 193 205 198 191 185 193 202 179 195 202 197 169 189 202 189 177 175 190 200 174 168 184 208 177 167 176 180 161 168 165 184 183 158 172 175 182 167 143 177 195 164 158 183 204 175 172 181 195 175 155 201 209 155 178 220 188 162
184 161 184 173 176 173 175 185 166 170 177 186 185 183 174 167 184 159 144 168 186 181 186 167 173 173 183 177 176 177 182 191 177 199 184 157 153 179 165 169 161 168 174 176 180 195 193 173 173 186 175 183 170 177 204 197 173 170 193 190 179 192 190 191 187 194 171 184 180 187 190 194 203 198 199 184 179 191 184 178 198 215 198 180 181 183 177 157 181 204 177 182 179 202 187 157 174 199 184 171 170 176 191 174 165 166 167 191 174 173 178 180 165 167 196 195 160 161 171 171 180 170 192 187 169 170 184 188
169 174 171 176 165 175 166 187 178 176 173 176 169 159 156 168 173 174 149 171 142 162 174 169 201 188 170 188 171 181 165 163 182 202 194 184 171 182 178 167 163 179 191 162 165 187 201 182 174 172 175 176 166 160 193 202 184 180 201 182 192 175 167 174 166 190 174 181 183 168 177 179 191 198 195 198 180 204 185 165 197 209 200 173 187 191 196 168 173 182 199 178 168 173 199 182 174 183 187 182 171 184 168 213 170 153 173 185 185 167 165 159 183 166 169 154 178 182 166 158 177 179 168 196 170 146 175 204
164 172 175 170 167 167 187 181 170 177 173 190 168 174 168 163 162 167 169 165 165 181 171 168 195 183 155 154 155 193 193 170 178 198 177 174 184 194 180 170 152 166 192 190 160 180 197 190 186 167 196 195 167 174 184 192 188 169 186 207 182 173 183 185 168 163 172 188 180 177 174 183 182 191 194 191 182 202 199 180 194 201 191 181 166 165 184 206 176 165 190 194 167 184 189 179 146 165 191 198 176 190 174 205 186 161 168 160 174 179 160 163 183 185 159 155 210 182 150 161 219 185 150 158 154 176 160 149
166 165 176 167 164 169 180 189 177 180 177 176 187 177 163 172 181 179 179 171 191 183 188 182 172 196 196 187 175 186 192 181 166 189 218 180 171 181 180 173 179 190 161 177 171 176 173 187 192 180 191 183 187 172 189 197 189 172 172 200 195 173 173 186 210 180 169 155 182 160 156 133 184 190 198 218 193 188 212 189 150 154 199 202 187 189 172 192 189 165 175 196 193 180 173 193 180 168 173 176 189 156 167 154 195 185 163 165 180 186 174 163 162 193 190 166 174 195 173 151 168 183 175 163 157 180 175 169
179 179 181 187 168 168 189 187 178 159 164 177 185 173 162 163 170 171 167 164 141 165 197 173 178 195 181 184 176 174 191 175 153 171 185 165 174 193 180 187 195 160 169 183 183 160 159 173 187 168 180 198 197 174 167 177 192 183 172 165 195 187 165 180 200 188 144 162 151 155 145 156 158 171 182 207 199 202 185 200 190 187 202 207 189 173 188 170 202 176 168 186 204 181 170 167 200 202 185 176 182 188 144 161 173 196 171 138 142 169 194 193 154 164 184 172 158 167 186 176 147 186 190 173 161 175 187 191
157 162 173 195 185 169 141 163 166 171 177 175 177 172 173 158 158 161 154 161 178 185 172 166 184 157 152 168 156 148 167 185 171 165 176 189 175 179 175 197 179 180 190 184 183 155 154 174 172 169 166 179 185 181 159 169 177 183 177 184 193 183 188 184 174 166 170 161 160 155 162 166 158 154 170 195 187 188 186 186 205 173 182 206 202 176 173 169 203 191 160 201 207 196 179 173 184 207 200 177 176 179 191 189 159 198 197 146 141 180 170 203 163 177 193 191 158 156 175 186 169 180 183 195 172 167 179 207
149 149 161 179 169 142 162 175 172 175 167 184 157 168 165 165 153 185 169 163 153 155 184 180 178 179 186 158 170 184 186 176 185 185 181 190 165 180 180 180 187 175 182 196 187 169 168 181 192 185 157 189 188 169 185 194 186 189 167 161 182 187 169 184 187 165 170 154 150 153 170 166 151 162 183 194 203 194 200 197 200 192 169 180 196 198 178 176 186 205 189 159 173 193 200 171 171 183 196 156 158 177 192 169 155 159 175 184 161 161 177 208 172 159 170 179 192 172 166 160 185 163 149 168 202 160 149 179
153 137 143 165 173 198 179 178 181 173 159 163 149 169 170 174 168 178 160 155 172 183 182 179 167 171 185 175 157 175 168 187 183 177 191 175 177 182 204 181 171 157 173 187 180 167 192 194 182 162 174 180 180 175 170 169 176 187 168 164 178 186 161 138 167 192 186 157 142 143 170 168 172 162 150 162 189 194 206 193 198 203 188 174 171 196 188 170 166 193 201 159 149 173 190 178 150 158 200 186 181 174 175 178 175 168 170 185 181 173 162 166 189 196 151 164 193 179 154 160 189 197 164 172 167 186 172 163
172 155 152 145 149 161 187 179 193 182 176 174 177 170 163 178 182 174 165 182 170 175 168 196 194 191 181 180 173 182 182 167 174 146 163 174 180 182 163 188 182 181 176 181 176 166 147 156 199 192 174 164 180 179 173 171 174 184 184 161 146 172 188 150 154 176 190 143 140 168 157 162 166 148 163 172 170 182 188 183 199 183 176 160 168 187 205 183 170 155 198 186 181 171 183 199 164 169 171 184 194 174 185 197 197 170 163 169 201 182 144 148 139 188 167 163 180 195 149 137 177 181 183 150 160 168 185 159
175 189 172 154 153 146 152 160 173 182 181 174 187 159 168 174 181 179 169 161 170 169 179 186 159 171 178 167 177 153 176 175 167 183 167 177 171 174 145 174 170 193 166 170 180 169 172 161 187 182 177 156 186 193 179 175 166 187 183 183 177 177 187 165 139 156 184 178 161 179 162 169 166 155 180 170 183 180 191 182 168 145 172 163 163 166 210 190 177 165 167 196 176 161 163 180 190 182 164 170 191 165 167 184 204 199 163 153 172 192 179 159 138 146 194 170 154 167 197 175 151 153 184 183 176 166 185 181
149 154 182 177 162 154 146 143 144 148 158 164 149 165 183 174 154 174 178 174 158 164 183 178 164 176 169 162 170 169 181 166 177 181 174 179 175 162 161 176 183 186 173 161 182 189 186 174 148 174 184 172 179 180 189 164 161 184 198 175 172 162 181 188 179 156 161 178 175 166 163 156 152 163 186 172 177 183 191 194 176 162 188 184 179 179 187 197 191 167 156 181 194 176 169 173 207 198 179 165 181 191 156 148 172 185 182 174 171 183 202 162 143 149 191 190 158 150 177 199 154 158 192 188 158 150 184 181
171 154 149 170 162 184 168 160 158 159 162 154 146 145 160 177 178 147 182 162 165 168 171 172 180 167 176 178 172 167 171 163 178 177 185 155 175 162 169 169 189 171 169 149 156 185 177 150 180 187 183 176 156 176 180 170 166 176 165 178 181 171 178 202 181 159 169 186 178 149 146 158 180 160 147 167 138 157 169 191 193 189 190 204 189 157 153 173 208 182 169 161 191 208 177 182 190 202 194 163 169 177 175 160 172 181 183 182 154 160 199 194 143 149 166 192 180 149 165 169 187 142 160 169 191 167 171 162
156 151 153 146 155 180 180 168 178 169 147 151 146 154 142 150 156 154 171 165 164 170 168 168 179 165 166 188 171 154 159 167 164 156 156 174 190 163 154 169 166 155 182 148 159 179 171 165 171 174 192 188 176 157 169 177 178 166 167 182 189 184 149 169 180 164 162 156 184 162 149 147 136 158 175 167 155 164 186 196 179 185 196 199 193 176 180 163 191 195 174 146 186 197 174 151 174 188 196 181 177 175 188 196 163 174 177 174 161 163 192 207 176 146 145 168 167 164 145 166 192 190 147 150 189 171 148 159
156 133 127 144 146 151 161 160 174 172 176 170 144 161 157 124 144 155 157 170 177 182 165 186 179 180 198 165 166 165 186 195 169 167 154 174 185 160 165 168 165 170 180 183 160 172 181 181 167 164 176 178 174 176 166 181 164 161 165 184 183 171 161 191 165 167 163 156 174 179 180 157 175 175 165 151 157 176 188 195 192 182 197 178 195 208 176 166 187 204 182 162 163 177 213 163 147 171 190 189 152 141 171 181 160 162 160 146 184 151 167 170 187 177 171 153 179 192 153 159 147 190 175 157 147 163 178 159
186 162 165 142 127 146 150 176 167 162 161 183 191 180 182 158 148 137 146 141 169 153 151 163 166 160 171 181 179 164 172 177 168 165 153 162 172 175 180 155 163 178 173 182 162 177 168 176 164 162 155 191 178 176 171 166 164 165 162 170 173 169 161 172 193 204 186 176 176 171 181 178 162 178 151 160 165 166 169 168 192 191 182 195 198 192 166 169 184 185 181 162 164 180 181 185 188 171 174 197 199 163 158 181 199 159 148 166 185 168 152 154 165 178 170 164 174 176 169 148 142 173 182 170 153 152 189 163
144 169 184 175 150 144 146 146 138 149 160 147 198 203 171 187 181 151 153 153 127 140 126 140 162 146 163 178 180 177 153 176 175 156 180 176 168 185 169 162 153 182 177 165 162 179 168 171 167 161 175 208 183 174 168 175 183 183 152 162 192 194 172 158 156 183 179 165 166 187 185 149 131 163 158 169 170 162 151 193 175 165 183 182 186 171 205 168 174 174 190 178 148 162 187 193 179 166 154 185 201 176 168 160 178 174 157 160 167 182 191 167 182 188 172 143 132 150 181 180 158 143 173 203 160 140 173 199
152 146 153 182 172 179 148 144 142 136 139 145 143 174 152 156 187 184 178 170 159 154 136 127 132 129 152 160 152 180 158 174 179 173 177 186 155 190 184 193 164 168 193 189 173 155 165 174 166 160 150 159 182 175 158 153 180 167 156 150 153 171 173 157 189 178 172 161 171 179 175 162 144 159 176 157 146 149 170 180 180 172 182 196 213 185 183 193 171 144 161 206 185 160 162 206 196 171 171 177 186 190 183 170 178 195 167 160 148 174 191 156 176 161 180 170 142 136 155 185 172 150 165 172 170 154 145 184
140 159 151 149 167 170 187 162 142 147 138 143 139 142 151 143 137 157 199 185 178 157 156 149 155 151 149 131 145 146 148 171 175 189 173 164 173 178 172 163 167 173 172 171 174 169 171 181 175 170 172 175 178 189 169 171 179 175 153 152 183 192 184 175 174 166 197 186 166 163 196 189 196 159 163 165 174 157 153 170 170 173 183 172 172 171 197 200 182 171 161 169 183 178 166 169 164 180 148 155 175 196 181 170 149 177 199 164 167 164 172 166 155 132 155 176 159 151 153 170 198 160 154 156 174 176 159 153
141 134 139 143 125 139 163 161 175 176 162 150 144 160 142 132 150 141 153 159 155 162 181 191 166 177 173 155 156 145 143 133 137 141 149 145 152 152 172 178 181 189 178 177 179 169 179 187 167 151 146 161 188 193 150 167 189 170 176 162 147 165 197 174 153 162 180 188 166 173 158 173 156 155 150 159 161 158 158 156 155 185 198 176 168 171 192 179 195 167 179 177 179 186 163 157 173 196 172 166 164 151 180 169 158 141 180 171 165 161 170 190 164 154 153 170 201 164 157 167 169 179 159 157 159 186 167 161
167 155 156 131 135 137 151 146 160 169 154 173 177 165 153 141 139 130 108 126 152 153 158 162 162 163 174 150 152 172 163 147 154 138 150 165 147 117 140 176 164 152 163 185 194 194 179 170 166 178 181 176 171 189 154 163 170 172 189 170 154 168 170 168 158 174 196 177 170 176 179 177 188 174 167 168 163 159 155 161 173 183 196 173 179 182 182 177 199 187 180 168 185 199 171 153 151 170 188 163 161 158 182 190 166 162 167 177 176 155 154 159 191 190 172 178 205 191 156 151 147 174 180 157 155 177 179 171
169 152 146 158 133 138 134 138 131 153 144 172 156 158 169 165 156 154 145 144 142 152 150 142 144 149 162 159 206 177 173 190 184 171 152 138 137 139 136 116 136 134 135 182 155 158 159 154 168 170 197 174 174 181 171 171 173 171 180 172 141 150 175 189 179 148 146 172 182 164 166 187 189 169 164 145 128 171 168 166 155 166 171 162 177 179 169 169 189 192 160 158 167 162 180 168 161 153 192 183 164 160 159 193 172 154 129 153 184 157 155 156 167 171 135 153 169 187 178 152 167 168 178 178 171 141 183 195
159 158 169 171 166 168 136 117 141 125 147 170 150 147 157 169 188 188 155 171 163 157 141 129 143 122 130 147 145 172 160 152 161 167 191 180 181 160 167 148 158 129 121 140 149 126 132 151 149 145 153 178 160 170 177 198 197 176 176 180 154 154 177 190 169 145 159 159 186 167 152 180 177 172 165 174 149 152 150 150 141 157 171 167 166 180 143 151 159 204 182 176 161 181 168 186 177 166 152 186 162 159 154 174 170 179 168 149 180 182 145 142 161 176 176 154 162 151 177 171 139 148 154 207 192 150 146 177
161 137 152 141 155 172 169 156 136 141 136 146 133 128 137 124 171 162 128 191 185 176 173 162 147 136 130 143 137 142 134 162 156 144 183 179 179 173 179 182 163 173 164 162 166 154 149 157 125 135 147 176 143 142 159 161 167 184 199 182 188 186 169 191 202 181 171 159 181 172 165 152 167 184 175 168 179 162 153 161 154 142 143 151 182 191 166 175 184 179 187 184 159 161 186 173 192 154 153 165 178 163 162 150 188 183 169 170 152 163 171 165 162 188 202 184 170 170 152 180 170 149 165 170 169 158 134 141
134 143 166 128 166 184 174 183 175 174 159 156 153 123 125 151 159 137 139 162 148 150 174 166 180 185 164 165 137 143 122 118 110 121 144 123 151 166 151 147 136 169 178 182 172 183 168 151 151 151 135 130 130 140 142 137 153 193 155 181 181 175 177 166 189 165 169 168 205 182 183 164 164 202 183 137 164 154 152 163 151 127 153 163 160 167 204 200 186 178 170 189 175 152 163 192 175 163 138 175 193 185 174 175 174 172 175 144 179 178 189 196 142 150 200 186 173 167 144 192 180 159 161 163 150 194 139 146
148 128 134 145 132 145 169 161 159 152 157 162 160 149 149 162 142 135 154 132 113 172 166 145 169 184 184 177 172 174 151 122 124 134 131 128 111 115 142 134 143 133 157 175 149 163 162 163 173 167 150 142 129 129 118 131 132 145 151 134 138 167 163 151 164 178 161 161 187 191 192 167 169 164 186 171 150 143 149 166 144 164 143 147 155 176 189 181 185 169 130 168 174 143 150 166 196 175 155 149 166 189 176 169 164 184 197 168 158 166 176 195 168 142 159 178 163 148 156 166 193 187 146 146 156 163 165 148
170 153 140 132 132 132 143 141 147 125 163 179 166 185 183 165 158 163 132 134 135 134 131 143 147 134 160 133 161 168 167 183 197 171 172 152 122 112 123 122 135 137 133 142 160 145 149 172 161 167 171 179 176 151 138 151 140 119 118 124 146 136 136 148 149 162 180 173 171 177 182 194 185 186 175 189 156 169 151 154 141 144 139 137 142 157 184 196 163 162 151 167 178 173 158 174 184 181 171 148 162 166 165 161 157 181 202 199 155 149 157 183 161 146 153 168 185 162 146 138 165 191 150 135 154 158 161 153
159 163 171 149 143 156 139 143 146 149 136 121 146 179 180 190 183 151 137 154 157 137 129 141 118 108 136 140 171 148 143 178 189 173 152 170 160 164 159 133 105 103 159 139 111 122 143 146 144 150 155 166 167 165 168 192 177 160 155 150 135 143 128 147 140 133 164 160 162 156 168 185 178 172 184 184 174 172 169 143 149 160 140 146 155 180 170 199 180 170 169 181 187 191 174 154 158 179 168 157 170 182 196 188 161 158 197 188 179 157 146 167 185 169 161 175 170 183 171 163 182 165 170 148 148 144 156 180
120 140 164 170 166 145 141 139 133 135 113 126 144 151 137 167 164 162 175 182 175 169 148 138 136 141 118 140 145 147 155 153 138 161 169 183 174 177 170 170 168 151 118 146 148 135 116 120 148 138 144 137 170 145 184 168 193 208 206 197 172 169 157 152 169 140 129 137 164 132 135 165 134 183 168 164 176 176 188 162 186 164 134 161 146 136 165 189 163 169 168 160 185 193 163 159 162 151 175 168 164 162 173 186 188 154 151 179 194 163 158 175 171 182 185 160 147 179 175 131 155 170 174 176 144 159 154 184
157 160 164 180 171 177 165 160 154 141 154 143 140 117 130 123 143 170 158 167 191 166 167 167 184 175 128 164 154 143 131 129 154 154 146 148 138 156 135 153 170 181 172 166 174 154 180 151 152 133 138 112 122 149 155 144 147 151 163 159 171 192 190 162 160 165 141 128 126 161 145 171 130 143 154 122 133 164 138 184 168 204 179 165 157 147 165 191 176 182 164 177 175 197 198 167 167 163 170 175 155 149 152 169 173 149 150 166 187 154 144 134 161 175 182 156 156 170 165 186 146 146 150 183 172 139 150 177
103 123 137 121 118 164 153 154 176 168 151 149 149 147 137 143 133 165 180 133 152 170 162 160 160 193 178 179 160 150 166 159 141 128 138 133 160 159 124 146 162 153 142 146 185 194 199 195 173 174 155 148 105 140 164 150 137 134 131 159 155 167 185 167 159 170 182 173 145 146 136 136 142 137 141 138 138 184 169 170 156 181 171 143 137 162 149 157 186 186 169 159 183 175 173 180 151 163 181 196 162 128 141 170 198 161 159 152 165 168 161 145 135 154 188 176 160 150 154 180 184 177 149 142 173 152 128 131
