148 165 171 173 167 157 162 166 167 161 163 174 179 182 170 173 175 169 180 165 167 155 154 159 153 159 154 146 158 154 164 163 167 166 172 161 184 194 188 174 170 152 152 149 153 148 147 164 166 157 157 150 163 163 152 158 161 158 150 156 151 155 153 158 145 148 162 154 150 151 154 144 151 147 144 149 152 154 158 158 152 138 147 143 141 135 140 144 137 140 142 155 180 163 155 178 171 154 150 147 159 161 170 160 140 141 131 146 158 154 167 170 161 144 149 152 164 169 158 141 147 147 146 132 119 140 152 156
176 174 171 170 159 157 172 175 171 161 159 169 188 184 181 175 171 175 170 160 153 152 159 168 163 163 156 145 150 155 159 160 170 180 175 169 167 178 163 163 155 148 152 139 155 153 151 166 164 143 152 161 168 165 163 157 160 149 161 156 161 161 156 154 157 155 154 153 151 168 149 134 146 138 143 152 161 165 154 147 148 153 157 133 124 142 150 147 151 145 152 149 160 161 165 162 155 150 138 144 153 161 155 154 140 144 125 145 156 162 166 160 161 161 144 154 156 155 157 141 144 148 150 152 137 152 150 160
175 175 171 161 162 165 164 171 172 172 171 180 179 169 175 177 178 180 163 158 164 154 169 183 174 161 180 152 145 151 167 181 182 180 172 172 156 163 161 156 160 162 162 151 145 153 158 156 154 151 143 153 155 150 156 159 162 157 166 151 164 185 164 157 156 140 152 149 171 157 153 148 153 138 135 147 160 161 151 139 150 160 154 142 144 148 146 144 165 158 155 146 162 161 168 150 149 150 150 147 174 153 149 135 139 148 126 145 154 171 156 140 150 143 141 148 156 154 153 153 148 166 146 133 160 160 148 193
176 176 163 167 166 159 154 165 167 170 176 185 177 175 181 182 174 185 160 166 179 176 174 183 167 164 165 163 165 172 170 174 172 173 175 172 175 155 146 167 163 157 158 153 155 155 164 147 150 150 142 147 145 148 156 156 139 141 145 158 174 174 163 170 146 151 154 155 155 146 142 142 146 150 154 172 155 144 147 145 143 148 155 146 132 145 145 152 158 164 156 142 144 151 154 147 143 147 146 156 163 154 146 138 141 140 146 153 160 154 149 137 138 144 152 156 171 167 159 143 151 170 145 144 140 138 143 178
187 175 168 177 168 159 164 173 170 171 179 168 165 166 186 192 184 170 163 172 180 185 177 179 160 166 159 160 165 166 178 166 165 167 164 160 165 164 161 156 149 152 146 154 151 152 162 156 162 152 147 153 145 153 146 151 148 146 150 154 163 159 158 172 152 160 161 154 153 145 151 138 155 164 160 142 140 146 148 152 151 156 162 145 132 147 151 150 147 146 148 132 147 150 145 136 144 144 149 167 159 156 156 143 139 142 147 152 160 145 144 142 128 139 149 160 170 166 154 147 166 155 136 135 152 143 146 165
186 167 178 170 164 156 171 163 164 164 166 166 180 182 191 187 182 163 178 175 167 176 173 163 144 164 175 162 180 172 160 183 174 158 161 158 168 167 174 147 134 139 152 148 148 153 161 164 154 166 167 165 158 152 149 150 157 170 159 159 156 150 159 164 165 162 150 160 153 141 169 159 176 163 144 125 135 148 158 149 160 158 133 138 144 142 144 136 135 134 144 140 165 156 150 152 151 150 168 166 155 153 158 149 130 152 151 161 152 140 141 140 132 136 156 163 175 166 154 156 172 146 139 132 143 127 153 151
181 178 173 179 174 181 178 158 160 158 167 162 174 196 177 175 169 168 172 183 171 178 169 159 154 155 162 168 180 184 181 177 157 149 154 164 173 171 158 147 149 149 152 159 149 146 161 160 171 160 156 161 157 154 152 165 169 158 149 153 161 151 159 167 170 162 141 151 146 140 155 166 161 146 143 144 159 170 156 152 144 138 134 135 134 140 138 141 135 137 153 177 165 151 144 149 149 154 176 153 144 146 174 147 142 149 154 160 162 142 132 127 141 149 176 165 170 153 159 142 150 133 141 149 139 152 163 143
172 168 162 190 180 192 175 180 187 173 167 177 179 187 172 170 175 167 174 191 184 174 162 161 149 148 163 181 208 170 164 156 152 162 155 153 176 164 173 147 142 156 150 158 161 164 156 167 180 160 157 155 152 150 160 157 154 152 147 156 160 158 158 149 148 144 140 143 156 163 167 159 150 140 146 165 174 150 138 144 136 130 136 133 136 136 137 143 156 152 163 173 164 151 151 149 156 160 157 143 147 154 166 141 142 137 162 167 154 148 138 133 147 148 171 182 158 144 153 136 122 141 137 136 152 144 150 137
169 161 156 174 172 195 190 186 176 170 170 183 186 184 167 169 171 170 183 190 191 186 166 164 149 160 151 153 171 159 169 167 154 153 169 154 153 160 164 144 148 155 163 174 175 172 172 158 159 148 153 153 149 149 164 149 144 161 159 162 161 171 158 151 148 144 147 143 153 157 154 156 143 147 156 153 146 142 123 129 141 133 133 137 145 148 133 140 157 159 155 158 155 151 165 158 161 159 149 133 159 148 155 147 140 144 154 159 145 139 148 149 150 156 176 170 166 160 157 145 115 135 145 144 158 162 169 144
179 166 175 166 193 200 184 168 165 177 181 179 182 173 171 172 165 165 194 195 185 189 174 158 151 156 158 159 176 169 170 162 151 157 169 171 143 144 149 144 150 161 157 163 168 166 153 148 152 157 160 143 160 160 151 145 155 155 151 155 151 163 152 144 148 152 151 158 166 154 144 149 153 158 153 155 147 141 126 129 143 138 144 147 157 151 132 149 150 146 147 145 152 169 172 165 143 139 142 146 142 131 145 147 145 147 154 147 139 134 143 153 155 163 162 177 175 161 151 143 139 139 137 145 156 158 162 151
154 166 162 160 172 197 174 172 172 178 185 181 179 170 173 170 174 169 179 175 184 180 175 165 165 186 175 170 174 162 163 159 160 175 177 153 146 160 164 153 152 150 155 151 160 169 168 167 161 159 173 165 164 168 156 163 163 144 147 157 149 161 154 140 149 147 151 158 155 152 143 137 155 153 150 138 135 152 138 131 149 148 142 152 168 154 139 139 135 141 148 153 150 158 156 152 137 142 136 142 142 141 154 140 150 142 151 144 142 138 137 153 151 186 178 182 168 148 151 151 151 142 147 166 170 164 165 155
151 158 166 168 170 161 161 180 183 184 199 183 182 170 168 176 180 176 182 173 184 180 181 165 160 165 169 175 173 160 164 169 182 184 165 162 159 160 157 178 159 135 145 140 141 147 163 173 161 158 158 160 175 177 186 170 158 157 164 151 147 151 151 136 134 141 141 152 147 162 136 147 148 153 148 147 148 159 153 158 163 172 152 144 138 136 140 126 128 147 156 148 163 164 149 152 136 148 141 145 143 130 131 130 149 188 160 151 148 148 150 155 169 191 188 162 154 143 146 157 147 142 157 172 171 176 174 146
163 161 174 167 163 163 166 173 182 184 200 189 186 188 181 174 179 175 181 181 188 174 175 168 172 189 180 179 167 152 161 163 176 171 146 169 166 167 172 172 159 144 127 150 149 141 163 178 146 151 153 157 176 180 174 170 178 162 160 149 150 154 141 138 138 154 143 144 153 159 145 157 159 150 158 148 151 159 168 171 179 176 156 136 122 128 126 129 135 156 167 171 163 152 154 153 155 145 143 140 128 130 134 139 156 161 158 148 154 155 153 162 169 175 176 167 169 165 140 151 147 142 192 154 170 173 174 162
171 162 182 166 178 172 174 186 179 181 196 185 170 169 179 176 189 185 182 181 180 170 183 166 184 199 185 163 158 157 169 164 161 163 145 158 160 166 160 151 154 158 149 155 151 150 174 147 151 155 173 169 183 174 158 157 175 192 169 164 155 174 161 142 146 151 153 148 158 143 154 156 156 149 153 137 157 154 153 154 168 162 132 138 132 133 125 140 144 156 182 179 147 151 157 150 150 147 141 128 128 142 141 160 154 160 169 159 173 167 179 201 175 178 171 184 147 160 143 141 135 146 159 148 174 173 172 184
154 165 169 174 184 181 192 180 185 196 184 186 182 173 173 182 185 185 168 173 172 173 178 187 188 186 184 193 185 177 177 159 158 178 171 164 161 162 149 145 168 163 154 134 142 177 164 147 152 153 174 188 168 164 171 166 166 161 166 161 167 155 152 151 144 149 153 146 144 136 155 152 152 145 143 147 153 146 137 146 155 145 127 139 140 138 137 137 172 177 172 151 142 146 145 148 147 148 141 141 154 148 152 178 187 157 160 160 160 159 187 181 157 149 152 148 148 139 144 144 154 164 147 156 179 201 182 173
162 163 157 165 171 172 180 178 176 186 177 175 187 178 182 193 185 192 183 164 181 176 179 181 182 200 183 196 199 195 166 166 160 164 184 190 170 164 161 163 163 161 150 146 176 165 145 147 153 150 165 184 184 178 165 165 155 167 160 151 158 152 149 146 145 148 149 150 147 144 146 140 149 157 158 155 149 143 147 148 135 129 148 152 131 133 149 166 180 189 157 148 144 141 146 148 139 146 148 151 158 151 164 171 168 158 144 154 151 173 192 171 154 152 144 143 148 132 135 145 150 178 144 156 177 191 180 177
159 155 161 175 176 182 179 173 177 178 170 180 180 185 180 191 187 188 179 166 184 177 185 174 182 186 180 200 205 189 173 164 159 166 166 169 163 146 152 160 155 156 165 196 169 144 136 153 152 156 179 178 181 174 158 149 150 156 149 151 150 154 163 157 154 159 153 146 140 134 143 138 146 146 147 157 153 145 145 145 160 146 144 142 141 159 177 199 161 151 141 142 148 149 137 142 148 152 152 153 157 164 155 137 154 155 153 147 166 177 170 174 152 147 145 148 161 144 145 151 147 151 164 161 191 190 171 166
160 171 173 166 175 179 180 178 181 174 176 183 194 186 177 188 183 177 180 181 171 165 174 171 177 190 207 194 170 166 173 166 161 166 159 152 160 147 145 156 161 163 173 196 155 153 143 149 155 158 184 196 150 164 163 162 162 159 154 153 141 152 154 159 162 165 159 144 140 144 129 144 155 164 150 153 139 146 153 146 165 140 127 143 154 184 173 150 147 147 138 143 135 137 138 142 149 160 163 167 166 155 138 134 146 146 151 153 170 169 174 160 140 130 142 169 160 167 153 141 149 156 158 177 199 185 175 156
173 167 173 172 180 184 191 180 178 173 176 182 173 178 175 191 184 166 170 189 163 169 178 177 184 188 195 187 177 166 177 169 166 161 155 152 156 151 138 148 162 180 174 187 151 141 140 145 156 168 173 156 145 150 163 174 166 159 155 137 137 152 142 145 164 169 174 156 155 150 154 158 166 161 159 152 143 145 150 149 131 128 147 180 183 163 147 139 141 138 149 148 145 138 144 148 167 167 175 181 163 139 132 139 142 140 161 159 156 177 179 157 155 139 156 138 144 148 147 139 152 176 193 187 195 174 169 154
168 163 170 179 190 191 184 187 188 189 172 175 160 170 166 170 181 169 172 175 168 173 168 185 177 190 186 183 183 160 181 155 162 159 160 166 169 167 162 148 162 183 165 166 137 141 141 154 150 155 162 142 148 144 154 164 159 153 175 137 140 149 143 147 147 146 163 157 151 157 150 210 222 163 165 152 146 126 149 150 141 145 145 162 156 152 151 142 140 139 142 135 140 150 146 159 190 177 166 151 142 134 137 138 147 132 150 163 165 171 169 156 177 150 146 132 140 143 145 147 153 153 183 189 170 150 152 156
183 175 159 181 192 202 201 192 195 176 178 178 171 168 159 172 179 180 182 168 167 167 163 184 165 164 183 198 182 159 164 158 175 172 163 170 162 144 160 152 155 161 147 171 143 137 142 161 153 154 151 157 156 158 162 159 150 138 152 169 141 138 142 147 146 146 158 146 161 156 150 194 173 138 179 154 135 127 135 136 146 154 159 166 153 156 148 138 127 127 138 142 146 142 163 172 176 172 158 145 136 144 137 124 137 140 155 171 177 177 153 162 153 135 134 139 131 133 137 140 161 171 180 200 171 153 155 151
189 164 153 165 184 188 194 199 211 198 192 190 163 162 178 184 171 171 174 172 171 184 186 194 170 169 168 174 177 181 157 164 172 186 165 151 163 158 164 164 164 155 145 155 146 153 166 176 158 151 151 155 160 152 149 149 140 150 147 140 135 146 147 131 151 168 158 159 172 162 179 174 165 164 146 133 141 137 140 143 142 150 160 161 148 144 139 139 130 140 145 135 148 168 182 172 173 149 137 135 148 133 137 132 140 146 155 184 162 169 157 149 140 149 146 141 151 151 149 149 143 180 186 187 162 142 154 142
191 173 167 167 180 178 188 194 210 201 187 193 180 170 172 164 163 175 198 195 189 188 180 177 167 154 164 173 192 184 173 166 169 154 147 146 164 165 160 165 157 153 143 147 157 166 193 171 152 140 151 147 151 149 139 143 140 139 148 143 142 147 149 152 166 173 157 167 157 170 180 189 165 144 143 134 142 137 133 150 144 154 155 148 144 150 144 137 142 144 150 161 161 188 172 163 164 142 139 135 135 141 127 131 138 150 157 186 176 166 155 151 140 145 144 144 146 151 142 153 160 182 193 178 158 153 148 144
194 185 160 162 163 170 182 200 203 197 191 195 182 173 166 161 176 175 206 203 194 175 175 170 174 168 173 167 163 175 187 181 164 165 153 152 171 171 173 159 160 156 154 163 168 178 172 149 150 148 176 163 153 146 136 147 144 134 143 126 152 152 147 167 163 166 171 164 154 162 187 159 150 138 129 133 138 133 140 160 152 164 160 149 150 150 135 139 153 150 162 188 185 164 148 146 140 151 145 138 129 141 135 135 145 155 156 173 163 157 143 147 145 144 148 138 137 140 163 185 179 169 187 176 156 154 150 158
185 182 175 170 179 181 177 189 209 204 188 186 174 170 175 169 177 177 197 195 189 167 164 159 166 171 176 174 171 178 183 173 159 159 170 161 179 168 162 154 144 153 171 171 170 154 163 159 152 165 179 164 146 152 148 153 150 143 150 139 166 161 164 164 170 165 164 154 155 145 150 160 145 135 140 161 150 135 146 152 160 166 162 148 143 140 134 147 143 157 171 195 177 145 133 135 133 152 146 138 140 138 135 139 145 149 170 171 158 143 138 138 147 156 158 137 142 149 191 210 178 183 186 173 161 149 144 151
194 201 184 177 179 178 180 198 214 197 175 176 171 164 172 162 186 193 182 172 167 166 172 163 174 170 180 180 175 164 174 183 175 171 169 164 168 161 163 164 156 166 172 162 160 153 162 163 155 180 180 168 150 150 148 147 136 140 155 153 152 161 175 169 178 167 157 162 150 148 152 145 136 133 149 159 149 159 154 163 170 167 140 145 140 152 132 131 147 164 173 178 158 143 161 140 131 128 138 126 128 138 137 140 146 156 177 173 143 145 135 136 144 158 172 131 142 151 184 208 186 185 187 153 149 153 150 147
216 204 188 168 169 192 192 209 216 187 169 170 174 170 171 181 180 178 177 181 168 166 172 187 181 180 178 195 187 192 197 185 176 156 162 161 153 144 148 154 150 149 157 153 161 160 163 157 161 166 172 161 158 137 135 147 151 149 143 161 166 176 182 171 155 160 152 159 148 146 139 137 145 149 151 153 147 160 162 172 167 152 149 150 148 147 134 142 153 170 183 167 148 140 136 146 166 137 134 132 128 140 145 158 164 177 178 150 135 137 142 144 134 171 162 141 143 158 186 209 197 191 169 165 164 142 135 148
193 174 179 162 196 192 183 196 219 180 172 171 171 168 166 187 171 192 175 182 172 181 186 209 202 183 173 205 192 190 184 182 180 153 152 159 150 149 158 163 152 152 151 164 176 163 151 174 167 175 157 149 159 148 160 149 145 162 173 170 190 184 171 154 161 155 140 138 136 145 149 150 153 152 145 155 159 156 152 149 145 150 147 155 139 148 153 144 137 161 178 159 156 141 133 131 139 134 134 136 139 139 150 170 176 176 161 143 139 136 141 146 145 168 146 130 140 161 183 193 191 199 164 156 143 124 134 128
170 176 184 173 172 188 174 177 203 191 172 164 160 161 168 169 170 173 175 191 189 184 209 194 174 172 164 180 181 170 178 167 182 175 153 161 173 152 175 161 159 158 156 161 157 151 132 176 173 163 157 162 163 151 157 147 138 161 179 183 175 162 156 148 144 136 138 148 141 143 163 154 148 141 144 152 146 143 146 144 141 142 148 148 148 150 153 136 140 144 156 152 145 139 137 130 131 133 135 133 147 153 163 180 192 163 152 142 147 136 147 131 144 154 132 142 147 164 218 196 185 173 148 145 142 125 140 127
180 178 182 166 178 192 184 182 164 174 171 159 164 163 163 168 194 193 182 179 164 158 157 170 175 170 168 164 162 165 156 169 177 189 182 170 146 158 165 169 185 166 150 140 144 133 117 155 168 164 162 162 155 157 144 156 164 168 184 169 151 152 152 147 144 137 142 153 165 166 153 146 154 142 153 155 143 140 143 149 152 144 150 143 142 151 143 135 148 153 150 150 137 133 137 149 138 140 142 142 154 160 183 192 171 144 147 145 139 138 138 136 153 157 135 137 147 178 194 181 193 166 146 140 141 121 126 120
169 155 178 177 181 193 174 171 165 160 162 171 163 171 176 183 202 180 170 168 164 163 158 167 178 175 172 166 163 158 156 161 169 178 193 202 179 143 163 167 153 142 125 126 127 127 121 167 164 155 155 161 151 151 150 177 174 175 177 157 159 146 146 147 155 156 167 185 171 155 137 139 135 144 141 137 152 140 128 138 152 142 136 144 151 149 150 154 162 153 147 145 147 141 131 140 137 134 137 147 166 171 180 189 166 160 135 133 130 153 140 134 133 176 135 140 162 178 169 193 187 168 150 138 125 126 113 124
170 154 172 196 185 173 173 160 169 166 153 161 150 170 174 177 163 160 164 167 169 175 171 174 158 170 175 160 156 163 154 141 154 168 183 204 189 154 171 156 147 125 116 125 117 109 129 165 164 155 151 159 164 153 153 162 160 158 161 156 146 139 153 140 171 182 180 177 154 139 132 133 139 140 128 130 138 131 132 141 161 145 147 143 151 157 156 167 158 144 154 158 140 141 161 148 145 148 130 156 163 171 179 160 163 154 142 135 137 130 135 135 130 142 159 151 156 167 204 201 175 159 139 135 137 129 108 140
151 162 194 175 193 184 175 158 179 156 154 159 171 177 188 170 158 181 212 183 181 188 177 181 164 168 171 162 157 154 146 148 150 166 167 189 186 161 151 139 134 133 121 130 103 97 135 159 157 160 158 166 163 150 148 155 168 165 161 150 138 140 158 176 193 187 157 148 144 127 136 140 156 140 136 139 129 134 135 134 144 152 162 171 160 166 175 163 160 152 160 143 133 140 150 160 145 153 149 159 161 176 169 163 154 152 142 153 136 137 139 132 118 139 138 140 145 194 232 228 193 172 150 135 139 120 111 141
143 152 188 185 200 189 193 165 168 170 179 168 185 184 173 168 164 177 192 168 176 176 157 171 169 161 195 181 156 143 152 153 155 159 160 154 172 152 147 136 136 124 109 107 85 98 138 150 154 148 161 169 159 151 170 163 161 157 148 150 164 173 181 197 167 144 125 125 144 135 162 145 131 138 126 130 134 143 132 136 146 148 158 188 176 169 162 169 155 138 143 148 142 146 145 136 140 147 145 165 170 169 158 145 146 143 137 142 150 148 145 134 116 138 152 170 183 184 214 217 189 168 163 141 119 98 133 139
134 152 158 176 198 190 169 167 174 168 158 169 176 183 180 166 154 151 165 161 170 167 151 161 160 162 177 181 151 142 146 140 149 147 154 160 160 138 135 125 129 107 95 92 89 124 151 151 150 145 160 166 156 165 163 157 161 145 151 159 161 173 179 191 146 127 123 115 131 159 149 141 136 132 126 125 129 137 137 167 161 156 182 172 166 164 163 157 148 141 160 159 157 144 145 152 152 157 157 158 161 159 148 156 145 142 150 139 142 133 140 135 128 139 149 180 189 210 207 177 199 197 173 141 134 139 143 137
157 168 180 161 183 185 157 158 183 190 162 153 163 174 172 170 162 153 150 163 151 154 154 159 156 165 162 149 155 141 140 141 152 145 164 161 146 139 142 128 120 94 91 86 96 146 153 146 150 156 147 156 175 172 161 168 160 156 154 162 181 169 172 149 129 141 132 137 149 130 133 128 132 134 139 137 132 133 140 160 172 189 196 161 152 164 161 143 139 140 144 149 153 141 140 150 150 165 168 170 161 149 142 150 141 143 147 157 152 139 143 137 156 151 146 167 171 184 173 178 185 176 163 161 139 138 131 131
136 140 155 167 173 164 150 153 178 186 169 171 180 180 173 163 164 153 151 174 154 153 149 157 153 176 163 145 160 145 139 149 151 175 169 142 139 143 133 120 104 90 88 82 117 151 159 155 147 140 150 152 167 169 167 169 149 152 163 164 176 156 157 158 140 131 141 140 126 121 145 153 138 137 138 140 138 137 151 158 202 195 163 145 133 147 144 141 141 147 145 144 131 128 151 150 145 163 162 152 159 161 154 145 137 144 145 150 145 139 148 163 166 152 164 173 158 161 167 167 161 155 170 191 159 153 140 133
148 141 157 173 159 160 151 164 187 203 179 188 192 180 159 157 149 159 160 155 155 146 157 169 159 159 152 157 148 148 154 164 164 178 145 139 136 129 119 107 88 91 97 97 141 146 149 149 150 155 147 163 155 149 158 158 146 148 152 160 165 151 146 168 145 138 134 137 128 128 126 138 149 142 136 138 142 162 187 206 189 153 142 132 123 133 149 140 141 153 146 127 126 139 140 157 162 174 166 159 154 151 148 145 134 141 146 149 150 145 166 150 136 149 157 166 177 171 177 157 152 184 149 175 184 179 142 146
134 157 156 142 155 148 149 171 188 189 190 189 199 182 153 146 157 173 169 155 156 146 163 172 164 164 152 151 151 142 155 163 175 156 136 140 136 125 103 88 93 94 90 119 160 159 139 145 142 145 162 171 152 154 147 159 154 149 151 178 154 148 147 142 144 141 130 138 135 127 130 139 135 161 165 154 181 194 195 160 136 146 136 126 135 127 135 148 141 145 141 137 142 142 147 159 163 167 167 152 166 143 140 143 134 152 142 145 144 143 160 160 143 142 162 165 171 172 161 159 157 139 162 188 180 178 155 157
146 133 147 144 150 148 166 160 169 164 179 204 187 165 156 156 160 174 163 148 151 163 171 171 176 160 149 144 153 159 153 170 147 134 138 140 130 107 92 91 95 93 81 115 160 150 152 154 157 150 148 144 145 140 144 136 142 149 154 159 128 123 144 139 142 139 144 157 135 133 146 145 151 155 174 182 208 172 146 138 142 129 137 126 129 128 125 141 144 144 142 141 139 151 156 156 152 157 156 147 145 135 134 143 135 145 150 147 148 148 155 157 152 160 168 158 158 148 136 152 152 156 164 163 168 158 162 162
126 134 147 149 159 158 146 152 168 171 184 196 191 167 153 153 157 152 154 156 155 173 181 176 164 163 156 143 153 172 174 160 112 136 139 131 114 101 97 97 97 88 100 120 164 154 161 159 156 157 141 135 138 143 142 146 152 152 137 108 92 90 115 147 139 143 164 165 153 155 149 157 166 176 163 165 160 135 152 150 140 132 130 137 131 126 132 141 145 131 149 142 151 162 176 163 166 162 150 157 136 147 138 144 150 157 146 157 154 142 149 154 156 169 167 166 156 149 149 164 152 155 156 167 151 153 154 154
125 134 155 160 150 159 165 159 182 179 195 191 187 183 181 162 149 164 163 159 158 163 169 170 166 161 157 159 161 180 188 131 110 148 133 124 110 87 98 108 101 103 148 166 166 159 170 164 154 157 147 152 143 147 142 147 166 144 95 92 91 101 105 135 144 158 163 157 158 154 138 162 168 164 147 143 136 133 133 132 126 125 129 135 125 136 128 137 125 143 142 143 157 173 168 170 165 154 165 170 146 153 138 137 133 153 145 148 155 157 154 153 156 160 169 171 157 152 144 149 150 145 149 146 147 145 162 170
142 138 155 159 171 157 168 171 175 173 170 171 174 168 151 153 148 161 162 164 166 159 161 169 163 156 160 163 179 176 169 115 131 145 138 115 93 94 93 100 99 145 167 170 180 160 162 174 165 143 163 153 145 133 148 147 153 107 85 86 101 113 120 139 138 145 145 157 155 193 168 167 148 142 137 134 128 122 125 136 133 128 123 121 125 166 136 118 134 153 156 153 158 173 173 176 161 167 181 151 144 156 141 139 141 142 156 143 145 150 153 157 159 159 159 158 171 144 140 150 153 149 143 142 155 153 176 184
185 136 162 177 176 162 172 150 156 158 168 169 169 166 156 140 157 168 158 164 163 174 178 168 162 166 173 172 165 183 137 103 147 148 136 100 84 86 85 97 141 169 170 166 161 153 156 158 147 146 151 141 150 141 150 160 115 93 91 88 100 99 105 136 146 163 150 159 162 160 159 164 149 144 124 130 133 124 134 128 133 117 124 129 128 145 142 146 148 165 155 137 151 170 174 170 162 163 161 155 148 148 154 152 143 154 159 150 145 152 153 165 155 169 168 157 161 150 150 142 146 143 149 138 152 157 138 133
148 153 166 170 167 153 145 143 156 151 160 165 172 164 163 158 162 171 163 168 168 188 158 161 172 174 165 170 178 182 117 124 158 139 111 86 80 87 96 119 181 172 180 179 157 167 169 159 154 172 155 150 161 157 159 122 95 97 89 85 89 106 123 148 151 144 156 162 166 161 156 156 145 144 133 131 130 129 123 128 126 121 132 130 130 141 148 148 176 161 146 161 158 157 169 152 152 156 147 142 140 140 151 150 148 144 151 145 148 155 161 160 159 159 157 155 163 146 151 150 139 153 179 151 147 137 143 154
147 144 155 160 150 148 144 144 162 165 167 182 161 156 163 155 157 169 168 164 165 180 168 171 175 179 154 148 191 202 113 163 167 121 104 95 100 109 117 158 164 162 160 154 166 162 154 153 148 161 159 154 154 159 130 96 90 101 90 92 87 103 147 162 148 147 160 158 169 151 154 144 141 143 123 121 121 130 127 136 129 137 148 143 135 141 151 199 194 161 172 169 168 146 147 155 145 145 135 143 135 135 154 161 146 150 153 145 157 168 164 156 154 153 150 158 154 161 141 146 141 140 147 152 137 128 154 152
148 135 148 153 142 152 143 156 157 169 171 176 175 154 163 159 173 173 168 173 168 160 168 171 166 174 161 169 186 181 122 157 155 123 103 103 115 119 140 167 166 173 172 157 163 191 155 137 151 153 164 148 120 110 100 95 86 93 102 100 95 107 139 161 157 152 157 168 169 161 157 144 136 141 134 125 131 126 133 152 116 131 138 145 139 150 192 218 196 156 155 154 159 145 148 136 156 150 144 147 150 137 143 150 150 147 158 144 153 155 166 156 156 163 150 150 147 156 160 149 137 153 146 142 132 148 159 150
155 147 156 149 142 150 156 157 158 172 162 164 171 162 163 176 168 177 167 174 171 160 150 172 164 185 167 182 179 164 152 148 125 111 104 112 109 112 158 154 151 172 158 138 187 177 149 162 174 162 119 104 97 89 91 90 90 96 100 97 107 135 138 135 134 165 164 158 160 171 145 150 134 137 127 143 131 132 149 147 120 132 137 149 146 187 215 177 152 150 141 140 198 158 142 155 135 138 139 146 140 149 162 143 137 146 156 149 160 157 153 162 159 144 149 150 141 163 150 133 133 151 157 126 141 161 150 148
143 152 165 154 165 151 154 157 154 155 152 160 160 159 162 169 165 161 177 177 177 161 158 167 155 163 173 192 170 166 156 138 113 100 107 110 118 143 174 153 148 149 147 163 179 160 165 185 161 120 102 103 97 92 91 86 89 89 94 105 131 134 127 125 170 159 152 160 155 152 151 148 144 133 137 141 131 135 136 129 124 146 146 163 184 208 188 168 158 140 147 154 152 135 135 135 139 128 133 135 149 138 141 158 152 159 170 163 148 154 154 160 145 140 155 146 137 154 143 147 133 134 153 137 146 154 157 161
146 150 145 148 158 154 162 156 160 155 158 159 156 158 163 160 162 188 186 202 183 163 176 178 163 161 177 182 170 151 139 128 112 107 106 105 144 163 157 167 169 161 165 173 177 172 181 185 179 156 147 102 99 85 83 86 93 96 99 104 132 141 122 123 158 145 149 161 150 146 158 141 145 136 142 139 136 136 130 131 132 145 161 192 220 206 159 155 163 151 158 151 140 144 130 132 136 135 144 142 144 139 151 152 153 167 157 155 158 148 143 155 147 145 151 149 148 156 162 157 140 143 153 149 151 157 151 149
144 145 156 155 154 148 159 155 160 159 166 171 160 161 167 156 175 187 156 171 181 174 171 172 165 168 178 169 160 145 126 108 103 109 111 127 163 143 146 185 166 173 165 163 171 180 189 190 191 152 141 114 94 85 87 94 89 92 95 103 138 160 138 127 152 149 142 152 161 153 152 133 169 154 136 135 128 136 137 137 144 153 175 207 179 187 168 158 149 147 146 139 134 136 132 133 138 131 144 155 169 143 174 164 165 157 156 152 152 151 143 134 140 152 150 142 145 152 172 160 145 129 165 149 160 186 162 142
140 147 148 145 155 152 160 153 152 165 166 162 159 176 185 159 169 164 148 141 159 161 170 187 159 169 176 163 151 134 114 101 113 139 122 142 149 146 146 174 147 147 153 153 167 173 174 170 167 127 103 100 99 86 82 94 93 102 102 121 151 140 142 120 145 162 166 152 170 165 145 135 139 141 145 128 142 147 136 142 155 168 184 192 181 177 155 150 142 130 136 135 141 125 135 127 140 140 131 167 173 145 149 153 154 156 151 155 155 153 153 149 147 145 141 140 141 143 162 156 162 155 160 152 154 183 172 163
143 138 137 147 143 147 148 146 158 161 162 166 170 172 180 172 178 159 149 144 151 163 178 224 165 167 165 150 139 120 105 100 117 169 141 155 161 144 147 146 154 157 159 159 158 178 185 178 138 110 105 98 95 89 86 91 92 103 113 145 145 144 147 130 159 201 216 198 214 151 150 141 129 133 147 132 142 144 153 151 160 170 187 176 175 156 145 147 145 136 144 137 126 124 138 133 137 147 126 139 149 152 161 146 156 161 184 165 164 153 139 142 144 156 147 142 140 141 151 153 150 152 142 153 143 158 168 164
138 142 141 141 152 144 149 158 166 175 170 169 179 170 167 167 176 157 149 163 168 162 171 200 172 168 161 152 130 102 105 110 121 136 136 158 164 154 147 144 167 184 188 182 157 174 181 193 158 105 98 87 88 85 81 88 92 96 119 147 144 148 167 141 156 164 170 177 191 128 123 147 144 130 133 150 150 157 157 162 169 180 177 165 160 151 154 155 145 133 144 143 131 127 133 147 150 142 135 157 157 163 171 155 161 159 170 175 164 157 141 138 138 146 133 139 151 136 144 150 155 161 146 151 153 156 169 167
137 152 141 135 150 145 164 161 168 173 177 174 176 187 173 157 159 150 163 153 165 175 152 146 170 171 159 144 111 104 109 121 120 115 134 165 156 172 160 157 168 177 182 168 166 176 172 182 192 125 98 90 92 90 85 92 95 102 142 150 162 158 150 138 139 140 155 159 156 147 137 136 137 122 132 161 160 170 179 155 169 177 169 178 162 142 142 133 138 131 130 136 134 145 140 146 151 148 146 150 154 174 177 155 154 152 163 152 158 149 149 156 144 151 146 142 140 142 141 144 147 149 151 163 157 159 169 178
135 143 147 146 158 161 161 151 156 160 164 156 153 159 158 156 155 157 154 159 169 172 150 166 162 146 144 117 100 103 115 123 133 126 141 154 157 166 164 167 189 180 177 167 168 159 174 189 203 171 110 93 91 95 87 89 91 134 163 154 147 164 155 152 149 147 143 166 187 142 133 124 125 109 142 167 166 161 180 156 167 185 165 166 157 145 143 131 146 136 127 130 138 142 151 165 153 160 164 158 175 165 182 171 167 163 151 156 147 142 151 162 148 175 164 150 157 146 140 149 157 134 153 168 162 160 178 180
152 153 138 156 158 161 160 163 154 164 166 156 154 159 165 146 163 160 153 155 158 164 171 149 113 142 118 96 104 114 123 173 155 130 154 173 181 177 168 175 193 175 172 178 180 162 135 152 194 187 150 129 94 92 89 92 119 160 156 158 147 154 147 142 138 137 140 146 147 167 128 137 125 134 159 153 166 174 168 165 152 181 172 159 158 140 140 131 134 123 122 139 142 151 147 151 148 168 165 180 179 166 166 171 169 159 143 149 146 170 157 139 146 145 152 150 153 145 144 141 142 128 149 154 145 146 177 175
141 154 140 150 153 155 154 166 154 154 167 152 147 156 146 153 149 157 166 157 164 161 197 123 119 136 105 101 115 120 158 169 159 151 169 174 185 199 191 193 177 170 178 175 162 163 108 101 124 176 157 173 155 119 101 106 151 167 150 159 145 144 139 146 139 147 152 157 136 159 136 138 133 158 149 142 175 162 159 167 155 158 171 171 153 150 144 131 127 125 134 143 150 148 157 162 164 176 181 175 173 161 167 166 156 151 152 147 136 149 158 141 139 152 159 150 148 140 140 138 134 136 150 147 140 146 171 162
152 150 139 140 144 146 154 148 161 162 155 149 146 148 145 151 157 158 151 153 152 155 173 117 137 118 99 115 119 143 170 184 191 182 192 180 214 191 178 169 165 163 158 163 155 128 102 101 86 108 201 184 173 165 135 143 172 170 154 153 154 139 138 137 145 157 155 155 138 132 137 124 138 165 155 144 186 163 170 176 168 142 155 164 153 154 149 142 144 157 168 140 139 148 166 176 184 180 175 157 165 166 159 161 153 149 146 152 140 137 139 139 148 142 146 150 140 144 142 140 137 143 148 142 142 149 163 168
137 140 139 135 141 149 149 151 149 159 158 158 165 156 145 142 155 159 161 166 168 162 173 149 129 104 106 122 129 150 172 185 162 182 178 180 186 175 172 164 162 154 157 138 124 109 94 95 99 98 143 204 175 173 148 150 158 152 143 146 140 144 125 135 145 142 149 149 141 121 137 137 152 157 159 166 168 147 160 157 173 144 152 149 142 150 147 141 142 136 145 142 156 174 174 173 197 174 165 167 155 147 150 151 148 146 145 156 144 137 148 142 143 148 159 141 133 142 140 139 141 149 147 152 144 147 162 162
137 151 152 157 156 157 159 150 145 152 152 160 157 159 141 147 153 161 168 177 165 179 164 147 105 107 120 132 175 181 156 177 178 186 176 196 181 165 163 168 165 146 147 114 107 103 107 100 99 102 98 164 203 174 166 160 162 157 147 146 138 147 134 138 141 145 139 131 129 126 144 148 143 163 157 173 186 146 154 155 155 152 154 144 150 147 145 137 144 133 140 143 153 163 167 173 178 176 174 158 157 152 139 139 143 132 145 150 142 139 142 137 149 146 146 141 143 145 137 142 135 158 153 155 147 153 153 157
152 162 162 156 148 162 160 146 151 153 166 160 151 154 138 145 151 153 160 163 167 170 145 123 106 110 124 155 191 183 149 159 195 168 161 186 182 165 141 142 160 131 103 102 105 103 109 100 100 102 103 130 184 198 172 167 168 156 157 159 149 153 160 169 167 170 167 139 133 138 132 161 172 176 159 155 178 151 143 176 160 156 151 154 150 148 150 139 147 138 150 152 152 167 167 172 170 167 171 153 144 145 141 137 143 141 133 147 152 149 135 133 142 136 143 141 149 143 134 152 142 140 146 154 151 161 155 155
168 160 159 154 149 161 173 154 154 148 150 161 151 141 141 146 149 156 167 163 162 151 127 104 117 127 140 179 182 179 159 140 160 166 159 168 172 170 144 150 145 119 107 107 101 98 105 100 99 99 108 156 200 193 197 181 163 160 155 157 153 150 164 179 170 161 168 165 155 162 138 171 208 175 153 144 159 171 156 163 154 152 159 150 150 141 144 139 140 143 134 149 151 165 159 158 170 167 157 149 152 145 138 132 131 127 128 175 142 152 149 145 153 136 147 143 144 149 140 141 147 137 145 148 145 152 152 149
160 170 164 161 162 148 159 157 155 146 148 149 139 155 152 138 149 147 151 164 146 128 104 106 120 136 168 181 172 166 159 142 170 179 162 165 171 173 145 148 131 129 140 134 107 104 105 103 100 97 104 137 160 201 208 193 175 174 158 156 161 156 155 161 176 176 178 181 179 163 145 167 170 166 163 159 161 160 162 159 162 155 157 146 156 148 144 134 133 149 135 146 150 158 160 151 159 156 156 136 143 138 134 135 145 144 142 156 149 149 144 140 140 145 138 146 141 139 135 141 138 141 145 149 145 152 143 157
162 172 183 177 167 151 155 163 154 141 150 158 137 156 146 135 143 133 148 130 121 114 103 120 127 167 200 183 168 163 137 151 161 154 161 159 162 160 154 159 132 124 135 150 108 100 107 97 95 90 110 166 174 216 161 212 200 190 174 168 165 159 161 166 174 175 177 190 203 198 174 150 158 169 159 168 160 163 166 165 162 165 163 149 157 147 130 139 141 125 141 152 154 151 150 148 157 148 153 145 142 144 141 130 125 139 138 139 142 142 146 144 137 149 158 130 150 149 145 145 136 142 148 157 153 152 159 157
157 160 193 161 158 170 169 157 157 151 154 162 152 140 126 135 144 140 153 107 102 100 109 132 123 162 183 173 172 171 145 153 155 156 154 165 162 162 164 154 136 125 130 129 104 107 104 96 103 100 155 168 171 171 146 169 214 198 181 182 178 170 160 162 158 157 166 168 176 181 188 167 152 165 154 150 156 156 152 153 154 160 159 156 158 155 153 147 126 121 149 163 163 153 141 153 149 141 145 148 149 143 140 140 144 140 144 138 152 150 156 155 157 139 152 137 152 154 149 153 145 155 159 149 151 149 157 144
161 174 177 167 154 185 163 165 152 154 154 163 184 147 129 149 153 154 123 110 100 102 120 130 117 123 139 162 180 175 157 155 148 152 161 159 174 169 152 153 142 142 142 121 104 102 101 97 97 116 144 135 154 174 162 163 156 177 214 192 180 183 181 173 167 163 166 175 170 168 168 170 169 162 156 147 144 151 140 138 142 142 135 141 146 134 129 133 141 139 153 147 151 161 161 151 142 134 144 153 153 142 150 135 155 148 147 153 152 155 160 171 159 150 145 143 143 152 155 157 157 158 140 141 154 137 150 147
156 165 164 168 164 165 163 151 132 121 147 151 164 164 163 149 160 160 123 109 102 114 124 113 141 169 137 132 161 165 157 165 151 162 158 153 158 155 167 153 141 134 138 106 102 102 99 105 121 142 145 136 141 161 166 158 157 144 197 230 199 176 173 183 172 174 176 172 171 173 169 167 164 165 159 151 143 142 142 142 138 124 134 134 130 123 119 121 124 129 124 121 154 164 144 156 156 141 156 147 142 148 144 144 141 143 145 157 152 148 159 161 159 167 155 147 155 153 155 149 159 150 147 146 139 137 144 146
170 160 155 157 150 139 154 145 128 124 140 146 157 172 158 168 160 132 123 122 104 127 125 124 144 150 126 138 172 154 161 163 150 152 156 170 163 147 151 149 138 152 120 97 96 106 119 122 145 144 144 148 146 132 148 156 158 151 137 190 220 201 182 166 156 166 174 171 169 173 178 169 158 159 156 149 143 140 141 135 127 126 128 126 125 119 118 118 118 113 116 110 142 164 174 148 146 144 140 141 145 147 144 159 198 152 138 157 158 156 170 165 166 168 164 159 163 176 180 141 152 155 145 151 137 141 150 147
151 151 137 136 139 140 139 136 141 134 146 162 163 171 155 148 157 149 125 124 112 159 149 126 129 130 140 157 187 174 146 156 153 152 151 160 178 165 162 164 168 177 118 108 98 105 107 125 137 144 134 144 137 131 151 158 153 156 137 154 167 209 206 178 172 164 168 164 168 177 183 173 166 163 149 150 143 137 140 126 117 131 126 123 116 118 121 110 109 105 118 116 147 146 138 136 154 141 150 148 135 152 139 161 234 162 146 148 154 166 159 165 157 165 154 155 169 172 160 150 146 144 148 148 135 143 153 152
146 141 130 131 150 151 123 129 124 128 156 157 142 162 162 141 155 160 130 127 140 172 156 141 143 114 135 153 158 150 161 178 173 138 154 175 173 163 152 157 152 140 108 107 105 107 106 134 141 135 131 126 139 154 140 147 147 144 121 144 151 172 175 199 186 174 174 157 150 162 165 170 171 171 151 146 142 138 137 124 121 121 124 116 119 113 119 120 116 112 105 105 99 114 136 143 168 143 147 149 136 144 137 150 159 140 145 141 137 141 152 159 162 164 161 160 167 156 150 146 141 144 150 140 137 143 151 153
157 141 127 132 140 146 140 138 135 149 149 133 142 154 151 146 136 156 166 143 144 147 146 146 145 139 147 149 151 157 158 174 177 157 166 167 182 168 158 157 145 113 123 117 108 106 123 159 157 140 138 129 139 142 148 157 135 164 149 161 161 163 145 174 172 181 186 174 167 158 146 152 157 149 143 149 145 137 134 124 117 116 120 118 116 122 132 126 109 111 114 106 114 136 133 157 157 149 153 145 140 140 131 132 147 143 151 122 128 157 165 170 164 157 158 167 170 156 150 148 146 143 151 141 147 140 146 146
131 140 144 158 182 169 165 164 147 170 147 136 162 152 166 162 156 169 194 144 128 141 157 148 153 145 150 136 145 139 139 167 163 166 165 161 173 158 172 158 139 114 135 111 111 117 140 165 158 157 146 137 138 152 158 174 161 161 171 165 152 167 149 145 185 185 166 172 174 170 164 156 148 142 137 131 126 124 123 117 111 112 112 114 127 120 114 109 91 100 119 150 161 145 153 167 160 147 154 156 154 137 138 143 143 153 151 140 144 154 154 170 155 155 155 169 168 161 151 147 155 137 148 146 145 138 149 146
134 141 151 164 163 153 160 161 145 168 167 172 182 175 164 163 163 164 152 129 147 142 148 149 145 142 132 138 134 124 133 156 174 160 167 152 154 155 160 165 138 104 106 112 109 144 153 158 157 146 135 128 129 137 163 169 159 135 142 172 164 149 150 145 175 198 171 175 156 181 183 172 149 152 144 136 129 124 122 123 115 112 113 115 120 111 101 104 104 137 159 157 158 155 156 164 160 159 163 161 160 156 159 206 159 156 148 155 152 145 148 144 157 155 148 153 159 153 141 151 150 144 148 146 150 155 150 146
127 146 164 157 148 153 126 139 147 163 166 162 158 162 168 166 159 163 138 144 149 153 146 160 144 126 118 108 106 128 127 155 183 170 157 154 152 142 128 127 116 107 105 109 132 170 165 148 158 151 134 142 146 148 163 165 153 160 147 150 164 151 147 146 161 181 196 215 149 124 152 181 175 169 150 150 146 129 130 122 119 114 115 125 114 108 104 108 127 162 154 160 158 166 155 156 163 162 181 176 164 158 153 165 146 142 150 147 154 158 160 150 153 148 148 153 153 145 145 144 138 140 137 153 146 158 148 145
147 160 162 165 163 154 130 150 154 160 136 153 166 161 171 154 162 162 138 157 146 139 139 139 133 109 118 108 116 131 132 151 165 167 152 153 143 133 124 147 118 97 103 113 150 165 168 154 158 166 178 152 183 166 159 165 159 147 170 152 163 160 152 148 165 160 147 158 158 152 121 116 150 163 168 161 155 139 126 122 126 119 112 128 116 114 122 125 124 148 151 151 150 163 160 154 164 162 168 165 160 158 170 144 153 156 156 145 148 155 145 152 146 144 142 153 153 142 148 137 135 137 141 142 134 141 144 140
144 144 143 141 151 150 141 155 172 154 131 118 138 141 157 163 157 161 146 153 149 160 138 139 136 118 148 132 136 118 108 123 143 136 143 156 138 139 143 152 117 92 99 131 163 158 146 158 167 178 172 164 163 164 168 150 140 137 142 146 156 139 142 131 140 133 123 154 162 143 152 117 99 105 111 119 120 120 107 102 138 148 128 131 100 88 89 95 94 103 108 115 116 131 148 139 143 142 150 149 150 167 163 146 137 143 140 139 146 144 134 143 140 138 134 141 148 149 137 138 134 140 140 137 139 139 139 147
143 141 145 164 152 152 135 171 172 159 135 132 144 123 120 144 153 156 150 149 156 160 150 160 150 152 162 152 140 116 128 134 131 118 150 152 162 148 157 124 101 104 123 156 162 164 162 162 166 157 168 160 161 177 167 140 136 126 128 147 146 130 140 126 149 140 132 130 137 149 153 145 120 105 100 96 89 92 90 88 125 134 128 127 89 93 91 97 89 91 94 97 103 96 106 99 108 102 105 104 119 141 138 103 113 125 130 123 141 139 135 137 142 145 140 140 138 139 141 135 134 140 139 136 138 143 140 144
135 144 152 148 150 154 165 162 158 153 107 133 146 142 128 148 139 157 145 142 158 151 162 173 157 160 165 161 127 127 124 134 132 131 128 136 129 136 117 106 103 110 130 159 166 170 169 153 153 154 174 175 159 167 156 150 155 129 142 156 163 130 134 137 142 144 148 127 138 147 139 143 147 126 102 102 94 98 95 95 131 126 124 110 97 89 87 86 89 97 95 95 98 102 96 92 93 94 98 104 102 103 106 86 85 95 115 124 133 135 131 141 139 134 128 134 133 148 144 137 139 147 139 135 135 143 149 139
146 149 134 130 159 174 176 163 155 151 113 145 149 142 140 159 154 153 153 151 158 160 167 169 154 162 170 175 136 131 124 128 131 115 120 126 118 106 101 96 104 112 159 168 172 168 188 166 165 161 165 172 148 150 146 142 140 133 130 151 166 156 132 129 140 143 134 137 135 140 139 148 156 166 140 107 92 95 95 97 131 119 92 87 87 85 90 92 81 90 92 93 91 98 95 91 90 91 96 96 95 111 113 86 79 82 90 122 128 137 134 131 132 137 131 140 135 137 134 131 135 139 148 138 133 136 140 135
135 141 135 156 174 165 179 179 160 117 133 155 168 144 152 155 141 132 125 142 148 150 154 168 165 158 157 165 137 155 148 133 136 117 109 135 103 97 103 106 106 130 174 172 171 162 158 178 160 160 170 132 138 142 148 148 145 138 117 156 160 151 138 127 146 143 149 138 135 139 153 152 152 152 130 102 98 91 102 98 108 93 86 87 91 92 89 84 90 87 90 88 86 88 88 88 93 91 97 88 89 117 104 95 103 85 87 133 129 139 137 143 141 141 135 134 134 146 141 136 126 127 142 135 139 144 145 141
132 142 164 165 185 174 167 173 171 136 131 154 172 155 128 143 130 123 131 137 135 132 142 162 165 149 150 145 155 154 141 112 139 123 114 135 108 102 106 102 117 151 185 192 183 151 151 178 157 155 163 125 99 137 141 147 142 149 139 143 149 137 129 130 126 133 135 125 132 133 140 146 154 147 112 103 96 95 99 103 96 97 98 96 97 96 84 86 93 87 84 89 93 84 99 101 91 91 90 89 98 101 103 89 106 92 104 125 127 140 127 154 139 146 147 128 134 149 141 137 142 139 137 127 132 137 142 137
121 135 169 173 167 184 167 170 172 148 118 153 162 166 136 121 128 134 163 160 152 165 163 165 169 156 154 144 163 157 149 122 128 123 109 105 108 107 104 116 149 146 191 191 191 175 153 177 159 153 158 115 99 135 148 149 165 139 135 157 136 144 134 120 136 141 144 135 140 126 148 164 150 147 149 118 117 118 117 138 126 115 96 93 88 91 86 83 90 97 87 91 93 93 95 97 93 88 92 94 97 98 100 94 96 107 119 125 139 146 146 182 135 141 141 139 133 132 134 139 139 143 132 122 129 124 129 141
135 147 167 161 176 188 163 159 181 136 130 143 149 149 142 136 154 173 187 175 159 164 148 176 157 147 145 150 158 154 153 143 145 122 135 155 119 116 107 136 159 142 176 210 216 183 160 186 180 159 153 116 102 129 145 159 148 152 153 172 171 151 131 127 151 135 144 143 141 169 158 161 147 144 155 137 148 141 132 141 154 144 121 111 97 98 83 88 90 90 93 90 91 91 93 92 94 89 91 91 94 95 92 87 94 116 128 139 143 148 144 150 140 139 140 140 129 139 134 130 143 140 135 122 128 129 125 126
127 147 145 164 184 187 167 174 170 138 154 147 150 164 162 152 146 156 154 160 155 159 147 171 165 156 157 154 154 154 154 155 160 144 147 103 121 132 131 139 135 130 136 174 172 159 137 156 168 152 136 111 111 129 149 188 128 142 153 160 164 146 122 144 144 122 141 137 146 227 186 138 162 140 154 145 161 143 132 140 174 141 131 153 136 120 100 95 83 88 94 105 91 86 92 87 88 95 92 85 94 106 87 87 97 111 132 131 138 150 137 141 145 154 144 136 132 131 129 131 139 132 125 107 119 116 119 122
136 148 156 164 175 178 171 172 159 149 159 160 155 158 169 181 172 143 138 140 133 127 146 171 181 150 142 147 159 159 144 142 147 149 129 124 120 137 140 126 145 138 167 170 165 151 153 164 146 141 125 91 125 142 145 160 136 147 136 146 145 147 128 139 144 133 132 147 141 194 156 125 170 136 128 139 142 134 139 139 141 149 141 157 151 149 142 135 126 101 109 113 90 86 85 81 89 104 114 111 120 119 105 95 105 109 117 130 135 132 138 144 142 131 135 137 132 131 134 124 125 133 120 112 123 108 107 121
136 145 151 155 160 156 157 167 172 159 160 153 174 166 149 176 176 165 151 131 134 136 120 148 170 158 153 158 154 151 144 131 137 127 139 119 126 132 142 154 153 144 125 132 140 156 141 147 142 131 118 109 146 133 137 145 140 135 143 142 146 150 144 143 154 127 135 144 155 163 150 152 160 140 123 121 142 137 121 126 141 155 140 151 159 153 142 145 141 132 134 141 123 109 90 87 111 118 118 123 122 124 120 117 116 127 135 130 131 140 140 142 139 125 136 134 131 125 130 129 123 124 111 110 112 103 100 110
126 150 140 166 166 160 154 167 174 161 168 151 158 154 161 163 162 171 160 136 143 123 119 111 145 169 169 154 156 146 133 127 132 151 154 131 130 123 139 144 140 131 125 146 135 129 133 162 140 143 127 144 128 127 139 148 139 137 147 148 165 150 151 153 159 160 173 190 164 159 170 153 155 149 129 133 145 134 126 132 146 141 151 151 161 146 145 136 136 131 131 130 125 102 92 97 113 119 123 118 118 115 116 105 117 122 124 131 136 124 127 124 117 121 125 114 122 114 117 114 111 106 94 97 101 101 97 100
128 136 145 153 163 169 155 156 156 155 150 148 161 153 157 156 164 179 171 140 155 123 124 114 115 159 163 166 154 146 139 119 134 156 151 137 133 134 162 130 133 130 137 136 132 130 145 142 145 148 140 148 150 141 135 145 135 122 148 145 159 158 139 152 156 165 157 188 183 163 163 143 151 152 124 146 141 132 137 119 144 132 153 161 158 147 138 150 141 135 135 121 116 99 93 106 116 115 120 112 107 119 102 102 112 111 108 125 134 117 121 116 118 111 106 113 118 108 96 111 109 89 99 97 97 94 93 90
126 143 145 150 163 159 163 160 164 152 162 166 162 151 160 145 156 172 184 158 170 138 124 127 113 120 152 164 148 150 148 155 160 171 150 142 144 152 130 135 135 136 124 131 136 135 136 132 134 141 161 136 168 146 135 135 151 128 120 140 153 148 157 147 162 163 145 151 180 165 161 129 136 141 149 157 146 152 152 141 141 118 127 143 152 149 150 143 154 129 127 113 111 109 115 109 112 108 105 114 98 105 100 92 97 93 103 117 124 109 108 108 102 99 100 109 114 105 95 88 86 85 92 91 88 83 77 79
112 142 148 182 172 171 154 163 153 156 186 173 154 159 160 161 173 172 174 175 170 153 134 132 127 103 146 171 162 158 155 139 152 167 149 138 143 134 128 155 137 128 123 144 138 144 123 113 116 132 143 136 135 137 132 137 149 139 110 137 143 151 161 137 151 180 175 188 147 167 149 121 134 138 182 141 145 136 158 197 175 139 135 131 143 136 138 135 129 123 116 105 119 107 112 107 112 117 112 100 101 116 107 97 95 92 103 114 106 101 85 101 100 90 86 102 108 99 89 82 92 88 80 85 84 85 81 78
126 160 164 179 165 172 158 161 159 194 209 151 157 175 156 154 161 170 159 157 158 155 130 127 130 111 120 167 167 158 151 150 153 154 139 143 156 138 138 146 136 135 133 139 127 137 128 122 115 127 135 141 140 126 127 136 143 137 110 143 164 152 157 146 153 155 181 160 164 151 135 127 138 159 187 174 148 143 159 154 133 147 129 123 139 142 121 134 125 115 112 104 129 108 99 104 106 110 109 102 108 111 88 88 92 91 84 96 98 81 77 87 97 85 80 84 90 90 75 75 96 84 81 76 78 79 81 77
149 166 168 170 177 173 150 142 153 155 155 148 145 161 148 148 151 152 153 161 164 133 116 114 116 107 161 166 165 173 162 152 148 142 135 156 159 136 132 137 133 145 133 130 128 116 121 129 126 124 133 142 138 143 137 136 131 115 116 156 146 155 160 159 177 167 182 158 167 149 158 152 138 145 155 168 148 170 164 136 135 131 131 122 129 138 119 110 118 120 106 100 107 106 106 114 112 116 112 108 117 98 97 89 89 84 81 79 81 90 91 93 98 83 83 78 77 83 82 80 85 85 79 84 82 83 80 76
142 184 183 178 170 168 151 158 150 159 145 161 148 162 145 155 147 141 148 140 129 121 107 107 120 136 192 159 160 171 156 155 143 131 138 149 150 157 140 145 125 136 134 127 126 122 140 116 118 96 116 144 143 149 141 134 134 134 142 133 143 164 159 172 162 160 165 159 153 169 152 139 147 149 155 152 146 153 143 140 144 125 112 121 123 123 112 111 117 108 109 98 97 106 110 106 115 122 115 116 114 104 92 87 87 77 86 83 74 78 77 84 96 84 70 76 76 76 75 76 74 81 88 75 101 96 89 81
159 169 185 170 158 167 161 146 152 154 148 164 149 174 166 162 153 165 139 119 106 123 140 138 144 161 183 174 165 162 159 159 135 133 135 145 158 141 131 142 136 123 124 143 141 131 132 115 124 95 88 110 125 135 121 133 140 130 132 140 145 149 158 185 161 144 170 153 162 159 155 153 144 156 161 143 137 145 141 132 134 125 104 111 123 120 111 103 115 111 115 99 102 102 109 112 117 118 113 104 105 98 96 79 87 76 75 79 78 76 80 79 96 100 73 71 75 70 76 76 75 109 102 69 88 106 97 82
134 167 158 162 157 150 149 156 155 146 148 144 135 155 148 144 168 147 112 134 139 151 155 143 144 164 168 163 161 173 164 156 151 141 135 147 134 130 135 135 137 130 142 145 140 127 134 143 118 100 88 85 111 146 133 134 141 152 131 137 142 135 162 175 150 142 162 157 154 148 140 141 153 142 143 144 147 143 136 146 124 111 109 91 103 110 109 113 117 122 108 96 93 111 111 110 112 110 110 105 107 96 86 80 79 81 78 78 86 87 87 74 75 94 103 74 76 81 71 69 79 86 83 96 82 80 81 82
144 209 190 154 148 146 145 163 146 143 164 143 139 132 127 130 127 131 135 142 159 150 151 160 167 160 165 159 154 170 181 164 157 147 142 142 138 143 136 134 134 142 141 134 133 135 140 142 128 126 111 84 94 133 153 136 184 206 130 139 133 149 152 150 134 167 151 145 143 144 132 134 142 138 153 143 143 143 143 147 118 121 103 97 116 111 100 114 111 134 118 92 87 104 109 105 117 111 111 107 98 85 82 81 73 76 73 83 80 79 75 76 75 78 103 90 79 77 71 75 78 82 73 106 119 87 71 66
147 173 184 141 153 160 154 136 136 136 122 128 130 103 125 142 135 130 131 146 156 158 147 144 159 159 163 152 156 168 176 145 147 155 143 132 140 145 133 142 147 145 138 131 111 129 138 125 128 124 125 102 72 116 137 134 137 141 140 141 153 138 120 148 151 172 156 153 154 156 155 137 137 145 139 136 133 126 127 128 121 120 101 117 107 95 96 123 108 109 111 111 91 102 97 99 111 113 104 101 91 80 79 73 67 75 74 85 82 83 81 71 73 74 93 103 78 74 71 72 82 78 68 75 75 87 71 81
139 154 150 159 157 148 143 133 151 139 129 130 113 132 142 149 140 126 142 150 151 148 150 153 159 150 156 163 150 153 156 135 137 158 144 140 141 140 144 139 139 142 139 131 120 122 136 126 127 137 122 97 74 96 117 131 127 133 156 157 140 107 107 158 152 154 158 158 144 155 133 134 127 133 127 130 125 123 125 121 112 112 131 121 111 108 107 110 104 110 109 102 99 93 94 101 101 106 99 94 88 78 74 71 67 72 69 70 69 78 84 74 68 72 81 79 69 78 87 79 73 77 79 74 71 70 80 81
136 161 157 147 149 154 142 146 146 135 122 111 143 151 145 133 137 140 154 153 144 150 145 150 146 152 152 160 148 142 158 140 150 132 134 143 140 144 135 139 133 133 131 129 115 122 126 134 128 117 108 92 88 92 98 117 139 134 142 156 132 105 94 180 164 166 152 164 179 151 139 137 124 126 140 126 118 125 119 127 118 112 109 108 112 105 104 113 109 113 109 93 101 90 104 104 101 95 91 91 86 80 77 69 70 78 73 70 77 67 77 78 73 73 82 77 70 71 72 73 76 74 72 86 81 107 75 72
145 154 153 170 146 137 136 132 132 120 131 136 153 147 157 179 147 153 152 152 173 166 154 147 156 151 150 150 144 144 147 158 157 164 135 135 160 163 148 141 131 126 192 165 126 126 120 133 138 99 107 108 111 90 94 102 131 129 142 160 139 109 99 153 163 194 189 162 197 147 155 139 128 133 127 123 119 119 113 123 130 119 104 100 107 85 95 105 101 112 118 86 95 101 106 81 88 87 84 86 82 78 76 65 76 72 75 72 74 71 68 71 68 75 83 73 75 74 80 79 75 70 75 83 88 155 82 80
148 140 148 154 136 114 135 125 139 149 159 147 136 142 151 213 171 149 152 166 206 173 133 113 147 162 150 145 154 147 154 171 169 173 147 158 157 156 150 156 124 176 255 180 130 122 135 126 136 111 113 118 98 91 80 86 124 137 137 146 149 120 89 127 146 156 157 152 166 144 146 159 170 125 127 117 118 122 116 124 130 120 111 104 101 94 94 103 94 110 108 97 88 95 95 78 84 92 72 71 84 80 75 68 71 64 68 65 71 69 71 71 71 71 75 68 77 80 79 78 81 73 66 75 77 75 72 76
123 142 148 155 145 139 147 143 143 132 143 135 152 157 135 130 157 115 117 163 178 136 163 154 157 161 138 135 146 150 160 173 169 188 158 189 152 150 146 141 125 151 184 148 134 122 134 151 119 103 110 110 97 106 82 70 104 130 140 136 145 121 94 117 145 144 139 142 141 142 145 182 169 128 122 97 129 145 128 118 121 112 116 110 107 107 107 102 99 92 120 99 89 83 84 77 77 76 78 77 83 81 77 69 70 76 70 66 74 75 75 79 74 71 72 66 72 80 76 83 78 69 68 67 67 75 76 73
132 149 171 146 151 138 127 127 142 149 152 150 149 130 128 124 125 121 132 154 155 150 179 168 170 150 139 139 138 141 162 163 173 175 155 154 150 139 149 138 115 121 143 139 122 129 133 140 106 83 90 100 114 101 78 70 77 119 137 136 142 122 94 127 144 142 150 131 136 135 168 182 151 125 127 114 125 127 127 125 126 115 116 109 105 105 96 88 100 107 113 98 82 88 82 77 71 76 77 74 78 82 71 73 71 68 69 77 65 72 72 78 72 69 68 66 70 77 84 81 76 71 70 72 68 78 87 71
136 143 157 157 139 117 137 151 151 155 157 142 131 127 134 138 124 119 129 127 160 154 156 148 164 152 150 150 154 151 159 166 180 180 161 152 164 143 141 148 134 115 125 136 129 131 131 135 125 99 84 91 114 110 111 102 106 96 117 124 137 131 98 137 144 135 139 144 140 141 143 145 133 119 127 122 128 111 118 128 125 124 110 104 108 97 102 92 92 97 99 102 76 82 79 71 70 66 73 71 77 77 67 73 67 70 70 65 73 80 70 76 71 72 72 81 74 78 83 84 84 79 78 74 67 79 80 79
128 155 151 141 140 119 143 147 150 153 155 137 141 133 132 144 118 129 127 102 132 153 161 161 164 153 172 154 145 147 154 169 186 175 162 170 163 152 131 136 153 135 123 121 128 143 124 135 136 109 90 106 119 114 123 111 111 97 106 124 131 121 133 149 149 142 142 135 140 140 139 129 124 123 118 122 128 119 117 117 111 113 114 117 102 82 88 94 91 94 102 101 88 73 70 69 69 65 73 78 78 80 74 67 67 66 69 67 78 74 77 86 75 71 73 77 76 74 68 84 82 74 75 70 73 76 77 77
120 145 140 131 137 129 150 151 153 150 147 136 136 135 131 119 119 145 123 105 122 144 155 171 158 159 159 157 155 158 153 185 167 152 156 155 160 173 161 142 134 145 147 126 116 134 143 142 132 112 101 85 114 134 127 127 121 109 100 94 123 130 144 135 142 141 135 133 140 138 135 126 125 117 114 121 125 116 115 112 114 110 100 96 87 87 72 79 85 100 100 98 93 77 68 65 72 73 74 79 72 80 74 69 72 67 74 71 75 83 77 80 75 76 75 79 82 80 73 81 86 81 77 70 76 72 73 79
110 107 120 126 143 147 132 146 158 147 130 124 121 115 117 125 136 121 125 113 119 171 180 165 160 160 166 172 192 166 177 158 156 164 159 159 165 174 152 175 131 138 162 141 128 116 145 142 128 136 113 86 92 140 121 125 116 87 102 88 97 122 136 129 131 125 132 135 146 131 146 140 117 101 120 119 122 111 111 108 112 98 97 81 89 81 73 68 84 100 100 99 103 75 71 67 74 74 72 72 71 77 73 68 70 72 75 79 77 78 72 80 73 73 74 85 88 83 93 87 86 77 78 77 74 73 75 80
113 84 89 125 146 133 133 142 152 135 126 120 120 125 127 130 146 121 120 97 163 209 161 154 162 161 161 173 160 150 160 153 158 159 146 161 146 153 140 172 142 133 139 143 136 120 138 121 130 140 112 100 96 136 124 125 120 85 91 79 81 91 122 130 137 130 135 137 140 146 153 128 108 122 128 123 124 119 112 116 115 103 91 76 87 84 80 73 82 103 104 88 103 84 71 73 70 71 74 74 66 64 65 69 71 71 68 76 73 73 72 72 72 77 68 74 82 80 93 99 90 88 89 78 76 74 73 72
80 77 83 120 135 121 120 119 126 133 126 122 110 117 126 110 115 111 103 109 124 133 163 159 160 160 178 162 159 163 163 159 147 142 149 161 156 147 123 146 162 149 122 161 166 132 130 100 104 129 107 101 95 102 134 125 116 92 73 83 77 83 90 130 127 124 129 128 127 153 140 134 142 144 136 129 123 124 117 122 114 107 90 82 77 84 78 83 82 109 110 94 83 102 77 73 74 76 69 71 70 69 66 66 83 77 71 73 71 70 73 76 63 68 67 87 85 78 93 105 98 87 86 79 76 77 73 73
72 87 99 131 129 132 120 108 113 120 128 122 119 111 114 108 113 111 112 108 99 127 162 160 180 187 160 150 158 161 156 136 137 139 148 150 152 132 142 162 175 175 167 170 180 126 118 106 100 104 98 102 84 111 145 118 98 110 100 96 71 71 87 99 111 117 120 140 139 141 144 145 141 137 143 123 118 112 113 107 101 99 91 77 75 95 79 72 80 93 99 89 76 89 81 75 70 73 73 77 77 73 65 68 87 73 67 75 73 73 71 76 67 88 78 73 73 71 91 92 96 93 88 77 74 83 78 72
79 98 123 154 141 123 116 107 105 117 110 119 109 112 117 111 104 121 100 99 104 119 139 154 182 189 148 163 156 137 133 130 125 125 133 140 143 140 147 172 186 164 159 164 164 139 145 137 119 103 117 105 90 129 125 113 100 107 139 107 79 71 85 109 119 129 137 134 140 135 138 138 134 131 134 120 108 98 110 104 96 92 87 82 93 103 93 79 77 75 92 96 76 85 80 84 95 89 82 85 88 78 72 72 74 76 69 72 85 71 70 68 71 82 68 65 69 78 87 91 93 95 86 76 72 74 79 74
82 108 130 122 138 135 114 94 117 112 102 116 94 90 105 113 115 102 99 93 93 131 118 130 155 153 136 138 139 126 121 126 126 150 139 128 153 145 147 156 172 151 156 162 155 140 125 115 118 111 127 104 111 122 108 113 98 113 119 93 76 79 87 125 154 142 138 133 131 136 145 139 130 121 119 123 118 99 105 98 95 83 73 91 90 83 80 79 77 81 92 96 78 87 90 94 102 95 84 82 79 73 78 70 73 72 72 76 84 63 69 73 71 74 72 74 67 72 77 96 89 97 85 82 76 77 74 75
79 111 129 134 138 172 121 111 114 114 100 107 104 105 110 121 119 100 107 89 93 96 138 156 135 134 121 126 131 129 127 132 123 145 135 146 159 145 144 157 165 149 163 151 147 128 116 124 107 108 122 113 108 93 107 91 113 121 89 82 71 67 81 93 122 131 141 133 127 136 145 132 117 113 127 126 126 108 101 120 103 94 79 90 75 73 84 77 77 77 80 81 80 85 91 96 106 114 87 83 74 71 77 65 69 69 72 70 63 69 73 69 70 72 72 71 71 75 76 81 95 98 85 81 74 73 72 78
74 77 106 124 133 148 121 120 108 116 116 97 116 114 105 118 129 114 110 95 92 110 166 167 143 132 133 137 137 136 135 117 113 130 123 150 160 152 146 167 163 160 145 135 123 118 127 130 103 109 110 104 104 98 103 112 120 114 86 92 79 89 83 84 99 105 137 138 115 135 134 117 103 109 116 124 114 109 106 116 108 93 87 79 74 73 86 81 79 71 76 74 81 98 113 107 114 110 83 87 74 69 79 73 69 71 69 76 70 75 72 68 75 70 62 69 70 71 72 75 90 97 80 80 66 73 77 79
68 72 95 95 109 123 126 128 117 134 125 121 119 118 124 120 114 103 116 100 108 122 130 152 147 152 150 169 148 153 141 134 133 149 141 157 156 145 162 162 161 154 141 128 105 118 129 119 105 110 118 96 97 105 120 114 100 101 90 75 76 77 78 76 84 114 142 146 126 124 134 107 91 99 111 131 110 96 100 98 97 86 82 79 70 83 86 74 75 82 70 81 79 97 102 106 126 123 86 78 70 73 76 77 68 74 69 75 78 73 70 73 72 67 60 63 65 74 71 73 80 95 90 84 77 79 80 72
75 86 93 89 99 119 135 131 114 118 120 129 124 115 116 112 112 147 117 126 135 91 119 148 149 158 162 153 154 152 149 160 138 147 141 144 148 160 164 145 152 140 133 121 120 154 136 118 105 110 108 87 109 119 120 113 95 114 92 75 71 77 90 99 107 137 149 139 130 134 130 108 96 89 111 115 108 105 87 90 101 76 76 79 77 80 72 75 74 73 68 83 91 98 111 93 94 100 85 79 80 76 69 81 75 71 65 65 76 75 73 69 67 74 68 74 71 73 72 69 80 85 80 77 72 70 76 76
78 92 87 92 90 96 116 123 118 125 100 108 112 98 106 116 195 158 100 157 119 89 122 144 141 151 151 171 156 152 148 135 142 151 144 148 145 161 163 161 152 147 141 112 141 164 143 115 117 121 109 103 106 113 93 100 114 111 85 82 88 82 88 94 124 159 132 178 157 136 118 99 93 90 94 94 104 98 100 91 91 84 81 81 86 77 78 74 76 71 72 77 84 83 100 91 80 92 93 84 70 73 73 71 72 71 68 67 70 69 77 76 70 62 65 73 71 71 74 66 74 82 82 79 72 70 69 70
83 97 101 100 100 88 108 116 118 99 91 88 93 110 109 129 129 110 111 103 108 101 128 140 128 140 144 150 145 157 153 139 126 123 144 141 146 149 157 147 149 155 149 140 155 160 151 123 118 120 111 115 110 105 106 111 103 107 87 82 95 82 72 103 147 160 142 171 155 150 124 101 86 91 87 85 91 101 101 89 83 95 91 88 86 75 76 77 75 71 74 68 78 86 94 96 84 89 74 76 67 78 74 75 72 66 74 67 81 81 71 71 68 73 60 69 72 76 75 66 68 80 85 69 68 69 74 75
83 109 88 93 98 96 103 119 104 97 88 73 93 114 118 97 97 113 104 90 96 94 101 110 120 135 143 147 143 176 167 146 122 107 128 154 165 155 149 141 149 153 148 151 163 143 147 155 159 116 124 123 110 93 104 99 85 98 86 82 102 81 87 98 125 152 143 141 120 137 122 128 120 107 93 94 89 89 91 86 92 85 87 99 91 84 74 71 76 75 77 70 73 84 90 94 78 71 77 71 73 71 79 78 67 72 68 69 74 73 69 72 73 77 69 68 70 71 75 67 70 74 77 74 78 72 65 69
77 104 98 100 94 94 107 112 91 85 89 82 93 99 117 92 107 106 100 88 78 80 86 99 121 150 154 161 166 158 153 149 131 114 107 135 151 147 147 153 148 148 148 141 134 147 158 159 159 132 111 102 113 107 106 110 92 89 83 82 103 87 86 88 132 155 139 134 114 121 132 176 149 94 87 92 95 88 79 87 89 92 84 109 110 80 77 69 78 75 70 70 70 79 93 97 92 74 68 79 81 75 78 79 75 73 70 75 71 73 73 68 69 74 67 71 65 65 68 66 64 71 70 67 75 68 58 71
82 102 111 106 90 92 99 83 82 77 85 80 85 100 89 82 104 98 93 96 88 81 94 101 125 147 143 148 145 150 124 132 135 130 112 116 141 143 144 144 143 150 152 143 134 147 158 139 137 117 110 110 108 103 106 102 88 85 82 83 82 85 81 96 116 138 145 135 120 146 144 141 117 98 89 106 90 91 87 86 98 100 93 93 118 84 78 73 68 68 78 68 71 78 83 100 88 76 77 92 86 81 79 75 77 73 75 73 68 71 66 69 72 73 70 70 68 72 72 69 69 75 75 72 65 71 71 76
84 93 103 95 92 96 90 81 83 76 84 78 72 84 78 98 98 78 87 86 102 85 96 104 136 142 146 139 145 146 132 127 122 132 122 106 136 145 137 143 144 138 149 145 145 146 133 128 118 107 109 111 104 109 103 102 86 83 86 85 76 84 86 108 124 136 132 136 139 147 135 125 103 113 96 101 99 101 96 87 101 101 103 95 89 97 90 77 78 79 82 78 84 81 90 116 81 82 80 107 76 78 78 81 74 71 76 70 65 67 68 69 72 73 68 72 72 75 68 70 70 68 73 72 74 63 71 76
94 134 124 97 105 83 80 85 81 82 88 80 66 75 84 104 96 85 82 77 86 94 87 102 132 146 149 154 157 161 150 128 116 120 113 93 142 134 130 147 156 142 157 144 135 127 113 111 107 99 104 115 105 106 97 102 94 81 74 75 73 99 99 127 138 119 120 116 130 138 135 112 115 125 93 96 104 129 115 95 97 101 90 92 86 93 95 90 92 93 81 78 88 83 114 97 81 80 99 102 74 73 80 78 74 74 74 69 69 74 74 72 68 74 66 69 69 70 70 79 74 70 79 69 66 68 77 79
91 111 107 113 107 76 69 72 87 109 90 69 64 80 90 106 96 94 87 101 87 85 85 114 129 140 147 159 147 152 150 138 121 124 109 99 131 135 149 153 141 144 143 131 119 113 104 102 100 105 105 116 108 111 95 103 102 86 81 76 106 115 92 118 146 142 123 122 113 121 133 126 140 114 97 106 114 120 97 102 104 98 104 92 97 99 98 104 82 93 84 79 89 88 83 83 78 79 98 86 79 75 88 78 69 79 71 76 74 76 72 69 74 74 75 76 64 70 71 68 80 85 83 74 73 76 75 79
73 80 82 101 104 68 77 84 70 65 66 61 67 70 90 106 88 92 90 91 90 90 96 139 146 156 158 141 153 139 147 138 116 115 95 108 138 132 149 145 130 128 121 122 109 110 107 105 105 108 113 108 102 112 112 113 94 82 75 91 113 110 111 123 145 152 124 122 117 97 132 132 124 118 103 108 111 96 120 112 106 106 102 95 97 102 98 101 99 85 96 88 81 72 81 86 86 85 78 83 77 89 95 89 79 73 76 66 71 79 75 73 77 75 92 74 67 75 73 75 76 77 73 70 74 66 75 74
66 71 92 90 88 79 107 82 63 71 69 61 82 76 76 93 85 102 92 91 87 84 110 134 136 168 175 139 145 141 141 136 119 100 91 115 129 147 149 135 116 116 117 117 116 108 105 114 105 112 105 103 107 113 124 102 87 71 74 81 120 106 132 140 149 142 137 137 103 107 117 124 128 125 105 105 106 103 133 112 109 103 102 103 90 96 96 99 111 90 99 81 83 75 81 88 88 82 81 75 86 87 88 84 83 80 77 72 75 73 78 75 79 80 69 68 68 70 69 76 74 67 70 67 71 69 75 74
75 76 84 93 86 87 93 68 74 72 69 72 92 88 98 84 96 108 91 90 100 104 149 144 127 139 158 150 159 158 154 141 120 109 112 128 146 157 130 131 116 115 118 116 114 110 110 108 103 108 104 107 113 114 112 97 82 97 77 75 135 145 149 154 167 144 149 134 108 95 104 129 133 127 105 106 103 122 123 126 117 113 118 103 96 107 97 102 103 87 88 82 76 70 74 81 80 83 81 78 79 86 80 81 86 98 87 72 83 86 88 92 84 75 72 68 63 71 81 76 74 71 74 70 63 67 68 71
