168 159 177 175 151 122 106 107 105 100 101 109 111 119 135 123 106 108 117 117 117 122 128 139 133 135 145 137 129 142 122 100 122 129 128 122 109 119 117 98 112 105 85 114 102 82 84 91 99 99 102 98 87 91 89 98 106 108 106 91 82 83 111 119 141 138 138 152 166 162 129 110 106 110 106 102 93 92 102 117 104 90 98 93 107 116 94 78 87 78 84 104 110 101 86 74 83 112 128 131 132 145 142 139 130 118 113 102 99 118 135 130 132 125 129 139 147 148 156 162 145 110 108 112 125 122 126 130
176 176 180 187 158 119 94 101 107 104 110 110 112 118 133 123 108 101 122 128 129 127 127 134 120 139 157 134 129 145 134 111 123 121 108 110 101 126 146 129 110 94 81 98 88 80 82 93 107 103 100 86 82 82 82 97 112 114 105 89 84 99 113 126 139 134 133 166 184 178 156 124 117 128 114 108 98 85 100 116 113 100 100 93 102 103 92 92 87 79 85 102 104 96 79 80 100 110 127 133 118 141 152 144 142 134 118 102 107 130 133 154 152 124 123 125 129 151 157 158 132 117 120 113 119 124 123 125
181 190 177 168 145 109 101 99 95 92 113 117 104 126 139 123 103 108 125 138 140 135 118 112 121 155 174 137 130 147 150 133 128 120 101 99 103 139 169 164 139 112 112 113 115 107 102 97 111 112 108 90 81 90 78 92 117 116 103 89 104 126 123 130 130 136 145 179 199 186 171 142 128 136 115 135 127 88 103 122 119 111 108 105 97 98 105 107 101 96 87 88 96 103 91 92 100 113 132 127 123 147 146 150 140 137 132 118 128 133 137 165 162 114 107 114 133 154 149 152 134 135 142 120 112 116 123 115
167 190 164 132 114 103 101 87 89 89 103 112 103 122 138 118 97 115 128 146 146 130 122 98 113 147 172 136 127 143 143 138 131 120 92 92 114 146 165 175 158 129 131 128 137 133 128 111 97 112 112 88 77 84 83 89 111 107 94 83 119 143 134 121 136 135 157 183 206 195 184 161 132 134 111 143 150 105 107 123 122 122 117 125 109 99 133 128 121 121 108 103 109 123 100 98 105 104 119 122 139 156 146 141 132 136 144 131 135 137 128 144 140 99 113 114 122 132 139 138 139 154 160 142 126 120 122 117
144 161 129 110 111 109 109 91 87 79 99 112 101 119 134 115 95 113 131 147 144 138 129 119 117 124 145 138 128 129 130 132 132 113 80 80 108 128 152 160 156 140 137 132 143 138 144 132 120 122 119 91 83 81 83 87 97 91 85 79 110 120 110 118 132 136 161 185 178 170 176 154 132 127 109 144 177 144 123 125 132 131 128 128 110 114 137 133 127 125 129 127 121 130 109 97 102 105 109 124 142 154 139 141 125 135 142 132 140 140 135 135 131 91 120 116 126 121 129 133 144 151 152 161 141 120 117 118
111 112 105 106 110 115 110 95 93 84 94 107 97 121 116 111 122 126 133 137 131 142 144 142 127 110 115 124 130 115 106 112 102 99 89 95 104 111 133 149 140 141 140 139 148 149 155 146 133 129 120 103 85 79 88 90 97 84 80 87 90 87 80 101 130 140 173 170 143 134 145 141 127 124 125 147 180 156 135 129 132 135 134 134 113 120 135 131 136 129 131 133 126 144 122 97 102 117 121 121 127 138 132 129 122 134 139 141 147 149 147 142 126 113 126 118 137 141 140 136 146 144 148 166 153 121 110 123
108 97 102 105 110 112 110 106 101 97 93 90 102 117 111 117 128 136 140 129 131 144 155 152 136 115 111 119 131 111 97 92 86 82 87 108 114 97 107 125 141 141 158 153 159 163 163 135 125 123 128 106 88 75 79 91 89 70 74 99 85 86 78 86 119 137 147 137 116 117 124 123 113 120 123 154 165 144 131 130 131 135 136 126 116 123 134 130 137 126 134 121 129 147 125 105 115 136 137 127 98 109 127 128 122 135 147 145 139 155 153 130 123 118 111 92 133 159 158 136 141 152 169 174 160 131 114 126
91 87 88 101 112 105 98 106 115 105 91 84 102 125 112 111 131 133 147 124 127 145 164 156 148 141 115 100 110 99 94 89 94 93 92 100 107 95 86 93 123 137 152 160 151 142 138 128 125 121 117 104 93 79 79 87 76 69 85 113 97 89 86 88 91 114 121 111 110 114 111 102 104 104 125 156 151 125 130 133 132 126 127 115 122 121 133 128 123 128 133 114 133 135 131 137 137 148 141 140 91 101 127 124 119 132 146 144 136 144 143 133 118 114 87 82 126 147 164 134 128 163 184 173 146 120 102 126
89 89 94 105 105 95 91 105 110 93 88 78 102 128 122 126 141 146 144 119 129 144 152 146 141 147 128 101 94 92 88 89 87 83 94 99 115 111 99 96 99 115 136 147 128 126 130 125 129 127 112 102 90 82 68 74 73 80 103 124 103 81 91 92 89 97 101 112 124 125 118 114 97 90 125 155 138 132 143 138 129 111 106 111 113 117 120 117 116 128 116 125 134 135 138 164 168 163 137 136 107 101 123 135 123 121 141 133 132 151 141 135 121 85 64 84 112 132 150 128 120 148 161 146 120 96 99 119
85 82 102 114 102 95 104 109 106 89 85 79 97 119 132 134 141 157 146 120 128 134 130 125 132 140 141 108 93 98 95 94 87 91 104 98 117 126 119 117 106 102 121 136 134 136 139 139 140 132 115 104 83 78 73 84 99 94 95 113 107 93 91 90 102 108 116 121 130 131 135 126 116 100 130 146 133 142 148 144 129 120 110 112 118 120 116 108 111 120 109 115 134 155 155 174 185 165 142 135 131 117 131 148 123 123 143 138 138 148 149 138 114 65 60 87 110 131 130 121 119 124 133 124 103 90 107 120
90 98 113 109 96 101 108 103 96 98 84 77 104 110 120 130 132 135 143 130 116 125 116 111 116 144 139 107 98 97 97 91 85 90 101 109 112 133 134 135 129 114 121 139 139 148 158 155 135 130 116 93 69 87 108 113 117 104 88 95 97 96 95 83 110 127 128 126 131 133 142 125 120 121 129 128 115 126 145 139 122 127 124 129 120 122 118 113 121 130 105 117 147 167 164 161 179 164 153 139 131 126 132 143 133 136 139 142 139 138 149 143 101 53 74 109 110 120 118 110 107 124 124 108 109 97 114 127
94 95 111 98 91 108 112 106 98 95 92 98 117 102 100 123 128 130 130 123 117 116 109 113 118 145 154 114 107 103 103 103 90 89 91 97 105 119 116 123 121 125 116 118 126 145 143 126 122 109 96 70 72 107 133 132 126 108 86 100 102 102 107 94 126 139 130 133 129 132 146 135 129 128 124 116 113 119 138 137 123 127 125 124 120 125 124 117 125 128 114 129 157 173 182 161 150 158 161 150 141 121 122 130 135 140 147 151 144 135 132 139 92 55 93 129 115 113 125 114 107 119 119 104 110 106 116 128
98 106 110 97 106 116 127 122 104 88 84 117 127 120 101 114 118 128 132 127 121 121 116 116 121 134 148 132 131 102 114 117 104 91 92 92 90 118 120 111 101 103 100 106 131 136 109 92 92 88 76 71 99 125 142 143 124 114 110 115 123 125 119 120 143 145 138 138 132 130 142 146 139 135 124 110 125 114 127 127 125 115 115 108 112 120 126 127 121 119 131 140 152 165 188 166 155 169 172 162 149 139 139 126 129 133 139 148 144 141 126 121 76 59 105 135 123 113 127 130 115 123 119 109 120 115 106 125
95 101 103 102 114 125 126 124 97 93 100 127 129 138 124 120 128 121 127 129 124 132 129 120 119 123 133 144 152 128 115 117 108 91 99 91 93 113 117 103 74 78 83 90 116 109 78 76 106 100 83 94 123 140 142 135 126 121 123 119 115 133 135 136 161 152 135 136 134 139 139 137 135 124 121 118 123 117 119 117 118 113 122 107 99 115 124 123 125 129 145 151 150 160 175 164 159 178 173 174 167 160 149 143 143 132 129 137 144 147 128 105 67 73 110 131 126 121 131 133 127 125 109 118 132 126 96 121
105 110 107 112 114 123 115 109 92 89 106 128 133 146 148 131 129 129 134 134 136 139 136 129 121 126 126 133 142 144 132 115 119 107 98 101 97 105 110 93 84 77 79 86 109 105 105 122 143 145 131 128 138 125 133 130 137 131 124 116 95 113 139 151 159 143 125 122 129 131 125 119 127 123 122 114 108 117 121 128 114 113 130 114 91 95 114 127 127 132 153 158 155 154 160 159 156 173 164 181 182 170 161 160 156 130 122 129 134 131 113 98 70 96 124 131 125 125 126 135 131 132 109 112 117 117 106 119
107 105 119 123 119 117 107 99 89 90 106 131 129 133 139 138 127 137 140 126 128 133 134 125 130 135 138 132 152 173 161 124 125 113 101 104 97 108 102 92 96 90 79 88 106 118 135 161 178 170 159 144 132 131 129 130 132 130 130 116 99 89 114 139 159 140 123 127 129 128 122 119 123 127 125 119 101 105 126 136 117 112 140 123 98 96 100 121 137 134 141 157 154 149 153 158 157 161 164 173 170 177 188 164 149 122 117 125 137 121 105 86 87 125 129 127 118 114 117 117 122 132 113 106 106 117 96 116
98 115 125 126 128 114 118 103 96 99 114 122 128 132 140 140 136 136 142 123 122 128 129 131 141 151 136 171 187 201 200 168 123 107 90 95 115 115 106 103 98 86 89 88 90 111 151 176 187 179 158 155 147 128 127 131 130 133 139 118 102 84 79 114 149 136 130 140 132 123 124 134 139 134 139 135 105 108 129 140 127 126 145 129 112 100 99 114 136 130 140 150 147 151 167 165 161 166 163 166 165 175 174 157 145 127 128 145 123 107 99 86 107 129 130 135 130 130 121 121 125 127 111 104 99 107 96 108
94 109 125 131 136 121 135 112 92 99 124 129 129 140 136 137 142 134 130 120 118 120 113 123 142 147 203 250 222 210 243 224 149 117 94 95 116 115 126 114 99 86 87 88 86 99 148 166 179 177 163 161 160 138 137 139 126 125 144 129 104 81 74 99 132 138 136 162 157 149 151 155 150 147 148 149 129 123 131 128 127 140 140 131 127 111 101 116 126 121 132 138 147 152 180 172 163 159 161 164 173 172 165 153 147 129 133 148 119 94 90 109 129 127 130 137 151 139 124 127 125 129 120 104 95 107 104 104
112 105 92 112 128 141 144 119 104 110 124 130 134 153 146 147 149 139 130 130 119 116 113 134 147 173 250 254 233 222 248 252 182 117 109 101 101 111 124 116 104 105 98 96 91 93 140 174 178 169 169 157 151 146 137 129 118 113 137 139 121 90 86 97 127 149 149 168 170 167 170 165 169 163 160 171 161 144 134 136 141 147 146 129 122 116 103 105 122 109 123 159 164 167 183 178 158 159 170 179 175 171 159 146 147 138 136 149 127 101 123 139 142 135 137 147 163 153 151 134 125 127 114 108 113 123 104 107
111 107 102 108 117 128 117 110 124 141 128 129 140 146 156 151 137 131 138 127 125 124 116 155 164 167 241 251 232 216 225 249 229 133 110 99 96 103 120 118 110 116 108 106 109 102 127 171 181 166 155 145 141 146 129 118 125 116 129 143 137 117 101 123 152 168 173 165 176 175 170 175 184 184 175 176 168 139 121 142 143 145 153 131 113 118 107 103 125 109 112 149 181 187 188 177 168 159 168 184 174 163 150 147 131 131 127 140 136 118 137 149 149 146 148 158 180 174 174 144 123 123 122 119 118 122 120 120
106 111 129 122 123 120 108 110 138 145 140 137 135 133 143 137 130 146 160 135 131 126 117 164 178 147 177 201 200 203 210 229 234 140 107 102 96 98 113 119 109 116 121 122 122 122 117 151 189 165 148 153 144 147 133 122 123 129 127 131 142 145 130 153 176 177 175 172 176 186 189 184 184 189 182 181 172 139 112 137 144 141 159 156 122 103 102 107 128 121 131 157 186 187 180 162 157 159 166 172 176 168 161 160 132 134 133 143 137 133 142 150 149 148 150 156 172 176 161 133 112 111 119 117 139 132 131 149
108 119 132 131 127 127 127 121 127 131 128 131 130 134 138 131 129 150 176 147 132 134 118 152 165 146 189 204 184 193 220 206 200 155 106 103 99 97 112 114 113 122 134 127 118 125 131 132 164 171 157 174 161 150 136 128 125 142 134 126 141 142 136 162 171 160 169 183 186 197 184 177 183 177 180 175 171 144 110 116 143 161 173 163 134 115 105 112 138 133 143 166 184 187 182 147 148 154 160 169 177 160 164 164 136 149 154 135 129 138 145 143 139 146 152 160 161 149 138 121 107 100 115 129 162 149 142 153
127 125 139 135 132 135 140 128 128 127 120 122 136 127 147 139 120 141 168 166 139 140 136 132 144 139 213 232 172 179 201 194 184 141 123 132 107 95 94 104 115 120 118 119 110 126 135 123 130 144 153 159 159 144 130 134 148 163 147 145 144 143 148 172 154 142 151 182 196 196 180 167 191 178 186 179 167 155 115 108 153 179 177 167 134 121 104 114 145 138 144 160 192 194 181 148 150 172 176 167 162 155 165 170 149 149 141 124 122 135 136 128 115 133 137 143 136 125 120 114 106 114 113 125 169 168 153 170
128 131 132 138 128 126 138 125 131 127 115 110 129 123 137 140 130 146 150 163 150 129 129 119 141 138 173 194 140 154 182 176 152 120 126 143 117 92 103 108 118 118 102 112 117 122 123 133 125 119 131 137 149 135 127 137 160 172 171 172 159 140 151 164 145 138 142 161 187 197 180 169 186 176 185 180 164 158 126 99 142 169 161 155 144 128 102 125 160 142 134 148 174 172 170 150 181 195 174 152 168 169 162 164 160 149 117 98 124 137 143 125 87 112 131 138 130 126 117 121 114 118 120 123 143 146 148 152
131 137 129 125 130 139 140 140 135 137 128 124 136 125 117 125 132 141 145 148 153 137 126 122 140 145 138 141 124 138 154 136 126 123 135 135 119 102 119 138 131 106 100 102 122 122 109 120 134 120 119 142 141 131 136 146 167 163 169 177 159 140 146 164 149 149 139 150 175 185 174 164 179 185 188 188 162 145 124 103 121 148 145 157 158 124 104 145 168 155 142 152 165 161 143 139 176 198 168 143 171 188 163 150 147 130 105 104 129 136 152 124 102 125 145 147 135 130 122 121 120 113 124 127 129 126 132 129
143 149 128 113 129 156 164 168 151 144 147 142 143 131 106 107 110 133 151 153 159 143 132 128 133 142 142 145 127 136 144 118 110 119 126 125 130 115 125 155 156 118 102 104 118 120 124 128 130 123 109 127 146 149 158 173 189 178 171 176 160 136 137 158 159 154 149 149 172 183 164 172 181 183 194 182 155 137 114 106 101 118 142 163 163 120 106 155 167 160 141 156 149 157 147 143 162 177 154 143 174 211 183 148 135 126 101 110 132 130 135 135 140 142 131 132 132 132 128 120 113 112 128 121 134 140 144 131
155 148 135 123 135 165 192 188 181 170 175 164 132 112 99 98 104 130 148 158 162 157 149 126 111 132 147 150 131 138 149 119 108 120 121 123 132 131 123 143 162 143 101 103 112 116 124 124 122 122 107 126 155 160 173 187 186 180 176 166 146 122 122 159 166 149 143 153 168 169 168 174 167 184 180 167 146 137 116 127 123 92 106 140 149 106 100 150 160 154 142 136 153 169 163 154 155 163 146 138 159 219 196 147 128 114 101 123 126 121 130 135 147 145 129 147 138 134 136 123 116 111 118 112 118 141 153 147
145 139 127 119 132 173 210 200 188 185 194 169 114 102 114 108 102 131 148 162 158 164 154 135 117 118 136 153 140 138 143 126 113 119 116 124 129 136 132 123 147 147 106 104 113 113 117 118 111 125 117 130 168 181 176 184 171 162 173 153 127 126 124 148 174 155 145 160 166 177 171 155 160 166 165 161 139 127 124 133 148 118 77 103 107 81 97 139 155 150 145 134 161 173 159 149 146 150 150 147 160 191 174 137 128 131 131 146 144 142 146 137 135 140 141 155 144 139 138 133 118 109 112 103 96 117 142 147
134 129 120 120 136 169 201 202 186 173 171 134 106 101 114 99 86 115 139 165 154 146 142 139 132 131 127 139 132 137 140 122 120 125 113 121 124 132 131 119 125 142 115 105 105 110 104 109 114 128 131 119 164 195 183 188 154 144 164 141 122 128 120 130 165 164 161 160 157 166 177 158 151 148 152 143 115 124 132 133 145 134 110 121 111 98 114 135 135 137 159 142 156 159 150 150 144 152 146 146 155 152 149 137 156 179 170 158 160 176 168 148 148 146 149 165 140 130 145 144 129 110 113 112 109 105 111 124
133 135 117 125 153 164 168 180 159 146 125 118 118 118 112 95 77 103 130 148 154 154 145 136 130 136 131 129 116 123 125 114 109 118 120 119 117 125 132 115 115 116 103 100 103 102 94 96 109 130 127 127 155 193 192 186 137 141 156 137 125 128 117 119 148 160 158 159 158 156 161 150 134 136 141 115 107 126 131 132 127 138 141 159 144 144 133 121 128 132 152 151 139 150 151 151 152 152 147 141 149 151 139 154 197 193 175 162 174 179 177 163 166 160 149 151 138 130 152 160 139 123 127 115 127 103 100 105
132 122 117 125 145 137 136 145 141 128 104 108 119 122 121 97 81 102 129 148 164 165 158 154 129 133 131 131 120 123 121 107 108 114 117 122 116 122 127 113 108 92 94 108 115 122 112 116 113 119 126 129 148 175 182 165 127 133 150 133 135 130 125 124 122 131 129 142 143 137 138 138 128 130 107 102 114 125 115 128 133 135 143 150 140 146 143 126 125 120 146 159 139 131 142 150 160 153 147 149 143 146 145 175 201 194 180 174 179 181 184 175 172 167 163 152 152 152 163 161 140 132 119 114 125 109 104 92
128 114 114 115 116 125 127 115 119 109 107 111 115 118 138 109 95 113 130 141 161 157 168 162 133 121 129 125 116 139 135 110 115 121 123 118 117 115 114 111 103 92 106 122 132 164 149 138 123 111 131 131 127 167 181 158 120 122 142 134 131 121 134 136 125 134 136 136 123 126 123 125 124 122 103 120 129 134 125 135 147 153 145 141 139 141 156 147 130 121 144 157 143 130 139 156 155 152 137 140 139 156 169 191 200 198 192 184 180 180 191 180 181 170 168 173 166 166 163 148 135 131 118 119 124 116 116 103
111 104 118 118 129 135 128 95 98 117 109 110 110 124 145 123 109 119 132 132 148 158 165 167 149 120 128 128 121 140 136 115 114 117 115 119 116 113 117 106 108 109 132 139 161 178 174 143 132 132 134 126 108 168 189 166 125 128 127 123 128 124 136 141 137 149 163 152 120 113 122 126 135 142 117 133 147 148 148 144 155 146 131 135 140 145 146 144 133 118 134 153 145 125 144 155 146 131 131 143 168 201 204 206 203 197 195 189 181 188 189 190 184 173 170 175 180 175 169 152 138 130 126 119 107 98 107 110
107 113 122 118 138 138 118 98 83 105 104 119 120 137 147 123 111 119 133 123 118 150 162 172 169 113 109 125 135 132 135 114 119 115 111 110 106 111 118 107 111 130 159 175 172 170 182 167 150 152 137 111 96 148 160 144 112 102 102 116 127 129 142 154 153 141 161 151 129 114 130 127 138 146 146 150 146 142 159 144 155 136 139 140 129 136 137 135 125 102 125 144 152 143 145 149 142 123 128 148 194 211 214 212 198 192 193 190 179 184 192 198 194 188 178 169 177 185 180 165 148 138 128 113 111 107 123 121
102 121 125 129 130 126 113 106 86 93 109 119 126 143 140 121 110 115 119 117 111 131 147 147 123 117 108 104 116 129 125 120 121 122 116 109 108 108 116 106 118 153 169 174 172 162 167 184 182 173 151 126 113 127 119 110 100 85 89 94 110 136 153 167 147 143 170 155 133 130 141 138 147 146 155 160 146 132 141 137 138 142 147 135 122 128 138 125 94 96 129 139 149 154 166 165 137 123 116 151 200 202 208 209 200 185 183 180 181 194 193 191 188 202 195 170 172 179 175 169 161 137 121 124 135 129 142 132
87 109 123 120 119 118 111 97 107 102 101 125 136 133 134 120 115 110 115 110 104 121 141 121 115 125 144 134 120 137 105 108 115 116 116 113 110 110 115 108 137 165 169 168 169 152 150 184 192 167 167 143 124 103 98 103 105 94 85 66 77 124 162 166 138 131 154 155 143 155 158 143 138 131 148 148 146 144 133 140 145 148 134 130 123 125 127 101 74 96 113 130 144 148 151 152 133 107 101 153 198 206 196 192 193 181 183 174 185 194 196 195 194 206 194 174 172 174 180 172 168 143 134 136 144 137 140 139
87 97 109 115 109 116 113 102 135 131 106 132 143 113 137 121 117 115 117 112 111 169 194 184 191 162 165 140 123 111 120 129 129 122 115 111 101 106 104 112 138 160 159 166 168 162 155 159 168 167 162 146 132 111 102 104 108 98 76 75 91 106 149 149 119 111 122 141 153 163 151 131 131 132 141 140 140 148 150 157 156 148 139 134 130 133 129 88 87 107 96 116 138 139 119 118 105 85 91 142 184 203 184 194 194 181 180 188 200 191 189 196 199 205 199 177 170 175 181 173 168 142 125 127 150 136 121 146
86 94 105 105 103 110 111 111 142 158 135 136 132 117 135 122 105 113 130 126 131 182 182 204 192 147 136 136 145 155 153 177 186 177 140 102 96 113 115 111 126 143 146 155 165 181 172 160 160 170 179 173 139 122 110 107 98 86 72 81 111 93 117 122 92 99 125 139 148 147 139 135 139 142 130 138 140 140 136 145 150 148 141 128 122 139 140 114 117 121 104 103 115 121 119 112 87 85 89 124 160 187 199 202 207 198 194 198 203 193 188 195 195 204 209 206 182 177 178 177 172 150 126 136 166 140 120 135
93 103 133 111 103 112 121 124 139 154 155 146 132 124 130 121 108 124 130 129 147 188 211 193 165 148 154 184 201 218 208 194 176 158 155 131 101 122 122 108 132 143 147 142 150 153 171 161 151 167 184 166 154 142 120 93 89 80 83 77 98 77 86 100 87 118 131 133 148 144 140 132 143 147 130 138 146 136 138 145 158 155 144 125 130 133 134 144 136 147 140 115 99 107 127 142 105 101 86 97 134 154 200 210 216 213 209 209 206 200 193 196 201 209 207 212 196 198 177 180 171 154 126 137 161 158 163 141
107 130 159 118 99 114 131 130 131 148 143 144 129 121 128 123 115 124 121 120 138 205 198 139 139 162 196 195 204 216 222 215 209 210 212 162 121 115 123 111 139 141 144 150 164 146 162 163 144 163 177 160 162 146 126 103 90 81 80 78 83 79 104 95 102 136 139 134 153 145 132 139 142 151 138 137 144 134 137 150 145 141 139 133 141 123 127 146 163 177 156 129 102 95 120 132 108 98 96 90 106 118 166 207 209 214 216 219 209 201 197 193 199 204 198 194 200 199 192 183 170 159 131 139 145 161 193 183
117 149 156 108 102 117 138 129 126 142 135 130 129 126 122 121 122 132 123 105 148 217 178 150 158 158 165 205 211 207 207 240 255 250 162 156 132 125 114 125 143 151 144 148 159 153 155 158 155 159 161 169 174 167 137 121 91 80 73 75 85 85 103 93 120 146 149 140 153 144 137 136 132 139 143 153 148 140 144 142 138 129 129 133 134 125 122 143 170 190 183 135 104 98 107 114 106 106 101 92 94 95 115 164 183 213 222 228 218 216 212 203 202 199 206 190 199 194 197 183 168 166 131 140 135 150 196 193
122 140 135 102 109 123 128 131 130 114 123 130 141 130 116 120 119 121 117 105 184 208 185 167 184 173 184 236 205 224 244 246 174 91 104 149 181 173 115 115 136 155 157 145 161 171 164 153 154 153 155 178 179 178 153 134 112 85 66 71 77 86 88 94 129 144 143 139 135 139 147 130 144 139 148 154 145 144 146 135 142 133 136 138 133 127 119 133 163 184 191 135 102 100 108 107 109 102 101 92 99 115 101 106 146 190 215 227 218 218 215 207 209 205 213 207 198 191 205 183 171 162 133 137 132 149 195 190
130 132 118 106 107 110 126 135 124 97 109 128 141 134 117 108 117 129 111 114 197 169 153 164 198 211 209 237 212 217 237 212 59 51 154 248 205 186 144 124 145 158 170 163 168 175 172 157 154 157 179 183 166 168 167 145 124 91 65 71 80 87 86 107 137 123 141 149 120 137 147 134 150 156 151 146 153 144 137 140 143 146 154 147 147 131 123 128 147 169 156 114 97 109 112 116 111 99 109 83 87 123 123 83 94 145 184 211 224 220 215 212 209 212 214 206 196 190 192 176 175 151 129 146 133 157 205 197
124 119 110 106 102 113 118 125 123 116 108 111 113 125 115 112 115 143 117 116 155 177 177 161 168 216 229 226 202 147 183 223 62 68 196 241 216 164 155 133 146 150 157 161 170 174 176 180 172 181 187 186 173 175 171 159 133 95 71 79 91 107 100 126 153 135 135 143 133 151 159 143 154 159 140 145 161 147 149 139 141 151 164 157 147 131 122 125 137 139 117 114 108 109 109 110 111 106 110 88 85 126 134 101 85 90 132 182 215 224 220 223 219 211 203 210 203 195 199 184 179 141 139 161 138 160 210 205
109 102 126 119 109 124 111 117 145 139 131 110 104 117 119 102 104 132 125 103 133 166 161 165 166 218 239 210 189 219 242 246 159 186 215 205 228 176 188 149 165 147 149 161 171 177 201 195 185 184 169 171 187 176 165 152 133 111 88 87 126 150 145 150 154 144 142 130 136 143 139 121 132 126 118 129 124 116 111 111 104 131 148 143 136 133 133 126 126 106 106 126 123 121 115 116 107 107 107 88 87 121 134 117 116 101 104 131 170 197 217 222 213 206 209 203 205 207 211 189 170 145 158 157 138 151 198 194
111 115 134 128 110 113 110 118 148 134 132 116 92 104 114 95 94 118 117 141 152 130 150 197 188 220 242 242 255 255 254 247 248 246 222 178 191 171 139 135 165 169 163 187 186 191 200 201 196 171 167 152 167 175 167 145 127 100 80 89 156 173 168 151 130 114 114 123 122 121 111 104 77 90 149 124 130 141 91 59 71 150 115 121 114 106 108 130 130 94 117 129 116 120 121 122 120 113 110 98 95 113 114 120 145 140 115 99 125 156 189 208 211 211 214 212 211 204 210 184 151 149 166 144 133 133 156 156
103 128 136 135 123 98 103 111 118 109 118 110 84 96 111 92 92 103 112 160 141 159 164 173 189 198 218 247 250 246 251 247 243 242 223 165 172 209 145 138 156 136 168 193 202 202 200 196 183 168 167 145 146 162 160 135 120 104 98 119 138 134 132 139 104 73 102 160 151 132 162 128 102 111 129 137 150 144 135 110 113 131 150 117 106 128 97 82 110 114 120 126 103 107 124 123 116 115 114 108 98 97 93 114 144 150 131 101 110 114 148 176 199 220 225 220 213 210 189 152 136 153 166 151 147 134 139 132
99 131 154 191 163 118 107 125 126 118 108 101 83 88 108 97 98 105 98 106 150 179 189 177 188 185 195 234 242 211 238 252 246 225 209 221 193 229 176 156 169 131 140 111 129 163 160 156 149 153 136 134 130 128 135 136 114 126 107 83 118 152 153 159 143 148 122 142 142 178 158 113 160 158 148 123 160 155 148 149 119 161 157 117 96 152 147 140 137 157 126 117 112 98 120 128 124 124 117 100 97 88 96 122 137 140 141 122 121 114 112 143 157 189 207 204 191 173 153 136 152 170 171 166 155 142 151 139
119 130 180 233 208 167 132 132 144 119 97 98 87 91 107 99 99 103 100 103 149 196 222 209 189 202 184 222 228 210 249 249 240 230 217 234 207 207 170 195 173 143 135 135 81 98 128 131 102 97 130 128 117 83 96 139 141 152 144 122 99 107 176 166 183 162 140 150 130 182 155 145 180 181 171 163 155 153 174 171 136 144 173 165 148 140 153 155 156 170 159 161 106 85 117 125 130 123 112 107 95 93 114 132 137 138 143 128 129 125 117 120 129 146 156 160 150 131 126 135 161 187 188 168 151 133 139 142
139 143 177 213 191 159 129 114 106 97 94 106 103 95 101 100 93 96 104 118 122 118 149 202 213 204 188 220 216 224 224 221 238 222 228 222 179 184 156 205 219 191 146 158 137 120 149 139 125 111 127 142 147 146 133 108 101 152 161 162 147 117 152 169 178 146 156 192 170 121 174 187 165 180 188 188 166 121 191 191 194 178 200 205 201 183 192 177 164 184 161 228 171 117 134 118 128 130 114 100 93 108 127 137 143 149 151 135 143 148 138 127 127 127 117 117 109 108 133 148 173 199 205 171 143 124 125 127
145 143 154 158 132 111 101 102 93 86 91 94 95 95 89 96 101 93 99 108 111 124 123 128 177 208 205 211 212 220 216 201 239 224 238 213 206 179 128 195 178 159 161 143 132 135 126 167 149 124 168 145 126 168 172 164 139 122 167 164 134 165 140 165 163 168 167 190 183 148 196 194 207 159 165 194 195 181 180 195 208 213 140 216 225 146 169 198 140 202 175 186 201 202 197 149 121 123 112 89 90 107 121 133 145 148 148 134 147 157 145 137 130 122 118 107 106 119 142 152 185 208 215 185 148 131 110 126
147 142 138 117 118 120 113 100 100 87 92 92 91 92 96 94 106 100 97 96 90 93 110 107 94 121 152 155 162 182 190 219 238 208 207 207 224 194 200 183 135 137 178 128 173 172 136 146 153 164 179 184 166 117 176 148 165 132 162 197 174 129 188 195 164 185 157 192 207 161 146 203 210 184 178 166 210 195 115 193 217 152 111 206 233 184 180 152 159 159 152 161 173 194 176 210 187 140 175 119 105 115 116 114 141 150 125 121 139 156 144 146 135 128 126 127 128 133 140 155 187 185 198 188 153 134 121 114
141 147 129 110 121 116 113 106 99 97 94 96 97 87 89 92 102 100 99 100 97 94 95 103 103 96 103 133 150 162 169 175 178 176 188 188 209 213 217 166 158 188 168 180 206 181 160 175 191 158 177 178 177 141 183 161 180 171 153 185 191 165 156 200 185 187 177 184 196 202 165 179 200 182 144 150 218 180 129 185 203 185 140 176 201 175 149 151 136 143 170 138 141 155 142 194 212 145 182 197 155 105 107 110 140 140 105 101 114 132 127 138 138 133 135 137 138 141 142 157 178 168 183 171 157 127 111 111
125 132 114 117 109 116 116 109 103 106 103 96 95 93 90 86 94 105 102 97 102 103 104 107 107 105 112 119 109 128 165 175 173 193 213 198 233 244 185 222 206 212 124 177 213 153 156 170 184 168 193 199 192 192 185 156 200 193 173 139 206 177 156 181 196 205 174 191 211 184 137 154 208 200 147 120 169 198 126 164 197 205 182 168 159 150 154 177 138 132 135 158 150 110 106 158 208 135 143 234 210 146 114 121 129 133 101 100 101 105 109 125 143 140 127 132 141 142 145 155 171 161 169 163 144 106 109 130
117 109 104 100 112 115 118 108 109 108 108 102 94 93 97 104 107 100 96 98 98 103 99 106 102 101 97 119 136 112 116 180 217 240 224 202 213 216 186 200 187 207 145 178 212 175 167 184 158 186 199 207 202 189 189 205 139 199 214 143 197 199 182 145 220 195 151 144 233 214 165 130 204 196 164 124 125 198 188 132 206 176 202 177 190 197 200 146 152 125 137 143 108 117 124 115 155 133 103 164 182 118 133 170 138 116 84 94 110 106 102 112 146 150 127 115 144 149 145 154 167 157 169 164 129 90 115 137
117 102 103 103 113 112 107 112 119 114 110 108 103 98 107 103 108 98 100 96 98 108 100 104 95 98 96 103 156 213 171 120 126 144 141 170 183 217 214 148 204 241 209 217 186 201 168 194 200 180 197 229 183 163 171 219 170 197 199 142 189 214 170 127 188 196 162 142 166 221 200 136 133 225 187 144 143 167 165 138 177 169 212 211 230 199 203 167 119 99 106 117 139 179 128 99 112 129 128 150 141 113 83 181 172 119 77 94 118 119 104 111 141 145 135 118 131 144 147 151 167 163 162 163 126 89 130 156
107 99 111 108 119 118 112 122 122 116 110 109 107 101 112 103 105 107 102 101 96 107 98 97 101 95 97 95 109 193 230 183 101 96 106 114 125 194 209 180 234 159 189 249 217 218 219 188 204 174 172 187 241 204 156 218 138 174 233 153 154 208 200 128 160 242 177 135 171 207 198 130 138 182 142 137 157 166 166 180 166 212 221 232 197 141 168 194 185 167 149 138 168 241 216 184 140 143 123 143 122 114 114 121 144 124 114 140 122 126 122 110 122 113 109 106 108 136 157 144 166 168 149 155 110 124 142 148
103 103 108 114 127 114 121 119 116 112 111 116 113 108 105 110 106 105 104 102 101 104 99 105 105 101 102 94 87 131 183 179 89 72 103 99 81 112 155 175 156 165 201 205 239 224 231 205 204 191 211 173 212 197 176 250 174 134 153 179 242 203 178 131 158 212 158 185 157 182 212 175 163 204 171 133 161 166 193 181 238 244 226 238 189 177 168 151 158 179 170 207 161 206 254 250 240 238 193 168 157 104 113 97 123 105 102 194 141 121 114 103 100 96 92 96 101 141 153 151 159 155 132 123 92 136 166 139
132 100 105 110 132 114 116 116 111 109 111 117 112 104 106 112 113 109 106 104 103 102 101 108 100 101 92 93 94 100 146 139 80 71 89 86 107 181 190 133 142 255 218 218 255 242 217 228 238 224 204 220 198 168 138 197 246 181 144 160 213 168 173 205 179 213 203 168 156 193 237 162 160 221 207 187 229 229 244 247 250 232 229 250 183 151 173 173 125 103 160 238 115 154 253 253 253 254 253 255 243 207 140 125 109 112 98 198 182 139 82 89 93 106 114 103 108 126 138 140 129 124 114 99 86 111 142 132
128 98 108 113 133 121 127 117 108 118 110 120 110 114 114 112 111 112 114 105 108 101 102 110 104 97 93 94 98 88 105 121 101 74 84 122 224 211 120 197 234 230 184 242 253 245 203 232 229 240 230 217 208 222 153 120 210 228 163 139 180 226 183 173 162 217 251 181 194 235 247 224 228 248 248 251 249 250 225 179 169 188 235 239 191 198 179 159 168 165 225 181 84 144 248 253 252 251 249 251 254 255 242 214 139 109 107 124 129 113 94 143 131 110 131 107 111 108 91 91 95 91 89 90 82 77 96 116
121 100 112 110 129 125 121 117 106 115 112 109 106 118 104 106 119 116 112 109 106 110 108 103 94 89 103 98 101 91 85 109 107 87 141 231 255 254 246 231 207 240 233 236 254 242 174 198 236 235 236 241 193 220 203 159 152 249 193 129 186 255 250 213 187 220 251 249 244 252 254 255 253 245 236 219 207 174 164 184 229 232 218 233 197 149 163 146 180 226 188 83 81 125 221 250 247 251 253 252 251 252 253 255 239 158 104 113 115 118 101 202 184 122 115 99 102 95 73 74 82 74 85 80 85 74 83 80
118 99 114 113 131 121 123 113 104 107 109 116 115 118 113 106 116 124 120 110 108 112 99 90 97 93 95 95 94 93 82 87 107 141 228 253 252 250 255 222 220 255 239 223 255 241 187 230 230 215 233 224 232 244 242 232 187 236 248 217 211 233 253 247 236 236 247 255 253 237 224 207 198 210 211 232 237 239 255 255 251 252 195 224 198 180 162 156 177 216 122 80 91 104 171 237 252 253 252 254 251 252 251 253 254 243 208 187 117 108 108 204 182 148 100 87 102 96 101 99 85 78 90 83 83 72 73 74
116 108 104 113 124 124 116 112 100 108 108 117 117 120 110 115 113 126 119 115 110 114 105 97 101 101 94 96 100 92 84 86 108 196 254 250 244 242 218 201 232 254 246 216 252 241 211 240 238 235 206 223 250 244 247 249 231 222 250 254 236 224 241 255 255 254 215 193 187 198 211 227 244 248 247 240 232 228 232 237 241 237 166 225 238 235 215 207 208 174 165 132 109 119 153 212 232 228 232 229 214 197 208 236 244 255 255 250 192 124 113 156 142 149 113 91 124 114 128 113 95 94 98 85 84 72 63 69
117 100 101 111 123 120 115 110 112 108 110 121 112 116 114 125 126 124 113 115 109 106 112 104 104 95 98 96 95 94 89 94 107 187 234 251 249 245 245 227 248 252 242 218 218 248 239 242 230 213 210 251 249 246 251 248 245 222 249 253 250 218 184 182 168 117 77 104 222 255 255 234 217 210 191 162 152 123 117 126 131 119 94 207 247 244 232 226 208 156 144 139 91 141 235 192 127 138 127 124 115 126 149 163 190 224 232 242 250 199 177 166 138 129 105 134 205 143 123 105 106 111 93 89 88 81 73 68
115 98 104 107 126 129 113 105 109 114 114 112 112 120 127 130 139 126 117 116 110 114 113 107 105 99 101 101 108 111 94 79 102 160 215 225 250 253 248 246 252 248 244 235 188 222 252 250 234 198 200 218 241 255 242 239 252 227 216 255 221 147 156 91 55 69 66 74 136 180 193 160 155 137 96 77 61 50 48 62 92 102 97 162 255 253 244 208 230 193 131 107 98 149 233 220 136 96 113 118 113 119 109 102 109 113 125 174 205 220 251 252 200 142 122 128 227 151 120 105 100 111 90 91 89 85 82 73
92 89 97 104 119 129 115 114 132 133 137 119 156 177 142 142 129 123 114 116 112 113 106 99 102 97 96 103 104 101 99 89 99 167 159 165 199 250 254 251 250 249 247 231 215 215 242 244 224 201 198 186 169 203 164 167 188 164 126 113 150 228 255 183 66 63 70 75 77 100 117 119 97 54 54 55 57 57 54 56 64 90 99 114 225 255 251 234 225 239 183 121 109 174 222 210 140 83 114 125 125 132 118 99 105 94 89 105 108 139 197 241 253 173 136 156 207 135 129 97 87 102 88 87 96 85 76 85
96 92 101 101 112 122 112 117 152 163 146 109 149 177 142 135 108 113 109 115 118 117 108 95 104 100 104 100 95 109 103 98 113 153 154 128 125 177 228 254 249 251 250 247 231 236 249 250 213 181 211 200 176 181 213 239 218 125 51 58 159 255 255 239 112 63 79 99 100 70 71 68 52 47 59 56 51 59 55 59 58 78 100 104 139 235 247 238 239 245 221 151 104 228 229 182 120 98 111 146 118 122 127 108 101 94 97 116 100 103 127 152 175 147 154 218 215 145 140 127 82 92 90 87 88 86 86 87
98 102 91 104 104 111 111 115 124 114 107 106 111 114 127 113 103 106 111 116 127 117 114 102 100 105 112 112 98 113 105 115 138 144 159 128 118 124 148 231 250 249 245 250 243 252 250 250 231 188 214 228 203 188 157 185 235 121 64 67 115 246 248 224 162 83 71 63 48 45 59 68 67 64 59 56 60 71 69 72 77 79 91 109 112 140 184 224 252 244 224 201 168 217 228 190 133 93 115 170 134 121 134 120 93 100 95 123 125 116 136 123 92 82 148 248 251 225 166 136 110 89 94 86 82 82 88 86
110 110 85 94 93 101 113 115 116 105 107 103 104 129 170 122 106 106 106 109 114 116 120 114 99 99 118 112 98 106 112 145 151 151 156 163 123 120 129 145 191 238 238 238 247 252 254 252 245 214 215 228 230 214 191 177 190 122 72 87 114 176 134 93 71 72 63 56 59 56 59 73 83 79 76 68 75 75 79 82 83 80 90 98 119 112 79 104 159 211 239 224 234 243 247 187 129 101 106 195 164 108 116 124 102 99 92 128 153 140 140 115 92 78 106 179 239 255 226 146 118 96 93 97 94 91 84 89
118 121 89 87 90 93 108 98 110 109 95 107 112 180 182 115 104 107 104 117 117 119 113 107 99 99 115 105 102 116 136 154 155 157 135 179 181 130 114 116 121 173 214 228 216 243 251 255 247 217 223 249 243 244 219 195 188 172 138 106 74 60 55 63 74 61 63 67 62 59 62 72 68 71 74 75 81 76 76 71 70 65 75 76 92 85 94 108 79 72 147 223 239 250 250 211 132 96 138 240 185 105 95 135 102 90 102 165 181 151 153 131 101 81 116 143 163 217 252 173 137 126 106 150 107 100 91 96
122 126 107 87 89 106 103 106 104 103 93 95 115 185 136 100 109 106 100 105 113 118 116 111 91 100 118 107 122 139 150 153 166 154 141 171 225 198 126 114 115 159 166 151 183 169 192 239 253 241 243 247 248 239 198 217 219 232 225 199 127 68 49 56 66 52 49 51 52 51 46 63 54 51 56 62 66 65 57 57 55 56 58 84 120 163 162 134 90 63 59 98 187 241 251 227 171 106 188 248 199 120 93 204 172 103 131 172 169 152 143 139 119 105 125 155 134 137 193 153 134 165 116 198 183 116 104 96
134 134 111 83 87 116 113 99 98 104 99 102 105 134 119 99 103 104 101 107 115 118 127 114 105 94 119 122 147 156 153 157 167 159 154 154 205 219 168 124 118 139 124 62 59 67 62 99 188 246 252 250 252 241 212 214 250 245 221 223 218 169 93 49 57 51 44 38 44 41 44 54 49 44 47 44 58 52 54 50 66 77 110 182 212 212 168 130 100 71 66 64 82 162 216 235 205 146 193 236 176 118 97 185 221 160 138 140 124 146 142 133 128 131 140 147 131 128 124 88 87 120 144 225 219 172 133 99
157 146 129 100 79 129 153 108 103 104 108 113 108 117 106 98 107 98 105 110 113 124 127 129 119 103 100 113 136 156 159 170 158 151 147 141 169 204 186 132 119 84 67 56 52 56 60 48 54 118 205 248 251 250 240 240 251 252 220 218 234 193 185 96 51 49 40 45 42 45 46 46 52 50 55 58 56 56 72 95 126 147 209 230 233 200 173 142 103 70 68 70 73 86 112 162 207 223 235 238 209 127 99 163 203 148 147 191 137 149 136 130 139 137 140 133 111 110 110 80 60 70 152 253 234 164 138 100
154 141 149 123 86 134 165 109 98 110 107 112 109 108 110 110 105 102 105 113 123 120 122 122 113 115 115 132 149 148 156 176 166 150 142 138 145 175 190 152 126 77 51 55 50 50 59 56 54 50 65 129 200 236 245 251 252 250 250 237 241 236 199 156 49 46 41 52 50 54 50 51 47 57 62 63 60 96 137 184 201 222 233 226 216 197 180 150 108 73 69 71 67 65 73 72 96 150 207 245 248 187 110 129 175 137 167 213 170 143 130 137 138 137 141 130 111 103 102 97 87 69 142 255 254 224 154 130
141 148 157 140 120 104 118 113 102 107 106 111 117 116 109 110 105 103 103 118 122 123 127 123 107 113 128 148 148 147 152 177 151 133 144 148 132 175 203 173 174 118 53 48 52 52 51 48 55 54 50 46 60 99 153 204 234 255 255 242 240 241 209 170 52 48 48 54 52 58 54 59 59 60 68 70 124 170 199 198 212 215 212 201 204 201 189 155 116 79 79 74 73 68 59 69 71 77 85 133 207 237 184 164 202 156 147 195 176 157 144 144 137 141 140 128 106 100 105 90 88 102 116 216 255 254 221 188
137 154 147 151 143 90 92 103 102 118 117 116 122 120 109 116 115 111 121 122 123 123 122 136 118 118 117 146 132 136 144 164 150 128 145 148 121 203 228 218 240 158 52 55 53 46 52 56 52 52 51 56 57 54 56 58 85 139 182 245 237 228 192 181 58 56 56 55 49 49 56 53 60 72 93 130 199 221 218 208 205 204 200 194 202 218 216 175 145 135 118 111 103 135 152 121 80 74 67 63 83 154 232 193 189 216 183 186 201 187 153 157 144 156 124 122 113 94 94 98 102 106 98 125 209 255 252 226
143 152 147 154 145 100 90 96 103 107 113 120 118 118 120 119 120 117 117 130 126 123 124 136 120 116 136 151 151 153 154 152 146 138 142 145 117 230 253 249 255 182 49 53 50 49 50 60 50 52 56 62 53 59 54 52 50 58 58 178 249 236 199 185 63 59 57 57 57 51 56 62 64 77 121 188 199 237 227 196 183 220 235 214 234 226 222 212 207 225 241 215 211 242 230 200 184 130 100 83 69 59 141 250 232 232 225 187 160 183 169 147 145 164 121 119 127 114 112 134 139 140 128 113 129 209 253 249
161 153 148 148 139 118 102 100 98 108 108 118 120 113 117 120 131 124 126 132 128 131 131 120 112 130 158 162 147 153 149 153 149 142 129 123 137 249 254 253 255 158 42 54 48 49 45 51 55 46 50 52 53 51 58 51 56 62 53 112 248 237 213 163 58 54 64 70 92 104 92 112 140 152 170 192 182 200 198 181 191 192 189 222 215 222 244 233 224 254 224 207 221 209 208 216 223 207 198 197 180 126 79 172 252 223 201 180 170 162 193 138 127 155 131 102 135 144 148 157 161 168 143 123 125 142 207 217
163 146 148 140 138 121 121 120 87 105 107 118 111 113 111 117 129 120 122 119 132 129 139 131 110 136 170 195 153 131 158 154 152 139 122 122 175 255 252 254 255 123 52 63 51 49 50 46 53 50 52 50 53 56 53 52 49 52 54 108 242 239 226 167 69 78 112 186 205 191 174 180 199 201 205 188 197 223 213 196 196 202 182 204 199 200 251 227 188 219 217 225 226 212 218 225 214 214 198 202 207 193 173 203 214 151 147 129 173 197 197 137 123 152 124 96 126 144 151 147 166 176 145 119 132 138 126 118
143 135 147 137 144 131 121 124 99 93 100 109 112 105 107 123 116 118 116 118 128 129 135 133 121 136 153 183 150 146 156 155 145 145 125 112 200 254 253 254 240 92 55 56 57 43 50 48 49 49 51 51 54 49 48 52 57 52 54 98 236 242 213 172 117 145 186 212 225 192 197 207 201 191 202 187 209 213 209 201 210 216 228 199 164 229 252 243 222 217 233 213 224 230 226 214 220 214 202 222 211 212 238 245 226 204 169 122 160 214 188 113 128 136 97 97 136 151 142 130 152 185 155 125 132 121 108 109
148 145 146 137 143 143 122 114 133 151 111 89 90 98 104 113 107 111 112 116 122 125 127 124 128 137 148 162 152 153 145 159 153 145 136 121 231 254 252 255 204 78 69 49 51 46 52 50 50 53 53 51 51 51 58 62 60 57 51 106 230 226 204 188 150 185 195 191 213 230 225 234 214 190 193 188 198 195 213 224 206 222 249 226 170 234 226 218 215 218 211 209 215 200 192 209 205 208 203 242 210 225 236 210 180 170 200 141 134 219 221 110 103 102 94 94 144 159 142 110 120 151 159 134 135 125 132 145
135 146 154 141 144 154 131 127 124 158 149 129 100 107 91 90 94 99 101 112 125 127 125 123 128 158 173 174 159 148 149 167 160 135 132 156 251 252 251 254 170 82 73 53 52 54 57 57 53 52 48 53 58 62 64 56 53 50 62 116 232 210 175 176 150 162 166 177 188 221 229 226 209 197 209 192 182 179 204 234 240 249 249 249 230 210 192 207 211 207 208 216 208 210 196 225 217 206 227 234 150 196 194 192 191 153 195 139 94 148 250 147 75 64 81 91 115 128 133 116 99 124 133 131 132 123 136 146
155 151 154 146 143 136 129 130 112 145 188 176 146 149 125 127 125 107 96 93 103 115 126 126 137 155 192 170 161 156 165 168 143 131 136 195 254 251 254 241 129 97 70 51 50 63 73 63 51 61 63 54 61 62 55 56 56 62 59 90 229 191 150 155 92 105 130 158 168 184 203 197 208 214 236 222 206 193 169 236 253 250 252 248 226 198 203 200 228 227 211 209 206 214 212 219 225 210 218 175 99 222 220 218 245 142 92 76 50 64 225 151 64 55 65 74 80 82 96 95 81 96 105 111 107 114 139 148
148 143 141 139 145 137 127 115 107 137 178 165 154 142 147 142 128 122 113 91 82 98 113 131 131 145 170 158 155 149 162 154 149 155 148 222 255 252 255 208 126 108 73 54 68 107 113 90 83 75 80 73 70 69 65 67 63 68 61 94 233 190 180 149 77 83 116 137 168 196 212 196 193 212 208 245 226 202 186 236 251 251 246 215 207 193 210 216 191 233 221 192 195 210 220 205 207 228 183 129 184 245 234 218 249 151 55 59 52 51 152 121 74 64 51 60 73 68 72 80 74 89 88 81 82 91 111 136
135 142 133 138 141 144 125 115 113 114 134 135 127 111 135 129 114 142 128 113 104 101 88 110 130 145 157 164 167 160 159 158 165 163 163 241 253 252 248 172 143 113 69 75 125 146 144 141 134 142 139 132 110 120 108 93 86 75 88 122 238 219 217 140 68 69 113 133 146 178 193 201 194 197 188 231 248 244 232 248 245 228 214 200 201 212 214 180 188 180 219 216 195 202 228 223 208 206 176 207 224 193 223 227 243 163 93 70 55 58 126 116 68 97 62 51 57 53 57 57 69 72 70 67 74 87 91 121
116 130 135 140 140 137 117 112 111 108 116 120 120 106 103 107 131 158 134 133 129 122 107 114 136 145 168 162 154 157 160 162 174 151 185 254 251 251 227 168 142 77 76 125 157 183 205 199 184 194 178 173 161 170 156 137 132 155 173 183 233 238 235 163 74 79 125 164 200 201 194 192 216 199 188 209 239 251 237 233 222 196 184 187 187 196 201 183 185 180 197 214 212 228 242 226 203 204 234 226 158 89 209 166 196 178 124 101 94 127 179 199 88 100 139 72 43 48 54 50 50 49 62 67 72 91 92 99
116 132 140 144 136 125 105 106 99 118 128 124 131 128 106 110 139 155 145 143 138 132 143 142 129 146 157 166 162 162 175 163 165 176 208 254 253 254 204 147 95 58 103 163 183 188 202 204 192 204 188 171 193 192 184 178 189 206 216 224 241 241 239 187 99 94 125 172 221 232 225 187 193 211 204 207 201 221 220 213 219 213 199 205 207 195 208 197 189 205 209 229 229 245 238 238 200 187 208 169 89 167 227 114 119 177 130 142 152 181 185 255 142 117 164 134 51 54 60 44 46 47 51 66 71 90 91 81
133 138 141 151 147 123 109 104 92 119 131 129 131 120 109 107 117 154 177 154 140 140 138 138 128 150 172 182 181 170 172 169 176 189 233 254 254 245 175 119 63 86 160 201 191 187 181 200 182 190 200 175 199 202 200 199 198 214 216 201 240 246 223 199 95 96 135 186 196 219 220 200 207 188 197 192 193 184 184 197 223 211 204 196 206 213 190 205 186 186 197 222 247 231 206 229 165 107 98 94 130 211 198 89 119 159 122 152 141 166 181 246 160 136 152 162 86 61 76 68 44 39 42 57 62 70 76 79
144 154 148 138 141 113 108 105 108 120 119 118 125 109 108 110 109 141 157 156 157 157 131 120 134 149 179 184 188 179 186 169 162 171 243 254 255 221 129 73 68 128 189 200 197 204 192 192 193 181 195 206 192 187 188 196 214 214 216 216 234 228 216 179 86 90 153 190 193 188 197 211 233 207 191 193 208 203 184 187 197 223 230 217 200 203 190 201 192 180 203 219 218 214 198 176 85 105 149 166 192 204 207 120 128 173 117 174 135 147 164 203 181 138 144 162 129 82 103 98 77 49 44 52 58 58 65 66
145 154 144 134 124 97 103 109 106 111 108 101 105 116 119 119 106 109 129 149 158 161 129 108 141 178 178 170 181 180 193 167 158 183 247 253 254 154 71 58 94 180 208 208 191 207 207 190 190 180 203 220 203 178 200 224 222 225 234 229 232 220 203 148 82 103 136 176 206 208 201 192 195 191 198 202 191 195 192 186 185 199 215 209 214 202 208 205 203 215 219 203 197 205 168 123 124 201 208 196 200 199 213 155 123 194 128 161 132 137 163 160 193 158 131 141 149 104 124 107 107 67 44 49 64 50 54 57
135 150 146 123 105 108 109 119 111 103 97 94 100 107 118 116 95 88 141 152 180 193 154 124 156 188 195 188 195 206 220 181 172 205 255 254 227 83 56 85 143 200 196 181 195 193 182 193 188 173 205 211 189 196 209 224 233 221 223 228 239 218 204 146 78 99 138 165 194 202 199 194 201 195 199 198 193 188 197 196 197 195 180 192 199 187 207 225 218 222 227 214 196 197 154 127 210 200 188 188 190 198 234 181 121 181 160 143 140 144 143 146 185 126 126 146 152 121 127 108 106 96 75 63 56 50 52 50
137 153 148 105 109 122 114 118 117 118 102 98 88 98 103 113 83 98 139 172 190 197 174 173 163 176 177 199 210 218 215 199 186 228 253 253 164 60 91 139 177 178 194 183 184 176 172 194 182 176 204 199 198 197 205 224 216 226 218 226 242 240 231 181 73 108 165 206 203 202 204 198 209 213 204 196 208 209 196 182 197 195 195 190 175 165 172 202 211 204 219 235 215 181 145 168 230 207 194 201 184 197 226 174 111 175 211 150 126 123 137 147 170 142 117 142 145 128 116 117 113 129 99 77 72 68 72 61
175 155 121 99 117 117 119 117 114 120 117 98 83 98 110 106 95 127 141 179 204 180 174 180 179 194 182 188 179 190 208 219 191 241 253 239 89 61 141 181 170 175 199 198 181 177 173 190 192 190 205 199 181 186 204 209 224 231 220 223 234 247 243 201 76 106 183 200 197 200 197 209 199 210 204 196 211 195 203 190 176 180 183 190 192 206 178 178 167 150 172 220 247 210 177 216 209 214 187 196 203 198 228 127 101 162 220 177 109 124 133 145 164 202 116 133 147 131 123 137 141 149 118 88 98 113 115 99
169 150 102 104 112 107 120 139 127 121 118 103 88 87 103 109 106 140 156 184 182 178 181 186 178 172 178 193 197 186 187 184 209 249 255 205 61 108 175 170 164 179 187 188 176 192 201 197 197 203 188 212 198 199 208 210 213 216 231 212 233 247 253 206 82 115 198 214 189 191 216 196 180 184 192 200 200 173 210 214 199 179 179 189 204 190 199 195 189 170 172 200 240 241 227 208 207 198 185 213 198 196 210 104 116 136 219 221 127 118 131 147 173 237 128 131 135 139 133 144 148 143 116 95 126 138 131 120
150 135 118 108 110 111 123 127 125 115 109 107 88 93 101 106 109 149 187 183 172 170 170 170 176 171 179 230 241 206 181 181 227 252 255 139 93 167 181 166 183 192 182 181 188 204 194 193 198 211 203 217 207 199 220 219 204 207 197 222 238 222 232 194 85 136 204 191 174 179 197 186 193 170 176 186 198 187 185 187 187 201 190 193 194 182 182 179 184 192 182 183 228 209 215 227 202 199 212 226 221 210 192 100 130 109 200 231 132 119 140 142 146 221 147 114 111 132 145 138 147 144 130 114 140 146 138 125
134 113 125 113 116 109 122 123 112 106 113 109 93 88 106 95 118 150 183 175 168 163 182 164 182 182 179 207 218 243 190 205 246 254 234 108 153 180 186 186 192 188 208 192 203 203 184 218 197 190 220 216 196 186 200 197 192 203 216 230 235 213 227 192 89 175 212 186 188 190 195 189 184 182 186 180 189 183 187 182 180 193 191 192 186 198 184 178 185 189 178 207 228 208 227 236 198 170 218 217 204 207 198 106 139 143 171 223 153 136 137 134 140 178 164 120 132 122 145 135 142 143 137 129 146 145 145 139
133 136 142 111 133 117 124 122 110 97 103 107 104 104 103 89 137 158 177 183 169 165 180 178 188 199 175 143 109 192 221 244 245 255 171 129 207 206 200 193 184 186 198 193 200 196 188 215 198 185 202 196 164 179 181 174 178 196 207 227 223 221 239 218 106 169 186 193 199 217 202 193 192 198 194 188 191 191 208 194 179 193 182 190 203 196 188 195 186 174 187 204 245 222 193 224 228 168 201 193 216 226 215 131 151 149 136 196 153 111 125 134 141 136 178 130 119 102 136 141 145 141 138 132 148 147 150 151
152 155 138 119 118 130 132 122 118 108 109 116 113 92 85 118 160 182 187 182 170 157 180 190 190 172 180 136 168 204 245 235 249 217 124 215 235 222 197 193 186 196 195 201 197 194 190 197 183 191 213 201 203 199 189 187 207 206 203 232 228 237 238 212 135 197 195 195 195 221 198 224 192 187 197 197 192 190 184 221 221 194 190 188 183 187 184 205 198 205 201 205 245 229 224 228 210 152 183 194 202 199 224 118 141 147 131 174 156 94 124 139 137 130 207 140 97 80 121 128 139 134 144 137 146 141 143 170
151 162 164 130 86 91 105 98 98 96 101 112 104 93 122 163 167 176 179 177 164 197 186 180 166 193 224 221 245 243 252 180 172 117 167 204 199 207 206 209 212 237 217 209 200 188 199 175 207 213 212 217 221 178 190 232 250 235 232 239 229 226 228 199 142 180 200 205 207 209 203 217 205 200 199 213 221 204 233 248 246 237 238 226 166 180 204 215 221 239 226 191 244 248 234 228 202 165 171 197 194 178 188 68 109 148 141 151 179 98 113 105 131 136 214 159 103 116 117 119 133 133 145 148 150 150 145 168
170 199 208 169 123 104 91 73 75 103 119 147 149 161 160 163 165 179 191 186 177 194 161 167 210 243 241 249 242 255 238 128 95 157 214 198 209 191 194 201 196 200 210 208 211 196 203 213 221 212 189 190 189 196 211 243 229 238 242 226 205 212 242 233 191 218 219 192 199 222 204 200 193 212 209 212 228 228 250 228 244 251 251 246 214 217 241 214 216 239 244 236 252 236 211 223 166 156 179 214 180 195 135 64 106 154 149 133 200 112 109 110 139 133 180 186 110 123 110 115 126 135 136 135 136 148 153 161
192 221 224 194 144 170 172 123 140 147 168 183 161 174 177 155 164 172 198 200 226 245 235 238 255 237 163 201 235 198 173 149 190 185 196 203 205 208 183 169 173 200 198 215 206 221 223 223 195 189 194 217 250 239 210 240 208 235 241 219 184 176 192 237 215 241 228 211 192 224 245 212 216 239 230 239 248 250 241 245 251 243 244 250 249 240 231 227 226 246 247 244 240 213 192 208 183 172 201 194 181 211 142 83 124 157 141 147 212 157 91 126 141 140 154 183 109 107 92 111 113 126 131 134 138 153 155 144
196 223 207 202 158 185 216 157 174 156 199 222 169 174 164 164 169 197 247 248 244 190 205 210 189 184 107 132 131 171 194 185 186 186 193 200 202 211 209 197 188 205 197 192 194 213 214 194 198 225 202 239 240 241 255 252 252 254 236 231 211 182 175 232 208 237 240 233 229 228 237 231 232 238 236 243 246 249 222 206 238 252 243 239 254 238 175 211 226 241 246 234 217 213 192 207 190 168 187 193 171 202 143 123 156 159 162 154 203 207 105 109 120 144 142 143 117 129 85 100 112 129 132 135 128 137 151 144
168 207 215 208 168 181 180 157 163 140 151 185 160 184 177 176 170 205 209 175 159 76 85 109 158 167 148 179 185 170 183 180 185 194 192 198 203 195 206 211 196 216 192 180 197 182 194 179 202 199 201 205 186 170 186 185 174 199 248 234 237 204 194 236 232 235 253 249 237 244 239 236 235 234 190 230 250 251 214 160 232 246 194 235 244 244 219 220 211 228 237 221 184 222 203 179 152 162 194 194 179 198 137 142 180 160 150 140 170 227 124 102 120 148 140 99 120 118 79 96 103 115 125 140 120 142 152 150
144 181 200 178 164 167 150 155 158 161 172 165 165 184 185 183 177 181 130 124 141 124 163 179 183 181 189 174 185 187 189 178 170 194 185 190 196 189 194 199 197 198 213 202 200 196 183 191 214 216 214 193 152 157 151 168 207 222 226 211 233 212 247 251 241 239 249 245 249 250 251 242 223 221 188 215 242 247 249 236 249 232 158 219 233 231 234 226 234 232 215 188 171 205 199 167 178 192 192 191 214 201 133 133 184 146 146 124 127 206 145 105 115 129 142 109 125 129 113 102 103 113 132 127 122 152 147 138
139 148 139 120 145 159 142 146 193 186 167 176 177 173 177 177 177 144 138 176 143 172 206 199 180 208 228 214 182 160 180 179 176 171 180 188 179 186 211 197 183 196 224 221 198 202 218 206 204 220 220 204 160 229 235 238 233 216 195 223 214 204 229 247 248 232 234 243 239 245 248 235 222 227 234 239 243 247 244 242 235 241 190 231 227 215 240 243 242 239 222 194 135 189 189 164 169 172 197 219 187 149 108 134 170 160 143 125 132 178 157 100 114 127 154 115 143 135 97 94 104 124 119 80 117 145 136 134
130 130 118 104 136 105 77 138 185 174 184 177 170 185 186 173 164 143 169 201 210 204 226 223 233 253 255 255 193 163 174 188 179 169 170 179 171 174 194 188 220 193 206 216 196 205 211 197 198 210 203 196 205 227 221 225 226 221 230 247 218 205 239 237 241 221 223 240 217 243 236 224 200 238 250 250 247 247 237 203 225 245 225 236 237 221 238 243 239 236 232 220 176 194 200 179 147 155 170 196 174 132 101 131 166 171 153 123 135 167 179 117 107 128 142 129 145 118 76 95 100 114 84 82 110 108 103 130
133 134 114 86 83 77 106 159 167 181 195 180 178 180 167 154 161 178 179 226 238 198 212 236 242 249 232 207 180 182 179 191 190 197 193 175 168 185 192 195 190 198 210 204 190 207 210 198 174 184 203 215 222 223 219 243 247 231 248 250 232 197 243 247 252 196 210 234 231 238 230 209 207 236 246 244 246 248 243 178 202 234 241 240 241 238 243 244 251 239 240 219 174 141 179 174 177 177 171 195 167 131 101 129 168 163 132 121 143 134 183 107 92 106 129 143 148 116 103 102 81 77 74 93 115 121 122 142
142 141 96 71 68 120 179 167 172 183 180 167 169 162 167 181 184 175 192 194 201 204 197 194 237 217 193 176 173 184 179 194 182 190 192 179 179 180 198 207 195 189 202 212 204 194 205 186 211 210 219 223 231 220 232 241 229 219 254 242 240 196 240 255 240 217 209 238 248 234 219 208 213 225 242 243 243 251 236 176 196 229 243 240 225 243 245 246 236 233 234 223 199 150 182 170 184 169 184 205 165 138 117 156 182 155 130 137 142 150 193 118 84 123 159 161 137 129 93 84 58 70 93 98 114 128 140 137
105 98 74 82 135 173 185 197 178 169 157 154 158 149 161 179 194 195 181 198 205 228 215 212 191 171 186 196 183 190 197 188 165 179 179 174 201 198 196 193 182 184 194 191 202 191 201 229 230 221 229 240 240 237 234 230 210 221 246 226 224 198 229 244 241 231 221 238 249 243 221 221 173 193 247 244 229 228 215 196 224 215 240 240 238 247 244 249 236 227 222 241 192 127 138 164 191 177 182 209 172 139 113 159 191 150 131 134 135 145 193 137 95 129 144 168 133 123 89 92 55 81 85 93 114 114 119 120
73 64 76 147 183 163 171 171 168 168 156 146 155 162 163 188 178 167 174 196 189 201 190 178 184 182 182 200 198 202 197 194 187 202 195 190 182 197 197 193 189 183 187 195 191 202 226 218 203 210 224 227 229 243 201 229 215 211 236 228 225 187 228 243 248 246 248 250 243 245 223 225 217 201 221 222 223 224 232 214 232 218 230 244 250 248 242 246 221 215 211 224 178 134 167 160 181 178 181 211 186 151 120 156 169 149 142 128 135 135 188 176 103 131 126 147 142 107 84 93 49 61 85 91 95 101 120 126
65 60 109 193 187 160 177 163 180 159 146 150 152 164 181 199 193 196 178 172 196 181 186 173 186 190 182 201 184 180 174 189 189 199 198 179 178 182 176 180 205 194 189 197 196 192 197 199 187 205 247 235 241 237 197 236 190 237 247 234 234 186 231 239 240 234 239 246 245 235 222 235 242 177 186 212 206 218 243 239 242 232 240 246 249 249 252 252 231 198 207 201 183 166 184 180 185 179 185 201 182 188 120 148 155 150 135 131 131 127 137 177 114 117 117 139 103 58 112 84 47 52 82 87 85 92 122 144
63 88 175 188 180 163 168 159 152 149 159 159 156 144 176 202 178 187 187 173 184 180 204 163 167 177 190 203 199 185 187 197 168 166 192 184 189 176 172 171 169 179 198 186 186 195 201 186 191 204 228 238 233 227 212 224 183 237 233 221 236 190 198 173 209 225 238 250 243 237 236 244 243 189 192 216 198 206 239 237 235 226 239 247 250 244 247 244 249 228 209 185 167 166 169 154 170 184 187 181 164 193 154 158 176 170 123 139 137 126 118 181 119 108 64 65 56 103 153 104 62 48 75 82 81 87 110 134
70 157 197 181 170 172 169 154 145 147 173 171 162 151 174 175 170 190 186 188 185 179 175 189 169 204 197 182 189 188 172 184 187 182 187 189 195 182 169 177 188 185 187 191 200 223 232 226 232 234 212 223 222 194 180 201 208 230 232 224 213 171 175 182 210 216 243 246 241 240 236 247 241 217 202 213 215 199 204 242 233 217 242 241 245 243 247 241 245 239 220 171 158 169 159 163 174 183 182 160 186 188 155 205 184 169 141 132 153 123 115 181 104 66 87 81 110 146 158 118 61 47 59 66 77 98 124 122
97 175 182 177 173 165 161 141 143 155 154 170 171 155 154 152 151 187 172 165 170 183 177 203 185 211 204 188 184 181 179 183 166 172 178 187 197 183 185 192 188 171 190 194 191 203 215 243 238 212 197 201 226 175 171 196 184 193 223 223 232 179 206 206 182 211 245 248 243 242 242 243 237 231 219 212 239 222 221 237 214 229 244 245 237 228 236 238 246 245 219 156 150 165 181 160 137 183 159 128 164 169 159 186 199 147 140 121 136 97 79 179 96 60 108 120 145 139 155 106 56 63 61 69 88 109 117 118
112 188 176 180 165 163 151 147 164 156 157 156 160 167 163 155 167 184 175 174 172 181 197 179 178 199 180 191 188 180 176 161 164 173 166 170 191 183 187 184 171 197 217 220 219 232 235 247 234 210 215 197 185 184 169 169 179 212 224 222 234 186 213 215 166 219 247 250 250 244 241 245 240 233 242 229 248 241 231 216 235 231 237 244 234 239 236 240 254 242 216 186 169 217 162 164 147 136 92 177 171 170 180 214 191 152 136 118 71 44 68 189 129 106 131 113 146 165 157 137 63 49 57 66 87 107 113 115
116 169 170 158 157 156 169 170 177 172 165 155 159 170 177 173 168 174 195 209 190 180 164 170 173 161 173 174 170 167 169 165 178 167 170 179 172 166 180 173 170 202 198 237 247 245 245 243 242 221 227 200 169 201 185 138 197 216 222 217 229 169 235 231 199 225 236 246 252 249 247 242 239 245 241 236 246 243 225 214 246 243 244 234 236 245 245 231 249 250 217 185 189 205 178 190 183 155 134 142 142 163 156 165 166 139 78 62 49 68 89 183 145 125 119 130 157 158 155 147 79 46 60 73 101 98 113 96
140 158 166 160 149 158 177 173 182 173 177 180 177 179 168 174 197 228 207 198 211 190 171 179 171 165 174 172 182 176 168 166 161 165 176 193 174 180 183 192 189 194 164 219 244 230 245 243 230 207 234 205 186 199 180 165 202 216 209 194 223 172 237 237 225 226 230 241 245 249 244 239 227 224 235 245 250 249 241 226 236 247 245 244 242 234 237 237 249 247 217 196 199 193 173 187 190 201 156 125 135 163 138 138 160 115 70 96 68 114 103 171 161 115 110 133 145 152 148 136 84 49 53 77 95 103 103 81
153 162 159 154 173 166 160 178 215 211 202 190 201 181 187 180 190 213 228 231 220 212 202 207 173 155 163 168 185 187 166 149 167 179 176 185 181 198 217 213 219 217 201 216 240 232 242 225 222 211 220 219 196 202 178 185 216 230 209 195 205 180 228 231 221 229 237 236 240 240 247 241 243 235 235 247 248 245 242 244 244 240 244 239 245 240 236 247 251 233 215 197 174 170 151 182 170 173 175 167 152 164 147 164 140 75 103 81 96 119 117 146 129 121 114 128 145 165 165 145 102 43 51 64 91 105 97 91
160 163 158 166 176 187 198 229 220 223 225 225 214 204 236 225 177 193 200 208 229 251 251 248 176 147 164 176 196 193 171 176 183 183 197 191 198 217 207 202 212 222 215 225 221 227 223 190 188 216 215 202 210 207 194 195 212 209 205 209 217 167 207 212 213 233 229 239 233 239 246 241 242 244 242 242 241 245 246 243 241 241 238 242 238 223 228 245 246 227 229 188 164 165 146 148 164 164 188 202 151 149 151 147 120 81 99 67 126 132 120 128 119 121 121 143 141 150 151 149 95 49 52 66 89 93 102 105
147 148 161 179 211 226 231 238 213 204 210 212 214 216 249 250 214 187 215 219 230 245 248 241 187 159 182 182 175 177 194 193 186 187 227 242 239 204 187 185 192 219 200 220 225 225 228 217 205 210 186 175 212 230 211 206 208 193 205 201 185 144 203 201 206 234 211 236 241 239 244 239 241 245 244 243 241 238 244 247 246 248 247 249 248 232 230 243 229 222 221 192 163 155 140 142 156 164 174 171 156 161 158 142 149 85 91 105 149 127 121 132 127 120 129 131 130 149 141 145 91 54 55 61 73 96 121 115
173 177 172 214 203 220 208 222 209 195 216 217 242 251 252 248 253 250 245 250 249 251 247 247 239 213 202 213 195 192 215 233 212 210 224 213 223 204 182 206 204 196 202 220 227 237 241 224 218 180 170 169 203 224 208 210 209 199 210 203 171 112 168 192 206 214 229 238 243 242 247 239 242 241 235 243 244 235 237 246 245 242 245 243 247 241 220 237 216 217 227 190 152 134 136 166 161 165 148 138 141 164 152 155 144 86 113 131 129 130 126 151 141 126 119 124 130 159 150 128 89 73 65 60 78 95 104 102
168 179 227 207 204 210 218 220 209 177 206 219 237 249 252 251 251 252 252 251 252 253 250 248 247 252 248 241 228 233 244 247 242 206 197 220 222 210 183 175 193 187 197 211 208 220 233 234 245 178 166 188 196 224 219 194 204 206 200 200 184 130 168 223 233 208 223 225 233 249 251 249 245 240 219 229 225 229 238 237 241 245 248 242 240 239 233 229 218 226 195 174 135 113 179 167 162 171 162 166 150 156 140 139 134 100 102 126 124 135 131 173 141 127 125 124 129 143 130 136 76 73 82 59 73 87 98 97
189 229 231 203 201 212 220 212 189 186 208 216 252 249 251 252 251 252 252 250 250 251 249 252 253 251 250 251 246 236 215 215 223 197 196 200 194 156 162 177 201 192 198 199 202 203 227 244 225 193 196 199 201 216 222 209 200 215 207 185 183 144 207 236 216 221 242 236 232 252 248 245 248 226 214 193 215 227 233 235 243 246 241 242 245 246 240 211 213 201 160 147 100 141 177 175 154 164 166 189 163 190 146 137 149 89 111 141 144 132 153 177 170 131 141 141 127 136 143 143 104 89 93 68 75 87 98 96
233 223 216 211 212 215 228 215 183 202 210 235 252 251 251 251 252 251 250 252 250 252 252 250 252 249 251 248 249 232 212 228 181 157 189 191 169 156 160 182 213 180 182 198 210 221 231 245 226 208 213 210 209 212 215 217 224 215 209 199 195 166 184 196 213 206 232 237 235 250 244 241 225 243 216 189 218 230 227 230 232 240 239 235 245 253 233 193 210 177 165 92 106 159 153 170 163 185 169 149 154 162 161 138 141 87 106 157 148 134 154 174 173 139 147 150 143 139 141 150 108 96 101 77 71 80 91 93
215 200 184 208 204 205 225 219 199 203 208 236 240 246 237 250 249 249 251 250 252 251 253 252 252 250 251 251 234 207 210 202 187 172 182 163 155 163 177 175 165 176 185 177 182 203 241 244 231 224 225 227 239 226 215 216 200 198 203 207 215 183 188 175 175 203 242 229 230 231 225 240 236 234 236 230 201 200 220 240 224 212 198 221 246 245 217 198 193 160 112 81 147 169 184 173 173 179 147 134 139 176 161 146 127 74 111 159 145 141 152 162 184 153 144 141 133 147 149 156 106 115 96 81 79 107 131 123
203 179 196 223 215 199 207 201 216 191 230 225 229 248 245 248 247 248 252 254 254 250 251 251 251 252 253 247 228 221 210 174 166 181 164 164 168 144 200 169 140 178 196 197 218 208 223 229 238 232 194 225 239 240 240 214 195 215 195 213 215 150 175 190 186 176 188 190 246 246 242 244 245 218 214 233 194 195 218 210 203 196 214 205 205 224 211 193 151 84 60 134 173 172 189 175 180 176 148 146 155 187 171 147 121 74 91 156 140 145 146 163 198 175 141 134 131 153 151 150 127 126 109 98 103 140 172 174
200 185 201 209 207 206 195 189 193 176 209 225 241 251 245 247 246 239 234 223 219 233 249 242 245 248 238 233 198 212 204 177 160 171 175 222 215 156 175 185 181 178 212 199 190 191 218 219 227 216 196 216 248 240 230 239 199 221 210 226 195 163 179 182 213 191 175 216 247 248 245 237 239 213 196 198 199 209 215 182 203 216 236 210 165 170 179 144 72 75 138 184 173 183 190 182 206 177 167 172 169 210 180 142 138 72 112 156 146 145 146 155 186 178 134 129 151 137 150 140 137 126 115 122 126 147 173 187
204 211 225 219 198 184 199 209 210 197 215 219 249 254 251 243 219 230 228 218 165 197 240 245 224 239 228 220 215 230 208 179 163 164 223 239 237 191 185 219 186 165 175 160 189 195 212 218 199 200 197 229 248 244 225 229 229 225 206 177 110 208 220 203 223 239 242 235 235 234 238 241 237 224 203 196 167 213 230 202 185 199 197 168 189 187 159 71 78 127 174 194 173 191 191 183 187 169 168 179 181 193 173 148 137 85 134 163 151 142 147 162 189 174 127 133 138 130 132 130 120 118 128 137 116 149 162 134
