111 113 102 90 80 57 76 79 107 112 74 61 106 94 70 56 73 78 71 63 65 54 91 107 76 74 105 131 115 79 86 120 73 68 87 76 102 132 113 149 126 143 161 145 132 126 145 158 137 184 178 170 105 96 114 172 192 158 140 108 163 144 156 159 131 125 166 160 158 153 115 88 121 177 188 183 174 165 159 147 154 126 110 130 150 164 167 157 161 139 124 163 150 179 186 209 221 159 185 152 157 171 139 108 127 134 139 212 232 244 248 246 181 128 131 169 188 219 194 191 184 101 98 134 144 121 106 100
86 106 86 102 94 82 113 125 103 108 75 48 58 95 101 61 63 74 65 63 67 58 61 104 79 69 78 122 131 104 78 91 110 73 93 99 110 138 159 121 158 198 174 147 147 160 163 161 140 183 166 174 113 110 139 171 190 176 153 74 99 112 159 150 134 124 160 193 218 153 116 104 159 206 204 203 180 162 163 174 153 106 103 87 111 132 134 168 179 148 117 135 114 121 123 153 226 175 161 153 128 132 143 119 102 100 135 186 211 225 247 250 227 159 131 166 180 186 178 176 209 164 125 132 122 116 109 124
101 97 74 88 79 74 107 172 156 117 93 65 56 91 120 84 65 66 68 62 61 65 62 60 63 67 66 104 109 119 102 103 125 122 114 122 152 167 167 142 126 127 114 111 120 131 164 156 158 210 197 217 146 120 147 165 202 227 164 64 77 98 146 161 136 143 151 121 105 95 138 164 206 213 208 212 200 199 197 203 210 139 100 80 102 136 150 159 141 134 115 125 156 136 116 134 192 172 165 171 111 93 134 122 102 92 120 155 177 190 232 252 236 189 142 167 180 155 152 153 174 202 194 179 134 131 113 121
99 95 100 78 73 87 55 120 188 145 110 99 100 142 167 108 94 87 85 90 80 72 68 72 59 55 57 71 118 130 65 66 93 92 101 123 106 98 145 108 130 116 107 113 120 106 160 142 169 227 221 250 182 136 149 161 196 246 174 68 82 125 140 153 137 144 146 153 116 97 149 203 210 214 214 221 218 205 195 200 223 188 107 84 108 160 185 158 146 137 121 119 155 174 139 154 174 166 151 158 164 147 161 142 125 101 101 123 149 159 184 248 243 201 151 164 160 146 143 155 180 186 211 212 180 150 98 83
80 108 94 97 99 142 149 139 180 146 140 110 98 103 156 121 91 104 103 109 84 69 66 84 94 88 64 57 114 154 70 66 72 80 82 94 91 101 142 88 140 128 120 131 116 110 156 126 171 230 234 251 174 116 144 159 201 226 145 85 85 107 127 151 141 120 153 199 155 116 159 188 178 170 170 176 175 170 170 190 192 195 135 116 128 163 182 122 159 155 124 114 139 146 145 147 141 157 138 165 189 173 198 177 125 111 104 110 146 164 164 205 234 192 157 166 181 177 167 165 183 181 198 198 167 152 120 83
101 108 106 100 127 104 105 107 125 153 142 91 102 108 148 135 76 83 102 94 66 66 68 65 70 94 105 88 86 152 81 88 67 67 104 89 89 104 149 81 119 105 160 109 118 132 159 131 177 215 234 205 133 86 115 150 217 190 136 121 121 106 131 150 150 120 147 173 151 150 215 231 210 187 198 213 210 209 206 209 214 225 189 127 142 166 185 129 151 173 144 119 119 123 156 147 118 166 153 125 192 139 183 217 120 92 112 156 203 207 199 182 162 150 163 167 197 207 189 160 195 210 216 173 108 116 128 133
130 99 96 96 104 115 109 105 95 127 139 117 92 101 154 142 109 79 90 123 87 82 85 74 66 65 90 101 67 128 110 107 58 72 102 72 87 95 151 102 116 99 172 105 113 137 146 135 184 230 214 130 125 108 130 143 174 134 130 113 126 136 148 134 155 139 132 135 138 178 240 245 233 234 242 239 243 240 234 228 225 232 229 139 97 149 179 156 129 139 199 179 115 137 139 148 129 188 183 126 165 159 175 222 162 77 145 208 225 213 209 179 133 152 177 190 207 200 176 171 224 215 217 147 76 119 142 158
140 116 79 105 94 101 112 87 100 92 101 122 146 140 151 150 147 110 93 90 104 93 83 101 121 113 83 73 69 111 122 77 61 91 84 105 95 105 140 111 139 125 112 102 99 138 140 145 180 219 177 106 103 125 167 172 168 130 151 123 106 155 162 132 138 157 106 103 113 170 233 242 235 236 240 241 246 244 241 233 227 237 243 193 103 153 156 185 117 104 172 203 120 139 142 137 111 152 170 147 148 173 187 201 193 100 154 214 217 203 149 148 167 192 186 189 218 190 151 134 168 179 208 164 168 165 136 169
121 124 82 100 103 91 103 122 105 108 72 115 137 161 172 163 115 115 127 112 101 109 120 126 150 157 106 71 76 84 112 58 63 113 114 89 87 102 142 129 148 128 113 108 103 127 139 161 167 156 141 125 88 124 151 193 167 142 113 151 133 115 154 133 111 147 122 104 101 152 212 243 246 239 238 241 240 244 244 236 223 241 251 224 137 172 134 167 114 79 103 128 111 122 157 157 130 139 166 197 149 180 194 194 207 128 127 196 211 178 107 131 188 190 179 167 182 162 186 199 152 119 155 177 236 218 179 186
114 135 117 103 107 99 99 114 116 102 91 109 101 114 120 143 168 153 113 93 81 94 97 116 92 95 77 65 84 75 96 81 98 116 78 78 125 117 150 145 113 126 116 107 101 106 129 166 167 175 158 139 122 141 153 179 102 171 124 188 172 127 137 131 113 125 196 148 104 138 203 215 236 237 234 245 247 244 246 240 223 243 250 224 149 162 143 205 179 111 115 121 122 117 147 174 155 144 195 227 180 176 190 179 198 165 109 144 153 120 113 133 170 174 171 167 179 173 217 240 228 203 184 195 230 240 232 223
129 108 126 134 96 91 113 82 97 102 92 82 95 71 90 78 110 138 152 118 91 107 95 108 115 103 66 68 89 86 98 143 138 123 88 109 134 183 183 157 115 125 89 126 111 92 130 147 152 155 125 80 107 145 154 168 69 136 188 224 191 158 133 123 138 140 196 190 163 153 238 238 228 217 223 233 242 242 241 241 239 242 250 216 152 162 154 205 233 177 176 184 187 164 148 177 162 139 193 210 202 195 164 175 184 140 106 100 124 115 127 122 153 166 163 168 179 182 214 222 225 245 244 238 235 234 230 222
114 130 113 130 135 90 97 85 79 105 103 92 100 104 94 100 106 100 141 187 164 117 120 102 140 92 68 71 103 110 95 128 121 100 99 151 192 178 153 139 122 142 95 111 114 95 138 150 124 103 95 78 128 141 117 159 146 133 204 193 181 125 123 122 124 146 184 186 182 168 233 247 246 242 236 233 217 227 229 228 236 237 240 211 172 180 150 168 216 210 225 215 201 195 183 199 154 135 144 164 182 211 153 147 146 111 106 120 145 130 123 138 125 120 123 137 161 143 200 223 223 235 236 242 239 243 243 183
92 97 88 108 131 150 100 81 84 88 113 86 86 119 111 129 105 74 116 135 145 164 167 165 118 90 61 89 100 110 111 121 104 116 141 181 165 137 123 154 207 169 117 107 110 115 155 150 117 94 83 96 138 121 143 189 179 149 167 194 216 192 138 131 106 135 171 180 181 172 230 245 245 249 244 246 248 240 233 235 233 228 223 183 152 165 141 94 129 168 219 230 190 152 156 193 178 169 132 133 149 197 159 130 125 106 121 149 146 119 103 134 112 98 123 151 174 136 156 199 239 236 241 241 236 246 239 166
118 100 84 105 124 149 151 90 90 96 113 104 99 110 103 133 131 69 77 85 89 104 138 145 138 103 82 99 85 125 111 124 123 160 162 111 99 120 129 140 120 100 116 132 89 109 173 158 118 101 96 102 130 128 163 188 165 136 161 200 215 183 145 169 117 120 156 177 181 157 210 247 244 244 246 247 244 241 247 247 245 233 202 171 168 115 78 69 116 151 165 209 238 200 178 171 209 228 162 147 153 191 175 156 150 149 139 135 126 122 132 160 117 104 129 151 187 159 145 185 240 229 240 238 229 205 180 149
145 127 98 105 119 140 140 156 134 141 137 127 109 104 102 148 163 79 71 94 103 105 129 117 149 157 126 111 89 108 113 114 107 119 152 108 73 103 131 124 94 95 122 129 104 116 127 107 102 129 92 76 96 143 163 167 139 151 180 184 163 183 181 225 143 110 142 165 185 145 178 239 240 242 246 241 245 242 240 243 248 249 209 190 154 90 73 68 123 141 146 152 184 188 195 205 236 249 186 180 216 172 179 162 129 149 163 142 121 118 127 163 131 107 123 140 168 178 139 159 233 244 244 233 210 133 97 107
95 105 84 83 137 115 99 99 139 137 110 105 130 137 116 151 159 119 102 114 120 154 162 144 118 165 187 143 114 116 128 141 83 54 135 155 134 112 99 88 125 116 109 147 135 116 103 93 94 117 82 59 94 156 168 160 154 186 176 188 176 211 214 223 195 140 124 134 172 129 123 223 238 234 239 244 248 249 250 247 237 200 167 192 144 156 118 88 143 140 133 138 141 140 155 213 249 250 200 152 213 164 164 150 136 118 140 138 141 152 148 159 132 105 114 138 159 182 136 128 189 215 197 162 178 116 116 95
79 105 88 109 110 90 82 87 99 129 135 81 84 119 75 135 140 153 128 115 117 124 133 106 76 110 119 117 122 87 131 144 106 58 106 144 113 147 98 108 136 165 163 166 132 106 111 92 103 112 104 75 127 154 160 140 164 203 176 219 197 201 222 214 208 207 183 158 153 97 87 209 243 241 244 248 247 247 238 222 180 157 142 166 143 201 145 100 136 148 147 165 199 189 130 176 237 244 231 165 182 181 215 182 148 156 150 131 128 136 157 153 182 154 105 124 160 183 162 102 103 110 101 93 143 110 166 155
88 102 112 151 104 85 80 94 117 99 122 139 85 109 97 104 146 139 182 161 135 116 102 107 109 96 96 139 134 80 92 119 127 118 107 157 139 133 122 129 151 172 207 122 114 87 107 102 110 102 128 114 123 126 160 153 157 194 178 214 206 199 209 210 214 208 188 200 167 125 78 179 240 234 247 243 236 225 204 165 174 148 150 174 125 154 125 123 146 138 164 212 245 249 186 176 229 248 238 187 183 195 248 225 135 168 195 163 135 144 140 122 146 206 158 125 136 182 178 152 91 93 81 84 139 114 180 202
78 86 86 131 74 88 75 115 107 84 84 130 172 136 125 123 136 108 156 182 153 134 128 104 114 121 167 146 133 114 93 114 124 144 138 137 142 141 88 134 164 159 121 84 144 136 106 95 81 120 139 129 85 107 165 147 147 173 165 184 205 182 208 196 194 196 185 182 178 162 92 144 220 238 238 224 223 214 173 192 169 94 161 212 171 127 95 138 173 129 146 196 245 245 204 190 225 247 219 173 181 212 254 237 148 154 189 179 154 153 137 116 142 172 167 132 143 187 198 191 144 160 88 119 166 132 158 158
70 83 80 102 75 89 101 106 87 79 94 160 106 138 134 115 131 92 66 160 138 145 145 127 138 153 193 175 163 142 114 102 147 151 132 124 121 158 148 126 130 139 94 108 125 153 108 89 91 107 112 130 82 137 169 161 162 151 161 167 201 207 209 195 197 192 181 178 177 190 140 103 158 224 218 208 216 179 201 208 133 94 171 192 172 144 124 137 169 169 143 160 232 255 198 195 233 234 149 182 169 193 255 249 149 140 141 160 186 175 179 145 181 133 154 162 164 199 222 195 150 202 147 142 206 155 139 152
79 75 74 100 80 94 108 103 97 64 146 122 43 67 103 130 135 96 57 87 166 153 142 104 147 115 99 101 158 161 132 111 150 140 154 152 127 132 171 154 117 111 102 92 114 128 126 97 110 94 86 134 155 156 168 174 163 154 171 178 169 173 204 195 177 183 189 179 172 185 195 143 127 182 215 207 186 175 188 193 197 152 200 164 154 164 185 169 178 185 162 111 131 204 191 169 246 199 85 135 139 170 250 251 192 106 157 164 189 210 211 176 169 127 150 168 181 223 222 204 204 224 222 168 198 136 134 140
101 85 73 85 87 112 104 91 76 89 158 65 57 75 67 95 126 126 94 107 129 146 114 144 135 121 119 125 144 126 104 91 93 125 150 146 147 127 108 146 134 99 111 140 133 117 132 98 113 105 101 143 177 168 167 168 168 155 162 165 156 167 182 188 154 172 182 195 175 186 180 195 179 164 145 148 155 175 137 201 202 163 207 167 154 164 190 183 188 213 209 130 91 137 164 145 215 159 87 91 120 136 204 240 171 122 198 225 192 183 206 161 123 122 144 146 157 218 229 226 181 204 227 221 195 113 127 142
95 102 93 97 116 105 103 96 80 154 114 85 87 89 72 117 118 126 151 141 82 136 159 140 159 160 141 162 126 138 140 74 67 122 135 131 138 123 88 114 150 160 105 127 138 140 140 103 93 106 142 154 168 180 167 177 173 158 157 167 155 180 208 191 184 191 193 167 156 164 162 177 193 182 126 127 166 193 157 185 179 176 204 168 151 153 167 165 176 198 200 198 135 135 187 157 194 189 200 129 107 109 149 194 178 183 187 201 164 155 163 121 132 125 117 127 131 189 228 238 187 207 196 239 239 148 111 152
78 79 99 122 104 94 104 101 152 156 94 92 86 63 84 145 84 105 135 145 134 140 166 168 104 96 128 127 88 120 159 74 88 108 141 161 143 100 110 116 115 167 158 122 143 130 133 118 92 108 125 143 135 157 158 185 191 165 162 178 144 156 201 218 200 209 210 175 139 154 159 169 189 193 196 141 173 193 164 176 187 210 212 194 158 106 121 132 151 195 182 214 126 145 212 171 196 210 230 192 114 109 124 149 180 174 182 170 140 148 120 125 138 124 103 109 122 133 211 247 236 215 212 226 236 216 141 119
87 68 84 145 127 137 118 107 158 118 89 80 62 63 139 135 89 90 128 109 144 149 143 180 80 104 126 114 115 117 142 119 106 106 142 152 133 116 123 127 110 125 149 152 156 151 143 140 101 105 134 141 115 132 153 182 168 159 173 173 154 171 181 204 202 185 196 194 149 161 174 160 171 182 204 142 130 167 175 181 193 207 198 187 173 95 78 126 137 153 193 206 125 147 216 181 186 215 222 179 122 125 108 147 151 131 160 149 133 143 103 118 133 98 97 95 110 107 166 237 233 211 188 200 210 225 213 114
79 74 130 120 137 143 132 171 110 91 88 75 67 72 134 117 78 98 123 107 125 141 112 163 161 124 85 116 129 127 110 104 94 137 128 114 126 127 130 124 121 142 159 156 148 153 149 144 141 119 130 144 132 141 152 186 192 177 175 183 177 195 191 189 184 178 187 198 178 160 161 152 153 176 195 198 146 164 172 157 148 169 185 166 167 108 85 117 110 163 231 216 175 141 183 205 181 220 205 159 134 129 106 149 132 135 161 139 145 145 99 97 118 112 104 92 100 96 137 218 231 202 197 200 197 215 225 124
98 117 116 91 124 140 170 150 109 110 82 67 82 80 110 117 98 122 132 129 84 91 68 102 178 141 87 110 127 118 143 115 119 139 130 123 109 127 129 114 142 166 162 153 145 153 150 137 144 148 148 154 129 149 156 170 199 198 183 203 199 171 192 214 196 179 188 162 183 166 151 145 137 160 188 225 219 149 147 112 92 148 160 139 108 114 126 123 125 200 236 233 216 211 203 212 163 153 157 140 135 162 170 172 132 109 147 148 140 131 109 97 99 115 109 95 99 109 97 142 199 222 226 217 183 204 146 109
132 110 91 66 111 177 121 107 128 119 91 93 78 78 73 96 129 126 102 119 105 74 81 121 110 160 118 99 81 132 173 144 127 125 123 136 121 115 135 138 175 167 154 140 145 161 152 152 153 168 169 167 118 127 160 165 168 186 200 206 208 153 179 208 189 171 173 166 165 162 125 136 143 155 182 191 220 168 158 168 99 131 121 173 128 141 175 145 164 199 225 230 210 226 231 175 120 128 171 156 150 180 194 201 159 112 123 140 148 128 139 141 108 104 111 101 95 111 108 106 157 208 235 215 172 154 86 100
123 102 83 80 144 142 68 80 124 132 116 85 65 53 60 105 134 91 75 119 148 75 109 117 71 149 156 99 85 136 113 145 126 117 107 118 153 108 138 162 179 152 157 151 158 156 163 153 149 182 179 178 109 62 131 150 163 172 187 211 216 169 169 178 156 141 140 172 163 166 153 146 129 154 162 169 182 229 218 230 168 136 129 202 158 152 184 178 194 211 234 235 227 219 237 148 121 150 160 132 158 189 200 189 147 116 115 125 141 131 150 140 116 98 105 97 87 91 117 111 120 171 182 150 119 103 109 99
87 98 97 134 150 97 74 105 118 124 126 79 47 50 87 138 130 72 81 129 174 102 90 95 103 128 133 151 167 136 121 151 127 97 109 116 146 137 162 173 177 156 159 149 152 158 160 154 146 182 176 164 125 71 68 98 117 157 175 210 204 163 145 127 102 94 101 134 123 145 144 106 98 142 151 160 158 211 198 181 189 181 153 174 158 180 181 193 221 217 214 220 228 221 242 203 154 164 133 103 152 192 201 180 141 117 101 127 133 137 143 133 122 107 102 92 77 67 105 121 122 134 124 97 62 83 117 106
87 117 162 158 120 106 95 132 134 115 121 109 68 90 125 143 129 70 114 148 163 64 106 93 151 84 69 163 170 121 152 132 136 93 120 124 151 195 212 187 166 154 170 173 172 165 152 151 151 166 178 128 129 123 63 66 78 108 143 180 192 147 112 116 112 93 80 78 84 85 99 125 137 125 144 153 165 164 175 179 191 164 153 182 169 158 166 211 216 215 187 217 221 228 239 237 192 144 113 95 153 181 177 177 175 151 125 114 119 118 135 165 182 128 102 89 60 73 81 108 107 119 81 76 74 105 107 94
106 148 162 127 120 127 98 131 100 113 92 96 99 107 156 146 114 103 151 152 137 95 116 140 138 93 91 170 128 128 164 140 142 111 132 121 156 197 194 174 160 173 179 180 166 169 157 164 155 162 176 106 90 112 77 91 88 84 71 120 133 76 61 77 85 81 72 68 89 103 126 131 154 140 115 146 151 152 164 165 186 146 138 191 158 119 162 191 195 172 157 196 206 235 243 245 236 170 167 157 161 190 196 169 178 176 181 104 116 126 141 189 252 206 121 121 107 83 74 76 81 76 70 83 93 133 100 80
132 152 133 142 137 132 108 126 71 98 115 122 89 140 164 131 107 139 154 150 141 125 131 115 145 106 153 136 121 156 178 136 129 116 150 169 165 187 186 174 166 166 158 177 174 154 159 181 174 185 148 106 113 106 87 89 105 72 76 129 107 73 64 95 190 144 117 117 111 95 73 100 127 152 160 136 145 165 158 140 134 145 125 128 125 120 142 162 146 127 128 154 171 203 241 247 245 231 195 217 203 207 208 182 162 185 179 130 111 119 122 183 250 253 176 120 161 121 90 88 79 73 79 91 101 139 127 149
145 152 134 145 141 130 107 131 85 99 83 148 113 154 126 138 104 143 121 131 138 117 136 84 157 144 163 124 153 146 138 115 111 116 157 166 164 183 193 174 148 159 155 180 174 176 168 186 183 168 105 101 128 119 126 98 84 62 95 132 106 98 110 202 237 213 219 198 106 67 79 146 158 125 145 155 150 143 144 102 101 136 104 113 107 97 128 107 140 136 121 122 162 183 208 239 238 246 211 195 223 232 199 180 154 160 156 153 124 115 104 172 250 253 241 138 137 139 155 133 93 89 110 148 124 122 150 195
139 137 127 141 143 98 70 145 103 123 85 136 123 106 107 117 110 141 111 161 137 71 113 86 174 166 122 125 181 113 153 110 103 134 154 158 147 170 180 157 139 153 143 163 165 153 152 176 159 138 105 96 130 132 132 115 61 86 117 144 108 115 172 225 214 209 218 236 240 127 123 177 188 171 124 111 121 120 115 90 109 140 155 118 77 101 149 90 131 145 143 132 147 167 181 192 198 215 212 178 200 237 192 145 127 129 157 152 141 148 105 180 254 250 254 197 132 181 221 246 118 91 161 189 166 130 147 185
161 150 138 150 163 165 134 145 110 125 76 123 121 84 76 73 146 153 113 195 99 68 96 104 201 157 102 167 141 104 164 138 94 135 145 171 155 186 194 154 123 120 117 132 141 119 150 152 145 136 107 89 123 146 115 129 149 113 112 153 107 114 213 229 210 205 202 228 255 202 125 134 139 134 130 108 87 93 82 75 93 118 150 151 102 115 170 108 114 134 134 145 152 168 172 132 119 155 163 199 217 235 193 109 114 135 158 133 123 119 86 183 252 248 249 242 196 223 245 234 117 130 163 155 154 144 163 187
133 163 167 149 175 191 162 129 113 133 107 127 129 123 100 98 150 121 133 182 96 88 119 175 196 94 109 168 97 106 147 138 105 138 132 153 151 163 157 134 132 132 135 148 150 140 131 134 137 92 76 116 239 237 167 136 130 90 142 159 99 121 203 210 202 206 223 238 225 180 153 150 164 151 209 220 185 137 93 73 80 95 114 209 224 108 134 121 87 126 145 149 149 160 165 153 92 93 107 176 210 222 178 132 193 137 158 122 99 70 81 194 253 248 244 198 167 193 199 146 127 156 171 176 167 167 145 147
146 158 147 155 177 177 167 134 125 154 122 112 143 154 143 126 144 104 138 142 103 114 169 197 149 77 122 111 111 108 138 124 107 132 123 143 133 122 117 148 170 157 125 161 142 139 108 137 138 120 101 165 243 237 239 164 120 75 92 119 84 90 172 203 190 182 190 198 172 178 193 188 183 170 238 238 231 239 217 155 132 172 196 207 190 177 173 155 77 111 138 143 160 152 137 148 99 104 106 152 193 192 179 199 234 144 174 138 119 112 107 190 255 247 240 154 146 161 138 149 138 148 173 182 185 209 168 136
157 164 157 167 178 206 183 169 121 128 102 91 141 155 155 137 124 122 156 149 100 121 195 140 146 94 112 85 96 117 151 142 131 115 103 130 153 136 134 142 142 151 127 141 127 85 112 180 209 164 147 174 245 223 163 129 134 109 84 152 117 97 128 168 191 204 179 133 153 245 223 162 141 177 201 175 148 221 241 236 185 159 194 178 146 132 209 247 232 179 140 159 160 152 144 121 129 148 118 124 182 202 187 217 237 146 208 170 153 123 112 176 237 251 220 133 145 152 146 150 129 111 157 188 171 178 183 125
176 163 167 169 187 169 175 161 127 151 122 99 132 152 137 119 111 139 158 156 145 179 176 80 168 100 94 88 85 70 137 128 139 128 78 106 122 123 136 151 142 126 119 116 87 64 122 152 208 141 147 202 242 235 125 100 147 135 133 216 217 145 143 212 227 227 226 167 162 181 172 200 183 182 180 186 216 241 237 244 203 167 173 171 191 168 200 241 249 210 148 151 140 141 146 175 238 238 210 155 189 178 175 219 227 125 137 150 164 117 105 185 221 220 168 121 145 171 155 160 122 100 149 179 167 159 136 116
186 181 186 182 185 162 192 159 130 149 121 96 116 137 115 109 107 123 169 192 143 206 95 87 138 95 93 105 118 103 129 94 107 139 96 98 88 92 93 126 138 220 183 184 190 102 134 140 201 146 155 210 233 233 154 135 172 170 164 185 168 153 196 192 186 232 238 168 138 137 160 216 246 197 165 164 212 246 245 242 240 180 169 215 202 171 184 232 241 225 159 144 137 142 147 179 229 240 194 122 121 152 180 200 218 98 80 131 159 115 121 174 184 176 123 117 153 170 169 174 136 111 148 159 149 155 116 131
177 196 194 184 185 165 191 168 131 152 109 107 104 116 93 105 99 118 161 157 199 119 72 115 94 82 142 192 197 195 164 97 116 105 90 114 83 85 83 92 177 211 202 247 246 155 158 151 202 182 114 190 200 228 155 155 147 173 232 218 130 145 187 140 131 212 237 217 203 167 160 190 208 160 173 167 155 203 245 240 243 190 157 214 208 155 187 228 239 235 163 135 143 138 144 184 230 233 157 145 149 151 171 191 189 85 67 122 139 114 127 152 157 133 132 119 167 180 166 157 167 158 161 162 139 136 83 121
185 187 181 183 178 167 199 180 161 164 114 110 118 126 91 90 63 101 90 201 178 72 104 112 102 123 203 189 187 194 202 145 129 96 88 141 137 133 108 109 161 202 222 233 223 172 147 160 177 141 73 148 209 227 229 178 122 157 205 161 138 166 179 156 194 235 235 240 232 173 164 184 194 164 161 176 169 167 226 233 224 159 144 191 206 164 169 197 236 229 143 125 134 133 135 164 221 226 187 169 167 159 162 171 170 130 118 145 141 124 127 125 131 89 138 152 171 188 162 150 163 169 168 170 149 84 76 99
185 179 193 193 177 186 196 187 167 168 122 101 117 123 141 165 145 152 115 216 102 89 118 109 110 166 203 196 197 189 209 202 144 122 124 136 149 104 80 108 128 186 158 198 211 152 128 129 127 148 124 134 196 238 212 118 157 124 125 199 241 176 162 167 218 242 232 232 235 191 162 192 234 183 131 174 156 130 205 235 196 119 132 193 233 152 137 212 232 225 193 139 126 119 125 174 222 218 161 148 155 149 151 157 189 228 207 144 121 114 123 111 126 97 101 127 146 184 159 162 169 170 169 184 170 84 68 70
183 184 192 187 172 190 208 180 162 138 113 119 176 191 200 169 161 202 194 168 113 119 112 116 104 169 201 202 203 193 206 212 155 114 70 93 136 122 72 95 112 117 118 155 178 98 100 130 176 174 125 182 244 238 215 160 184 169 148 220 221 150 168 172 192 217 239 241 239 177 140 154 231 179 109 166 195 149 216 229 221 136 118 203 225 143 127 208 206 183 192 151 115 110 106 182 211 197 141 142 136 138 147 164 205 226 226 178 128 89 88 111 113 117 98 92 102 133 167 171 164 162 179 173 171 154 87 77
175 194 183 163 193 202 189 184 162 137 134 141 131 139 135 92 128 172 169 158 140 132 123 109 82 150 189 192 207 193 208 225 163 110 90 98 119 141 90 95 111 111 115 129 105 109 167 170 204 156 133 155 215 225 237 243 236 153 141 156 207 200 160 163 147 164 233 238 235 181 149 130 145 152 127 161 228 229 227 227 221 145 113 176 184 106 120 171 189 173 172 121 85 94 98 177 201 169 116 134 131 132 135 180 208 224 212 186 163 128 110 98 116 116 95 89 87 105 126 153 170 146 130 146 153 134 101 98
160 176 172 157 200 200 152 174 178 150 127 103 63 81 121 117 156 149 163 164 141 132 134 135 85 113 180 197 200 201 210 227 165 104 92 82 126 125 84 102 116 134 121 88 95 147 223 224 179 165 182 131 198 239 242 246 208 167 137 177 250 233 150 128 113 142 235 217 211 190 128 168 182 153 133 136 215 229 236 225 157 126 127 122 111 117 151 148 183 156 150 82 76 87 102 166 172 139 96 115 119 132 135 210 232 228 172 148 165 163 148 124 114 87 93 96 83 101 100 108 135 131 119 102 133 159 158 112
143 171 177 192 185 187 142 147 188 157 178 188 127 60 111 126 120 147 166 152 146 140 130 135 127 113 132 176 189 197 201 216 169 103 90 86 85 95 110 112 139 167 147 112 154 129 134 133 194 174 127 174 208 230 241 243 230 214 149 158 221 199 122 118 157 212 238 172 129 138 131 173 245 233 167 119 185 230 227 227 223 141 146 126 111 134 131 136 140 143 96 71 74 67 112 171 170 125 88 103 113 131 145 214 217 213 143 149 145 156 164 154 140 104 150 134 87 91 91 99 114 122 132 110 154 171 198 190
145 173 176 182 137 135 114 151 177 161 177 181 172 139 85 160 129 160 154 151 142 139 116 132 131 137 137 174 173 184 186 183 129 111 88 95 89 87 106 128 142 152 144 142 166 181 171 184 247 192 128 150 171 170 226 241 240 237 159 122 125 123 149 137 183 246 237 186 137 123 125 140 219 236 149 168 134 177 227 233 235 176 141 152 134 129 125 131 132 129 71 78 65 56 108 160 165 119 88 106 111 116 165 211 210 182 137 131 144 152 154 168 172 140 172 163 114 69 85 102 97 101 112 135 171 166 153 178
115 102 124 164 143 138 137 153 172 176 179 185 187 193 141 153 136 157 144 143 149 118 110 136 137 123 127 139 143 181 178 148 101 106 95 103 74 85 103 140 168 181 193 216 231 139 133 177 247 177 130 190 201 166 183 236 239 221 126 141 163 166 177 130 146 234 237 233 222 170 132 145 137 144 137 179 117 130 186 234 231 150 142 161 122 123 120 132 126 110 82 67 54 55 94 134 147 105 97 112 118 121 184 193 213 172 124 137 132 137 140 194 231 170 154 155 147 54 71 121 81 81 107 152 179 150 132 128
80 48 60 139 142 132 141 164 169 174 171 181 184 193 162 125 117 108 166 146 147 130 126 125 134 127 134 139 105 132 170 103 100 98 147 174 162 117 92 165 219 228 238 238 240 156 118 183 241 200 130 125 190 181 134 199 242 234 135 118 198 249 209 119 125 191 236 221 229 200 121 114 143 124 156 160 126 122 136 230 213 118 133 168 113 98 110 117 118 127 139 125 66 65 79 78 97 84 74 110 97 124 173 186 201 150 115 121 124 132 150 228 238 224 195 163 149 144 168 183 82 100 113 135 161 144 116 76
91 83 121 161 141 126 144 175 178 183 187 174 173 198 158 92 128 77 156 162 130 136 119 108 121 127 138 141 82 56 110 178 147 106 145 174 220 139 95 205 198 183 232 239 212 135 163 237 238 226 132 151 169 194 121 160 244 244 163 108 191 245 233 144 151 122 217 228 232 210 121 120 201 204 136 210 150 112 128 218 194 135 115 151 86 81 91 94 109 132 157 153 79 62 58 48 65 91 76 66 67 102 166 171 166 139 114 118 120 109 149 233 238 237 238 180 167 194 202 202 145 110 115 118 115 97 101 77
142 150 136 168 170 137 130 165 164 210 205 161 172 203 131 87 150 116 110 144 130 131 129 109 102 129 135 144 81 63 89 107 163 150 112 151 172 131 146 153 142 147 157 161 150 132 129 211 245 219 137 151 188 196 167 204 242 244 206 117 148 231 223 128 117 110 166 230 229 208 123 121 196 216 140 229 218 114 113 197 188 158 99 98 58 57 70 76 101 114 137 105 81 84 81 72 59 107 114 86 62 85 147 162 144 88 134 113 103 114 145 223 232 239 188 145 189 185 175 211 168 143 119 86 146 167 153 99
147 142 150 179 152 153 134 165 172 208 217 195 195 197 110 91 135 139 106 136 142 132 136 133 130 125 120 133 128 79 79 105 115 146 161 168 214 178 168 191 153 177 140 166 230 173 122 142 185 139 123 144 179 182 219 245 239 236 223 129 114 168 159 134 163 130 114 225 224 221 134 116 200 220 141 210 188 106 121 189 169 162 96 71 51 50 74 88 107 124 123 95 82 117 123 119 70 109 109 101 61 53 91 123 146 86 91 109 110 103 152 212 217 215 134 128 171 200 189 198 157 112 122 128 179 211 137 98
146 142 168 176 123 175 159 177 163 188 202 206 169 142 107 91 126 152 145 115 140 127 143 132 117 124 126 119 136 119 127 153 142 133 152 222 255 193 176 240 168 167 145 216 249 231 137 121 137 115 123 205 218 140 148 207 234 230 229 147 114 114 108 168 216 192 118 190 225 225 142 118 212 183 104 200 178 100 115 160 157 151 92 67 51 81 94 117 121 107 126 153 151 123 111 126 95 80 96 103 64 80 70 96 114 85 65 95 113 107 139 189 200 181 116 136 155 164 197 190 107 105 149 162 186 197 97 170
155 154 157 159 109 159 177 145 164 198 200 196 168 137 93 90 123 151 143 108 131 133 136 139 111 128 137 124 130 135 189 205 212 186 119 144 181 153 178 239 211 164 128 218 238 239 209 163 159 196 160 202 239 212 118 139 223 228 236 156 115 140 159 118 156 141 131 181 220 216 216 142 178 173 133 183 179 142 115 139 151 139 74 45 80 119 120 104 118 104 112 142 136 65 122 162 100 58 64 80 149 167 120 85 102 100 68 77 81 85 151 181 192 147 121 118 124 128 166 178 100 131 172 164 199 175 101 207
145 160 146 148 126 142 183 140 168 193 192 208 169 119 60 104 115 138 153 118 105 141 144 141 121 129 140 156 159 192 235 243 198 173 152 137 145 182 166 168 161 138 147 235 238 222 170 179 110 203 230 191 233 191 122 118 175 230 224 137 134 213 226 131 120 159 131 167 223 220 176 126 147 157 178 127 159 145 131 145 136 114 76 80 129 124 105 98 116 135 94 111 137 106 138 146 166 98 126 117 175 168 125 95 93 101 76 85 74 76 141 176 169 143 117 121 117 151 167 167 127 153 175 162 205 193 181 193
137 137 138 143 133 137 181 154 148 197 191 201 155 91 124 119 133 123 150 112 84 119 135 133 127 159 220 239 190 198 236 233 136 134 229 232 226 255 202 143 128 179 236 231 220 136 127 157 124 213 245 190 171 154 114 118 149 230 229 172 125 224 225 204 199 211 124 157 219 209 160 112 110 189 172 129 116 118 130 126 91 72 101 123 147 125 73 108 141 137 94 80 141 132 105 134 177 122 154 150 145 116 116 133 94 122 91 109 113 99 106 127 148 125 122 117 127 154 157 162 133 159 166 178 196 160 232 174
122 130 127 127 141 168 160 174 165 203 169 162 121 114 169 172 181 145 146 125 97 90 119 126 163 221 225 247 222 218 235 224 213 191 182 234 137 187 180 175 136 216 229 228 215 148 121 183 126 153 235 202 119 182 168 122 134 225 218 197 108 154 174 202 211 181 124 161 210 204 187 124 111 177 170 174 114 85 101 105 113 107 106 133 124 99 82 89 88 104 109 102 123 108 118 162 157 131 138 150 138 150 159 170 144 146 116 129 146 126 99 101 117 106 95 92 101 113 139 172 188 169 162 186 163 168 210 193
146 128 142 125 134 179 135 164 171 197 199 175 98 95 136 145 127 98 140 138 80 126 179 141 196 225 223 245 241 229 235 232 239 241 162 212 168 108 145 182 192 222 229 220 221 211 204 217 135 111 184 176 143 207 228 141 116 207 223 204 125 116 111 129 186 158 133 172 209 193 202 124 107 134 122 135 75 61 99 144 121 92 83 97 94 84 83 93 92 100 95 114 183 159 152 156 134 140 165 149 141 175 178 166 143 91 125 106 164 186 168 142 113 79 112 121 95 75 111 155 169 197 172 140 152 179 201 138
157 149 142 143 163 170 137 155 182 177 175 154 94 85 111 105 83 84 112 103 112 160 175 186 223 236 234 235 191 222 227 225 238 242 204 158 167 117 146 127 175 213 212 223 221 220 238 230 184 121 146 182 155 165 211 123 128 214 213 216 156 116 183 169 152 189 152 191 210 170 171 142 89 110 109 95 62 109 150 153 115 74 81 86 141 144 102 91 110 102 123 145 197 187 127 113 93 103 119 156 99 153 178 157 141 113 106 67 130 200 177 106 80 73 95 122 92 86 138 145 132 140 143 94 151 175 203 150
136 146 143 144 180 150 135 143 168 180 164 130 123 154 189 179 167 155 132 111 136 161 153 221 221 164 206 239 232 237 224 173 222 235 231 165 119 140 189 160 114 174 181 222 219 210 221 235 215 140 146 173 113 121 168 114 107 176 195 208 143 139 201 183 167 183 165 177 176 155 144 118 117 140 146 131 76 113 153 165 94 108 111 139 123 157 100 100 96 103 110 131 167 178 115 132 106 108 132 153 79 129 167 155 144 129 107 76 92 105 107 72 72 89 70 81 93 102 112 123 126 116 118 73 183 144 172 204
153 132 140 154 179 133 152 156 166 149 131 133 156 177 179 189 188 184 160 157 143 124 157 232 214 175 207 221 238 245 245 220 228 231 236 165 184 175 150 186 95 113 132 125 166 198 200 219 224 155 113 142 190 147 132 138 113 170 208 180 119 92 89 98 169 160 122 100 130 102 106 127 147 160 147 144 105 126 144 128 81 135 100 137 140 175 137 150 100 89 116 103 102 174 171 145 108 109 153 153 143 153 166 147 130 109 119 104 125 88 137 117 119 81 83 112 124 135 134 85 83 150 95 100 196 131 146 183
180 158 124 176 157 157 147 151 127 105 86 119 206 224 193 188 185 167 144 160 128 136 200 224 218 230 183 160 239 248 246 249 239 230 226 153 220 167 87 138 174 152 125 109 141 180 155 126 159 152 124 120 186 186 168 134 106 155 182 176 143 121 69 102 125 91 64 57 72 103 122 144 148 161 145 145 158 90 145 179 96 107 108 134 127 150 157 155 160 123 101 113 70 131 167 139 99 116 181 207 242 210 177 161 79 88 118 107 127 144 147 138 163 115 92 113 113 140 176 96 140 192 173 186 186 123 130 140
167 155 159 202 154 166 169 106 83 88 66 100 158 149 154 155 131 92 77 96 117 130 167 221 224 230 177 192 246 242 247 244 248 225 218 173 225 179 97 138 215 181 177 109 137 168 189 119 123 112 116 86 126 132 122 87 84 103 90 94 92 93 66 63 61 64 69 71 97 114 132 131 134 164 159 142 107 81 168 168 152 103 97 112 120 135 124 153 178 170 138 151 104 131 126 131 149 206 213 243 243 206 153 158 148 114 83 123 119 142 130 125 138 193 168 139 128 161 140 114 158 138 172 181 217 134 105 112
166 158 206 187 166 152 136 96 90 77 80 113 76 82 96 84 68 60 60 94 140 148 122 179 230 228 201 236 246 242 245 246 245 215 158 210 226 222 154 147 197 155 134 91 163 210 216 144 106 87 107 118 117 73 63 70 56 56 67 60 53 82 106 72 60 70 63 96 122 121 129 134 144 153 146 109 125 140 190 119 122 140 92 112 119 89 128 161 198 207 136 139 102 124 108 138 215 224 223 233 245 227 156 168 160 124 122 143 132 132 136 123 135 184 160 198 134 116 91 137 169 162 187 198 218 196 95 102
173 177 205 153 155 112 93 98 86 71 130 156 112 68 65 60 58 57 93 129 138 156 154 152 235 235 233 236 231 241 241 241 244 212 122 168 199 214 128 178 196 88 95 128 165 180 179 110 108 112 112 122 139 126 105 107 59 71 93 57 50 71 72 74 66 59 81 115 113 134 132 137 126 126 124 108 156 141 166 113 94 146 115 89 122 144 117 146 188 200 171 103 112 112 113 155 209 220 212 239 243 245 185 186 136 137 174 121 104 100 117 118 109 126 147 166 131 98 102 168 167 179 205 195 161 123 109 109
147 211 178 143 115 86 73 71 69 126 172 185 156 133 90 83 91 95 107 120 124 143 153 141 182 198 233 239 227 193 222 226 241 193 92 154 172 217 97 164 102 63 71 108 150 172 133 85 100 116 117 125 147 137 145 114 74 136 117 89 78 59 72 86 80 61 86 108 111 165 139 121 112 110 122 161 144 182 182 166 141 106 78 116 222 157 103 115 172 184 148 141 163 122 114 112 170 203 203 229 245 223 115 121 87 103 141 117 145 140 158 141 136 138 127 143 153 84 121 153 161 178 162 154 143 98 89 111
185 212 145 92 84 95 90 73 106 134 155 148 138 133 82 78 82 124 130 116 127 138 139 130 128 148 176 207 154 123 142 163 222 147 100 146 143 220 108 97 89 77 94 115 126 148 128 93 87 98 110 128 142 137 141 152 135 171 158 78 109 69 75 114 126 83 68 84 127 144 101 103 159 171 193 210 167 144 171 125 133 94 97 153 172 118 120 84 122 129 105 130 138 127 125 152 159 199 224 234 252 229 151 103 134 114 97 184 200 137 162 169 136 120 142 157 198 74 96 138 149 152 141 150 131 71 78 100
205 124 93 98 162 169 127 75 83 127 135 146 145 113 68 80 132 150 129 116 127 137 138 129 146 151 150 137 127 147 124 136 152 116 108 119 104 160 91 107 132 128 116 126 118 116 127 185 172 117 98 127 117 146 146 152 148 143 183 176 100 105 85 149 229 188 82 79 169 145 98 131 174 168 219 220 214 97 88 95 101 73 87 109 118 137 155 160 128 86 95 112 106 100 100 152 146 191 225 238 251 188 158 155 164 164 170 202 201 122 130 125 113 107 170 154 179 119 144 118 125 160 160 136 116 96 78 83
182 179 168 189 202 166 135 80 68 123 139 153 146 101 87 110 149 111 110 122 141 143 137 107 106 147 146 127 134 115 143 145 117 93 93 121 128 104 92 137 136 148 151 135 128 113 100 104 176 137 82 107 102 137 142 171 178 128 167 218 139 173 149 189 195 210 180 129 186 169 133 156 158 189 209 219 217 97 100 105 99 80 81 139 142 139 152 165 200 150 150 85 74 85 109 146 122 135 222 252 222 129 156 181 144 136 149 157 169 153 184 167 93 116 152 142 149 164 157 104 89 125 119 76 94 144 121 72
204 186 184 188 171 169 142 76 76 112 138 154 146 101 76 99 148 105 97 133 152 143 119 108 96 90 128 125 113 114 115 128 108 89 88 126 92 61 115 156 156 160 156 160 157 140 113 91 100 89 65 72 92 92 88 135 138 145 206 226 166 204 189 200 168 182 170 155 172 168 111 155 179 186 190 194 230 154 102 117 103 91 104 115 109 108 112 140 189 138 126 116 86 92 101 140 92 93 157 161 151 123 165 202 142 160 144 149 146 138 143 137 122 149 158 143 126 163 153 127 65 61 66 106 97 123 115 118
190 195 186 173 148 170 136 108 73 81 131 148 151 115 91 87 111 114 117 135 150 124 111 108 121 112 107 103 100 113 118 120 92 81 78 79 64 58 127 156 169 163 155 155 172 173 148 116 90 73 76 54 71 60 74 90 121 142 209 214 196 212 227 228 175 147 154 141 156 151 111 115 145 150 157 162 222 192 143 123 83 85 71 79 123 96 65 117 162 147 93 131 105 70 86 135 76 68 69 93 125 108 166 179 176 175 124 111 90 174 164 106 138 142 127 117 139 155 148 135 89 49 100 126 122 89 119 143
196 203 212 171 141 142 137 101 105 96 90 139 147 87 88 92 75 108 115 111 109 98 99 96 92 94 89 95 100 113 120 93 68 62 61 67 66 64 134 168 161 167 163 172 170 175 156 149 120 88 62 79 83 78 74 91 112 150 206 178 182 215 216 240 184 146 144 145 153 152 85 87 109 126 158 175 221 175 117 149 142 143 95 81 113 123 88 108 156 191 112 108 110 80 74 129 109 182 208 151 84 101 142 166 152 179 131 76 74 157 186 226 180 138 121 111 151 156 154 144 147 83 124 134 122 65 87 139
184 196 197 144 127 135 158 107 150 116 86 96 101 79 90 91 96 103 103 134 119 131 126 92 83 92 96 76 88 93 75 67 55 55 61 86 87 89 145 173 172 177 170 178 184 193 170 159 155 124 77 118 80 77 88 90 103 126 224 183 156 196 232 242 166 145 145 155 156 163 86 83 117 127 198 185 197 184 84 157 227 196 226 225 136 147 114 80 116 185 137 101 93 97 84 76 140 205 223 198 95 109 94 97 119 200 195 103 122 159 202 212 217 144 143 123 144 186 134 143 146 91 135 154 134 92 67 122
182 203 189 177 158 147 142 107 129 133 107 79 107 81 70 69 92 92 97 101 113 124 102 91 101 106 131 104 56 77 91 163 91 69 78 108 135 119 133 170 176 182 186 216 219 222 214 163 160 143 134 134 91 73 85 100 84 115 177 156 116 184 243 250 188 113 141 149 159 171 145 75 106 140 156 129 157 172 127 112 201 174 227 237 210 161 166 113 131 95 161 155 162 134 108 107 177 210 204 183 133 131 82 90 135 176 144 110 121 182 190 201 223 130 115 91 114 174 150 154 158 122 128 156 139 96 55 116
194 202 209 195 162 134 139 107 96 111 112 113 128 89 76 82 81 106 100 74 81 92 105 114 125 106 104 73 52 104 117 200 180 77 92 113 183 152 122 140 161 179 198 228 226 217 216 164 157 130 139 147 79 105 86 90 93 112 147 141 138 207 211 250 200 115 133 152 160 170 149 79 103 147 179 130 156 231 208 196 172 195 209 219 217 154 157 131 94 93 89 110 182 207 202 114 119 176 193 142 117 149 90 143 228 186 147 98 97 177 209 223 239 145 120 124 110 149 161 181 152 138 76 89 126 145 97 137
207 194 212 186 179 128 119 108 113 139 125 127 121 76 75 75 79 107 129 119 100 88 116 100 92 78 71 57 63 123 172 215 134 76 118 116 178 142 203 194 172 191 181 225 233 230 180 153 151 99 97 95 111 126 143 102 112 114 124 137 147 171 224 243 218 121 138 151 158 150 105 111 90 136 200 153 151 224 220 225 219 220 206 211 201 168 140 133 138 93 120 126 148 192 201 180 102 112 124 101 140 216 203 148 200 191 208 184 106 177 189 205 210 124 90 190 132 157 156 190 112 113 81 87 192 249 244 215
217 201 205 190 194 158 177 102 126 131 122 130 120 88 98 142 90 90 134 158 179 73 81 90 79 54 79 81 57 123 178 130 67 125 141 120 161 198 250 205 135 144 164 226 230 220 180 163 153 111 108 109 117 137 174 95 92 126 104 142 145 167 224 252 232 121 150 117 129 107 94 149 125 151 192 161 146 183 222 233 225 181 151 148 158 162 183 182 160 133 104 143 136 192 188 215 149 116 103 142 228 239 234 164 205 195 165 189 154 144 164 191 157 92 86 151 109 142 167 184 132 90 136 158 238 230 240 242
196 203 202 221 198 200 201 153 120 115 120 136 133 109 118 147 104 83 144 162 168 64 76 112 110 74 127 122 91 50 85 75 66 104 128 207 239 240 240 237 118 107 127 183 227 225 228 166 140 113 137 140 110 134 146 152 132 122 79 129 138 146 198 249 209 112 133 97 82 93 130 157 121 134 188 188 140 151 187 218 189 149 151 130 134 137 167 207 188 147 125 107 146 200 180 178 189 130 137 237 237 242 222 158 197 195 176 133 112 143 154 140 112 97 134 130 100 136 162 162 158 144 177 183 202 223 222 208
203 220 212 226 217 196 166 163 131 100 112 130 167 135 125 134 95 110 137 174 145 52 60 127 131 124 162 169 128 87 78 64 100 155 158 223 251 233 244 247 120 106 120 121 165 187 161 136 100 125 120 101 107 136 152 195 166 89 95 94 140 146 155 199 145 115 134 93 124 127 106 122 115 139 177 198 151 149 204 224 134 127 114 124 136 141 142 156 151 159 144 97 159 190 177 170 171 141 155 213 226 243 225 110 167 185 144 94 94 113 148 127 107 99 112 104 99 125 157 160 158 144 172 154 192 197 192 205
210 222 206 224 219 208 164 149 107 95 119 123 148 188 196 133 117 172 131 170 163 67 81 125 129 135 156 204 136 154 107 105 172 177 172 230 246 237 242 243 153 145 96 103 143 120 83 105 104 92 88 112 92 96 174 209 157 96 130 199 132 150 146 148 114 109 158 137 152 177 166 139 157 119 112 185 172 124 200 197 122 95 78 117 206 172 163 158 197 172 160 98 111 144 163 191 148 140 90 138 220 246 225 81 119 183 120 86 92 89 99 165 115 78 95 82 114 139 156 158 149 144 173 119 132 166 162 176
213 212 190 206 195 202 171 136 101 95 96 95 156 213 181 137 160 132 192 224 167 115 123 136 144 141 183 218 147 125 127 141 173 175 164 230 248 241 238 214 175 238 82 121 143 138 78 122 144 162 149 172 149 111 179 209 180 93 159 231 203 132 142 141 124 138 156 149 215 231 221 215 213 161 83 120 127 94 147 126 91 116 89 119 177 205 189 173 180 177 171 149 79 90 98 165 221 141 71 62 168 246 201 69 76 99 109 103 90 100 86 121 136 74 72 87 118 120 153 153 149 143 161 131 146 168 126 138
203 201 213 221 184 219 217 132 132 157 57 113 210 194 157 144 169 121 161 177 149 117 138 145 137 162 194 207 152 138 133 168 171 176 133 196 245 245 241 206 136 203 108 82 129 162 141 154 166 170 162 167 200 146 164 195 208 109 148 196 198 102 108 139 171 159 155 140 208 224 232 232 234 210 106 92 104 89 121 175 135 124 83 115 126 179 183 154 180 195 168 174 127 60 112 211 245 157 87 84 103 161 186 172 92 68 113 118 89 83 75 103 159 155 90 125 128 112 164 165 156 128 147 156 166 168 158 184
238 219 247 255 201 208 215 135 142 187 60 155 226 153 137 148 134 121 175 160 114 105 148 151 142 155 186 212 164 172 139 189 204 141 143 136 173 206 209 222 180 149 113 118 211 172 150 155 150 146 148 158 193 125 131 161 200 129 143 174 203 165 138 184 172 138 145 139 174 216 234 243 241 212 136 102 91 111 182 231 151 102 61 105 133 137 134 119 141 190 184 186 141 107 186 212 251 228 161 122 96 146 197 249 222 103 111 101 99 111 136 221 244 197 158 214 223 155 151 153 131 108 103 147 162 163 165 137
244 245 250 252 221 177 254 245 191 222 114 132 205 189 205 146 97 140 205 233 202 122 157 154 150 157 213 209 172 184 163 206 218 149 213 214 191 203 214 196 189 146 171 195 226 149 208 200 146 152 145 161 189 143 135 132 126 114 151 219 225 220 205 168 139 178 172 135 95 119 146 157 156 171 134 137 132 111 163 189 129 104 62 79 117 149 121 114 124 147 178 183 118 162 170 219 214 152 130 108 138 192 184 234 208 123 154 143 96 158 200 238 249 236 195 168 181 149 112 111 100 95 102 160 159 155 155 148
249 246 248 254 213 176 253 255 160 169 145 75 140 178 179 143 95 168 221 207 210 157 155 159 145 163 188 209 186 163 185 222 192 128 244 244 216 240 255 185 139 187 246 252 225 139 129 156 143 144 173 167 155 139 151 200 154 101 147 180 224 215 213 154 148 196 201 170 111 107 101 98 82 121 123 140 117 89 108 116 104 129 144 83 87 226 188 89 97 112 141 113 109 160 183 216 140 131 99 117 199 196 159 202 204 165 153 170 136 175 175 204 216 215 214 121 123 109 86 110 109 93 131 163 161 157 130 108
247 250 252 253 222 160 248 241 161 85 77 83 88 116 96 99 97 179 228 235 208 112 146 145 136 162 186 205 210 171 198 248 227 111 223 234 224 230 253 221 155 206 241 232 243 184 123 117 130 143 187 108 124 136 143 150 111 70 97 149 203 181 185 131 180 181 209 165 107 129 146 125 103 142 162 129 169 132 141 129 109 162 146 76 132 226 238 208 97 68 80 69 82 119 151 147 122 88 96 150 181 151 147 197 204 208 193 189 173 164 188 185 208 241 197 119 131 131 149 164 163 127 119 132 152 131 106 112
239 249 250 250 235 153 234 194 141 101 189 176 153 165 89 117 90 116 137 145 89 66 130 138 141 154 185 205 188 241 243 243 238 124 196 240 219 226 246 206 199 237 242 222 249 237 134 92 119 132 145 88 101 125 118 101 112 103 97 97 149 135 138 153 197 178 159 139 125 97 94 103 119 131 138 124 130 182 177 97 113 168 124 97 187 225 241 255 183 52 59 74 63 81 137 119 74 69 127 154 166 126 169 208 200 202 188 188 174 155 185 205 218 237 203 170 199 184 163 165 172 168 122 125 119 115 76 143
232 253 251 253 249 128 114 126 130 120 225 156 112 105 134 116 94 142 194 134 92 65 110 124 127 152 183 182 209 250 248 248 243 174 142 208 226 207 207 188 205 241 249 237 254 187 143 106 114 144 126 111 92 110 125 108 113 131 151 148 81 98 119 99 133 114 134 147 131 136 100 116 117 123 132 194 183 129 136 111 125 106 105 136 188 208 231 233 178 84 78 98 85 124 172 152 142 138 135 138 122 130 191 212 194 192 178 193 179 154 177 197 217 235 191 161 178 202 189 186 169 163 172 146 125 108 84 144
193 215 245 244 252 146 87 125 128 141 171 122 112 121 147 90 113 161 230 184 117 76 66 109 117 132 151 99 180 227 246 247 247 216 138 170 191 195 184 176 207 230 245 254 204 128 133 118 125 139 122 110 115 155 118 162 108 101 151 170 156 128 138 208 207 104 119 136 148 111 111 134 102 96 150 233 252 217 128 103 128 113 126 158 186 190 203 194 137 115 64 92 149 132 167 173 157 148 132 146 110 128 186 209 201 184 184 184 190 129 111 143 175 212 188 173 190 206 192 177 167 139 164 166 118 82 71 126
170 192 220 236 246 145 120 109 128 136 162 112 119 112 155 131 116 158 210 216 139 93 53 71 75 82 72 61 94 160 220 247 240 180 168 149 170 209 186 170 141 141 185 202 135 130 134 146 152 136 191 146 117 144 149 169 156 124 79 110 148 185 218 253 248 157 163 147 143 87 101 116 110 116 194 226 241 255 168 113 153 128 126 151 158 177 197 194 91 103 93 126 132 131 150 150 145 146 153 144 111 157 188 201 184 178 191 197 189 120 64 86 121 168 161 197 195 197 201 173 176 149 138 167 126 63 86 89
236 230 241 247 228 145 95 91 119 142 169 139 117 116 178 154 71 105 135 173 117 88 80 119 92 66 108 170 173 118 108 180 163 106 183 169 145 165 221 178 147 190 184 147 130 156 133 184 155 173 179 150 117 127 165 146 178 169 89 168 199 198 230 248 254 189 194 208 161 90 106 88 76 142 197 222 249 255 183 148 179 228 193 130 138 149 153 127 131 140 142 161 87 94 138 153 149 139 155 110 110 161 190 206 184 175 190 183 183 128 51 85 134 151 175 195 202 202 206 169 169 161 119 135 150 100 127 99
245 225 242 236 166 162 185 146 135 166 165 124 79 146 188 109 124 116 106 90 72 151 157 123 119 101 162 193 242 223 197 104 155 217 133 142 185 217 208 199 207 243 240 197 158 140 161 166 140 218 135 105 105 124 158 118 160 133 116 191 205 181 231 224 205 220 231 227 217 168 136 101 78 142 178 228 245 246 228 191 187 222 237 175 114 121 136 130 146 172 137 102 120 133 104 131 147 145 124 80 109 166 192 194 181 182 172 167 185 141 71 100 161 181 179 193 206 212 209 178 170 164 146 126 141 111 137 139
237 214 206 199 223 254 255 201 140 165 150 177 148 113 168 100 164 195 168 129 94 165 155 128 118 67 102 132 177 219 214 126 150 226 129 141 171 171 157 186 225 246 239 244 202 135 171 159 190 174 173 160 142 166 199 152 101 88 156 221 181 179 206 179 160 219 240 241 246 251 224 195 145 129 195 236 244 251 245 226 211 224 233 162 88 103 145 164 152 156 150 97 169 164 86 99 131 141 116 102 121 170 192 202 188 173 167 182 184 146 94 99 149 172 176 175 185 202 198 193 197 170 149 130 155 116 112 130
172 152 149 198 246 246 249 174 140 141 149 210 237 137 134 167 124 149 199 164 103 173 151 113 106 71 63 75 110 201 229 179 161 110 129 134 114 121 164 186 223 250 244 244 247 162 176 182 207 170 164 132 138 187 194 157 95 72 150 204 189 154 177 170 162 190 163 170 185 204 224 246 183 144 224 238 246 248 243 216 216 228 240 157 104 136 139 145 157 151 137 86 137 191 138 82 90 122 93 103 120 177 193 193 176 169 171 162 171 153 109 90 130 124 133 151 172 174 205 208 200 192 191 148 142 137 107 115
180 166 199 218 215 156 130 103 148 131 148 192 234 236 183 212 121 90 180 180 118 135 170 196 230 211 86 71 132 183 190 203 231 163 117 119 122 128 155 152 214 252 239 210 221 216 200 173 188 180 171 148 193 208 215 162 105 64 133 208 172 124 142 152 166 166 151 159 161 151 145 197 146 113 189 236 240 249 232 210 225 188 147 116 124 131 121 108 155 163 137 91 134 179 164 92 102 189 116 54 117 177 188 170 171 172 180 156 167 139 133 81 91 99 113 119 145 200 215 202 180 205 193 191 136 140 113 117
201 176 175 230 174 98 150 149 177 138 178 248 248 244 197 209 147 98 139 165 123 89 124 234 235 216 102 61 146 151 126 224 195 141 142 118 120 152 170 173 206 245 242 206 207 222 190 173 179 201 209 231 239 215 186 160 97 94 78 153 152 114 123 148 201 180 162 149 144 158 147 154 145 89 132 207 220 220 239 195 210 155 126 105 102 129 115 103 160 170 136 119 114 117 118 117 127 189 144 86 134 173 195 164 166 175 180 178 161 113 122 91 90 150 164 144 143 210 216 192 179 206 188 198 148 137 123 125
165 132 151 131 86 138 180 143 125 157 241 251 253 249 213 188 134 169 139 167 171 107 65 118 128 103 100 84 121 130 132 186 126 103 162 114 121 143 188 175 213 241 243 240 240 214 157 179 195 232 235 228 216 204 170 154 111 113 142 100 83 81 112 147 163 158 148 165 169 160 144 118 126 83 91 178 193 196 196 170 205 135 99 97 107 109 129 136 148 132 117 107 111 119 111 121 150 175 133 117 142 165 183 171 162 170 166 178 145 63 64 77 140 203 192 159 150 203 222 213 203 200 199 210 171 95 85 126
133 69 68 72 100 131 171 118 79 218 227 223 252 246 210 146 145 212 184 188 190 197 156 84 74 77 128 85 75 108 134 104 111 144 147 132 115 121 186 173 221 220 249 212 236 194 159 186 193 200 196 201 200 201 174 154 97 112 119 100 70 76 100 173 173 161 156 169 167 150 158 191 186 149 98 181 161 127 139 128 187 138 87 76 112 108 162 160 111 79 122 102 126 120 131 129 174 177 143 124 148 169 177 175 161 152 143 152 125 61 57 57 158 176 163 127 135 188 223 211 194 203 199 210 205 134 57 130
229 133 91 100 109 130 171 110 136 242 199 198 250 242 195 124 156 196 192 151 193 200 195 186 86 121 117 87 95 101 140 101 114 116 128 117 81 103 166 184 198 230 253 232 237 189 175 184 175 183 188 201 198 178 178 144 134 209 120 125 102 66 108 179 160 162 151 153 150 134 196 227 222 223 152 142 85 53 124 93 150 125 65 73 95 111 133 158 107 128 134 89 107 152 157 147 179 168 144 108 133 166 167 152 143 139 141 145 109 66 101 68 145 152 124 114 133 188 212 181 181 194 180 191 201 161 82 138
253 204 82 102 122 136 136 96 163 236 202 224 255 212 123 117 172 214 215 126 173 210 199 231 143 111 109 108 152 112 149 151 153 98 115 110 127 122 152 167 177 198 213 233 242 180 128 160 160 184 203 189 182 181 170 117 196 253 226 111 89 101 144 184 131 146 162 154 110 168 204 211 233 220 209 147 94 56 72 61 110 106 68 84 95 100 124 131 99 183 207 127 142 142 117 132 156 140 108 82 97 132 137 127 128 134 134 134 98 73 118 82 103 112 92 116 136 174 199 191 192 176 168 184 199 168 97 139
255 192 82 96 120 130 127 108 170 220 212 235 243 139 130 108 173 238 203 93 124 153 182 213 149 75 110 114 155 160 162 161 160 134 153 139 159 153 143 155 223 221 165 230 244 179 111 135 182 190 217 186 173 177 120 120 225 250 254 195 83 120 144 194 168 132 112 84 114 182 209 218 243 192 161 181 105 75 63 85 86 96 92 92 104 69 97 104 97 123 135 159 207 193 163 110 91 118 98 82 72 81 101 112 155 191 177 127 78 78 117 104 97 82 110 134 134 157 183 192 181 169 162 183 192 181 111 131
253 131 70 107 135 115 136 208 211 218 234 242 186 123 131 105 172 237 168 66 112 129 184 172 77 65 104 116 174 163 165 170 158 147 126 131 157 149 170 165 184 195 192 219 242 177 118 72 144 163 152 150 168 139 84 133 231 243 244 219 158 107 121 189 240 161 122 125 151 199 228 211 230 232 164 183 99 90 93 90 79 133 196 173 204 182 83 106 164 140 151 186 224 186 137 128 115 118 116 137 132 72 72 156 222 238 236 181 148 103 113 100 87 92 97 137 150 165 181 176 175 164 169 170 159 167 147 143
209 88 75 109 123 132 163 224 224 222 231 182 167 210 168 117 179 230 137 79 113 132 167 130 54 71 127 162 122 150 183 202 180 149 142 115 140 109 144 163 162 164 201 198 223 173 157 107 77 126 138 129 114 130 120 140 240 237 242 195 193 107 101 137 233 153 152 161 162 210 222 219 221 246 190 170 85 86 81 95 90 194 255 254 250 255 137 118 162 157 218 234 225 208 222 129 112 128 132 166 163 124 119 202 200 193 196 192 217 144 91 79 73 93 78 148 143 163 188 174 169 155 143 138 162 146 138 134
123 87 74 109 110 142 134 173 226 234 183 174 198 239 134 109 183 211 114 85 106 109 124 82 76 86 174 194 130 143 179 216 222 204 172 131 113 108 122 162 138 150 134 142 138 171 138 140 144 138 128 92 99 118 99 177 247 241 238 190 167 151 111 75 160 156 195 173 171 201 222 221 230 229 175 129 77 97 91 97 99 170 242 249 249 235 113 108 132 181 248 248 242 229 211 131 114 123 99 161 157 125 152 207 200 175 179 185 221 176 111 123 143 137 105 154 136 166 203 164 155 168 145 142 161 143 127 113
78 102 112 119 102 127 151 170 183 139 148 172 219 233 133 120 179 205 104 145 191 176 134 144 116 129 198 200 139 112 148 180 210 213 222 170 130 153 175 143 112 199 150 135 150 168 174 165 144 150 128 107 92 78 87 205 247 251 252 228 167 158 127 59 99 126 163 166 162 192 226 204 242 214 175 96 87 129 108 77 90 83 154 210 225 154 103 120 130 212 244 254 227 155 143 121 114 102 84 111 122 105 172 180 185 169 171 174 213 166 131 150 166 172 149 142 135 169 215 166 163 172 165 158 142 157 125 130
127 110 99 115 102 122 158 177 169 62 128 162 163 224 126 115 173 178 122 193 209 224 141 173 179 173 194 234 192 81 124 155 176 192 197 218 144 145 183 151 156 188 163 170 155 148 170 151 120 138 125 125 109 99 141 219 249 244 249 246 190 142 107 68 79 100 129 148 142 174 212 191 226 215 190 102 105 180 161 96 107 125 129 141 134 87 90 107 135 205 236 251 216 132 117 108 131 125 131 85 72 110 186 169 174 162 163 162 184 141 144 145 152 159 167 129 145 180 187 169 179 167 158 152 139 160 128 159
170 84 72 112 111 135 150 190 167 52 119 163 224 210 107 88 156 109 134 197 220 166 102 184 236 229 209 226 172 86 97 129 141 145 138 113 96 147 198 165 167 165 157 155 153 145 145 140 105 131 127 127 77 100 223 242 245 239 249 252 216 148 100 89 91 105 135 148 156 166 196 197 224 232 203 110 112 141 169 147 169 172 170 171 166 113 101 145 130 184 199 177 180 132 120 156 159 173 186 106 65 130 170 161 151 149 163 156 167 131 148 147 145 147 146 123 150 157 144 147 152 141 139 142 137 133 127 172
219 96 95 107 118 141 151 176 147 153 205 213 210 192 121 132 93 137 136 159 148 95 118 201 193 226 222 209 159 111 81 75 87 107 96 74 100 153 186 206 216 193 172 153 145 141 137 145 126 129 127 136 99 166 199 242 248 243 250 254 226 170 96 128 111 83 134 158 171 161 206 210 233 253 209 93 106 94 131 172 158 176 190 194 177 159 173 228 217 159 115 123 157 126 131 161 172 189 212 150 91 140 153 151 140 148 161 139 143 138 148 164 164 161 152 107 135 130 118 115 108 107 111 116 110 106 144 168
235 109 96 111 135 127 137 153 210 205 209 254 186 132 154 228 131 117 111 90 165 146 152 192 161 184 212 176 139 93 118 98 106 154 139 101 99 131 216 248 252 238 181 163 128 143 149 145 129 131 121 124 109 173 186 238 249 245 252 254 231 191 137 178 117 81 130 152 155 159 208 207 222 226 204 112 87 97 170 179 169 188 194 184 152 163 186 205 211 204 101 113 162 139 144 174 161 170 206 185 111 138 143 128 142 146 136 120 123 131 151 163 155 157 152 92 96 113 111 106 98 98 93 92 86 92 139 154
242 112 110 95 120 123 140 195 212 210 237 233 230 121 116 196 157 83 107 137 191 180 201 199 145 188 170 149 108 107 170 142 146 160 151 116 149 175 230 250 252 250 229 182 99 124 134 148 175 191 149 116 103 175 177 210 221 238 253 244 206 182 146 136 91 145 137 149 170 168 175 213 218 179 202 160 104 138 179 177 195 197 190 155 152 165 206 194 175 205 162 117 139 154 164 165 149 158 165 151 139 130 121 116 130 127 107 114 115 139 149 150 154 163 150 92 61 94 102 108 93 89 91 81 68 89 128 158
222 119 98 70 110 121 176 186 202 237 232 213 251 149 112 171 184 128 123 146 218 183 208 234 207 249 202 106 124 164 195 181 151 146 120 94 149 222 251 250 247 244 235 171 112 121 119 125 179 204 193 170 103 169 167 201 184 222 247 211 177 145 125 138 112 180 146 158 156 171 207 211 169 143 199 190 144 164 183 180 184 199 176 140 148 168 208 208 190 183 160 106 102 162 152 142 152 158 161 145 135 125 123 137 122 134 136 118 124 140 151 154 154 160 160 117 74 88 110 121 108 84 87 87 55 92 117 140
168 101 70 73 107 149 175 173 223 244 235 237 241 173 109 177 224 98 95 174 252 171 202 249 246 244 197 99 119 168 163 167 151 134 135 131 121 226 236 244 246 245 176 125 138 132 130 102 201 246 250 241 171 154 165 205 179 189 207 190 154 133 129 126 148 184 161 155 130 152 165 139 127 154 177 167 151 159 179 201 188 190 153 145 148 180 223 220 204 167 142 115 79 132 152 137 144 153 158 150 128 134 117 132 139 143 135 118 132 144 154 150 155 155 144 130 101 70 108 151 141 122 103 91 80 103 112 158
116 78 71 65 108 180 173 187 224 241 231 241 251 217 117 187 170 142 160 178 196 130 150 251 244 247 241 130 118 141 140 144 118 123 176 150 97 216 250 217 228 207 151 130 138 155 149 109 195 251 250 253 241 146 105 162 165 169 154 114 99 126 142 105 154 180 144 136 142 129 93 93 143 168 181 177 150 172 186 195 176 159 133 145 141 188 221 182 164 169 149 139 94 104 144 151 142 149 152 149 130 125 97 139 174 129 113 110 130 156 162 148 142 159 154 127 111 82 75 130 146 138 117 102 101 105 127 178
116 97 94 110 151 185 172 182 204 248 245 242 253 231 111 130 173 200 224 220 222 216 162 221 240 242 231 171 150 156 118 111 114 161 171 134 102 167 180 114 96 121 131 119 146 150 157 125 163 254 249 247 238 195 148 132 160 182 158 78 96 129 125 123 142 190 137 120 140 87 63 125 158 171 194 196 151 180 182 186 164 146 133 142 159 171 172 147 155 161 151 125 80 85 117 154 146 153 151 158 145 123 94 177 190 119 123 119 127 150 157 154 147 152 148 117 103 96 59 86 126 127 125 107 113 108 145 183
163 204 148 149 165 167 177 177 186 225 250 248 253 161 94 141 169 173 217 236 237 254 244 232 231 240 241 251 245 221 201 158 136 173 173 141 117 126 190 141 77 103 142 130 156 136 134 133 145 246 254 231 203 187 181 206 230 231 238 158 107 119 171 223 169 195 171 138 134 114 81 146 157 174 188 195 146 170 165 165 161 152 138 149 161 159 144 135 128 111 105 84 64 88 109 137 152 160 157 154 156 117 111 193 158 115 126 102 123 142 148 153 153 146 124 113 90 90 62 59 76 104 118 92 103 105 154 177
189 224 152 122 162 181 180 171 187 218 247 249 218 83 106 160 175 184 219 235 243 248 242 239 234 235 226 238 230 244 249 251 226 145 160 145 147 216 255 249 161 148 159 194 241 188 132 136 157 234 223 223 207 180 202 220 217 226 253 209 105 135 217 255 214 181 204 200 164 151 102 150 165 174 190 216 161 155 161 158 161 151 130 149 155 124 109 94 96 73 83 113 83 100 96 109 131 159 171 155 156 116 144 198 131 115 122 82 97 137 142 147 143 140 127 108 91 84 79 62 62 60 84 88 89 138 152 171
189 190 107 127 171 200 188 171 171 194 231 247 141 82 128 180 198 205 232 224 245 245 242 246 245 224 219 230 232 239 224 237 255 218 116 125 137 233 252 255 226 199 157 189 232 229 122 130 164 198 152 213 205 206 211 199 227 248 254 202 103 172 236 252 247 188 172 184 176 159 127 133 171 179 185 217 171 146 160 154 161 143 108 120 125 107 112 119 120 109 124 162 128 122 84 96 121 137 169 159 165 125 187 196 124 117 121 65 63 111 138 153 151 147 132 91 60 99 150 113 95 77 77 87 106 150 139 149
169 154 103 118 162 198 183 173 168 176 214 187 75 100 138 185 203 214 220 227 243 238 239 246 239 230 222 239 250 227 209 233 252 246 134 125 115 180 244 255 212 233 235 208 205 198 127 155 177 179 126 190 207 219 223 224 243 251 240 144 123 199 236 252 251 170 137 144 127 153 156 149 171 199 167 150 163 143 153 143 133 110 87 137 127 129 140 146 144 155 143 137 131 166 105 76 109 124 146 121 132 130 193 158 129 117 134 126 104 109 111 135 138 121 126 102 90 151 195 186 172 126 103 97 107 139 128 136
219 181 133 71 136 170 165 177 160 186 217 116 76 112 155 204 207 200 230 231 243 241 241 240 237 237 228 249 245 214 215 235 249 251 125 104 115 126 212 242 229 236 248 220 193 175 167 180 165 146 132 205 201 212 212 233 251 233 183 184 192 197 228 253 255 154 136 133 124 172 181 159 168 198 163 121 138 144 104 102 154 153 139 162 156 154 155 155 160 156 156 110 115 162 152 95 102 114 92 70 79 123 179 156 130 109 160 186 177 138 103 113 112 103 128 150 175 198 204 201 194 150 115 108 92 129 123 149
254 231 110 68 141 170 165 161 162 191 166 70 76 133 177 233 220 192 219 231 247 247 238 240 242 238 237 252 246 227 212 240 255 240 131 114 124 134 152 174 234 247 240 183 164 121 127 156 146 96 123 200 193 186 184 192 214 176 168 213 179 196 205 241 226 134 157 165 158 159 163 154 174 171 149 119 76 107 90 109 167 168 170 166 160 151 157 151 151 156 163 129 87 147 173 144 123 87 62 57 56 106 162 160 133 119 171 195 192 172 112 97 109 145 192 189 192 204 214 215 205 167 124 105 87 103 122 146
247 250 137 125 161 173 163 174 206 177 81 77 106 170 189 232 224 198 211 218 238 247 244 233 239 243 231 249 245 231 231 246 254 200 146 144 131 132 172 170 211 244 212 162 150 93 154 170 161 140 137 153 176 171 147 119 143 193 225 212 142 190 203 183 134 116 161 179 163 143 152 158 163 157 144 129 84 101 90 127 173 154 172 166 155 157 157 155 152 156 155 145 107 162 162 149 150 85 58 78 56 86 156 164 123 145 186 202 196 192 138 80 115 177 218 197 196 188 184 178 195 172 126 110 98 92 112 131
247 246 154 150 129 150 135 192 240 132 70 90 116 178 206 209 188 194 203 215 224 234 242 247 238 225 225 249 248 237 247 252 234 136 143 145 130 170 219 167 206 246 201 196 177 94 148 175 172 161 182 164 116 121 78 73 149 174 199 216 119 153 175 131 135 125 154 176 142 102 153 161 166 172 164 141 135 139 135 166 200 155 161 167 161 163 163 154 161 148 154 158 143 157 171 131 134 99 81 91 68 92 158 164 129 169 184 194 194 184 185 114 99 124 157 167 174 199 182 160 179 169 131 121 100 99 119 134
252 210 156 161 165 130 104 163 180 154 99 88 106 155 198 191 179 198 205 207 218 226 233 237 224 217 232 243 246 252 252 255 190 112 142 163 123 173 196 154 183 239 218 193 207 168 146 167 192 220 247 222 103 82 99 120 139 140 149 175 141 126 129 118 153 133 128 146 151 128 146 162 172 168 160 150 122 151 180 194 223 195 175 175 165 168 174 167 165 166 155 166 164 147 168 123 124 109 125 111 79 89 143 140 157 176 176 177 180 183 189 158 99 104 111 135 157 208 181 161 166 173 168 134 116 115 142 114
232 164 161 136 220 167 95 168 175 172 111 87 91 115 183 196 201 197 198 208 213 215 229 227 218 214 244 245 250 247 248 234 138 145 179 186 174 166 143 111 138 205 217 215 218 221 227 241 249 253 246 212 113 112 167 168 161 151 158 171 170 157 159 151 150 152 161 146 150 159 157 142 140 164 161 135 87 146 199 188 225 179 172 176 168 168 169 163 171 182 179 166 166 134 130 113 129 117 137 126 85 94 100 114 174 167 183 175 181 186 181 177 119 93 115 143 155 164 158 161 164 180 207 164 123 127 141 110
143 162 117 121 153 132 84 131 187 165 93 76 94 108 139 205 200 194 195 199 212 206 227 223 219 227 247 251 251 248 238 157 125 165 178 171 182 188 153 114 121 161 190 215 214 232 250 248 240 232 239 214 121 158 200 177 175 166 161 173 158 138 148 154 156 157 154 147 162 168 166 138 102 144 147 97 73 134 200 175 186 148 169 162 167 178 171 156 173 160 214 199 193 159 109 110 143 134 142 139 97 95 74 123 179 183 185 176 174 191 191 187 146 90 139 160 152 150 154 161 158 172 195 174 139 123 123 121
128 149 104 130 138 140 98 97 120 119 90 88 95 112 90 184 218 195 193 193 197 204 204 214 230 237 251 252 249 251 200 112 136 170 185 179 173 175 174 145 142 173 191 215 230 250 243 220 228 211 229 209 124 160 203 192 162 170 163 155 143 129 133 141 151 164 157 156 168 169 170 154 99 90 104 85 79 109 131 115 115 139 180 179 182 181 175 155 166 182 216 197 211 208 134 158 204 212 176 146 108 96 91 136 173 181 185 169 184 197 200 185 164 104 135 161 183 157 155 149 160 170 170 169 166 127 93 107
