132 134 131 132 135 141 136 142 137 133 143 144 141 143 140 139 135 144 144 141 147 142 141 146 143 144 146 145 145 148 154 147 147 145 142 147 145 151 142 148 145 151 148 146 149 149 146 148 147 151 143 152 153 148 138 129 122 124 133 136 136 110 107 126 128 105 72 84 79 70 76 69 81 98 82 81 68 81 83 72 78 102 106 68 79 90 85 75 80 72 67 72 85 68 84 91 73 77 81 75 91 76 76 89 104 101 84 96 92 96 77 67 75 71 76 92 91 81 95 90 90 91 86 104 90 76 68 59
138 139 141 140 140 146 141 143 139 137 136 140 146 144 145 138 134 139 145 149 140 142 144 148 146 146 150 157 151 149 154 144 146 149 147 149 152 149 150 152 157 149 150 153 150 147 152 155 153 155 146 136 140 134 115 112 90 94 110 124 116 106 97 104 112 114 110 99 108 108 116 124 123 123 131 114 87 81 75 68 68 78 111 72 85 88 71 73 72 67 61 65 66 70 109 120 106 80 71 66 74 78 69 83 82 85 73 86 84 75 69 65 68 68 97 114 78 59 66 74 77 81 78 94 106 97 58 59
140 142 140 131 138 145 141 140 142 139 143 143 142 146 148 145 148 145 145 148 142 143 149 148 152 155 152 156 151 146 154 150 151 154 148 149 150 150 151 153 155 147 149 153 156 155 154 148 131 108 94 118 142 143 129 124 120 112 130 135 141 146 108 112 123 112 102 91 118 107 88 99 105 106 94 66 70 68 67 61 56 66 63 65 72 93 80 72 66 66 89 94 78 84 86 95 108 80 66 61 70 72 64 64 65 67 59 67 65 62 74 69 69 67 69 62 57 56 59 66 68 71 70 61 65 69 62 59
141 136 142 140 143 150 145 145 144 146 143 145 153 152 150 151 153 146 148 152 152 153 153 153 152 149 153 156 151 158 152 152 152 154 160 153 160 160 164 154 152 148 158 158 154 149 88 69 68 71 76 85 107 116 86 72 73 77 71 76 74 71 72 79 95 91 69 72 68 76 60 65 69 82 85 59 71 72 65 64 64 66 69 73 108 142 118 70 68 70 99 139 136 109 89 98 85 66 65 67 74 68 73 69 66 95 58 74 68 66 71 71 72 73 69 61 69 62 63 64 72 74 74 69 63 62 63 61
142 144 138 145 147 146 145 146 149 152 147 144 151 156 154 153 149 144 143 151 153 159 162 156 149 155 154 153 149 158 161 147 144 137 139 147 147 160 160 160 163 149 150 141 136 121 75 77 70 82 84 77 84 88 69 66 68 68 73 63 75 59 71 82 118 100 90 100 104 119 138 137 121 103 82 62 64 61 56 69 68 62 71 77 74 127 93 61 77 83 78 98 143 129 68 69 65 64 60 62 73 71 78 75 75 79 68 69 70 70 67 61 63 72 73 57 63 60 74 72 75 77 85 68 56 60 55 56
145 152 146 147 149 147 152 149 147 149 154 154 153 158 151 151 154 154 154 152 154 154 161 164 152 160 167 159 158 163 123 101 91 73 79 87 113 127 83 95 102 126 113 107 86 84 84 79 67 73 82 71 70 65 70 66 61 59 68 68 62 69 76 74 112 145 145 134 107 103 105 144 114 90 68 65 59 58 58 63 63 68 72 76 87 130 94 71 79 75 67 74 96 95 71 67 59 59 53 69 73 74 83 79 73 65 69 71 77 71 61 69 60 66 67 55 62 73 84 90 87 88 89 68 59 63 81 80
145 151 154 150 150 151 156 157 157 157 158 162 159 159 157 160 153 158 161 165 162 166 162 157 157 163 162 138 140 100 65 79 71 68 74 71 67 87 74 61 99 142 139 132 96 70 66 79 71 79 86 80 75 76 81 75 66 60 57 66 64 71 69 68 73 110 122 111 101 72 79 118 65 70 79 77 75 69 63 63 64 68 73 75 81 136 110 84 74 76 83 71 84 68 71 62 71 62 61 78 74 74 79 77 79 68 59 67 70 68 62 61 57 59 54 57 66 73 83 76 74 71 59 59 56 58 101 83
152 145 141 155 158 154 153 150 118 110 113 136 140 147 155 151 143 155 163 169 157 130 103 99 145 157 108 66 73 66 64 68 70 81 102 109 124 117 88 62 115 137 138 99 66 66 69 81 74 76 90 92 91 74 78 77 67 65 59 55 63 65 64 71 69 102 89 91 97 82 94 75 64 65 79 83 79 74 80 73 65 72 72 72 84 146 106 79 78 75 73 68 82 83 61 62 66 62 61 63 78 82 77 74 82 64 63 74 65 60 65 61 59 55 59 59 68 68 66 69 60 52 53 59 76 89 96 80
154 156 156 155 124 91 116 115 67 88 80 73 75 85 90 108 127 133 122 136 103 82 91 112 141 102 103 79 77 74 65 70 73 90 140 125 86 80 66 71 81 88 111 73 73 67 62 85 78 66 76 93 78 75 83 71 64 67 65 56 66 72 71 75 71 84 79 69 68 88 89 63 65 61 69 77 79 72 78 73 61 70 68 80 79 134 96 68 73 75 78 71 67 76 63 65 69 59 59 64 73 72 68 70 71 73 72 72 73 68 71 66 60 61 69 74 73 73 67 51 58 59 58 69 99 87 77 74
156 156 160 153 79 74 83 96 102 128 129 113 100 99 84 146 152 116 114 103 82 84 112 170 163 113 149 102 68 72 76 74 71 77 115 70 64 68 66 76 71 63 62 60 63 70 68 85 78 70 74 85 76 79 77 71 61 64 54 64 71 68 68 74 68 72 67 67 67 74 66 61 62 65 68 78 79 74 66 72 73 76 68 84 84 124 102 69 78 85 81 63 61 64 70 69 71 69 64 75 69 65 55 65 72 63 65 63 66 78 71 68 67 71 78 76 62 53 59 60 62 64 55 55 66 73 76 62
158 154 163 167 87 68 63 71 82 77 79 77 80 86 91 144 124 93 132 113 123 104 100 116 145 101 83 76 70 69 67 72 69 76 66 58 63 62 57 68 73 65 55 63 61 62 65 85 77 73 73 79 80 76 76 66 60 63 59 61 68 73 70 73 79 75 69 71 69 73 66 63 62 70 77 77 73 80 77 72 77 84 80 84 81 84 89 76 78 77 71 61 56 69 69 71 67 63 62 64 56 57 65 74 66 61 65 58 63 67 61 60 67 73 83 74 66 67 67 67 75 71 67 57 85 77 76 64
157 158 160 158 86 69 70 64 78 72 73 70 63 85 108 123 105 97 85 72 72 89 65 80 99 72 74 78 66 64 63 77 75 78 66 60 73 64 57 68 75 74 66 71 77 74 65 69 74 77 71 73 73 81 74 58 67 69 70 62 67 80 69 71 87 79 68 65 76 78 67 58 60 72 83 82 77 81 82 77 79 88 81 77 76 78 72 66 67 67 68 66 63 68 69 70 67 61 67 64 64 73 66 73 71 66 70 61 58 60 59 62 71 72 72 70 71 74 74 68 75 69 59 67 79 58 84 61
165 165 162 163 87 68 74 64 77 71 68 76 62 59 79 82 77 72 62 79 59 70 85 75 59 77 73 73 67 65 66 68 68 78 65 66 73 61 58 64 67 66 65 72 70 68 64 69 67 65 68 76 76 72 72 59 66 69 67 70 61 65 65 70 83 83 73 71 78 81 58 64 67 79 88 88 85 82 77 86 74 81 81 74 98 84 91 86 74 66 72 67 68 75 78 65 65 68 65 68 65 75 69 76 75 70 67 66 71 65 67 69 79 70 67 68 72 72 71 70 66 59 62 71 69 61 87 58
173 177 174 165 79 63 67 63 71 72 61 76 69 58 65 57 67 71 68 74 68 74 106 88 71 81 73 75 70 72 64 67 71 73 54 66 65 62 62 66 66 65 54 63 64 57 61 65 68 66 73 72 69 68 71 63 60 62 63 60 64 69 62 59 67 68 67 66 73 69 67 73 68 76 76 77 74 76 78 74 68 72 71 77 88 74 89 86 62 65 65 66 74 68 69 78 64 71 53 61 64 67 62 67 73 72 67 67 73 64 68 68 75 76 70 70 62 64 68 70 66 73 69 66 65 83 73 49
172 171 171 162 74 62 58 59 70 71 62 65 62 67 68 63 68 78 72 74 71 68 77 64 61 72 68 76 73 73 74 71 61 63 60 58 66 63 58 65 59 62 53 59 59 62 64 63 62 67 73 71 77 108 109 95 83 87 73 68 83 85 92 86 84 91 70 69 63 61 59 63 61 68 69 72 68 66 71 68 111 129 93 88 105 98 107 101 103 81 62 59 53 61 57 66 66 64 58 57 57 66 86 89 85 88 65 60 59 62 62 69 75 77 70 74 67 61 70 62 66 74 75 66 78 83 76 58
177 179 184 161 70 61 64 69 65 67 67 73 83 64 61 57 57 64 63 60 67 70 73 63 76 81 69 77 70 68 80 76 64 64 55 63 76 72 64 59 65 56 64 66 60 65 60 62 61 68 62 75 88 102 131 135 140 133 126 114 121 120 130 134 132 138 125 115 115 106 103 95 98 79 75 70 72 79 102 103 121 126 100 106 116 110 108 119 118 127 107 79 71 65 72 73 62 61 69 72 89 101 88 88 85 90 98 74 66 73 69 65 63 60 65 76 73 69 66 71 77 85 84 76 77 79 77 57
167 162 154 116 74 61 64 70 74 105 125 123 114 80 70 79 63 64 65 74 85 68 62 69 92 88 104 121 105 123 133 126 105 113 82 89 93 77 62 59 62 61 73 70 70 63 62 74 76 87 115 133 123 145 133 113 134 143 145 134 127 111 127 122 136 130 132 127 145 153 163 142 130 125 117 131 131 126 136 134 123 111 106 110 111 109 107 106 124 113 117 121 120 92 109 129 104 115 112 113 103 76 62 77 67 64 114 138 122 113 108 104 107 94 70 57 63 59 64 66 70 74 68 77 78 68 67 53
127 104 73 66 72 85 98 119 135 140 144 136 121 125 117 97 93 92 112 127 114 134 112 100 82 93 125 150 164 139 116 125 125 127 100 69 65 72 85 83 102 131 127 121 107 117 103 116 129 132 137 138 139 135 130 135 141 138 128 132 130 132 145 133 148 118 107 133 144 160 142 119 139 146 146 127 134 114 101 127 132 124 111 111 117 123 125 121 126 133 119 148 143 121 114 118 137 125 108 72 78 87 77 84 75 77 99 131 118 130 119 126 117 138 130 115 120 123 111 115 79 66 65 72 72 88 87 70
129 97 88 101 112 130 142 128 131 123 125 126 130 128 122 132 135 142 118 122 117 147 132 137 138 130 94 92 136 130 140 135 136 141 127 119 101 118 136 143 140 136 142 144 135 135 129 127 129 131 122 127 128 127 122 133 128 130 116 140 140 130 136 142 129 120 120 99 88 114 122 119 104 140 144 105 112 119 115 122 129 136 123 127 132 124 111 117 116 120 121 134 127 115 100 116 120 115 78 64 73 80 74 69 71 110 118 118 96 99 103 120 116 122 119 128 121 125 123 117 73 62 72 85 99 103 101 76
138 123 125 138 137 122 126 122 106 119 145 131 130 133 132 139 133 131 115 112 137 132 133 120 164 178 149 117 123 133 142 138 147 147 143 141 142 144 131 130 141 146 141 134 147 140 136 129 124 136 121 132 125 120 138 140 146 138 125 139 138 138 148 138 139 141 141 111 106 102 122 118 111 122 103 110 134 119 112 105 134 135 131 127 135 135 109 101 125 125 121 132 122 126 116 128 121 122 131 111 90 88 91 91 104 129 125 92 88 88 89 92 89 105 129 126 111 116 115 121 111 111 94 99 104 103 112 69
135 134 132 132 136 122 134 137 129 140 148 140 134 136 136 127 165 126 132 141 142 134 148 102 102 184 144 132 130 134 141 140 148 148 145 140 144 166 166 143 150 148 139 138 130 131 126 129 125 128 123 129 130 118 125 127 139 141 132 143 135 132 129 123 126 129 142 152 135 127 136 141 138 135 149 149 140 119 119 134 124 118 118 125 112 127 128 130 126 125 125 105 110 116 111 131 141 129 134 140 112 126 125 125 128 118 99 100 100 111 103 92 102 101 120 117 117 109 109 125 127 132 120 117 107 108 114 71
130 124 131 144 133 137 128 131 138 143 141 143 135 141 148 125 148 144 135 141 145 128 144 107 94 132 128 149 141 129 129 165 146 152 162 147 130 142 144 141 150 141 136 143 133 140 142 139 129 147 147 128 143 148 150 138 142 140 135 138 139 147 137 117 124 147 166 157 149 150 143 147 142 136 140 145 143 141 126 129 144 136 126 140 131 119 131 126 132 132 121 114 123 126 131 146 171 157 129 136 135 126 136 131 106 112 116 138 131 141 143 127 119 100 123 130 130 119 130 125 115 114 127 110 118 118 107 73
136 134 121 131 135 147 134 139 148 146 130 156 149 152 154 179 163 145 138 141 149 141 136 142 135 143 147 156 141 142 137 150 124 115 132 136 131 142 135 148 144 142 143 150 146 139 144 143 142 139 140 150 143 149 143 147 140 142 138 155 149 147 160 187 191 196 201 198 199 192 192 186 160 138 150 149 142 140 139 127 125 139 142 142 125 146 134 151 134 134 137 140 143 142 129 111 109 114 129 122 129 133 139 138 121 98 90 140 166 137 108 139 162 149 147 139 132 126 123 118 118 111 104 102 135 157 91 59
151 151 143 138 146 140 144 144 128 128 137 142 134 109 96 132 152 156 132 114 134 145 144 148 144 148 150 133 140 142 143 156 161 137 136 137 141 144 127 124 123 132 135 147 152 160 167 154 138 138 143 139 153 146 110 126 135 125 137 132 153 173 189 192 188 194 192 199 203 209 207 204 198 179 162 151 145 146 137 145 149 144 145 156 147 148 136 138 136 121 116 123 131 127 128 131 133 112 122 128 134 132 121 128 125 118 105 88 110 115 147 177 163 174 177 162 132 111 122 121 119 123 121 127 106 105 112 65
143 147 148 133 143 141 135 125 119 131 154 153 144 108 115 120 121 114 131 134 134 143 143 143 149 146 129 130 131 152 175 155 151 140 132 125 136 135 140 139 138 141 144 151 171 166 165 137 132 140 140 133 136 147 139 132 149 132 137 146 170 165 165 169 172 177 194 194 190 203 206 211 204 205 198 167 143 134 144 146 142 138 118 167 177 161 121 167 101 82 85 88 102 127 124 145 159 136 133 121 126 120 119 125 133 121 143 142 107 105 94 95 97 96 108 148 122 116 137 117 115 117 123 145 141 114 109 68
131 140 132 136 138 147 127 114 125 134 148 151 154 151 136 135 122 112 121 126 127 129 136 146 154 151 143 149 149 144 145 142 147 142 136 142 150 142 145 152 149 145 155 155 150 150 134 138 135 150 154 137 134 131 149 132 138 146 139 146 142 134 142 139 154 159 172 186 198 204 199 196 182 171 149 151 143 142 130 133 137 134 109 101 154 160 117 146 118 111 120 133 105 96 88 127 168 158 164 141 115 129 137 131 134 128 130 139 127 119 124 121 108 109 107 122 123 131 125 138 123 122 117 134 126 141 121 76
134 141 134 142 136 153 146 140 143 125 143 150 137 143 136 135 144 129 141 140 139 140 143 144 156 143 154 158 149 147 151 157 154 164 156 159 167 174 159 166 154 158 159 163 173 160 162 167 160 150 130 125 124 124 132 127 143 133 147 145 143 140 143 139 140 156 179 187 172 155 114 109 120 119 87 80 108 157 150 151 145 135 138 129 125 133 146 146 128 124 131 133 129 118 113 136 157 154 153 127 131 131 134 131 123 143 139 127 127 143 140 135 128 136 134 127 126 116 118 151 133 98 94 124 134 145 136 79
128 112 127 142 146 149 164 156 161 167 167 166 159 159 169 161 162 164 161 174 176 177 168 175 167 152 155 156 157 158 162 154 134 136 155 138 138 151 169 169 169 171 162 182 182 153 151 146 157 162 171 163 145 140 139 149 154 156 153 144 146 144 142 147 160 163 138 117 101 103 111 113 119 121 126 116 93 144 156 144 148 148 160 151 148 152 143 154 145 141 135 143 139 142 144 148 154 145 137 140 135 127 124 120 114 111 119 131 126 133 136 135 133 121 129 130 140 124 126 123 116 92 81 109 149 140 121 86
148 149 143 145 151 158 167 161 166 168 174 161 162 166 163 168 163 165 162 171 169 171 176 186 180 175 178 163 171 172 159 166 167 157 163 140 141 158 167 183 176 162 155 168 168 155 151 143 153 159 166 170 161 167 172 162 149 155 147 147 147 144 150 145 114 83 76 83 87 92 99 96 109 144 176 187 186 149 165 173 170 165 155 148 155 156 138 145 136 140 150 151 142 143 138 141 142 152 151 150 143 145 140 129 133 118 142 142 150 144 139 142 140 128 129 128 133 137 137 137 140 133 115 130 131 125 125 80
168 168 169 164 172 158 165 174 170 174 170 178 173 176 179 173 174 172 176 178 176 175 177 180 180 178 171 175 176 177 180 173 170 184 183 178 172 171 178 180 185 181 178 174 173 181 176 170 165 165 148 161 160 172 179 183 182 165 148 147 147 133 96 67 69 61 64 66 60 90 114 121 93 87 78 79 83 85 108 145 152 159 140 134 152 163 170 172 171 169 157 168 186 176 161 145 158 167 161 153 164 154 173 166 163 159 147 147 146 158 162 165 159 132 131 145 141 142 123 111 134 141 156 149 140 151 139 89
162 165 164 165 170 161 167 165 166 163 164 163 160 166 170 168 170 169 165 168 167 170 174 179 174 180 172 176 176 174 180 177 176 182 179 172 178 168 175 178 178 172 176 167 163 170 174 173 171 178 169 168 175 175 172 174 177 169 160 144 112 76 70 66 62 59 66 67 80 92 86 90 69 66 62 69 67 72 73 106 167 164 169 165 173 173 182 172 170 181 158 110 123 145 156 119 107 110 100 98 111 115 116 119 147 122 110 114 110 133 160 127 118 133 143 126 132 114 100 109 104 84 112 122 90 104 139 93
156 156 158 167 165 158 168 164 167 167 172 169 163 170 164 163 171 173 173 170 174 172 170 184 171 170 176 174 170 171 180 176 184 173 174 181 180 182 173 171 164 177 189 180 178 175 169 169 170 179 173 176 172 172 173 179 178 177 132 113 83 62 61 59 61 57 63 68 78 70 58 70 78 72 72 76 86 105 120 124 149 173 163 164 168 152 140 149 167 170 176 158 155 154 170 162 161 159 138 116 100 98 100 95 90 91 86 86 87 88 85 82 78 84 84 76 75 79 67 73 84 75 70 73 78 74 94 73
161 159 167 162 162 159 165 161 161 163 167 165 161 170 166 160 167 173 173 179 177 182 163 172 175 173 181 173 174 174 179 170 175 168 176 174 173 170 178 176 171 181 176 183 181 174 172 174 177 183 176 178 186 186 185 191 183 134 95 94 78 70 62 69 65 69 68 86 102 127 121 88 89 98 100 102 121 141 158 181 172 195 205 195 175 139 158 182 184 183 181 194 198 203 200 204 197 192 200 195 172 147 119 94 104 106 104 97 96 88 103 97 84 83 96 84 84 87 79 82 88 88 84 78 86 86 80 60
160 154 150 146 149 155 160 159 154 151 159 162 160 150 157 157 163 156 166 181 186 186 183 179 161 159 173 170 165 167 179 175 173 178 183 196 194 194 191 206 190 191 194 186 182 190 194 194 192 178 182 164 174 185 166 186 136 105 116 97 92 91 73 74 75 65 69 80 82 87 105 131 91 84 89 98 98 118 150 169 134 209 214 197 181 170 162 151 128 126 123 151 153 168 192 204 204 202 194 179 180 184 162 159 113 98 103 94 90 89 101 97 84 75 90 90 84 80 82 75 82 92 103 130 159 146 138 79
165 163 154 163 166 178 173 167 166 158 160 159 149 153 152 159 149 147 172 160 174 178 185 193 182 176 173 188 194 192 191 193 197 199 188 197 195 190 190 189 196 193 189 187 191 173 182 186 182 165 156 145 130 154 175 144 123 86 90 93 85 111 112 98 82 83 76 71 83 90 84 112 102 89 94 93 91 94 106 101 143 206 206 186 160 130 111 113 111 118 112 109 146 143 131 142 196 188 180 189 195 186 152 174 189 127 112 113 115 109 140 142 122 116 99 93 84 95 133 148 148 161 176 157 118 112 122 81
157 152 143 153 148 146 163 182 177 172 172 164 161 176 181 178 188 195 193 188 194 192 197 193 202 203 197 198 185 189 182 186 186 182 182 187 189 186 186 186 193 192 190 172 172 167 178 181 171 191 180 171 176 157 156 147 114 88 68 68 72 104 104 95 100 98 92 86 90 88 83 100 127 86 90 85 82 84 86 89 163 212 205 180 139 111 110 117 115 114 109 111 125 166 111 104 129 173 185 172 196 203 180 157 197 200 174 148 117 96 87 111 167 190 188 172 127 108 100 127 175 161 153 141 139 158 141 65
155 151 163 174 173 171 179 186 189 189 186 193 191 195 194 184 176 182 181 198 190 183 186 175 181 186 181 184 190 181 177 189 191 185 196 193 170 174 186 189 190 195 192 200 203 180 188 193 195 191 166 154 156 161 162 169 160 154 116 118 127 143 92 90 88 100 95 97 98 96 83 88 93 82 88 86 89 85 84 94 145 198 213 189 103 101 118 113 116 119 108 107 97 150 123 108 105 119 161 177 171 190 186 176 182 205 190 133 95 98 99 87 117 122 118 103 83 82 76 85 97 98 89 75 85 90 76 56
189 182 191 190 187 185 188 174 177 182 179 185 181 178 178 186 175 181 179 189 186 179 184 183 180 178 188 179 184 188 192 196 201 191 189 202 163 170 192 179 184 175 186 144 175 159 166 172 170 160 163 165 181 179 173 161 173 167 154 182 192 155 106 84 91 105 109 94 100 101 98 85 85 85 88 94 98 86 90 106 145 158 197 157 94 107 112 116 113 118 108 98 110 110 115 104 97 100 120 159 169 178 193 180 188 201 201 198 114 88 87 90 98 93 91 92 85 80 86 87 81 84 86 76 73 72 63 52
171 173 164 171 176 174 167 168 172 174 177 182 182 178 184 185 194 195 191 180 174 201 205 197 199 194 195 201 178 186 193 197 213 209 201 191 192 206 184 173 190 176 185 186 162 170 169 174 171 158 168 161 163 167 171 173 175 196 178 143 152 146 176 115 78 116 122 105 99 103 101 84 89 88 93 97 99 94 91 113 119 134 144 116 98 100 117 124 113 125 110 94 142 102 105 111 108 99 120 172 188 190 192 189 196 201 196 198 178 97 81 91 87 93 89 89 91 90 86 85 87 80 75 75 74 82 89 71
170 175 172 181 185 180 178 176 187 186 196 183 187 168 158 172 188 185 202 191 189 193 200 193 189 171 188 183 176 190 185 149 161 193 181 196 194 178 189 180 188 182 161 148 167 185 174 177 175 164 163 173 158 158 145 163 175 144 141 152 153 142 159 148 84 115 101 102 107 112 104 94 83 82 82 89 94 89 106 102 59 68 91 102 105 113 120 115 114 121 111 92 114 94 112 111 108 97 105 137 137 191 191 187 197 197 194 197 203 176 109 104 100 100 97 91 95 97 88 88 83 83 79 95 145 171 161 77
174 187 193 185 186 187 187 189 200 186 195 197 201 188 191 181 186 174 146 141 155 157 162 174 166 138 159 184 186 165 172 138 123 123 151 194 207 173 142 186 189 187 199 177 181 189 169 171 173 180 177 186 186 178 180 150 140 111 121 119 106 130 107 106 92 79 70 81 101 122 111 105 89 77 90 93 70 106 165 87 66 96 113 116 118 113 124 115 118 116 119 93 102 101 109 110 113 107 100 109 112 121 189 205 199 200 191 190 198 212 154 86 89 86 85 92 95 86 75 84 99 121 125 126 132 153 116 69
178 183 175 148 161 167 171 173 177 154 144 159 162 169 183 187 187 190 185 190 153 155 192 200 200 186 170 162 182 194 191 189 188 187 187 177 173 143 122 197 214 200 211 217 205 203 210 206 200 194 203 199 210 216 202 204 201 172 168 164 152 111 78 80 75 67 68 72 89 93 114 109 93 93 107 111 90 104 124 72 89 112 114 120 124 116 123 110 118 115 120 110 88 103 103 113 112 111 106 110 110 107 144 196 199 199 192 175 183 193 203 105 87 116 125 99 97 101 116 119 141 171 175 165 163 157 93 67
164 157 166 163 166 150 136 152 166 171 175 180 171 164 167 175 190 179 173 178 174 175 179 187 165 158 126 123 160 209 218 212 202 213 209 173 171 185 191 217 220 156 162 179 177 181 141 141 162 165 172 161 156 166 153 133 170 166 146 138 140 147 74 80 78 74 75 73 76 77 93 99 105 101 121 107 109 124 77 89 118 108 97 116 125 121 118 106 108 105 106 114 107 103 100 111 112 112 104 109 103 115 122 185 186 188 191 172 173 181 198 181 133 147 164 173 151 113 137 175 173 166 157 159 139 136 141 68
151 125 149 163 162 150 148 153 162 161 172 164 173 168 183 169 186 178 172 183 186 160 134 157 156 93 96 100 109 136 156 170 169 219 192 164 199 211 214 213 213 190 158 174 161 195 168 138 143 153 174 202 177 178 168 122 138 165 179 184 195 147 80 87 78 73 70 75 74 83 96 105 105 108 118 90 89 115 77 111 118 127 90 115 118 114 124 118 116 103 108 111 105 96 88 106 114 115 110 109 105 106 112 157 189 193 187 176 163 174 186 195 150 117 127 135 152 161 146 151 146 115 111 152 173 159 149 77
186 201 203 200 186 176 172 167 179 178 188 200 199 156 184 202 180 185 209 208 187 154 101 95 90 102 87 89 100 113 104 130 174 198 157 157 174 174 203 209 211 198 198 193 206 197 169 192 180 192 152 172 165 161 173 191 202 179 175 185 152 101 79 79 84 77 77 79 85 71 80 87 95 121 105 89 102 117 104 132 127 136 114 111 110 117 125 116 115 115 113 110 109 104 96 86 105 112 110 111 110 101 104 142 193 193 191 193 179 172 188 181 194 192 152 140 130 132 120 118 163 170 170 178 177 120 107 84
206 209 203 195 195 195 192 194 174 160 173 195 187 151 178 187 158 139 140 143 125 138 121 89 95 97 106 102 111 107 155 210 217 144 144 124 110 117 114 157 196 191 179 190 204 201 182 162 129 141 173 161 172 186 191 182 191 181 180 186 155 82 87 79 79 78 76 85 80 74 72 68 104 128 95 86 116 100 125 134 133 127 119 102 104 120 126 115 117 114 121 112 109 106 100 90 88 100 102 110 112 100 98 121 184 196 185 164 174 189 186 195 190 188 183 173 159 159 146 141 185 182 172 176 180 131 107 71
135 159 174 202 193 194 188 192 189 192 184 195 188 116 95 112 151 141 143 159 140 122 118 85 82 81 116 181 195 197 188 200 174 90 116 112 114 121 110 132 131 176 153 167 205 203 205 197 189 185 179 201 194 193 199 179 184 169 173 174 189 167 125 111 87 83 75 77 71 72 74 68 103 131 94 88 92 100 131 135 135 127 110 104 108 108 114 123 115 109 112 106 100 97 104 100 96 89 90 99 106 104 102 110 170 194 181 169 177 184 190 192 193 189 199 189 189 201 189 181 182 190 156 134 165 140 116 65
103 107 140 144 161 165 179 163 157 169 185 214 214 190 187 175 159 172 163 149 170 139 95 74 124 189 198 212 215 214 206 218 145 80 98 117 116 118 105 118 126 127 124 155 167 159 192 206 217 212 203 207 196 185 173 180 184 185 191 195 166 188 206 211 201 198 188 148 105 79 80 80 117 120 96 109 71 122 130 126 139 132 134 122 121 109 114 120 108 116 117 109 108 100 98 104 106 101 87 81 105 116 108 106 159 192 167 171 164 180 194 196 192 192 202 196 167 176 180 161 140 142 130 126 151 141 112 64
102 119 117 108 105 116 131 122 98 98 133 163 160 156 186 201 201 210 222 204 199 193 168 153 187 198 203 188 176 193 181 171 110 86 95 101 112 108 111 105 117 111 112 128 132 110 133 168 170 171 175 192 200 199 204 189 184 179 195 200 221 221 222 218 211 211 205 211 199 101 82 84 107 76 87 101 96 126 120 115 137 129 134 134 133 137 125 123 119 120 115 115 111 109 100 100 102 109 98 93 86 95 104 110 137 192 174 147 138 146 148 166 195 200 194 199 171 115 141 153 143 137 140 139 171 181 112 59
97 93 97 90 83 88 102 103 96 105 105 107 106 108 111 116 131 185 213 219 213 198 195 218 221 217 207 180 139 167 200 155 86 81 83 96 100 108 108 111 114 98 109 133 127 129 118 115 123 124 114 122 134 146 186 209 207 197 191 186 200 211 223 212 176 179 179 197 196 194 127 92 134 104 114 101 117 131 128 124 135 130 134 146 127 135 133 118 117 121 117 121 119 110 102 101 108 102 104 92 82 84 78 92 120 149 164 119 124 113 110 111 170 201 191 195 199 172 154 126 147 163 176 159 172 156 92 65
96 101 102 98 93 104 105 102 93 104 92 110 110 103 120 114 134 131 125 149 162 190 216 210 196 205 202 193 198 181 173 96 69 69 76 84 97 108 106 106 102 105 103 111 102 119 121 115 115 113 107 113 115 110 110 125 152 185 203 205 219 222 220 206 188 195 197 196 189 182 167 132 129 148 117 101 134 136 137 118 130 137 141 135 132 133 130 127 130 124 123 122 119 108 113 105 104 110 98 98 97 88 81 71 112 117 122 116 106 110 113 113 149 189 198 198 192 196 172 149 153 164 154 131 162 172 126 74
114 120 113 73 81 77 86 92 88 99 92 94 101 103 96 105 112 122 113 115 107 119 174 183 169 168 204 187 187 194 181 81 75 71 76 93 95 107 103 98 94 101 96 98 116 117 101 114 120 113 97 104 107 109 94 105 96 94 121 133 144 155 176 196 202 219 220 208 199 204 220 211 137 118 109 119 135 134 131 129 128 138 144 131 135 135 135 124 118 123 121 123 122 113 110 105 106 106 102 102 103 96 87 78 101 122 116 112 110 109 112 135 163 177 196 195 197 200 177 141 143 116 104 124 111 127 144 71
132 140 114 82 72 80 88 84 81 101 97 98 97 99 103 109 106 96 100 113 111 119 196 193 180 164 166 181 203 194 142 95 96 90 87 86 76 83 91 95 91 99 98 98 97 102 105 114 110 96 102 112 110 111 101 99 87 93 121 107 103 102 125 137 156 210 218 204 200 208 214 189 143 102 113 136 130 130 136 140 127 129 136 131 126 134 135 126 120 131 121 120 119 112 116 115 108 105 98 102 97 96 96 84 92 115 111 109 103 106 135 159 169 183 192 193 197 189 189 133 149 160 136 175 147 148 141 63
123 138 127 96 81 78 75 67 84 91 90 94 93 92 101 106 105 117 115 111 106 123 168 182 192 192 195 200 212 217 203 194 131 101 101 93 86 83 84 82 81 95 102 98 109 108 142 118 115 102 107 122 115 128 160 180 190 191 182 180 119 96 140 139 150 164 192 183 158 201 213 179 123 96 122 140 134 134 136 146 122 116 130 136 130 131 129 130 126 121 115 117 114 112 112 113 108 110 112 112 103 96 95 84 86 114 109 112 105 110 124 168 192 192 192 196 197 200 196 158 141 168 183 163 161 140 127 66
135 152 165 183 194 182 136 120 103 101 91 87 88 85 90 92 92 96 88 88 107 111 131 169 189 213 217 212 213 213 212 218 204 113 104 100 84 85 91 82 90 87 90 120 122 127 158 124 132 120 112 130 129 138 206 233 219 197 210 203 193 203 218 224 217 213 206 201 205 212 189 159 119 96 109 142 135 131 139 139 132 134 137 142 137 129 128 129 122 115 126 122 118 120 107 113 112 106 112 112 105 108 94 92 88 103 123 117 113 111 107 122 161 174 187 194 193 197 204 172 138 167 157 144 156 122 122 71
174 200 206 207 205 209 209 207 197 199 183 168 158 176 136 117 108 114 124 121 126 158 200 207 213 218 220 215 223 216 218 210 217 202 193 183 155 128 122 137 142 146 122 135 153 171 184 182 199 218 219 233 197 150 169 192 186 155 173 216 207 210 219 214 208 216 221 216 223 203 149 126 120 98 114 119 145 140 135 135 145 140 140 135 138 131 128 127 122 121 123 123 121 120 119 115 110 112 107 111 106 102 102 105 95 88 115 117 115 114 103 113 143 159 173 183 194 194 184 197 158 144 131 128 148 130 133 80
200 208 207 202 199 204 210 201 204 204 210 219 216 222 219 216 208 212 211 216 219 226 216 218 219 208 219 213 219 215 221 218 222 220 227 219 229 220 224 227 230 232 229 211 213 216 218 224 221 217 227 223 222 226 202 163 171 205 220 224 224 221 224 226 217 211 216 220 216 161 134 122 104 109 117 114 132 151 141 127 132 138 137 131 132 132 142 133 128 124 128 119 119 118 122 121 119 113 113 112 108 109 100 101 99 92 89 112 117 120 112 113 145 172 163 175 181 170 186 189 176 152 157 166 164 155 138 76
201 203 210 208 200 208 215 206 203 203 207 211 214 215 217 210 216 210 210 205 207 206 208 212 208 211 209 208 223 214 210 216 221 218 221 216 219 213 221 209 211 224 223 230 222 224 222 227 223 224 225 218 225 223 229 227 228 230 227 229 228 224 216 217 222 216 211 215 214 158 113 125 93 116 112 109 108 143 121 131 124 126 137 132 127 135 139 130 133 125 127 121 117 117 117 125 118 111 108 115 112 107 97 96 99 99 78 90 118 120 117 111 143 171 182 167 173 181 188 187 182 174 172 172 162 170 137 69
202 209 209 206 204 206 208 206 206 211 198 207 213 206 212 212 215 210 206 210 205 209 216 214 212 210 218 211 225 219 221 218 194 217 218 211 212 216 218 221 200 204 220 223 231 233 221 221 224 228 227 223 230 228 227 223 218 220 222 202 192 212 156 168 163 134 121 152 159 137 111 128 103 105 100 103 143 163 83 120 151 130 132 129 130 134 131 130 129 122 125 126 125 124 122 117 115 114 109 113 115 110 106 100 111 100 80 78 108 120 116 114 143 159 164 181 193 191 194 191 196 187 173 161 162 167 127 72
201 202 209 198 189 189 192 195 205 211 211 211 212 218 213 213 210 211 213 202 211 213 218 213 216 215 221 225 215 210 218 200 166 207 220 216 219 220 217 217 225 222 217 228 226 224 215 216 219 228 236 226 214 213 205 194 201 139 134 127 138 173 113 119 126 125 151 161 125 133 119 93 81 105 108 118 146 152 173 217 224 169 132 140 132 127 131 130 129 128 124 125 120 120 120 112 118 115 115 115 109 108 111 109 106 101 86 93 103 115 112 112 123 165 188 183 174 176 199 201 199 195 169 158 169 173 136 68
204 203 212 200 196 197 204 208 212 209 212 210 210 209 214 217 207 208 215 208 212 208 207 216 220 216 214 211 211 222 220 195 200 208 229 214 219 219 202 195 197 181 183 220 225 220 225 220 223 228 222 225 219 220 220 198 157 172 177 172 187 163 140 150 141 147 145 142 126 132 147 77 60 84 129 136 161 185 229 223 216 199 145 147 131 131 129 130 125 129 124 120 131 123 121 120 115 110 116 117 111 108 107 112 114 98 87 93 83 102 106 113 110 119 130 120 114 125 135 175 192 183 175 162 168 182 127 62
204 201 205 210 202 199 201 205 210 208 206 198 196 198 205 200 202 208 214 213 215 215 214 223 212 207 217 220 214 220 224 227 228 229 226 213 207 195 203 212 200 201 204 228 230 231 225 221 224 228 225 223 221 216 212 215 202 165 188 192 155 139 148 155 173 159 115 120 121 141 148 79 73 81 119 174 204 213 218 222 197 197 164 140 132 138 127 134 133 125 128 128 129 121 123 124 114 117 120 121 115 110 114 117 108 92 96 101 79 98 108 107 103 100 94 99 100 105 107 114 177 181 176 173 184 175 122 67
195 206 205 198 188 199 203 205 210 206 201 197 195 203 202 212 210 205 215 216 214 216 223 205 158 194 204 208 213 219 215 219 225 224 223 225 226 223 221 222 229 230 228 229 229 235 230 234 192 200 220 222 220 219 164 170 171 171 195 175 159 159 178 183 163 153 135 116 105 129 139 77 82 115 190 172 179 199 205 205 137 185 174 141 134 134 140 132 132 130 132 124 123 129 127 125 117 113 123 111 111 100 117 113 87 89 91 92 87 77 91 102 99 96 94 101 105 116 123 112 176 183 180 165 170 180 135 64
189 194 212 201 201 211 208 197 193 208 203 214 214 209 209 211 214 212 211 215 224 223 220 215 206 208 213 214 222 219 218 215 217 226 228 224 219 221 209 225 222 218 227 223 212 198 190 211 225 219 221 220 222 225 159 182 200 201 205 211 216 216 223 177 115 138 142 138 117 124 121 76 88 155 221 138 156 174 186 193 115 119 138 150 138 117 143 131 134 135 127 128 124 118 118 126 112 116 107 113 108 103 110 100 87 90 99 90 89 83 87 109 114 113 110 116 115 115 110 125 179 182 180 176 175 178 125 61
187 202 210 207 207 203 204 183 181 191 202 217 202 209 213 218 220 219 214 220 219 223 215 217 221 216 223 218 224 219 220 223 226 224 222 226 223 226 218 224 225 220 214 202 192 174 197 209 211 206 224 230 224 205 190 221 210 217 221 219 220 198 161 128 106 121 130 134 127 116 106 83 74 157 211 145 161 178 189 209 183 155 153 151 144 139 143 136 135 134 134 130 130 129 120 123 116 114 119 119 120 93 95 94 95 96 88 86 82 83 84 91 109 110 113 107 105 109 111 116 183 181 174 181 176 183 124 65
198 202 203 191 191 196 198 193 202 198 207 209 215 213 211 210 212 213 212 206 213 210 204 214 217 223 224 224 227 226 227 227 225 225 215 224 224 227 229 224 203 199 208 201 217 198 183 188 200 179 157 179 211 224 224 226 220 214 207 221 186 125 108 130 130 115 113 115 115 126 146 175 188 215 226 227 213 215 221 216 216 216 221 189 152 144 137 139 127 129 127 132 128 126 126 125 120 110 103 105 92 83 87 82 75 75 71 67 69 64 64 70 105 113 109 107 105 112 155 173 178 175 168 174 175 190 137 69
196 202 212 208 205 207 213 209 209 209 217 198 215 220 208 202 196 201 195 183 199 218 223 219 210 194 217 225 224 224 222 231 222 232 223 217 223 215 204 201 198 200 204 189 178 164 156 161 188 183 151 153 165 179 209 228 219 182 134 137 115 120 108 113 119 112 115 135 163 192 216 224 227 223 224 228 191 172 214 226 215 220 218 213 113 105 120 133 119 123 120 117 117 112 117 112 101 88 75 66 54 62 67 65 60 67 63 59 57 56 92 103 115 116 114 107 136 161 176 171 169 160 170 173 179 181 133 70
195 208 209 205 202 198 199 209 214 210 216 210 212 214 216 194 190 177 196 214 202 210 228 222 184 177 201 224 216 221 216 223 230 215 201 190 182 195 178 159 199 201 177 178 201 181 153 141 140 144 151 165 165 160 154 162 154 142 131 109 112 118 105 113 111 127 137 147 142 147 215 220 221 224 215 217 140 125 176 229 220 211 198 159 77 65 69 111 82 78 75 76 72 67 65 61 61 63 69 92 109 77 68 60 59 61 66 65 68 64 105 113 123 109 108 116 130 165 188 198 187 141 174 175 178 171 128 69
203 205 209 202 208 201 208 213 212 216 214 216 211 212 192 177 169 184 223 220 211 214 226 218 210 210 205 215 221 221 213 219 230 203 175 189 197 205 190 169 169 179 194 154 153 137 143 144 142 149 162 155 164 188 168 171 129 93 98 127 132 124 121 148 132 153 143 176 176 204 223 215 216 225 216 217 131 115 148 164 185 187 165 89 84 76 65 81 100 88 60 71 65 67 66 60 63 64 58 142 195 170 132 103 91 81 71 67 67 72 105 111 118 109 118 117 130 180 195 197 159 158 169 160 174 185 126 62
198 197 207 207 213 211 215 210 213 214 215 212 195 175 145 147 167 210 205 215 213 204 223 229 226 222 217 220 212 209 202 200 198 219 228 220 198 186 201 178 187 152 144 148 174 154 142 146 151 161 172 182 173 147 119 93 101 130 94 84 130 141 140 173 177 184 187 220 227 224 220 222 226 213 213 225 162 107 118 120 149 185 98 74 69 63 65 70 65 66 59 61 62 63 58 62 58 63 70 174 192 196 198 186 183 171 157 92 63 83 100 102 110 120 119 113 128 169 196 196 194 182 170 171 178 189 130 66
200 200 205 199 201 210 206 210 210 213 222 217 195 182 188 193 192 205 212 218 219 213 221 227 223 216 221 221 219 223 236 220 140 118 180 235 227 192 186 161 146 142 148 163 200 193 164 154 172 190 175 119 94 76 111 144 124 112 135 154 157 172 209 224 226 218 219 220 215 220 216 221 219 217 224 221 172 116 143 185 202 171 75 74 70 69 65 69 65 60 64 60 66 62 63 59 57 59 80 170 189 198 199 185 185 186 153 74 55 90 99 98 112 106 107 115 140 158 175 181 195 183 178 178 186 193 126 70
212 208 206 200 196 196 194 196 203 205 210 212 197 198 200 198 210 222 219 212 204 217 219 225 226 223 223 226 231 217 200 205 132 102 98 119 198 233 213 165 148 150 156 157 164 174 155 124 91 87 78 68 72 73 82 121 143 161 154 182 219 224 224 221 215 204 218 219 228 221 223 228 220 213 211 206 184 180 198 212 181 125 64 65 65 63 70 67 66 64 61 57 61 66 59 60 64 59 65 86 105 122 143 150 149 139 98 62 63 59 65 74 73 76 78 96 117 138 143 158 186 194 175 179 174 178 117 71
204 205 187 203 187 174 186 189 191 191 188 196 195 192 205 207 223 226 204 204 211 226 224 211 211 225 229 225 225 211 217 231 226 200 182 134 93 136 216 235 207 172 163 182 205 192 94 83 86 70 66 68 87 123 145 155 142 123 111 105 157 212 222 221 214 223 216 222 221 213 208 200 184 186 176 134 161 184 165 164 153 89 70 69 66 65 63 60 61 66 67 59 61 62 58 60 58 59 58 55 58 51 56 67 65 58 62 59 58 60 58 77 68 73 97 132 146 153 169 163 169 194 187 184 166 175 118 67
204 208 179 166 160 157 166 185 151 167 192 206 206 210 218 217 222 193 197 213 208 185 154 129 118 140 183 210 215 220 191 162 166 205 221 226 177 85 94 163 226 231 204 175 108 88 81 135 147 118 86 126 153 150 130 106 94 93 99 106 103 165 227 214 167 176 186 192 189 184 181 187 170 148 127 97 116 135 124 119 115 77 69 65 61 67 59 62 64 60 61 65 57 59 61 60 57 53 61 60 62 58 62 67 63 59 60 45 56 60 62 74 69 75 98 126 148 133 157 172 170 163 180 191 181 190 120 60
188 173 159 167 180 191 198 211 204 218 216 217 214 219 224 222 208 203 213 172 119 108 110 103 98 93 102 128 128 126 109 112 115 120 145 163 216 123 85 78 110 179 229 181 101 73 67 86 127 135 154 146 120 103 95 100 106 107 123 124 121 183 212 208 147 121 164 164 141 145 149 133 127 181 172 112 115 140 168 185 109 68 65 67 67 65 60 66 63 59 61 53 54 54 51 60 59 54 62 59 57 55 55 60 50 56 60 56 55 60 92 74 73 71 67 84 120 122 116 114 148 165 166 174 182 183 119 65
195 162 161 214 212 215 222 205 213 219 220 216 210 217 219 214 207 222 218 142 95 105 108 103 91 100 120 118 113 108 110 111 120 109 114 117 219 179 91 96 91 88 113 147 163 140 118 150 150 139 118 100 100 104 108 109 113 119 121 113 159 212 183 137 122 116 140 139 146 169 157 140 143 132 154 127 151 159 149 146 95 61 65 61 65 57 59 63 66 60 58 55 56 55 51 53 61 59 56 55 55 52 55 54 51 57 65 60 53 77 105 78 66 62 63 63 82 95 109 123 128 163 158 130 170 184 111 65
209 171 116 183 205 209 214 212 213 215 205 217 219 221 221 205 199 161 128 115 115 113 108 112 117 115 114 113 107 102 110 110 94 89 95 167 225 209 129 90 83 72 63 84 118 155 155 130 103 93 112 101 105 112 114 112 111 115 113 147 199 206 127 108 118 124 144 160 124 147 175 136 118 120 116 121 115 101 110 112 93 63 55 57 66 62 60 63 64 65 68 56 62 56 49 53 56 57 56 51 57 59 48 52 53 45 56 52 53 85 95 76 69 60 91 91 73 75 113 141 120 157 128 138 165 187 118 62
194 201 191 184 202 210 216 216 215 207 202 211 214 211 159 122 119 103 114 112 112 122 118 109 108 110 107 107 107 112 102 91 91 93 89 106 173 216 193 109 90 81 77 77 79 89 85 76 85 109 110 104 87 104 119 120 119 124 109 122 138 145 111 98 97 120 118 129 153 185 195 148 119 101 112 114 108 106 122 124 80 65 62 61 64 59 56 63 61 56 67 63 60 61 58 55 58 54 51 53 55 52 52 54 55 52 49 60 60 65 57 98 101 69 160 169 66 71 84 152 136 117 141 133 183 182 115 65
209 207 218 215 223 221 217 217 204 201 212 216 210 163 108 102 111 102 108 106 105 108 105 101 100 99 97 99 112 110 110 101 94 96 100 109 120 123 118 115 91 78 74 76 84 88 82 86 87 89 80 73 100 97 101 108 101 101 104 103 129 100 99 116 139 158 167 180 178 167 145 184 162 117 116 106 106 119 114 106 65 65 64 58 57 63 59 57 62 53 55 61 62 60 62 54 57 49 52 49 55 47 55 52 52 54 50 63 58 64 60 69 66 66 154 164 75 61 77 91 97 84 143 190 187 177 108 62
222 214 215 220 220 222 205 171 166 202 214 215 214 216 196 174 114 92 93 100 101 105 104 105 105 99 101 106 104 100 106 108 97 96 109 102 106 103 103 110 109 112 84 96 95 93 93 96 99 79 77 96 110 111 107 114 127 116 124 122 110 130 153 159 157 157 146 149 171 167 113 113 128 121 111 113 103 119 126 107 71 68 70 57 57 57 61 54 60 51 53 58 57 58 61 58 50 54 52 58 54 48 50 54 52 55 59 61 63 97 81 57 65 68 89 94 74 81 77 64 66 96 182 185 187 184 111 56
215 219 218 222 216 217 203 196 206 217 214 210 216 219 220 203 114 98 103 100 102 102 108 110 108 103 97 102 105 84 99 114 106 99 105 104 100 110 107 104 103 91 89 95 101 106 101 99 103 84 107 108 105 106 108 148 139 99 92 115 111 129 165 166 150 140 125 117 130 125 109 109 113 124 119 110 132 184 179 99 68 68 65 54 53 48 59 56 53 53 52 56 55 56 54 60 55 54 51 50 54 52 60 58 55 50 68 110 68 54 56 51 59 56 61 59 84 96 74 78 105 102 133 179 171 173 110 61
215 205 201 203 222 189 186 196 211 214 217 201 198 203 193 151 96 111 100 96 103 112 110 113 117 118 108 105 110 86 96 117 121 121 113 109 107 103 96 99 99 101 103 114 115 110 101 107 104 78 107 113 105 101 101 100 94 78 76 92 106 114 120 122 110 100 103 101 111 111 111 113 113 128 143 146 165 166 169 98 65 63 61 54 55 58 63 64 64 52 55 53 56 59 58 55 47 58 54 54 55 54 53 56 53 52 48 58 56 54 51 60 53 51 54 60 61 71 82 104 97 88 106 116 172 183 94 57
204 202 206 188 189 111 140 201 190 170 144 139 154 195 215 197 149 125 127 137 134 116 108 106 102 103 97 98 101 94 102 108 114 106 105 94 88 90 104 115 105 101 105 112 106 103 102 105 92 89 90 89 90 100 103 109 91 87 104 110 106 110 112 111 124 115 108 110 112 118 116 143 140 153 202 200 199 205 180 96 73 70 71 66 60 58 63 61 58 55 55 54 59 59 64 64 62 62 53 59 50 60 53 58 55 57 52 60 52 53 60 81 59 60 75 55 57 91 82 66 63 76 75 66 87 111 71 48
210 209 217 211 206 122 98 134 136 143 142 170 203 211 214 220 216 217 210 213 204 120 96 89 85 88 94 96 98 94 87 92 98 94 102 102 102 95 102 112 102 98 98 102 102 98 96 103 95 96 97 114 145 114 121 118 96 115 126 118 109 108 137 122 125 104 144 152 122 120 132 163 169 165 175 188 196 197 195 81 72 68 66 69 72 61 55 61 61 62 62 64 66 89 64 63 62 58 57 51 53 62 52 55 51 49 49 57 69 61 57 63 53 64 133 59 68 86 58 60 59 68 57 54 66 78 57 58
206 206 213 212 209 189 176 181 192 211 205 196 202 197 190 200 208 210 201 214 212 205 161 132 129 151 192 198 190 123 98 101 103 103 106 101 99 99 95 99 102 107 104 107 93 79 95 99 99 102 104 108 107 159 213 160 108 110 107 103 110 111 123 139 118 150 179 195 194 171 127 169 171 183 182 168 175 206 185 75 73 75 65 73 68 69 61 59 62 58 62 65 115 209 84 62 62 65 56 55 55 55 54 58 57 56 50 64 75 59 53 55 62 73 131 61 67 71 59 67 60 60 66 68 74 56 50 55
206 204 205 209 196 199 212 219 213 215 206 205 219 218 216 220 211 211 204 202 220 219 207 198 196 184 169 172 176 119 104 103 95 99 91 95 91 92 100 100 106 99 76 70 67 72 78 83 84 79 84 75 96 178 190 143 107 110 113 105 122 134 120 133 167 192 210 172 166 133 136 176 182 164 179 201 207 208 185 76 64 67 68 68 63 66 65 64 63 64 67 89 185 218 161 64 65 62 60 55 52 52 57 61 62 58 67 90 59 59 57 68 74 80 76 116 122 118 118 163 146 126 105 73 70 65 53 54
201 201 197 188 194 206 190 207 214 214 215 216 215 216 212 217 220 217 210 214 213 203 210 159 149 186 169 165 154 98 88 94 98 104 95 100 105 109 99 100 72 68 74 79 71 81 90 78 94 88 100 166 173 169 194 178 133 118 125 157 159 186 201 194 155 158 146 155 181 116 120 156 180 193 204 217 206 208 210 146 80 67 63 66 65 61 67 66 60 60 89 163 211 205 212 108 67 68 64 62 55 51 56 58 56 52 70 77 59 67 59 67 57 62 80 188 203 189 192 180 174 165 157 109 84 85 65 65
182 179 186 196 200 189 166 206 213 225 220 210 214 214 206 204 192 180 171 163 167 176 197 178 146 130 116 97 100 101 102 100 103 107 112 108 112 85 73 65 78 72 74 82 83 86 91 87 92 93 103 168 166 172 161 180 169 146 156 203 202 196 176 132 123 165 177 180 204 206 190 198 215 212 211 207 198 199 198 216 124 73 65 63 66 58 62 70 64 79 147 209 203 197 210 179 70 72 69 66 63 65 54 54 56 58 63 65 57 81 96 81 70 63 72 166 196 191 185 183 176 165 168 175 143 149 78 60
172 177 193 200 192 198 206 207 203 198 195 185 179 181 168 177 179 170 186 153 127 124 120 116 104 134 150 112 114 107 107 109 102 106 101 97 91 78 83 75 85 82 90 85 84 88 90 114 144 97 100 120 134 166 167 190 206 220 185 125 133 149 147 138 186 196 196 206 207 197 197 203 213 206 211 208 205 206 190 207 108 74 73 64 65 69 59 67 68 91 129 209 201 202 207 212 150 68 73 67 70 64 58 63 64 68 61 59 86 123 117 129 121 139 164 196 195 176 182 181 176 179 182 176 170 151 85 63
200 192 195 202 193 181 187 169 149 154 174 178 164 170 166 159 147 147 178 137 82 101 158 160 165 198 157 105 106 106 107 112 106 93 86 78 80 81 87 87 90 96 102 91 96 114 162 212 217 166 143 172 190 215 211 214 211 201 159 127 163 187 207 200 199 202 207 208 201 200 189 195 210 211 212 213 210 210 205 219 140 71 78 69 71 67 62 79 99 116 163 209 194 197 208 206 202 114 70 71 67 67 55 64 63 61 61 58 65 109 137 141 125 163 197 183 184 180 172 172 166 162 174 176 173 157 83 66
197 203 170 141 183 191 181 180 193 182 162 156 132 146 142 139 153 158 164 165 132 107 106 102 102 102 100 105 105 114 101 97 90 73 75 81 88 94 96 100 97 100 94 115 173 208 215 219 216 211 211 215 214 210 202 181 176 209 213 211 218 204 207 211 211 202 200 202 204 201 197 197 203 188 205 214 208 217 204 219 180 73 64 66 66 87 105 128 133 122 177 206 189 205 203 206 206 194 82 67 67 67 63 65 57 61 64 67 64 69 86 102 107 147 194 185 176 173 167 164 167 153 161 172 166 154 81 62
191 175 97 126 167 154 143 124 111 97 90 97 134 151 162 125 109 118 113 118 132 141 113 95 98 94 94 104 101 95 85 81 79 85 86 94 90 99 96 98 99 100 152 204 218 220 209 213 220 216 212 151 158 161 167 149 186 213 211 210 208 201 211 212 210 213 212 207 206 206 205 214 215 198 195 207 212 211 212 209 210 95 66 73 74 92 103 120 129 120 186 200 197 200 193 204 202 207 144 74 73 67 67 63 63 63 60 60 68 66 69 101 115 141 190 174 165 170 173 165 161 164 183 184 176 155 79 62
180 152 85 80 83 76 73 81 80 86 136 149 122 115 103 98 100 111 139 185 174 174 144 117 94 96 90 90 96 88 85 98 86 99 100 102 99 99 101 102 103 119 216 222 209 203 212 205 211 210 171 105 113 151 195 213 210 205 208 205 213 217 213 216 209 210 212 213 202 207 207 211 213 213 203 206 212 207 206 206 228 154 68 75 71 67 67 85 120 126 194 203 204 202 198 199 205 201 200 101 70 65 64 56 62 64 68 59 58 64 74 95 117 127 173 175 164 163 163 160 166 162 172 162 164 167 80 60
203 201 168 165 159 143 142 145 152 152 98 97 93 98 97 89 107 136 143 154 165 200 206 123 90 85 92 86 90 95 95 103 96 92 101 93 93 86 90 88 89 109 162 207 212 212 207 188 196 155 147 151 192 202 201 213 208 205 205 210 212 218 215 213 208 196 202 203 212 211 202 209 206 215 212 203 208 205 214 214 211 119 68 62 66 68 69 76 115 116 197 208 200 202 208 196 198 201 207 135 72 67 69 58 63 69 63 61 69 79 86 98 106 119 164 177 170 162 157 156 155 153 154 155 159 153 86 66
185 182 189 182 176 163 170 165 171 164 121 91 104 115 137 127 114 113 138 179 185 171 122 92 101 99 101 94 97 98 96 101 94 85 83 77 77 75 91 89 80 84 87 108 162 186 187 163 184 149 212 215 214 212 204 215 204 211 216 214 214 214 211 213 212 207 212 198 202 202 192 201 200 196 211 198 208 210 225 215 135 72 71 71 66 66 70 73 139 141 202 208 206 202 204 198 194 197 202 163 72 78 66 62 61 65 65 63 64 73 88 90 85 111 131 162 167 172 157 142 140 115 147 158 156 129 73 66
150 150 151 149 157 163 157 150 134 138 135 155 184 197 194 181 148 136 143 119 119 102 91 89 91 96 86 97 98 99 94 89 85 84 83 86 82 82 86 87 90 89 83 82 87 118 172 168 185 180 212 210 205 219 208 212 217 223 214 217 213 215 217 212 207 220 208 194 203 202 200 209 208 200 209 203 206 204 170 107 73 71 72 73 65 64 67 71 115 160 198 198 201 198 200 199 197 199 183 180 85 73 68 66 61 67 68 73 69 64 57 61 94 108 119 166 159 153 158 164 147 132 124 119 139 123 77 57
120 121 120 109 115 115 103 121 150 170 161 173 178 154 144 158 181 150 98 117 116 94 85 85 90 78 80 99 96 102 91 76 73 79 89 98 88 78 73 72 82 78 79 85 92 137 184 204 204 186 170 197 165 168 221 218 167 177 218 218 211 213 210 207 209 209 205 205 201 211 206 217 214 207 210 206 200 116 79 73 69 62 73 72 74 66 66 70 88 149 203 199 200 196 194 201 199 201 199 199 136 68 66 66 67 60 60 68 62 63 70 74 90 107 115 155 158 142 147 148 144 144 114 123 120 130 74 55
109 117 107 108 118 127 130 138 128 114 121 135 126 136 148 141 156 162 161 170 99 94 83 81 78 82 83 82 83 81 82 82 75 78 75 75 71 83 76 70 80 71 80 120 145 161 201 217 207 213 167 119 102 106 130 144 87 90 129 210 217 219 221 214 209 206 210 201 205 206 209 210 210 215 214 211 213 138 75 72 70 61 65 65 67 65 69 62 73 127 200 207 202 195 197 199 197 204 200 206 196 90 71 68 61 75 66 69 63 64 62 64 67 102 109 141 146 139 140 152 155 146 133 152 125 122 72 54
146 168 160 162 168 146 138 142 133 130 134 148 148 153 171 191 190 180 159 121 90 96 85 80 77 79 72 65 72 72 81 78 76 72 69 82 77 82 86 91 90 69 94 166 203 212 213 213 215 211 147 89 85 83 82 89 89 93 92 142 182 164 189 223 208 208 206 205 208 213 219 211 206 197 178 170 168 120 71 65 66 70 70 69 66 69 87 81 75 111 197 202 202 199 196 196 200 204 199 193 205 151 70 75 72 64 64 61 70 65 57 66 77 101 115 153 152 143 143 138 140 139 145 134 141 126 71 57
109 110 113 143 155 156 162 148 148 145 134 155 178 184 170 142 129 148 115 85 84 78 73 75 68 77 75 81 89 84 80 77 71 81 81 76 74 89 83 83 74 79 86 74 85 113 143 159 195 200 195 194 118 79 77 87 85 107 191 209 212 190 180 226 208 206 214 217 213 216 162 116 97 93 82 75 69 62 66 59 59 58 55 66 65 70 114 109 105 140 204 203 200 204 203 194 194 201 198 188 187 192 100 70 69 64 67 59 62 61 66 62 79 90 117 152 148 146 149 126 136 141 146 140 130 132 72 59
102 119 144 165 141 150 159 162 166 188 184 176 131 108 90 83 94 101 81 82 69 75 74 84 86 87 86 80 88 89 85 71 72 74 68 79 82 79 71 79 77 82 85 75 84 95 88 81 89 110 90 95 82 85 90 83 97 96 100 147 189 202 193 177 146 134 136 146 152 128 80 71 77 71 71 70 59 60 62 57 65 58 61 70 68 68 82 96 123 146 205 205 201 200 205 186 184 188 186 195 185 200 150 71 71 63 64 61 61 58 65 63 78 90 104 138 150 149 141 140 145 158 168 168 158 139 75 57
124 108 115 149 168 183 195 184 177 166 158 160 142 137 157 145 94 67 75 79 78 80 82 79 83 83 82 85 83 78 68 66 68 66 61 67 72 71 81 86 85 85 75 75 82 84 74 76 81 75 81 86 87 76 85 82 89 83 87 81 90 91 82 74 85 81 86 83 70 66 81 80 79 77 81 74 73 71 66 66 61 64 63 79 72 71 93 118 111 145 198 201 202 199 194 185 180 185 185 190 189 192 193 107 68 69 57 64 59 62 61 65 72 76 86 136 145 165 152 146 160 160 154 160 160 147 74 65
150 161 177 187 182 170 163 148 160 144 147 167 172 179 187 199 121 71 72 73 72 79 88 87 79 82 77 68 74 64 66 66 64 62 64 86 84 74 86 81 78 76 75 85 76 72 70 79 74 73 87 87 78 79 83 84 83 80 88 86 83 87 82 75 76 73 74 78 76 70 76 72 67 75 74 88 79 77 78 70 61 66 75 75 74 78 90 81 94 171 197 199 192 197 195 193 190 183 182 179 164 168 190 158 73 64 62 64 62 64 63 58 70 70 71 116 139 158 157 145 159 152 150 154 160 146 77 62
164 151 133 120 124 129 133 120 138 148 157 146 150 163 165 145 96 81 73 71 79 85 81 73 71 71 62 59 64 63 60 64 65 67 66 73 73 71 72 80 77 76 80 80 73 70 71 68 77 72 80 78 80 85 71 74 79 71 73 76 67 70 77 70 71 73 74 73 75 68 70 67 65 68 66 64 66 54 57 64 64 64 69 68 79 84 104 143 171 206 198 203 193 196 197 194 191 192 191 188 174 155 159 170 124 62 62 68 65 68 60 57 66 63 81 139 135 143 144 150 154 159 155 148 159 146 77 59
106 104 90 87 85 93 129 137 148 133 132 143 125 124 122 93 85 89 78 70 70 71 76 71 68 64 66 63 64 69 66 69 69 71 68 62 56 65 71 70 75 72 75 70 72 71 69 74 74 78 67 68 71 77 73 76 79 73 78 82 76 72 70 74 68 79 83 79 71 78 80 75 74 69 76 69 63 64 65 70 69 76 114 155 169 194 200 199 200 203 193 195 188 187 192 192 198 193 193 189 173 168 165 147 130 73 68 76 91 102 73 60 75 92 121 131 139 142 145 147 147 146 143 155 163 139 71 66
80 100 108 118 125 122 128 109 110 114 123 137 117 89 95 85 84 78 71 73 81 77 72 71 68 63 66 61 69 68 67 71 68 67 61 60 64 65 72 66 67 66 76 66 66 65 66 78 80 82 71 77 86 77 69 72 82 70 79 78 70 73 65 77 79 82 88 81 76 77 74 78 83 89 98 110 122 114 105 102 131 174 202 193 191 190 193 196 194 193 194 193 180 189 185 183 189 188 180 187 174 168 173 164 169 111 67 69 76 114 123 109 134 152 157 158 152 150 153 161 161 154 143 153 168 143 78 61
125 147 138 132 124 119 123 125 127 100 89 85 101 96 83 75 72 70 66 71 65 69 68 65 56 62 65 69 67 68 73 71 73 72 74 67 68 71 72 72 64 69 66 66 68 72 73 78 69 73 79 84 84 82 70 78 75 73 81 85 79 73 79 84 85 77 86 96 115 122 140 163 183 190 199 205 215 202 199 201 207 199 196 201 193 192 197 195 184 184 192 193 186 184 178 179 183 184 174 169 176 177 161 149 132 103 69 65 63 70 119 148 155 150 151 146 130 138 158 159 158 152 154 150 142 144 73 61
114 114 117 98 92 97 108 110 124 133 121 130 117 77 74 70 66 73 69 66 61 57 64 60 59 69 71 77 72 66 59 71 63 62 72 70 74 70 71 74 75 80 74 74 71 78 75 78 67 74 78 81 72 75 75 71 71 66 66 80 78 76 75 78 102 166 182 200 214 211 212 206 204 200 196 200 203 202 200 201 195 196 198 201 199 200 184 184 179 179 185 200 199 185 174 161 144 121 93 89 96 103 92 66 65 58 65 62 57 61 72 104 122 121 116 113 130 159 156 166 159 149 160 145 128 130 74 63
103 88 92 84 79 102 133 142 119 131 175 162 79 70 68 75 71 62 65 56 60 64 66 59 66 64 69 68 67 64 60 64 62 66 69 61 68 70 73 68 75 79 74 82 76 75 73 75 78 75 74 73 72 75 75 80 85 71 81 85 78 73 77 73 114 212 206 204 197 206 200 195 201 196 202 201 199 199 199 199 198 200 202 201 196 191 194 181 192 196 188 166 135 113 94 74 72 73 75 67 69 59 63 57 58 61 55 60 63 54 62 57 78 91 98 130 170 160 156 155 159 159 152 147 153 120 66 57
79 113 140 160 128 92 101 104 130 150 164 163 92 80 72 65 59 59 61 60 61 63 68 66 72 75 72 65 65 61 64 69 70 67 71 72 70 70 77 70 73 75 70 79 75 68 71 75 79 76 77 81 74 71 71 75 77 72 82 78 75 76 90 79 93 197 208 204 206 206 199 197 195 207 205 209 212 202 196 200 196 194 204 202 197 188 186 156 136 115 91 78 76 74 80 71 69 69 66 61 56 59 64 57 53 59 59 64 59 58 62 60 83 104 127 163 159 154 166 149 154 145 134 149 157 133 66 54
175 188 189 177 149 143 152 168 170 170 182 166 89 74 70 69 64 65 63 67 65 72 69 68 68 62 66 67 74 72 64 68 73 68 72 75 71 69 64 60 69 73 72 71 71 65 65 77 83 79 86 85 71 72 77 73 70 69 78 83 66 73 79 74 82 109 123 111 114 108 109 136 138 155 170 179 180 172 157 158 171 152 146 134 110 92 83 72 72 66 72 71 65 61 60 61 54 63 67 58 60 55 63 56 58 56 59 66 69 63 62 71 111 141 155 158 157 143 168 167 168 151 126 138 168 142 64 57
166 153 160 192 203 176 164 174 179 182 183 126 68 72 68 64 73 61 59 71 65 65 69 70 66 63 75 70 68 65 60 67 68 62 67 67 71 69 59 63 67 70 67 77 74 76 66 78 72 72 76 75 81 80 79 81 79 78 73 76 75 77 75 79 81 79 78 70 72 74 79 77 77 75 77 79 82 71 65 77 76 71 73 72 73 79 73 74 70 68 67 61 64 61 59 62 55 56 63 59 55 54 54 54 54 59 53 59 70 73 83 82 100 148 167 168 157 138 165 162 165 167 144 128 141 118 65 58
180 178 158 135 164 167 179 183 184 181 165 93 76 71 70 67 63 69 72 74 68 71 60 62 70 68 61 68 67 67 66 65 67 68 63 70 68 71 70 69 75 77 63 64 64 74 72 72 73 81 71 70 78 74 74 80 78 76 72 72 72 65 79 69 74 75 73 68 76 71 74 71 72 74 72 66 70 69 66 68 68 68 74 69 77 78 71 73 74 71 62 62 60 60 65 64 59 62 62 59 51 47 56 60 61 64 54 91 111 132 138 156 158 175 178 174 159 132 141 152 145 144 135 142 135 116 62 55
164 170 167 158 177 178 176 177 174 186 162 83 70 73 70 74 68 65 67 62 65 66 64 63 70 61 63 66 65 71 65 60 58 67 72 74 71 79 70 77 72 74 66 65 68 71 69 64 72 66 68 72 80 77 67 73 75 78 67 74 65 70 70 65 70 72 64 63 74 70 67 70 75 70 63 66 69 63 69 66 68 69 63 65 73 75 64 65 61 60 55 55 60 63 64 62 68 63 59 54 54 55 54 54 57 65 63 135 150 140 142 150 155 155 156 162 155 150 138 150 147 139 123 118 140 120 68 63
147 157 177 183 176 176 173 174 174 177 171 102 69 75 80 77 75 72 70 70 69 66 67 72 65 62 68 70 62 65 60 64 50 59 67 70 71 68 71 71 65 65 69 63 67 64 62 62 66 58 68 74 74 72 62 65 73 69 71 68 66 73 73 70 62 67 64 66 65 72 65 68 68 65 67 58 64 71 71 70 60 69 63 63 60 65 69 72 69 67 61 61 60 56 61 61 68 63 58 57 59 51 56 56 66 78 65 93 143 148 153 152 171 170 168 149 155 154 139 139 160 151 137 114 120 128 65 57
177 180 174 172 171 170 170 180 176 181 188 163 113 86 82 69 70 71 74 74 65 71 67 64 67 69 64 61 65 73 65 67 60 60 56 60 73 69 68 58 53 67 68 67 63 60 60 60 58 63 69 66 65 61 73 65 69 64 71 68 70 68 60 70 63 62 63 61 66 69 68 66 62 66 73 64 61 72 69 64 58 65 62 62 67 69 68 65 63 65 74 74 84 73 77 80 72 82 77 80 83 82 89 91 86 76 71 69 90 123 149 164 160 161 145 151 160 146 146 131 132 144 138 114 131 123 69 57
173 177 172 167 167 179 177 179 179 181 184 194 191 173 143 107 81 73 69 69 70 74 66 64 70 67 60 74 64 70 68 66 65 59 59 60 67 66 65 70 62 69 66 60 62 69 64 64 75 69 74 71 68 67 78 76 71 63 68 71 66 65 64 71 73 60 58 57 63 64 64 69 67 64 63 61 70 65 67 69 65 71 71 80 89 104 124 131 130 134 145 151 166 155 150 149 151 147 146 156 154 141 154 138 104 94 105 62 75 84 114 146 143 145 150 152 165 143 153 141 138 127 129 129 123 113 63 63
172 175 166 157 172 185 181 174 176 180 178 186 191 192 185 189 173 139 107 87 74 74 77 68 72 79 75 69 72 72 68 59 68 61 59 59 59 60 69 74 68 68 73 72 64 69 71 69 70 66 65 69 77 65 81 73 76 77 76 76 68 71 69 68 72 65 67 60 70 66 71 80 68 70 63 66 67 65 79 105 110 126 150 154 172 153 162 159 169 153 153 172 159 152 160 154 154 157 151 159 157 146 147 134 123 129 126 83 70 77 96 106 129 152 162 149 147 155 155 150 131 132 115 127 136 120 63 52
165 176 165 167 169 182 181 182 184 180 176 174 181 186 181 188 196 186 182 169 122 87 83 80 71 74 74 71 75 69 61 64 65 65 60 56 54 61 68 73 74 68 75 70 67 74 73 65 62 64 66 70 69 71 79 76 73 67 69 68 76 70 61 76 69 66 67 67 69 70 70 76 70 82 95 96 113 120 156 180 187 164 180 180 162 159 148 148 159 150 152 155 157 156 155 163 162 159 144 147 164 156 156 143 127 119 120 122 122 106 101 123 127 138 142 141 139 154 150 161 151 126 118 132 132 118 62 58
174 164 165 171 180 180 179 181 184 184 189 171 175 184 185 191 187 183 191 193 185 180 170 164 160 152 165 143 127 116 89 74 64 60 67 64 62 65 66 71 66 66 76 76 68 67 67 70 71 73 68 76 69 77 78 67 69 70 74 71 72 67 69 70 68 67 71 87 107 116 121 135 153 168 173 180 182 167 158 176 182 176 176 187 167 169 161 156 148 152 163 156 155 146 150 153 163 149 145 154 163 151 151 141 117 134 107 104 149 150 150 153 124 147 147 146 139 146 145 146 149 125 129 132 131 122 62 54
167 164 164 184 176 175 182 179 188 182 182 181 183 187 181 184 179 184 182 183 191 196 199 198 196 192 189 187 183 174 157 128 97 67 79 69 70 70 65 71 65 76 73 72 71 75 71 66 67 67 70 75 71 73 68 75 71 74 66 66 70 68 70 73 75 70 85 85 136 192 196 198 195 187 181 164 180 182 161 146 166 165 171 168 169 183 159 165 152 152 163 165 155 140 149 152 144 147 149 164 149 158 153 137 149 135 115 126 155 143 166 154 147 151 131 149 153 150 132 131 134 116 132 138 140 116 63 59
166 160 170 180 177 181 182 174 186 182 180 182 184 189 186 177 193 178 184 193 199 196 193 192 183 185 183 190 183 181 158 175 156 112 89 86 74 72 71 74 78 73 75 80 73 63 69 71 67 66 63 68 57 93 105 74 71 66 64 69 73 67 75 71 74 71 71 82 157 188 193 184 183 178 183 172 169 171 181 159 140 145 145 137 142 179 144 146 150 147 167 157 161 155 154 157 143 155 158 153 151 160 152 138 159 142 129 126 147 151 154 130 134 144 140 134 135 141 134 127 137 127 134 139 149 114 53 61
159 155 168 170 179 173 179 177 184 186 185 184 183 190 182 180 182 178 191 194 191 193 183 181 185 191 189 179 186 184 186 183 189 187 183 170 144 98 81 82 72 71 73 72 75 64 72 70 63 67 63 63 63 79 92 70 68 70 75 71 63 68 68 76 72 73 88 148 188 182 192 180 178 164 142 162 154 150 166 132 124 132 146 139 148 175 166 162 161 141 151 161 172 180 170 162 157 165 164 151 152 150 151 139 145 160 152 136 124 143 139 127 126 131 137 140 138 134 127 140 138 155 129 151 137 117 62 60
174 172 173 166 180 176 181 186 183 180 182 182 181 184 187 185 178 179 179 188 188 187 184 179 180 192 192 176 189 168 184 184 183 193 191 184 189 181 170 157 126 106 87 75 77 67 68 79 65 61 60 59 65 65 58 70 76 76 76 66 70 69 68 68 74 85 158 179 183 184 183 185 183 170 134 135 144 138 146 143 132 136 142 157 140 175 167 161 147 155 143 162 164 174 177 178 165 160 168 164 145 145 152 156 153 149 133 139 153 133 138 134 128 134 133 130 137 130 124 121 130 142 146 136 141 101 60 55
171 176 173 176 179 179 176 186 179 188 192 190 187 185 183 184 184 187 187 190 193 193 190 181 186 190 188 189 189 183 196 184 184 185 185 193 185 194 198 186 195 189 180 148 117 103 91 77 76 65 72 65 71 69 62 65 72 68 73 71 70 67 68 68 73 75 155 179 174 173 177 190 185 165 167 156 147 152 150 142 155 146 145 143 133 165 167 160 137 152 156 145 163 170 178 171 167 162 174 181 161 156 156 148 151 144 139 126 129 128 129 136 130 131 130 129 130 133 135 126 121 134 145 131 110 65 62 54
104 113 114 119 119 115 119 118 113 119 123 120 132 129 127 133 136 133 136 136 138 144 145 148 138 143 143 139 141 146 147 148 139 143 141 141 136 139 140 141 146 138 150 154 145 138 131 115 81 60 65 56 64 59 58 64 62 63 67 60 66 68 60 66 66 79 135 142 144 139 143 155 155 142 157 151 129 122 140 139 127 120 129 126 139 135 144 148 135 137 132 123 143 161 156 161 151 134 149 149 140 139 136 140 131 141 124 122 125 137 128 126 115 115 110 113 120 123 134 133 118 117 100 82 57 55 55 52
58 56 50 58 59 57 64 60 57 58 60 62 69 58 59 64 66 67 62 65 62 70 65 64 66 62 62 64 61 64 66 60 66 63 65 64 57 55 63 69 63 66 59 63 57 62 62 60 55 49 47 55 54 51 50 50 54 48 49 49 51 56 57 52 52 66 61 54 58 70 66 65 65 63 67 65 60 61 64 58 62 65 64 60 63 63 63 70 64 64 72 67 59 66 65 72 74 70 69 67 64 70 66 63 66 66 63 67 65 66 65 69 60 61 58 59 68 63 59 59 58 61 51 53 56 55 53 52
57 53 57 53 52 54 55 54 59 50 55 56 62 58 66 62 59 58 58 62 54 59 62 66 61 58 60 56 55 54 55 57 60 61 63 67 56 60 64 60 60 57 54 52 58 55 56 56 55 55 47 52 54 54 53 53 53 50 53 53 46 54 46 55 49 53 65 54 54 61 52 57 51 56 59 56 52 54 54 57 59 50 51 56 57 59 61 56 52 60 60 64 55 52 59 55 66 59 60 56 59 55 55 51 49 51 54 51 55 58 55 54 51 51 50 53 50 60 57 52 49 55 48 49 54 44 55 52
