57 73 72 61 74 92 64 45 46 59 64 79 69 70 71 72 79 74 73 63 60 50 60 79 89 88 86 76 72 78 82 88 94 91 88 91 86 97 100 91 91 85 87 89 81 96 88 93 98 99 102 109 106 94 82 88 87 101 85 90 92 90 59 43 51 88 92 108 122 79 77 91 80 80 92 77 77 77 82 84 81 72 79 86 77 74 82 91 78 79 77 80 87 82 86 76 74 84 87 85 80 80 88 84 87 84 85 78 80 86 84 84 84 76 79 75 82 80 90 85 104 97 82 79 81 84 82 84
71 73 68 65 65 81 50 50 46 53 56 75 71 72 70 66 75 71 75 70 53 54 69 76 83 99 96 81 76 76 77 94 97 95 95 92 87 98 107 98 102 104 110 107 103 113 111 107 120 114 111 109 109 107 92 107 116 109 110 111 103 91 65 48 48 93 109 117 104 61 63 62 69 85 76 71 65 76 81 74 68 75 77 74 83 85 79 76 75 78 78 78 78 79 87 82 79 76 82 86 75 82 88 72 80 73 80 89 77 85 81 80 83 82 81 82 80 80 87 80 99 93 86 76 81 80 77 85
70 74 69 68 66 72 47 48 45 56 62 77 75 78 76 74 79 79 75 74 61 58 65 66 72 83 81 70 59 59 66 73 78 77 78 77 74 75 85 88 92 81 85 97 96 96 102 101 103 100 94 97 93 110 108 114 121 109 108 108 99 89 68 54 50 76 123 116 117 71 72 71 78 68 93 99 87 85 90 84 81 87 83 82 86 83 80 79 79 83 77 72 79 78 87 80 81 80 81 79 79 83 85 80 82 78 86 86 78 78 77 73 78 73 76 75 83 80 90 83 101 101 92 88 84 81 86 86
70 73 79 71 65 68 48 48 49 49 54 73 77 77 78 79 78 81 77 76 53 52 66 69 76 82 79 70 59 66 68 73 79 74 75 82 83 79 76 77 82 82 80 99 88 84 81 91 91 80 81 78 80 80 79 88 119 124 111 112 113 96 76 50 56 60 107 114 124 78 97 82 78 87 104 96 92 100 102 98 96 95 92 100 91 94 98 102 90 90 97 94 94 100 97 90 96 97 100 101 102 96 103 94 87 95 104 91 94 91 95 87 85 76 73 74 77 85 96 90 98 96 82 81 90 87 89 81
74 79 68 74 53 60 49 48 46 52 55 72 79 74 72 84 87 87 84 78 58 53 70 70 74 75 77 67 63 68 74 73 71 77 72 75 75 74 79 81 83 87 87 103 107 87 74 86 88 79 87 82 78 75 81 93 115 115 111 104 106 96 79 48 49 58 81 113 144 96 98 104 100 107 83 73 67 66 72 76 70 74 80 76 71 76 78 73 69 69 74 86 88 84 86 89 85 87 98 99 104 104 113 106 104 103 99 107 105 103 105 106 105 98 99 97 94 93 99 104 99 94 97 91 89 82 80 81
69 71 71 66 51 51 47 54 47 55 60 71 74 70 82 91 90 81 83 80 61 51 71 71 69 76 80 61 62 62 66 74 73 75 70 74 68 74 70 75 81 101 106 108 115 92 87 87 90 82 82 82 72 76 80 98 99 92 91 84 95 86 83 52 46 56 70 96 137 99 101 117 100 85 89 80 61 66 67 73 70 71 68 75 70 74 67 74 67 68 68 63 65 65 62 71 66 66 80 71 72 74 81 81 73 77 76 79 71 78 78 80 78 80 84 83 82 65 77 88 101 104 98 89 97 94 95 95
65 73 79 73 54 49 56 49 48 51 67 76 63 66 78 80 83 84 78 84 66 55 63 71 78 83 81 62 60 56 64 66 75 73 68 70 74 72 68 79 88 89 100 105 114 101 89 90 91 78 72 78 77 69 72 95 93 78 77 76 79 76 63 51 49 51 57 79 94 90 81 96 91 64 60 66 67 68 75 65 64 62 70 76 70 67 64 67 69 73 72 63 66 61 68 70 72 65 73 76 71 76 75 72 69 71 71 71 74 75 71 71 69 76 72 66 64 63 68 67 88 83 72 71 79 74 80 71
77 81 80 77 55 54 60 58 56 56 63 64 70 78 78 72 80 85 84 79 65 56 61 75 80 80 77 68 57 57 62 72 72 72 71 68 65 70 69 76 84 61 75 81 89 91 90 92 86 76 74 77 80 77 83 90 80 71 61 63 59 64 63 52 54 47 57 73 70 75 65 51 65 58 58 72 59 65 76 64 64 60 68 62 64 67 66 65 65 65 65 60 70 69 65 64 61 64 79 72 70 75 75 71 72 68 72 63 72 67 67 69 65 68 69 60 76 60 63 62 83 74 68 70 73 71 70 71
77 92 94 89 91 85 88 85 85 85 85 66 68 76 73 71 83 93 88 77 68 67 67 73 79 78 80 67 61 66 67 72 78 79 70 72 70 77 75 78 82 61 59 85 84 88 77 79 91 77 75 84 71 74 76 80 64 59 58 55 53 64 70 58 51 46 54 65 71 70 74 58 60 61 59 54 42 66 62 66 61 65 63 64 68 67 64 68 67 63 69 58 65 61 61 60 61 59 74 63 66 69 71 68 72 68 65 66 72 67 68 64 60 64 68 67 70 56 55 70 85 75 74 72 75 78 78 71
101 120 116 115 115 105 97 90 78 77 90 97 87 95 99 100 96 98 95 97 93 92 93 101 100 99 96 93 90 97 99 103 95 93 113 102 89 92 95 95 90 87 88 94 97 92 85 93 90 84 84 77 76 71 73 82 74 64 63 54 46 64 77 65 54 46 50 55 71 66 73 56 56 47 56 48 39 59 67 67 64 63 60 59 59 61 66 60 68 63 62 60 65 63 67 66 66 64 63 67 64 67 71 63 68 68 71 66 66 66 60 66 64 64 68 72 65 53 68 68 81 74 72 76 73 77 84 76
123 128 122 114 105 95 90 93 105 115 115 117 120 121 121 113 118 123 117 121 117 121 114 116 120 118 117 113 119 117 117 119 117 121 125 119 116 115 118 117 115 115 118 113 111 107 119 115 109 118 114 102 95 96 108 123 109 95 72 46 53 75 85 85 55 49 52 55 70 68 70 53 57 60 58 48 56 61 68 58 65 64 61 53 55 62 67 70 68 69 64 65 58 61 62 63 63 68 76 71 64 70 71 65 69 68 65 60 65 69 68 67 64 62 62 64 65 61 61 63 81 73 76 78 72 70 69 70
125 118 108 112 111 116 123 126 127 123 119 130 127 113 104 115 117 125 123 132 128 129 126 129 127 135 132 131 129 130 131 134 137 137 133 132 130 125 126 133 122 123 120 111 118 117 118 116 113 130 129 121 124 122 123 130 124 117 68 48 60 104 105 109 83 44 49 49 68 105 120 74 58 74 71 47 66 85 81 80 79 75 71 63 68 72 75 76 70 68 68 63 62 67 61 62 68 64 73 71 66 66 77 68 70 69 65 51 65 68 69 68 62 68 71 66 66 60 65 64 75 71 68 66 67 69 73 62
125 123 118 127 125 126 128 130 124 124 118 129 131 117 123 126 133 128 132 129 133 138 135 132 135 142 140 133 130 132 138 139 137 142 139 141 139 135 140 141 134 141 132 137 140 137 136 128 132 144 136 133 134 135 132 135 138 115 52 46 70 129 127 121 109 61 53 55 94 176 166 75 54 90 85 44 83 103 102 105 100 89 89 91 82 89 86 90 95 91 93 90 86 98 86 91 96 90 83 87 94 91 86 85 86 82 80 72 83 76 79 75 73 64 68 70 72 63 71 69 78 71 63 65 66 64 68 69
129 132 128 134 136 130 133 128 135 130 132 133 131 144 137 140 138 137 150 147 148 147 140 143 143 153 149 151 142 138 146 138 138 141 146 139 139 141 143 143 142 139 142 145 136 137 145 139 136 133 135 144 146 138 136 136 134 95 57 47 84 129 129 122 122 72 46 51 83 137 114 61 55 94 93 70 93 91 96 101 95 87 91 94 89 94 89 89 95 97 102 102 101 111 103 103 108 112 105 94 102 100 99 98 100 93 107 101 98 88 94 88 87 80 89 91 85 86 87 94 83 80 79 77 83 71 78 72
125 133 141 135 136 132 128 130 135 130 130 134 137 143 142 149 154 152 165 155 160 155 158 157 160 155 154 153 153 160 160 149 149 159 153 145 148 148 143 151 147 140 142 131 131 140 141 145 142 138 137 141 156 142 144 147 132 73 62 55 95 135 138 133 131 85 52 47 57 82 67 64 69 86 95 76 80 87 93 89 94 83 84 95 90 90 92 98 101 101 100 103 105 108 107 104 101 102 107 109 105 102 105 104 101 104 98 103 97 102 97 86 83 82 90 85 91 91 93 102 95 98 107 95 91 91 95 83
134 131 129 130 138 135 133 134 125 131 135 134 148 148 151 144 158 156 155 148 152 159 162 156 161 157 154 156 158 159 161 157 163 164 166 160 161 160 157 149 155 152 161 158 156 156 150 145 139 148 149 153 147 142 146 150 122 66 60 54 95 143 148 136 143 99 60 57 54 73 99 102 98 103 102 102 96 105 105 101 104 103 106 104 107 104 105 113 114 110 107 108 115 115 109 110 109 117 115 112 106 114 108 116 108 114 103 109 108 106 108 104 105 104 101 99 123 125 111 103 99 110 102 101 99 97 104 102
131 120 133 132 131 131 125 124 117 134 125 129 139 140 140 135 142 152 151 146 151 157 160 150 155 155 157 159 163 158 157 155 152 154 161 158 156 155 153 154 158 163 169 172 176 166 161 164 155 160 151 162 158 153 154 151 122 78 66 53 112 143 141 136 135 102 60 61 54 77 126 129 121 118 114 118 109 115 117 109 114 116 122 118 127 122 123 123 114 116 116 113 125 124 122 131 124 129 124 126 126 119 123 122 122 120 123 122 126 122 119 116 116 111 109 105 119 128 120 115 109 104 102 107 116 124 115 114
117 110 125 129 136 135 140 136 130 132 136 136 139 138 136 138 140 140 145 148 144 153 149 156 155 159 155 162 159 148 147 146 152 156 150 149 155 159 155 160 159 165 164 161 166 163 165 163 155 157 158 164 162 164 155 156 103 63 56 59 128 147 143 142 137 128 61 51 54 69 120 135 129 131 130 118 116 117 116 124 120 116 120 124 124 125 127 123 124 124 125 125 125 123 130 134 127 128 129 132 133 129 131 133 124 122 125 128 127 125 129 132 125 126 118 115 117 115 110 109 114 108 117 115 121 119 120 122
94 102 106 110 115 126 119 129 130 126 124 118 124 121 131 138 142 147 149 152 158 153 156 160 157 154 159 161 158 155 151 154 156 154 151 156 159 163 164 159 165 167 163 168 155 159 160 159 161 158 162 165 161 162 153 151 107 70 66 66 112 123 127 129 124 124 73 48 57 74 121 124 113 133 127 123 129 124 124 127 127 128 133 128 136 131 133 128 132 134 132 131 132 131 134 126 128 124 129 132 134 129 114 121 122 110 111 118 119 117 120 125 125 130 127 127 120 126 128 115 113 115 124 120 126 122 124 124
64 67 65 67 70 73 79 88 92 70 65 66 70 79 87 97 102 113 132 154 155 153 159 156 152 158 157 157 149 158 154 155 162 157 160 161 159 159 165 161 161 156 158 165 157 161 154 164 162 159 155 159 156 151 150 142 138 122 114 105 111 115 118 120 105 96 71 48 54 69 108 118 111 121 122 123 123 126 125 128 126 121 140 142 134 129 136 134 126 131 139 145 134 135 140 128 132 138 135 129 133 138 130 135 127 124 123 119 124 119 122 125 135 130 131 135 134 129 131 123 121 130 127 122 122 120 117 119
58 51 51 62 57 61 61 64 64 55 68 81 94 108 105 103 118 112 103 112 130 125 136 139 150 140 141 154 153 164 159 165 167 162 161 155 166 163 155 169 166 162 162 162 160 166 164 165 160 158 159 156 156 154 154 145 142 140 137 141 137 135 133 127 122 88 79 74 77 88 110 108 115 117 119 123 121 119 124 128 131 126 131 124 132 132 132 134 132 134 140 139 143 138 145 142 145 136 139 145 141 145 133 138 137 137 140 134 142 143 135 127 128 131 133 138 135 135 140 134 129 130 130 130 125 127 120 117
65 53 54 67 65 64 66 62 64 53 68 84 93 98 83 81 82 71 72 71 77 76 79 78 96 86 92 113 109 133 136 140 138 147 162 162 165 165 162 173 169 170 164 164 161 156 156 158 151 153 156 156 156 158 156 148 145 146 140 138 138 139 130 138 132 141 134 129 138 139 136 134 130 133 138 131 135 136 133 139 143 130 130 134 137 137 136 139 141 146 144 144 144 146 148 144 142 134 132 145 135 139 140 141 141 136 134 132 138 139 138 135 133 140 135 133 137 130 133 129 133 133 127 129 134 132 130 122
90 89 99 102 108 110 110 108 98 89 98 100 102 90 81 80 78 74 64 75 70 73 74 69 73 70 77 70 63 75 80 82 70 84 90 97 101 118 121 125 133 147 149 150 161 159 162 163 162 156 155 154 153 150 147 144 145 156 151 145 140 141 142 147 142 145 141 142 145 149 148 143 146 142 151 154 150 148 142 144 142 143 145 144 145 141 140 145 143 138 143 144 143 145 139 140 138 138 145 153 143 144 141 146 137 139 140 143 139 141 143 134 130 138 143 138 138 133 132 133 133 133 133 132 131 132 127 132
122 124 128 131 126 133 134 137 140 134 132 132 133 132 130 122 126 120 97 88 95 92 88 91 70 68 72 69 64 64 68 70 68 65 57 63 67 67 62 75 80 73 85 92 103 104 117 126 139 124 141 148 150 163 152 154 157 166 163 152 149 158 155 154 151 151 154 154 146 149 154 159 158 160 158 158 155 160 157 157 156 161 157 162 154 155 156 149 150 154 148 147 151 152 154 146 154 151 146 146 142 147 136 143 145 149 149 146 145 145 137 139 137 143 136 138 142 136 132 136 128 130 127 131 133 137 133 134
123 124 117 120 119 121 122 123 127 133 128 123 121 132 138 138 135 130 137 122 132 136 139 134 118 120 124 121 111 104 93 88 83 83 75 77 73 68 68 65 68 70 70 75 73 75 73 74 81 80 81 83 94 94 102 108 112 126 138 145 140 161 151 158 166 158 156 165 166 156 160 157 162 164 160 159 159 157 153 162 160 163 157 162 163 165 160 151 155 161 157 151 161 160 159 150 158 160 155 154 154 148 153 141 155 173 140 140 143 137 136 140 139 143 134 140 137 130 131 140 136 131 137 140 131 130 127 128
117 116 109 109 114 119 116 115 122 127 124 122 124 125 131 129 127 128 130 131 133 139 133 140 140 141 136 140 143 142 133 138 135 129 132 135 124 112 111 93 85 86 80 83 90 85 82 86 84 81 84 82 76 83 77 78 77 77 78 84 82 90 85 94 112 113 113 121 133 133 136 135 145 162 162 156 162 165 165 168 160 156 155 164 164 162 163 156 154 159 153 159 156 152 157 152 151 157 165 154 158 158 154 150 164 176 153 148 151 149 141 146 152 146 151 138 136 144 144 138 136 131 132 132 129 131 124 129
108 111 108 117 111 116 117 113 114 118 116 121 117 117 122 127 128 130 134 128 126 131 124 129 128 137 130 127 137 133 128 133 139 132 139 135 137 146 141 138 131 133 135 133 128 127 123 125 124 123 120 113 103 104 112 147 107 80 83 83 77 81 81 70 77 77 80 75 84 85 90 100 109 106 107 117 123 140 150 164 168 154 152 168 163 157 158 155 155 153 159 144 147 149 141 146 144 143 148 149 151 152 158 159 157 158 159 149 149 152 154 157 155 153 147 141 145 146 138 148 142 137 138 128 124 131 129 137
112 116 121 113 123 115 116 116 115 117 113 114 115 122 122 124 118 121 128 124 127 121 123 125 130 127 125 128 131 130 132 136 136 132 136 133 126 136 139 134 137 137 146 146 141 144 143 140 141 143 148 148 152 198 237 255 175 135 129 117 115 115 104 96 87 83 90 80 76 78 74 75 80 71 75 71 75 77 83 85 90 94 99 115 115 124 123 128 133 123 139 117 131 136 129 126 137 135 136 138 141 133 140 149 142 147 147 147 148 146 148 155 146 146 144 147 147 140 139 141 147 145 138 138 129 132 136 140
117 118 119 115 111 108 109 111 108 119 119 110 109 124 119 120 111 122 118 116 117 112 123 126 122 123 134 126 120 125 133 134 135 130 124 134 135 134 137 134 134 143 142 145 149 138 137 142 140 139 147 179 219 238 236 247 219 150 144 148 155 154 152 143 131 133 138 127 115 112 102 97 97 89 84 82 86 89 82 74 76 71 78 77 74 72 77 77 87 85 90 85 100 104 95 109 131 132 130 130 120 113 126 132 132 131 131 124 114 117 117 122 119 130 131 131 133 131 131 131 129 144 141 136 138 140 147 142
120 119 113 111 113 118 105 108 114 117 119 119 115 122 117 117 114 119 119 117 116 119 112 118 120 128 125 121 129 135 125 127 130 124 128 127 127 132 134 144 144 131 142 140 142 139 140 139 143 157 205 216 214 227 235 242 234 150 142 147 159 150 148 149 161 160 156 153 154 157 146 148 139 124 117 104 88 94 103 108 111 109 142 123 91 86 83 84 73 67 62 64 89 85 67 81 85 90 102 98 77 85 109 115 103 99 106 98 122 129 127 123 122 118 127 122 110 106 101 103 123 114 110 107 120 133 126 123
113 113 107 101 108 114 113 104 105 113 110 111 117 114 120 119 122 121 117 123 123 123 126 127 127 118 123 125 121 131 130 128 120 124 128 129 123 131 136 136 138 134 136 138 134 140 135 147 185 215 228 214 213 210 227 239 243 173 140 135 137 144 144 143 151 151 155 149 149 156 158 154 146 114 95 84 74 74 80 96 95 110 142 144 136 141 134 124 113 98 86 77 84 87 78 76 78 69 66 80 75 81 98 96 68 69 73 78 103 109 106 135 136 108 109 110 108 112 118 128 127 112 100 112 124 134 118 115
108 104 106 111 111 113 108 111 107 113 109 106 113 120 121 115 116 117 112 118 119 124 124 125 129 129 124 127 126 131 126 127 129 127 132 128 125 125 129 125 127 128 134 134 125 134 178 222 218 220 219 210 216 216 222 243 250 208 139 135 138 138 138 134 151 143 144 148 142 145 148 141 119 82 80 87 68 67 69 68 76 82 104 140 148 151 141 151 146 138 141 131 117 110 100 91 85 74 73 74 74 86 80 74 75 83 68 76 84 88 85 155 151 145 101 71 66 72 78 77 78 79 75 106 117 119 114 113
116 108 113 114 109 108 115 118 116 111 120 122 120 115 121 119 120 121 115 120 123 129 124 122 118 132 124 132 124 124 127 128 134 134 130 125 127 127 127 128 129 128 134 127 152 199 233 223 209 224 219 218 214 218 213 220 247 230 144 143 144 143 145 138 151 143 141 149 143 146 145 123 92 88 87 75 70 78 71 71 62 88 88 115 148 150 140 146 155 156 153 148 138 140 140 141 135 125 120 121 111 101 88 90 92 85 69 68 90 91 83 141 149 154 116 62 65 63 66 64 60 60 68 71 78 79 69 70
111 115 113 112 115 117 118 114 105 109 111 112 111 118 117 117 121 117 121 116 108 121 120 114 122 126 131 129 123 125 128 127 118 124 128 122 125 131 131 130 125 130 143 193 221 225 233 224 215 224 222 213 220 220 219 213 220 242 154 136 143 137 136 139 139 146 143 150 150 155 138 105 90 97 83 79 80 60 66 75 67 90 100 101 149 150 149 147 138 142 148 145 143 142 137 131 141 134 136 131 116 120 125 148 136 121 122 111 122 148 124 136 160 156 143 73 71 72 72 71 67 74 71 84 83 84 85 80
110 116 117 116 110 113 110 109 109 114 108 113 109 116 118 115 111 119 119 117 120 117 121 119 120 121 126 114 117 122 124 125 119 122 127 121 127 127 124 131 126 168 214 234 227 221 227 220 215 221 223 215 224 228 228 227 220 235 184 138 141 139 137 135 135 133 137 134 142 140 113 95 90 87 77 80 60 75 78 67 67 89 88 86 120 137 140 140 136 133 130 135 123 132 140 131 138 138 125 127 124 124 124 123 131 133 136 140 138 146 142 138 142 134 133 131 125 121 121 119 109 107 101 109 116 101 85 91
109 113 108 108 115 108 106 109 113 109 109 115 116 112 115 115 109 115 117 118 120 124 123 122 123 129 134 123 122 119 111 123 114 116 124 125 125 129 124 147 199 231 235 225 215 229 230 221 219 216 227 236 238 244 248 253 247 245 215 138 134 137 139 144 135 129 133 133 139 131 91 81 76 59 74 66 69 83 72 60 68 73 69 63 96 148 144 135 132 130 122 125 120 128 126 121 124 129 133 132 133 125 129 144 143 122 123 131 133 139 137 140 134 135 133 139 132 139 146 146 135 131 127 138 140 138 126 132
109 109 101 104 113 111 103 106 109 111 109 111 114 114 116 114 117 124 119 120 127 124 121 124 134 138 134 127 126 122 122 131 127 130 128 123 121 135 180 220 230 229 235 228 221 223 226 230 239 241 245 249 255 255 249 251 247 242 229 147 144 138 138 139 136 139 140 144 147 108 78 77 63 68 69 67 90 80 62 54 57 61 60 60 84 124 129 127 122 125 121 131 122 126 120 118 121 125 118 121 125 125 128 133 130 121 124 122 129 131 129 130 129 132 135 138 137 136 142 142 138 131 118 131 130 133 133 127
112 113 112 105 115 107 107 110 110 108 106 113 109 118 121 113 121 126 126 124 126 125 128 123 131 127 128 128 129 131 125 128 126 120 130 145 182 221 235 220 229 226 227 228 226 234 247 250 251 250 249 254 209 196 243 240 232 241 243 159 142 142 144 142 149 142 139 142 137 81 70 61 71 71 68 81 73 63 47 50 55 56 51 57 65 111 125 119 117 123 116 124 118 119 121 121 121 123 122 118 122 121 128 122 116 119 133 132 130 128 125 122 127 126 130 129 125 124 128 117 128 131 127 126 127 122 129 127
113 113 115 111 111 115 104 114 111 105 114 116 111 120 120 119 118 116 117 120 120 118 115 122 124 119 125 122 124 125 123 126 129 144 187 229 241 227 234 235 231 232 230 200 234 252 254 253 251 253 250 173 103 138 227 237 235 242 246 176 137 143 145 147 139 137 145 147 122 81 65 62 64 57 65 63 50 44 49 47 44 53 53 60 60 107 128 128 118 118 119 123 122 117 120 124 123 116 125 118 121 123 120 117 116 121 132 133 127 132 132 139 128 126 119 123 124 123 124 127 124 127 132 129 125 123 125 122
116 111 122 108 103 117 109 116 112 110 113 117 120 115 118 118 113 112 113 123 123 118 119 123 127 119 123 127 121 126 131 150 195 221 232 224 239 240 239 245 249 252 242 125 142 220 237 220 251 240 197 147 112 161 213 241 220 216 250 198 145 149 148 147 142 139 139 142 95 72 66 67 48 53 59 49 44 40 45 41 41 49 55 56 59 100 129 134 129 130 130 127 132 128 127 123 119 123 118 115 119 122 121 124 126 121 126 130 127 130 135 142 133 123 125 118 119 126 126 125 121 121 118 124 125 123 125 126
120 120 120 116 121 118 118 117 116 117 122 122 118 119 120 119 120 118 120 129 126 125 128 136 137 128 126 120 133 150 202 239 203 166 215 244 248 254 251 251 240 222 171 115 93 169 197 141 212 191 142 138 114 142 160 213 155 146 252 225 142 144 138 148 149 148 136 108 78 80 69 52 46 53 54 43 38 42 40 37 38 41 48 53 65 84 135 134 133 128 128 132 139 124 127 126 129 125 119 121 127 119 115 121 123 126 128 126 121 119 124 122 122 117 132 133 130 121 115 123 118 121 117 116 110 109 114 112
125 120 117 119 120 116 121 122 123 123 120 122 125 119 121 119 124 130 126 125 122 129 125 130 128 126 151 180 229 157 157 179 132 115 220 255 215 214 240 250 195 144 171 164 111 99 155 164 198 150 118 140 164 185 131 118 147 185 236 244 146 132 134 134 140 141 129 119 84 71 62 54 63 93 90 62 58 50 44 33 41 43 48 54 53 73 119 130 128 128 133 126 131 129 131 129 127 128 130 116 126 114 120 124 121 115 119 125 122 116 125 121 122 123 118 126 126 115 116 126 118 118 120 126 118 105 118 116
119 115 120 116 117 113 118 121 118 124 119 118 123 119 121 120 119 120 124 131 133 139 131 128 155 214 244 255 234 182 99 123 128 102 197 174 150 180 184 196 170 134 162 176 152 132 146 163 183 131 102 145 195 146 140 131 155 159 205 255 229 151 135 132 133 131 134 121 90 71 54 69 131 114 84 67 51 56 55 41 50 47 52 48 49 63 117 126 130 133 131 128 125 125 118 126 130 124 125 125 129 132 127 125 126 130 125 123 122 117 120 124 119 116 114 111 114 107 114 115 116 117 114 120 113 112 120 114
116 108 112 118 120 119 113 119 117 121 123 122 122 123 127 122 125 120 133 126 131 128 131 193 247 253 254 254 238 212 153 124 107 108 165 152 147 136 144 171 185 157 162 134 174 195 189 158 137 120 95 97 126 125 145 150 134 140 193 231 215 191 151 136 136 133 141 117 83 70 60 124 140 91 67 69 63 59 73 63 62 53 50 40 43 51 119 137 127 125 121 122 127 119 125 125 123 121 122 121 118 127 132 123 127 126 125 127 119 113 122 126 124 117 117 108 112 107 112 118 110 116 118 110 111 110 109 113
117 119 123 120 128 123 114 119 121 115 118 122 122 125 130 133 130 128 126 124 125 138 209 254 251 251 251 255 234 230 192 152 148 142 171 142 142 162 215 224 196 183 177 134 179 152 170 126 124 135 97 107 193 185 147 153 121 126 143 126 90 127 189 159 131 129 138 109 81 76 86 159 143 89 50 61 64 66 82 89 63 48 54 43 46 56 115 127 126 129 124 129 133 119 125 119 112 119 122 125 121 127 123 119 121 122 126 120 117 123 122 117 107 116 118 111 118 122 121 116 115 120 117 116 111 117 111 108
126 121 122 117 122 120 124 121 120 112 116 120 128 132 132 131 133 132 130 135 152 221 255 252 250 250 252 255 144 160 120 146 194 146 104 137 142 183 229 147 126 120 126 106 140 145 145 157 187 165 120 174 182 132 137 126 103 142 93 120 116 112 197 224 162 136 137 109 92 88 112 172 162 127 76 66 57 67 90 80 55 36 45 44 49 62 120 123 130 139 131 128 125 121 125 125 122 118 116 125 124 127 123 128 119 121 125 116 115 119 120 114 108 111 117 120 117 114 120 121 123 112 110 118 112 112 111 110
121 116 112 119 119 119 122 116 122 121 122 122 123 132 120 126 132 123 128 169 238 255 250 250 251 249 253 251 156 107 165 180 118 108 150 133 104 162 200 84 100 111 142 148 127 103 126 150 158 169 151 180 113 130 132 126 124 129 139 178 116 125 124 198 243 148 132 117 78 116 129 180 162 126 80 72 71 92 102 60 60 53 40 46 49 60 112 125 130 128 128 125 124 127 121 131 129 126 122 122 117 120 124 119 121 122 118 111 116 113 121 115 113 115 117 117 113 113 112 108 106 112 103 115 114 112 110 105
115 123 116 125 125 123 127 123 120 127 117 119 125 131 123 128 131 127 181 247 254 252 250 251 253 252 255 215 139 106 168 127 138 169 139 112 129 189 218 136 91 96 154 200 152 110 102 79 112 91 146 182 123 102 106 123 115 155 171 199 108 128 96 98 201 216 152 159 137 148 170 173 159 134 104 88 98 132 110 57 50 65 55 39 42 52 92 124 123 123 128 126 122 131 132 130 123 122 121 121 123 124 127 117 118 117 121 116 117 110 110 104 105 108 115 111 114 113 111 101 100 109 109 115 110 107 113 111
117 123 121 126 122 118 124 123 123 119 117 125 130 131 132 125 138 201 252 253 251 249 250 249 251 253 252 241 173 116 102 109 156 156 127 179 191 163 223 194 140 98 79 77 109 105 70 101 121 112 197 190 116 83 91 79 111 146 164 217 127 125 134 154 103 137 219 239 202 147 168 156 135 126 114 96 136 164 109 66 53 54 60 44 50 68 67 103 123 128 123 126 124 129 129 133 122 123 126 126 120 127 123 130 125 118 125 123 120 122 122 115 112 108 112 100 110 115 109 109 110 106 110 110 110 111 103 104
113 124 120 118 114 120 126 127 132 124 121 124 122 133 150 184 231 255 253 249 249 244 244 251 251 253 251 253 255 218 152 144 156 85 91 127 155 197 209 200 193 145 98 91 147 85 63 95 126 154 183 151 115 120 110 80 105 139 168 161 92 122 102 135 142 155 235 222 125 144 155 114 96 97 91 109 160 153 112 82 60 69 65 42 62 110 100 82 122 123 127 125 121 121 125 127 126 129 131 136 127 124 128 122 124 126 124 127 124 120 123 119 117 126 121 113 109 110 103 110 109 105 112 115 106 101 108 111
105 118 119 122 121 132 128 122 131 131 131 124 123 211 243 254 252 248 251 249 248 248 250 251 252 252 252 250 252 255 185 116 103 100 88 139 204 183 141 140 177 140 93 126 153 131 167 202 183 173 112 104 127 135 143 130 116 119 162 160 128 137 131 105 125 183 179 249 154 157 159 89 82 79 87 111 101 100 101 98 86 83 67 44 77 117 124 120 132 128 128 129 130 130 126 122 126 125 133 132 124 122 124 123 126 128 125 121 127 129 120 126 129 130 126 123 117 119 115 122 110 119 116 112 113 112 112 111
112 118 119 125 119 129 128 127 129 134 137 133 123 194 254 250 252 251 250 248 246 251 252 253 253 252 253 250 251 253 223 106 79 95 136 202 212 179 159 128 135 91 129 163 131 133 216 238 157 132 121 126 131 128 130 139 134 131 173 201 179 154 157 164 166 193 215 229 207 175 146 105 79 77 104 93 59 70 86 91 105 103 67 53 103 133 128 128 127 127 133 132 127 127 118 125 129 125 126 126 124 130 121 118 119 117 123 124 131 123 118 120 125 129 117 120 117 119 112 118 109 121 120 118 117 117 114 115
104 110 120 115 112 123 124 120 125 132 127 129 128 157 250 252 251 252 250 252 250 251 253 252 251 252 254 250 251 255 213 110 99 97 181 162 106 85 69 71 67 87 151 178 126 181 215 186 139 149 133 117 135 140 92 69 120 142 112 97 93 85 109 118 153 138 149 204 198 159 128 123 85 90 114 113 75 60 73 80 104 105 64 82 123 124 127 136 135 134 135 131 123 129 126 131 124 125 125 128 127 130 123 122 118 118 117 121 120 121 115 117 117 121 116 115 113 111 110 121 109 112 112 107 114 116 104 122
106 112 120 123 115 116 125 126 122 121 121 122 120 123 228 254 253 252 251 251 250 253 253 250 253 252 252 252 251 255 198 118 132 151 143 86 78 77 78 83 111 118 107 92 85 196 240 211 128 95 86 107 113 108 111 80 65 133 99 76 83 82 66 79 135 86 64 97 120 125 162 177 119 71 76 88 89 87 89 67 88 89 73 124 132 129 131 134 134 134 134 130 134 134 124 130 129 119 125 128 123 117 125 132 127 120 120 116 116 122 119 122 118 118 112 120 126 121 122 118 117 118 117 113 116 113 111 116
88 113 124 124 127 118 126 124 122 119 123 128 122 121 186 253 252 253 251 251 250 251 251 251 251 253 251 251 252 254 224 131 132 178 108 81 76 89 116 117 115 84 102 137 83 163 229 243 183 120 120 152 146 134 126 91 51 76 112 95 69 61 51 56 54 66 64 71 79 131 141 129 159 121 78 69 67 78 84 68 74 72 108 131 136 137 140 136 134 133 136 134 129 122 128 138 135 120 129 131 127 123 128 122 124 119 116 121 110 114 117 116 119 109 119 124 127 128 124 115 117 117 120 114 110 116 113 111
80 122 132 127 127 125 118 124 125 125 128 121 129 125 144 240 254 253 251 249 251 253 252 248 251 251 252 251 250 253 219 112 140 149 148 81 85 115 142 144 123 143 174 150 99 79 90 192 235 202 191 141 153 166 155 112 71 95 104 73 72 73 63 64 57 67 97 89 92 109 119 95 151 142 99 80 66 61 72 74 70 91 129 141 141 130 133 141 134 133 134 124 130 130 129 134 122 127 126 130 124 130 132 126 130 127 131 126 120 118 111 104 111 105 107 114 120 120 119 112 120 119 121 113 109 113 110 108
96 131 127 125 124 122 114 125 130 127 123 118 123 126 122 179 251 253 251 252 252 252 251 250 250 251 251 251 251 252 244 222 226 166 120 80 67 90 144 161 157 174 154 99 97 86 75 80 138 201 212 149 127 141 101 102 97 137 135 119 111 107 98 56 73 118 131 81 87 121 137 114 116 188 106 72 80 78 75 73 81 132 137 140 136 142 131 137 135 134 139 136 137 143 141 135 135 131 123 125 129 130 124 129 123 126 129 122 129 127 119 126 131 128 122 114 123 111 113 116 111 106 118 116 117 106 106 109
91 119 119 120 126 115 115 120 119 123 127 132 130 128 130 140 231 254 253 253 251 253 251 251 250 251 252 252 251 253 251 252 185 145 116 82 84 119 112 172 184 173 158 144 88 66 61 60 56 63 78 76 57 105 107 88 77 74 76 90 96 94 133 99 112 102 108 102 107 120 118 131 136 141 132 100 81 88 79 68 94 133 138 135 133 145 136 127 130 135 148 145 137 129 138 140 132 136 133 122 127 126 132 123 124 130 118 122 118 130 114 125 128 129 129 116 117 115 121 124 120 120 117 107 108 109 104 106
92 120 121 127 126 122 126 121 120 116 131 131 127 137 134 132 183 254 251 250 251 250 251 251 251 252 252 252 252 252 251 252 233 205 130 84 99 187 189 119 110 196 121 121 105 82 85 62 55 55 55 63 71 90 138 124 63 64 67 66 111 120 134 149 150 135 153 100 104 149 141 148 147 118 167 219 141 86 72 85 132 132 130 132 126 136 142 137 134 139 135 133 134 134 136 133 123 132 127 128 128 130 130 124 125 124 123 120 123 126 115 117 115 119 123 116 118 120 117 116 112 119 126 114 114 112 110 117
101 117 122 126 122 127 117 129 124 129 124 118 131 132 136 128 141 233 253 250 251 252 251 251 252 251 253 252 252 251 253 253 255 251 237 187 188 192 132 72 144 197 130 106 95 84 84 80 66 55 67 81 68 65 81 87 53 55 76 81 90 134 113 167 223 229 164 120 181 209 181 148 115 113 211 255 234 121 67 118 141 136 140 135 132 135 140 145 142 140 141 145 137 136 132 129 131 127 131 123 124 129 126 125 125 126 122 127 123 122 114 122 124 118 114 122 128 120 119 117 116 116 117 118 117 119 107 114
114 122 115 124 128 116 110 124 128 127 128 126 137 130 139 135 127 182 254 251 251 251 252 251 252 250 251 252 254 252 254 252 252 252 255 255 253 225 160 87 117 159 183 160 92 82 55 58 67 53 78 87 79 70 103 122 69 45 77 114 91 104 97 176 219 202 102 100 139 124 95 68 68 71 133 244 255 219 100 85 136 144 137 139 133 134 136 138 132 126 125 128 136 135 134 144 131 134 139 133 131 130 120 128 125 120 119 124 122 127 119 118 119 121 114 122 111 116 123 120 113 110 107 111 119 115 107 114
123 118 122 119 122 122 130 133 136 126 132 132 126 121 122 128 128 135 228 253 251 252 253 250 250 252 252 250 252 251 251 253 253 252 252 252 251 255 201 103 97 148 173 104 99 113 85 60 62 64 74 97 103 121 99 125 124 52 85 130 137 90 107 162 168 102 67 62 59 62 87 68 91 97 101 176 235 255 216 91 100 146 138 149 137 140 134 125 125 131 122 131 122 128 133 135 131 135 144 137 132 128 124 124 127 117 125 123 120 117 115 123 121 123 121 116 108 119 115 116 116 118 110 112 114 103 106 113
128 119 121 125 130 125 119 129 129 120 132 131 127 127 124 128 129 126 184 253 250 253 251 251 251 252 252 250 248 252 249 253 252 249 253 252 253 251 213 143 123 114 98 76 93 114 97 80 59 68 77 118 118 129 97 102 122 74 90 141 143 150 121 99 74 77 93 73 67 73 105 102 103 126 119 123 193 254 255 209 94 113 152 149 140 143 139 137 138 133 130 127 123 123 126 130 132 135 133 131 125 119 132 124 126 131 128 122 123 126 124 118 125 119 119 117 119 120 115 117 121 116 116 119 117 118 109 109
133 130 131 129 134 127 118 123 123 118 125 131 121 121 125 128 127 131 140 227 254 253 253 251 251 251 252 253 251 251 251 253 251 250 251 251 253 252 237 179 146 149 112 115 141 129 73 73 69 85 100 123 97 102 103 108 113 95 105 123 160 122 76 84 77 89 107 94 82 66 88 86 90 126 123 150 218 253 254 255 203 110 131 151 135 143 132 139 134 131 135 138 127 128 131 134 131 138 130 126 127 126 128 122 123 122 121 121 127 127 130 124 127 133 124 120 115 121 123 114 120 125 115 125 124 121 120 111
127 126 118 124 130 123 124 130 133 126 127 128 129 132 133 133 128 131 132 192 255 251 250 253 252 252 250 248 248 251 252 252 251 252 252 253 252 251 254 194 122 169 126 166 170 108 75 61 80 82 107 115 76 82 98 117 136 125 104 120 166 88 77 87 107 104 88 85 97 93 111 136 146 180 219 245 252 249 253 252 255 208 121 149 144 136 135 136 144 138 135 134 137 142 144 131 139 134 128 127 126 127 132 126 121 127 123 121 122 129 127 127 128 131 126 127 128 128 126 124 116 120 118 116 119 120 113 112
136 121 123 126 130 135 128 128 131 132 129 131 133 132 135 132 135 134 137 159 248 251 249 251 251 252 250 250 249 254 252 252 253 250 251 253 252 252 250 170 82 116 153 128 115 110 111 87 84 94 111 122 105 126 147 122 134 141 111 125 123 112 125 122 138 156 183 210 212 221 230 238 250 255 251 250 242 242 252 252 245 178 120 155 145 142 139 143 140 139 137 139 133 141 141 131 139 137 136 135 134 128 128 127 120 132 127 123 134 132 126 129 126 124 120 133 131 126 133 135 124 121 116 117 122 119 119 113
127 123 124 135 134 126 138 136 132 134 130 129 136 124 136 140 136 132 135 143 229 252 251 249 248 251 252 252 250 251 251 252 251 252 252 251 251 254 226 124 98 80 101 88 94 144 135 178 170 157 133 104 121 127 151 150 177 190 196 184 197 226 233 234 242 248 254 253 253 251 253 250 246 246 247 247 248 249 253 254 209 106 111 138 133 136 137 138 141 143 146 141 146 148 138 139 145 133 137 130 128 137 136 133 129 128 126 127 130 127 121 135 128 126 121 119 120 122 123 124 123 117 121 121 123 118 126 120
123 120 121 132 127 124 126 130 129 138 129 129 128 128 135 137 139 133 129 128 189 254 247 251 250 251 252 252 251 252 251 252 250 251 251 251 252 255 185 123 131 138 115 108 137 136 172 234 246 251 209 126 111 135 184 239 250 252 255 255 254 253 253 251 248 250 246 245 245 241 243 248 245 247 248 250 252 253 250 250 244 152 99 132 133 136 132 130 128 130 139 138 143 141 141 138 137 133 142 140 139 141 137 134 131 128 125 126 130 133 124 119 120 130 124 125 126 122 123 121 126 123 124 121 118 112 122 131
122 123 124 125 130 134 127 124 130 125 132 126 132 130 130 138 134 134 129 133 146 239 251 252 248 252 252 249 252 250 252 252 251 253 253 253 253 252 232 183 164 202 180 139 145 152 231 249 252 251 250 237 223 233 248 246 243 241 243 246 250 249 248 246 245 242 238 243 243 238 246 249 248 250 251 249 252 249 251 248 255 198 135 132 127 133 133 129 127 122 126 132 134 135 137 135 133 141 138 139 145 138 138 137 141 137 130 133 131 131 127 128 129 126 122 120 128 126 121 118 122 122 122 124 124 111 122 126
132 125 126 132 129 126 129 122 127 135 131 131 137 134 130 133 132 131 125 137 136 192 255 250 250 252 250 248 249 250 252 253 251 252 251 251 250 252 255 242 223 238 245 244 243 246 250 250 250 250 251 253 250 244 241 237 245 245 243 231 235 242 240 240 242 238 241 242 246 248 243 246 245 246 251 248 249 250 252 254 231 154 141 133 134 142 132 127 130 129 129 136 133 139 129 132 131 130 128 133 138 134 134 128 136 136 139 135 137 137 132 134 139 129 119 119 130 129 117 112 114 121 121 118 116 116 118 119
128 126 124 133 133 126 130 132 131 124 128 136 134 130 129 135 130 131 135 130 134 154 242 250 250 253 251 249 251 251 251 250 251 249 242 248 252 252 251 255 255 253 254 254 252 252 252 248 249 251 251 251 252 250 249 245 247 243 241 224 225 230 232 234 240 243 237 240 244 246 238 243 243 246 245 248 253 252 237 198 138 124 141 133 134 129 133 133 127 130 133 126 125 131 127 134 127 122 125 133 135 130 123 126 133 130 138 133 136 130 139 137 128 126 125 119 120 124 123 129 124 122 117 120 111 114 113 119
130 124 128 124 131 126 130 127 121 131 132 136 137 128 135 141 129 123 137 140 143 144 197 255 251 251 251 250 250 252 253 252 250 242 239 248 248 250 250 251 251 250 248 246 248 248 245 245 237 247 243 235 235 236 236 236 241 240 234 236 229 234 237 231 236 245 236 239 242 235 241 249 249 245 247 253 238 182 132 117 115 138 148 130 129 127 131 125 128 129 130 124 133 124 123 130 137 130 125 121 128 124 125 129 131 127 132 135 128 131 128 130 129 127 135 127 127 126 122 118 121 123 124 121 119 115 115 116
129 120 120 131 121 124 125 128 117 122 128 114 120 124 135 137 119 134 139 145 141 143 145 235 250 251 252 252 251 253 250 250 248 239 238 246 247 250 246 241 250 249 245 240 243 245 244 239 244 245 245 237 228 221 222 228 229 236 226 228 222 228 227 232 234 241 240 238 242 243 250 244 248 251 234 194 132 102 106 110 129 134 148 145 136 135 134 131 128 128 128 129 127 127 119 130 138 131 131 124 133 126 126 128 135 129 128 132 130 123 124 127 135 128 126 129 125 124 117 115 129 126 120 121 127 115 120 117
126 122 120 120 126 126 126 119 116 121 128 121 122 128 136 134 126 128 135 137 141 134 111 176 255 251 252 253 251 251 252 248 245 248 241 244 248 249 252 248 253 252 250 249 247 247 244 241 244 243 241 242 229 220 217 213 219 217 212 220 232 231 235 237 239 243 246 249 250 247 239 246 255 199 109 116 105 103 116 127 132 136 152 140 132 128 128 133 133 134 133 123 122 121 124 131 130 129 125 114 132 131 123 125 133 133 135 128 129 125 124 126 125 125 131 125 119 120 116 122 131 120 116 128 126 116 113 119
126 121 121 116 120 123 123 125 112 112 126 123 118 114 121 127 134 130 126 125 135 140 128 136 240 251 251 252 252 251 249 247 247 247 247 246 245 249 252 250 250 249 252 252 250 250 248 247 247 239 229 231 230 227 212 209 217 221 222 224 224 237 240 240 243 247 246 245 244 246 250 246 167 85 77 102 99 111 105 128 127 149 153 144 139 138 133 135 127 134 132 127 136 124 131 135 126 128 123 121 127 127 132 125 121 128 136 126 128 120 115 125 129 125 124 118 125 119 117 125 133 126 123 119 130 119 114 114
128 123 121 119 114 121 124 134 124 115 116 133 128 121 117 129 125 131 128 127 126 134 130 137 221 255 252 253 253 253 246 250 250 248 248 247 243 246 252 248 247 248 251 251 250 251 247 249 251 250 240 240 235 231 226 222 218 224 226 221 228 241 244 247 251 239 231 237 248 254 229 136 72 67 70 98 107 106 115 125 135 155 145 156 140 145 138 134 133 138 140 126 130 123 127 121 120 118 121 119 118 121 116 119 117 124 122 121 122 125 123 132 119 117 113 117 127 130 130 129 134 124 122 114 113 119 124 121
122 118 122 115 125 127 126 129 127 123 121 125 122 120 123 129 130 128 129 130 129 136 128 135 179 254 244 252 254 250 249 252 251 251 248 247 246 247 250 251 249 252 248 249 249 249 250 250 250 245 242 246 242 238 236 231 218 221 230 230 239 249 250 236 216 219 243 250 235 173 117 68 65 70 70 89 115 101 124 123 145 144 148 155 144 142 143 140 142 135 133 133 127 124 127 133 129 125 121 122 119 121 117 121 121 119 119 126 129 126 125 124 129 125 118 118 112 118 124 123 119 121 115 120 113 119 118 128
121 117 122 122 123 117 118 123 120 122 127 129 128 125 125 127 124 127 131 141 130 133 135 132 150 238 252 252 251 249 247 252 250 249 249 248 249 247 247 253 253 250 248 248 248 250 253 253 247 247 234 221 208 234 236 236 236 238 244 244 243 240 222 206 226 245 229 175 113 71 77 63 63 54 53 93 121 96 112 144 150 145 170 156 132 130 134 132 136 143 139 135 141 131 128 124 133 127 128 126 120 121 130 128 125 121 126 124 125 111 116 119 125 136 123 128 118 123 125 120 115 119 122 124 125 126 112 110
112 118 121 129 122 117 117 121 123 123 128 122 131 130 130 128 127 123 132 131 131 124 121 131 128 206 255 253 249 246 248 249 249 250 251 253 249 246 249 252 251 251 251 250 250 248 233 209 211 219 194 166 162 184 223 235 230 233 222 223 214 210 220 226 200 151 107 84 75 77 75 58 60 59 57 112 132 98 103 135 151 164 162 148 141 131 131 125 127 141 137 135 141 139 138 137 135 132 125 123 125 117 127 123 130 127 128 124 123 109 112 121 134 146 123 116 123 128 115 121 119 116 116 120 112 118 120 120
114 118 126 124 121 123 121 123 115 120 125 126 131 131 134 138 130 128 138 133 129 135 133 127 131 167 252 252 243 248 246 243 243 244 244 248 250 250 250 252 253 253 251 233 201 142 98 80 89 108 182 167 163 159 179 188 184 189 193 209 213 214 170 112 82 76 82 77 78 76 69 57 54 59 83 111 146 125 119 99 142 175 151 141 143 136 138 125 131 132 127 131 132 131 123 139 136 138 140 131 134 133 131 129 126 131 131 132 126 123 117 118 120 122 123 124 117 118 119 116 108 119 113 112 110 120 122 120
113 112 115 118 115 129 126 129 117 120 126 130 127 124 126 141 130 131 131 130 133 134 140 127 134 137 214 242 247 248 246 241 236 237 235 241 245 242 244 247 242 231 153 94 74 68 71 62 70 101 169 163 167 180 170 180 185 195 177 155 134 101 68 73 71 81 75 74 72 78 70 50 51 75 100 107 133 132 91 75 116 171 140 142 147 145 143 133 140 140 134 131 131 133 126 127 128 129 133 129 126 134 133 135 128 127 121 136 126 125 122 127 119 120 131 124 119 118 124 117 118 123 119 115 118 107 110 111
101 105 110 120 115 123 125 121 116 130 124 131 125 123 125 133 131 133 137 137 134 134 138 137 130 129 143 155 168 194 215 220 218 222 221 223 212 188 173 174 161 110 78 70 63 67 63 65 122 143 95 131 98 103 116 112 128 122 83 71 72 73 73 67 70 79 82 74 74 73 67 53 63 79 99 103 115 149 146 110 107 146 150 138 137 131 139 143 142 136 139 131 134 127 128 123 127 124 120 125 128 122 137 132 126 130 136 129 124 126 124 118 120 120 121 126 114 117 121 115 118 114 114 116 115 114 112 113
91 97 105 116 114 114 119 113 113 113 112 125 121 123 128 126 125 130 131 135 128 124 130 134 130 130 133 126 128 137 138 156 157 162 153 155 146 140 137 140 142 120 72 69 67 70 62 92 140 125 78 72 59 60 60 66 58 63 61 70 69 71 72 65 77 76 75 73 76 74 69 57 68 81 92 102 115 149 177 112 81 121 159 147 136 137 135 131 135 133 141 135 139 133 137 134 121 116 119 117 121 110 125 130 135 130 135 128 136 130 131 121 117 116 114 123 114 116 117 109 112 117 115 120 116 125 117 117
111 107 111 107 106 107 103 109 111 117 115 117 118 113 120 128 128 135 129 128 119 125 129 141 134 129 135 137 131 127 126 124 128 135 134 136 135 145 139 140 137 136 89 70 61 64 71 131 148 115 72 68 54 53 60 68 62 62 66 63 61 71 69 65 70 83 73 65 69 71 71 63 72 85 96 97 121 142 162 139 76 99 153 134 129 140 137 136 149 139 141 143 131 137 133 137 133 131 122 126 130 119 126 118 119 122 124 124 121 129 126 126 122 121 118 119 120 113 116 119 113 111 115 115 104 113 114 116
111 100 103 105 105 111 109 114 110 117 109 117 110 117 125 123 129 135 131 129 125 132 133 134 136 124 130 131 132 126 130 133 133 137 133 133 137 142 141 140 137 137 136 107 82 68 108 146 146 108 67 61 55 54 61 65 59 58 59 65 72 73 68 67 68 73 67 67 69 79 72 66 68 73 89 106 110 117 123 135 78 76 134 140 130 136 139 143 144 136 122 131 124 126 136 130 131 141 142 140 136 127 124 125 125 128 128 125 120 123 123 127 127 126 127 124 126 123 117 118 117 115 110 120 119 113 106 107
94 101 104 96 106 103 110 122 115 113 111 119 117 117 119 131 125 127 139 135 136 130 125 128 131 133 133 130 125 129 138 136 135 140 139 129 144 140 144 146 150 140 139 139 137 133 136 140 140 97 61 55 48 62 61 60 57 56 58 62 65 71 67 63 70 75 68 59 65 77 82 69 61 74 88 95 89 78 83 93 94 64 106 151 129 130 126 135 132 133 132 133 125 124 123 125 130 134 136 138 132 138 132 130 123 115 127 131 130 123 117 116 122 114 110 112 103 110 109 110 112 119 122 115 114 115 112 104
90 96 98 97 105 111 108 105 107 114 118 121 116 116 116 124 129 121 131 136 133 139 128 124 124 124 133 136 131 133 128 132 138 138 139 136 138 129 142 137 140 140 145 149 141 135 132 136 125 83 57 54 53 58 54 59 61 59 60 59 62 60 69 62 68 72 69 63 67 69 77 67 70 69 77 86 60 54 77 79 128 73 80 134 138 139 137 137 138 134 138 126 127 129 132 127 132 131 133 131 133 141 130 130 133 134 139 134 121 124 117 118 116 120 118 112 108 110 104 105 109 105 106 109 114 120 115 116
92 92 100 96 103 105 110 110 114 107 112 117 116 125 120 118 124 123 113 128 131 130 128 119 117 127 131 130 135 134 129 139 143 131 140 138 135 133 138 135 139 132 146 147 144 142 138 139 126 78 63 53 60 58 61 64 62 59 64 63 67 69 66 53 67 70 66 62 75 72 79 63 65 68 74 83 52 48 81 81 133 104 71 123 135 135 136 128 129 124 128 128 130 124 129 133 122 122 124 130 145 133 128 133 130 127 128 130 124 123 120 121 114 120 125 113 118 112 106 105 108 110 107 103 107 106 112 121
92 94 89 94 90 101 103 105 104 108 115 110 115 116 117 118 115 118 115 120 126 130 129 121 123 128 132 135 126 132 129 138 130 126 134 139 148 144 145 138 138 131 137 134 136 141 136 136 123 75 54 59 62 63 64 66 60 63 62 59 69 69 67 66 63 64 67 63 72 70 71 57 59 67 73 83 56 36 62 91 128 135 72 110 126 130 123 125 127 128 127 128 126 130 132 129 130 123 127 139 134 108 117 126 136 129 123 121 116 121 117 111 112 122 112 111 119 115 110 110 110 109 108 108 103 104 102 108
88 80 88 94 94 106 101 95 107 105 109 105 115 112 115 116 124 120 117 122 131 133 122 120 121 130 134 134 129 133 129 128 130 130 132 139 134 142 140 136 147 147 146 147 148 141 141 150 109 57 51 57 60 58 54 57 62 66 60 62 62 59 63 66 68 64 55 56 69 68 57 58 51 59 73 95 76 43 46 86 113 145 108 105 131 127 127 125 129 130 130 127 115 134 125 127 132 128 127 121 122 125 132 125 121 120 115 118 125 121 116 114 118 112 110 105 99 111 105 107 106 109 103 110 112 110 111 108
79 76 86 87 92 97 98 95 99 97 109 110 114 115 113 121 115 115 111 123 129 128 120 121 117 118 127 133 134 135 129 132 130 125 131 140 138 143 134 133 134 135 144 143 148 142 141 136 86 53 58 57 60 60 61 61 57 67 60 62 63 67 68 68 64 62 64 61 71 62 63 51 55 59 67 92 86 44 45 69 115 142 125 112 130 127 130 124 135 138 130 127 123 127 118 118 121 133 122 123 126 133 130 126 119 118 125 119 120 120 126 112 114 109 111 109 95 94 89 84 95 110 107 114 112 107 102 105
82 85 84 85 90 90 93 94 94 97 100 116 117 108 105 116 110 100 112 109 114 111 124 128 124 122 126 126 124 119 127 131 128 135 141 137 146 138 139 141 139 128 135 139 135 140 147 131 72 57 60 65 65 64 59 59 54 65 62 68 63 56 60 60 64 64 63 66 71 76 64 53 55 63 70 90 85 52 39 60 114 132 131 142 130 137 137 128 132 131 127 128 125 128 131 129 127 127 125 126 123 114 113 108 118 112 116 119 122 113 119 112 117 120 119 118 108 101 103 108 108 106 104 109 110 104 108 109
80 80 82 88 90 98 93 92 94 103 105 114 112 114 114 111 110 106 109 115 115 122 125 125 122 121 118 124 120 117 135 134 136 135 136 131 137 137 143 146 131 129 128 134 131 141 139 111 57 63 67 66 62 60 63 57 59 68 66 69 71 64 62 63 63 57 66 67 66 64 64 55 47 67 63 83 82 63 44 49 110 153 121 133 137 140 139 131 133 129 125 127 127 128 132 123 124 127 124 124 117 117 117 108 111 115 118 125 117 120 119 111 111 112 114 114 114 113 102 111 108 110 108 111 109 109 104 105
75 78 90 84 89 98 90 98 101 100 101 106 103 112 119 108 107 112 109 120 124 122 133 117 113 114 121 124 124 133 131 130 128 122 123 133 135 139 140 141 136 138 131 133 133 133 140 106 60 64 66 60 59 64 61 56 63 68 61 62 69 65 57 66 59 56 65 61 69 65 54 41 50 61 65 77 78 68 43 42 74 150 91 100 133 135 137 127 129 130 127 135 136 133 126 123 122 119 122 120 116 120 124 122 118 124 125 118 113 112 116 120 108 106 112 116 110 116 109 106 111 107 105 108 110 106 108 105
72 80 80 84 86 91 87 93 96 97 106 103 101 108 113 108 109 109 113 116 115 123 132 122 120 115 118 120 127 118 130 130 130 128 129 135 135 138 141 141 144 142 137 132 138 138 142 107 73 66 69 55 54 57 68 55 66 67 62 63 66 63 62 59 58 58 66 61 55 57 53 47 51 57 64 73 81 69 57 45 46 90 80 110 128 134 132 130 125 127 127 124 133 136 125 118 127 121 123 126 118 111 122 122 123 120 116 120 121 118 112 116 116 117 111 114 110 110 107 104 111 106 110 104 109 105 108 111
79 74 84 90 83 84 92 95 89 96 102 101 103 108 105 108 105 114 118 112 102 101 122 119 118 124 128 128 128 129 131 132 134 136 134 139 135 132 137 123 135 141 135 140 137 140 134 101 68 56 65 60 59 57 63 56 57 55 64 64 63 64 67 64 66 62 62 62 60 63 58 56 49 56 63 69 75 67 68 51 48 50 87 133 122 127 127 128 125 126 127 125 124 128 127 123 126 124 121 121 120 119 120 120 122 116 119 118 119 119 117 115 112 111 107 113 114 108 109 103 106 109 98 107 106 104 112 111
81 77 82 84 82 89 86 93 93 105 109 104 101 111 110 110 115 116 122 122 103 100 117 125 120 119 123 134 133 131 132 130 134 127 121 128 127 126 139 135 133 135 136 141 133 132 132 104 71 59 62 60 63 66 58 58 56 60 66 60 66 61 65 65 62 61 64 62 60 64 57 50 45 55 53 60 67 67 62 56 52 62 127 129 126 130 126 133 128 125 125 115 121 128 125 127 125 122 123 118 125 125 120 125 122 131 121 127 125 118 122 123 120 118 109 110 108 105 111 110 109 112 112 113 113 102 106 104
86 82 80 90 93 91 95 93 96 91 101 97 99 108 110 114 113 113 122 114 111 110 125 125 123 119 125 130 131 123 128 122 128 130 122 121 125 131 126 124 130 135 138 139 132 138 143 100 69 58 55 57 59 57 61 63 63 56 70 64 60 62 60 63 58 67 68 63 65 61 58 50 50 58 59 60 61 65 71 60 64 116 130 123 128 129 128 131 129 131 130 132 130 132 130 127 120 130 118 108 124 119 124 114 113 124 123 127 128 122 114 116 122 115 118 117 108 115 120 108 104 110 115 111 109 106 105 108
84 85 86 88 83 89 101 99 101 96 93 100 109 102 96 96 109 114 115 109 118 112 120 122 118 113 127 132 127 128 120 130 126 123 128 129 137 135 131 127 140 132 136 139 140 133 145 126 75 64 54 55 57 63 65 60 59 64 57 57 54 63 59 58 57 58 54 54 67 63 61 57 57 57 62 60 68 68 66 67 95 129 132 128 129 132 134 137 131 128 137 131 128 135 139 130 119 111 100 117 111 118 121 108 119 115 116 129 127 114 117 120 118 112 115 119 116 121 116 110 110 108 113 103 105 104 102 109
87 92 87 87 86 93 98 103 98 105 100 104 99 96 106 104 104 119 119 116 114 124 121 128 118 120 127 123 127 121 117 123 119 122 124 129 125 131 128 130 143 136 143 148 146 139 146 146 92 65 63 61 57 57 62 56 59 64 57 52 55 58 65 72 62 54 58 62 67 61 63 62 63 63 65 58 62 59 66 88 129 132 121 126 124 120 131 125 126 142 119 119 120 134 138 129 127 133 127 117 112 123 114 122 124 120 121 126 128 126 116 111 113 109 114 117 114 120 114 114 107 113 112 104 112 111 103 108
89 81 88 83 85 100 97 92 97 98 99 104 107 111 114 114 113 112 123 117 120 125 119 126 122 125 126 125 126 124 122 112 111 120 123 118 120 124 123 130 136 139 137 142 146 128 136 139 110 73 65 62 56 63 64 66 56 60 60 56 60 65 67 61 56 54 63 68 63 65 68 63 65 67 67 77 74 77 107 128 136 123 115 118 130 124 125 122 130 136 118 108 113 125 123 126 123 131 128 129 113 126 110 116 110 118 122 124 120 121 108 114 120 115 108 109 108 110 113 121 115 114 107 114 113 118 115 111
85 80 89 85 92 101 98 96 105 96 97 105 109 108 113 112 111 113 113 118 122 122 116 117 133 122 124 124 120 126 115 118 128 124 124 126 124 133 143 135 129 134 141 125 132 126 130 131 119 76 70 59 59 54 56 66 65 55 60 61 61 61 64 58 54 59 65 63 65 68 65 62 68 62 76 111 131 130 140 139 127 126 119 119 120 122 125 132 137 140 129 124 118 117 120 128 128 136 129 129 117 107 109 107 125 126 124 119 121 118 117 116 115 114 116 111 110 112 114 114 106 107 110 109 112 103 105 111
85 85 86 90 99 95 103 100 102 102 99 105 110 107 106 107 113 117 115 120 123 122 115 123 126 116 127 125 127 126 124 125 130 120 118 118 127 133 132 137 132 136 133 123 132 140 137 140 112 81 65 59 53 52 62 57 61 65 60 57 54 63 69 59 60 52 62 61 65 59 64 69 74 73 81 110 141 133 134 131 129 134 132 127 129 128 124 127 125 129 127 135 136 129 127 122 124 134 120 126 113 103 115 120 119 113 119 124 119 112 124 116 121 113 116 110 114 109 116 104 101 114 112 109 108 101 101 111
94 93 91 91 97 97 97 106 110 106 106 106 102 106 105 112 113 120 110 116 115 121 125 119 127 123 132 130 126 121 115 115 122 124 129 125 125 126 137 136 139 142 129 120 120 141 141 136 113 75 62 63 57 60 59 54 57 52 64 59 62 67 67 57 57 55 62 69 66 64 61 72 75 86 90 106 132 132 140 132 136 131 129 131 131 123 125 125 132 131 131 135 123 121 125 130 128 122 121 105 96 121 138 110 125 122 123 121 117 113 117 112 113 122 124 118 120 106 113 111 113 114 113 115 114 115 116 112
93 89 90 97 97 97 101 113 108 100 109 106 105 108 112 119 117 114 117 120 117 119 122 126 130 118 120 128 125 119 111 115 126 126 130 129 131 135 136 133 145 149 133 128 135 137 150 141 116 80 63 57 65 57 57 58 58 56 60 57 65 70 64 57 54 66 61 58 59 66 66 72 74 83 93 109 131 136 144 135 131 125 120 127 126 123 125 128 134 123 129 125 128 120 119 125 131 122 118 111 110 118 121 119 129 122 119 124 125 122 116 107 109 109 114 119 110 107 109 109 110 112 116 119 118 120 119 113
91 91 96 101 101 103 101 112 104 100 103 107 112 115 120 115 125 122 116 112 114 113 113 117 119 114 114 113 116 113 117 121 125 125 124 132 133 132 128 135 143 140 137 139 139 131 141 139 118 85 73 65 64 60 54 61 67 55 52 56 62 63 57 60 56 66 66 62 62 69 70 69 71 82 88 108 127 133 134 132 133 139 138 136 121 120 119 125 129 127 128 119 126 128 187 147 131 129 122 118 114 122 117 119 119 113 120 123 120 121 120 105 108 106 110 115 110 109 112 113 115 112 110 122 113 113 118 121
85 94 98 102 96 102 102 101 108 109 106 103 106 114 115 109 124 122 115 121 115 106 109 112 106 108 105 112 120 117 118 131 125 131 132 127 126 121 129 125 132 137 132 131 136 127 130 135 112 77 62 63 59 59 55 57 63 58 60 59 60 63 62 53 59 61 60 64 63 62 74 71 74 90 82 105 110 117 133 130 126 135 131 135 127 129 120 128 130 128 123 121 121 123 203 161 121 122 123 118 121 121 120 119 125 124 118 121 118 120 117 126 119 116 120 111 112 112 108 117 120 125 113 117 109 116 123 123
95 95 98 102 94 105 108 104 108 111 108 105 111 108 105 105 108 114 108 108 117 114 114 114 112 113 113 120 119 123 121 127 129 123 127 126 127 128 128 133 127 130 137 132 142 136 139 137 111 76 70 64 54 61 57 58 58 52 48 55 54 54 57 61 61 58 60 57 65 64 71 78 76 74 93 133 133 133 122 112 119 125 131 135 135 130 131 127 124 129 124 122 126 124 120 124 126 124 130 132 137 127 126 117 123 115 116 126 120 126 124 114 110 111 115 110 114 113 121 111 123 124 116 116 115 121 125 122
97 98 103 104 105 101 111 106 101 100 104 110 102 104 106 113 108 109 110 110 115 112 118 118 120 117 116 112 118 119 124 122 124 125 132 133 127 130 125 118 131 134 136 125 135 134 131 139 106 68 66 62 60 60 63 61 52 55 59 61 49 59 65 55 57 54 55 65 54 57 71 79 72 96 125 135 127 127 129 129 131 124 124 132 132 135 131 123 124 126 125 131 127 122 125 123 120 125 125 127 125 123 128 125 132 128 118 126 118 115 112 111 108 107 106 118 109 116 120 120 125 122 115 117 118 116 118 119
95 91 101 104 105 103 100 101 103 110 110 103 106 104 114 115 113 112 125 120 119 113 117 118 119 111 116 120 121 125 124 116 126 127 126 127 123 130 129 127 142 125 126 125 124 125 126 135 98 78 64 56 55 51 58 61 65 59 67 63 60 63 62 63 56 57 57 59 55 57 76 81 80 126 136 139 130 127 128 132 123 124 123 129 126 132 122 125 129 123 133 128 124 122 127 126 120 124 130 136 130 131 133 131 130 128 126 127 124 113 116 121 118 117 119 119 117 108 107 119 119 113 117 114 116 115 125 122
97 92 101 104 110 112 103 108 106 107 105 107 111 108 118 129 122 121 129 117 119 123 121 124 117 115 120 127 122 126 124 125 122 132 124 129 131 128 132 120 125 116 122 127 127 127 130 144 98 81 70 65 60 51 54 62 61 72 72 68 63 67 67 69 71 70 70 62 64 66 81 86 100 137 141 133 126 124 124 126 126 129 125 130 134 130 128 118 126 125 125 119 122 123 118 118 129 127 122 119 123 125 122 124 130 130 133 132 127 118 121 119 126 124 124 115 119 112 117 111 111 114 122 111 111 116 114 118
102 99 92 103 106 102 108 111 114 115 116 110 112 113 113 112 115 123 123 115 125 125 125 119 118 124 127 134 123 128 127 128 131 123 123 125 133 132 129 129 127 124 127 130 133 125 137 137 98 77 63 67 63 62 68 61 52 65 71 71 67 67 67 71 69 72 71 71 72 69 84 89 101 131 129 133 131 123 122 123 124 130 132 130 133 126 128 116 123 129 122 122 135 133 116 118 120 133 128 117 111 121 125 120 126 125 128 133 128 120 117 122 122 114 115 121 113 122 126 114 111 124 118 115 115 116 113 111
103 107 99 98 102 105 114 116 119 116 113 117 116 113 118 109 104 111 120 123 118 123 119 121 119 125 122 120 117 123 130 125 130 112 117 126 123 128 127 128 126 128 131 134 138 141 133 137 95 79 60 56 59 61 65 70 66 63 57 55 64 62 65 65 70 74 74 76 75 79 84 92 108 130 127 134 126 130 127 121 124 131 124 130 132 128 118 121 117 121 120 126 125 143 122 124 121 126 123 125 117 120 127 120 117 112 123 117 118 118 123 124 126 125 120 123 117 119 119 108 108 123 119 117 115 115 113 108
110 103 108 108 106 107 111 112 111 105 109 114 110 112 111 114 118 111 114 109 114 118 121 130 120 117 112 116 117 119 122 126 115 125 124 115 119 122 132 132 128 129 131 135 141 134 134 129 89 79 59 66 59 62 67 68 69 68 60 60 62 51 57 64 67 71 79 81 85 93 81 91 114 128 136 139 127 130 127 122 121 127 122 130 128 137 127 125 124 120 114 117 113 135 139 123 113 118 117 116 115 126 129 125 114 111 124 116 111 117 122 126 119 125 130 118 110 105 114 119 115 122 123 117 115 112 112 113
100 102 108 103 109 110 106 110 111 107 115 113 116 119 113 117 126 126 109 113 120 118 126 129 124 117 123 110 115 121 113 115 123 126 127 126 125 127 129 130 126 121 120 137 141 136 132 138 94 78 66 60 58 57 53 64 66 73 72 62 78 70 71 71 47 55 59 72 67 65 78 91 105 119 121 119 131 137 131 126 124 123 125 125 134 129 118 128 122 127 133 123 129 129 138 126 119 124 114 121 119 115 123 126 119 115 128 119 117 121 122 116 116 120 122 119 119 119 114 106 116 115 121 119 108 103 114 119
94 103 109 105 108 107 109 116 104 107 109 110 120 113 123 120 112 110 114 114 119 129 119 122 130 117 110 116 124 112 113 116 120 131 129 127 118 128 128 125 129 130 127 127 133 139 138 139 87 83 62 57 54 60 64 69 70 81 70 66 70 78 74 72 60 60 68 87 70 70 90 101 100 126 123 132 132 137 129 129 124 129 132 124 124 118 127 121 131 126 129 128 123 129 146 149 135 120 112 113 111 117 118 119 116 114 119 125 128 117 105 113 112 116 116 119 119 119 123 120 122 115 113 111 112 116 114 106
103 108 111 110 109 109 104 111 94 112 113 109 113 115 118 117 111 114 116 106 117 123 122 126 129 123 118 123 124 123 122 118 115 131 113 125 125 130 125 123 127 112 111 125 129 131 125 115 88 78 65 65 62 57 62 65 72 80 71 72 73 75 64 77 70 54 66 94 97 77 85 102 107 133 136 129 130 134 135 137 136 128 127 132 118 133 132 118 120 119 123 136 130 127 135 131 124 118 108 104 109 106 104 113 113 108 124 126 116 117 119 115 115 118 113 112 125 111 102 113 120 116 106 104 118 106 107 113
111 111 111 109 108 112 110 107 111 118 112 117 120 119 106 113 119 127 121 111 121 115 117 124 119 118 121 120 125 119 117 120 125 119 112 115 128 125 118 118 118 110 100 114 134 130 114 104 86 80 67 55 56 61 59 60 73 81 75 63 65 80 70 74 71 62 61 80 95 77 84 93 109 125 144 139 137 139 137 142 138 141 133 132 131 132 123 122 123 122 122 122 124 125 123 125 123 119 112 107 104 106 118 117 112 113 116 116 115 123 121 110 116 111 113 113 112 115 112 116 113 107 108 107 115 110 103 103
113 119 108 111 112 107 110 115 112 110 108 118 125 112 109 117 119 120 116 117 126 126 105 93 94 98 107 117 121 122 118 121 121 124 123 123 125 132 124 125 123 124 126 133 138 136 120 110 84 80 64 61 58 61 59 61 70 83 74 61 68 82 73 79 69 65 67 75 92 85 86 96 94 118 129 133 137 132 131 135 133 133 131 135 133 127 126 128 124 116 124 116 116 122 116 121 120 118 124 112 118 122 120 128 117 117 119 120 121 123 120 107 106 109 109 110 109 118 112 115 108 106 109 104 106 106 116 102
118 107 110 108 107 112 115 114 109 114 109 112 107 114 124 123 115 118 121 121 124 120 110 102 97 94 104 127 121 116 120 124 123 129 127 126 128 126 119 125 134 126 131 136 136 132 131 129 95 77 72 61 62 56 61 68 70 77 72 62 67 78 78 81 78 65 65 72 92 87 82 87 85 119 124 129 129 128 118 124 125 127 128 134 135 133 134 124 123 127 123 121 121 121 119 117 128 127 116 114 122 126 130 126 114 117 116 123 129 124 125 116 115 124 117 113 112 125 109 109 111 107 103 98 105 109 113 106
109 112 112 113 113 117 118 114 108 106 108 116 113 111 117 119 119 119 116 123 117 114 118 119 115 113 122 124 125 118 109 111 130 139 132 128 125 129 129 125 134 130 127 140 132 130 133 137 104 73 65 62 57 56 58 66 67 71 72 72 62 67 74 86 74 57 64 71 94 94 89 90 101 124 128 136 131 129 130 123 116 125 130 127 127 127 136 132 124 126 121 126 123 118 122 122 118 120 116 115 113 116 120 118 122 122 123 125 125 126 120 121 115 120 118 110 109 120 115 106 113 111 110 101 105 109 109 108
108 110 118 111 103 109 107 101 111 113 114 119 120 115 114 113 109 124 111 124 125 134 121 122 126 125 126 125 123 119 105 114 124 125 125 127 125 132 126 117 128 128 126 133 125 122 120 137 101 81 68 60 57 56 56 60 63 81 69 72 70 74 80 87 82 66 58 74 86 85 86 100 114 125 129 137 129 126 122 126 130 125 120 119 118 128 128 122 121 126 119 121 119 127 121 119 123 140 122 119 123 121 117 126 117 125 124 121 127 117 112 121 116 119 108 102 106 104 106 106 111 114 106 108 105 113 107 105
116 109 107 122 108 103 108 108 115 115 109 117 114 117 117 117 117 126 118 118 117 110 117 129 116 111 125 120 103 97 112 134 125 127 129 122 124 128 128 126 129 139 139 129 120 126 126 139 101 74 73 61 54 64 58 54 55 73 71 70 73 75 77 86 77 60 62 65 71 87 87 91 110 122 128 123 123 125 120 122 122 120 115 123 119 125 128 124 121 125 120 123 125 123 112 117 127 127 123 128 125 124 118 119 113 115 114 111 119 121 115 123 119 116 109 106 116 114 115 105 108 112 104 108 103 104 107 104
107 107 110 115 109 106 106 111 110 113 103 117 114 120 114 114 121 123 125 117 111 113 117 125 113 117 116 119 115 100 120 133 129 129 121 108 123 132 123 133 133 142 136 133 134 138 127 138 107 71 67 56 66 64 56 64 57 73 71 71 75 71 76 84 78 63 59 60 65 91 88 96 113 119 130 133 130 127 127 127 125 126 118 113 115 121 122 126 124 126 124 121 122 125 126 115 116 118 120 119 116 119 116 129 126 115 119 119 109 119 121 111 114 118 120 113 115 127 121 103 109 110 110 106 104 110 115 100
98 108 109 108 112 110 112 106 107 122 114 124 121 112 115 116 120 119 115 116 119 118 125 116 118 110 108 118 130 123 124 126 124 130 129 136 126 136 120 116 124 139 136 123 129 133 122 138 106 87 71 61 67 65 57 58 58 59 65 76 75 70 82 78 64 69 66 54 62 85 94 102 106 122 131 133 133 134 121 125 125 120 118 126 123 120 118 126 133 125 120 119 123 127 128 127 114 120 122 121 125 109 115 127 131 120 121 106 101 118 124 124 119 114 115 119 105 112 111 107 111 113 109 101 104 108 113 106
103 104 108 108 114 108 109 112 111 111 114 118 105 114 112 114 112 115 111 120 123 114 122 125 121 101 99 104 120 113 110 104 126 127 124 134 132 131 128 131 124 125 130 130 128 133 132 139 93 79 70 62 60 78 71 60 54 54 60 67 69 75 80 77 63 63 62 56 70 76 88 101 102 125 134 126 133 123 118 123 125 134 121 128 117 123 110 116 129 120 118 121 122 121 121 122 129 121 124 127 120 117 121 123 120 124 119 122 109 119 112 118 116 113 116 112 111 109 120 112 104 109 113 104 108 108 106 109
86 101 104 106 114 112 106 111 103 116 110 118 116 120 116 112 115 124 125 127 130 125 124 113 98 98 102 110 102 96 100 103 105 110 110 120 130 125 133 136 122 121 123 132 142 135 132 129 92 79 70 62 58 69 76 74 65 60 58 57 61 73 78 65 53 52 59 56 59 81 85 98 108 120 125 123 122 119 114 115 122 140 132 126 127 120 125 122 123 125 128 126 120 125 125 121 127 121 118 115 122 123 123 124 126 127 124 127 118 121 119 120 119 119 122 110 116 119 116 117 116 112 109 112 109 116 104 109
61 93 106 108 104 105 113 117 116 115 114 114 114 111 115 114 120 117 121 121 115 105 102 105 104 91 101 107 96 99 95 103 100 96 103 122 118 122 128 123 131 134 145 141 132 136 128 125 85 84 78 54 52 59 73 78 73 67 52 60 64 69 81 61 44 55 61 58 67 83 83 90 102 118 123 117 121 119 122 119 114 124 128 118 119 121 124 122 127 121 116 121 121 121 126 127 122 119 111 116 114 117 125 123 117 122 127 121 116 118 117 118 118 113 122 124 124 118 114 118 118 117 107 113 104 107 97 100
