88 86 90 91 86 86 91 98 99 101 107 121 119 106 97 86 98 105 106 103 104 113 110 105 110 111 108 103 108 107 108 114 118 114 104 96 94 101 112 119 116 112 107 108 90 105 104 104 102 103 97 102 100 100 111 97 105 101 103 102 111 97 103 106 106 96 103 105 98 95 99 105 101 91 93 101 101 95 102 105 89 96 98 90 88 91 97 105 94 85 94 92 98 97 103 106 102 105 104 98 101 99 97 96 101 97 101 106 100 96 108 110 112 111 106 114 119 114 114 113 117 115 116 117 122 117 120 122
89 106 94 93 87 95 96 85 85 96 111 118 120 120 113 95 90 94 92 89 91 108 106 112 110 108 110 116 116 108 109 108 109 110 104 103 97 98 99 107 103 90 105 107 102 101 106 107 99 94 79 84 105 106 103 102 110 97 101 100 105 106 98 103 106 100 95 101 103 101 102 114 97 98 100 104 101 100 101 99 93 100 103 96 93 88 90 95 104 99 92 98 94 101 97 97 97 96 93 95 99 101 101 99 101 96 96 100 98 106 106 106 102 108 111 105 112 111 112 113 113 119 112 117 119 116 118 123
115 141 113 88 96 94 87 90 80 77 91 95 100 108 100 107 106 91 95 92 86 100 107 109 113 109 106 105 108 109 111 113 113 114 114 94 95 102 87 95 103 102 96 97 103 110 91 89 106 108 92 81 85 91 104 102 108 102 103 107 103 104 100 102 102 102 99 103 103 102 101 92 96 94 97 105 100 94 92 102 96 96 100 88 89 92 92 92 96 95 96 101 100 96 93 96 99 94 94 98 92 93 97 92 97 97 88 103 97 96 95 101 104 102 110 111 100 104 107 111 108 113 111 120 114 117 115 120
95 100 96 88 91 88 83 88 86 79 84 82 79 86 86 87 93 86 88 95 90 82 100 110 109 108 97 94 96 101 99 99 94 102 94 94 112 100 94 103 101 90 87 95 91 88 91 101 97 99 96 100 96 91 84 98 104 106 106 102 100 110 108 100 102 106 101 102 97 104 97 95 100 94 92 97 95 94 96 98 91 88 84 90 83 86 87 81 84 84 90 91 93 100 90 93 94 91 96 96 92 92 96 91 96 97 104 95 98 95 97 96 103 95 103 95 95 99 97 97 102 111 109 110 105 115 120 107
106 97 97 95 93 88 89 81 71 75 77 76 80 77 85 83 87 95 80 79 78 79 85 97 97 99 90 85 85 92 97 88 85 89 83 92 98 91 92 86 88 81 86 93 82 92 89 93 98 106 94 100 104 108 102 96 91 95 106 112 99 96 91 91 106 109 110 115 105 105 104 102 104 108 107 101 100 102 97 98 91 84 86 79 78 78 79 77 86 79 82 90 77 86 96 91 92 88 88 97 97 96 93 99 101 97 104 97 96 102 94 93 94 92 100 97 106 98 94 96 105 94 104 101 103 106 113 108
104 99 98 100 100 101 104 96 102 106 96 99 100 90 96 106 98 99 102 99 108 108 109 106 105 108 106 95 87 88 87 94 96 109 102 107 95 96 105 93 92 85 91 98 88 84 87 86 85 84 84 99 93 103 117 104 97 84 89 102 105 107 106 105 107 105 95 98 96 99 100 106 110 107 99 99 103 102 98 91 99 94 101 91 88 84 75 83 85 91 88 88 90 94 96 98 94 83 88 88 90 92 85 98 104 98 92 94 94 99 95 97 100 95 105 105 102 99 98 92 96 90 100 100 96 102 103 102
105 90 81 82 79 74 91 101 88 88 96 105 112 98 112 115 117 108 109 114 110 113 115 110 110 109 118 113 110 107 101 102 95 95 92 96 100 113 113 109 108 111 102 108 109 104 96 100 92 88 85 85 85 93 99 87 88 79 76 82 91 81 92 87 89 93 98 98 90 82 90 89 97 100 101 96 90 83 97 92 89 87 91 89 91 99 94 93 86 78 77 81 89 87 90 91 82 94 89 87 87 88 96 100 89 92 92 92 101 97 97 98 97 98 90 99 102 99 95 92 94 87 97 94 98 104 103 102
101 107 99 96 89 90 85 88 87 90 83 82 96 83 91 92 109 112 112 107 104 110 113 109 108 105 109 111 106 107 82 102 114 107 103 90 97 104 102 105 111 123 114 114 119 117 115 118 113 109 111 105 108 110 104 111 102 97 83 92 87 88 93 83 79 78 86 94 81 81 85 82 88 88 97 95 86 85 81 86 88 88 84 80 73 85 82 94 100 84 76 75 84 91 84 83 86 79 86 93 89 93 98 92 82 88 96 92 92 88 87 90 90 95 94 96 98 100 94 90 99 91 91 96 96 97 99 99
80 83 91 92 93 101 98 91 76 80 89 93 108 105 103 102 110 107 103 108 103 107 112 108 103 109 107 107 109 109 95 93 110 110 92 96 103 101 92 94 93 111 112 104 108 117 100 107 116 115 116 112 105 111 118 115 119 122 117 121 118 114 114 101 94 83 88 88 92 94 85 84 88 80 98 94 83 80 87 85 79 82 93 83 83 77 76 78 85 89 89 76 75 78 73 79 74 81 76 93 91 79 82 85 84 85 86 88 90 93 89 93 89 88 91 93 87 91 91 94 97 92 95 90 98 92 102 94
75 76 79 79 79 84 93 89 78 87 93 83 84 94 89 85 90 88 93 94 102 104 104 102 94 105 101 102 100 100 112 109 101 110 104 86 79 86 104 91 87 84 86 77 82 102 84 86 98 100 105 103 102 112 114 112 106 102 106 105 102 92 112 109 111 108 111 97 83 80 82 80 89 78 83 86 86 91 86 89 85 87 93 83 90 83 82 87 91 89 92 87 83 87 82 81 78 79 81 80 75 76 81 72 78 80 85 77 80 80 84 83 86 82 82 84 89 87 88 94 93 91 92 85 92 88 99 99
76 79 74 75 73 69 76 84 84 104 91 79 71 78 83 73 81 84 84 72 77 81 83 86 79 86 79 73 89 94 93 90 81 76 77 77 71 72 85 83 75 77 78 80 79 87 87 77 85 87 91 87 87 85 91 96 92 86 78 92 86 84 95 100 89 90 91 87 81 76 85 80 91 84 86 91 85 84 75 78 81 89 85 73 85 74 83 87 80 76 77 77 79 78 81 82 81 77 77 68 73 72 80 70 70 73 78 75 79 81 71 67 85 74 73 79 83 85 87 84 81 83 83 78 86 87 73 79
72 82 63 76 76 68 73 70 69 80 75 67 80 82 78 78 81 74 63 67 69 73 76 87 88 83 72 65 83 100 88 82 84 74 72 79 83 89 91 87 93 86 84 84 82 82 86 74 83 87 86 83 85 90 75 86 74 64 71 79 79 81 81 85 93 81 84 80 83 77 82 79 81 80 90 85 78 84 81 74 83 84 76 76 74 75 78 78 76 81 83 80 84 79 75 73 82 79 79 71 77 78 77 77 71 74 73 87 92 85 77 89 98 94 76 84 72 79 80 81 78 78 77 75 78 71 72 68
66 71 57 65 76 84 73 70 72 67 67 73 79 75 76 80 78 79 77 71 79 80 85 100 83 97 78 76 73 97 80 77 81 79 82 79 80 83 95 87 84 78 80 86 88 81 82 86 83 94 80 78 72 82 67 89 79 75 81 76 72 76 71 73 89 84 83 79 77 77 79 84 90 96 97 88 87 84 91 88 86 91 76 79 79 82 83 93 86 82 83 80 84 80 106 90 93 95 89 90 85 83 85 81 85 88 74 92 92 81 90 131 113 119 92 84 90 122 107 116 96 84 108 116 102 109 90 88
72 75 73 82 79 80 72 71 82 76 80 75 85 78 80 82 77 76 75 72 108 115 104 128 83 88 82 73 83 90 84 95 86 80 77 67 69 71 80 81 90 89 78 73 70 65 75 92 90 91 126 91 80 98 94 85 90 101 90 93 103 111 130 108 111 112 133 98 101 100 91 91 98 92 95 93 93 90 95 100 97 136 158 123 125 121 134 156 119 124 123 136 121 116 167 154 117 119 105 80 82 98 128 92 135 137 102 103 86 84 78 86 81 82 81 80 91 111 116 121 118 107 111 136 140 132 102 92
77 80 69 72 78 70 73 67 81 97 99 87 85 72 83 84 79 83 101 154 165 138 174 167 164 131 83 89 80 85 89 84 84 89 96 86 93 96 88 88 100 91 90 125 134 134 112 88 84 133 237 182 165 164 139 80 89 89 101 104 108 133 169 154 140 150 151 114 111 110 93 96 99 96 96 86 90 95 104 106 108 103 122 126 133 143 146 142 147 151 127 128 123 126 124 130 119 118 115 102 113 112 117 117 133 128 130 121 109 104 103 97 95 102 101 104 107 102 109 96 100 114 112 100 102 95 99 108
82 82 74 80 82 86 87 84 90 103 110 103 96 94 95 110 107 101 103 123 155 149 144 136 149 135 89 95 89 93 106 114 112 104 100 107 104 98 102 98 95 101 99 118 129 136 123 100 101 110 130 122 118 111 108 104 108 102 101 104 111 104 104 103 102 103 104 104 109 102 108 103 104 104 103 103 107 93 106 103 107 103 102 100 90 99 100 97 103 99 99 99 98 98 104 103 106 109 100 103 100 100 96 96 94 127 175 164 130 95 94 99 97 99 99 99 97 96 91 90 87 93 97 88 89 92 96 99
119 106 111 117 108 99 102 108 101 97 91 99 103 98 95 101 106 100 102 106 103 101 102 96 89 96 108 106 111 97 103 105 109 114 111 108 109 108 103 89 88 97 93 87 94 104 97 101 102 92 89 90 94 87 91 95 99 94 90 98 107 99 100 96 94 88 97 95 98 91 87 91 96 96 92 104 92 84 96 95 99 96 96 90 92 91 89 94 96 95 95 95 98 96 91 104 96 100 98 99 95 97 98 95 96 97 108 96 93 96 98 109 104 101 102 109 107 105 105 103 96 101 107 104 104 97 98 102
94 99 96 101 97 104 96 97 93 97 105 98 97 95 94 89 94 92 94 102 95 94 93 94 89 96 98 99 96 100 95 97 92 94 93 95 99 99 99 97 100 95 100 103 99 100 95 93 96 102 98 92 96 96 99 98 99 105 100 95 96 98 96 102 102 94 99 101 102 104 102 106 97 101 104 108 104 106 104 104 105 107 103 109 106 102 106 111 106 106 108 108 106 108 108 107 106 108 107 105 105 106 118 106 108 109 107 105 106 109 107 106 109 114 111 107 112 107 108 107 102 105 107 102 100 100 99 101
93 95 91 94 93 94 98 95 97 98 99 106 102 94 102 102 102 100 101 108 101 101 95 105 103 98 97 100 97 107 100 101 101 102 101 99 99 103 104 103 109 106 107 109 102 106 106 98 108 105 106 109 106 109 106 101 109 107 106 103 108 107 110 104 103 102 102 102 111 104 106 106 108 105 104 104 102 105 108 106 101 105 102 106 108 107 108 103 105 107 109 107 101 108 111 100 113 110 105 104 114 111 112 111 104 108 105 103 110 109 131 106 109 111 100 105 112 112 106 105 107 108 109 107 102 106 108 105
102 109 102 102 107 99 101 97 108 100 97 104 109 107 101 110 104 101 104 111 102 102 105 110 103 108 105 102 108 101 102 101 104 109 105 109 108 107 112 108 103 110 107 110 102 106 102 108 102 105 111 105 109 104 102 104 105 98 104 104 105 111 103 107 96 108 102 104 104 110 108 103 109 110 103 106 102 108 103 105 108 105 97 102 108 107 106 106 103 104 106 104 104 108 106 104 103 108 99 114 107 112 109 113 100 101 110 104 112 100 106 104 114 109 107 109 110 99 107 101 98 104 101 97 106 93 100 102
102 107 102 106 105 106 109 104 102 99 104 103 101 107 106 108 106 99 106 114 98 104 106 106 104 99 98 98 105 99 98 98 106 108 107 101 96 106 98 99 95 107 101 98 100 98 104 101 102 100 102 105 105 101 100 97 94 102 94 95 100 100 94 100 100 100 100 92 96 101 99 101 101 100 99 99 100 98 105 96 90 92 95 99 101 106 99 102 95 94 87 90 97 101 103 97 90 97 86 94 86 85 98 98 89 93 92 97 94 85 90 83 84 99 97 97 95 94 82 88 94 91 97 93 96 91 90 90
100 102 98 98 92 92 97 97 98 101 96 94 97 98 98 96 94 98 99 97 96 94 98 103 101 90 97 102 98 93 93 92 99 96 101 97 95 102 105 94 103 96 93 101 103 98 102 98 100 100 100 103 93 99 102 101 99 100 96 96 97 93 98 87 89 102 100 98 93 93 102 100 96 99 96 100 99 96 100 101 96 97 94 99 98 94 94 93 90 96 85 92 93 98 86 87 90 100 93 94 92 94 97 95 102 99 93 94 95 97 92 95 87 88 96 96 94 94 87 92 96 91 94 92 87 88 94 103
96 95 96 103 98 98 94 96 103 106 105 98 95 98 98 92 92 98 99 101 100 95 97 105 106 98 103 93 99 103 102 100 93 103 104 101 101 104 103 100 103 99 98 100 98 100 106 101 100 101 96 98 104 109 101 102 103 102 98 95 101 110 115 95 94 101 98 102 105 106 104 102 97 104 100 100 101 102 100 102 108 104 98 104 99 96 98 98 92 101 106 103 101 105 88 101 113 99 92 98 100 99 108 103 110 106 105 99 103 100 106 102 98 99 103 101 100 104 105 101 97 104 99 106 106 105 96 101
88 92 100 91 100 106 99 98 100 101 101 101 106 101 106 102 104 95 105 102 105 104 107 105 102 102 102 97 100 107 102 97 93 99 98 100 100 101 100 100 104 110 98 101 101 104 105 96 105 96 95 97 104 106 96 98 98 98 103 102 95 95 108 104 107 100 100 101 105 104 103 97 103 100 103 98 101 103 102 105 101 99 105 105 105 108 109 110 102 96 108 110 105 104 98 99 101 102 101 102 101 98 99 100 99 96 100 103 99 97 97 101 102 99 102 96 94 98 101 103 100 98 102 96 104 101 90 98
95 99 102 93 99 103 101 98 98 96 92 99 106 98 104 100 102 102 107 107 99 104 102 105 95 100 106 113 108 103 102 98 97 99 100 105 101 97 100 103 106 101 101 100 101 109 102 108 103 98 100 103 100 101 102 105 98 103 93 100 104 99 95 100 108 106 104 101 101 104 107 105 108 101 108 100 98 98 89 98 98 105 103 100 102 98 104 99 100 93 102 99 97 99 109 93 95 97 101 97 98 97 98 100 99 104 99 102 98 95 99 97 96 96 94 92 100 100 97 101 89 92 90 94 92 91 92 91
107 93 104 95 93 104 97 104 97 97 105 98 100 103 100 102 105 106 101 106 102 98 93 107 107 102 103 109 98 95 100 96 97 99 103 100 102 102 99 100 100 97 98 96 99 105 93 93 94 96 95 95 103 96 105 99 92 86 98 95 94 101 102 96 97 94 94 97 96 98 92 91 95 89 92 93 95 90 100 95 99 96 94 94 94 97 88 99 94 95 100 100 87 96 97 88 92 89 95 91 91 87 95 96 88 94 94 94 89 89 93 87 91 90 90 93 93 91 91 94 87 83 83 84 88 82 74 88
101 97 97 97 101 99 96 102 99 95 96 92 94 107 95 93 101 99 100 97 104 97 102 104 99 98 100 98 104 102 98 101 100 102 99 93 105 101 104 96 100 98 94 91 100 99 98 97 103 96 98 96 98 95 95 97 96 99 105 100 96 100 95 98 96 93 88 87 94 92 94 96 98 95 81 84 87 96 94 87 93 91 86 91 96 90 90 93 89 86 91 87 87 83 83 74 84 82 89 81 86 87 89 77 84 90 88 89 88 85 91 96 92 85 85 89 90 95 95 99 95 89 101 101 92 89 84 84
87 91 97 98 92 92 93 94 89 93 97 91 96 97 93 94 99 95 98 100 99 96 101 96 95 101 99 99 98 104 96 97 97 97 100 101 98 97 98 103 94 90 87 93 97 93 92 96 95 91 95 90 95 91 87 89 94 93 88 91 90 92 95 95 96 94 83 87 91 88 85 83 92 86 78 81 87 82 87 84 86 91 86 82 82 83 87 84 93 95 92 89 93 84 94 95 90 87 91 88 97 104 102 103 97 101 102 103 100 97 105 105 104 103 104 104 109 109 104 108 107 108 117 113 112 114 111 98
99 97 103 96 99 90 100 98 113 103 104 103 100 104 100 101 102 97 100 101 97 100 100 97 97 95 94 86 89 89 93 91 90 92 83 94 90 85 92 94 89 81 91 88 86 87 87 94 90 93 88 84 97 87 93 85 92 98 96 99 97 92 93 92 103 93 89 94 95 95 90 92 96 93 91 96 102 105 93 96 97 101 94 97 96 98 100 96 96 110 100 107 107 100 106 109 101 97 106 109 104 105 113 112 110 108 108 111 109 112 116 109 118 112 106 112 113 107 103 98 103 103 101 107 104 106 99 99
103 114 104 101 105 96 100 106 99 103 102 101 101 104 95 101 107 97 102 105 107 102 99 100 101 98 98 89 99 89 92 103 103 101 93 95 87 88 87 92 83 83 83 86 86 90 86 80 81 88 87 83 89 87 82 82 92 96 100 99 92 92 95 91 96 102 95 102 98 103 104 106 102 106 96 104 105 108 105 105 105 109 104 101 97 103 107 100 102 101 104 111 110 109 105 107 108 108 112 105 112 104 109 112 111 112 108 108 115 118 114 115 115 118 113 115 119 107 110 109 105 98 99 99 84 86 79 80
98 101 98 101 99 100 99 101 98 100 92 98 97 95 98 100 98 98 101 103 103 102 104 106 101 103 95 102 100 99 102 105 102 109 107 100 103 102 105 100 95 94 96 107 104 99 107 99 92 100 98 94 100 102 83 103 101 94 92 101 99 104 105 110 103 106 99 107 105 109 98 103 105 104 103 107 103 108 111 111 100 100 105 107 105 104 109 106 104 114 115 104 109 110 104 100 105 116 109 101 107 105 113 114 105 112 113 112 113 109 105 107 107 102 111 112 111 103 91 94 95 78 73 74 73 84 78 81
90 94 95 95 99 104 103 107 99 100 101 98 96 97 100 100 97 97 105 99 98 105 113 101 98 102 93 100 101 99 107 105 101 103 103 95 104 107 104 106 101 97 100 103 103 103 103 99 105 98 104 106 97 96 100 108 105 101 108 98 98 106 111 112 100 102 104 101 111 104 104 103 105 108 107 109 102 102 112 106 111 104 107 106 105 99 105 109 109 117 108 106 109 111 109 111 112 109 108 108 112 108 113 109 107 112 114 116 111 110 141 135 106 112 112 111 106 95 95 90 96 93 89 75 78 92 90 79
104 92 100 99 99 98 98 101 100 101 102 96 99 101 97 106 101 101 103 100 106 105 105 105 106 106 107 102 99 100 99 100 97 102 105 99 100 97 102 102 105 100 105 93 96 107 96 100 101 92 99 104 105 99 97 104 101 98 101 101 103 101 97 97 100 104 99 103 101 108 103 104 106 99 109 107 101 105 109 105 98 102 101 105 106 102 106 107 112 104 110 105 115 110 105 112 111 112 112 111 108 105 97 110 112 109 108 92 95 99 99 102 97 100 98 99 89 94 95 96 87 93 94 71 89 77 83 83
99 93 102 109 108 99 101 100 101 103 101 103 100 103 108 99 93 107 101 105 96 99 106 105 105 98 103 99 96 101 100 96 101 106 106 104 107 105 109 103 105 102 103 99 96 104 101 96 95 108 104 103 107 103 97 100 95 99 97 98 102 102 102 98 103 108 99 106 103 103 107 108 109 105 106 107 102 104 114 111 110 103 107 106 102 107 110 111 114 103 107 111 109 108 108 104 105 112 105 106 107 105 99 101 97 89 88 88 90 88 87 87 84 86 84 86 91 87 87 86 80 84 81 76 66 73 70 69
104 100 102 102 107 102 104 104 96 92 94 101 106 109 96 99 103 102 97 99 99 107 103 103 93 99 101 96 100 100 101 99 101 101 97 104 103 104 96 108 98 101 105 109 106 103 103 101 98 103 102 104 94 100 104 103 104 96 100 101 104 107 110 99 105 112 107 98 101 97 95 99 100 104 104 100 102 98 110 109 105 106 102 103 106 112 109 98 105 110 100 107 101 98 103 98 90 97 86 98 94 97 89 93 75 84 83 82 88 81 85 83 80 83 78 77 87 87 86 84 79 74 65 66 66 64 52 55
102 100 99 97 104 98 94 102 96 101 102 103 99 106 101 99 105 98 104 103 101 96 100 104 101 99 112 97 102 88 99 101 96 98 100 96 102 108 99 105 97 97 96 105 100 100 104 104 102 95 104 100 98 99 93 99 110 106 102 98 106 107 103 103 107 102 110 108 101 105 103 102 101 102 97 103 104 105 101 113 108 110 100 96 89 106 108 92 93 90 69 72 73 67 74 71 71 73 72 75 86 87 86 91 82 75 88 83 81 76 73 83 77 78 95 73 77 81 95 83 80 76 68 70 70 82 83 83
97 95 96 98 100 96 96 99 99 102 97 103 109 102 99 99 98 94 102 93 95 99 101 94 93 92 107 100 103 98 102 104 100 100 102 99 100 100 105 99 96 96 92 91 102 106 101 106 95 92 96 103 100 100 103 98 97 93 91 99 100 93 100 99 105 98 108 110 103 104 103 97 105 102 98 102 111 97 95 102 94 98 93 86 90 94 90 95 84 83 81 84 81 74 60 60 63 62 70 72 59 59 57 58 65 65 83 80 77 75 81 73 75 71 85 86 78 69 65 62 58 68 67 74 68 72 87 83
89 99 99 99 93 91 89 94 84 89 96 100 96 101 103 105 106 104 100 97 101 104 108 94 94 100 103 102 103 100 101 105 103 100 100 104 100 101 98 101 94 101 98 90 102 104 96 107 101 95 96 101 104 96 104 103 106 104 99 107 108 94 99 104 101 106 105 100 101 100 90 95 98 100 103 99 92 90 87 91 87 99 95 85 90 90 86 92 87 90 86 90 96 79 66 62 80 84 59 64 66 67 64 73 63 61 83 80 67 66 92 95 70 68 73 67 64 64 54 60 67 68 62 73 75 82 93 88
96 103 96 88 89 91 99 100 95 98 99 99 93 105 102 103 102 101 105 112 101 96 102 105 97 97 95 97 89 97 102 108 104 100 100 102 107 102 96 100 93 95 97 100 99 107 108 98 98 100 99 104 101 98 96 99 104 100 99 99 97 91 92 100 96 92 93 102 91 92 91 95 98 97 89 108 98 91 90 82 91 98 93 91 93 93 88 88 90 95 92 88 93 83 64 51 61 59 61 54 70 84 80 97 85 74 54 52 56 67 73 81 51 50 60 68 69 61 72 65 59 54 53 73 74 71 76 70
92 94 88 95 95 94 96 99 94 98 90 99 95 94 97 102 100 100 102 100 107 104 103 101 95 94 95 93 88 101 93 93 100 98 98 100 106 102 91 102 96 103 99 105 100 104 103 98 101 96 93 101 98 96 96 102 107 109 102 99 95 92 94 98 90 88 93 111 100 93 91 89 100 90 96 106 98 84 88 91 97 94 89 94 93 93 87 91 84 87 88 82 88 91 92 64 60 46 69 76 81 82 79 76 63 66 66 71 59 58 56 60 49 56 59 57 53 58 65 67 67 66 74 74 70 77 91 89
87 84 94 100 95 95 90 95 95 97 101 104 106 92 103 106 96 101 102 101 101 108 104 100 97 98 102 94 105 98 99 103 99 96 98 99 104 100 100 102 103 103 100 98 100 103 104 98 106 101 101 103 106 99 96 96 104 101 99 97 95 85 89 100 102 90 95 97 85 95 100 100 99 87 82 93 98 89 88 90 88 89 85 86 78 71 78 76 80 78 77 82 76 75 77 72 84 70 64 83 87 79 62 64 56 59 70 59 61 62 63 66 74 66 67 67 66 65 65 62 69 75 78 73 69 75 68 70
98 93 97 95 96 101 99 91 92 103 97 99 102 94 97 102 101 99 93 95 100 98 99 98 97 97 101 98 101 103 98 100 100 96 98 96 103 100 99 93 97 101 94 101 98 94 99 98 102 93 84 98 95 92 92 87 87 87 91 80 78 75 91 100 96 98 88 89 92 94 100 105 85 78 83 78 77 87 79 73 78 75 82 80 86 98 87 92 89 76 78 79 74 68 86 84 84 69 88 85 79 65 65 74 82 88 73 60 55 61 64 50 67 73 74 57 68 78 74 79 70 67 70 79 81 82 82 82
92 94 95 97 99 94 92 96 89 96 97 104 104 96 93 96 95 92 92 93 98 93 89 96 100 99 102 99 104 105 98 100 104 108 106 96 99 100 102 106 104 105 99 101 96 95 93 96 96 88 88 96 100 94 88 92 96 98 94 91 95 97 98 82 83 95 88 87 86 95 88 94 89 78 89 90 80 67 57 59 63 60 65 63 60 66 80 71 68 65 74 74 66 60 70 81 86 81 84 87 77 67 65 79 89 89 89 86 72 55 66 61 64 65 66 61 67 80 84 84 88 85 85 88 89 88 87 72
91 91 99 93 93 103 107 103 95 95 101 104 96 110 99 103 104 98 105 103 104 104 92 93 101 98 103 100 94 101 105 108 98 100 96 97 95 93 100 97 96 91 101 96 96 109 105 95 88 79 86 88 89 97 106 115 113 116 101 93 84 82 93 86 76 81 86 88 87 88 81 85 84 91 102 102 70 75 76 72 60 55 70 79 74 89 86 62 84 81 78 80 78 98 113 123 116 111 94 89 73 81 96 97 96 76 71 72 66 64 71 72 73 82 74 95 86 113 121 111 103 101 101 95 90 94 88 80
96 90 93 102 94 92 91 93 93 83 91 89 93 104 104 96 94 95 102 101 101 102 101 100 108 103 97 89 92 86 90 97 94 95 98 89 85 90 87 92 88 90 89 82 84 88 85 81 87 83 87 101 100 72 86 109 90 103 103 92 99 96 110 111 88 93 97 116 103 132 124 119 110 114 115 132 120 115 103 115 91 70 70 79 81 104 98 63 84 93 102 97 109 124 112 118 109 108 95 105 123 126 127 127 116 112 94 92 97 104 88 90 107 96 87 93 95 98 95 102 95 70 76 72 89 83 81 72
96 93 100 97 91 92 95 89 96 96 93 104 109 101 97 98 101 93 94 101 101 103 103 101 106 106 95 93 94 85 81 94 99 101 100 95 84 101 97 92 98 110 97 89 80 61 51 66 65 69 73 79 84 82 84 101 85 71 73 72 69 75 83 80 82 97 111 111 94 113 104 102 103 115 70 80 97 97 129 123 105 109 82 80 96 108 102 98 110 119 112 102 87 90 98 107 111 107 124 148 157 134 111 120 114 107 117 120 91 79 72 66 71 68 69 62 73 75 75 84 76 65 60 73 73 74 76 83
92 91 91 87 91 90 95 96 98 97 97 97 101 98 101 100 100 98 94 93 99 93 95 92 97 95 95 103 91 93 107 102 95 100 98 96 96 96 92 87 94 80 79 73 69 74 63 59 60 60 52 57 60 77 68 70 61 60 60 80 83 84 88 111 118 112 113 111 112 110 99 136 141 126 106 114 116 81 74 83 94 90 66 62 68 91 75 90 108 119 118 114 110 100 98 105 103 102 144 150 154 144 130 138 133 130 123 117 114 71 58 71 64 68 63 60 63 66 76 69 67 75 83 88 90 100 94 91
89 90 98 89 91 88 94 90 89 86 86 91 93 92 90 93 94 90 91 93 91 85 89 87 89 85 88 98 87 65 77 88 90 89 96 89 90 89 95 111 113 91 75 73 72 77 70 59 68 65 49 57 54 55 52 56 52 57 77 85 98 117 120 118 100 107 100 92 101 100 109 116 110 112 116 129 114 81 69 57 54 60 68 82 101 98 83 86 86 82 93 98 94 122 112 100 86 86 130 149 141 142 145 148 159 158 151 135 125 121 100 81 80 76 95 89 90 95 95 87 99 96 97 90 85 95 97 95
94 85 91 87 91 83 91 86 92 81 89 89 94 96 101 107 99 91 96 94 90 89 91 88 85 89 92 90 92 90 94 88 100 86 80 93 90 83 90 84 91 88 76 89 86 80 84 71 73 84 72 70 60 67 68 71 73 74 78 85 86 95 105 80 90 96 103 110 110 106 110 96 100 120 94 78 75 94 97 102 84 84 94 92 82 91 80 61 67 88 110 77 70 99 107 107 85 74 119 147 128 134 122 140 145 155 152 135 128 125 131 86 110 93 91 99 103 95 93 96 93 95 99 90 91 86 95 90
90 92 96 90 96 100 93 93 94 95 89 80 91 83 89 90 93 92 96 88 82 83 90 78 83 93 89 95 98 104 92 94 102 95 88 97 92 93 89 90 88 91 89 86 92 77 81 69 82 88 71 61 61 82 85 81 64 54 50 85 102 97 101 107 104 97 92 102 88 81 105 107 86 75 76 93 99 105 124 119 113 110 99 84 82 101 97 93 85 84 86 81 57 78 70 64 78 74 76 147 88 75 72 111 102 89 117 96 80 94 147 117 80 69 95 99 100 88 97 101 94 93 93 96 97 96 95 98
85 91 94 92 92 93 92 90 85 82 91 97 88 89 89 89 85 93 95 95 91 88 87 89 91 89 91 99 93 96 90 87 93 95 87 92 94 88 86 109 123 110 103 96 84 81 77 78 78 62 65 60 53 62 71 57 64 75 69 66 88 90 102 96 105 114 91 89 96 66 68 90 86 94 106 105 82 74 96 108 104 113 91 96 114 128 117 93 87 90 89 99 82 84 84 71 71 72 76 147 88 76 90 125 109 109 109 87 92 99 92 93 79 94 103 97 92 91 98 94 98 90 89 94 91 98 96 87
85 89 84 81 93 88 92 91 76 84 85 92 91 97 93 87 81 88 94 100 100 91 89 97 96 96 96 98 95 91 97 85 88 88 97 107 93 108 122 114 125 133 133 127 130 140 104 77 69 65 68 63 77 83 64 64 59 70 73 89 90 80 78 76 82 96 88 93 89 78 85 106 98 78 81 96 112 91 73 77 74 80 66 61 75 83 96 80 77 88 80 97 104 98 101 99 89 87 77 79 89 90 87 89 90 95 86 87 95 88 84 83 87 93 95 91 86 87 82 96 94 88 84 84 85 85 87 91
90 88 84 88 94 84 87 103 96 86 96 129 116 103 101 96 92 85 71 75 72 79 79 85 106 109 113 109 110 100 97 89 76 76 76 93 100 110 120 106 109 105 121 123 136 130 117 101 83 82 81 86 94 86 89 90 80 87 79 80 73 80 81 81 84 73 68 78 79 66 57 70 76 83 69 81 84 82 104 93 105 106 99 92 75 85 88 99 109 119 110 112 100 101 100 91 89 95 100 94 99 99 88 84 84 87 86 81 87 100 87 92 85 83 83 83 92 80 86 88 86 82 83 88 89 88 84 97
76 72 83 91 91 87 90 91 83 77 78 114 119 114 120 96 94 84 76 73 70 72 94 103 107 110 108 100 106 100 112 107 100 99 115 102 106 116 109 92 111 113 123 115 117 123 100 104 93 94 82 85 90 97 96 99 114 113 110 99 100 102 97 112 115 100 88 84 81 80 70 64 60 67 64 101 100 105 100 101 102 112 132 112 111 108 94 102 102 116 113 122 116 97 95 99 93 88 95 101 103 92 93 93 95 79 85 82 84 89 86 83 87 84 87 81 83 92 87 83 79 78 79 79 72 81 80 81
102 89 91 92 86 106 106 95 108 102 107 96 103 118 115 109 97 84 80 80 86 85 83 80 73 77 89 89 93 106 104 101 106 112 113 113 105 101 97 90 99 111 100 102 105 105 102 109 103 102 96 94 106 107 100 103 99 116 114 113 123 111 103 105 115 107 103 102 106 113 98 93 105 102 88 82 85 100 98 105 109 96 98 106 122 104 86 84 80 92 86 106 98 88 77 78 84 104 89 89 109 98 93 95 89 87 95 81 79 85 85 82 81 89 83 79 84 90 80 82 83 78 83 79 80 83 84 92
129 120 101 103 110 118 108 106 113 89 86 81 93 96 89 88 99 100 120 121 107 73 60 61 67 65 70 74 72 78 85 90 92 91 78 83 97 118 121 108 76 91 106 90 85 101 106 88 74 72 88 113 102 106 102 98 83 68 92 100 115 102 107 97 131 122 120 111 96 90 102 110 106 99 103 81 82 84 104 102 86 86 115 113 107 114 92 82 79 77 66 58 53 47 51 45 41 61 78 73 88 73 79 85 82 84 91 100 96 80 75 79 82 86 83 83 83 75 80 84 87 87 84 81 83 82 85 86
112 114 118 105 113 110 74 89 103 118 109 100 93 89 98 98 107 121 126 125 140 128 100 68 68 66 50 56 74 85 81 82 81 75 66 87 104 115 110 117 107 101 94 86 78 81 107 94 79 77 74 100 104 84 74 73 57 58 56 49 82 93 95 90 104 79 96 110 115 120 119 119 115 113 119 111 106 108 109 87 72 75 83 76 98 91 102 102 86 84 89 77 75 79 81 79 70 75 88 99 99 90 87 92 77 87 93 92 91 85 79 78 83 87 79 78 88 83 77 83 92 95 92 87 82 84 91 83
134 86 84 110 111 120 109 121 115 123 119 110 110 98 96 103 115 105 111 111 114 118 129 119 97 69 58 50 50 39 54 53 76 95 84 82 104 106 102 105 110 118 105 105 113 97 103 86 81 70 77 64 61 59 55 53 58 61 63 57 68 89 98 103 105 86 80 102 119 114 121 119 127 113 121 111 124 126 125 120 110 98 100 89 95 86 91 105 113 100 89 85 90 89 76 87 92 89 85 86 82 85 84 91 88 87 93 81 80 83 86 86 85 85 87 80 83 89 89 90 78 81 82 86 77 77 82 82
123 114 124 121 118 130 125 119 134 124 142 137 126 110 123 120 104 109 101 116 113 100 98 114 126 121 64 57 52 58 53 51 64 69 80 90 95 91 86 80 84 105 107 100 90 88 99 86 90 98 90 95 100 106 108 97 97 84 84 66 65 50 59 75 88 87 87 92 114 110 98 97 101 78 91 102 100 103 113 96 96 96 96 86 95 105 89 97 96 92 97 96 88 87 81 81 87 79 82 75 76 75 84 80 84 82 94 104 86 81 96 109 88 89 97 88 93 92 90 87 79 79 82 81 77 80 78 80
116 116 109 111 118 118 119 109 106 105 107 104 91 107 118 117 125 146 133 120 116 96 99 99 103 112 86 65 57 66 49 50 65 63 85 96 104 92 87 81 84 92 79 90 93 94 94 103 111 101 87 96 87 81 91 91 103 107 98 99 111 96 80 76 72 67 82 93 105 102 96 98 104 101 99 108 92 88 84 81 77 102 112 103 95 98 98 103 105 110 106 96 90 94 88 80 77 87 77 74 74 73 82 76 72 72 77 80 75 68 95 97 90 103 103 92 91 90 95 97 92 81 86 81 86 93 99 93
82 85 90 72 69 80 90 99 92 80 106 94 65 68 78 87 102 109 118 124 104 87 89 98 86 87 105 111 94 93 89 87 66 68 104 99 98 94 106 106 102 101 105 123 138 129 121 128 120 115 105 99 103 113 96 100 90 88 87 79 90 99 84 86 87 95 95 83 91 93 95 105 102 101 90 95 104 106 105 110 112 106 114 115 111 108 102 92 107 109 94 90 99 115 115 112 121 119 107 93 89 83 75 75 87 92 80 84 82 86 87 82 93 100 99 107 117 105 95 103 93 84 90 86 88 100 84 75
92 69 69 59 31 49 55 64 50 54 120 106 106 84 70 69 99 120 104 111 108 98 88 93 96 91 107 120 106 106 105 109 113 89 89 92 79 88 96 100 94 89 82 92 97 89 98 96 85 97 97 97 95 103 103 101 104 102 117 113 108 81 79 59 66 83 85 82 91 81 85 75 77 88 86 93 98 93 98 104 108 117 102 105 107 99 101 90 87 86 95 93 98 91 92 85 96 104 104 103 109 108 82 74 83 74 85 87 77 79 82 88 90 91 90 88 89 93 90 88 88 87 79 82 84 83 85 70
129 110 71 60 58 56 49 60 53 39 75 95 97 85 86 93 107 131 108 110 109 111 105 107 114 91 85 79 95 101 95 99 88 83 66 66 71 70 98 112 102 103 113 110 92 76 77 85 71 76 85 95 99 104 107 109 111 105 121 114 117 111 118 124 96 81 69 81 100 97 95 98 93 92 87 81 89 92 88 88 87 88 86 97 98 85 89 92 92 88 87 88 87 85 81 77 74 81 90 90 81 85 89 85 83 83 94 100 96 90 96 85 89 99 86 86 84 90 82 86 88 83 85 86 87 81 82 88
115 112 103 93 98 77 72 65 68 63 42 48 62 82 91 98 103 107 89 93 93 95 87 102 83 81 97 91 93 98 95 95 82 77 62 52 60 96 105 103 112 110 106 103 109 95 83 87 74 84 108 108 103 104 105 107 111 111 105 96 89 109 114 111 119 107 81 80 77 77 85 85 89 96 89 95 98 74 75 92 95 92 86 102 96 92 88 92 87 79 82 79 88 90 79 83 86 84 83 87 93 99 88 90 94 97 90 82 85 86 85 82 89 88 90 89 84 80 72 85 88 89 84 77 86 79 77 84
101 110 114 99 83 78 91 100 100 104 93 88 65 72 105 102 86 61 62 58 57 64 55 81 70 81 97 88 99 101 91 101 109 113 114 119 99 80 79 80 103 101 85 72 68 72 80 73 69 88 94 94 90 90 83 84 81 94 97 97 101 110 105 101 109 107 101 90 69 60 71 78 78 85 83 89 98 91 92 71 73 78 92 93 99 104 95 93 94 88 92 92 89 89 88 87 94 84 84 90 87 89 88 86 83 88 90 80 89 79 77 87 88 84 77 79 74 79 85 88 89 82 81 81 70 61 81 86
92 85 80 74 52 44 63 79 81 78 101 110 106 99 102 82 52 61 65 58 60 49 48 55 58 65 65 88 107 96 100 96 96 109 104 108 109 82 106 119 123 97 106 83 67 57 64 69 59 59 71 75 74 71 62 64 73 72 73 81 83 95 104 101 105 106 97 96 86 81 87 76 69 70 85 95 90 105 102 79 75 80 74 80 106 113 97 104 112 97 84 98 107 108 107 99 98 96 93 88 87 83 91 91 85 83 85 86 89 83 75 73 75 77 75 79 88 84 91 84 84 84 76 80 87 80 85 83
93 79 96 91 91 88 78 70 63 58 73 89 94 93 97 94 81 80 85 79 63 52 48 47 57 81 83 90 91 100 108 79 63 82 77 78 82 78 93 103 91 101 118 99 85 84 70 88 97 96 86 85 78 88 105 107 103 93 79 83 84 82 105 108 111 109 103 95 105 100 97 93 85 73 72 99 120 120 105 96 88 92 79 67 89 91 88 94 84 98 103 103 102 96 98 90 92 91 94 90 90 90 80 78 74 79 82 79 70 77 70 70 77 72 71 78 85 81 80 85 88 80 82 83 86 82 84 86
86 91 99 97 105 99 100 96 106 90 73 70 67 95 96 93 79 85 97 98 91 97 97 92 103 98 116 118 108 110 115 120 101 77 71 78 88 107 106 108 96 86 75 69 65 62 56 75 90 95 82 88 98 108 109 109 103 106 111 105 98 100 94 99 106 118 105 91 86 92 86 91 93 91 92 84 100 86 79 72 88 99 95 85 84 95 90 85 82 87 82 90 95 80 86 87 88 87 82 84 86 82 88 87 86 82 83 83 82 96 77 89 95 94 82 80 79 84 89 84 80 81 93 92 88 84 89 83
114 90 68 84 107 95 93 85 82 100 102 78 74 69 70 92 87 81 93 103 113 111 116 116 105 105 118 120 117 111 103 103 108 105 114 105 85 83 99 107 118 98 98 75 75 50 56 59 55 70 85 91 98 104 108 112 108 100 107 98 104 105 91 99 104 110 124 124 78 71 97 102 99 91 97 88 66 83 74 74 75 87 90 95 91 95 84 80 89 77 75 82 83 80 76 85 84 80 82 90 91 82 79 91 94 89 83 89 87 79 80 93 88 79 84 88 83 68 85 87 79 82 92 87 93 86 88 85
117 107 85 83 82 100 97 94 93 94 95 90 90 108 64 66 80 83 84 82 86 90 101 106 111 116 100 100 98 98 100 115 119 123 105 84 87 83 102 109 94 86 95 105 117 77 56 55 52 58 64 67 76 103 123 119 118 116 117 110 108 106 100 100 101 67 65 82 67 70 95 100 85 59 61 71 97 110 111 100 82 85 82 83 91 93 86 76 80 81 79 73 81 85 84 76 76 80 85 87 87 88 80 79 89 84 88 93 93 92 91 88 89 90 89 90 89 73 87 88 84 85 92 88 93 93 91 83
102 94 86 91 87 100 87 85 97 88 86 100 96 95 72 89 103 111 113 110 112 119 106 71 62 89 90 78 80 95 110 121 129 123 125 133 118 124 129 109 92 94 83 105 89 85 83 61 72 65 67 80 90 91 106 106 110 107 118 124 98 92 89 88 84 82 54 54 89 95 82 75 82 88 97 101 99 102 107 93 95 105 91 93 94 89 87 89 89 86 88 85 74 81 88 86 89 83 89 77 81 85 84 79 82 86 90 92 80 84 89 85 79 79 88 96 87 77 90 89 90 92 97 95 88 88 94 87
62 55 43 51 67 72 70 64 52 63 71 68 59 55 57 98 116 116 116 118 101 103 107 93 111 127 123 118 95 86 80 81 89 101 110 112 112 121 118 119 116 98 92 93 77 65 64 81 102 102 123 120 121 130 127 126 113 90 86 97 80 79 82 80 86 92 90 92 77 77 89 96 100 103 108 98 85 83 71 83 107 112 111 122 112 88 89 95 98 91 92 91 85 92 89 87 86 85 90 79 81 80 85 85 82 89 87 89 94 88 88 84 86 83 91 95 86 82 84 85 88 93 93 97 84 80 91 92
101 66 42 41 56 50 54 71 77 72 64 43 39 44 43 60 94 118 110 103 100 114 107 101 111 110 117 137 131 115 95 80 83 87 78 78 98 110 126 136 123 108 82 69 62 66 85 114 125 119 118 116 114 111 113 113 110 92 95 84 82 71 66 70 80 87 85 81 88 85 115 111 83 93 84 91 80 72 92 125 121 85 83 105 97 91 88 86 92 88 93 88 98 97 83 85 83 86 82 87 90 93 87 81 79 79 78 87 84 82 84 82 93 87 79 87 81 86 88 97 90 86 87 87 85 88 95 81
123 119 88 84 71 51 48 55 59 80 100 105 73 55 46 45 48 77 97 101 106 93 98 90 105 113 122 132 129 136 124 119 120 112 113 94 88 84 89 115 107 86 70 64 68 88 117 123 122 114 116 126 114 97 98 98 98 102 109 91 88 80 69 60 61 65 82 85 90 87 109 115 72 78 76 82 79 78 72 94 100 81 65 93 89 89 86 83 88 79 97 88 83 89 83 90 86 90 84 84 93 96 85 81 87 88 80 84 91 86 81 80 81 92 82 83 93 87 88 90 92 85 88 82 80 86 88 87
114 124 104 108 99 90 70 41 47 49 49 64 70 66 63 59 73 72 71 91 102 93 99 95 103 105 111 123 116 123 123 129 129 131 107 100 97 104 98 82 74 93 85 66 67 116 118 121 112 119 121 119 104 98 104 110 107 103 99 97 90 73 60 50 57 55 73 73 82 87 86 123 99 87 81 70 61 82 79 75 81 81 60 77 87 80 85 85 87 89 86 82 82 90 88 84 96 93 94 90 97 93 85 85 90 94 88 89 92 82 90 76 82 80 84 87 83 79 86 82 93 87 85 86 80 90 88 87
94 103 87 84 95 104 92 84 58 43 43 51 57 63 76 95 92 78 60 67 85 103 105 101 103 105 108 110 120 124 123 135 124 99 95 91 99 110 112 69 53 74 70 62 75 98 98 107 105 105 122 122 107 96 95 88 94 107 99 100 100 78 102 95 74 94 94 69 64 76 77 116 105 81 91 79 62 49 67 65 65 65 55 62 76 78 79 95 93 80 82 79 79 82 79 79 82 77 77 88 86 86 85 75 87 78 85 82 74 79 80 79 75 76 74 68 62 62 76 83 86 82 87 86 84 79 79 82
62 98 114 84 104 90 99 102 89 66 56 47 45 61 79 96 106 80 59 56 85 106 98 101 93 100 103 100 108 120 113 122 104 100 87 83 98 106 90 54 48 54 74 90 106 113 110 106 99 95 108 112 103 81 78 77 76 68 71 72 73 80 87 102 89 111 121 103 57 62 56 98 125 95 78 69 70 45 52 65 80 73 64 74 77 80 87 86 85 91 87 89 98 101 96 103 111 111 114 121 117 122 121 120 112 117 111 110 125 126 130 144 147 152 130 57 50 49 56 78 82 81 81 83 78 75 84 79
73 75 95 68 86 95 91 99 94 94 76 61 40 61 89 97 93 82 50 55 92 105 103 98 96 109 95 103 119 106 113 104 83 96 113 84 70 68 63 61 80 95 104 104 109 103 102 105 102 102 103 114 116 113 107 102 89 68 44 34 44 62 66 48 74 92 117 117 85 63 72 86 126 114 116 101 76 72 116 136 132 135 139 122 118 120 123 133 130 167 197 197 198 196 194 193 208 193 187 190 191 181 130 105 111 116 137 149 147 145 122 138 152 155 134 63 54 51 52 72 84 86 85 79 75 73 73 81
75 58 55 47 44 86 81 76 75 88 86 74 45 44 69 57 68 58 40 59 100 103 96 100 98 98 96 102 131 126 109 75 71 65 87 77 51 55 81 108 115 108 101 105 114 119 114 115 123 119 97 99 107 104 102 114 108 102 88 80 56 43 50 51 54 53 99 131 111 83 87 89 110 109 120 118 109 143 152 135 109 109 116 151 165 169 171 120 107 160 194 190 193 197 200 195 182 216 212 183 181 179 176 174 170 174 253 253 253 255 226 138 142 146 142 68 52 45 52 71 75 78 84 73 74 73 81 81
108 79 58 55 50 44 47 52 48 49 39 37 51 43 45 48 52 53 52 59 85 109 97 109 95 102 107 96 95 84 90 75 74 66 48 65 77 95 108 111 111 106 112 110 114 122 113 118 117 107 97 91 87 87 99 104 105 101 95 103 101 98 84 68 54 38 59 119 113 91 90 99 102 123 98 109 139 144 111 85 101 175 237 254 255 255 255 185 141 169 169 175 184 189 186 177 169 182 192 175 178 174 178 187 193 230 253 250 252 254 238 138 134 147 138 58 50 49 52 74 77 73 77 77 82 78 86 86
130 108 92 84 85 72 56 50 57 74 77 59 58 49 45 42 47 46 54 58 55 85 102 107 106 116 104 109 86 81 75 78 62 65 84 102 108 112 106 117 107 93 79 84 118 120 119 124 109 102 79 92 92 92 87 87 88 94 102 100 95 97 89 66 42 50 60 84 131 107 94 87 93 88 73 100 130 96 91 129 197 255 255 251 252 252 251 254 235 217 205 199 191 176 165 162 164 174 171 175 192 213 233 246 254 255 254 252 254 255 228 125 135 149 137 63 51 53 61 73 78 81 81 78 81 78 90 81
107 99 90 87 84 106 91 48 54 64 100 114 106 72 46 38 47 48 43 45 53 58 56 59 64 57 68 79 55 51 59 64 89 101 111 110 106 106 108 102 104 107 112 100 97 95 91 107 99 108 76 63 78 83 70 87 92 105 114 100 90 86 79 78 64 59 62 67 108 125 111 86 66 57 61 68 80 103 157 211 235 232 251 255 255 253 254 255 255 255 255 255 247 239 234 215 202 214 228 241 250 250 250 248 243 243 239 238 238 239 202 128 136 141 141 74 60 49 60 74 75 74 79 86 88 75 87 82
104 110 104 97 102 107 109 79 58 47 116 130 136 140 125 84 48 45 41 45 50 62 55 69 72 69 81 79 75 72 74 92 104 101 103 111 107 104 111 100 117 121 117 111 110 101 84 73 59 59 72 68 54 58 51 67 75 82 91 78 91 93 100 94 84 80 76 74 82 127 112 98 107 77 73 72 103 142 150 183 188 186 190 192 194 189 187 194 183 186 185 180 178 169 173 169 171 167 170 160 155 154 152 152 156 153 152 148 143 138 124 133 134 139 136 74 53 48 65 84 77 78 77 75 78 78 78 74
90 84 88 80 87 89 83 67 76 60 112 127 126 121 132 139 106 89 64 53 55 55 66 104 99 106 107 110 117 102 93 85 97 93 104 107 117 124 133 124 120 114 115 112 110 111 108 106 98 76 79 63 49 43 58 66 64 75 63 55 56 66 79 75 74 73 79 77 78 94 117 102 88 89 122 105 150 144 105 96 100 97 99 117 111 116 113 123 120 118 122 127 129 134 133 138 141 139 134 130 127 128 128 129 125 131 126 125 136 140 127 137 133 136 140 67 52 53 63 86 75 79 76 80 77 74 75 76
128 127 127 114 111 93 85 76 68 56 86 107 98 115 137 127 122 124 122 92 65 60 58 92 106 100 108 105 88 102 107 100 101 97 110 118 120 112 114 108 108 110 112 112 108 108 108 117 116 98 88 102 108 90 64 72 74 75 60 68 59 68 71 87 87 82 85 85 91 115 122 107 85 79 115 96 136 123 67 85 88 91 104 107 105 104 110 111 115 112 115 118 125 120 115 121 122 124 124 121 122 120 118 113 114 117 120 127 141 146 128 130 131 139 148 69 52 53 64 81 71 70 73 73 81 66 84 84
132 144 146 145 140 141 146 138 133 111 66 66 70 102 114 126 133 123 118 120 85 60 60 71 77 87 100 99 101 109 108 109 112 116 115 120 119 119 123 119 109 109 107 92 91 105 110 105 111 117 117 98 83 85 79 63 72 76 75 77 81 82 84 73 76 76 80 94 133 132 108 113 96 122 121 99 92 74 74 102 125 133 148 151 151 154 160 160 155 156 157 162 173 186 188 183 192 194 200 203 205 208 203 205 210 209 214 214 219 221 141 133 134 139 132 67 53 54 70 71 69 76 73 78 83 74 82 90
113 120 133 139 133 138 146 137 151 144 108 60 51 82 105 109 103 108 97 82 70 52 70 78 102 97 103 113 119 113 115 120 120 124 127 126 120 109 114 117 119 109 108 102 92 97 105 88 96 105 78 84 96 90 73 60 58 68 67 71 75 71 71 77 71 68 101 130 144 105 78 107 113 130 176 117 123 173 179 191 244 252 250 251 253 255 255 255 253 255 255 254 255 255 255 255 251 254 253 255 255 255 255 255 255 255 255 253 255 229 132 142 141 145 113 50 54 52 69 77 81 74 70 73 83 80 74 84
71 80 83 82 87 89 95 98 107 111 118 90 38 78 109 109 102 99 95 62 41 69 81 93 112 109 102 104 112 116 120 123 124 122 119 115 109 115 128 121 124 113 113 108 117 111 118 118 107 85 91 80 68 82 96 89 68 51 55 56 60 73 67 67 75 112 141 138 105 76 96 133 117 122 197 126 110 167 184 188 203 244 249 248 250 249 249 251 249 247 251 251 250 252 249 250 250 250 251 251 251 250 252 253 251 251 252 251 255 184 129 137 140 140 102 59 47 46 74 81 74 67 77 83 83 88 93 82
76 74 72 74 75 78 84 81 75 66 71 73 56 50 72 76 75 53 49 46 57 87 101 93 85 94 96 95 104 121 108 103 117 110 108 96 108 112 114 119 125 131 135 146 143 129 135 131 109 94 98 91 80 81 90 81 86 73 59 53 52 53 59 68 117 143 146 109 74 84 130 147 146 104 150 158 84 162 213 181 159 184 250 251 252 253 253 253 253 253 253 251 249 249 250 254 250 252 252 250 252 252 252 252 250 252 252 253 241 146 133 138 134 137 82 53 48 44 64 64 67 73 71 81 83 75 80 85
67 59 61 67 65 64 70 68 74 61 61 53 52 43 54 53 41 40 53 72 81 73 72 79 82 82 83 102 88 89 102 101 101 102 109 110 117 115 114 123 132 142 140 137 136 120 112 109 107 97 105 91 94 124 132 110 102 86 69 51 71 61 65 124 137 133 100 77 86 117 126 164 103 108 108 146 98 130 217 159 140 143 193 214 225 225 231 233 229 242 245 243 251 251 249 239 242 250 251 250 251 250 252 252 246 244 249 248 178 129 138 135 140 125 64 52 51 53 66 63 67 71 78 73 64 68 71 85
42 39 43 42 53 45 47 40 42 47 49 40 43 49 47 50 67 58 71 74 80 64 72 58 61 93 81 76 101 89 85 109 116 120 121 125 120 120 127 129 122 125 116 118 116 117 111 112 103 97 100 107 131 133 132 139 146 144 141 102 83 82 118 132 124 113 83 77 111 116 149 106 100 197 122 112 100 92 139 147 135 149 166 188 194 189 192 192 194 200 198 195 205 213 215 190 211 242 245 248 246 245 248 242 237 238 239 207 128 131 140 151 143 115 58 45 43 56 68 71 69 68 64 58 70 74 67 64
35 35 38 39 34 40 37 30 39 40 45 43 37 40 44 66 59 74 81 76 87 89 93 115 100 93 90 85 94 91 61 68 101 115 116 121 122 112 119 119 111 118 125 125 118 117 115 109 99 96 109 116 117 128 130 146 164 148 128 100 92 120 105 118 110 90 78 103 104 131 117 75 196 186 121 118 92 79 114 134 141 150 139 121 120 111 125 126 124 124 127 149 168 186 174 182 194 210 216 233 228 238 242 233 232 232 233 140 111 123 211 166 120 84 44 52 51 75 73 72 72 69 69 67 72 76 77 72
39 42 37 43 33 33 34 33 37 39 40 42 34 38 47 50 56 68 70 68 66 75 83 119 125 115 111 124 125 116 104 84 76 81 80 96 113 106 113 117 120 117 114 110 122 116 113 99 104 109 109 118 108 114 127 142 159 129 106 97 121 122 130 123 98 81 87 103 107 118 68 168 182 101 102 120 117 70 80 125 123 129 80 61 63 65 75 86 87 97 102 135 160 153 143 172 185 186 184 189 200 208 225 231 231 229 166 115 116 132 152 131 112 57 51 42 55 74 68 66 64 68 69 72 87 67 67 65
56 41 41 36 38 43 34 37 38 37 41 43 36 44 64 66 76 78 84 82 85 81 75 99 116 113 126 127 129 129 129 118 115 107 118 116 109 113 116 138 127 125 112 106 112 98 104 110 119 115 115 123 118 110 115 96 107 111 96 115 133 131 132 110 84 80 88 88 94 59 125 164 83 82 95 97 133 111 58 95 89 66 60 60 63 70 62 61 72 81 122 142 137 128 152 165 166 168 168 172 177 178 193 202 214 181 121 121 126 130 139 133 83 57 49 42 71 73 77 72 75 77 65 69 70 75 69 56
72 72 62 44 45 45 40 44 46 45 44 43 46 40 43 57 71 81 83 78 75 60 64 90 125 120 117 127 128 121 117 115 118 99 94 106 91 85 95 112 139 121 110 109 119 117 115 108 116 119 114 116 109 111 98 110 99 95 126 138 130 132 114 95 70 70 78 76 61 104 118 69 60 72 70 76 107 141 84 67 57 54 65 63 64 76 73 73 74 86 115 121 112 127 152 158 148 153 163 162 167 166 169 166 157 117 133 143 136 142 141 115 60 55 39 62 102 76 67 68 70 61 56 76 69 68 72 75
68 70 79 65 58 55 55 52 61 64 60 66 69 44 48 60 65 68 73 51 49 72 87 79 89 121 129 127 126 120 115 114 111 112 90 100 98 91 61 51 97 124 121 114 109 110 123 120 110 110 102 108 106 106 112 107 104 121 137 136 134 122 89 71 63 71 55 54 87 107 62 55 68 70 65 47 55 128 119 69 50 60 59 55 53 61 69 71 71 82 90 86 95 118 123 128 133 139 143 139 152 157 159 149 124 132 141 141 143 145 147 79 53 57 41 58 67 74 79 61 52 72 74 82 67 64 69 74
61 62 62 66 73 69 59 57 70 76 74 68 69 42 45 41 45 45 54 60 63 74 67 71 75 93 124 126 116 108 107 119 107 96 94 97 95 88 66 67 75 83 108 112 121 102 98 112 121 115 108 117 113 117 117 106 118 138 136 130 132 108 77 56 64 58 53 84 103 58 53 65 65 62 53 53 62 96 131 105 66 71 78 68 67 64 63 50 62 89 97 88 106 102 105 118 120 133 119 108 129 134 139 126 132 145 141 140 136 138 105 54 56 62 67 50 56 53 62 61 68 79 68 68 71 60 72 61
66 69 65 61 67 68 75 71 60 76 74 67 74 48 35 37 47 51 56 74 74 75 71 68 74 81 107 120 109 112 117 95 76 94 90 86 88 71 64 67 70 55 59 73 91 108 111 107 114 121 110 116 122 121 121 120 127 128 133 130 127 92 68 57 53 37 78 91 62 53 61 60 62 60 56 64 64 57 119 121 88 74 75 76 79 79 79 72 74 80 80 93 104 109 115 117 120 116 100 107 112 119 124 132 139 135 141 141 136 126 65 55 55 63 76 69 71 67 63 69 80 71 72 69 61 65 75 66
99 100 97 90 88 80 72 72 69 75 72 71 62 62 53 42 61 68 57 55 53 63 68 79 77 71 92 105 107 108 94 76 89 114 123 100 100 101 97 105 109 108 100 95 78 70 106 127 134 124 124 110 102 109 112 130 134 127 130 134 121 79 55 45 39 62 87 65 69 74 81 73 68 59 61 61 67 63 81 119 109 66 69 78 76 76 77 76 79 66 73 82 83 84 93 96 103 103 101 113 117 123 136 141 142 137 139 139 135 74 48 64 68 84 90 66 67 72 73 79 71 70 63 70 68 56 69 65
125 120 126 104 97 94 87 82 80 79 81 79 79 69 65 57 55 64 53 45 33 43 60 66 64 63 104 110 107 117 123 117 117 120 131 125 124 123 118 129 134 113 114 127 127 119 103 124 109 103 110 102 90 80 131 130 126 137 135 134 109 67 50 37 52 86 77 76 80 72 80 74 78 76 70 57 47 45 44 68 75 64 63 65 70 69 72 75 71 68 70 74 86 81 90 88 75 81 96 122 128 133 136 146 134 137 138 141 90 49 69 89 78 71 81 85 66 81 80 74 67 56 57 66 66 63 62 59
122 124 107 126 109 103 100 101 86 92 95 91 85 77 76 68 58 52 38 47 36 36 42 39 44 44 56 73 82 87 94 93 72 105 141 118 112 128 129 124 107 102 124 122 112 109 103 101 89 96 122 122 108 120 140 144 143 138 136 135 92 53 37 57 83 83 70 64 65 75 76 78 70 71 74 72 69 70 71 55 53 57 72 65 63 64 64 61 62 72 82 78 78 76 82 81 72 88 123 143 143 135 136 142 136 136 134 99 47 61 77 66 54 61 91 90 79 75 60 61 75 67 80 70 73 68 55 63
112 120 107 116 120 100 89 100 96 87 87 76 88 83 77 61 61 80 77 64 55 52 48 45 43 39 51 76 80 77 88 83 93 109 121 124 121 129 128 120 123 127 121 108 110 127 119 122 111 78 104 113 113 139 137 147 137 136 135 137 89 50 61 83 91 75 70 75 71 81 76 72 72 72 72 68 69 69 64 65 64 53 61 58 55 56 62 58 60 65 68 68 67 60 64 73 108 127 136 141 140 140 143 144 143 137 97 52 58 81 61 67 72 77 60 64 61 73 71 65 65 77 103 79 65 54 40 49
115 121 117 98 94 105 88 89 106 72 77 75 52 66 92 88 70 107 88 108 90 63 63 64 54 50 41 49 65 75 82 107 131 129 111 119 121 109 93 85 86 92 93 85 86 86 89 80 72 66 62 68 126 136 142 138 134 135 137 136 86 50 75 85 79 60 63 70 68 71 66 64 62 71 74 73 67 64 66 67 60 61 66 66 58 48 57 60 57 63 70 68 61 63 95 125 140 135 140 136 140 144 137 139 132 100 48 61 80 58 55 59 79 72 57 60 66 64 69 76 68 69 68 69 66 48 51 60
127 136 125 121 96 73 88 87 100 84 79 81 72 61 73 83 67 96 123 124 102 41 40 56 61 66 62 64 54 53 65 115 110 94 97 98 100 120 107 100 90 79 68 71 59 53 50 42 42 48 60 88 134 140 144 138 137 137 137 136 97 58 69 74 78 63 67 63 60 61 60 63 66 66 68 69 61 61 67 67 60 59 60 65 56 52 63 59 53 58 59 61 90 126 139 139 149 138 144 142 144 140 135 128 99 46 65 85 57 61 57 61 81 61 70 75 66 66 70 63 62 66 61 54 51 47 51 48
123 134 120 107 114 105 59 63 80 80 81 80 77 87 71 55 64 49 102 94 44 40 42 63 62 67 63 63 70 72 59 54 67 63 62 71 65 76 97 90 86 87 82 79 50 56 57 54 52 50 51 110 138 140 139 142 142 139 138 130 119 71 69 65 70 66 62 65 69 63 65 71 65 63 65 66 66 69 66 62 59 60 62 64 61 53 58 58 61 64 86 121 141 139 141 141 142 135 143 142 133 135 130 87 47 72 88 66 59 68 68 57 78 93 64 60 63 70 66 65 71 57 52 48 45 52 59 76
131 127 119 113 111 117 107 73 51 56 69 78 90 80 67 63 79 68 43 40 46 54 66 64 66 62 68 70 73 71 65 57 54 54 48 52 57 54 56 68 75 64 59 58 56 57 63 75 89 104 88 138 149 147 139 147 149 139 140 141 132 96 73 66 66 61 59 55 60 56 64 59 61 64 64 62 60 60 60 56 59 63 59 64 61 63 62 70 95 122 140 143 137 136 145 148 139 139 135 135 139 125 74 46 73 87 77 70 67 59 58 64 61 69 61 62 66 66 66 68 63 55 55 46 57 71 67 67
116 133 110 114 126 108 123 127 86 73 92 90 77 65 67 76 74 55 41 58 66 57 60 64 54 65 68 54 61 69 71 67 74 61 52 52 65 56 58 61 57 59 59 67 59 75 101 107 108 110 82 132 141 136 138 145 141 139 140 143 136 131 88 65 66 62 61 57 52 62 61 58 58 53 53 56 56 57 57 55 56 59 56 56 72 87 112 130 139 141 144 146 139 144 138 136 138 135 138 136 103 62 52 87 95 59 54 64 62 66 71 62 71 64 52 64 65 63 72 70 53 56 45 51 55 48 51 63
95 100 114 111 105 126 109 128 123 109 109 82 72 71 68 81 57 70 77 60 63 47 53 59 64 78 108 102 78 66 60 63 102 89 58 48 43 56 73 69 57 77 66 83 94 104 92 91 109 102 84 130 133 137 136 142 137 138 136 138 140 138 117 86 68 61 59 57 59 60 60 62 56 58 60 61 59 56 51 52 52 71 92 112 132 142 135 137 138 140 145 141 138 144 139 135 130 131 119 77 44 63 108 102 68 56 48 63 69 79 114 58 73 63 64 75 70 72 68 58 48 40 45 58 62 53 56 61
107 77 97 113 113 112 119 119 111 117 99 70 70 83 89 70 70 81 49 62 41 45 58 53 55 61 85 105 110 109 98 82 77 93 93 82 46 55 77 70 69 60 65 100 95 53 50 52 55 58 79 133 132 136 133 139 135 135 132 142 137 132 142 134 95 64 56 59 57 53 56 61 58 55 57 56 56 72 85 108 123 145 152 145 148 143 139 141 148 147 145 142 139 143 145 137 123 92 54 56 89 100 95 83 70 79 57 63 67 72 71 60 81 76 59 70 59 72 62 45 46 51 53 70 61 67 52 54
107 90 76 105 106 103 115 116 112 120 117 75 51 80 80 85 79 73 59 47 43 49 44 78 76 61 68 54 82 109 117 114 110 83 95 83 78 61 67 85 80 69 62 82 69 48 45 37 39 41 65 119 127 133 134 132 140 141 136 142 148 148 147 145 140 123 109 82 70 67 64 71 72 81 96 114 130 143 147 148 151 146 147 146 148 146 146 145 155 152 146 141 133 142 131 92 60 57 74 98 99 88 71 52 59 56 55 62 68 82 66 51 70 68 71 59 57 62 60 40 49 52 82 71 64 71 91 59
91 93 100 107 100 113 126 120 110 114 108 109 67 55 92 82 81 64 40 42 39 44 89 122 123 115 114 99 78 98 119 108 115 108 109 96 89 63 49 85 93 99 90 82 89 81 65 60 56 47 59 101 129 134 141 139 138 145 141 146 160 153 141 145 149 147 146 145 136 128 129 133 140 146 145 148 147 150 148 140 155 155 145 148 147 150 151 138 140 143 140 139 128 94 61 59 81 101 104 97 73 48 49 45 59 64 58 55 59 80 69 60 106 107 73 54 57 52 42 46 51 61 80 87 66 62 67 62
65 82 107 109 113 119 127 145 125 117 113 105 91 59 98 85 79 43 45 43 48 83 116 120 123 115 99 111 102 99 108 95 98 101 107 114 126 100 91 121 116 110 113 106 99 108 94 89 86 82 72 71 120 135 139 141 146 143 141 152 146 149 149 145 153 146 141 154 154 147 150 151 154 146 132 143 151 147 152 150 144 146 145 148 142 142 143 137 145 144 125 93 60 61 88 103 103 90 92 73 46 44 56 67 63 57 55 53 60 64 54 66 61 58 62 53 51 45 61 57 61 59 69 55 55 60 65 60
96 74 113 108 110 107 115 114 128 111 118 106 67 90 85 84 53 47 44 44 55 122 140 123 116 107 121 119 112 99 109 117 110 105 113 122 127 115 118 110 105 108 114 113 88 99 113 105 99 102 108 74 90 132 142 138 138 142 140 143 147 140 149 145 154 158 146 143 149 153 150 144 148 147 144 142 151 142 146 148 154 149 141 145 142 141 140 128 113 77 61 67 96 120 110 103 92 71 58 54 52 63 58 63 59 60 65 50 52 54 47 50 62 62 46 46 49 45 47 52 67 64 68 59 52 59 52 47
88 69 100 108 110 116 109 112 109 97 98 85 83 95 82 53 51 57 48 55 75 118 130 130 120 97 116 109 113 113 116 113 119 124 119 123 120 105 120 105 119 116 101 92 90 88 102 115 127 129 127 112 68 93 133 134 136 139 135 128 134 132 138 138 140 146 147 146 145 147 148 153 148 147 144 148 150 146 148 149 151 145 137 146 131 115 86 57 56 80 106 120 114 102 95 87 62 45 44 63 52 43 58 61 59 60 51 46 54 62 58 60 54 56 55 48 45 44 59 58 60 62 62 46 64 55 52 55
105 91 70 85 99 100 86 90 86 90 71 70 79 71 55 51 55 52 61 79 108 121 124 123 111 112 110 96 124 119 111 109 118 121 111 105 115 129 119 114 114 102 91 68 81 89 74 49 50 51 60 58 61 59 83 133 130 136 138 140 137 134 142 147 139 153 149 148 150 149 149 148 150 140 135 144 148 145 149 146 146 139 117 93 71 60 74 101 123 129 119 114 95 80 66 48 48 54 48 49 60 45 60 55 55 69 65 56 66 60 59 58 48 45 41 37 51 49 68 63 52 49 57 50 45 45 53 45
110 117 101 82 75 95 94 92 93 77 47 68 62 39 58 64 59 104 127 126 132 115 118 126 111 111 123 102 100 110 113 126 106 107 85 76 110 118 112 110 101 95 96 95 102 98 103 97 65 47 39 52 74 75 66 70 108 132 128 133 131 139 135 143 142 135 131 143 135 143 143 150 149 148 146 142 140 144 134 112 86 72 71 75 98 120 139 139 124 110 102 89 68 50 51 47 44 50 51 50 58 58 52 54 54 70 60 58 58 56 58 46 47 41 45 55 63 61 66 61 46 50 51 58 60 64 53 49
93 94 108 113 72 92 120 110 111 51 38 63 61 52 42 54 88 145 129 122 134 121 121 121 118 122 120 114 113 98 97 131 89 73 68 100 123 123 106 97 89 97 87 101 111 118 103 107 100 78 61 38 48 64 63 44 55 79 107 124 113 110 117 113 121 97 101 118 118 123 127 131 142 141 134 115 96 80 68 73 97 129 147 149 143 131 124 119 103 94 73 61 50 46 42 43 50 61 55 62 58 57 62 62 58 61 55 73 60 61 58 50 37 36 37 59 61 60 56 56 67 71 63 59 54 55 47 45
64 65 64 71 101 117 117 131 93 57 79 66 83 76 43 65 77 117 126 127 124 114 112 117 128 121 122 126 111 97 86 79 61 58 97 121 116 91 77 85 100 94 93 108 108 100 102 110 110 88 73 56 41 38 35 45 36 43 53 81 103 105 111 117 128 104 94 103 110 104 96 98 87 74 71 73 89 104 136 150 156 158 144 136 127 114 108 82 60 50 43 53 45 59 67 55 56 54 51 58 53 56 67 93 54 62 72 55 79 64 50 45 38 42 58 48 56 64 61 55 62 59 65 59 49 47 51 46
100 83 66 56 78 106 114 119 60 66 87 82 72 49 49 66 85 98 114 121 118 118 119 136 132 126 132 120 119 99 86 62 73 67 87 109 109 99 82 58 100 113 102 110 114 93 82 74 73 83 106 96 76 55 48 42 36 42 43 42 58 69 74 73 109 95 79 77 75 70 68 71 96 111 109 126 164 160 168 163 156 147 136 131 111 90 66 52 49 55 59 66 65 81 65 65 66 61 51 57 52 60 64 59 65 75 68 63 60 52 42 38 44 40 44 59 55 60 51 54 50 46 47 47 51 52 71 43
86 95 97 88 62 50 63 81 98 83 67 51 49 56 83 89 76 83 100 104 108 122 133 120 129 116 106 120 127 106 80 73 81 73 100 110 115 117 102 72 71 104 120 118 108 92 84 74 92 116 112 111 105 99 91 74 66 55 50 41 44 55 55 65 101 99 82 98 119 153 168 186 208 188 170 184 183 178 163 150 146 129 116 93 93 74 50 45 51 90 60 83 78 61 59 59 68 68 50 52 70 77 63 70 61 66 61 48 46 47 42 40 41 35 42 55 52 61 62 49 60 59 46 38 50 53 48 49
107 98 104 89 68 71 94 89 74 62 100 50 98 90 71 81 71 70 69 80 113 136 140 141 122 128 112 131 113 76 72 67 64 93 116 113 123 124 87 98 97 77 87 88 59 73 80 99 81 89 108 102 108 122 115 93 100 98 89 76 58 40 44 50 99 138 194 197 177 189 199 207 204 192 191 187 177 160 147 123 113 94 63 60 96 63 57 54 49 75 102 94 75 53 58 63 54 60 58 55 63 71 53 61 63 61 56 46 40 44 47 37 34 38 44 43 54 50 49 54 63 50 51 45 53 77 57 53
85 74 65 54 63 95 86 70 70 66 105 82 71 80 61 61 54 57 66 67 71 108 151 135 119 122 89 81 65 63 69 76 101 118 133 131 139 132 84 89 90 85 77 70 57 51 86 103 101 95 101 94 92 97 87 101 103 105 120 111 114 95 70 50 68 64 97 210 232 201 178 168 178 184 177 177 160 136 120 92 84 70 49 45 55 44 66 77 65 77 72 65 57 64 59 53 65 66 66 57 54 58 57 62 67 57 51 62 53 38 46 43 53 47 58 56 49 45 53 47 48 52 59 53 66 52 44 36
50 49 45 36 55 69 60 101 113 64 77 72 58 64 68 65 73 68 62 58 61 73 78 92 85 84 76 64 74 63 57 105 121 120 121 127 123 132 101 73 67 89 84 79 76 94 112 116 108 84 112 114 104 80 68 87 98 96 114 122 117 117 130 105 94 79 53 72 188 234 202 202 185 172 154 142 116 96 75 72 65 54 50 34 60 73 50 49 50 57 62 63 59 74 61 58 72 84 78 56 54 54 55 51 61 61 45 46 47 57 49 42 46 43 42 53 62 57 56 56 59 52 55 44 48 49 49 42
48 44 43 42 43 36 93 104 51 48 50 65 99 115 87 72 121 68 54 113 165 99 66 77 99 111 100 61 68 46 78 120 120 122 109 121 118 109 94 75 105 95 88 97 106 122 129 120 79 84 116 97 98 97 79 64 91 104 120 111 90 99 109 106 106 100 76 66 66 159 198 192 185 171 136 112 78 62 73 96 96 79 59 77 81 73 77 63 57 63 97 96 62 62 62 58 58 60 56 45 41 39 43 77 58 46 47 42 53 56 51 44 36 43 45 52 66 104 84 55 74 47 50 61 47 43 37 43
43 47 47 44 35 38 50 57 51 64 64 65 90 79 89 95 97 76 65 98 128 99 86 64 67 90 80 64 64 77 127 119 123 118 119 126 110 119 95 87 105 91 90 74 87 108 115 106 87 96 96 97 112 112 98 100 96 97 114 107 101 108 113 94 80 94 95 94 95 82 96 90 104 101 73 55 41 43 78 78 79 97 97 61 65 65 70 51 44 53 66 69 86 53 54 57 56 40 55 58 56 54 48 52 53 36 40 60 73 50 44 45 44 38 41 59 44 65 66 50 53 53 50 53 70 39 34 41
39 40 44 43 54 42 41 48 55 71 44 50 86 93 74 73 85 77 81 69 99 94 79 98 80 74 82 86 90 115 126 121 126 103 121 123 121 117 105 97 97 96 65 91 99 96 81 94 111 104 95 101 109 107 94 105 115 104 106 98 101 96 95 87 112 117 96 89 93 94 99 75 57 42 39 37 36 43 48 47 47 61 64 66 84 91 92 101 87 59 55 55 61 55 56 68 80 60 59 55 55 51 55 43 41 45 51 46 43 42 54 66 76 73 72 45 43 43 49 62 64 79 71 67 60 42 49 70
42 38 44 41 42 44 38 41 49 59 68 54 60 71 67 82 80 74 75 70 68 54 60 71 105 107 82 80 98 124 121 120 131 122 110 129 115 98 95 76 82 74 89 104 108 83 97 115 109 114 98 93 92 105 103 107 99 101 108 102 104 105 95 88 104 118 107 74 89 95 96 95 83 64 68 59 45 53 59 54 84 101 108 110 106 110 109 111 104 78 50 59 59 57 56 84 91 95 86 83 90 87 75 58 40 65 83 95 90 84 80 96 108 99 99 93 79 48 54 63 53 44 44 40 50 44 44 53
40 45 44 44 47 54 64 60 55 61 74 89 92 34 85 86 98 95 55 65 76 53 56 69 53 88 71 92 141 120 111 86 99 110 86 91 81 84 93 73 59 91 117 99 81 57 94 115 119 100 83 85 88 88 92 89 108 121 108 114 121 103 87 118 124 115 103 95 80 85 91 95 91 81 86 80 52 60 80 99 110 110 113 112 123 111 110 109 106 108 77 83 91 67 77 91 92 102 101 108 106 77 65 79 95 104 121 118 100 81 80 111 108 96 95 96 96 89 63 56 43 51 51 49 52 40 41 46
