145 141 133 141 151 156 153 150 144 147 143 137 148 160 161 155 141 152 153 160 164 177 178 154 132 134 122 115 115 131 107 76 81 86 79 79 95 116 93 84 106 113 79 86 97 69 122 126 125 107 96 156 164 95 86 86 68 73 97 117 136 133 124 129 107 127 126 84 70 70 81 105 93 116 133 149 158 164 153 160 165 164 163 169 170 169 163 167 162 156 159 156 166 155 161 169 168 163 164 152 156 158 145 155 151 161 155 159 157 162 160 146 152 162 169 167 169 166 160 169 155 150 146 160 154 142 142 130
145 139 147 151 158 146 132 127 130 132 142 137 158 163 165 168 159 150 162 172 171 158 165 158 139 141 143 133 129 125 99 94 92 77 86 100 93 88 66 81 127 84 65 72 112 100 128 124 96 84 78 96 109 113 107 106 103 112 114 130 130 128 95 100 105 120 99 103 111 130 139 140 146 142 155 153 152 165 147 154 160 164 164 165 171 164 152 149 156 154 149 160 149 148 157 155 155 154 163 164 153 158 154 160 161 163 152 147 159 168 152 153 150 153 162 157 159 161 148 151 157 153 159 155 154 145 147 147
153 131 135 129 124 118 129 134 147 156 158 161 166 166 163 158 142 157 167 161 161 152 150 148 133 143 149 111 88 101 110 95 108 128 97 105 116 108 119 145 114 90 88 94 133 149 140 165 83 80 109 100 94 120 146 146 153 157 169 167 171 148 83 89 132 142 163 177 169 165 161 160 153 163 161 156 155 159 163 156 145 156 159 151 161 144 148 147 158 161 158 169 152 151 158 160 157 153 152 160 146 137 156 153 155 157 165 154 146 148 159 158 160 148 155 148 143 142 150 148 156 164 163 158 156 152 144 159
132 130 125 127 146 152 147 128 122 110 128 134 145 161 164 167 150 161 168 147 150 162 161 169 165 150 152 155 145 148 152 134 137 150 154 198 235 220 210 195 168 157 149 148 143 136 144 154 138 128 140 146 152 159 160 165 163 162 171 174 160 130 110 131 152 178 211 219 180 162 148 149 138 149 165 156 168 169 160 154 143 133 152 157 150 144 141 141 157 162 167 166 148 151 167 157 142 150 147 137 138 140 160 160 162 168 166 158 158 150 159 164 166 150 153 155 142 155 158 153 155 160 167 152 140 141 148 153
120 133 132 123 109 110 119 115 129 149 157 159 162 165 156 175 192 185 184 168 136 140 160 169 164 144 141 154 151 147 122 129 184 229 234 230 219 197 176 186 179 205 178 180 157 136 147 149 144 157 150 148 146 151 163 162 159 166 157 167 164 146 124 158 191 217 236 196 169 161 152 145 161 167 165 208 193 160 140 154 173 161 174 158 156 158 165 151 159 155 145 156 152 153 158 154 155 155 166 155 159 153 167 163 150 152 148 141 157 154 154 155 163 152 165 162 158 150 156 157 154 155 148 146 137 151 152 148
130 124 120 115 119 129 144 155 172 187 182 174 163 167 167 143 169 197 188 192 185 164 171 179 182 156 163 194 210 181 193 203 229 234 222 221 209 196 181 191 184 196 204 219 171 156 158 150 157 157 146 148 155 150 160 154 142 150 148 156 163 167 160 168 225 238 223 217 212 205 204 183 180 215 207 200 198 176 177 219 233 220 199 191 219 205 207 204 191 164 162 157 173 160 162 155 170 165 164 163 178 165 131 151 157 160 158 158 172 167 172 168 167 161 165 168 159 161 158 156 158 151 140 144 140 154 151 150
154 158 156 154 160 169 167 172 177 189 183 180 154 162 175 167 158 174 184 197 196 195 189 186 184 186 207 243 240 215 202 184 184 198 213 230 212 206 180 173 181 181 184 171 175 175 153 161 181 171 153 155 153 164 159 154 150 148 159 158 165 158 146 133 159 168 172 174 181 166 189 201 217 246 240 224 238 224 218 249 251 241 236 235 225 210 199 192 179 169 166 163 171 166 165 155 166 168 163 169 163 140 127 151 151 151 156 164 162 151 154 144 142 153 155 158 163 160 155 153 154 149 143 141 130 139 145 147
167 161 175 174 169 173 182 182 189 187 187 172 169 161 173 190 185 176 162 167 184 190 189 186 191 224 248 244 234 225 209 213 200 194 228 192 195 194 187 184 174 211 190 193 181 163 176 164 165 171 162 161 164 163 171 173 172 156 157 195 194 165 152 174 170 153 143 157 152 157 161 154 169 199 200 212 209 199 186 212 216 197 193 208 159 166 179 178 165 168 174 180 166 165 173 160 158 182 174 168 157 147 146 143 139 121 143 155 152 147 156 146 139 133 155 160 165 160 157 167 159 147 142 134 132 134 139 159
172 168 169 172 170 168 182 184 183 173 160 150 152 149 155 149 162 169 167 157 156 179 216 211 228 248 231 206 190 182 196 219 238 247 232 210 205 196 178 178 170 169 189 201 198 175 188 184 179 168 173 171 179 174 161 176 177 146 146 148 170 170 157 155 151 180 183 159 157 148 158 167 161 160 160 175 182 165 158 159 168 170 163 160 162 162 169 173 168 177 179 175 163 156 168 170 168 158 166 160 161 166 162 171 176 173 177 170 172 172 172 165 146 142 167 166 167 166 155 148 147 134 132 139 145 153 155 172
140 151 175 175 169 163 177 164 146 149 143 141 154 150 148 141 139 146 154 164 153 160 200 174 186 205 191 174 170 167 166 159 186 212 220 219 215 202 197 171 156 160 167 169 181 170 176 178 199 176 171 168 172 159 166 182 159 151 165 159 143 146 167 175 171 177 197 202 200 190 189 183 179 173 169 170 165 156 170 179 176 168 171 167 171 161 167 159 174 185 162 165 184 181 181 182 176 177 172 180 172 159 169 173 168 167 180 176 165 165 158 144 152 164 168 175 183 187 186 176 162 143 142 148 132 137 137 159
168 185 221 200 156 172 188 179 156 160 187 168 158 166 160 151 166 169 158 175 168 175 171 153 164 172 171 162 173 166 169 156 150 169 193 198 205 201 182 174 159 180 182 180 184 179 180 175 164 171 164 145 157 167 170 163 160 169 165 169 175 172 181 188 187 184 180 189 191 186 193 183 181 164 166 162 173 177 167 168 165 164 173 166 155 162 180 177 156 166 180 158 153 169 167 166 177 176 171 182 172 170 168 170 167 165 173 172 171 177 177 180 172 164 155 160 169 174 166 166 168 165 148 136 140 133 128 136
215 201 212 217 189 205 227 216 208 204 230 184 181 194 190 168 167 198 186 180 179 177 183 186 173 167 170 170 163 164 179 173 171 154 156 169 174 165 149 148 153 151 174 190 175 176 174 163 159 166 155 164 170 163 157 176 186 180 186 183 168 170 178 173 183 180 180 171 165 159 155 149 147 160 175 162 174 181 179 159 174 178 186 179 175 163 170 167 172 183 173 164 171 179 174 167 171 178 179 178 164 161 169 163 166 163 163 170 170 165 169 156 144 161 165 161 164 158 159 149 149 152 160 166 166 170 167 148
186 188 171 187 210 210 203 182 181 188 186 191 222 217 200 193 171 170 180 178 174 164 174 172 165 167 195 184 190 186 195 197 173 166 170 161 159 139 145 159 159 157 168 182 177 169 173 165 173 163 160 187 181 170 165 177 169 170 169 170 163 170 167 165 165 171 177 167 170 171 160 164 165 173 173 178 176 173 176 183 173 178 180 187 179 175 185 187 192 186 187 186 181 187 188 178 174 177 174 174 169 162 151 160 166 156 143 145 153 165 168 163 166 183 182 176 179 182 202 197 174 180 191 178 163 157 194 200
168 183 173 184 212 220 184 189 189 186 201 228 255 248 234 231 213 188 191 198 203 232 241 220 185 193 208 207 193 168 161 188 171 190 185 164 166 182 177 172 162 177 181 173 173 177 165 169 175 170 168 176 168 168 165 164 162 175 174 171 170 169 169 181 183 167 167 163 161 136 142 156 170 182 178 181 175 157 153 165 164 176 176 182 175 167 171 181 176 166 171 176 182 189 187 176 189 185 159 166 173 170 175 189 171 157 158 183 195 193 174 175 185 189 166 152 190 215 208 197 182 163 152 149 142 139 176 232
204 230 232 242 249 248 244 241 238 210 224 235 239 236 239 246 219 238 238 225 222 246 250 248 247 241 221 225 221 206 208 198 191 203 208 195 195 201 200 192 185 191 193 179 175 182 189 181 183 178 165 156 154 160 147 139 120 137 154 165 166 169 180 178 167 166 168 175 143 130 146 163 160 181 173 180 163 152 160 166 174 167 163 158 158 169 163 165 177 169 163 166 170 185 171 160 183 174 182 174 171 169 209 188 183 193 169 193 221 210 192 176 154 159 141 150 174 160 149 150 140 135 132 133 150 179 171 157
247 247 253 250 246 247 252 250 250 246 245 246 242 245 249 247 249 250 252 241 242 233 235 244 246 244 229 215 215 237 245 227 219 204 192 188 196 200 208 189 195 203 195 203 197 203 182 182 184 173 167 155 159 164 151 149 145 167 186 179 162 156 179 162 159 163 161 162 167 162 162 170 165 159 176 184 167 156 164 166 167 166 166 157 164 162 167 170 152 149 142 152 155 157 164 161 175 179 164 165 151 185 205 175 159 164 156 153 177 187 183 166 138 135 149 156 157 148 137 126 129 133 146 141 161 158 138 131
244 238 243 247 249 251 249 246 249 248 246 252 246 246 248 243 241 240 246 243 234 234 246 250 250 243 228 235 231 235 210 184 184 179 196 190 186 171 189 206 201 184 178 172 171 161 160 170 182 178 190 180 177 175 166 166 180 171 174 171 169 147 156 161 174 150 137 149 164 175 176 173 176 169 175 182 172 163 159 160 156 155 161 156 161 166 168 153 121 116 119 134 151 147 143 139 149 153 156 172 177 155 165 159 138 151 145 156 158 161 153 152 155 166 166 151 148 146 145 147 155 149 160 161 167 168 161 151
230 205 202 231 248 247 240 233 231 229 236 236 224 237 240 224 222 211 211 227 226 220 229 236 248 242 239 244 223 189 166 170 191 214 211 198 183 180 190 210 177 169 160 180 175 187 190 191 190 178 185 161 162 154 152 154 150 151 142 141 157 156 156 154 170 164 169 164 144 137 142 138 157 161 169 160 167 162 163 168 171 151 151 150 159 146 127 150 159 152 137 121 112 123 137 135 152 168 163 160 178 158 164 157 156 164 158 161 180 168 177 181 168 164 177 175 171 173 157 170 175 172 177 181 180 176 174 162
227 214 200 210 228 227 228 220 219 211 223 229 231 237 246 234 218 215 222 230 230 227 217 202 220 220 211 208 200 189 160 187 188 205 194 179 193 202 196 215 210 202 192 182 177 180 175 191 188 180 188 180 172 175 170 175 172 182 180 171 180 166 170 174 172 180 157 179 183 172 155 156 165 164 162 169 180 174 159 162 162 155 146 132 145 150 142 136 160 160 162 154 161 156 163 160 148 152 143 142 160 155 163 159 170 175 176 187 178 180 181 181 152 144 159 157 158 163 163 175 156 159 164 147 132 141 136 127
246 233 239 236 233 233 228 233 236 239 241 246 246 244 230 214 212 234 246 250 248 232 229 228 214 195 183 173 186 194 196 192 193 186 179 182 189 178 181 179 185 191 180 163 170 177 175 182 185 177 180 198 187 201 189 183 182 180 181 178 185 177 164 166 173 179 163 165 173 193 175 190 185 180 174 173 179 174 168 166 174 172 158 149 175 183 145 155 164 174 168 171 165 167 156 166 164 160 176 171 173 173 178 170 170 176 189 188 177 175 176 176 169 168 164 160 185 176 182 176 152 159 163 147 141 153 149 152
249 247 240 245 248 246 241 225 220 234 232 233 248 252 223 201 199 215 224 231 217 229 221 219 203 190 185 183 183 180 186 195 204 186 190 194 180 185 187 183 196 192 181 173 177 156 143 169 181 175 170 179 198 201 193 173 172 160 161 165 161 145 128 127 146 153 165 166 163 172 151 170 175 158 169 174 184 176 169 162 164 159 155 159 174 171 172 153 141 156 168 163 153 160 169 177 176 171 179 177 181 193 178 185 188 184 174 182 186 167 161 176 170 181 177 176 193 179 174 177 165 158 166 173 176 174 179 171
245 236 225 225 220 235 243 239 237 223 224 229 246 251 222 204 198 187 200 208 189 213 220 194 192 183 188 189 177 193 195 186 190 175 185 181 175 189 198 192 177 179 178 175 174 171 157 148 153 151 154 155 147 155 159 176 182 173 174 168 169 159 145 142 148 152 164 172 177 168 165 172 168 162 161 170 163 158 164 166 169 176 176 179 177 174 185 174 171 178 172 162 171 188 189 194 181 181 173 169 176 174 180 173 188 174 172 174 171 182 165 160 175 183 184 181 189 185 180 186 187 181 180 178 180 175 177 171
219 203 205 212 210 228 222 207 197 215 213 231 236 233 229 225 201 202 211 222 211 208 198 203 190 187 198 207 185 183 189 187 190 195 182 160 172 172 161 159 167 184 196 188 192 193 180 166 167 178 175 157 161 168 181 192 188 186 190 182 180 188 195 194 197 194 190 179 181 176 192 182 181 178 190 194 163 159 173 192 189 194 187 188 179 177 182 185 178 173 189 197 185 182 181 194 181 173 168 185 178 172 191 193 186 180 164 165 167 185 188 177 188 175 186 176 185 187 183 180 162 155 159 165 156 154 168 161
202 195 189 188 196 205 205 197 195 218 183 176 189 186 188 200 198 191 197 204 183 185 177 183 183 189 186 178 166 152 154 155 160 168 153 166 171 176 167 165 177 168 164 169 163 171 163 173 188 187 180 180 178 186 184 189 194 181 180 156 166 186 181 179 189 180 174 171 182 178 188 191 197 191 192 186 173 180 194 180 183 191 181 183 183 181 171 177 172 180 188 176 171 177 169 175 168 166 156 176 193 194 185 188 170 152 149 162 168 166 160 165 181 171 167 168 179 170 174 193 181 179 180 172 168 175 189 175
192 175 176 179 211 213 195 186 180 179 188 183 179 185 195 193 190 200 182 181 185 185 182 174 171 175 164 166 175 177 179 174 180 189 196 199 185 182 182 181 171 180 190 176 173 171 171 177 171 166 157 147 157 186 178 176 186 189 183 184 170 185 193 184 188 178 185 193 183 183 179 176 193 188 181 174 185 183 175 170 168 168 179 191 191 200 191 183 172 172 181 183 182 169 163 155 148 144 136 155 162 142 136 140 143 167 177 175 178 175 182 178 188 192 192 179 172 168 169 184 174 165 184 195 195 196 196 190
177 180 183 194 200 211 204 188 188 180 179 192 203 199 209 215 197 185 183 183 198 221 181 168 180 186 191 183 190 195 188 195 193 188 188 191 183 176 200 216 190 183 180 177 185 183 185 183 179 183 160 155 171 183 176 161 183 186 185 190 192 193 191 188 188 198 176 172 171 182 186 163 170 164 175 177 179 178 189 164 158 173 167 170 178 180 167 172 189 198 198 196 195 191 191 193 180 178 155 157 170 171 189 192 180 184 192 190 193 189 185 175 178 175 178 183 178 173 176 189 190 187 184 182 180 173 177 175
200 221 218 225 209 228 240 227 219 200 200 233 217 188 176 177 199 201 231 232 232 208 204 234 226 186 189 193 212 216 185 219 198 198 192 196 213 213 236 228 206 182 181 189 182 181 182 183 184 182 184 182 181 178 183 178 179 179 174 177 187 174 184 181 182 177 185 177 174 163 150 146 152 182 195 182 168 164 170 159 175 170 183 174 169 176 158 176 181 188 198 188 190 187 191 188 184 178 163 175 185 161 175 181 179 187 177 186 192 177 159 169 184 182 170 169 182 181 179 179 183 187 172 169 160 166 173 174
239 217 197 211 235 242 246 251 227 208 198 212 225 243 238 208 196 207 220 209 217 229 224 226 201 194 200 211 193 202 209 209 192 197 197 189 184 200 204 191 186 185 178 174 164 172 183 182 175 175 180 185 173 168 169 161 156 163 161 151 149 151 150 150 159 164 177 188 187 165 148 161 165 172 173 184 180 171 176 184 182 188 185 185 168 158 182 185 180 168 165 161 152 166 180 177 175 149 155 159 166 170 183 176 169 170 168 177 179 179 175 169 179 172 174 181 175 162 161 157 141 159 150 160 155 150 126 116
217 194 195 205 196 207 222 218 196 195 195 190 207 223 209 208 214 204 196 204 205 210 214 223 203 206 196 185 180 187 186 177 187 180 185 177 181 176 174 181 184 180 169 178 169 179 179 170 175 165 163 172 177 176 175 175 165 171 164 173 184 180 180 189 181 165 153 186 191 173 172 189 197 181 173 179 173 172 169 175 175 185 185 179 169 165 171 180 171 159 153 157 161 174 180 184 176 178 172 165 167 157 164 162 170 169 171 182 178 187 187 178 176 176 165 177 167 157 163 166 157 155 167 172 178 151 128 139
187 189 195 200 184 184 189 191 190 194 196 195 182 182 176 182 183 181 191 192 183 188 190 190 189 186 190 183 171 168 167 170 165 169 180 168 158 166 162 161 178 179 187 190 185 178 173 176 168 164 162 174 178 185 195 183 182 199 201 200 204 207 207 202 201 201 196 195 188 193 182 189 193 188 189 191 193 177 153 156 183 179 162 152 157 166 159 151 147 168 171 166 171 173 185 180 177 187 190 181 169 165 152 161 185 183 193 193 191 189 176 176 189 190 182 186 177 173 166 178 167 166 167 173 161 162 147 162
212 217 203 200 192 194 198 203 209 195 197 184 181 178 162 177 185 173 181 183 180 174 171 171 186 168 167 182 181 182 167 176 179 187 172 167 166 180 184 184 189 172 172 181 171 169 170 175 158 154 163 191 189 187 189 199 199 180 191 201 200 192 194 201 196 197 202 191 188 186 187 191 189 182 186 173 172 174 161 176 188 185 172 160 161 164 170 176 177 179 187 185 196 198 200 200 197 199 183 176 173 184 192 194 200 192 190 189 193 187 180 176 180 188 173 178 182 178 160 177 188 172 169 175 168 170 174 179
193 210 215 227 203 198 200 194 196 199 197 178 173 175 173 175 176 172 177 177 172 192 206 192 204 202 190 180 194 186 179 173 164 143 157 165 151 147 167 168 152 166 155 156 138 131 153 169 167 176 180 185 186 181 188 183 191 206 207 210 203 196 201 191 182 177 175 174 179 166 169 170 169 166 185 187 172 176 173 194 185 180 171 156 148 162 163 180 184 187 194 193 201 205 201 203 194 196 197 190 183 192 200 203 194 185 173 172 166 185 184 181 183 185 184 166 148 129 137 178 169 152 143 147 146 149 157 164
205 195 205 205 203 209 194 180 164 192 212 207 200 190 185 175 175 177 180 185 182 180 176 161 158 155 161 173 177 173 198 197 189 170 170 168 152 158 164 163 159 185 186 180 173 159 172 170 158 148 154 170 165 175 187 193 186 194 198 203 189 190 179 172 177 151 157 171 166 171 176 174 184 155 158 153 164 186 184 171 173 179 178 176 174 184 178 187 186 186 192 190 195 197 187 181 183 173 164 170 178 177 172 173 164 163 161 156 170 180 182 173 167 160 141 121 118 111 120 139 158 157 142 137 140 146 150 146
180 198 228 219 220 215 186 176 154 147 172 180 180 167 173 169 183 191 178 171 177 185 183 184 184 171 159 150 161 164 177 165 171 156 157 146 166 139 159 148 154 175 186 195 190 182 198 191 196 197 180 159 172 188 196 194 193 197 173 164 172 165 166 184 181 171 163 147 162 173 171 176 154 141 148 161 162 174 184 171 178 185 184 178 181 191 192 198 176 176 180 186 197 194 191 191 191 175 179 175 169 161 179 172 169 169 173 177 171 177 170 180 147 120 127 125 122 113 124 136 135 151 161 160 155 147 157 162
181 167 184 199 183 169 182 207 201 194 179 184 199 173 185 202 206 193 182 190 186 194 184 186 177 170 167 157 150 163 177 181 167 150 132 130 158 173 165 157 144 151 151 160 172 170 170 166 182 188 192 189 180 179 183 176 183 190 186 170 171 169 185 183 176 175 174 175 168 158 162 185 179 182 179 155 183 165 152 164 173 179 178 185 165 171 162 167 181 185 186 173 176 178 188 195 191 178 175 179 181 185 178 158 138 147 165 166 171 162 157 157 145 139 133 126 127 133 142 141 147 158 165 172 162 157 159 167
137 158 160 146 144 151 146 162 180 190 196 200 193 156 167 161 145 151 151 141 145 149 141 149 197 234 207 197 187 180 193 189 177 167 168 147 124 172 197 192 172 149 155 156 169 148 144 153 175 179 186 173 172 170 172 163 173 171 175 167 173 178 184 175 177 171 174 178 174 158 156 173 180 163 139 111 154 159 167 171 160 169 173 160 156 174 159 155 172 175 171 171 164 153 157 172 178 175 167 161 156 158 157 152 151 167 175 183 176 159 149 153 154 159 161 154 154 153 163 159 154 156 163 169 164 151 159 172
147 166 159 152 122 131 142 148 162 166 179 189 172 162 173 154 155 161 159 144 139 145 148 156 218 204 199 170 176 157 156 157 180 176 160 157 142 139 171 191 186 180 173 161 161 153 143 154 159 163 152 164 165 161 168 176 175 178 169 164 182 173 169 160 149 131 134 157 170 171 139 144 154 130 132 131 133 130 151 154 151 141 148 157 168 174 168 171 174 175 185 176 169 185 181 178 191 178 173 168 173 184 186 178 169 179 175 170 174 178 167 181 171 182 181 170 176 176 171 172 187 184 178 175 172 159 150 160
160 166 160 153 133 134 148 148 151 172 180 175 162 172 177 170 175 165 184 184 219 231 214 187 189 176 156 143 148 157 159 171 162 162 138 168 172 177 177 173 168 182 176 151 146 148 157 169 158 156 151 171 150 166 169 181 171 168 157 157 166 180 160 146 141 149 132 131 131 145 129 127 160 155 163 152 137 153 170 180 198 193 166 164 169 165 151 156 144 137 167 176 181 189 191 182 185 179 190 188 200 198 189 186 179 163 159 167 162 167 165 172 179 179 168 160 158 175 168 168 167 169 163 157 178 163 161 160
172 161 155 157 159 171 175 187 180 175 184 173 169 174 190 181 184 190 204 200 208 201 195 193 178 171 149 156 162 161 161 170 163 165 163 168 151 173 174 166 177 158 128 125 132 125 122 112 125 144 150 166 171 176 172 168 155 170 171 174 183 170 161 165 180 165 151 175 165 150 142 157 182 178 163 157 163 164 183 211 188 180 179 187 185 183 154 114 128 156 177 183 176 183 189 194 191 170 173 189 201 186 160 161 157 155 165 183 173 175 178 182 170 169 160 175 172 167 162 166 156 160 180 176 172 163 174 175
178 170 160 160 163 155 166 182 178 184 182 178 168 172 165 158 143 142 150 154 168 206 201 193 167 177 157 141 143 142 136 154 154 156 183 161 154 156 166 174 143 136 160 171 167 164 146 143 140 164 163 164 177 167 154 172 176 167 155 159 170 156 156 156 172 168 167 167 171 171 167 169 183 183 178 191 181 189 209 160 124 133 180 192 159 159 171 178 190 182 164 177 169 189 189 198 199 198 181 179 174 155 161 156 186 197 192 195 183 182 190 194 193 190 190 196 197 192 189 188 187 171 173 184 182 187 190 192
188 187 178 174 168 159 166 180 179 183 174 169 155 170 162 153 114 110 143 158 182 198 188 176 164 169 169 157 151 151 177 179 182 180 190 190 212 194 185 168 153 155 156 168 163 142 167 170 153 138 142 156 160 157 153 157 149 150 159 161 158 139 152 147 162 172 177 171 164 172 172 175 182 182 188 188 183 212 183 119 89 97 136 163 174 192 175 182 201 189 183 190 181 172 178 185 183 181 182 179 189 188 179 189 189 194 191 174 171 185 194 202 196 199 193 182 195 188 191 195 206 193 176 182 195 190 186 182
184 183 194 192 185 170 173 182 180 152 150 150 147 143 147 128 105 112 133 176 180 162 161 183 170 179 162 155 184 196 178 166 176 172 182 179 184 197 176 140 149 163 158 153 154 163 161 151 158 150 151 167 175 175 168 166 168 179 189 179 176 171 183 175 165 179 176 167 161 156 172 165 160 170 183 177 205 216 139 113 78 96 120 121 133 148 191 191 181 179 176 179 181 192 188 178 181 180 179 176 180 166 168 168 171 184 177 177 180 185 187 186 190 180 180 182 188 178 183 188 177 167 180 172 168 172 166 154
190 179 166 154 171 194 174 152 155 149 133 124 124 117 127 115 89 110 111 156 165 179 184 175 172 164 172 172 176 167 166 174 192 185 163 162 161 167 129 134 139 140 140 159 190 171 164 154 163 162 169 169 169 181 171 162 170 156 159 173 189 180 174 176 168 168 180 181 180 171 184 184 179 179 152 172 220 178 124 112 83 105 108 112 108 106 167 168 163 174 180 175 171 174 168 169 161 177 188 188 182 174 179 206 210 193 182 178 171 168 171 176 176 177 176 180 176 156 165 183 168 178 169 162 162 172 173 174
193 195 179 144 131 153 168 135 129 123 110 99 97 107 126 126 117 126 139 151 177 160 164 164 170 167 170 167 150 152 162 157 152 151 137 137 136 143 142 159 155 180 177 175 159 145 142 140 155 158 172 167 158 161 182 160 169 170 176 170 153 169 189 190 176 190 188 185 189 186 183 185 188 187 178 205 205 162 113 108 97 106 115 109 107 92 148 193 168 169 166 165 168 175 186 181 169 177 182 192 194 188 187 228 172 164 185 181 163 162 164 172 163 168 174 183 169 168 174 168 173 160 163 162 171 168 162 148
168 162 152 157 149 139 145 139 111 110 106 110 104 109 115 121 130 147 165 179 189 182 184 188 183 174 176 181 166 170 149 135 149 153 146 143 164 171 171 161 179 182 176 157 149 170 170 175 185 177 185 193 179 158 153 158 158 164 184 157 157 170 171 180 165 172 175 187 185 183 184 180 184 175 174 212 179 153 123 112 107 97 102 113 103 94 117 176 170 150 167 177 175 173 179 187 183 188 185 181 187 187 197 171 115 129 184 193 177 183 165 167 176 168 142 158 165 161 153 152 154 156 163 143 146 160 165 168
189 180 161 147 142 154 131 124 120 154 165 182 187 168 180 158 163 175 171 180 178 169 169 174 177 173 187 183 181 156 145 154 165 156 172 169 171 180 166 191 199 180 193 202 183 189 170 186 192 182 190 169 171 164 154 154 157 189 233 196 204 203 204 199 181 178 183 182 175 173 179 185 194 196 203 201 161 164 142 116 111 102 99 110 103 115 133 136 137 109 161 182 176 177 175 174 158 159 161 168 171 166 178 133 117 168 187 190 184 196 176 177 208 215 178 151 140 158 157 144 131 115 113 110 113 131 157 166
173 187 181 183 180 166 146 130 184 231 247 249 238 236 218 207 204 190 207 221 182 186 192 180 179 182 180 182 190 181 165 164 171 161 165 177 171 190 206 208 220 195 191 190 192 203 179 179 178 183 192 181 175 170 161 133 135 205 246 242 239 230 229 179 163 170 171 166 161 156 154 174 207 226 215 163 151 153 144 127 108 95 96 93 95 100 129 129 112 93 157 177 168 171 174 169 169 178 172 167 167 163 176 149 159 198 187 167 174 181 171 136 127 164 202 174 176 175 179 169 171 176 175 176 179 160 167 162
171 157 157 173 164 173 176 149 147 188 186 205 218 213 201 224 200 184 202 228 205 206 216 233 194 168 180 229 204 164 156 139 140 150 157 166 160 183 187 185 183 168 172 184 184 191 189 184 172 168 169 170 155 173 174 173 202 229 240 245 234 225 198 174 155 150 154 160 158 149 135 194 214 177 156 145 138 135 149 119 114 98 91 89 88 76 86 93 83 99 173 149 152 166 165 180 182 181 182 175 166 167 187 174 183 188 172 146 153 167 190 144 100 145 189 171 174 183 181 173 163 167 163 160 157 148 156 158
182 174 167 176 168 170 168 170 179 183 188 166 182 195 171 204 224 207 219 219 222 215 209 206 207 198 225 189 173 152 143 145 140 139 138 137 144 154 157 164 152 163 173 180 170 161 159 169 169 164 160 162 170 186 173 187 177 195 172 207 216 170 172 160 150 156 146 143 177 186 188 203 156 131 126 121 125 124 138 119 107 102 93 90 93 105 77 72 77 101 157 153 163 154 163 169 170 166 167 152 165 167 168 184 174 161 161 145 145 163 185 171 114 127 179 186 188 180 169 165 164 158 156 172 155 127 123 130
167 157 162 177 173 179 179 169 172 163 181 195 188 173 163 180 191 200 197 238 233 234 198 186 228 199 163 169 157 131 143 132 138 140 154 139 149 140 147 150 145 136 171 203 202 181 167 146 146 149 159 155 176 179 181 190 210 215 207 219 201 167 159 158 150 162 138 145 140 159 183 178 141 132 123 113 116 116 112 109 100 96 92 94 96 117 88 67 85 149 166 158 142 154 168 173 169 172 166 167 171 174 166 169 143 146 135 114 130 130 154 174 140 128 159 161 175 172 178 177 173 167 174 185 168 154 138 155
156 151 154 150 174 175 186 196 192 179 148 159 164 167 160 169 164 168 191 226 196 159 150 157 171 163 154 143 147 155 147 145 146 165 164 149 157 155 155 142 140 160 213 223 205 190 191 181 186 175 168 175 188 193 215 220 209 194 193 220 240 241 225 175 142 165 167 145 137 152 199 167 150 129 124 125 103 98 76 77 96 94 92 87 97 102 156 148 146 154 157 157 156 163 171 167 176 178 174 139 122 143 169 159 143 100 99 104 114 126 120 151 148 145 150 160 169 176 171 159 158 153 143 143 145 164 159 152
153 137 145 145 146 154 168 176 173 180 183 183 173 160 154 152 166 177 181 168 167 170 167 155 156 175 169 180 185 177 164 176 168 164 155 147 137 139 154 171 156 193 206 194 181 167 168 183 182 203 209 193 195 204 202 191 204 209 199 182 228 228 213 228 184 160 167 172 165 211 188 164 137 134 140 118 84 93 81 77 105 100 99 128 137 136 172 186 180 157 150 149 144 147 139 134 144 146 122 132 143 146 173 140 131 105 146 123 82 112 134 136 149 145 132 141 160 159 138 129 136 150 156 145 151 154 161 171
151 157 154 144 145 124 129 159 168 164 159 158 180 197 186 195 188 178 181 177 177 173 173 161 162 171 173 179 180 173 188 185 149 156 153 146 154 155 152 165 176 211 185 162 147 145 138 129 113 151 199 188 198 217 206 216 226 216 203 222 228 224 190 182 205 195 160 193 211 203 189 151 128 132 136 122 102 96 79 95 98 93 119 166 148 138 149 144 150 170 171 149 143 157 166 159 162 149 147 148 160 160 172 145 118 159 205 176 102 110 118 138 142 156 156 156 145 147 147 127 126 128 142 156 151 147 163 165
134 138 125 129 169 155 143 148 154 166 152 164 175 163 175 174 176 170 166 172 191 211 197 156 174 186 163 179 185 197 195 150 140 132 129 128 149 152 154 154 182 190 147 136 134 140 142 134 125 134 186 227 231 224 222 237 231 217 195 205 218 221 206 193 185 204 190 194 182 177 176 129 125 135 125 112 105 104 77 97 99 97 149 183 185 183 193 174 160 143 151 170 188 192 187 165 168 159 144 160 164 154 180 129 103 187 184 157 131 107 91 109 142 157 164 175 172 164 158 173 165 130 119 135 149 151 146 150
153 139 133 106 114 131 145 155 147 141 161 172 170 157 156 153 144 175 195 210 211 191 178 185 175 165 150 168 154 161 170 139 140 143 145 162 176 179 185 202 202 153 136 121 140 163 171 161 143 151 193 219 229 218 224 223 220 201 192 189 192 199 199 194 181 182 210 197 143 159 161 129 134 141 122 94 108 115 97 99 95 121 186 196 184 181 192 199 199 187 172 173 188 194 187 171 167 179 186 163 123 141 171 116 109 149 124 141 102 80 90 94 148 144 122 131 145 175 175 172 172 165 162 155 165 162 157 156
178 174 173 161 139 148 167 173 169 152 155 167 163 170 180 161 157 148 174 150 147 155 160 158 157 161 160 183 176 176 195 212 177 171 187 181 188 195 206 203 162 123 122 126 144 161 177 174 165 166 187 192 211 222 224 214 212 215 190 199 202 198 200 176 160 167 165 195 168 140 144 125 128 127 106 98 101 114 94 95 98 159 185 153 129 133 126 174 188 194 171 150 131 138 139 167 177 177 182 154 152 174 180 144 123 110 78 118 88 88 88 96 153 155 150 150 160 138 141 139 150 165 166 165 169 175 178 183
165 138 159 162 174 172 182 190 177 161 162 169 161 160 144 159 145 137 138 142 164 175 191 187 184 188 187 183 176 185 217 210 214 184 209 192 209 209 196 169 142 109 128 150 148 160 175 178 180 185 185 182 193 208 214 208 201 209 194 178 178 189 209 177 152 153 155 165 190 148 132 115 112 109 102 106 95 99 86 93 129 176 151 113 93 82 91 142 156 152 129 123 119 123 120 123 132 139 154 145 126 149 166 174 130 107 92 108 94 94 79 100 154 185 179 174 184 181 179 179 174 170 148 141 149 157 164 164
168 160 170 149 159 167 164 172 173 164 153 149 156 157 159 138 150 178 169 171 177 174 171 169 156 148 174 175 179 183 161 153 202 207 193 187 178 165 163 167 141 140 144 149 160 164 172 172 177 185 185 186 193 198 207 204 201 195 194 174 185 184 191 176 148 136 149 160 176 179 128 112 105 111 110 104 96 99 86 109 164 147 126 91 76 71 82 114 137 123 97 119 119 113 120 109 125 145 139 140 132 128 129 135 142 99 79 102 84 78 75 112 151 182 184 178 188 179 173 176 180 169 164 159 175 178 172 169
162 146 158 162 160 167 157 165 160 155 146 169 172 163 165 157 143 146 139 156 163 165 153 145 128 121 143 168 173 146 141 190 217 184 157 163 168 160 151 159 176 175 163 152 153 154 165 184 177 184 196 198 194 192 198 195 182 192 177 174 180 182 180 176 153 142 144 145 149 192 150 107 109 106 97 110 113 103 83 142 144 115 109 93 78 81 79 106 128 121 105 109 119 124 126 116 119 131 126 130 131 123 132 128 128 109 77 81 84 72 87 106 123 167 176 168 172 161 166 165 164 171 165 167 171 168 176 181
153 157 154 163 153 156 155 155 172 169 148 154 147 155 150 141 136 131 138 140 138 153 150 161 155 165 153 149 171 161 179 197 188 172 159 157 162 144 143 146 157 173 159 150 164 161 153 155 167 176 193 204 202 182 198 197 184 175 159 171 179 177 178 160 144 135 147 164 148 155 165 107 110 103 95 93 97 91 136 148 111 118 108 108 83 77 90 119 128 114 102 99 110 118 121 112 117 118 126 114 127 140 127 143 119 102 72 79 88 75 102 107 122 157 172 169 166 171 169 175 166 173 182 175 162 164 163 158
175 166 168 160 166 166 164 165 159 162 161 180 167 170 165 159 168 144 167 163 156 174 167 172 180 175 166 182 203 185 196 168 164 175 168 161 155 139 142 143 138 151 156 159 155 157 161 160 165 158 164 201 199 195 175 184 182 159 167 163 165 167 160 162 148 142 150 154 141 152 171 116 109 105 86 96 91 92 146 103 87 106 119 107 90 92 109 126 116 89 94 105 100 117 123 125 115 120 122 117 110 125 140 140 137 112 84 80 79 84 116 122 131 143 173 183 176 163 174 172 177 175 153 158 158 157 160 148
157 172 178 174 168 161 155 168 161 160 161 164 161 165 175 169 162 169 163 160 148 163 157 152 152 155 178 211 195 171 176 153 148 179 231 207 145 139 146 161 158 148 148 155 158 153 163 165 161 155 148 169 180 176 172 160 168 171 165 165 169 168 157 156 137 141 150 153 150 152 170 132 102 100 89 100 92 82 112 72 92 105 104 94 79 90 106 116 117 80 91 100 97 108 129 128 112 114 127 123 106 110 111 122 129 127 112 92 73 98 114 128 142 142 165 181 164 156 155 152 142 150 156 161 153 152 156 158
159 154 167 174 175 159 152 147 149 153 154 166 148 143 134 124 140 156 158 164 161 163 177 175 176 172 188 162 152 169 129 106 111 152 186 207 138 145 151 161 159 154 139 150 165 172 171 161 158 159 154 158 158 158 173 177 157 159 158 163 161 157 159 166 139 133 141 139 151 155 163 151 87 87 90 95 82 103 121 66 85 93 93 75 77 87 105 110 105 76 84 96 89 112 128 135 114 116 123 114 122 108 114 146 118 110 121 112 81 97 94 123 142 143 160 158 151 152 155 147 145 154 165 145 161 163 153 150
173 168 161 161 179 174 157 166 172 165 163 171 175 164 163 163 173 186 186 185 189 192 178 178 195 199 197 149 141 135 97 89 95 127 134 153 141 138 153 172 163 125 132 148 164 166 168 157 160 164 159 150 152 154 166 165 158 151 151 155 161 152 155 172 151 131 130 134 150 156 161 168 93 94 85 88 77 156 107 78 87 87 85 78 80 82 97 89 72 73 83 98 84 99 124 136 117 109 120 111 121 107 107 131 130 129 126 126 88 95 85 119 138 126 158 202 207 192 180 173 161 157 165 154 169 166 165 162
180 176 175 164 166 168 156 152 152 153 163 165 176 181 185 184 179 186 177 169 169 177 179 180 176 189 151 131 117 110 89 81 86 106 109 107 121 143 143 160 153 126 138 151 166 171 167 151 158 153 147 144 149 153 160 155 150 162 158 153 160 165 164 166 147 126 118 128 152 159 158 166 107 84 75 82 125 131 105 104 92 63 78 77 81 76 85 70 63 74 95 96 90 108 132 130 114 125 123 117 102 93 115 119 128 137 122 147 99 87 95 121 139 126 140 173 205 201 211 215 188 182 169 169 154 151 163 173
165 161 180 179 186 181 175 186 190 175 164 169 166 176 182 178 191 184 183 182 182 174 173 168 171 174 136 121 104 90 95 78 79 93 90 83 121 138 146 148 141 135 139 151 156 164 164 153 143 142 148 162 146 148 150 159 153 156 157 156 156 156 155 157 137 112 115 126 143 150 145 155 113 87 71 90 112 94 95 108 80 76 76 68 75 69 68 73 69 85 106 96 101 115 126 137 126 125 125 103 93 98 97 114 134 131 144 158 128 87 102 127 125 124 138 151 193 189 195 200 206 204 196 192 191 176 155 151
161 182 180 178 188 187 181 177 177 185 180 179 171 171 165 161 174 172 183 194 202 190 189 201 187 141 143 114 94 92 96 91 74 86 74 85 120 140 148 153 152 130 138 150 151 165 156 150 146 143 146 165 132 135 145 151 151 145 150 152 152 166 159 152 130 97 117 125 146 156 152 155 123 93 65 80 76 79 91 92 74 87 77 80 94 102 90 80 75 86 96 99 108 107 116 121 125 127 125 99 89 95 103 119 141 124 141 149 123 90 95 118 133 125 134 146 189 199 186 177 187 184 183 194 190 210 182 156
159 174 177 180 183 186 178 177 176 185 180 180 176 182 176 156 148 160 161 166 173 174 181 174 168 131 135 115 87 93 114 102 79 80 75 88 131 141 145 150 155 129 140 151 156 160 155 152 145 136 153 154 135 136 147 141 142 151 143 142 149 150 147 146 122 101 105 134 141 154 147 162 124 86 61 67 58 68 76 75 77 83 130 149 159 164 151 120 94 84 94 98 102 99 108 120 114 134 128 101 97 94 104 124 131 148 160 159 144 92 94 120 133 123 132 141 144 139 151 178 182 177 178 187 178 175 178 179
165 154 162 169 173 174 175 174 177 178 189 182 173 179 181 176 175 154 160 153 152 159 174 172 140 121 133 102 104 107 102 106 89 76 91 105 126 127 143 143 133 125 133 152 148 149 146 136 139 137 145 148 135 141 140 135 142 147 142 141 139 136 139 140 113 94 108 130 133 144 140 151 109 98 71 69 71 66 66 91 82 139 180 178 180 163 170 184 123 90 91 84 92 88 95 123 125 135 118 101 103 103 104 122 132 144 147 148 150 105 83 133 132 119 122 103 151 121 132 159 155 143 167 179 186 170 172 177
202 192 178 188 196 193 191 188 184 175 182 178 182 177 175 177 184 181 169 166 181 179 182 181 120 121 124 109 103 105 104 105 91 95 104 121 127 131 134 134 117 119 133 145 147 139 147 135 136 137 144 142 130 139 141 139 145 139 138 141 137 140 136 131 105 85 100 122 132 149 149 141 108 106 83 64 72 82 81 85 95 166 197 180 171 191 198 202 165 88 80 87 102 89 115 135 129 136 108 92 97 94 110 123 117 130 132 147 141 89 79 117 128 129 109 87 152 160 136 130 142 142 152 171 173 174 174 177
176 168 170 178 170 169 175 175 172 173 186 166 167 157 159 160 167 179 166 169 191 195 198 181 101 89 106 96 121 114 93 80 93 87 104 124 135 124 124 113 114 119 118 143 149 151 145 141 131 119 144 137 140 134 138 141 141 134 132 129 134 130 131 125 95 90 111 124 135 144 145 134 110 105 91 60 62 77 84 83 89 144 172 200 198 193 189 196 162 85 81 89 89 81 92 120 137 129 111 94 96 94 109 108 101 111 113 137 131 86 89 110 128 117 100 81 150 164 155 161 147 157 163 154 151 163 176 184
176 174 181 168 173 177 178 180 176 176 170 151 150 162 165 158 168 181 169 173 178 168 170 171 98 69 82 95 106 103 97 79 92 86 92 113 127 110 106 104 113 111 96 132 160 154 141 136 135 133 147 125 137 136 138 134 128 128 130 128 129 125 127 113 92 94 101 117 134 139 141 131 108 107 93 60 59 72 85 87 87 125 164 193 205 204 200 193 175 97 80 100 99 97 80 97 132 101 108 97 92 106 123 96 82 97 98 119 125 88 81 113 126 117 97 85 158 151 135 141 142 134 165 164 154 156 162 164
156 169 182 188 171 172 197 170 162 176 170 170 181 179 186 179 177 186 187 184 178 179 186 174 97 70 66 77 103 111 95 75 80 83 82 97 104 101 98 98 111 116 98 139 151 140 131 130 139 144 144 133 129 130 128 127 121 124 122 124 126 122 128 106 80 95 118 114 126 144 144 117 92 104 92 66 54 63 82 76 82 110 158 164 172 191 201 197 200 113 74 87 97 98 80 80 113 113 104 95 99 103 103 83 73 74 101 113 114 81 83 116 118 99 99 108 150 138 139 126 113 113 129 149 171 163 159 159
180 182 193 151 149 189 188 181 180 187 184 183 186 168 183 170 172 190 194 192 192 169 173 136 106 79 75 69 87 102 94 84 83 82 90 94 94 86 80 101 110 114 124 140 142 131 109 119 138 152 135 132 122 119 116 121 119 118 111 122 124 129 126 88 71 84 109 117 127 140 133 113 94 95 89 75 59 63 80 79 85 105 175 171 172 173 165 176 181 115 79 70 82 86 90 88 90 111 107 95 110 105 90 87 75 68 80 104 107 72 82 116 116 89 90 105 142 161 140 116 105 121 118 130 152 159 158 151
185 187 167 160 187 183 177 166 159 159 175 165 164 168 182 161 175 176 181 191 182 181 170 100 115 87 78 83 74 93 94 84 78 79 84 96 89 85 76 94 110 124 135 140 131 126 114 118 138 143 135 119 127 124 114 112 108 117 116 127 128 125 119 88 81 81 100 127 129 131 128 121 96 94 88 88 67 60 75 85 88 108 152 133 150 157 149 168 166 105 73 77 86 77 135 151 106 92 95 96 111 101 87 92 87 69 86 83 91 73 74 93 106 85 85 107 152 176 138 122 110 137 119 111 141 155 153 146
177 164 154 156 151 154 160 169 181 193 193 186 182 174 153 166 177 171 189 203 184 199 139 98 112 90 89 77 72 91 94 89 77 88 111 157 158 139 133 104 118 124 141 130 121 127 120 130 131 153 125 108 113 117 114 114 107 114 113 118 123 125 117 77 83 91 110 126 123 133 123 131 99 76 72 69 68 54 67 85 81 109 175 130 115 129 154 168 153 95 75 82 90 87 146 169 145 89 99 98 93 86 87 97 76 64 80 75 72 67 80 83 107 80 95 120 143 169 159 150 129 116 121 104 119 165 176 163
175 192 192 180 187 191 186 191 206 210 212 208 204 186 180 182 199 208 210 206 202 184 103 107 105 88 91 80 77 83 82 83 90 127 173 182 180 171 161 121 120 136 138 130 123 115 127 128 141 133 105 107 105 117 111 111 106 118 117 114 124 134 104 77 83 92 106 121 125 130 130 141 141 78 68 71 70 59 65 81 86 118 186 200 198 172 136 145 137 76 73 82 108 81 125 171 136 90 106 100 102 92 88 90 71 64 75 80 62 70 69 81 106 73 90 127 144 131 140 160 144 126 128 110 134 170 158 160
201 189 190 191 195 205 204 202 211 209 205 195 195 194 196 200 190 202 202 198 190 141 103 120 101 88 81 72 70 77 91 86 97 143 157 176 169 158 170 121 113 137 134 123 123 111 122 123 138 114 95 107 107 126 107 114 106 122 128 117 122 115 89 71 85 87 99 115 119 127 126 146 175 82 66 62 59 63 63 83 82 115 161 171 196 196 161 149 119 71 76 85 104 67 121 181 148 89 95 102 100 93 83 81 64 62 75 66 54 68 69 85 102 74 94 117 143 136 147 168 145 142 143 127 137 141 137 153
190 191 189 202 203 193 196 191 191 199 194 198 205 204 203 197 200 193 181 178 157 92 88 94 94 86 79 76 74 70 86 101 115 156 159 147 165 155 147 125 111 131 126 114 125 132 125 124 140 100 88 97 90 112 107 99 99 115 129 123 111 102 75 61 92 96 109 112 121 128 128 179 222 99 64 58 64 65 59 71 82 106 136 150 151 159 132 144 100 72 77 81 85 72 91 129 124 101 105 113 93 86 75 69 62 62 70 51 59 68 76 91 99 68 83 102 143 144 136 149 164 172 167 171 159 208 217 199
203 207 205 200 206 200 196 189 186 182 173 172 179 184 186 184 193 192 179 173 162 86 79 76 80 77 77 81 84 77 78 109 168 203 201 185 190 188 180 126 110 127 120 122 130 143 122 127 141 94 91 95 83 102 99 92 99 114 127 124 99 83 68 63 86 86 91 116 127 131 140 164 189 135 65 65 67 70 74 73 80 110 138 146 133 118 118 135 78 69 81 74 67 64 83 152 128 115 133 117 90 77 69 61 65 71 70 52 57 72 77 83 106 60 80 98 144 125 126 124 128 144 164 181 192 234 226 235
179 182 182 173 200 205 206 198 191 189 173 176 182 173 174 189 193 186 186 190 196 165 83 78 71 82 77 71 83 84 81 148 199 213 211 211 194 181 175 124 115 118 118 129 126 133 128 133 130 82 85 78 86 94 88 73 81 110 114 117 93 71 62 63 67 71 87 105 117 128 126 148 156 164 75 68 80 80 68 71 73 145 212 164 134 163 140 107 72 76 76 79 76 65 80 145 147 125 121 101 80 68 68 58 51 76 70 52 64 76 74 86 110 59 76 97 193 190 156 138 125 125 151 133 169 189 188 209
182 172 171 164 173 180 185 200 209 213 197 196 196 193 199 202 200 199 203 209 205 200 104 68 76 92 106 125 100 91 108 156 179 191 185 176 168 142 125 106 99 112 120 121 133 128 128 145 116 79 83 75 74 80 85 71 77 96 104 103 90 66 62 62 71 68 77 99 121 126 142 133 142 138 78 92 90 75 82 83 73 147 205 182 173 188 139 74 69 73 65 78 83 65 79 202 185 134 118 93 69 65 62 60 59 87 74 54 96 88 72 93 134 81 70 92 148 184 215 197 186 168 164 161 175 140 167 164
183 178 165 165 167 170 179 194 205 205 200 200 202 213 204 201 198 191 183 185 175 173 174 134 132 161 189 163 146 131 139 147 140 142 179 162 127 119 126 110 97 110 118 127 120 114 134 145 96 83 79 85 79 69 79 84 81 82 88 87 74 66 59 60 63 63 69 101 125 118 114 106 129 135 102 76 79 70 80 96 105 138 166 156 203 221 129 69 71 60 89 93 72 74 74 161 159 127 129 91 107 72 57 54 66 85 62 70 122 91 78 90 131 93 59 77 127 167 202 219 164 171 173 167 161 138 169 119
167 153 139 145 150 148 159 179 192 195 192 198 198 200 202 200 206 185 180 177 173 158 165 188 199 195 193 193 163 145 137 131 129 117 119 148 143 124 123 109 101 113 115 124 115 125 143 136 78 77 78 86 87 85 85 80 71 77 76 79 66 66 76 71 67 66 79 105 117 116 120 166 158 172 158 105 69 76 91 87 135 126 156 199 211 166 91 72 63 99 170 136 60 67 78 148 155 118 116 91 115 68 58 52 75 83 53 88 134 86 69 87 125 110 69 73 125 157 144 179 139 140 161 170 169 189 171 135
136 141 169 158 158 163 161 167 188 192 194 196 187 194 203 196 199 205 195 187 190 191 185 173 174 191 203 197 197 186 175 150 107 117 106 114 129 136 138 110 97 105 113 117 121 138 138 111 76 77 77 104 111 142 149 120 133 119 83 80 73 75 104 91 58 61 80 103 108 131 116 162 171 177 194 126 91 116 112 125 168 176 203 203 214 158 81 75 114 154 133 116 69 55 82 151 126 110 105 97 97 68 54 54 94 84 49 76 96 78 70 85 129 135 74 64 130 139 136 144 143 149 140 142 157 163 165 146
180 170 149 169 169 160 164 173 167 175 182 176 187 188 185 190 184 186 194 196 198 200 192 188 185 175 194 198 189 176 179 178 165 141 111 107 116 144 133 89 95 99 106 110 117 136 140 90 67 63 72 115 210 229 236 217 200 167 99 73 65 77 151 121 58 60 76 93 126 138 151 187 172 190 160 127 123 136 137 132 175 193 201 184 195 173 143 97 128 131 137 116 83 61 80 155 131 113 105 99 72 62 51 53 95 81 58 85 101 75 69 70 138 134 71 82 148 166 129 120 133 148 127 139 170 162 141 135
187 186 176 168 166 171 176 180 175 184 193 192 188 189 190 188 180 187 192 189 185 174 170 182 174 171 171 181 194 198 183 192 200 183 181 157 145 138 111 87 90 102 111 109 115 130 122 74 64 63 65 124 254 254 251 245 215 196 100 70 71 64 127 134 63 70 77 87 161 175 181 147 151 142 117 104 116 113 118 119 119 140 157 170 162 151 104 100 106 113 112 120 112 69 76 107 102 103 110 112 92 77 72 59 92 75 55 58 75 71 74 78 106 115 89 108 126 179 161 129 126 130 122 121 146 155 141 141
181 180 196 183 169 180 182 181 170 172 173 190 196 204 194 178 179 164 160 161 160 159 162 171 166 165 162 171 184 201 200 203 183 162 194 187 173 140 100 84 88 101 100 104 118 126 105 67 62 67 64 114 234 234 244 236 232 201 134 87 80 79 121 99 58 65 69 93 158 160 132 128 142 121 130 126 127 118 120 132 120 106 107 119 121 104 90 97 90 104 97 102 134 106 67 68 75 89 105 99 93 113 82 66 91 77 59 55 61 70 81 87 100 131 126 122 151 187 178 135 141 127 136 124 154 116 106 141
167 175 189 199 194 192 186 176 171 178 181 185 178 177 165 160 150 148 149 142 154 160 153 160 167 164 176 181 198 206 197 205 196 205 198 205 181 140 92 80 93 113 104 102 116 117 96 60 56 62 63 112 221 207 222 230 203 180 177 163 131 114 124 91 56 64 69 94 137 138 114 113 103 112 114 166 135 140 111 115 120 112 121 114 122 111 102 93 82 74 91 106 114 82 75 86 79 71 83 72 72 111 75 84 90 59 58 64 91 79 71 86 88 76 77 97 134 156 179 129 127 141 113 135 162 126 124 113
167 166 163 161 168 175 175 163 157 150 153 159 162 172 177 171 167 156 147 147 153 156 165 164 184 190 194 193 189 177 187 203 206 197 189 166 196 128 88 82 100 109 104 108 106 140 116 66 67 69 66 102 210 196 194 187 167 162 146 142 141 114 94 75 66 64 68 85 136 147 147 134 127 148 156 226 174 158 156 118 125 133 151 136 125 134 118 120 100 92 88 100 99 88 84 94 81 74 74 77 75 103 83 78 81 64 56 90 131 98 83 81 84 77 72 92 120 123 134 184 165 214 192 211 160 143 164 166
169 169 168 156 145 152 163 176 179 161 155 158 148 153 149 155 159 154 160 159 170 192 189 195 200 193 182 179 173 176 173 180 189 184 188 196 194 107 79 83 105 101 110 98 111 144 131 63 68 60 62 91 179 187 184 160 146 142 126 138 134 87 95 76 63 62 79 90 121 119 127 137 141 145 139 194 186 159 156 123 120 109 119 141 113 112 100 128 107 88 80 106 114 85 84 92 75 66 68 72 73 103 106 60 72 82 68 81 114 100 103 89 95 93 98 109 100 109 122 142 176 214 195 180 185 205 183 155
171 178 172 177 175 161 158 165 170 171 161 155 156 151 148 141 147 157 168 181 188 187 177 185 183 191 197 195 196 193 180 179 166 173 188 216 148 90 78 86 98 104 111 95 109 136 113 66 57 68 71 83 178 181 171 159 151 135 124 129 120 89 85 63 69 68 75 84 106 101 109 117 115 109 97 126 125 144 131 116 102 115 110 104 116 122 113 107 92 75 84 85 82 79 91 89 88 59 55 68 75 92 91 79 70 70 69 74 107 94 106 95 98 93 104 106 110 105 102 124 118 177 208 160 159 171 159 128
152 149 162 170 171 171 158 165 161 160 168 162 166 169 159 147 145 149 148 159 157 159 175 172 180 174 184 195 190 167 146 127 128 207 249 220 114 89 81 84 85 107 97 79 98 140 138 82 63 59 64 64 124 159 158 147 128 125 110 101 92 95 80 66 57 57 79 82 107 103 100 94 100 110 117 122 103 116 124 115 116 105 118 108 110 102 106 87 75 78 70 72 73 75 92 117 91 74 69 70 68 82 94 87 86 72 70 93 140 110 102 117 127 84 88 104 108 106 105 105 99 121 168 143 144 160 162 154
167 158 170 178 176 176 174 181 182 178 173 171 170 172 169 160 172 173 158 160 145 139 141 165 179 158 156 160 150 124 122 147 193 244 254 185 98 82 82 85 91 97 85 78 110 158 169 133 113 84 60 63 110 144 152 144 134 104 102 108 92 85 93 86 66 58 72 86 95 104 105 101 102 105 115 120 118 129 128 112 115 114 132 128 112 114 100 96 80 77 85 90 84 81 86 101 96 77 76 69 76 76 94 82 82 72 71 104 105 100 110 136 158 96 88 90 101 103 121 122 117 112 97 120 148 155 158 180
191 191 191 201 198 192 187 194 186 186 194 182 179 170 162 174 205 198 186 170 168 158 152 170 181 192 195 189 186 192 191 219 254 253 216 108 94 85 83 94 103 87 82 73 119 149 134 135 115 110 92 71 113 133 137 139 126 110 118 106 77 77 81 71 75 76 87 88 98 119 148 192 190 157 99 119 115 116 121 127 120 106 111 146 125 117 94 97 102 88 82 89 101 100 99 92 97 88 76 83 92 83 82 80 87 88 92 90 109 128 144 147 141 98 89 85 86 91 103 122 126 135 133 140 128 138 151 183
180 183 195 197 200 189 183 175 183 189 196 195 190 191 192 201 201 197 205 193 181 181 183 201 200 208 195 197 199 179 216 234 232 223 119 94 95 87 93 101 97 77 72 100 134 130 143 125 98 111 138 105 88 110 118 120 119 113 98 82 76 87 82 73 90 87 94 81 98 129 157 167 167 169 110 117 111 113 121 104 117 124 136 136 134 116 116 117 104 95 82 86 86 96 93 89 83 87 97 73 73 85 91 80 75 88 107 94 100 108 136 119 128 116 134 139 118 86 103 93 98 118 132 141 126 141 131 143
165 168 164 170 175 182 180 178 187 196 184 185 191 190 176 182 189 195 210 201 194 199 193 187 197 207 200 184 196 212 227 239 223 156 89 92 97 96 99 96 78 71 74 130 119 122 150 117 102 91 139 116 78 110 111 115 116 103 108 104 90 88 99 101 112 92 101 82 83 102 102 118 170 143 105 112 116 133 137 139 139 131 127 143 137 161 170 157 122 104 116 108 95 111 115 98 128 114 107 94 87 73 94 120 93 99 82 91 94 101 110 117 129 115 118 147 135 95 97 103 102 107 106 108 121 136 131 138
143 147 146 141 143 149 161 176 164 167 161 169 181 191 192 177 174 185 191 190 189 193 202 188 194 219 219 224 222 244 238 226 203 99 78 95 98 96 95 89 71 65 116 133 121 138 141 116 119 109 96 103 100 104 130 114 123 107 106 90 104 103 115 134 95 93 109 97 100 104 115 140 165 149 144 145 132 146 151 173 145 168 142 147 135 153 159 171 135 116 108 102 108 106 117 95 158 153 101 97 115 110 79 99 95 101 111 95 89 89 92 91 120 111 101 103 100 98 101 109 107 115 121 114 115 112 117 115
136 133 125 132 145 148 146 147 158 147 143 150 157 183 171 140 140 145 157 168 175 198 213 205 198 215 215 222 222 243 228 229 139 93 87 88 85 85 80 86 75 77 113 116 120 143 131 115 119 115 111 97 94 113 175 142 116 119 102 95 114 103 103 114 109 108 112 116 115 113 143 151 157 161 171 141 174 191 150 141 116 176 194 169 144 159 179 166 157 156 120 112 109 104 121 152 118 97 113 119 144 128 113 99 91 94 93 106 183 162 108 105 95 112 106 105 117 107 141 135 127 119 125 133 138 127 129 141
123 126 130 133 133 130 127 138 136 131 143 139 143 142 138 154 152 145 151 141 144 171 210 223 194 205 218 220 234 245 249 172 85 87 84 79 82 78 73 77 69 92 117 116 101 127 115 114 102 103 97 98 86 100 160 156 94 101 93 100 98 110 94 91 107 116 115 122 135 153 136 141 143 142 162 138 149 163 162 186 194 168 133 174 153 171 190 173 189 155 128 135 112 140 133 119 127 118 92 110 125 121 127 117 115 121 148 209 216 218 211 170 114 120 117 156 183 166 138 143 157 162 143 138 147 148 127 119
117 122 118 120 125 128 123 127 121 123 131 137 127 124 127 133 146 145 138 134 137 142 175 234 203 209 245 242 251 246 225 108 89 94 87 87 77 70 71 73 67 97 137 139 124 127 123 110 103 91 101 91 102 115 124 184 142 107 91 96 103 98 94 80 105 101 102 138 169 161 129 136 163 162 192 193 176 168 178 168 192 165 148 175 169 172 184 195 171 138 97 133 158 136 113 99 123 128 104 88 118 115 97 100 119 148 146 148 142 148 206 229 172 131 131 145 159 154 132 124 135 134 113 108 131 133 171 170
118 114 117 120 126 121 120 124 118 119 123 130 126 137 132 134 134 133 130 127 120 132 173 213 242 250 241 232 238 227 172 83 83 94 81 76 68 69 65 61 85 102 104 125 128 118 121 118 107 105 82 96 98 107 150 160 129 106 97 95 107 110 95 97 91 101 100 141 153 133 119 113 171 185 211 193 145 123 120 161 158 158 153 207 193 177 175 167 114 116 109 139 211 164 101 103 108 102 105 101 103 98 91 94 109 111 122 120 101 110 122 163 152 128 127 131 131 129 127 120 124 114 145 155 128 129 137 165
112 115 118 111 117 123 120 124 127 126 118 120 126 123 127 122 123 116 104 122 120 133 148 212 232 249 241 221 196 166 116 85 76 80 75 72 70 62 60 71 97 101 104 113 109 104 109 107 93 104 98 96 90 107 160 147 114 110 113 86 96 126 108 96 100 106 113 136 133 133 128 135 146 159 184 188 170 142 128 166 158 177 197 214 187 144 125 126 167 136 117 114 169 136 85 99 99 100 117 108 100 113 118 114 152 144 137 158 101 109 123 155 164 144 123 132 130 145 186 140 130 114 126 139 141 133 126 131
107 122 121 122 122 117 118 122 115 122 121 115 123 129 123 116 111 115 119 116 131 166 166 227 232 232 232 236 167 129 92 84 78 78 70 72 77 66 81 104 102 112 109 101 90 90 118 111 92 108 100 106 94 125 184 156 130 108 99 93 120 129 109 98 103 93 106 140 147 137 123 123 123 123 136 171 165 185 114 136 173 175 157 198 179 130 130 135 190 136 122 137 114 109 110 94 98 112 106 100 100 111 144 169 168 175 166 138 112 101 155 195 164 147 150 131 114 186 170 138 119 101 129 145 136 134 126 149
110 119 118 121 111 109 109 111 119 116 117 117 115 122 110 104 105 109 114 131 127 172 182 219 234 218 208 235 195 143 88 80 75 70 72 77 91 95 114 114 98 92 98 97 98 99 107 100 102 105 108 109 89 135 195 160 138 111 97 115 113 124 125 102 104 85 104 119 144 134 114 93 120 117 138 173 155 184 149 150 144 110 140 212 185 134 140 175 206 178 186 198 179 149 122 113 94 143 122 91 98 104 118 180 187 188 163 140 96 88 166 184 130 139 114 137 122 128 134 155 129 118 138 117 102 122 122 178
106 103 105 97 96 101 98 110 114 106 103 108 105 102 104 100 99 109 122 128 133 140 206 242 240 212 184 186 148 126 94 77 76 77 77 93 108 100 120 146 110 93 86 82 91 114 114 103 105 106 100 94 87 103 161 172 144 110 114 105 115 133 138 88 96 103 105 135 125 107 100 93 107 154 124 181 139 168 129 152 158 105 128 170 151 133 132 169 179 173 196 208 189 160 124 116 104 176 119 98 93 98 118 197 185 140 129 154 113 91 118 189 156 115 110 110 132 114 131 171 159 108 87 111 112 113 112 166
93 98 96 109 117 119 108 115 104 105 101 104 106 104 110 108 116 123 123 140 162 162 210 230 229 220 193 180 143 116 109 88 82 78 82 102 122 92 115 162 129 109 107 86 92 117 125 124 105 96 87 97 93 131 154 134 139 116 114 103 134 136 149 110 99 96 99 138 123 121 155 142 152 149 144 140 169 140 156 188 173 118 128 120 130 178 180 196 169 159 204 204 154 100 111 100 112 117 98 101 145 148 126 124 130 150 157 146 130 125 128 174 171 116 148 155 151 139 123 122 130 98 94 139 114 117 114 193
99 92 98 114 114 109 103 102 104 104 101 99 106 101 103 103 121 114 107 122 155 185 217 241 223 227 220 206 187 161 161 83 89 118 149 148 130 78 117 138 157 139 110 97 102 101 111 131 138 109 102 99 110 142 154 146 144 148 135 108 123 117 139 122 100 99 91 105 134 160 189 159 167 192 152 141 131 133 140 174 109 111 152 177 197 197 204 210 185 181 191 190 94 100 102 96 117 111 90 99 177 230 177 163 163 185 156 142 120 151 192 216 180 142 120 135 162 149 118 98 94 91 118 142 112 122 168 216
98 82 93 102 91 98 107 96 104 103 100 107 116 105 106 111 111 112 120 126 133 173 231 212 219 214 207 188 205 221 185 159 141 138 156 182 167 99 107 107 139 157 116 97 103 96 102 127 106 110 114 104 114 142 141 160 168 180 124 116 112 98 109 132 112 118 150 134 161 192 193 187 175 200 192 195 146 184 187 157 170 156 162 180 211 219 214 232 221 217 215 162 90 114 89 125 111 108 101 112 146 217 222 202 187 196 180 160 122 138 174 210 220 194 148 138 172 136 107 85 90 96 131 168 169 188 205 189
89 75 72 98 92 86 104 97 103 99 108 115 111 108 115 113 116 114 124 123 141 175 186 204 224 204 235 232 230 219 201 176 179 176 180 170 168 134 121 98 114 168 133 119 108 99 88 114 91 93 122 114 117 117 116 144 175 188 152 122 147 132 142 144 156 172 196 199 190 186 217 186 165 198 213 204 186 211 182 158 184 170 161 199 177 194 206 211 237 195 173 184 116 121 106 157 171 96 106 131 170 202 221 216 203 185 190 183 152 147 134 165 221 225 204 162 188 169 130 93 99 115 176 191 181 198 206 192
85 74 63 88 108 124 190 199 116 127 143 128 125 139 108 112 115 123 115 163 183 177 193 183 183 227 234 232 207 190 219 197 195 169 163 139 143 117 100 96 105 151 164 134 103 96 87 97 93 114 128 118 113 107 121 108 152 188 173 157 177 173 179 177 173 191 186 197 195 185 219 220 191 185 199 198 210 184 192 175 141 148 200 206 180 190 211 200 209 192 180 175 166 132 141 192 179 95 94 131 213 197 188 236 202 162 162 135 174 157 146 151 178 212 197 202 176 190 143 113 118 151 193 161 179 206 214 200
88 80 70 90 138 190 225 251 222 162 227 238 182 137 121 116 114 137 140 188 204 193 183 180 181 208 240 237 213 191 219 211 202 210 215 163 122 116 101 99 114 116 116 161 125 85 91 85 108 113 127 134 113 105 140 142 147 189 219 193 198 200 189 175 188 184 169 181 185 190 214 207 214 172 169 191 197 175 182 183 167 178 191 229 221 200 222 184 208 186 219 209 151 105 155 197 175 164 139 148 192 228 193 217 215 193 141 160 157 184 191 156 188 202 180 199 192 167 170 176 134 138 195 107 95 156 204 199
90 90 75 107 203 236 243 248 249 204 245 255 217 123 112 123 126 150 158 199 228 211 184 221 237 232 243 235 228 222 220 214 186 190 201 167 162 149 104 100 104 92 96 163 139 108 99 103 103 89 94 110 107 101 151 166 163 205 234 182 183 208 196 177 187 176 162 182 208 201 202 225 224 211 211 223 223 204 212 185 180 213 208 206 216 218 182 187 201 196 197 136 137 118 163 218 198 203 189 186 209 247 206 162 212 199 131 157 165 187 161 169 206 162 125 206 199 168 167 183 150 140 160 112 101 132 175 143
83 93 74 158 245 249 243 249 249 250 252 235 229 168 180 180 170 219 215 215 217 236 228 233 226 234 241 240 230 241 231 238 191 170 160 146 157 148 106 102 86 90 91 130 165 126 104 105 110 101 83 106 141 122 136 182 191 221 239 214 169 185 202 203 167 173 166 195 211 186 193 239 247 225 181 202 239 233 214 177 168 212 201 192 212 169 152 200 207 188 206 110 142 145 167 189 188 215 222 196 209 233 242 200 202 213 155 119 149 164 157 158 135 179 170 176 169 208 134 141 150 145 141 98 119 179 167 158
121 112 90 202 245 244 247 250 251 249 247 236 198 221 245 239 223 245 254 251 221 224 248 243 230 222 243 247 231 205 226 242 224 229 195 131 142 140 109 91 100 102 112 119 147 179 154 107 95 107 91 97 151 149 130 166 175 205 234 224 223 204 199 201 187 189 177 215 214 212 190 200 226 216 212 211 234 229 222 199 214 186 160 190 174 140 171 173 212 222 185 126 167 177 181 186 162 207 232 189 195 193 234 244 225 233 182 179 199 213 159 174 170 205 162 159 176 212 192 138 157 180 106 93 107 154 163 156
130 144 115 224 248 248 250 247 249 244 240 237 229 247 247 250 254 249 248 252 247 241 244 245 241 231 234 250 245 215 214 230 221 227 215 177 137 126 109 83 107 128 109 104 109 165 201 122 110 101 91 109 159 164 133 161 165 203 228 234 227 218 184 199 194 188 193 218 217 216 219 233 216 205 234 234 232 231 207 194 215 171 178 176 123 161 187 141 197 190 144 157 171 200 204 168 176 196 227 211 199 184 229 231 233 232 234 229 236 215 169 184 210 206 163 194 223 196 142 166 186 163 149 130 102 84 148 186
171 149 163 235 249 252 248 240 240 223 230 236 244 250 250 251 249 251 249 252 251 247 244 245 247 227 226 245 249 230 233 232 222 207 215 216 169 148 119 90 149 133 90 104 115 140 194 122 101 97 110 153 166 170 165 179 203 218 218 241 234 210 184 226 198 191 214 227 233 229 190 212 209 197 224 208 221 221 225 220 222 166 133 156 157 200 154 165 200 168 194 162 186 170 165 144 143 184 213 193 168 169 205 247 233 223 240 225 223 224 164 196 222 222 191 195 225 191 121 147 171 175 154 172 106 91 110 149
201 237 249 247 242 237 249 238 232 232 242 236 239 248 250 249 247 248 249 253 252 250 247 246 248 227 236 236 249 241 234 220 222 210 224 225 174 150 144 146 215 134 84 143 146 135 152 119 91 133 169 164 177 171 165 202 194 214 196 231 226 232 224 195 199 179 187 193 237 225 147 162 223 216 222 215 231 207 237 231 220 142 132 139 183 164 145 202 201 126 192 189 181 133 170 146 187 212 162 184 204 149 175 215 228 215 233 227 193 222 193 207 205 185 219 202 213 199 160 150 182 163 190 168 98 110 92 111
235 246 245 245 235 235 237 235 234 243 231 220 240 243 247 247 246 245 250 253 249 250 252 249 248 249 245 247 246 238 237 213 220 235 230 213 136 119 128 193 207 152 107 132 120 134 132 137 109 177 197 140 136 146 173 211 212 214 193 196 227 233 198 208 216 183 174 196 227 206 202 188 213 209 196 168 185 207 213 232 195 161 162 158 198 209 189 198 214 158 214 193 144 115 153 138 209 194 162 187 214 181 143 180 225 210 222 228 195 205 226 201 209 198 213 177 185 205 143 144 192 141 187 203 128 115 91 115
236 239 239 232 222 217 223 237 243 241 236 241 247 238 236 249 247 246 248 250 251 248 250 240 242 251 248 246 239 228 229 217 220 231 222 217 179 116 138 187 160 149 123 119 159 161 136 150 124 153 180 144 126 132 158 184 210 198 192 176 222 228 192 212 201 209 183 189 216 218 193 179 212 223 176 136 148 207 189 193 145 151 174 168 207 216 183 187 170 200 197 156 152 100 132 118 126 157 209 161 172 162 110 137 204 232 215 218 224 200 220 186 181 221 203 159 164 215 179 129 182 177 200 211 148 133 117 142
236 237 234 227 230 226 229 227 222 229 238 239 245 243 247 250 249 252 249 249 250 247 251 235 223 247 245 243 234 208 213 221 213 218 234 215 180 183 217 179 160 178 142 174 211 183 199 200 124 112 165 156 129 169 157 169 212 215 195 198 227 224 229 199 207 212 213 195 212 223 227 120 155 216 165 145 179 208 154 144 146 182 170 162 182 200 170 214 133 159 191 148 136 124 142 123 125 198 162 172 218 154 121 103 166 222 209 237 242 208 190 209 185 201 179 209 178 203 218 147 177 185 189 186 144 145 150 149
223 226 228 226 225 235 228 216 204 206 231 226 239 251 252 250 251 250 246 249 249 248 250 239 225 235 241 227 226 228 214 224 218 221 220 179 140 187 224 205 186 186 173 199 225 215 209 186 152 110 137 152 147 139 170 142 189 209 194 181 208 233 229 219 223 224 207 201 216 227 216 136 190 221 185 206 184 215 157 147 134 193 202 196 173 199 158 171 112 104 183 147 149 146 150 165 173 193 177 150 214 194 102 99 155 209 224 218 224 186 154 191 191 153 132 208 161 144 180 175 150 207 188 179 140 117 108 167
211 229 221 214 207 219 208 218 209 198 227 230 250 253 251 252 251 248 246 251 244 238 249 245 231 242 245 218 201 210 206 209 223 207 166 155 171 211 208 185 184 182 199 211 212 224 209 205 205 174 161 136 111 131 164 162 168 206 191 177 210 242 233 211 219 227 220 197 212 236 237 208 196 203 212 185 211 229 188 192 150 188 211 214 208 228 197 161 131 105 170 156 163 171 155 178 193 164 179 147 133 197 181 163 148 196 209 149 197 191 192 209 193 176 148 160 139 135 143 174 179 190 172 191 113 112 99 119
182 216 214 208 202 213 216 217 224 214 222 225 239 243 249 253 251 248 246 243 246 243 241 242 234 237 236 229 178 186 211 211 204 216 182 190 211 192 221 208 205 188 205 210 202 220 219 238 211 168 192 197 150 145 149 181 213 195 167 163 218 238 229 222 171 217 229 206 201 214 214 154 167 206 225 203 217 203 168 201 170 201 216 207 214 210 217 164 132 125 160 163 131 122 145 209 190 154 145 144 120 167 179 173 145 167 207 144 187 183 202 240 226 182 171 180 160 105 106 139 190 170 138 143 118 148 106 108
188 212 203 197 216 228 224 233 218 204 223 224 234 247 248 250 252 250 247 248 249 246 240 238 244 243 240 236 202 206 205 217 193 210 182 162 199 206 218 221 219 201 174 208 212 224 243 248 196 156 177 233 215 164 127 157 186 167 138 158 205 226 238 222 190 230 244 236 187 186 194 184 222 227 226 231 173 173 204 209 201 207 165 177 161 197 210 196 118 159 188 143 93 91 114 166 164 171 139 159 144 104 157 124 110 186 215 211 187 194 205 224 216 170 200 178 177 128 148 156 197 157 161 129 137 144 92 140
144 180 188 228 227 238 240 239 222 213 220 225 229 244 238 246 245 245 249 249 248 245 235 230 245 239 234 211 198 193 203 205 201 183 184 162 181 203 226 204 211 179 157 180 232 236 236 241 222 154 116 204 233 237 168 138 155 129 127 145 213 229 232 234 225 231 235 232 198 221 221 187 217 234 232 232 196 168 173 210 229 174 171 193 154 179 207 212 132 116 187 137 92 110 154 140 146 190 151 141 175 125 138 167 90 158 234 223 182 185 205 201 217 206 185 147 161 153 181 170 195 158 145 156 150 139 102 140
84 141 171 201 216 233 224 223 226 211 214 234 238 241 240 244 245 242 248 245 245 241 216 197 223 176 221 230 226 218 203 194 199 193 187 184 198 180 203 200 200 154 181 209 229 238 244 244 221 163 157 171 217 229 221 117 130 134 138 142 208 232 232 231 217 228 238 233 230 246 241 222 224 216 190 190 204 184 166 196 202 166 184 195 170 200 222 193 139 84 163 143 132 100 138 118 142 158 148 140 160 129 167 188 97 134 197 213 207 208 172 190 174 228 194 141 149 124 123 142 173 165 121 142 161 155 115 138
70 98 158 196 212 221 218 229 231 230 218 213 239 247 237 246 247 247 250 250 251 246 217 179 215 145 212 242 231 210 181 196 186 165 184 200 212 209 219 203 219 235 235 185 223 226 235 239 230 219 224 217 213 223 223 141 137 150 130 162 219 235 229 211 223 233 242 248 241 244 236 223 210 166 167 165 189 226 195 186 217 176 192 192 188 195 199 187 155 84 156 174 142 124 145 127 136 141 134 138 103 158 175 167 97 128 191 218 208 207 200 212 122 183 188 180 129 123 129 136 158 169 91 154 158 127 122 142
