126 135 127 134 133 130 135 134 138 125 132 125 136 135 125 129 131 137 135 124 124 128 133 131 131 134 125 74 54 113 136 123 125 129 128 130 125 133 131 137 138 129 126 129 133 136 131 139 134 129 129 127 122 133 134 137 128 130 134 103 47 54 92 122 128 130 130 142 100 55 55 46 51 122 130 128 118 121 128 124 128 125 126 121 133 86 27 53 108 112 88 86 127 128 113 97 116 113 127 128 126 120 122 123 125 127 125 121 118 119 123 120 120 119 115 112 110 115 118 121 115 118 116 113 111 115 117 113
130 128 125 132 139 132 135 134 135 126 131 136 131 132 135 132 131 116 125 126 127 119 130 131 131 116 99 86 57 91 118 129 129 132 131 129 131 133 131 132 136 135 128 129 130 130 131 136 136 129 128 134 131 131 132 135 134 107 81 57 45 43 58 92 82 102 105 105 75 37 42 49 71 119 129 128 125 127 125 127 125 125 125 125 131 83 34 73 70 65 32 48 130 105 48 51 66 78 100 99 123 126 122 124 120 124 125 117 122 124 118 113 121 121 117 121 109 120 123 121 122 118 116 116 115 118 119 125
132 132 133 133 132 133 133 132 131 130 134 126 127 131 134 135 122 70 105 133 94 79 119 137 132 75 50 71 56 91 131 133 132 136 136 129 125 98 121 131 128 131 127 135 130 125 131 134 133 131 132 137 129 128 136 134 108 48 60 47 49 48 57 56 43 51 53 58 60 29 40 51 65 115 131 127 127 128 122 128 127 126 124 132 101 46 33 37 43 31 29 48 121 78 35 43 40 69 78 60 116 125 125 132 124 121 122 119 118 124 119 123 125 122 121 125 116 120 128 116 117 120 118 114 120 119 112 123
132 139 132 132 136 131 130 132 130 133 134 129 134 137 135 133 119 59 54 66 44 40 99 87 94 72 49 68 59 78 130 126 126 81 123 89 91 47 82 129 88 94 126 131 130 123 128 136 134 131 130 139 132 128 136 137 82 49 51 50 38 49 56 46 41 40 44 34 32 27 35 44 67 123 130 130 122 129 125 134 132 131 115 67 59 32 28 43 39 33 46 52 74 42 40 37 62 101 57 61 48 97 127 120 122 119 116 127 119 119 126 120 124 121 124 115 119 125 125 125 118 115 119 113 118 124 109 97
134 132 130 132 137 135 129 135 131 133 127 137 129 132 138 137 117 87 58 32 36 47 125 62 33 36 57 77 57 61 70 82 71 56 90 53 50 56 91 101 56 62 88 125 132 119 94 128 125 124 131 129 136 137 137 136 72 61 54 52 46 39 34 33 32 43 48 29 32 38 61 55 45 119 129 127 129 131 130 134 129 133 90 33 31 28 27 30 74 59 36 41 27 26 34 54 91 68 31 46 39 82 131 123 122 122 120 116 119 116 116 122 120 116 121 123 123 124 122 120 119 117 117 123 120 93 69 45
139 140 133 129 127 130 132 135 130 135 132 129 133 139 140 130 67 49 48 47 41 74 110 49 33 36 56 80 75 47 67 62 53 64 67 35 43 57 80 62 44 44 47 83 134 86 51 93 130 125 137 134 139 142 132 137 103 55 46 47 48 38 31 46 41 46 66 57 33 36 70 58 77 126 133 129 133 134 131 129 130 117 44 37 31 33 37 42 37 36 25 27 26 33 50 64 75 45 32 32 45 85 124 126 120 123 127 105 119 123 124 126 123 122 117 119 125 117 117 121 125 120 124 128 94 43 42 41
134 139 133 136 134 135 132 132 133 134 140 104 100 138 133 116 52 32 34 48 50 93 91 44 34 47 51 58 54 61 84 51 47 51 46 46 54 58 66 72 66 51 56 63 76 49 52 89 126 134 131 131 137 130 129 135 129 109 67 52 42 40 42 57 81 53 62 73 71 66 49 36 58 78 130 136 134 134 130 131 132 104 45 49 36 33 42 46 38 34 28 26 32 42 61 68 29 35 29 37 40 81 92 116 128 132 116 68 82 106 98 86 130 123 128 122 117 126 121 119 117 117 120 123 87 33 30 33
133 139 130 128 135 135 135 133 132 135 124 60 66 116 139 137 83 57 53 43 51 84 61 36 27 81 73 51 40 51 49 42 46 49 84 65 70 72 66 84 95 83 59 58 45 49 49 56 111 138 129 134 136 135 136 123 111 94 74 70 54 44 44 50 52 63 52 42 42 51 50 46 36 60 128 134 135 114 98 112 123 127 97 58 51 39 36 43 33 33 34 25 35 35 53 66 31 29 33 44 41 40 51 114 131 118 55 52 61 45 37 48 75 88 115 113 124 115 120 126 125 120 127 87 40 32 44 48
136 131 136 131 136 138 135 135 132 138 106 55 54 61 96 143 70 48 45 56 84 85 43 35 33 44 40 50 54 53 52 50 57 68 126 113 78 83 78 84 100 82 36 45 42 43 43 58 126 132 131 137 134 139 141 96 44 46 52 58 66 53 59 58 41 64 52 39 40 48 49 41 51 75 134 137 100 68 79 57 64 80 62 31 36 31 26 34 34 36 37 33 42 55 68 56 37 26 29 38 46 33 61 88 129 87 38 56 48 61 50 34 50 60 115 120 127 125 131 123 120 124 126 47 21 30 57 70
137 137 139 141 136 138 132 135 133 138 98 51 44 39 101 136 81 48 47 54 54 59 51 60 39 40 77 50 55 48 43 43 49 65 105 116 90 90 86 95 99 70 37 48 51 40 45 55 129 138 126 132 123 135 133 114 70 44 65 52 62 58 65 70 63 74 58 41 54 69 61 44 51 91 113 93 86 58 52 48 32 40 59 52 42 30 32 31 27 35 50 43 52 94 103 92 50 38 33 44 50 36 34 54 119 73 43 41 44 67 57 47 41 60 103 124 119 122 127 123 120 119 124 77 36 39 36 28
136 133 132 136 136 136 135 137 140 139 80 36 40 42 93 58 77 68 69 48 63 80 66 64 72 58 59 49 81 49 49 55 86 68 78 123 96 85 107 97 83 57 64 65 75 69 55 61 91 118 133 133 138 134 135 110 91 59 56 54 64 66 78 79 57 95 75 78 84 60 65 77 61 81 89 48 40 50 47 46 48 41 39 62 61 32 29 33 32 27 72 73 75 82 70 69 65 38 34 35 64 42 37 47 96 56 65 46 42 47 48 50 43 44 90 127 122 129 127 121 120 126 124 99 57 29 31 37
138 136 134 138 137 140 132 139 106 114 73 41 40 42 54 36 30 49 43 43 75 100 64 45 61 69 53 53 56 54 87 105 108 90 127 128 90 87 92 64 66 84 80 81 98 95 75 55 47 96 138 134 127 134 112 70 57 58 60 66 54 49 58 54 44 45 45 43 62 67 107 108 111 133 110 106 89 72 66 49 55 79 32 36 45 33 35 37 38 42 54 54 45 44 81 74 68 41 46 34 93 68 41 26 89 57 53 54 40 42 41 46 46 62 86 126 126 121 118 124 115 123 126 115 45 25 30 32
141 139 137 137 139 142 146 112 52 56 62 54 43 41 53 56 30 50 54 66 107 105 54 67 51 39 50 50 47 47 55 72 68 81 129 137 135 95 103 91 95 97 84 70 74 73 86 66 64 113 138 139 129 127 97 70 73 73 70 67 67 82 66 65 57 39 30 43 51 74 87 49 87 124 134 137 97 68 63 83 104 87 30 43 35 29 31 47 42 53 58 42 41 53 70 81 40 40 50 81 107 50 33 46 109 79 56 43 53 43 37 50 70 84 98 127 124 120 123 128 123 115 88 79 52 30 42 35
141 139 138 130 142 138 136 113 54 44 42 68 70 43 48 53 68 92 72 61 85 75 59 51 61 43 46 50 54 60 65 60 53 71 112 139 143 116 134 92 106 106 103 87 78 60 73 72 86 114 126 125 136 99 62 58 73 79 97 110 120 168 162 128 84 60 70 94 62 70 52 59 79 100 116 88 50 46 39 53 64 94 73 43 77 76 41 46 49 39 50 38 47 51 79 78 42 24 33 63 108 72 40 37 49 39 26 45 61 41 31 36 46 62 99 93 121 119 132 127 126 123 48 24 25 31 26 37
134 132 139 138 140 142 133 129 102 74 51 62 57 88 52 47 79 104 82 53 56 76 63 62 60 58 41 73 106 101 122 112 104 119 153 149 147 129 102 91 87 97 92 91 95 99 106 101 102 108 137 153 157 135 144 168 190 213 225 242 247 251 255 230 109 76 89 91 74 96 87 105 105 92 51 40 49 47 38 42 50 88 104 40 43 78 65 36 38 38 41 49 48 59 67 91 67 35 40 36 58 60 51 44 67 70 72 77 59 65 41 28 36 69 60 66 109 124 98 125 77 62 70 62 44 29 28 36
141 136 141 136 133 139 139 138 108 59 54 48 74 113 55 49 51 79 87 91 106 75 65 56 62 100 57 161 228 237 238 241 237 242 239 233 230 233 225 228 229 232 230 230 235 237 235 238 236 239 244 244 245 245 245 248 251 248 248 250 250 252 254 209 91 67 72 54 55 75 77 69 45 42 33 40 45 45 36 50 57 58 78 47 37 59 62 32 31 42 49 62 76 100 85 84 65 57 61 47 50 69 68 73 76 71 97 112 77 56 57 76 81 106 96 109 127 101 78 126 67 17 41 52 60 36 48 53
140 137 134 136 137 140 137 138 111 60 61 69 75 81 35 39 44 45 55 87 89 61 42 56 77 100 102 193 222 237 239 242 238 241 239 234 234 239 236 238 239 236 236 230 235 231 232 231 239 240 245 235 234 243 246 245 246 243 242 247 246 245 255 171 76 90 78 52 57 44 36 31 31 39 32 35 46 47 38 50 57 48 43 47 34 50 52 34 35 45 52 61 66 81 102 88 58 52 74 65 38 39 43 63 59 41 58 100 89 40 68 104 118 121 128 107 80 52 60 93 34 25 27 47 46 33 49 55
134 138 139 136 133 136 135 136 142 89 58 59 37 45 37 72 58 55 54 76 74 50 41 57 67 92 125 211 229 240 235 234 232 235 242 241 244 235 238 240 240 243 240 240 243 234 238 240 242 239 244 234 238 245 243 241 242 243 239 245 247 246 255 139 65 63 59 66 62 43 36 36 38 29 35 42 47 44 42 34 40 33 36 59 44 32 43 48 35 32 45 52 38 50 75 87 50 56 69 79 54 48 48 50 48 41 41 72 63 50 76 75 81 110 131 62 35 49 51 67 37 31 36 85 73 31 30 30
135 133 139 144 142 135 133 124 127 122 67 45 54 88 58 69 82 111 74 65 56 48 64 64 61 86 146 225 232 233 229 235 233 233 238 232 238 238 232 231 236 241 238 241 242 240 238 244 244 241 238 239 241 243 240 243 243 241 236 241 241 243 246 108 62 57 62 87 63 51 34 30 35 34 36 40 40 43 37 39 43 41 44 48 54 38 34 52 43 39 43 54 52 56 45 49 52 66 62 43 45 49 42 53 43 59 46 45 47 48 64 67 66 108 112 41 36 40 44 57 56 61 64 103 81 50 31 37
143 138 136 138 139 142 113 49 43 52 75 76 88 99 108 129 77 63 95 72 54 58 52 51 92 104 177 230 231 231 237 235 233 229 231 234 236 236 230 231 231 237 230 227 237 239 243 242 241 240 242 238 239 240 242 241 234 237 234 233 236 249 230 94 74 88 61 74 69 70 39 29 30 34 34 33 32 31 35 33 31 39 37 36 47 46 30 34 45 50 27 41 56 51 36 42 55 59 51 49 48 33 38 48 43 52 56 56 41 47 51 66 48 80 55 32 31 34 41 37 34 94 104 105 82 66 49 47
144 142 139 140 139 148 93 38 41 37 37 53 68 85 81 181 188 138 121 91 67 59 52 39 64 106 191 227 232 233 233 227 231 231 232 236 233 233 232 234 229 237 236 236 239 236 237 239 239 238 236 236 238 237 237 235 228 235 234 234 234 253 205 102 74 85 59 83 56 71 51 30 27 27 32 35 26 35 32 45 33 32 29 29 35 35 35 32 47 44 39 58 62 66 38 56 52 46 48 42 49 38 49 49 35 45 35 43 60 57 50 63 60 44 32 33 26 34 38 51 60 101 73 36 53 49 40 37
143 145 137 136 130 106 46 43 49 36 42 38 79 76 26 69 180 224 207 199 181 162 150 122 116 168 214 225 236 233 230 229 233 235 235 232 234 234 227 233 227 234 235 240 236 233 237 239 240 237 239 232 235 237 237 237 234 235 231 225 235 255 174 106 62 74 66 76 49 45 41 30 31 29 33 34 32 29 29 43 34 35 31 36 33 32 34 29 53 49 52 71 48 57 59 42 44 44 40 29 40 52 62 52 41 51 45 55 59 48 44 55 73 55 34 40 40 32 34 56 109 121 63 22 30 35 30 31
142 140 139 136 53 31 40 93 78 55 47 75 89 90 73 36 73 180 227 211 218 226 228 232 228 221 223 230 235 235 234 236 235 234 232 232 232 233 229 229 235 236 233 235 237 233 238 240 237 238 233 234 234 233 235 235 230 235 233 234 241 251 134 101 61 70 84 82 63 48 36 31 31 30 32 31 34 33 30 39 33 36 35 35 30 30 43 42 61 45 46 69 39 60 56 49 42 45 37 64 50 72 57 45 52 48 53 60 48 37 59 62 58 44 32 35 47 39 35 59 80 104 85 54 36 29 24 25
147 142 145 92 33 28 37 57 60 92 84 90 79 81 80 68 34 80 177 226 216 220 221 219 218 223 227 231 234 232 230 236 236 235 240 234 236 233 230 231 237 238 234 233 238 238 234 234 230 237 231 233 233 233 237 231 231 236 239 239 243 238 116 113 62 71 57 66 50 52 44 33 35 30 29 33 33 35 43 45 32 30 31 38 30 30 37 45 48 52 53 65 33 46 62 55 36 48 81 81 55 59 63 42 48 57 60 47 41 33 54 42 51 30 34 37 36 49 48 66 85 97 78 41 35 27 24 28
148 143 139 57 41 39 32 19 48 101 98 84 88 78 85 88 69 29 80 186 224 218 217 221 218 227 230 227 231 237 230 232 231 231 234 236 236 237 236 240 237 242 240 238 239 239 232 237 235 237 236 231 234 229 237 228 229 234 240 245 247 214 101 101 68 66 61 65 35 43 41 36 31 39 44 37 42 37 38 27 35 35 34 38 33 29 46 41 52 67 70 77 55 61 64 60 49 49 76 65 44 52 52 43 56 51 35 44 38 42 48 51 59 39 27 42 55 57 48 46 55 50 33 30 36 27 33 37
146 135 136 53 37 43 46 45 95 98 80 81 79 80 85 88 90 64 37 84 186 226 212 211 214 223 232 228 232 235 233 233 230 231 235 237 236 239 238 243 241 243 241 243 242 243 243 239 238 236 240 238 241 237 233 236 238 234 244 250 253 186 87 95 78 59 57 41 39 38 38 36 39 51 48 39 41 44 36 32 38 44 36 45 45 53 53 43 67 41 59 77 56 67 59 54 44 50 47 57 60 49 51 43 41 50 44 35 31 37 47 42 42 46 35 34 42 51 39 44 46 29 37 29 33 37 41 51
139 139 110 35 46 50 41 69 94 88 84 80 80 78 79 83 81 80 61 39 81 176 223 212 219 219 224 231 228 235 238 234 236 237 238 236 239 242 240 241 246 246 246 249 247 245 244 239 238 244 247 241 245 246 240 238 237 242 242 248 255 159 88 89 80 60 64 32 50 51 33 32 31 34 57 57 43 45 37 36 42 46 41 38 27 37 48 46 55 59 67 79 32 50 47 42 53 48 62 65 56 57 55 46 41 34 33 28 32 38 39 45 39 37 40 34 44 49 56 54 66 43 28 29 28 39 37 34
138 146 119 46 39 44 59 96 83 90 78 74 80 77 81 83 76 78 86 71 41 82 185 221 215 218 222 224 232 236 239 236 243 247 245 247 247 246 246 240 247 244 246 245 246 245 244 240 243 247 238 239 243 243 244 244 244 246 248 253 251 136 91 86 79 60 80 40 37 47 35 37 30 29 44 49 45 35 33 47 41 41 45 30 32 31 41 48 67 59 61 81 37 31 33 43 48 75 66 61 70 33 35 46 43 43 37 40 40 40 43 39 45 38 46 35 49 46 49 56 55 43 32 36 35 34 44 35
144 146 90 32 38 59 104 79 82 83 79 80 83 86 81 89 79 86 86 88 74 46 92 179 218 215 223 223 228 238 242 243 248 251 250 248 247 249 247 245 245 240 243 246 246 244 244 243 240 241 242 243 240 243 246 243 243 249 253 255 235 105 93 84 79 67 75 47 40 29 30 34 42 38 40 36 40 42 38 52 47 57 50 55 41 31 46 39 63 45 52 62 57 42 31 47 47 68 78 68 69 59 44 42 45 42 36 46 40 40 42 34 40 38 46 45 44 37 35 51 47 34 33 35 26 30 39 35
140 142 97 28 49 104 84 77 80 73 77 82 78 78 83 86 76 88 85 85 82 82 49 95 186 228 217 218 219 232 238 239 243 249 254 255 254 251 250 249 252 254 249 250 252 248 243 242 244 239 234 235 234 224 222 224 211 227 216 202 149 93 91 85 91 68 63 45 42 48 37 45 34 34 39 37 27 31 25 37 41 49 44 46 36 32 66 38 59 39 32 61 69 52 27 45 56 67 72 64 62 44 50 59 54 43 39 51 36 45 47 46 48 46 41 37 34 33 41 46 54 53 38 37 33 39 39 29
139 78 53 43 107 86 82 77 77 79 82 85 80 79 81 79 73 82 82 88 86 88 79 52 98 192 221 215 217 220 228 241 249 250 223 216 224 226 206 215 181 177 184 183 175 174 168 174 170 170 154 147 142 128 130 132 124 121 116 114 101 100 89 88 102 74 56 50 40 35 34 46 52 44 52 53 37 36 42 32 32 38 43 47 36 31 62 47 38 50 47 54 56 34 37 53 65 81 57 72 59 37 31 40 58 43 42 46 38 43 52 51 61 60 40 65 102 93 127 133 119 102 128 141 38 42 35 31
107 46 50 101 87 76 76 73 81 84 80 81 80 82 81 77 77 78 82 79 75 85 85 72 49 107 195 222 217 224 228 235 243 255 198 79 90 91 94 95 85 86 85 97 86 93 84 91 86 83 80 80 80 80 80 84 81 74 72 97 102 100 93 86 95 90 56 53 38 27 35 31 31 36 38 44 49 31 31 31 42 49 44 37 35 43 51 46 44 63 65 62 61 32 32 58 76 63 75 69 55 50 59 48 55 54 41 50 50 45 57 61 63 45 29 108 194 117 178 150 175 181 153 134 34 31 32 61
122 64 96 94 77 84 84 92 82 77 79 77 80 85 75 72 73 83 77 79 75 79 87 87 76 50 107 192 230 221 223 228 235 241 247 154 97 104 97 91 90 95 93 95 87 84 87 81 81 77 88 92 91 88 90 93 94 91 88 121 107 105 91 89 88 91 64 59 39 31 33 38 44 41 47 37 37 32 35 47 41 31 45 31 33 31 55 59 53 54 52 55 62 45 30 48 73 60 57 39 32 48 61 52 40 46 46 41 49 52 61 50 55 46 24 57 94 78 121 109 133 197 161 98 49 28 26 56
116 121 130 91 85 86 80 83 82 82 81 76 77 80 72 72 74 78 80 84 89 89 86 92 86 83 55 111 175 221 226 223 228 232 243 239 137 103 101 98 97 100 98 97 90 92 94 90 91 89 88 87 86 87 91 86 87 87 86 116 102 91 93 88 86 87 77 66 43 28 30 40 44 41 41 39 30 32 36 48 46 31 42 43 46 38 51 53 60 43 50 58 71 52 38 65 72 61 52 46 41 34 41 56 60 42 42 41 42 44 55 40 43 49 44 48 88 101 57 114 184 125 146 91 64 36 31 37
103 97 135 82 80 85 83 85 79 82 80 77 79 79 75 75 83 83 77 80 84 88 84 80 84 89 89 96 81 119 195 223 219 235 243 249 218 113 87 96 93 98 92 95 94 94 85 90 94 90 85 88 84 88 85 85 90 82 85 99 100 90 93 94 87 81 60 60 67 58 48 33 36 37 40 35 41 47 37 56 42 46 37 40 43 31 48 65 81 54 44 61 72 58 39 46 44 50 52 53 59 43 38 51 51 48 48 55 44 47 41 44 34 35 35 41 64 56 48 78 144 117 100 40 29 30 36 39
94 48 137 80 87 77 87 81 79 90 82 85 79 67 75 82 83 88 81 87 85 90 86 87 86 87 100 127 90 75 77 115 112 124 162 164 174 123 83 82 88 83 83 88 94 93 91 84 84 82 84 84 81 88 87 81 85 86 80 88 93 96 98 90 85 77 60 61 65 82 55 41 50 46 45 45 43 46 51 49 47 51 33 31 39 39 80 60 75 45 45 66 66 66 47 39 54 47 52 58 48 45 49 49 46 47 56 57 43 55 45 42 40 40 42 44 75 62 77 85 69 158 86 44 34 34 28 41
103 81 138 84 85 83 84 81 80 80 79 74 77 79 80 85 75 78 77 89 83 83 90 84 84 81 97 125 99 105 76 94 91 64 59 58 65 83 90 84 91 90 83 82 81 83 86 85 88 84 83 78 84 87 88 87 82 81 78 95 94 97 102 92 82 71 66 64 61 66 59 59 55 56 50 56 56 50 48 55 36 42 36 39 38 65 66 69 69 33 52 69 86 67 53 57 65 58 57 67 59 55 65 61 54 56 53 54 43 45 36 43 45 53 55 56 73 97 149 106 72 155 157 59 27 28 33 49
82 96 122 76 79 79 79 81 81 81 82 75 76 86 76 79 78 77 77 78 73 76 82 81 87 77 97 157 124 143 101 109 108 111 111 100 92 90 84 86 93 90 77 83 90 80 82 85 85 89 86 84 78 76 72 83 81 78 74 92 95 102 98 94 92 84 59 52 49 60 70 61 58 50 53 59 65 46 40 55 59 53 50 59 51 79 79 83 62 60 55 72 80 83 88 93 78 90 72 60 52 60 60 65 63 59 57 51 49 38 29 34 48 57 67 65 76 59 109 141 101 177 151 92 52 37 72 90
47 31 82 76 78 82 81 77 73 77 83 90 77 84 84 85 84 84 77 76 77 80 83 86 89 83 97 149 128 148 98 110 100 97 100 110 92 87 82 88 92 84 78 88 86 87 78 83 82 83 78 73 84 79 78 78 79 79 78 92 94 95 85 89 83 79 61 73 74 75 124 114 85 87 82 78 89 71 64 73 67 61 60 72 81 96 129 90 96 153 103 70 101 126 148 179 84 156 119 82 64 101 87 89 69 125 108 87 76 45 41 42 54 62 52 65 97 59 93 186 113 171 141 103 50 49 119 108
39 33 81 74 78 83 87 72 75 73 79 89 80 82 77 81 81 81 74 83 84 80 78 72 78 79 96 147 126 146 95 108 110 100 104 103 98 89 87 88 83 78 84 84 81 80 86 90 82 81 82 81 88 86 82 79 88 84 79 104 102 88 107 130 163 206 221 231 234 237 237 241 241 243 239 236 233 231 222 215 212 211 209 216 190 96 103 76 123 168 154 92 162 143 135 144 91 165 141 73 75 80 92 85 59 97 90 72 69 35 46 47 45 66 59 76 103 62 66 162 119 150 143 49 43 34 57 67
31 34 82 82 73 78 82 72 85 89 82 76 75 72 82 82 84 75 80 80 86 89 84 81 84 84 95 146 120 127 103 110 112 105 105 102 89 82 82 77 82 83 79 87 84 82 81 84 82 85 92 88 83 90 89 82 85 87 86 90 92 90 169 241 255 255 255 255 255 255 255 255 255 255 255 255 255 255 255 255 255 255 255 255 205 106 129 74 120 191 200 135 133 136 156 144 97 181 163 80 65 63 87 89 68 128 77 110 104 50 46 40 41 43 55 64 102 74 105 178 144 146 134 49 38 44 39 64
38 39 94 89 82 80 87 85 78 75 80 81 82 81 82 88 78 73 80 87 82 89 85 83 89 88 100 149 97 100 109 97 104 108 103 99 84 74 85 78 86 86 85 84 89 90 82 84 87 89 87 92 82 82 82 77 82 85 86 84 92 93 164 208 209 213 214 205 220 211 205 208 202 186 189 192 204 197 190 189 191 178 176 178 121 120 144 66 105 159 142 112 87 106 144 148 106 146 165 98 58 72 77 63 63 87 54 79 162 53 48 44 31 39 58 69 81 70 108 160 151 143 125 88 85 80 93 118
46 40 87 78 80 78 82 79 76 74 83 81 79 79 78 83 80 81 89 84 84 79 87 86 81 78 98 146 92 101 108 103 94 102 103 100 94 91 92 86 77 89 86 85 76 85 78 79 83 81 81 81 80 81 84 82 82 73 71 94 85 88 86 71 71 84 76 80 82 73 67 74 73 65 60 57 64 60 64 55 59 52 48 69 80 60 173 84 81 179 149 79 73 49 133 150 87 157 179 114 65 118 117 73 76 95 93 100 130 98 102 113 120 119 119 133 136 135 140 135 133 139 147 147 146 147 139 138
47 40 83 73 76 74 80 79 81 79 79 81 77 82 76 78 77 69 73 78 80 85 76 78 82 79 94 140 89 95 106 114 112 105 103 98 87 91 84 85 81 90 93 89 90 98 86 86 89 87 85 87 80 91 83 82 84 81 79 93 93 99 90 51 51 53 42 43 38 61 50 57 59 46 46 46 46 47 48 38 38 41 57 88 114 80 156 119 123 181 161 128 131 122 146 157 142 167 156 153 149 151 163 157 154 154 146 144 142 136 135 121 103 95 101 107 103 99 84 78 77 69 70 65 57 60 55 58
56 58 90 79 78 76 81 77 77 83 83 83 77 80 90 100 99 88 83 83 79 78 79 80 84 82 90 142 104 78 84 104 111 110 88 117 100 83 79 81 85 86 81 78 83 86 79 78 75 86 80 78 71 81 81 86 94 86 83 86 96 105 100 59 47 44 48 55 39 50 44 53 55 45 44 46 46 45 34 37 35 78 136 150 156 146 131 141 148 132 128 129 121 122 111 101 96 95 95 89 81 68 69 68 73 74 64 58 56 49 49 45 52 53 60 60 64 67 74 76 76 79 97 105 103 112 116 97
72 71 101 82 80 78 119 122 99 78 82 79 80 76 97 93 97 91 83 86 86 75 78 79 81 85 96 150 120 124 103 101 108 106 90 106 89 69 67 68 68 79 99 76 81 82 86 75 78 81 82 76 81 83 82 85 92 93 84 97 94 99 104 74 46 43 47 49 53 47 41 45 63 47 35 38 38 39 41 33 38 33 63 85 75 70 59 59 62 60 59 59 62 61 63 64 66 69 76 82 75 82 88 103 93 87 106 103 113 95 115 134 144 137 137 130 101 163 154 145 117 132 127 113 111 101 92 99
75 62 103 79 78 73 108 92 93 84 79 91 88 81 93 48 68 89 89 86 92 79 86 83 83 89 93 150 108 130 109 105 105 103 109 100 92 71 74 69 83 89 115 87 78 87 89 82 82 85 84 86 91 92 87 87 78 82 84 99 87 94 105 95 50 43 44 39 47 36 48 37 72 51 38 38 34 31 41 39 38 31 95 102 102 111 123 97 118 133 127 131 128 125 117 141 134 128 101 148 118 125 117 107 114 106 83 71 75 86 144 74 63 50 54 82 113 105 63 52 80 134 72 62 64 59 77 101
74 58 99 80 78 81 111 88 87 89 81 86 80 83 93 64 77 93 88 87 88 88 86 85 90 86 96 147 111 132 98 102 97 102 103 94 90 76 74 70 82 93 106 80 77 88 85 77 81 86 86 87 91 90 92 94 92 95 85 86 116 104 113 118 54 43 36 50 49 44 41 42 65 54 38 45 43 47 44 43 44 40 89 132 122 91 101 109 135 80 79 70 67 102 135 102 69 73 95 129 62 53 51 56 91 102 76 68 65 80 135 71 73 58 64 85 100 111 88 82 77 119 75 63 59 61 58 91
75 46 99 84 82 86 113 108 99 87 83 73 81 83 99 85 91 97 86 93 84 85 88 88 88 81 93 148 104 145 102 102 97 104 102 92 84 77 82 80 90 91 109 89 81 87 84 78 77 87 88 91 91 88 101 98 93 94 88 101 137 111 127 130 70 55 58 55 48 51 44 77 87 53 44 45 43 48 46 46 44 36 91 130 106 74 82 97 131 83 80 83 83 100 127 112 102 100 93 123 80 70 61 60 85 95 86 79 72 74 118 52 64 65 60 79 97 90 60 60 71 113 73 56 68 75 70 95
80 51 103 85 79 78 111 98 87 90 83 82 90 97 92 64 75 99 93 92 92 89 87 90 95 90 93 144 95 150 96 105 100 106 109 92 81 72 79 76 86 91 105 90 79 84 81 84 88 82 90 88 87 87 91 95 90 100 97 107 134 115 130 128 75 57 62 58 56 57 53 75 84 59 52 52 53 48 46 42 46 41 83 127 104 71 74 103 127 74 76 86 68 91 116 119 95 98 82 117 71 73 57 51 72 89 78 67 66 79 114 63 68 57 58 70 99 88 64 68 69 108 67 46 66 104 106 88
89 66 105 86 84 85 114 89 91 91 86 92 82 87 100 157 154 96 86 85 84 80 84 90 94 86 97 144 86 104 99 113 99 104 93 92 88 74 74 83 83 107 143 152 129 121 163 140 97 134 104 92 81 83 80 84 88 94 93 100 123 108 129 125 89 58 55 56 49 56 52 128 112 56 39 45 39 43 49 43 41 44 79 119 109 84 69 97 129 71 74 70 68 78 114 120 94 87 78 111 62 62 55 52 72 88 75 59 56 75 108 87 81 83 86 77 97 83 58 56 63 91 126 107 106 134 129 89
122 118 105 85 105 100 97 87 90 87 84 87 88 108 162 191 231 219 152 123 144 151 165 128 99 93 81 147 97 104 96 104 102 94 96 95 76 71 88 113 173 226 242 241 248 245 252 248 230 230 226 213 177 200 182 178 192 188 174 188 166 123 119 114 90 76 104 162 126 158 96 104 103 52 48 57 48 47 45 49 56 49 87 103 103 63 102 99 107 93 111 93 89 76 112 122 85 89 81 93 86 93 87 82 74 79 74 54 55 67 78 85 82 78 74 75 81 89 93 64 64 85 64 73 73 64 66 65
159 216 162 209 222 220 200 179 156 90 93 141 216 234 235 252 241 249 240 248 244 251 255 247 228 218 182 210 199 226 133 125 111 100 98 94 114 171 223 230 241 241 242 248 249 248 248 221 222 246 246 244 244 251 250 252 254 249 243 233 239 241 194 182 185 184 248 245 230 245 235 216 196 127 81 68 67 116 126 150 193 184 203 159 119 133 232 217 169 194 209 138 167 152 175 226 131 146 146 138 108 129 114 128 129 130 96 123 83 77 90 82 96 125 84 99 92 96 93 66 80 94 118 87 87 83 95 160
173 165 189 248 229 250 251 249 254 226 223 243 250 245 242 248 241 236 220 250 253 252 250 249 249 250 252 251 249 248 246 241 219 153 202 210 241 240 232 217 242 237 242 244 251 250 248 238 216 232 228 244 247 249 245 243 243 239 228 221 239 244 237 246 237 228 238 243 252 253 245 246 254 252 235 212 193 220 193 193 237 247 235 248 235 235 249 250 246 251 251 250 238 237 236 226 236 233 238 247 230 234 237 211 248 234 222 246 228 213 205 217 234 236 199 206 221 186 190 165 207 175 215 203 225 211 211 254
191 158 211 223 239 250 240 251 252 253 252 248 250 250 246 241 244 231 235 252 250 249 251 251 248 246 249 249 245 249 245 241 254 250 248 236 229 229 203 214 244 237 250 247 247 240 236 244 240 220 234 247 246 243 231 226 226 231 217 208 213 201 216 207 198 209 232 239 235 233 234 241 246 246 249 255 251 245 201 210 229 225 237 211 238 237 229 234 244 232 237 245 232 241 223 242 234 240 228 249 235 233 248 213 221 241 232 241 228 225 235 242 246 248 234 228 235 237 227 228 239 223 215 202 253 231 222 206
184 212 229 212 235 247 244 254 253 253 251 246 240 240 245 233 246 237 249 247 248 249 246 243 238 232 215 228 232 232 230 234 233 210 191 201 190 194 198 205 210 213 206 194 213 206 207 209 202 201 196 203 200 194 196 199 190 199 187 185 193 196 196 192 192 188 188 194 194 188 194 191 195 201 202 205 205 201 207 203 190 195 198 199 207 207 207 215 198 198 221 218 217 222 207 231 222 221 226 218 210 205 230 226 232 225 215 203 208 229 231 222 222 221 211 220 213 215 215 213 228 217 209 225 222 207 191 200
158 178 204 219 202 207 228 228 227 220 207 206 220 211 217 202 208 205 198 205 201 195 196 193 188 185 195 190 191 194 200 193 190 185 182 187 187 188 187 191 185 191 188 190 193 191 202 185 191 188 183 188 184 189 195 195 201 203 201 205 198 201 209 204 209 205 214 201 186 195 204 196 191 191 198 194 194 188 192 184 192 198 189 192 184 192 197 190 189 191 187 185 186 182 185 186 182 187 188 185 190 187 192 190 182 184 193 193 189 189 185 186 187 187 188 184 191 191 192 195 184 185 182 184 187 181 185 190
126 152 164 167 182 168 162 176 181 185 185 185 187 194 189 188 195 201 184 188 194 192 189 190 188 186 189 195 194 189 194 191 186 197 189 192 197 189 189 192 186 193 194 197 184 188 187 186 191 186 183 192 194 199 190 196 204 203 222 220 212 203 201 198 200 196 200 195 196 202 192 190 193 193 191 196 197 186 188 186 191 191 184 194 195 189 192 192 190 196 193 190 192 190 191 189 191 188 192 194 197 194 194 191 188 193 195 194 186 190 191 187 186 186 194 193 191 190 186 192 203 213 189 203 203 211 218 209
125 143 148 158 147 170 184 181 189 192 192 194 195 197 189 186 195 189 184 188 191 188 187 183 185 184 186 186 187 188 185 186 191 191 188 187 189 187 189 190 187 183 185 195 191 189 191 189 193 195 193 194 200 200 201 203 198 195 203 195 200 198 190 195 198 198 190 187 192 200 194 193 194 193 198 194 189 188 194 185 193 197 200 188 202 205 198 192 192 199 191 189 195 188 189 189 198 195 197 191 197 193 190 188 193 190 190 185 188 182 183 189 176 190 184 196 194 220 209 224 225 249 226 238 244 230 247 251
131 156 157 149 169 172 176 188 191 192 193 193 191 189 191 196 195 188 189 190 189 193 191 188 195 187 194 197 194 185 194 191 188 197 195 196 197 199 196 198 203 197 190 189 200 194 198 192 200 193 207 201 201 191 186 199 199 196 197 191 193 196 188 193 201 195 192 187 194 194 193 193 197 189 198 200 192 192 194 197 195 186 199 191 193 193 186 187 190 187 189 206 183 191 190 192 186 195 196 193 194 196 198 192 209 225 197 222 215 195 202 205 213 211 213 244 230 230 231 246 251 250 250 252 252 249 249 252
132 118 134 158 173 182 172 174 192 192 186 186 186 183 191 199 194 194 196 198 201 204 198 202 207 199 197 193 188 185 202 201 187 185 192 189 188 188 195 193 186 193 197 202 204 192 188 195 192 192 202 197 189 186 184 192 195 189 192 196 188 189 196 194 191 183 193 192 197 191 195 190 186 190 194 189 182 188 196 189 182 197 212 209 189 207 232 210 218 229 203 235 216 217 228 194 209 236 234 236 202 233 237 242 249 252 247 255 251 251 254 253 255 252 253 254 252 251 250 248 251 247 245 239 248 251 253 253
142 149 161 177 191 190 181 182 186 192 189 186 182 191 188 191 192 193 192 198 197 196 197 197 193 191 188 196 194 189 200 203 196 198 194 192 183 184 192 188 187 197 196 195 195 189 191 191 188 188 194 198 189 195 187 195 196 194 197 191 187 195 195 195 198 195 192 191 189 195 198 195 191 192 191 191 178 232 216 198 224 250 246 244 244 248 253 250 251 251 248 252 251 249 252 246 252 251 253 252 252 254 253 254 253 252 252 253 253 253 251 247 251 250 251 252 252 252 252 252 252 250 246 235 244 248 245 251
136 166 190 187 176 188 188 185 196 192 184 196 194 192 196 192 190 190 192 182 190 188 193 190 189 194 188 197 196 188 191 193 197 200 208 206 197 229 193 190 189 189 193 190 191 188 187 187 192 192 220 207 226 221 192 197 205 206 220 194 207 210 204 192 196 197 188 189 187 187 197 217 183 201 220 196 195 242 224 234 254 251 252 253 250 250 252 249 251 252 251 252 252 251 252 254 253 252 251 250 252 251 253 252 253 253 251 251 250 252 252 250 247 245 245 251 252 252 250 246 246 246 236 238 238 239 243 243
141 171 188 189 193 188 185 186 178 180 187 182 184 185 189 190 191 187 191 189 189 185 195 204 187 184 203 199 186 183 187 188 210 227 214 247 227 245 224 197 206 243 203 185 209 203 199 215 235 217 252 245 248 253 240 219 236 243 252 234 246 241 238 195 189 191 204 210 211 182 231 237 201 219 237 236 236 235 244 254 251 253 253 251 252 250 249 251 250 252 252 252 249 251 251 253 252 250 252 251 252 251 252 253 247 245 246 238 238 240 252 247 233 236 244 241 243 239 246 243 242 248 243 245 246 242 245 248
154 172 171 183 190 186 183 180 180 187 191 189 189 188 188 191 181 182 184 214 230 214 229 252 229 198 237 212 185 210 226 230 201 218 226 241 245 253 252 235 244 254 241 208 243 247 248 253 251 240 252 255 254 253 254 250 249 253 252 253 253 250 254 244 234 237 248 247 237 218 241 254 226 216 236 249 253 254 248 247 252 252 253 251 252 244 242 250 251 252 253 252 248 244 250 250 251 244 244 248 244 240 223 245 242 235 234 239 249 243 248 249 245 246 249 251 219 246 251 249 246 250 245 237 251 241 236 247
144 168 164 189 187 195 226 187 181 179 183 212 220 223 194 179 208 234 222 247 254 251 251 250 253 251 251 230 182 218 251 253 183 206 229 235 230 237 246 250 248 248 252 253 251 250 250 251 250 251 252 252 251 252 251 250 253 252 251 252 252 251 250 252 251 251 246 244 248 229 227 231 196 230 253 250 251 253 240 218 253 253 249 239 246 223 232 243 236 241 246 227 243 246 240 232 227 250 247 246 248 237 237 250 249 248 242 249 251 249 246 249 249 250 251 250 245 252 252 251 247 242 238 228 251 253 236 242
218 226 223 239 246 241 242 242 231 228 226 248 250 252 238 218 249 252 255 253 250 251 252 249 244 251 251 249 226 240 250 240 170 201 225 230 237 239 236 235 246 250 245 254 251 252 253 253 252 248 250 252 246 247 238 244 232 250 248 250 250 244 241 246 240 238 233 240 250 224 236 228 248 241 241 250 252 226 241 251 252 249 243 247 243 238 239 252 246 245 245 241 246 252 249 241 247 250 242 250 252 252 240 231 246 245 249 250 238 248 251 227 235 248 245 244 241 252 245 249 231 217 249 238 250 244 248 251
248 249 253 251 243 250 251 252 251 253 249 253 252 251 253 249 252 253 253 252 251 252 252 246 247 252 249 251 251 244 248 216 159 212 201 230 236 228 252 242 239 250 248 252 248 247 245 243 251 239 251 251 247 232 246 246 224 243 247 252 244 236 241 241 250 251 237 217 238 246 238 241 239 244 243 248 251 241 249 252 251 252 249 251 221 241 251 252 252 248 251 251 245 251 248 249 253 245 245 250 251 226 245 237 245 250 253 243 249 252 247 237 249 237 246 248 241 252 225 250 221 227 251 251 252 241 231 253
249 250 247 250 244 249 244 252 253 254 249 251 253 252 251 251 251 253 252 251 251 252 251 235 251 251 242 247 253 252 253 220 144 159 185 221 244 250 252 252 246 249 249 251 252 250 232 237 238 252 251 251 253 244 244 249 247 239 237 252 248 251 253 247 247 247 244 244 246 245 250 251 250 249 251 249 251 247 249 248 249 250 253 248 244 248 249 249 252 251 252 253 248 248 247 251 248 247 234 239 220 220 249 245 241 250 249 247 246 243 240 249 242 239 253 251 248 250 244 247 239 253 251 245 250 251 247 252
251 251 250 246 254 250 250 252 250 252 247 251 254 251 250 251 254 251 251 250 252 252 245 227 254 249 235 237 229 250 250 227 141 136 210 236 249 250 247 250 254 249 250 243 240 253 251 252 249 247 250 253 251 249 245 246 244 244 243 251 248 251 251 253 250 249 250 252 245 248 251 248 252 251 253 253 252 250 251 251 249 248 247 252 246 248 252 252 250 251 248 248 225 234 246 233 249 245 241 248 210 245 254 250 244 243 246 236 244 245 249 239 241 247 248 248 228 237 246 247 241 247 250 244 248 246 249 248
247 251 251 249 251 251 252 252 252 252 250 252 252 252 250 253 253 250 253 252 252 253 241 218 251 250 241 203 232 251 252 248 183 196 228 249 252 249 250 252 251 248 251 233 233 216 254 250 250 248 253 250 251 251 251 252 246 232 251 251 250 248 248 248 249 251 249 250 246 249 250 250 251 249 246 242 252 250 245 248 247 244 251 252 251 250 249 250 248 250 248 206 189 233 229 235 250 231 251 251 216 243 254 247 237 249 254 237 240 248 244 246 248 239 236 247 245 243 248 250 245 242 232 228 232 223 222 225
250 248 251 251 251 251 251 252 252 249 252 251 252 251 252 252 247 251 252 251 249 254 245 207 243 243 221 240 245 249 251 250 249 245 243 252 246 244 253 251 251 250 251 239 224 234 253 249 246 247 250 245 241 245 248 246 244 247 251 253 249 241 244 248 248 246 236 231 247 249 251 252 252 252 237 235 253 250 244 252 249 239 252 250 250 248 249 238 247 249 226 148 191 252 247 255 202 171 252 251 218 237 241 243 240 245 233 246 244 249 242 241 247 241 247 247 244 237 222 218 215 192 192 193 197 195 193 191
251 249 252 252 252 252 250 252 253 252 253 239 247 245 253 251 245 245 248 246 251 251 252 226 251 237 232 237 220 232 249 253 250 249 250 250 247 249 253 250 252 251 250 239 220 246 253 248 243 251 249 248 247 244 243 242 245 253 253 253 236 246 253 252 251 248 248 249 253 254 252 255 250 250 251 252 250 252 248 251 247 240 248 252 250 244 247 241 246 251 201 142 201 255 244 242 235 228 243 243 206 211 220 243 235 232 197 244 230 234 231 230 229 229 210 213 206 190 185 192 186 189 190 194 189 196 190 194
253 252 252 252 251 253 248 251 253 252 252 243 248 252 253 251 250 249 249 251 252 253 230 229 253 253 246 236 223 237 235 243 253 251 249 249 250 250 252 251 250 252 253 241 214 252 253 234 245 245 246 250 250 248 245 253 252 251 250 248 248 252 253 253 253 254 250 249 241 249 248 241 252 249 250 252 254 237 228 247 249 245 252 241 241 250 249 239 250 251 208 130 210 254 251 249 240 240 243 218 236 229 221 250 255 224 213 237 248 230 214 204 203 187 185 194 189 188 188 196 189 185 188 192 190 190 193 200
250 250 251 250 251 253 250 252 253 249 252 252 252 252 251 250 252 252 252 253 252 254 190 239 254 252 250 238 225 232 230 240 249 252 252 251 250 250 251 253 249 251 253 246 240 249 220 233 252 251 249 245 220 243 251 251 249 249 242 248 252 252 251 250 252 251 251 243 249 252 251 246 233 251 249 245 242 230 222 244 250 251 253 231 247 254 243 229 237 255 202 141 210 254 250 248 236 233 241 220 244 248 241 251 214 211 238 235 234 233 246 248 237 231 210 197 190 188 188 192 195 186 184 192 194 187 185 190
249 247 252 250 250 252 252 248 249 249 247 247 251 253 253 252 251 250 251 253 254 236 183 242 240 219 214 226 233 230 228 241 250 252 251 252 252 251 250 247 251 251 251 251 251 233 184 213 223 232 247 230 213 240 252 243 246 248 248 247 251 254 251 252 252 251 249 252 252 246 248 252 239 217 240 245 221 251 234 238 254 252 254 239 240 238 229 224 224 218 197 224 242 250 250 252 244 235 208 228 247 249 249 201 152 220 244 243 248 254 252 250 251 253 253 214 189 191 188 193 194 191 192 194 184 187 192 194
250 250 253 251 244 254 252 251 252 252 250 248 249 252 253 251 253 252 250 253 249 185 208 233 206 188 224 251 241 250 252 244 246 252 253 252 253 250 240 223 243 251 253 253 253 216 150 207 241 249 247 235 242 253 252 251 245 248 249 247 249 242 243 252 250 251 250 247 248 247 238 245 243 205 242 249 228 240 227 220 230 226 213 195 197 193 196 192 197 188 228 253 249 250 236 235 251 217 222 242 244 252 185 116 166 248 254 253 240 216 230 239 239 244 252 249 207 191 188 185 178 188 197 193 181 190 186 188
250 250 249 246 249 252 252 251 249 249 236 246 251 251 247 250 252 239 246 248 238 171 237 223 203 191 246 234 234 247 253 248 247 249 252 249 251 250 239 232 245 249 252 254 248 207 198 224 249 252 252 246 249 250 251 247 247 249 246 247 245 239 243 244 233 228 224 215 223 218 229 204 212 200 209 200 195 192 198 190 193 193 187 187 195 192 195 197 187 189 244 250 250 253 234 216 237 227 254 246 239 185 133 126 188 255 245 190 174 214 238 240 244 242 238 254 240 180 178 178 180 184 182 181 184 177 179 189
249 242 232 242 250 250 246 244 247 253 239 247 251 253 250 250 254 244 245 254 210 185 225 229 192 225 248 219 230 238 246 251 250 253 244 235 194 238 243 253 251 253 251 236 200 204 238 233 245 252 252 251 221 219 242 248 243 214 201 241 248 248 217 197 194 193 200 200 201 196 198 190 191 195 198 194 194 196 191 183 188 191 193 194 190 186 194 188 186 198 233 254 245 240 228 176 183 230 232 221 238 154 120 130 179 255 181 124 158 216 245 236 230 222 238 231 239 214 179 205 185 181 177 175 179 181 180 184
246 252 237 250 253 250 236 239 236 251 252 248 246 248 235 231 239 233 225 221 185 202 226 231 238 242 246 230 243 241 237 246 246 242 242 251 211 223 244 234 246 249 223 202 206 210 231 239 242 243 248 253 236 207 234 238 244 231 221 233 251 251 238 196 197 190 208 193 178 182 183 193 186 182 184 181 182 178 186 188 188 185 183 188 189 186 194 196 184 229 245 251 238 248 191 134 157 191 165 229 248 171 119 115 160 246 188 131 148 208 233 237 232 242 235 217 229 215 239 247 190 175 183 185 200 187 184 185
237 245 230 236 239 235 220 226 217 224 219 217 214 218 215 202 202 199 203 193 173 218 235 222 218 236 233 238 248 252 241 244 237 218 243 235 227 233 226 222 218 251 249 186 176 207 246 240 230 235 246 244 248 243 243 212 242 255 250 242 249 251 255 217 185 202 247 229 182 185 197 187 190 188 180 180 178 182 179 185 188 184 184 182 179 185 190 185 193 226 224 241 243 255 180 117 154 145 159 246 255 198 120 120 148 186 155 138 148 193 231 228 222 244 232 227 190 243 251 252 214 178 210 211 246 210 183 177
212 204 200 191 185 173 190 187 185 180 175 179 179 185 180 171 172 179 182 162 163 234 246 239 198 234 237 249 252 251 255 222 219 219 245 238 235 210 165 185 221 254 241 186 208 230 240 240 245 251 244 247 244 250 254 237 239 237 250 251 251 249 247 238 212 212 238 247 219 185 189 181 189 186 178 183 186 184 183 181 179 181 178 182 177 183 181 177 206 201 221 245 240 251 219 133 141 146 170 230 254 216 126 124 130 136 132 133 155 217 252 229 210 230 211 186 190 251 251 250 244 194 205 198 245 239 203 195
184 177 181 176 181 174 165 164 173 175 169 178 178 177 172 184 189 174 186 141 159 239 237 245 222 231 255 247 253 242 220 198 224 226 238 230 221 177 187 207 234 251 213 186 235 238 220 247 250 247 249 252 251 248 252 237 223 237 251 251 244 248 238 238 224 229 231 252 226 177 183 179 184 187 180 186 185 186 179 186 180 181 181 185 183 187 182 176 214 171 245 248 247 254 225 135 135 137 184 233 230 204 127 120 120 133 125 132 173 255 244 225 181 138 124 132 218 253 251 252 248 246 242 229 248 250 251 236
173 171 179 177 179 181 173 179 185 185 171 172 172 171 181 179 222 172 196 121 159 219 227 247 249 232 249 250 240 190 145 229 233 245 244 197 181 181 200 219 246 251 200 180 239 244 233 248 251 252 252 252 252 252 252 249 248 249 246 251 245 250 253 250 214 233 226 253 233 178 185 180 190 188 183 182 185 189 188 189 191 189 192 191 198 188 189 180 171 154 251 251 251 253 218 126 128 129 172 175 149 140 129 125 116 124 157 151 169 220 194 178 182 155 108 126 216 251 253 252 250 254 252 246 250 247 251 249
175 178 177 177 172 168 163 168 162 167 163 185 171 195 244 225 235 187 125 117 138 200 237 250 253 247 247 255 236 166 159 239 238 255 218 154 180 179 198 243 254 253 200 190 239 247 248 250 253 248 251 251 254 253 252 253 253 253 247 245 244 249 239 211 198 239 238 251 216 174 178 187 191 187 187 191 183 179 178 185 190 186 186 187 181 179 183 160 171 153 238 252 253 250 248 168 124 125 135 132 130 132 128 127 124 129 161 187 171 188 210 189 234 240 144 111 155 245 253 253 255 251 248 249 254 253 253 247
159 154 144 146 156 155 161 171 178 188 204 220 217 248 248 224 234 198 122 113 121 173 244 251 252 251 247 253 235 218 224 231 223 204 176 182 198 196 201 236 252 252 201 204 242 244 250 248 238 230 243 246 248 247 248 235 250 252 253 243 233 251 240 204 209 230 241 242 207 194 185 183 183 186 182 187 180 181 185 187 186 186 188 189 185 188 183 171 164 192 251 248 250 232 249 200 177 183 116 143 175 138 123 120 126 131 163 223 213 203 226 223 250 245 223 145 159 252 254 254 226 228 233 238 237 239 251 251
151 160 171 185 225 214 219 219 212 224 206 191 221 239 179 174 140 111 103 111 120 159 250 251 251 253 255 230 225 183 218 175 229 191 176 212 226 235 219 205 251 243 201 228 251 252 242 222 161 230 240 207 188 199 217 183 243 240 250 244 243 247 248 245 194 234 246 201 194 188 185 189 187 185 181 215 194 182 180 183 188 187 190 181 184 183 191 157 129 197 251 246 235 232 215 171 210 209 159 186 245 196 150 121 140 156 214 192 167 169 222 234 246 221 234 241 241 255 237 207 196 245 241 208 240 237 238 253
195 209 220 216 224 205 219 243 199 193 154 121 149 179 165 116 112 111 104 108 116 138 240 253 250 252 210 163 225 185 179 149 163 185 194 229 246 233 218 200 241 223 176 244 249 237 220 161 158 228 205 209 203 232 221 212 248 249 229 221 227 243 212 195 187 247 253 231 199 186 181 190 179 176 196 234 223 184 179 194 190 180 184 189 188 177 129 125 129 197 237 229 222 229 163 156 210 224 244 201 222 247 230 180 164 213 217 151 124 203 252 241 215 175 211 242 243 241 203 181 201 173 183 226 252 221 241 253
218 209 216 202 199 200 179 234 197 134 125 114 107 135 161 123 104 108 103 106 113 122 215 255 252 237 168 164 216 189 200 187 157 187 217 228 245 214 168 206 237 199 221 232 204 159 178 137 169 206 220 196 224 242 252 243 246 250 225 224 232 250 236 193 192 246 202 223 193 181 180 187 177 192 236 229 244 237 207 148 172 187 194 181 181 134 116 127 130 186 187 152 209 201 184 208 210 201 195 217 223 216 220 179 183 212 207 213 245 255 253 240 180 206 234 232 238 229 217 186 204 144 143 222 254 245 249 247
210 195 189 195 204 220 205 201 161 152 145 154 179 104 112 121 105 106 102 102 107 123 180 254 245 245 176 167 182 188 188 202 164 219 218 225 251 228 173 193 215 219 228 156 138 172 202 141 166 183 198 193 213 250 253 253 254 250 240 240 254 249 253 217 203 206 165 244 202 204 195 188 174 189 238 234 232 230 217 121 124 159 179 193 169 123 108 122 124 170 170 137 212 190 219 233 185 184 163 212 214 204 195 208 191 190 185 205 255 252 255 208 192 229 237 252 252 243 227 216 238 197 190 239 253 245 248 246
222 216 212 223 202 170 153 182 164 188 215 228 215 117 107 111 102 109 114 100 107 126 156 245 213 238 171 140 162 195 222 207 182 226 216 210 204 231 180 169 231 253 227 148 178 182 211 177 158 140 122 158 222 253 251 254 249 250 249 246 246 243 254 229 219 239 202 214 195 244 238 203 192 158 231 217 124 116 137 124 105 104 106 155 177 120 110 118 129 182 145 135 202 216 219 214 145 156 177 208 224 227 230 238 178 101 133 229 255 229 219 201 213 212 241 252 250 255 214 226 213 179 201 253 252 252 252 251
214 227 241 209 194 134 129 196 199 180 215 214 129 113 120 110 102 106 113 102 117 133 148 191 203 188 148 144 192 201 244 172 202 218 213 180 220 251 213 173 213 255 222 204 247 206 208 211 145 125 160 197 243 255 253 235 240 252 249 242 245 242 250 248 241 219 218 190 199 218 221 190 182 136 144 128 115 119 114 122 121 118 117 108 140 120 114 113 133 149 132 129 195 234 211 154 137 144 162 197 249 241 249 241 155 108 177 231 231 215 157 226 239 212 249 252 251 255 205 158 176 187 228 253 249 254 252 253
219 225 230 175 148 122 169 167 207 164 236 249 237 183 120 115 114 115 103 100 120 133 155 152 162 144 132 145 181 238 204 166 218 226 209 155 246 255 213 157 167 236 215 248 244 181 206 203 181 220 213 223 254 229 206 230 251 252 248 219 244 254 244 221 236 195 195 190 209 203 176 136 119 118 116 118 124 124 123 121 119 110 112 108 85 113 116 113 129 132 129 129 206 226 148 121 134 141 167 186 239 253 253 239 168 140 165 151 145 152 159 215 243 211 209 242 250 254 239 199 158 208 251 253 252 254 250 250
226 220 206 140 163 115 160 123 157 177 250 252 255 255 197 116 107 118 105 113 125 136 143 169 158 140 132 142 184 234 176 165 189 213 175 186 217 180 137 138 147 179 241 255 255 227 192 200 244 227 209 238 234 155 172 250 251 252 250 252 252 250 228 231 201 190 208 176 200 165 120 110 119 113 117 125 130 123 119 119 112 112 108 101 95 106 106 101 123 128 129 137 168 181 161 130 128 127 182 207 206 227 234 218 158 139 129 130 131 127 182 228 252 247 224 245 254 251 245 191 168 218 250 250 251 251 251 252
197 176 134 146 190 158 124 136 190 229 248 249 253 253 252 164 116 115 108 122 152 164 145 148 147 142 140 140 165 224 158 162 185 188 205 238 163 135 172 142 142 166 227 254 247 243 173 161 241 212 213 164 140 136 215 251 252 254 249 243 239 244 237 215 168 212 207 134 132 126 118 108 105 106 109 121 125 127 117 116 112 96 100 97 93 99 92 98 125 135 130 131 130 142 141 128 130 129 155 182 196 190 199 206 179 135 120 116 121 155 223 252 251 245 244 242 226 229 226 222 205 224 250 252 251 250 253 253
144 114 140 139 171 118 146 211 235 237 231 243 252 251 197 230 191 124 110 115 170 160 137 142 152 153 146 154 168 207 146 165 195 197 238 249 196 156 255 165 147 186 188 235 238 195 135 187 240 208 213 135 120 150 219 250 253 226 187 221 232 245 205 179 168 170 146 125 117 115 108 106 108 109 113 117 117 111 115 118 111 107 104 97 96 96 94 93 116 123 129 134 131 130 130 128 128 124 142 182 173 224 199 171 141 153 125 114 175 221 238 252 252 243 251 226 194 222 215 224 241 242 252 250 252 251 251 253
117 144 176 136 130 114 200 231 232 223 235 239 234 211 169 235 207 203 145 124 145 135 146 149 147 135 133 138 165 179 143 158 189 218 235 237 152 152 207 168 155 238 219 242 211 146 120 181 210 195 142 115 136 184 207 218 247 231 137 164 218 225 206 166 129 122 121 120 118 123 113 120 117 106 114 109 102 99 106 112 114 109 109 102 96 93 97 100 111 128 126 131 126 126 132 132 130 126 132 179 177 194 188 204 127 137 114 146 241 249 248 249 251 253 252 212 215 245 238 242 246 249 247 250 252 250 253 252
153 199 217 135 125 146 205 220 239 224 230 231 221 143 173 219 209 245 246 161 129 138 155 147 148 128 139 142 154 157 152 155 205 215 222 231 134 128 125 174 215 223 225 245 182 145 127 189 195 171 134 133 152 194 195 188 242 244 142 116 124 165 167 140 131 128 123 122 134 128 117 126 112 98 105 109 110 107 108 120 115 107 110 108 94 97 96 103 127 135 132 123 127 134 129 130 125 122 127 178 175 123 186 209 137 112 123 209 236 251 252 251 247 253 241 186 204 239 208 217 245 250 252 252 252 251 251 253
135 174 194 130 224 229 213 240 251 227 247 219 219 145 170 246 251 247 248 154 124 125 141 159 147 137 137 148 155 157 157 156 207 198 209 198 139 131 131 168 237 242 240 245 164 136 146 194 189 163 137 132 153 191 169 198 253 226 121 116 117 135 144 141 132 129 118 125 131 128 116 118 111 96 101 103 104 102 108 116 122 106 105 109 101 105 97 101 117 128 127 125 123 131 127 126 121 126 145 206 175 149 160 210 153 114 148 216 223 252 251 252 248 251 244 187 183 192 172 234 227 231 230 251 251 252 243 248
115 173 182 123 225 240 214 230 224 223 234 243 191 147 202 255 251 251 254 170 118 131 147 151 151 143 139 163 167 163 152 158 176 196 179 145 135 131 162 189 248 249 247 241 162 135 135 179 176 149 149 138 147 165 159 216 255 206 129 113 114 121 141 136 124 119 122 131 131 128 121 116 103 103 104 104 105 105 112 117 119 114 107 100 99 99 100 111 126 121 121 118 117 124 131 135 127 123 161 190 173 156 158 183 140 125 156 168 224 255 252 252 253 252 241 211 211 136 198 222 228 229 202 255 251 227 213 205
171 198 167 135 234 237 171 198 218 237 227 244 195 156 228 255 252 252 255 191 146 140 137 138 148 144 141 152 162 156 159 157 168 162 150 150 132 158 184 203 255 251 240 228 168 153 147 166 148 138 140 141 159 149 148 188 209 155 128 122 106 127 134 125 122 127 127 132 124 121 112 120 116 109 104 106 103 107 112 108 111 111 105 102 102 94 105 114 124 107 113 120 122 124 129 126 128 132 178 197 172 142 149 136 124 138 163 150 214 250 252 252 253 243 207 238 225 139 198 237 250 207 210 251 230 223 222 213
191 164 153 208 222 175 139 149 195 236 239 237 233 208 247 252 249 245 249 222 162 138 129 124 146 143 138 140 157 155 158 157 170 161 155 139 128 189 176 178 251 250 232 222 172 168 202 155 133 135 137 129 153 153 143 141 134 135 129 120 111 128 129 120 120 125 126 127 127 118 112 125 124 122 108 111 106 104 106 102 106 109 103 94 91 105 105 111 116 115 111 119 118 116 125 125 123 156 205 194 172 141 131 125 123 137 155 145 182 235 254 252 254 207 170 192 216 147 186 254 251 234 222 211 197 226 213 227
126 125 163 240 225 136 137 153 200 239 202 226 208 213 240 235 239 245 232 229 205 131 121 118 153 155 141 150 156 164 151 148 162 160 147 146 139 171 172 169 213 248 228 216 174 167 226 159 129 126 130 142 169 142 146 132 127 130 121 107 112 117 125 128 128 126 120 120 121 113 113 119 124 122 121 111 102 115 109 108 98 100 100 102 94 107 113 123 118 114 122 122 118 117 122 123 123 162 213 190 153 131 123 125 132 133 160 161 145 179 244 255 236 184 142 125 180 158 186 248 235 212 149 131 197 222 219 233
128 130 222 227 180 129 130 155 227 163 191 200 200 199 223 241 252 253 245 245 241 142 125 127 147 140 148 152 159 145 142 150 153 153 142 150 132 162 166 159 169 221 205 193 176 193 224 163 178 194 193 201 235 146 140 135 110 104 111 105 109 121 126 129 111 112 121 117 117 106 123 115 115 125 123 113 108 113 109 106 100 110 107 110 101 99 116 128 116 113 124 122 113 119 124 126 111 155 202 155 129 120 129 127 134 130 177 182 139 144 197 245 205 184 128 130 110 129 186 177 164 155 121 115 188 202 211 242
163 164 221 203 145 122 145 211 209 143 168 149 155 228 234 247 241 251 251 251 250 169 128 123 140 148 155 154 158 144 144 142 144 135 145 146 142 158 178 164 163 173 198 197 179 197 209 217 213 199 216 220 206 136 126 118 116 111 100 106 108 115 121 115 114 113 117 114 102 101 121 118 118 121 116 108 102 111 100 99 102 101 110 114 110 109 120 113 120 117 126 115 118 116 126 120 115 137 139 127 123 112 126 126 133 125 156 156 157 149 166 190 189 163 126 120 103 127 146 137 126 119 100 112 179 160 217 243
149 128 149 194 156 107 168 250 194 129 130 135 161 217 240 220 217 243 251 252 245 213 125 126 132 142 152 145 149 158 148 137 148 150 154 160 167 171 201 167 173 165 180 167 154 167 202 201 197 173 120 122 131 124 115 114 121 113 104 105 102 105 114 120 111 108 105 103 107 106 119 120 114 118 109 112 112 112 113 109 109 105 112 106 104 110 129 124 115 118 125 115 116 118 126 110 113 131 126 124 120 115 117 126 136 132 135 142 163 185 163 163 148 127 135 124 109 118 147 139 126 115 104 122 131 160 209 215
114 133 123 183 160 115 221 225 170 121 122 134 155 228 212 217 226 245 243 248 221 231 194 197 151 141 148 148 144 148 181 150 139 145 156 179 162 174 171 148 168 149 143 176 214 187 167 189 220 195 122 117 133 125 112 105 108 108 102 98 103 104 115 112 115 109 94 95 100 123 119 120 109 103 108 106 104 114 112 109 107 111 113 105 104 108 124 122 117 113 114 122 114 108 119 117 104 116 128 123 125 119 111 125 134 132 143 145 141 152 161 155 120 127 132 131 124 125 150 139 132 121 116 127 122 166 163 205
109 126 130 154 193 161 244 187 121 112 118 129 150 209 187 225 234 237 213 231 240 247 253 247 179 134 158 152 132 180 251 233 171 139 145 162 156 163 164 162 152 131 147 161 211 144 153 218 253 172 116 120 126 132 134 113 110 108 109 102 114 101 106 103 107 109 98 104 98 108 117 107 102 93 102 107 119 115 114 110 110 109 103 101 108 110 117 119 122 120 112 112 114 116 116 108 106 112 120 122 128 130 115 123 133 129 132 130 139 135 139 118 107 131 144 123 123 129 147 141 128 119 131 129 133 169 164 202
119 125 126 129 188 196 198 167 122 121 125 132 155 141 177 241 235 239 175 201 232 231 247 252 246 199 244 176 156 234 252 254 249 162 130 150 159 166 170 157 134 133 140 130 141 127 161 248 232 150 126 125 127 141 141 124 121 114 117 109 114 128 123 115 96 97 119 123 110 113 115 113 104 102 113 119 119 112 114 110 108 105 101 102 117 114 119 120 120 112 108 121 113 111 113 114 116 112 119 119 124 120 112 125 129 130 124 125 123 122 122 118 94 130 139 124 119 127 136 131 114 124 139 135 132 142 186 194
123 124 119 134 216 185 207 192 153 124 120 129 141 125 160 193 236 237 224 223 219 223 251 254 247 231 251 233 201 233 244 252 255 184 132 142 149 166 161 153 137 140 144 143 135 127 166 230 182 136 131 122 123 137 139 132 130 117 127 113 127 133 130 112 102 124 129 120 119 116 116 114 115 122 111 110 108 109 115 110 108 108 107 110 108 111 118 121 118 109 118 123 119 113 117 114 116 113 119 118 110 118 115 129 120 124 125 125 125 117 120 102 105 122 127 126 114 125 127 125 131 132 132 136 135 131 183 172
111 112 109 140 191 209 225 225 168 142 123 121 123 127 194 178 214 217 215 242 241 245 246 253 251 247 251 242 219 243 237 244 241 224 191 145 149 159 143 149 135 140 144 152 140 139 154 169 139 132 132 119 119 133 134 135 137 120 123 126 133 132 140 126 104 125 129 120 118 108 106 104 118 120 120 113 111 106 101 108 108 102 110 108 99 102 112 122 117 116 116 112 116 104 107 108 123 118 118 112 104 120 124 134 119 123 115 119 122 113 109 104 106 118 126 127 124 130 116 120 134 122 133 131 132 134 178 153
103 110 120 140 143 212 207 181 148 174 147 131 123 140 190 147 169 212 234 229 244 251 248 247 251 246 238 253 238 233 247 244 239 253 185 143 135 141 132 146 151 132 144 154 142 147 145 127 128 120 116 117 104 130 131 133 130 123 122 125 126 122 133 139 117 129 136 123 114 125 113 101 112 114 111 110 107 103 101 96 92 95 100 106 98 98 98 112 112 117 115 117 111 102 110 115 127 122 113 104 109 123 126 132 126 130 121 121 121 117 112 105 107 115 123 130 122 103 115 127 112 123 137 128 125 145 170 131
114 113 129 143 131 191 186 153 149 155 154 126 118 152 179 161 158 225 255 235 230 249 238 228 234 235 239 225 237 226 249 254 248 241 190 152 133 130 120 136 147 143 145 148 144 150 147 147 137 129 106 110 114 129 131 122 112 120 134 123 121 123 139 132 122 121 127 124 125 183 157 97 113 105 102 104 106 113 107 98 101 101 97 110 106 100 93 106 114 115 118 112 100 108 108 107 116 115 105 109 115 119 120 122 123 114 118 118 123 116 104 109 118 120 127 131 119 110 122 131 119 130 135 122 122 161 150 117
135 97 112 117 125 179 209 194 156 143 168 170 167 165 139 140 147 192 231 239 230 234 219 242 237 233 224 237 239 237 249 254 236 226 200 172 130 129 118 119 130 136 138 136 140 147 147 138 135 134 106 115 118 117 121 127 127 117 137 127 149 133 135 128 113 135 115 109 124 142 135 107 111 100 100 104 110 111 103 103 102 99 101 101 95 96 93 103 114 114 110 107 100 113 108 109 114 110 113 122 115 114 115 116 124 125 125 116 114 120 109 124 118 127 131 126 109 104 114 116 120 114 122 116 133 177 150 117
183 132 99 108 126 171 194 187 204 200 153 224 192 141 124 137 178 226 244 228 248 252 214 219 225 232 240 237 239 250 249 236 205 201 183 155 128 126 130 141 149 117 127 132 130 142 146 135 129 153 122 120 132 126 112 208 194 138 117 190 230 172 211 138 123 184 157 102 115 121 118 110 111 115 105 106 107 105 105 101 101 99 91 90 100 94 105 103 106 102 102 103 106 116 108 107 110 109 109 113 122 113 109 119 120 122 120 107 112 128 128 128 128 133 128 130 118 112 114 119 119 115 115 118 148 176 136 116
177 200 148 106 116 146 164 148 197 229 186 194 174 183 134 142 150 223 246 232 232 246 224 230 235 220 226 216 221 248 253 231 226 217 196 238 188 173 135 179 175 113 124 125 119 141 153 148 125 147 133 114 150 214 114 200 229 159 132 223 165 167 255 189 127 160 140 106 117 114 110 106 118 115 110 107 105 100 97 103 107 109 107 102 96 89 103 108 101 108 115 100 102 117 110 111 112 111 109 110 113 111 111 107 108 110 109 107 113 122 127 124 134 128 112 124 121 116 114 121 120 123 120 120 169 167 117 118
154 225 224 141 111 133 182 183 187 225 243 208 154 219 157 122 121 184 218 195 209 214 222 219 225 236 220 192 211 215 235 208 238 251 189 227 250 227 167 201 146 121 125 123 134 131 136 126 135 146 150 129 180 253 166 182 180 140 158 235 168 143 194 139 104 112 105 104 105 104 102 98 110 115 106 99 107 104 109 109 109 105 113 106 88 95 100 100 107 105 105 101 105 106 110 118 111 109 106 114 107 114 126 117 107 99 111 100 110 117 114 119 127 128 112 119 115 117 119 117 121 116 117 129 174 131 123 123
127 178 226 184 119 142 181 159 144 199 255 194 179 239 148 131 141 152 155 140 178 215 224 231 246 240 207 219 243 236 234 234 237 194 195 225 249 234 200 204 179 146 120 119 126 125 157 150 128 134 129 123 186 249 224 137 113 99 142 197 160 120 111 104 112 99 105 107 107 102 107 104 105 116 112 106 116 106 115 113 108 101 103 108 93 95 101 102 105 111 104 102 109 99 96 102 104 108 104 108 111 94 116 119 110 119 125 114 106 112 112 115 126 123 111 118 112 108 117 116 108 120 113 137 177 119 115 125
165 154 198 235 158 191 152 125 117 184 240 150 210 230 165 178 148 140 131 160 201 210 168 233 225 200 209 239 253 252 248 224 220 166 196 248 253 249 219 216 210 149 139 123 143 164 227 223 128 135 129 149 185 253 253 175 147 160 168 124 123 119 102 104 100 98 100 100 110 101 94 97 110 114 112 104 105 114 114 110 107 101 101 104 96 89 88 104 103 117 118 110 102 99 98 97 94 97 96 104 102 93 113 116 106 122 123 119 117 119 118 116 119 113 121 132 125 113 116 118 113 121 117 142 182 122 112 125
155 159 177 173 189 163 126 164 205 199 221 190 196 192 173 216 169 180 116 147 222 231 189 217 210 189 235 252 239 214 238 247 223 190 215 240 246 245 208 234 215 188 173 144 164 153 223 191 122 145 138 148 185 252 253 238 185 132 114 119 124 121 117 106 101 101 92 100 113 104 103 101 114 114 111 105 97 103 105 104 106 102 106 99 98 99 96 102 104 107 108 106 94 94 100 98 96 90 96 93 103 93 115 116 116 119 119 120 126 122 118 116 115 119 132 142 134 116 114 113 114 119 118 164 181 131 122 134
150 149 191 214 202 171 184 174 212 181 186 201 218 177 162 188 171 206 182 130 200 196 226 243 252 246 245 255 206 211 254 252 191 169 214 243 239 250 198 173 207 203 167 130 175 209 200 180 122 132 127 145 168 240 253 255 206 112 115 120 122 117 114 104 107 102 90 93 106 102 96 100 111 108 97 96 98 102 98 93 105 99 106 95 95 112 117 100 103 102 108 104 97 90 99 111 96 92 112 90 99 96 120 115 119 121 116 123 127 122 118 122 116 117 139 143 133 119 117 112 119 120 116 169 172 129 117 126
170 147 197 205 160 222 202 179 176 188 157 231 230 195 217 167 137 148 199 183 214 153 170 227 220 226 218 235 188 212 253 204 170 208 217 210 235 204 148 148 225 225 167 190 248 191 141 189 129 126 134 145 179 211 236 222 229 117 97 104 107 115 150 128 154 176 181 177 144 127 106 102 98 98 89 89 91 92 96 93 95 110 98 101 110 106 110 122 121 103 102 103 104 101 94 99 96 99 106 101 104 99 120 119 114 120 129 121 128 116 113 123 120 124 130 139 131 115 117 116 127 128 122 174 160 122 113 122
191 162 206 194 142 220 221 197 183 147 201 228 184 224 217 135 127 124 191 208 187 201 137 144 204 236 219 216 209 216 248 172 186 183 198 243 249 151 142 164 244 239 221 254 235 147 123 133 123 168 222 195 220 193 182 172 224 147 101 98 104 124 160 207 250 232 236 220 217 215 106 106 107 108 95 111 143 152 105 96 106 112 103 101 109 111 117 124 119 110 109 100 99 96 103 106 98 92 101 102 100 117 122 119 115 111 125 116 119 118 118 118 123 126 126 139 124 120 116 118 130 131 131 169 140 116 119 143
193 135 175 208 156 199 204 211 240 241 184 182 202 210 156 131 135 123 189 157 168 229 147 116 186 221 215 219 242 223 235 213 164 140 182 249 225 132 132 163 241 250 191 231 208 130 130 132 210 203 206 243 247 201 143 156 196 215 218 139 116 130 195 245 245 235 235 226 236 227 175 142 183 195 142 184 212 236 151 103 99 103 97 101 120 117 112 111 115 106 101 105 93 90 120 106 99 108 118 108 118 125 127 122 116 120 123 121 122 122 129 117 121 124 126 141 129 123 123 119 122 127 135 156 135 122 133 155
214 207 212 172 129 190 232 236 231 216 165 191 200 204 136 192 140 129 130 124 181 159 113 145 179 180 192 200 200 195 221 238 175 134 162 240 199 132 123 149 211 255 218 187 211 146 124 133 213 207 181 237 233 192 163 147 185 214 204 184 139 139 198 245 229 246 249 216 199 234 170 176 206 156 207 206 199 199 124 110 96 100 91 92 120 114 107 108 110 106 104 104 90 87 104 97 116 120 124 124 122 120 124 126 121 123 121 120 115 116 120 125 121 127 134 131 126 129 125 130 122 123 157 146 140 143 123 154
198 226 231 190 133 134 232 225 193 179 174 184 214 200 172 228 178 129 168 160 187 170 150 165 160 192 140 111 132 147 141 130 123 157 167 246 198 185 185 187 203 243 233 224 231 137 112 174 205 184 185 217 210 184 230 177 177 191 125 108 115 142 194 239 230 254 242 161 202 243 156 129 130 154 238 166 117 126 132 114 95 98 118 120 106 112 108 108 109 101 92 92 91 108 112 111 108 121 130 128 124 125 131 127 123 126 119 120 115 114 113 129 134 138 137 128 131 123 124 123 114 129 164 147 142 157 140 153
219 232 207 187 148 152 212 197 178 147 172 188 180 175 181 193 190 173 225 250 231 210 182 133 136 125 141 153 118 110 97 99 129 198 170 228 157 183 223 248 216 235 238 222 173 137 171 217 209 211 186 182 156 196 235 238 191 142 118 106 108 143 162 195 220 247 220 153 232 201 139 119 118 178 190 134 116 118 130 124 105 111 114 112 104 100 101 101 105 106 92 89 112 126 124 118 112 126 129 126 122 125 126 126 123 112 116 112 115 116 120 127 143 137 134 130 137 129 121 106 112 144 153 150 154 175 191 174
203 168 203 190 172 147 209 194 190 212 192 174 187 194 211 227 205 221 237 255 217 209 162 113 125 163 203 252 166 108 108 104 153 214 177 186 134 133 186 215 163 227 227 201 188 183 228 223 235 224 177 148 149 222 243 216 153 111 128 114 105 134 150 158 177 219 191 177 198 134 118 126 129 181 153 129 126 127 128 117 110 113 127 126 114 102 101 108 114 107 102 98 117 120 116 116 117 124 128 119 114 117 120 119 121 107 113 113 118 116 119 129 145 137 141 132 136 116 120 120 120 157 156 154 137 178 195 169
