50 50 50 50 50 50 50 51 50 51 51 51 52 53 53 53 53 54 55 56 56 56 56 56 56 56 56 57 57 56 57 57 57 58 57 57 57 58 58 58 57 58 58 58 58 59 58 58 59 58 58 59 57 58 58 57 58 58 58 58 58 58 59 58 59 58 59 59 59 60 60 59 59 59 59 58 58 57 57 57 57 57 56 56 55 55 55 56 55 55 56 56 55 57 56 56 57 56 57 55 56 56 57 57 57 56 56 55 54 54 54 54 54 54 54 53 52 52 51 52 51 51 51 51 51 51 50 50
49 50 50 50 50 50 52 51 51 51 51 52 52 53 53 53 54 55 55 55 55 55 56 56 56 56 56 56 57 57 57 57 56 56 57 57 56 57 57 58 58 58 58 58 58 58 58 58 58 58 57 57 56 57 56 57 57 57 57 57 58 58 57 58 58 59 59 59 58 59 59 59 59 58 58 57 57 57 57 56 56 56 56 55 54 54 54 54 54 54 55 55 55 56 55 55 55 56 56 56 56 57 56 57 57 56 56 56 56 55 55 56 56 56 55 54 54 54 53 53 52 53 52 52 52 52 53 52
49 50 51 50 51 50 51 51 52 52 52 53 53 54 53 54 54 55 54 55 54 54 55 56 56 56 56 56 56 56 56 56 56 56 56 57 56 57 57 57 58 57 57 58 58 57 58 57 56 56 56 55 56 56 56 56 56 56 57 57 57 57 57 58 58 58 59 58 58 59 58 58 58 58 58 57 57 56 56 55 55 55 55 54 54 54 54 54 54 54 54 55 55 55 55 56 56 56 56 56 57 57 57 57 57 57 57 57 57 57 57 57 57 56 56 56 55 55 54 54 54 54 54 54 53 54 53 53
50 50 51 51 52 51 52 52 52 53 53 53 54 54 54 54 54 54 55 55 54 54 55 55 55 54 55 56 56 56 56 56 56 56 55 56 56 56 56 57 57 56 57 57 57 56 55 55 55 54 54 54 55 55 55 56 55 55 55 56 56 57 56 58 58 57 58 58 59 58 57 57 58 57 57 58 57 57 56 56 56 56 55 55 54 54 54 54 55 54 55 55 55 55 56 56 57 56 57 57 57 57 57 57 57 58 58 58 59 58 58 58 58 57 57 57 56 56 55 55 55 56 55 55 55 54 53 53
51 51 52 52 52 53 52 52 52 54 53 53 53 53 53 54 54 54 55 54 55 54 55 54 55 54 54 55 54 54 55 55 55 56 55 54 55 55 55 55 55 55 55 55 55 55 54 54 54 54 54 54 55 54 55 55 55 55 55 55 55 56 57 57 57 58 58 58 58 58 58 58 58 58 57 57 57 56 56 56 56 56 55 55 55 54 54 54 55 55 56 55 56 55 56 57 58 57 57 58 58 58 58 58 58 58 59 59 60 59 60 59 60 59 58 57 57 57 57 57 56 56 55 55 54 54 54 54
51 52 53 53 53 53 53 53 53 54 54 54 54 53 54 54 53 54 53 53 53 53 53 54 54 54 54 53 54 54 54 54 54 54 54 54 53 54 54 54 54 54 54 54 55 54 54 54 54 54 53 53 53 54 54 54 55 55 56 55 56 57 57 57 58 58 59 58 59 58 59 58 59 58 58 57 56 56 57 56 56 57 56 56 57 56 56 56 57 56 56 57 57 57 57 57 57 57 58 58 58 58 59 59 59 59 60 60 60 60 60 60 60 60 59 58 59 58 58 57 57 56 56 55 55 55 54 54
52 52 53 53 54 54 54 54 54 54 55 55 54 54 54 53 53 53 53 52 53 53 53 52 53 53 53 53 52 52 52 53 52 52 52 53 53 53 53 53 53 54 54 54 55 55 55 54 54 53 54 53 53 53 54 54 55 55 56 56 57 57 57 58 59 59 59 59 59 59 59 59 59 59 59 58 58 57 57 57 58 58 58 58 58 58 57 57 58 58 58 58 58 57 56 57 57 57 58 58 59 59 59 60 60 60 60 61 60 61 61 61 60 60 60 60 59 58 58 58 58 58 57 56 56 55 55 55
54 54 54 54 54 55 54 55 54 55 54 55 54 54 54 54 54 53 53 53 52 52 52 52 52 52 51 52 51 51 51 51 52 52 51 53 53 53 53 53 54 54 54 55 55 54 54 54 54 53 54 53 53 53 53 54 55 55 56 57 57 58 59 60 59 60 60 59 60 59 60 59 59 59 59 59 59 58 58 58 58 59 59 59 59 60 59 59 59 59 59 59 59 57 57 57 57 57 58 58 59 59 60 60 61 61 61 61 61 60 60 60 59 60 60 59 59 58 58 57 57 57 56 56 56 56 55 55
54 55 55 54 55 56 55 56 55 55 55 54 54 55 54 54 54 53 54 53 52 52 52 51 52 52 52 51 51 51 51 50 51 52 52 53 53 53 53 53 54 54 54 55 54 54 54 54 54 54 53 54 54 54 53 54 55 56 57 58 58 59 60 60 61 61 61 60 60 59 60 59 59 60 60 59 59 59 59 59 59 60 61 60 60 60 60 61 61 60 60 59 59 58 58 58 58 58 58 58 59 59 60 60 60 61 60 61 60 60 60 59 59 59 58 58 58 58 57 58 57 57 57 58 56 56 56 55
55 55 56 55 55 55 56 55 55 55 54 54 55 54 54 54 53 53 53 52 52 52 52 52 53 52 52 51 51 51 51 52 52 52 53 53 54 54 54 54 54 53 54 55 54 54 54 54 53 53 53 53 54 54 54 54 55 56 57 58 59 60 60 61 61 61 61 61 60 60 60 60 59 60 59 59 59 59 59 60 61 61 61 61 61 61 61 61 61 61 60 59 59 59 58 58 59 58 58 58 58 58 59 59 59 60 59 59 60 59 59 59 58 57 57 57 56 57 57 57 57 57 57 57 56 56 56 56
54 55 56 55 56 56 56 55 56 55 55 55 55 55 55 54 55 54 53 53 53 53 53 52 53 53 53 52 52 52 53 53 54 54 55 54 54 55 54 54 54 54 54 54 54 54 53 53 53 53 53 53 54 54 55 55 55 57 57 58 60 60 61 61 62 62 62 61 61 60 60 60 59 60 60 59 60 59 60 60 60 61 61 62 63 62 61 61 60 60 60 59 59 59 58 58 59 58 58 58 58 58 58 58 59 60 59 59 59 58 58 58 58 58 57 56 56 56 57 56 56 56 56 55 56 56 56 56
55 54 55 55 55 55 56 56 55 55 55 55 55 55 55 55 55 55 55 54 54 54 54 54 53 54 54 53 54 54 54 53 55 55 55 55 55 55 54 55 54 53 53 53 53 53 52 52 52 52 53 53 54 55 55 56 56 57 58 59 60 61 61 62 62 62 61 62 61 60 60 59 59 58 59 58 58 59 59 60 60 61 62 61 62 61 62 61 61 61 60 60 59 59 59 58 58 58 58 58 58 57 57 58 58 59 58 59 59 58 58 58 57 57 56 56 56 55 55 55 54 55 55 55 55 55 55 55
55 55 55 55 56 55 56 56 56 56 56 55 55 55 55 56 56 56 56 56 55 55 55 55 55 55 55 55 55 56 55 55 55 55 55 56 55 55 55 55 55 54 53 53 52 52 50 50 51 52 53 53 54 55 56 57 57 58 60 60 61 61 61 61 61 61 61 61 60 59 59 58 58 58 58 58 58 58 59 60 60 60 61 61 61 61 62 62 61 61 60 59 59 59 59 59 58 58 58 57 57 58 57 57 58 58 58 58 58 57 58 57 57 56 56 55 55 55 55 55 54 54 54 55 55 55 55 55
55 55 56 55 55 55 55 55 56 56 56 56 56 56 56 56 57 56 57 57 55 56 56 55 55 55 56 55 56 56 55 55 55 55 55 55 55 55 55 54 54 54 53 52 51 51 50 50 51 51 52 54 54 56 57 58 59 60 61 61 62 61 61 61 60 60 60 59 59 58 58 57 57 57 57 57 57 57 58 58 59 59 61 61 61 62 61 62 62 61 61 60 60 59 58 58 58 57 57 57 57 57 57 57 57 58 58 57 58 57 57 57 56 56 55 55 54 54 54 54 53 54 54 53 54 54 54 54
55 55 56 55 55 56 55 55 55 55 56 56 56 56 57 57 57 57 57 58 57 56 56 56 56 56 56 56 56 56 57 56 56 56 56 56 56 55 54 54 53 52 51 50 51 50 51 51 52 53 53 55 55 57 59 60 60 61 61 62 62 61 61 61 61 59 59 58 58 57 57 56 56 56 56 55 57 57 58 58 59 59 60 60 61 61 61 61 61 61 60 60 60 60 58 58 58 57 57 57 58 57 57 57 57 58 58 58 57 57 57 56 55 56 56 55 54 54 54 54 53 53 54 54 53 54 54 54
55 54 55 55 55 55 54 55 55 55 56 56 56 56 57 57 58 58 58 58 57 56 56 57 57 57 57 58 57 57 58 57 57 57 56 57 56 55 55 53 53 51 50 49 50 50 51 52 53 54 55 57 58 59 60 61 63 63 63 63 62 62 62 61 60 59 58 57 57 56 55 55 55 55 55 55 56 57 57 58 59 58 59 59 60 61 60 60 61 61 60 59 60 59 58 58 58 57 58 58 58 58 58 57 59 58 58 58 57 57 56 56 55 55 56 54 54 54 54 53 53 53 53 54 54 54 53 53
55 55 54 55 55 55 55 55 56 56 55 55 56 56 57 57 57 57 58 57 57 56 56 56 57 57 58 58 58 59 58 58 58 57 57 57 56 56 55 53 52 51 51 50 51 52 52 54 55 57 58 59 60 62 63 64 65 65 65 64 64 63 62 61 60 58 58 57 56 55 55 55 55 55 55 55 56 56 57 58 58 58 58 59 59 60 60 60 61 61 60 59 59 59 58 58 58 57 57 58 58 59 58 58 59 58 58 58 57 57 56 56 56 56 55 55 55 54 54 53 53 53 53 54 52 52 52 52
55 55 55 55 54 55 55 55 55 57 56 55 56 56 57 56 57 57 57 56 56 56 56 56 56 57 57 58 58 58 58 59 58 59 58 57 57 56 55 55 53 53 52 53 53 54 55 57 58 59 61 62 63 65 66 66 66 66 67 65 65 64 62 61 59 58 57 56 55 55 55 56 56 55 55 56 56 57 57 57 58 57 58 59 59 60 60 60 60 59 59 59 59 58 58 58 58 58 58 58 59 60 60 60 59 60 60 59 58 57 57 57 56 57 56 56 55 54 55 54 54 53 53 53 53 52 51 51
55 55 55 55 55 56 56 56 56 57 56 56 57 57 57 57 57 57 57 57 56 55 56 56 56 57 57 58 58 59 58 59 58 59 59 58 58 56 56 56 55 55 55 55 56 57 59 60 61 63 63 65 67 67 68 68 68 68 68 66 65 64 62 61 59 58 58 57 56 55 55 55 56 56 55 56 57 56 57 57 57 57 58 59 59 59 59 60 59 58 58 58 58 58 58 58 58 58 58 59 59 59 60 60 60 60 61 61 59 58 58 58 58 57 56 56 55 55 56 55 55 54 53 52 52 52 51 50
55 56 55 56 56 57 57 57 57 58 58 58 57 58 57 57 57 57 56 56 56 55 55 56 56 57 58 57 58 58 59 59 58 59 58 58 57 57 57 57 57 56 57 58 59 61 62 64 65 66 66 68 69 69 70 70 70 69 69 68 66 64 64 61 60 58 58 57 57 56 55 55 56 56 57 57 57 56 57 57 57 57 58 58 59 59 59 59 59 59 59 58 58 58 58 58 58 58 58 60 59 60 60 60 60 60 61 61 61 60 59 59 58 57 57 56 56 56 56 55 55 55 54 53 52 51 50 50
56 57 57 57 58 58 59 59 59 59 60 60 59 59 59 59 58 57 58 58 58 58 58 58 59 59 60 59 60 60 60 61 61 61 60 60 59 59 59 60 60 60 61 62 62 64 66 68 68 70 70 71 72 72 71 72 72 71 70 69 68 66 65 63 63 62 61 59 59 58 58 58 58 59 59 59 59 58 59 58 59 58 58 60 60 60 60 60 60 60 59 59 59 59 59 59 59 60 60 61 61 61 62 62 62 62 62 62 62 61 61 60 60 59 59 58 57 57 57 57 56 56 55 55 54 54 53 53
59 60 60 61 62 62 62 63 63 63 63 63 63 63 64 63 62 62 62 62 61 62 62 62 63 63 64 64 65 65 65 65 65 65 65 65 64 65 65 65 66 67 67 68 68 70 70 72 72 73 74 75 75 76 76 75 75 74 74 72 72 71 70 68 68 66 66 65 65 64 64 64 64 64 64 64 64 64 64 64 64 64 64 64 64 64 64 64 64 64 64 64 63 63 63 63 63 64 65 65 65 65 66 66 66 66 67 66 66 65 65 64 64 64 65 64 63 62 62 62 62 62 61 61 61 59 60 59
66 67 67 67 67 68 69 69 69 70 69 70 70 70 71 70 70 69 69 68 69 69 69 70 70 70 71 71 71 72 72 72 73 73 73 73 72 72 72 73 74 74 74 75 76 77 77 78 79 80 80 80 80 81 81 80 80 80 80 79 78 77 77 75 75 74 73 72 72 71 72 72 72 72 72 72 72 73 72 72 73 72 73 72 72 72 72 72 73 73 72 71 71 71 70 71 72 71 72 72 73 73 73 73 74 74 73 74 73 73 72 72 72 72 72 71 71 71 70 70 70 70 69 69 68 68 67 67
73 74 74 75 76 77 76 77 77 78 78 78 78 78 78 78 78 77 77 77 77 77 78 79 79 78 79 80 80 80 80 81 81 82 82 82 82 82 82 83 83 83 84 85 85 85 86 87 87 88 88 88 88 88 88 88 88 87 87 86 86 85 84 83 82 82 81 81 81 81 81 81 81 81 81 82 82 82 82 81 82 82 82 83 82 82 82 82 82 81 82 81 81 81 81 81 81 81 81 81 82 81 82 82 82 83 83 82 82 82 82 81 80 80 80 80 80 80 79 79 79 79 78 78 77 78 77 76
83 84 84 85 85 86 86 86 88 88 88 88 89 88 89 88 88 88 87 87 87 87 88 88 88 89 89 89 90 91 91 92 91 92 92 93 93 92 93 94 94 94 94 95 95 96 95 96 97 97 97 97 97 97 97 97 97 96 96 96 95 95 94 93 93 92 92 92 92 92 92 92 92 92 93 92 92 93 93 93 93 93 93 93 93 94 94 93 92 93 94 93 93 93 92 92 92 92 92 92 91 92 92 92 92 93 93 92 92 92 91 91 90 90 90 90 90 89 90 90 89 89 89 89 88 88 87 87
94 95 95 96 96 96 97 98 98 98 99 98 99 99 100 99 98 99 98 98 98 99 98 99 100 100 101 101 101 102 103 103 103 102 103 103 103 104 104 105 105 106 106 107 106 106 106 107 107 107 108 107 108 107 107 107 107 107 107 106 105 104 104 104 103 103 104 104 104 104 104 104 103 104 104 104 104 104 104 105 104 105 104 105 105 105 105 105 105 105 105 105 104 104 103 103 103 102 103 103 102 103 102 103 103 103 103 102 103 102 102 102 101 101 100 101 100 101 100 100 100 100 100 99 99 99 99 97
104 105 105 106 106 107 107 108 108 108 108 108 109 108 109 109 109 109 109 109 109 109 111 111 111 111 111 112 112 113 113 113 113 112 114 113 114 114 115 115 116 117 116 117 117 117 116 117 117 117 118 117 117 117 117 117 117 116 116 115 115 114 114 114 113 114 113 114 114 114 114 113 114 114 113 114 115 114 114 114 115 115 115 115 115 115 115 115 115 115 114 115 115 114 114 114 114 113 114 113 112 113 112 112 112 112 112 112 111 111 111 111 110 111 111 110 110 110 110 109 108 109 109 109 108 107 107 105
114 114 114 115 115 115 115 116 117 116 117 117 118 119 119 118 118 117 117 119 119 120 120 120 120 120 120 121 122 122 122 123 123 123 123 124 123 124 124 124 125 125 125 126 126 126 126 126 126 126 126 126 126 125 124 125 124 124 124 124 124 122 123 122 122 122 122 122 123 123 122 122 123 122 121 122 122 122 122 122 122 123 123 123 124 123 123 123 123 123 123 123 122 122 123 123 122 121 121 121 120 121 120 120 120 120 120 120 119 119 119 119 119 118 118 118 118 117 117 116 115 115 116 116 114 114 113 112
121 122 122 123 122 123 124 124 124 124 124 124 125 126 126 126 126 125 126 127 126 126 127 128 128 127 128 128 129 129 130 131 130 130 131 131 130 131 131 132 132 132 133 133 133 133 133 133 133 133 132 131 131 131 131 131 131 130 131 130 130 129 129 129 130 128 129 128 128 128 129 129 128 128 128 128 128 128 128 129 128 129 129 129 129 129 129 130 129 129 129 129 129 129 129 128 128 128 128 127 128 127 127 127 127 126 127 126 127 126 126 125 124 125 124 124 124 125 124 123 123 123 122 121 120 120 120 119
127 128 127 128 129 128 129 129 128 129 129 130 130 130 131 131 130 130 131 132 131 132 132 133 134 133 134 134 135 135 135 135 135 134 135 135 135 136 136 138 137 138 137 137 138 137 138 138 137 137 136 135 135 135 135 135 135 134 134 134 135 134 133 133 133 132 133 132 132 131 131 132 132 132 132 132 132 132 132 132 132 132 133 132 133 133 133 134 133 133 134 133 134 133 133 133 132 133 132 132 132 132 132 132 132 131 131 131 131 131 130 130 129 130 129 129 128 128 128 128 127 126 126 125 124 123 123 122
130 130 131 131 130 130 131 131 131 131 131 132 131 133 132 132 132 132 132 134 133 134 134 134 135 136 135 135 136 136 136 136 137 137 137 137 137 137 138 139 139 138 139 139 139 139 139 138 138 139 138 137 137 136 137 136 136 136 135 136 136 136 135 135 135 134 134 133 133 132 133 133 133 133 133 133 132 132 132 132 131 132 132 133 133 133 134 134 134 134 134 133 134 134 133 133 133 132 133 133 132 132 131 132 131 132 133 132 131 131 131 131 131 130 130 129 129 129 128 128 127 127 126 126 125 124 123 123
130 130 130 130 130 130 130 130 130 130 131 130 130 130 131 131 130 131 131 131 132 132 131 132 133 133 134 134 133 134 134 135 135 134 135 135 135 136 135 135 136 136 136 136 137 137 138 136 136 137 137 136 136 135 135 134 134 133 133 133 133 133 134 133 133 132 132 133 132 131 131 131 131 131 130 130 129 129 130 129 129 129 129 129 129 129 129 129 130 130 130 130 130 130 130 130 129 129 130 129 128 129 129 129 129 129 129 129 128 128 128 127 127 127 127 126 126 126 126 126 125 126 125 124 123 122 122 121
126 126 126 126 126 126 127 126 127 126 127 127 127 126 127 126 126 125 125 126 127 127 127 127 128 128 129 129 129 129 129 129 129 129 129 129 130 130 130 130 131 130 131 131 131 132 132 132 131 132 131 130 130 130 130 130 129 129 128 128 128 127 128 128 128 127 128 128 127 126 126 126 125 126 125 125 125 125 124 123 123 123 123 123 123 123 124 123 124 124 124 125 124 123 123 124 124 124 124 123 123 123 124 123 122 123 122 122 123 122 121 121 121 121 121 121 120 121 119 120 120 120 119 119 119 118 117 116
120 120 120 120 120 119 119 120 120 120 120 120 119 119 120 119 119 119 118 118 119 120 120 121 120 121 122 121 122 121 122 122 122 121 122 122 122 123 123 124 124 124 124 124 124 125 125 124 124 124 123 123 123 122 122 122 121 121 121 120 120 120 120 121 120 120 121 121 121 120 120 119 118 118 118 117 118 117 117 116 116 115 115 115 116 115 117 116 116 116 115 116 115 116 116 116 115 116 116 116 115 115 115 114 115 115 114 114 115 114 115 114 114 114 113 113 113 113 112 113 113 114 113 113 112 112 111 110
112 113 113 113 112 112 111 112 112 112 111 111 112 111 111 111 111 111 111 111 111 111 111 112 113 113 113 113 113 113 113 113 114 113 114 114 114 115 115 115 116 116 116 116 116 116 116 116 114 114 114 114 113 114 113 114 114 114 114 113 113 113 113 114 113 113 113 113 114 113 112 112 111 111 110 110 110 110 109 109 108 109 109 109 109 109 110 110 109 109 108 108 108 109 108 108 108 107 108 107 107 107 107 107 107 106 107 107 107 108 108 108 108 108 107 107 106 107 107 106 107 107 107 106 106 106 105 104
107 106 107 106 106 106 106 107 105 106 106 106 106 104 105 106 106 105 105 105 105 106 106 107 107 108 109 108 108 108 107 107 109 109 109 109 109 109 110 111 111 112 112 113 112 112 113 112 111 110 109 110 109 109 109 110 110 110 110 110 110 110 110 111 111 111 112 111 112 111 109 108 107 108 108 108 108 107 106 106 106 107 106 106 106 107 106 107 107 107 106 106 106 106 105 106 105 105 105 105 103 104 104 104 105 105 105 105 106 106 106 106 106 106 105 105 105 105 105 106 105 105 105 105 105 104 104 103
105 105 105 105 105 105 105 105 105 105 105 105 105 104 105 105 105 105 104 104 105 105 106 107 107 107 108 107 107 108 108 108 108 108 109 110 110 110 110 111 110 111 112 112 112 112 112 111 111 110 111 110 109 109 110 110 111 111 111 111 111 111 113 112 112 112 113 114 113 112 112 111 110 110 110 110 110 109 108 107 108 108 108 108 107 108 109 108 108 108 108 108 108 108 108 108 108 107 107 107 107 107 107 107 107 107 108 107 107 107 106 106 107 108 109 108 107 108 108 108 107 107 107 108 108 106 106 106
108 108 107 106 107 107 108 108 108 108 108 108 108 107 107 107 108 108 107 108 107 107 108 109 109 110 110 109 110 109 110 110 111 111 111 112 113 112 113 113 113 114 114 115 115 115 114 114 114 114 114 113 114 114 114 114 114 115 115 114 115 114 115 115 115 116 116 117 117 116 116 116 116 115 114 114 114 114 113 113 113 112 112 111 112 113 112 113 113 113 113 113 113 113 113 113 112 113 112 112 112 111 112 112 111 112 111 111 111 111 111 111 112 112 112 111 112 112 112 112 112 111 111 112 111 111 110 110
110 111 112 112 112 112 112 112 112 112 112 112 112 112 112 112 112 112 112 112 113 112 113 114 114 114 114 115 115 115 116 116 117 116 117 117 118 118 118 118 118 119 118 119 119 120 120 120 120 119 118 119 119 119 119 119 119 120 120 120 120 121 121 121 121 121 122 122 121 122 121 121 120 120 120 119 119 120 119 119 119 118 118 119 119 120 119 120 119 120 119 119 120 119 119 118 118 119 118 118 118 117 117 117 117 117 117 117 116 116 116 117 117 117 117 117 116 117 117 118 116 116 117 116 116 116 116 116
116 115 116 116 116 117 117 118 117 117 118 118 118 118 118 118 118 117 117 118 117 118 119 120 119 120 120 121 121 121 122 123 123 124 124 124 124 124 125 125 126 125 126 126 126 126 126 126 126 126 126 126 126 126 126 126 126 127 127 128 128 127 128 128 128 128 127 128 128 127 127 127 127 127 126 126 125 126 126 127 126 126 126 126 126 127 127 127 126 125 126 126 126 126 126 126 126 126 124 124 125 124 125 124 123 124 123 123 122 123 123 123 123 124 123 123 123 123 123 122 122 122 123 122 122 123 122 121
122 122 122 123 124 123 124 124 125 125 124 124 124 125 125 125 125 126 125 125 124 125 126 126 126 126 126 127 127 127 129 129 130 130 131 131 132 132 133 133 134 133 132 134 134 134 133 134 133 133 133 133 134 134 134 134 134 134 134 135 135 135 134 135 135 134 135 135 135 135 134 134 134 134 132 134 134 134 134 135 135 135 135 134 133 134 134 134 134 133 133 132 133 133 133 133 133 132 131 131 131 131 131 130 130 131 130 130 130 130 129 130 130 130 130 130 129 129 129 129 129 128 128 129 129 129 128 128
130 130 130 130 131 129 130 130 130 130 130 130 131 131 132 132 132 133 133 132 133 133 133 133 134 134 134 134 134 135 135 135 136 137 137 137 139 140 140 140 140 141 141 140 141 140 141 141 141 140 141 141 139 140 141 141 141 141 142 141 141 141 142 142 142 141 141 140 140 142 141 141 141 141 140 140 140 140 139 140 140 141 141 141 141 141 140 139 139 139 139 138 138 138 138 137 138 138 138 137 137 137 136 136 136 136 136 136 135 136 136 136 136 135 135 135 134 134 134 134 134 134 134 133 133 133 133 132
136 136 136 136 135 135 135 135 136 136 136 137 137 138 138 138 138 139 139 139 140 140 140 140 140 140 140 140 141 140 142 141 141 142 142 142 143 144 144 145 145 146 147 146 146 146 147 146 146 146 147 146 146 145 146 146 146 146 147 146 146 146 145 146 146 146 146 146 145 146 146 146 145 145 144 144 144 145 144 144 144 144 144 144 144 144 143 144 144 142 142 142 142 141 141 141 141 141 141 141 141 141 140 140 140 139 139 139 139 138 139 139 138 138 137 138 137 137 137 136 137 137 137 137 136 136 135 135
139 140 140 140 140 139 139 138 139 139 141 140 140 141 141 141 142 142 142 142 143 143 143 144 144 143 144 144 144 144 144 145 144 144 144 145 145 146 146 146 147 147 147 148 148 148 148 148 149 148 148 148 148 147 148 149 148 148 148 148 148 148 148 148 149 148 148 148 148 148 148 147 148 147 148 148 148 147 147 147 147 147 146 145 145 145 145 145 145 144 144 144 143 143 142 142 143 142 142 142 141 141 141 141 140 140 140 141 142 140 141 139 140 138 138 138 138 138 138 137 137 137 137 137 137 137 135 134
140 140 140 141 141 140 141 140 140 140 141 142 142 142 142 143 143 143 143 143 143 143 144 144 145 145 144 144 144 144 144 144 144 144 143 144 145 145 145 145 146 145 146 147 146 147 146 147 147 147 147 147 146 146 146 147 147 147 147 147 146 147 146 146 147 147 147 146 145 145 146 146 146 146 146 146 145 146 146 145 145 145 145 144 144 143 143 144 142 142 141 141 141 141 141 141 140 140 139 139 139 138 138 139 138 138 138 138 138 138 138 137 137 136 136 136 136 135 136 135 135 134 134 134 134 133 133 132
136 137 137 138 138 138 138 138 138 138 138 139 139 139 139 140 140 141 140 141 140 141 141 141 142 141 141 142 141 140 141 140 141 141 140 140 141 141 141 142 142 142 142 143 142 143 143 143 143 143 142 143 143 142 143 143 143 143 142 141 142 143 142 142 142 143 143 142 142 142 142 142 142 142 142 142 142 141 141 141 141 141 141 140 140 139 139 138 139 138 136 137 137 137 136 137 136 135 135 135 135 134 134 134 134 133 134 134 134 133 133 133 132 132 132 132 132 132 131 130 130 130 130 129 129 129 129 128
132 133 134 133 134 133 133 133 134 134 135 135 135 136 136 136 136 135 136 137 136 136 136 137 137 137 136 137 136 136 136 136 136 136 136 136 137 136 137 137 137 138 138 138 138 138 138 139 139 139 138 139 138 138 139 138 139 139 139 137 138 138 138 138 138 138 138 139 138 137 138 137 138 137 137 136 136 136 137 136 136 137 137 135 135 134 135 134 134 133 132 132 133 133 132 131 132 131 131 130 131 130 130 129 129 129 129 130 129 129 129 128 128 128 127 128 128 127 126 126 125 126 125 125 125 124 125 124
127 128 128 129 129 128 129 129 129 130 131 131 131 131 132 131 132 131 131 132 132 131 131 132 132 133 132 132 132 132 132 132 132 132 132 132 132 132 133 133 133 133 133 134 134 134 134 135 135 133 134 134 134 135 134 134 135 134 134 133 134 134 134 134 133 133 133 133 133 134 133 133 134 133 133 133 133 132 132 132 133 132 132 131 130 130 131 130 129 129 129 129 129 128 128 128 127 127 127 126 127 126 127 126 126 125 126 125 126 125 125 125 125 125 125 124 124 124 123 123 123 122 122 122 122 122 122 121
123 124 124 125 124 125 125 126 126 125 126 126 127 126 127 127 128 128 127 128 128 128 128 128 129 129 128 128 127 128 128 128 128 128 128 128 128 128 128 129 129 129 129 130 129 130 130 131 131 130 131 130 130 130 131 131 131 130 130 130 130 130 129 129 129 129 129 129 130 129 129 129 129 129 129 129 129 129 128 128 128 128 128 128 127 128 127 126 126 126 126 126 125 125 125 124 124 124 124 123 124 123 123 123 122 122 123 122 122 122 122 122 122 122 121 121 121 121 120 120 119 119 119 119 118 119 118 118
119 121 121 120 120 121 121 122 122 122 122 123 123 123 123 123 124 124 123 124 124 124 125 125 125 125 124 125 124 124 124 125 124 125 125 124 124 124 124 125 124 125 125 125 126 125 126 127 126 127 127 127 127 127 128 127 127 127 127 127 126 127 126 126 126 126 126 127 127 127 127 126 127 127 127 128 132 136 145 142 136 130 126 126 126 125 124 124 124 124 123 123 123 122 122 122 122 121 122 121 121 121 121 121 121 120 121 121 120 120 120 119 120 119 119 120 119 119 118 118 118 118 117 118 117 117 116 117
117 118 118 119 119 118 119 119 120 120 120 120 120 121 121 121 121 122 122 121 122 122 122 122 122 122 122 122 122 122 122 122 123 123 122 122 122 123 124 123 123 123 123 123 124 124 124 125 125 125 126 126 126 126 126 126 126 125 125 126 126 126 125 125 125 124 125 126 125 126 126 125 125 127 130 132 139 137 138 138 147 143 135 126 125 125 125 125 124 123 123 123 123 123 123 123 122 122 123 122 122 122 121 121 121 121 121 120 120 120 120 120 120 120 120 120 119 120 119 119 119 119 118 119 118 118 118 118
117 117 117 117 118 118 118 118 119 119 119 120 120 121 121 121 121 120 121 121 121 121 122 121 122 121 122 122 122 122 122 122 123 123 123 123 123 123 123 123 124 124 124 123 124 124 126 127 127 126 126 127 127 127 127 127 127 126 126 126 126 126 127 128 133 133 132 134 131 133 132 129 131 135 129 110 98 98 87 90 98 118 134 135 127 126 126 125 125 125 124 124 124 123 123 123 123 123 123 123 123 123 123 121 121 122 122 122 122 122 121 121 121 121 121 121 121 121 120 120 120 120 119 119 120 119 120 119
116 117 118 118 118 118 118 119 119 120 120 120 121 121 121 121 122 121 121 121 121 121 121 122 122 122 123 123 123 124 124 124 124 124 125 125 124 125 125 125 125 126 126 129 132 135 132 134 135 134 133 131 129 129 132 131 132 135 136 135 136 142 144 150 152 150 148 142 138 138 131 132 128 109 84 81 72 73 66 71 75 88 111 131 130 127 127 127 127 126 125 125 124 124 124 125 125 125 124 124 124 124 123 123 123 123 123 123 123 123 123 123 123 123 124 124 123 122 122 122 121 121 121 121 121 121 121 121
118 119 120 119 120 120 119 120 120 120 121 121 122 122 122 122 122 122 122 123 123 123 123 124 124 124 124 124 125 125 125 125 127 126 127 127 127 127 127 127 127 128 134 142 134 121 116 118 115 113 126 141 145 141 145 144 141 143 145 143 137 134 140 137 132 134 134 134 127 124 116 110 93 78 67 73 74 68 51 52 65 83 99 106 128 129 129 128 128 128 127 127 127 126 126 125 126 126 126 125 125 125 125 125 125 125 125 124 124 125 125 125 124 124 125 124 124 124 123 124 123 122 122 122 122 122 122 123
120 120 121 121 121 122 122 122 122 123 123 123 124 124 123 123 124 124 124 124 125 124 124 125 125 126 126 126 127 126 127 127 128 128 129 129 128 129 129 129 129 131 139 129 101 80 89 92 87 85 81 95 115 128 129 135 127 135 132 127 127 122 122 123 109 110 121 127 117 103 106 97 88 69 67 66 64 49 49 51 67 78 80 98 131 131 130 129 129 129 128 129 128 128 127 127 127 127 127 127 126 127 127 127 126 127 127 126 126 126 126 127 126 126 125 125 126 126 125 125 124 124 124 124 123 123 123 123
121 121 122 123 123 123 123 124 124 124 123 124 125 124 125 124 125 125 125 125 124 126 127 127 127 127 127 127 128 127 128 128 128 130 129 130 129 130 130 131 131 133 131 105 82 77 65 64 71 70 68 67 73 89 104 117 123 124 115 107 112 111 94 95 102 103 99 112 113 93 108 112 105 106 109 76 56 48 51 60 65 75 81 108 132 131 131 131 130 130 130 130 130 129 129 128 128 128 128 128 128 128 128 128 128 128 128 128 128 127 127 127 127 127 127 126 126 126 126 125 125 125 125 124 124 123 124 124
121 122 124 124 123 123 123 124 125 124 124 125 125 125 126 127 126 127 126 126 127 128 128 127 129 128 128 129 129 129 129 130 131 131 131 131 132 132 132 132 132 134 124 103 83 71 61 49 64 71 58 63 71 84 95 95 116 119 116 117 113 112 85 89 119 107 113 106 106 111 115 117 117 111 98 109 102 83 62 56 62 66 85 125 134 133 133 133 132 132 131 131 130 130 130 130 130 129 129 129 129 129 129 129 129 130 129 129 129 129 128 128 129 128 128 127 127 126 127 126 126 126 125 125 125 124 125 125
123 123 124 124 124 124 125 125 126 126 126 127 127 127 128 129 127 128 128 129 128 129 129 129 130 130 130 131 131 131 132 131 132 133 133 132 132 134 134 134 134 135 127 97 84 73 64 54 54 67 76 98 109 102 112 112 120 112 109 116 113 119 108 117 125 109 95 98 105 108 119 120 118 115 104 102 114 127 113 90 65 80 123 134 135 135 134 134 133 133 133 132 131 131 131 131 130 131 130 130 130 130 130 130 130 130 130 131 130 130 130 130 129 130 130 129 128 128 128 127 127 127 127 127 126 126 126 126
123 124 125 125 125 126 126 126 126 126 127 127 128 128 129 129 128 129 129 130 130 130 131 131 131 131 131 132 132 132 132 133 133 134 133 135 135 135 135 134 135 135 135 106 77 68 63 56 59 79 103 105 100 101 108 114 100 99 101 114 109 112 134 131 132 116 117 102 104 114 121 109 100 112 111 114 122 110 113 119 117 103 118 127 133 136 136 135 134 134 134 134 133 133 132 132 132 132 131 131 131 131 131 131 131 131 132 131 131 131 131 131 131 131 130 130 129 129 128 128 128 128 127 127 127 127 127 127
124 125 125 126 125 126 126 127 127 127 128 128 128 129 129 129 130 129 129 130 131 131 131 131 132 133 132 133 134 132 133 133 134 134 134 134 135 135 135 134 135 135 137 133 100 66 58 63 87 117 115 111 106 102 104 101 91 96 125 133 124 127 140 123 120 122 132 117 106 119 120 117 117 96 97 109 122 121 112 114 111 126 133 133 137 137 136 136 136 136 135 135 134 134 134 133 133 133 133 132 132 132 133 132 132 132 133 133 133 132 132 132 132 132 131 132 130 130 130 130 129 129 129 129 128 129 128 129
126 126 126 126 126 127 128 128 128 129 128 129 130 130 130 130 131 130 131 130 131 132 132 132 133 133 133 133 133 134 135 134 135 135 135 135 135 136 137 137 137 136 137 138 129 97 69 86 122 119 111 112 117 105 104 113 109 124 143 147 141 136 127 132 126 110 105 107 103 108 115 111 106 96 97 96 101 113 112 109 113 126 134 134 136 138 138 137 137 137 137 137 136 136 135 136 135 134 134 133 133 133 133 133 133 133 134 133 134 134 135 134 134 133 133 133 132 132 131 131 131 131 131 131 130 130 130 129
126 127 127 128 128 129 129 129 129 130 130 131 130 132 132 131 132 132 132 132 131 132 133 133 134 134 135 134 135 135 136 135 136 136 136 137 136 137 137 137 138 138 138 139 134 125 119 110 111 92 85 97 108 106 102 105 117 135 135 120 112 111 110 113 108 99 103 99 99 96 90 101 112 99 86 84 83 87 89 96 106 118 124 131 137 140 140 139 138 138 137 138 137 137 136 137 136 136 135 134 134 134 133 134 134 134 135 134 135 135 136 135 135 134 134 134 133 133 132 131 132 131 132 131 131 132 131 131
127 129 129 129 129 130 130 131 130 130 131 132 132 132 133 133 132 133 133 133 133 133 133 134 135 135 136 136 136 136 136 137 137 136 137 137 137 138 138 138 138 139 139 140 141 135 137 141 122 101 95 96 94 101 104 103 122 127 116 105 98 100 100 105 106 98 95 95 92 96 98 102 97 90 91 88 86 82 89 100 104 114 118 118 129 134 139 141 139 138 138 138 138 138 137 137 137 136 135 135 134 134 133 133 133 134 135 135 136 135 135 136 136 136 135 134 134 134 133 132 132 132 132 131 132 131 132 132
128 129 130 131 131 131 131 131 131 131 132 132 132 133 134 134 133 133 133 133 133 134 135 134 134 135 135 136 137 137 137 137 138 137 137 138 138 138 139 139 139 140 140 141 141 141 136 127 119 115 103 97 108 101 100 109 109 110 103 99 106 108 97 104 109 105 102 94 94 87 88 78 82 71 79 82 82 83 87 98 98 98 94 107 123 128 136 142 141 139 138 138 138 138 138 137 136 136 135 135 133 134 133 133 133 134 134 134 135 135 135 135 136 136 135 135 134 134 133 133 132 132 132 132 132 131 132 132
128 129 130 130 131 131 131 131 132 132 133 132 133 134 135 134 134 134 134 134 134 134 134 134 135 135 135 136 137 136 137 136 137 138 137 139 138 138 139 139 140 140 140 141 141 142 132 117 107 108 102 104 99 96 86 83 83 75 54 59 77 97 108 126 133 125 129 110 87 69 52 47 52 65 65 63 67 79 84 92 94 87 84 95 106 105 124 141 148 144 140 139 139 139 138 137 136 136 135 135 134 134 134 133 133 134 134 134 135 134 135 134 135 136 136 136 134 135 133 134 133 132 131 132 132 131 132 132
128 129 130 129 131 131 131 132 132 132 132 133 133 133 135 134 135 135 135 135 134 134 135 135 136 135 136 136 137 137 137 138 138 138 139 139 139 139 139 139 140 140 140 141 142 138 117 100 82 89 100 96 91 89 88 78 78 62 51 52 57 88 118 143 142 135 144 131 103 70 54 54 60 68 63 68 75 76 78 82 81 80 77 88 88 91 112 124 134 150 147 140 139 140 139 137 137 137 136 136 134 134 134 134 133 133 134 134 134 134 135 134 135 136 136 135 134 135 134 133 133 132 132 132 132 132 131 132
129 129 130 130 131 131 131 132 132 132 133 133 134 134 135 135 135 134 135 134 135 134 135 136 136 137 136 136 137 137 138 139 138 139 139 139 139 139 139 139 139 139 139 141 143 134 102 90 94 98 96 86 75 80 84 79 78 80 68 67 80 116 136 151 150 146 147 144 118 100 73 68 67 65 66 63 69 75 81 87 85 72 79 91 99 98 103 118 131 141 154 145 140 139 139 138 137 137 136 135 135 134 135 135 134 134 134 134 133 134 134 134 135 135 135 135 135 134 134 134 133 132 132 132 131 131 130 130
129 129 130 130 131 131 130 131 132 131 132 132 133 135 135 135 134 135 135 135 135 134 135 136 136 136 135 136 136 136 137 138 138 139 138 139 139 139 138 139 139 139 140 142 144 118 96 91 84 89 96 85 82 82 79 82 79 78 83 84 108 129 136 151 152 154 157 144 126 115 92 72 64 64 67 66 69 70 71 73 86 79 80 89 90 88 97 112 136 120 135 145 139 138 138 137 137 137 136 136 135 134 135 134 134 134 133 133 133 133 133 134 134 134 135 135 135 134 134 133 133 133 132 132 131 131 131 129
128 129 129 130 130 129 130 130 130 131 131 132 133 133 134 134 134 134 133 133 133 134 135 135 135 135 135 135 136 136 136 137 137 137 138 138 138 138 138 138 139 139 140 143 139 109 90 83 73 76 83 72 87 78 84 71 70 76 76 91 131 131 135 155 159 163 168 144 125 119 112 74 67 65 61 58 65 66 68 63 70 79 77 85 75 87 92 100 107 113 123 143 141 138 138 137 138 136 136 136 135 134 135 134 133 133 133 133 132 133 132 133 133 134 134 134 133 133 134 133 132 132 132 131 130 130 130 129
129 130 129 129 129 130 130 130 130 130 132 131 132 133 134 134 134 133 133 133 133 133 133 134 134 134 134 135 135 135 136 136 137 138 138 138 137 137 137 138 139 139 140 145 136 102 87 78 74 76 74 76 78 72 67 66 68 77 87 103 132 127 142 148 155 159 152 143 132 117 120 92 71 68 64 58 56 66 68 76 72 68 76 73 63 72 84 86 85 97 122 137 140 137 137 136 136 136 135 135 135 134 134 133 133 132 132 132 132 133 132 133 134 133 133 133 132 131 132 131 131 131 130 129 128 128 128 129
129 130 130 130 130 130 130 130 131 130 131 131 132 133 133 134 133 133 132 132 133 133 133 134 134 134 135 135 135 135 136 136 137 138 136 137 137 137 138 138 139 140 141 143 126 101 85 79 78 67 63 71 62 77 73 69 70 79 78 99 128 125 141 142 141 143 145 148 124 109 117 96 69 68 62 59 59 67 74 67 70 69 67 71 68 65 76 79 96 96 113 126 135 137 135 135 136 136 135 134 133 134 133 133 131 132 132 132 133 132 132 132 132 132 132 131 131 130 130 129 129 129 128 128 128 127 126 127
129 130 130 129 129 129 129 130 130 131 127 130 132 132 133 133 133 133 133 133 132 132 130 132 133 134 134 136 136 135 136 137 137 138 137 137 137 138 137 138 139 140 142 144 121 92 92 79 71 66 66 65 74 82 70 66 66 68 69 84 117 111 121 109 102 111 101 104 112 102 108 93 72 71 68 66 67 59 66 72 60 64 66 71 65 71 72 67 80 94 108 124 137 137 135 135 134 134 134 133 133 132 133 132 132 131 131 132 131 132 132 132 132 132 131 131 130 130 129 128 128 127 127 127 126 127 126 125
129 130 129 130 129 130 130 130 130 131 117 132 133 133 134 134 134 133 133 132 131 133 129 131 135 135 136 137 136 137 138 138 138 138 137 137 137 139 139 139 140 140 143 140 113 104 85 81 72 70 62 75 77 84 70 65 66 74 72 74 112 109 96 48 48 48 46 45 72 100 100 106 83 73 71 68 61 57 55 63 55 47 61 67 59 78 73 72 77 98 112 122 135 135 135 134 134 133 132 133 132 132 132 131 131 131 131 131 131 132 132 132 133 132 131 131 130 129 129 129 127 127 126 127 127 127 126 126
130 131 130 131 131 131 131 132 133 125 117 135 135 135 135 135 135 135 135 134 134 135 136 135 136 137 138 138 138 138 139 140 139 138 139 139 138 139 140 140 140 141 140 132 115 102 86 86 80 74 64 69 77 59 54 69 73 70 67 78 109 99 79 51 46 40 42 48 48 79 89 97 73 63 55 61 60 63 54 62 48 47 58 58 59 76 68 73 79 101 122 130 135 135 134 134 134 133 132 133 132 131 131 131 131 130 130 130 132 132 132 132 132 131 131 131 130 129 129 128 127 126 127 126 127 126 126 126
131 132 132 132 133 132 133 134 136 119 130 136 135 136 135 136 136 137 137 137 137 136 138 138 138 139 139 140 140 140 140 140 141 140 140 140 140 140 141 141 141 141 142 133 105 103 90 86 78 72 59 58 59 49 68 69 69 57 64 77 95 90 87 83 49 48 48 50 59 74 86 84 69 65 54 47 62 63 49 44 40 51 65 62 66 62 65 68 79 103 126 134 134 134 135 135 134 134 132 132 132 130 131 130 130 130 130 130 130 131 130 131 131 130 130 130 129 128 128 127 127 127 127 126 125 126 125 125
131 132 132 133 133 133 133 135 138 116 135 136 136 136 136 137 137 137 138 138 138 139 140 140 140 140 140 140 140 141 141 141 141 141 141 142 142 142 142 142 142 142 143 137 111 94 91 84 76 66 56 71 57 46 58 63 60 59 67 68 72 90 78 68 53 47 46 60 78 77 77 65 58 51 59 47 56 61 51 40 36 46 60 62 61 52 61 65 76 101 122 131 135 135 134 134 134 133 133 131 131 130 130 130 129 129 128 129 128 129 128 128 129 129 128 127 127 127 127 126 126 125 125 125 124 124 124 124
132 133 133 133 134 134 134 135 132 126 135 134 135 135 136 136 137 137 139 138 139 138 139 140 140 133 140 140 140 140 140 140 141 141 141 141 142 142 142 143 144 141 140 133 107 110 92 79 81 69 68 67 50 39 55 46 56 46 59 59 59 53 53 62 58 55 67 66 66 61 48 43 48 47 50 58 46 54 51 50 46 47 51 66 60 59 61 61 73 95 117 128 133 134 133 133 133 132 131 130 130 129 130 129 128 128 128 127 127 127 126 126 126 126 126 126 125 124 124 124 124 123 123 123 123 122 121 121
131 133 133 133 133 134 133 133 123 128 134 133 134 134 134 135 136 137 138 138 138 133 137 139 140 130 135 139 138 138 138 138 138 138 138 138 140 141 141 141 141 142 141 125 107 103 93 75 76 71 66 60 53 52 58 40 41 38 40 54 52 48 40 41 43 42 39 41 40 40 39 41 51 52 46 45 54 50 45 54 56 56 52 56 61 63 68 60 80 98 112 127 133 133 133 133 132 131 130 129 129 129 128 127 127 126 126 126 126 125 124 127 127 123 123 123 122 123 122 122 121 121 120 121 120 120 119 119
131 132 132 132 132 132 132 128 116 128 132 132 132 133 133 135 135 135 136 137 137 129 135 138 137 132 127 136 137 136 135 134 135 135 135 135 136 137 138 139 141 139 136 123 108 97 80 66 62 62 60 68 65 58 51 50 48 38 40 45 43 87 58 37 37 36 37 37 37 40 43 44 47 49 52 47 48 51 48 52 49 55 56 47 51 55 62 63 75 95 112 126 133 133 132 131 130 129 128 128 127 127 126 126 125 126 125 125 125 124 124 126 125 122 122 122 121 121 121 119 119 118 118 119 118 117 117 117
131 131 132 131 131 131 131 123 123 133 132 132 131 133 135 134 134 134 135 135 135 126 131 135 135 134 124 134 134 134 132 132 132 133 132 133 133 135 137 139 144 143 132 127 118 99 78 62 51 48 56 64 66 54 53 52 57 56 54 51 39 106 83 39 41 40 40 44 42 42 46 46 39 51 54 59 45 40 60 51 52 54 51 51 50 53 53 61 69 74 89 110 123 126 128 130 129 128 127 126 127 126 125 125 125 126 125 125 124 124 124 125 125 123 123 122 122 121 120 119 118 118 117 119 118 117 117 117
130 130 132 131 131 131 130 124 130 128 130 131 131 133 137 133 133 133 133 133 133 127 129 133 132 133 124 130 133 132 131 130 130 131 131 130 133 133 134 137 139 143 137 128 110 95 82 65 61 58 52 48 52 50 54 61 56 56 54 53 42 108 95 41 41 42 40 47 46 41 48 43 39 48 58 62 59 39 48 59 54 43 40 49 50 47 53 57 61 69 77 81 103 125 129 129 128 128 126 126 127 126 125 126 125 125 125 125 126 125 124 129 127 124 125 124 122 122 121 123 138 120 119 119 125 121 118 118
129 130 130 130 131 130 128 122 131 128 131 131 132 133 136 132 132 132 131 131 131 126 126 131 130 132 126 125 132 131 130 130 130 130 130 130 132 136 141 149 149 137 126 128 109 94 79 71 70 65 57 53 56 53 53 52 47 50 52 45 43 102 99 44 42 44 39 44 48 39 48 40 41 45 55 56 57 57 39 49 62 52 40 40 41 47 51 56 65 72 82 84 85 108 127 128 128 128 128 128 127 127 127 127 126 126 126 127 126 127 127 127 127 126 126 125 124 123 121 136 157 122 120 121 123 119 120 120
127 128 129 130 130 130 129 129 131 124 130 132 132 134 136 133 130 131 129 129 129 125 123 129 130 131 128 122 131 131 130 131 131 130 131 132 134 139 148 155 141 121 127 126 100 85 72 75 74 64 66 65 53 62 58 50 48 45 38 38 39 96 94 39 39 41 42 42 40 42 43 42 40 40 49 48 53 59 50 39 50 57 48 46 42 44 51 54 57 69 78 84 85 107 119 130 129 129 129 128 129 128 129 129 128 128 128 129 128 128 129 130 130 128 128 127 126 126 122 143 156 124 122 123 123 122 122 122
126 126 128 129 128 128 127 131 130 132 130 131 131 134 135 132 129 128 128 127 127 127 123 129 129 129 131 125 131 131 131 131 131 131 132 134 137 139 150 152 131 134 140 125 103 87 75 82 72 67 81 91 66 55 52 54 47 42 47 43 42 89 91 39 46 36 37 34 37 42 40 45 43 35 37 42 53 56 58 44 44 52 44 40 39 43 49 53 59 63 71 84 89 107 123 128 131 131 131 131 131 131 131 131 131 138 136 131 131 131 132 131 125 128 130 130 129 128 126 154 151 124 125 121 119 123 125 125
126 126 127 128 128 127 126 129 128 131 132 130 132 134 133 130 129 128 127 127 127 126 123 129 129 130 131 128 131 132 132 131 132 132 133 137 142 148 156 150 149 147 149 120 100 92 86 85 72 77 88 104 97 72 64 54 55 59 54 51 48 89 96 54 60 41 37 34 34 40 43 48 43 40 35 41 41 45 56 56 42 43 42 39 39 43 49 48 57 67 68 74 85 90 117 132 134 133 133 133 133 133 133 135 135 139 143 134 134 133 132 132 128 129 132 133 132 130 130 157 143 127 127 122 120 125 127 127
126 128 127 129 129 127 125 128 128 131 133 130 132 137 132 129 130 128 127 127 128 127 124 130 131 132 131 129 130 133 132 132 133 134 139 148 161 159 159 160 155 154 135 112 101 93 89 80 84 90 86 95 113 94 62 64 72 69 55 49 61 94 99 69 67 52 43 38 34 36 42 50 44 43 36 41 43 39 49 57 45 36 38 42 44 44 48 51 56 63 71 74 80 84 101 130 135 135 135 135 135 135 136 137 137 136 143 140 135 134 134 133 128 129 134 134 134 132 135 157 139 129 130 127 118 124 129 130
128 129 130 129 129 125 125 128 128 132 134 131 133 133 131 130 131 129 128 128 129 128 122 130 132 132 131 134 134 133 133 134 135 141 154 165 161 160 160 157 141 130 117 96 105 96 90 89 85 90 74 85 108 107 79 81 71 53 50 64 65 84 103 77 64 54 48 45 40 35 37 45 42 43 44 42 49 43 44 45 41 34 38 43 48 45 54 57 56 58 60 72 80 82 86 119 137 136 135 136 136 136 137 137 137 139 147 145 136 135 134 132 129 130 133 133 134 133 139 154 135 131 132 132 119 125 133 130
129 130 130 131 130 128 128 129 128 132 136 133 135 131 131 130 131 130 129 130 130 131 124 131 134 133 133 135 136 133 135 135 143 156 165 163 155 156 150 138 119 110 98 102 108 93 89 85 83 82 77 79 91 108 96 71 58 59 70 70 68 85 99 79 63 57 51 47 46 41 34 33 39 40 44 46 51 48 43 39 38 37 40 44 50 51 43 62 70 68 62 66 73 78 81 91 123 138 137 136 136 135 137 137 137 137 148 147 135 133 132 132 129 128 132 133 133 133 139 147 134 133 133 133 122 126 132 132
129 130 131 132 131 131 130 129 129 133 137 133 134 131 130 130 132 132 131 132 131 132 124 130 134 134 134 134 136 134 136 144 158 169 159 150 155 144 123 134 111 92 91 107 99 87 86 84 85 85 78 75 72 99 98 71 63 65 71 70 62 71 95 82 61 57 53 53 47 43 39 34 37 41 37 38 49 50 42 40 43 45 43 51 47 53 55 44 60 66 67 70 79 74 80 85 107 128 136 136 135 134 136 136 136 136 145 143 133 132 132 131 129 128 133 134 133 133 140 141 134 134 134 132 126 126 132 133
131 131 131 131 130 129 129 130 131 135 138 132 135 133 130 130 134 133 133 133 132 131 130 133 135 135 134 134 134 136 140 158 174 163 144 150 159 143 127 126 99 100 106 100 86 94 86 85 79 73 83 62 69 81 101 90 59 67 65 62 52 75 98 86 59 57 54 53 50 42 41 38 42 39 38 51 51 47 55 47 50 50 48 52 54 49 52 56 48 61 62 66 74 77 79 84 103 122 133 135 135 134 135 135 134 134 143 139 134 131 131 131 131 129 132 133 133 133 138 135 134 135 134 131 128 127 131 134
130 130 129 130 129 127 129 130 131 134 136 129 136 133 133 133 135 135 134 134 133 130 137 137 135 135 135 135 140 148 165 175 162 142 139 145 149 133 112 110 105 104 100 87 86 88 83 89 73 67 79 63 73 72 90 100 71 68 61 52 66 87 112 91 71 64 51 52 53 46 41 42 44 43 41 84 78 49 50 58 54 55 52 54 57 64 59 60 57 50 66 62 70 76 87 89 94 111 130 133 132 133 134 134 132 134 138 138 135 131 133 132 133 131 132 132 132 133 138 135 136 136 133 132 131 127 131 132
131 130 129 130 129 127 129 129 131 134 135 125 134 132 133 136 136 136 134 134 134 131 133 137 136 136 135 136 140 157 172 160 143 123 128 144 141 117 112 106 100 94 93 82 87 81 96 86 75 78 65 64 69 87 91 95 88 70 56 58 72 91 118 98 82 68 52 64 79 52 48 48 46 44 46 93 96 56 52 57 52 52 59 61 67 63 73 63 60 56 58 70 67 69 80 94 94 94 121 133 132 132 132 131 130 134 134 136 136 132 133 133 133 134 132 131 132 134 137 134 135 134 132 129 132 134 131 132
132 133 131 130 130 129 129 128 130 133 130 125 131 131 134 135 133 135 135 135 135 134 130 136 135 136 137 144 152 162 150 139 130 122 136 137 113 106 102 99 91 86 89 87 79 92 95 76 67 72 59 75 75 105 91 73 91 73 55 64 67 87 116 102 89 68 58 82 98 51 52 64 55 43 45 86 101 63 50 57 55 53 65 68 60 68 66 66 58 58 54 63 72 74 65 72 95 99 99 123 131 130 131 129 128 135 131 134 135 132 133 133 131 137 134 132 133 134 132 132 132 131 130 128 131 135 131 128
132 133 132 130 131 131 129 128 130 132 127 128 130 130 133 136 131 134 135 135 135 135 129 134 142 150 159 161 155 144 136 137 121 119 129 117 103 98 94 92 82 84 81 76 88 88 89 57 65 75 66 73 83 113 81 57 86 84 57 57 59 85 117 94 91 77 58 93 102 51 45 54 71 49 41 84 98 67 41 51 66 56 59 63 61 61 68 64 53 55 64 64 69 79 72 65 83 107 126 114 126 128 130 129 129 132 130 131 133 131 134 134 128 132 134 133 132 131 128 130 130 131 129 127 129 133 131 130
134 135 134 134 132 133 132 130 130 131 126 131 130 131 136 141 131 131 133 134 134 135 131 135 145 150 150 144 139 133 123 119 117 127 115 102 98 92 83 72 69 82 83 81 82 75 71 57 78 77 63 68 85 112 76 52 73 86 64 53 62 87 110 92 91 77 56 87 103 50 45 40 56 69 46 85 101 73 49 44 56 58 56 62 65 61 65 64 59 63 60 67 59 74 75 69 77 108 127 134 120 117 127 131 130 133 131 131 136 133 133 134 128 129 134 132 132 129 125 132 133 133 129 128 129 131 130 129
135 136 134 135 135 134 133 131 130 131 133 131 128 132 136 140 132 131 132 131 133 134 129 129 139 134 129 129 130 128 117 123 123 104 95 98 97 80 64 85 90 85 83 76 74 67 69 68 78 62 59 65 94 107 72 52 57 80 76 56 62 86 108 88 89 72 51 86 104 52 47 41 42 58 67 73 96 72 64 47 45 55 57 56 58 61 60 60 67 73 70 66 59 71 75 73 68 87 123 130 124 117 127 132 132 138 135 132 136 134 133 135 129 128 134 133 132 128 127 132 132 133 128 127 129 129 128 127
134 133 133 134 136 135 134 132 132 131 128 126 124 134 138 139 133 133 132 132 132 134 130 131 138 129 127 127 119 127 118 121 101 86 88 88 75 61 83 94 94 88 84 83 63 67 53 68 70 51 65 62 99 93 63 57 58 66 84 69 55 92 104 91 91 79 56 89 100 54 46 43 44 41 72 88 97 73 66 57 55 55 58 54 68 65 65 67 77 80 78 80 67 60 73 72 66 67 103 133 131 124 127 132 133 138 135 133 136 136 134 136 130 128 133 134 134 130 130 131 129 127 125 125 123 126 122 125
132 132 131 131 134 133 133 132 131 129 130 130 123 125 134 139 133 132 132 131 132 137 130 128 131 123 119 122 117 127 113 101 79 78 79 79 72 84 87 86 95 86 87 79 69 53 55 65 60 53 58 65 101 76 55 57 58 58 81 85 56 93 101 95 96 85 63 80 92 50 46 45 43 42 44 94 109 75 53 66 57 56 57 58 92 75 73 69 90 89 85 77 74 58 67 67 64 69 82 119 131 124 127 132 132 140 135 135 138 140 134 135 131 128 133 132 132 135 132 127 127 125 122 124 119 128 126 124
127 128 128 129 131 129 131 130 128 126 128 133 137 127 123 130 130 130 131 133 137 139 133 127 122 117 114 113 112 125 98 80 74 69 82 81 71 71 77 87 99 87 72 80 66 58 63 53 55 53 51 71 95 60 51 54 57 56 72 91 79 99 99 95 97 89 69 74 88 52 53 46 42 48 43 67 112 82 47 71 58 63 63 66 103 80 76 74 93 95 90 68 66 55 64 71 61 70 82 105 122 123 126 130 132 141 134 135 135 139 135 134 130 124 131 132 130 133 128 125 125 125 123 121 116 127 125 129
125 125 125 129 129 127 128 125 123 123 125 129 134 130 131 127 115 123 129 130 134 137 133 128 121 115 114 118 112 113 81 79 76 78 89 61 64 76 83 90 97 80 74 71 68 57 53 55 54 57 51 78 80 51 60 52 58 54 64 87 90 103 92 90 95 90 70 69 79 55 53 52 43 50 49 70 108 109 59 66 72 63 59 66 108 87 71 80 94 99 93 66 53 67 61 59 61 64 74 99 120 123 127 130 132 138 131 133 132 137 133 133 128 123 131 132 131 133 127 125 124 125 125 123 112 124 127 127
123 122 124 126 128 125 123 122 119 120 122 125 130 125 128 133 122 117 118 130 140 137 127 122 118 110 109 118 105 105 78 77 82 81 79 67 72 72 83 89 92 83 76 66 69 56 54 48 50 55 61 77 69 52 58 48 52 63 65 86 94 108 84 90 91 90 71 69 82 60 57 63 47 47 47 54 87 92 86 58 79 59 56 62 107 89 64 79 91 98 89 69 49 51 65 65 77 65 81 94 106 124 126 130 129 131 128 129 132 135 129 132 130 123 129 134 133 133 128 128 126 125 126 127 115 119 129 129
122 121 122 123 128 125 123 121 120 120 122 125 132 127 130 135 124 125 125 121 129 131 124 120 113 106 106 104 88 105 77 76 76 77 88 73 63 74 78 87 91 80 75 69 64 64 52 51 53 55 63 82 65 56 60 53 65 71 76 85 97 112 78 90 90 90 77 71 77 51 69 57 52 45 48 52 80 72 89 78 76 64 57 57 104 90 58 75 90 93 84 66 49 54 63 82 62 61 66 105 124 123 126 127 125 128 124 125 129 135 127 129 130 121 128 135 136 133 129 123 119 123 123 125 116 121 126 127
125 123 120 123 129 128 127 125 125 125 126 128 133 130 132 137 124 127 132 130 124 119 119 114 110 102 104 99 86 104 83 73 67 78 82 61 66 68 85 88 95 80 72 76 69 78 66 63 58 49 56 76 64 66 72 62 69 83 84 77 94 108 79 95 91 89 77 74 75 56 75 56 55 60 50 57 78 67 73 94 83 79 54 55 101 94 61 82 94 90 79 67 58 51 71 86 64 65 67 74 117 129 128 123 122 128 123 123 127 136 125 126 126 121 128 133 135 132 129 123 117 120 120 119 127 123 124 120
126 126 120 124 130 130 129 128 127 126 127 131 133 129 132 138 124 126 126 122 120 118 111 111 105 95 96 90 87 108 88 74 68 72 81 70 64 76 85 89 99 81 74 78 82 87 77 72 66 50 61 73 62 70 72 70 78 92 85 75 87 105 79 98 93 91 78 65 76 69 84 60 58 65 67 63 78 70 69 77 82 90 55 65 105 94 58 79 96 89 83 58 53 61 70 67 70 57 70 68 95 130 131 128 123 126 121 118 125 134 123 122 122 121 125 130 133 131 126 122 120 118 121 117 127 125 122 120
122 125 122 126 129 129 128 126 127 126 126 131 132 127 129 137 130 123 119 118 115 121 116 104 97 100 98 97 78 99 94 75 75 82 82 60 69 84 88 90 100 84 77 82 95 89 86 79 69 52 70 69 56 66 67 67 85 102 89 81 84 109 80 97 91 89 88 62 79 94 108 74 56 57 65 81 89 65 69 77 66 95 77 70 94 89 67 86 98 89 86 64 58 79 63 55 69 52 70 74 92 119 132 128 121 123 121 116 125 131 123 121 122 125 128 132 135 134 126 122 123 121 121 119 117 121 124 123
120 121 117 121 128 125 122 123 123 125 125 131 130 125 128 131 127 124 117 116 112 119 118 104 95 97 105 96 81 105 92 91 72 71 95 82 74 79 89 91 97 85 83 85 99 88 92 78 61 45 74 63 54 65 63 73 91 100 94 95 92 114 87 92 88 90 97 72 84 111 110 74 63 63 64 73 100 83 77 73 67 74 94 80 90 94 81 100 108 99 78 61 69 81 69 54 83 62 71 77 95 117 125 124 116 120 118 115 126 134 124 120 119 126 126 132 134 135 130 125 124 123 126 124 118 116 120 120
118 119 112 109 125 123 120 121 120 122 125 130 127 125 128 127 123 125 119 113 110 113 117 105 99 91 107 94 86 113 92 106 105 98 110 89 89 87 83 86 95 89 92 96 103 89 94 84 59 49 78 60 58 65 53 81 92 102 96 112 103 109 90 94 81 79 97 80 96 115 109 75 67 62 60 67 87 88 90 92 73 64 91 75 102 100 87 108 112 101 74 61 82 60 73 77 93 75 72 80 84 110 123 125 121 119 116 112 125 134 126 123 121 122 120 128 132 130 129 124 126 122 125 118 121 114 115 118
117 119 113 119 125 124 121 120 118 121 125 132 125 123 124 125 120 120 121 117 111 112 117 106 111 102 109 103 89 112 84 97 123 99 100 85 72 79 93 95 99 90 95 104 105 93 90 84 66 60 80 61 63 66 56 83 82 98 94 115 109 101 99 103 70 73 93 92 104 110 108 73 73 67 59 69 86 74 72 105 104 72 85 79 91 113 96 108 110 100 71 75 77 55 66 55 83 90 81 79 81 97 120 129 120 118 115 112 117 130 125 125 123 121 116 126 128 127 122 122 123 123 116 117 126 118 112 115
119 121 118 121 124 120 124 120 115 125 130 131 127 123 124 124 121 119 120 121 115 115 121 118 107 105 111 115 96 110 96 94 111 121 104 86 58 70 89 102 107 103 99 113 107 93 88 88 73 69 81 62 66 68 70 79 79 95 91 112 110 107 114 102 80 79 83 103 104 110 101 57 54 62 67 91 101 79 62 84 96 102 92 103 104 110 100 114 107 93 78 86 60 61 74 65 71 72 80 88 83 99 115 123 115 115 115 113 121 128 120 119 123 122 118 127 129 124 118 115 123 119 107 119 121 121 117 106
116 122 119 119 122 114 123 119 115 120 128 133 124 122 123 124 119 120 119 121 112 107 119 115 116 111 110 103 110 116 88 94 107 119 99 99 77 75 76 105 104 107 115 115 112 97 92 99 78 78 82 69 71 73 78 67 82 90 95 110 114 114 120 101 80 73 72 105 105 107 93 75 61 64 67 75 98 82 84 95 73 91 111 106 112 109 98 113 115 104 97 79 70 80 83 67 78 82 82 76 84 105 108 116 116 118 118 111 119 126 119 119 119 121 117 129 129 121 120 113 120 115 109 120 117 117 115 103
113 113 119 120 120 112 123 114 113 114 122 132 118 118 121 123 116 119 118 118 111 107 115 114 108 110 118 98 106 120 99 99 119 124 111 98 83 86 85 114 108 98 114 121 115 102 92 107 82 87 90 90 75 89 87 76 87 96 108 113 117 112 123 97 77 75 75 94 108 109 81 86 63 64 83 71 89 66 56 99 84 81 92 106 105 99 103 108 104 108 107 96 89 93 93 77 80 84 85 85 86 95 107 115 117 117 116 112 115 125 119 124 118 118 114 128 128 126 119 110 114 119 120 123 120 116 109 106
113 109 116 122 118 117 120 115 120 116 116 128 118 116 121 124 115 121 117 117 112 102 105 115 112 107 115 127 106 112 97 112 109 123 118 97 107 94 91 115 109 107 111 122 117 111 100 110 81 91 97 100 83 105 104 96 110 105 109 109 116 116 126 107 79 72 74 85 107 111 80 95 69 65 86 83 96 78 54 84 84 84 83 103 110 100 115 109 105 107 96 108 116 111 102 92 95 91 84 89 87 91 104 116 118 120 113 111 119 127 122 117 125 126 119 130 123 127 120 110 108 117 134 129 118 122 120 113
113 106 112 118 120 117 119 114 121 119 112 122 118 115 118 120 114 119 123 116 116 111 107 110 113 106 111 116 108 105 106 114 108 119 118 106 97 105 84 106 110 119 123 125 116 114 110 116 103 112 103 107 105 107 101 108 115 103 106 109 107 112 115 113 90 71 83 88 114 104 81 98 76 67 81 89 105 97 64 86 103 70 73 88 104 108 120 113 118 105 83 100 119 125 116 90 91 95 92 93 77 87 109 117 119 119 115 117 127 117 116 116 116 127 120 123 120 128 121 113 111 107 118 125 116 119 123 115
112 101 108 114 116 116 104 113 105 120 111 121 112 117 114 117 113 118 122 119 117 117 116 111 113 109 109 100 95 110 112 108 108 120 109 110 102 105 97 100 99 108 121 122 122 111 116 107 96 104 105 105 111 113 109 107 111 109 110 112 108 111 115 110 102 82 83 88 120 112 100 108 85 77 86 89 110 109 70 98 101 61 82 88 102 118 121 120 121 110 85 101 109 114 121 105 97 93 104 104 91 95 113 119 116 119 118 116 129 116 101 121 116 114 128 132 118 119 122 120 113 105 108 113 115 122 125 116
111 100 103 112 116 120 107 107 105 116 117 126 117 119 117 115 115 114 121 115 115 112 114 112 109 106 112 108 114 111 109 110 104 113 112 97 108 103 103 109 98 106 120 120 124 109 113 106 86 102 98 103 111 112 110 103 106 112 120 122 118 108 112 118 103 104 106 106 121 116 110 114 103 79 88 105 122 103 84 107 101 70 99 94 105 120 113 122 119 119 98 112 106 113 109 118 110 106 107 103 110 109 117 123 117 116 113 114 126 121 104 99 111 114 123 131 118 117 117 112 108 107 113 102 103 114 119 115
105 114 108 110 115 116 119 107 112 121 107 117 117 122 116 113 113 116 119 116 111 109 106 109 108 107 109 103 114 117 107 106 105 102 110 92 110 109 100 103 105 112 119 116 117 111 106 110 97 111 109 108 116 114 114 113 104 101 114 129 122 110 112 120 108 102 105 112 123 118 112 109 104 105 98 101 123 101 96 94 101 89 99 95 102 117 107 117 120 127 115 109 113 120 111 115 123 114 108 111 101 105 115 112 114 116 119 122 127 112 101 93 93 110 120 116 116 113 110 110 103 108 117 118 105 106 113 111
103 109 109 113 120 112 103 99 95 109 112 113 117 121 120 111 108 118 119 119 114 109 103 104 108 112 105 98 115 118 109 103 107 105 108 107 103 113 101 104 105 110 118 117 116 121 104 105 109 116 118 114 119 114 117 110 109 115 113 123 127 104 112 125 117 103 106 115 122 118 116 118 106 102 105 113 121 109 100 100 114 107 110 106 107 124 114 116 121 115 110 113 121 118 115 110 110 115 113 111 110 112 114 111 109 109 115 118 128 118 113 111 104 109 126 119 113 119 116 108 107 107 104 110 107 103 111 104
99 106 108 113 107 111 102 111 107 91 115 126 123 118 121 124 118 111 116 117 115 103 101 107 114 112 114 112 120 113 110 106 105 104 105 105 103 110 115 112 100 103 111 114 113 107 98 100 109 120 114 112 119 119 110 112 112 116 123 118 118 106 109 123 109 103 112 122 120 117 116 122 109 105 113 124 129 111 107 106 107 106 114 108 105 121 119 113 113 110 105 114 114 119 120 117 115 113 119 109 106 105 110 115 109 113 112 114 124 117 122 117 108 96 114 112 105 111 111 109 103 98 99 102 106 107 104 102
101 102 105 108 110 113 106 105 104 101 112 126 121 120 117 120 120 110 111 116 110 106 109 102 111 115 115 103 112 119 118 111 107 106 105 102 108 108 122 108 100 113 108 110 108 110 96 98 112 129 116 109 111 114 114 115 118 115 121 122 110 110 109 118 114 119 117 117 120 115 111 122 115 113 109 117 126 119 110 103 104 107 113 101 109 120 119 115 108 100 93 104 105 112 120 119 116 110 112 111 104 105 112 112 109 108 113 116 118 103 105 110 108 91 111 103 103 107 109 112 106 93 98 100 99 104 101 104
104 102 97 94 103 105 104 100 105 111 108 113 121 117 114 113 111 111 113 117 109 108 116 110 111 107 114 115 96 103 120 120 111 110 108 103 99 106 117 117 108 112 107 109 105 107 107 104 114 125 115 110 107 106 109 113 115 115 115 112 106 106 108 116 115 114 109 117 117 112 100 107 111 111 107 120 125 105 102 111 119 119 117 106 110 119 118 115 109 100 90 94 111 117 117 115 109 101 104 109 114 107 100 110 111 104 106 117 120 103 94 101 95 99 112 103 109 106 108 106 97 96 104 106 101 105 106 103
104 104 94 88 108 103 90 91 102 110 112 107 117 115 112 112 112 108 114 117 115 105 111 116 118 111 104 113 101 108 118 119 119 112 110 104 99 108 119 128 109 106 103 108 110 111 110 112 112 120 113 105 103 107 111 108 112 102 109 108 100 105 116 121 117 117 108 119 123 113 105 101 108 114 115 126 119 98 104 103 112 109 109 109 107 112 115 112 111 110 102 96 104 118 121 116 111 101 101 108 116 108 110 116 113 117 110 121 112 106 100 100 92 105 111 98 107 104 103 98 96 95 92 105 104 94 100 102
104 106 99 93 94 96 95 102 99 107 117 115 120 121 115 109 110 109 117 114 115 109 106 106 106 112 108 104 96 99 116 106 112 114 112 106 99 97 117 127 121 113 103 109 111 112 112 96 102 119 112 103 103 105 112 110 112 109 104 101 101 102 109 124 107 95 107 124 123 107 101 93 98 108 112 120 108 101 107 101 104 109 108 103 110 111 108 114 116 111 106 103 101 115 119 120 121 113 97 96 103 106 110 111 110 120 120 112 107 106 107 110 98 103 112 97 97 104 102 94 91 93 94 102 105 99 97 93
101 105 110 111 97 93 89 100 99 102 116 114 117 118 114 108 108 114 113 113 112 103 102 109 102 104 109 106 103 90 102 103 105 106 104 100 98 100 111 119 126 123 114 109 107 116 103 96 100 114 114 108 103 101 108 113 105 108 106 102 101 99 101 114 114 96 108 115 116 108 102 103 100 100 105 117 107 94 93 102 107 106 112 113 97 100 104 116 122 117 107 105 104 108 119 117 117 119 114 106 100 102 112 110 109 113 120 117 104 106 108 109 100 110 114 102 100 104 103 95 89 90 94 98 106 102 100 95
106 99 101 119 119 103 96 93 96 97 111 108 112 119 116 112 112 114 115 111 111 102 101 107 104 96 95 106 109 104 103 105 109 103 97 102 99 98 107 114 115 121 115 111 105 112 95 94 115 124 112 108 110 104 110 116 113 111 109 101 102 107 106 116 107 99 108 114 122 101 100 98 95 102 110 117 105 93 95 101 108 109 111 104 98 104 101 114 121 117 108 100 109 108 116 116 104 92 98 117 111 99 111 110 109 116 119 117 105 106 112 112 108 118 114 102 110 108 105 104 101 94 89 94 107 103 97 97
99 100 97 101 114 112 103 90 100 92 101 105 109 116 115 114 109 114 119 113 111 107 104 101 103 99 93 115 105 106 108 106 103 97 96 100 111 103 106 111 115 126 116 111 110 109 109 104 114 120 111 112 110 109 115 108 117 111 102 111 108 98 101 112 106 104 109 111 118 101 96 93 89 105 109 116 104 97 105 99 110 112 98 98 101 109 104 111 120 116 108 98 109 118 113 113 105 89 87 100 114 109 109 110 111 119 123 116 104 98 112 118 111 119 119 109 111 112 113 104 102 99 99 99 100 104 91 95
98 100 98 105 144 170 173 155 125 98 103 107 108 116 118 117 113 112 110 123 123 113 106 102 105 114 115 125 105 103 108 109 111 98 94 90 99 114 111 101 112 128 118 112 113 110 118 120 114 116 100 106 113 117 117 118 116 102 95 106 109 100 101 117 106 104 104 112 118 98 101 97 98 106 104 116 111 98 106 100 95 102 91 91 94 103 105 107 117 119 120 114 112 115 115 117 108 93 100 102 95 109 114 108 112 118 127 111 99 97 101 108 116 112 98 101 112 111 108 102 96 90 101 95 89 96 97 102
56 70 74 77 90 113 124 123 100 87 91 86 89 93 97 99 90 84 86 99 104 98 93 88 87 97 104 99 92 94 90 94 97 86 81 85 86 89 102 104 95 98 108 106 100 92 102 108 110 107 98 101 107 99 104 108 110 97 93 114 100 104 102 109 102 94 89 104 113 93 92 96 98 94 99 109 100 87 85 87 92 91 84 88 92 95 106 102 110 111 108 100 104 106 112 111 100 97 101 97 88 82 99 105 105 108 117 104 89 86 99 104 108 118 101 96 103 102 100 97 96 85 92 82 78 86 83 68
30 31 33 35 36 37 37 37 37 38 37 35 36 37 38 38 35 36 37 37 37 38 38 39 38 39 37 37 38 38 37 38 38 37 35 36 37 37 38 40 41 40 43 42 41 41 42 42 41 42 44 43 44 41 44 43 44 43 41 45 43 45 43 43 44 42 41 43 45 44 43 42 40 42 44 45 43 40 37 38 40 40 39 41 43 44 46 47 48 49 49 46 48 48 47 47 45 42 44 45 42 40 44 47 49 47 48 45 45 43 48 48 47 49 50 49 48 46 45 44 43 43 40 37 36 36 33 29
