249 255 255 204 236 255 251 249 248 218 175 156 142 126 189 244 252 252 254 254 250 250 254 254 254 255 255 255 255 255 255 255 255 255 255 255 255 255 253 253 254 255 174 108 105 119 152 172 138 119 140 139 163 155 162 214 241 251 255 254 254 255 246 148 167 186 203 200 198 195 227 249 254 254 248 253 255 255 252 253 253 254 255 252 241 222 225 245 199 162 147 150 165 168 142 136 164 149 125 126 134 95 94 114 138 156 155 163 79 63 56 70 69 61 69 86 87 132 128 94 70 70 56 83 41 57 63 66
255 252 214 142 202 252 228 201 185 171 159 157 148 220 255 253 253 255 254 254 253 253 246 246 254 255 255 255 255 255 255 255 255 255 255 255 255 255 227 242 255 255 211 116 108 130 153 161 137 114 123 148 155 169 152 184 247 247 253 251 242 255 225 165 177 193 205 202 201 212 236 243 254 254 254 238 222 243 247 250 255 240 214 227 227 225 204 220 162 166 158 163 159 156 133 137 154 130 144 176 146 104 146 145 101 130 104 70 92 140 94 111 138 83 77 51 63 100 99 108 94 62 62 71 69 73 86 78
230 214 198 205 208 170 171 141 134 143 121 171 233 232 255 253 254 254 255 255 255 255 254 248 254 255 255 255 255 253 254 254 254 255 255 254 252 255 219 246 252 251 247 143 100 117 143 157 146 109 119 131 138 152 158 173 238 252 245 248 255 255 197 164 163 187 197 202 202 204 211 247 255 254 253 239 198 222 250 232 203 190 170 184 191 182 170 175 156 166 167 168 152 137 147 145 134 137 150 135 102 127 127 83 100 77 98 117 91 96 92 97 97 81 50 65 65 68 77 54 73 69 81 92 94 94 69 63
192 196 203 197 189 128 132 124 146 174 191 225 233 245 254 255 255 255 255 255 255 255 255 255 254 255 255 255 255 252 254 254 255 255 255 254 253 255 241 236 249 229 251 204 113 118 132 164 164 131 119 134 133 151 162 163 207 240 241 215 189 237 165 148 154 186 201 211 195 206 229 255 254 255 251 229 244 255 249 204 149 152 174 232 195 134 146 157 165 170 169 172 162 143 153 153 171 147 109 127 110 124 96 107 115 100 93 89 79 58 50 67 54 78 42 36 53 59 31 38 63 49 61 80 107 111 68 61
183 171 167 164 143 135 207 211 211 244 255 249 242 254 251 254 255 255 255 255 255 255 255 255 255 255 255 255 255 255 255 255 255 255 255 254 255 255 253 235 237 220 226 227 127 117 123 161 177 144 114 127 144 158 188 195 228 242 232 235 197 211 141 160 161 188 206 214 198 199 230 228 210 211 198 218 234 254 235 204 151 154 192 248 247 202 165 166 166 159 162 156 150 155 158 160 153 122 85 95 121 99 119 98 79 68 76 87 122 76 48 34 41 43 43 31 42 45 73 68 67 50 52 97 87 42 49 49
147 145 133 127 184 246 255 255 255 255 254 253 252 254 251 254 255 255 255 255 255 255 255 255 255 255 255 255 255 255 255 255 255 254 254 255 255 255 255 253 241 230 228 225 141 126 140 166 181 168 133 130 133 150 165 184 184 213 220 248 223 159 147 177 171 184 192 153 119 98 98 98 88 86 86 92 102 144 149 119 187 231 255 252 253 255 202 177 167 140 138 152 163 160 156 175 149 105 99 104 110 85 105 101 110 144 101 125 132 102 79 57 34 50 39 36 29 29 67 70 65 70 62 59 38 26 36 30
153 136 176 239 255 255 255 255 255 255 255 255 255 254 255 255 255 255 255 254 255 255 255 255 254 254 254 255 254 254 254 255 255 255 255 253 255 255 255 246 204 199 214 226 164 127 134 154 175 192 164 131 141 157 163 179 228 207 185 169 208 173 158 189 171 143 93 69 77 79 69 67 83 82 85 95 100 100 112 116 104 122 190 244 255 245 175 181 175 160 165 186 185 175 184 171 150 114 121 111 131 128 88 117 114 88 87 101 114 95 84 60 32 46 45 77 67 65 66 50 38 67 58 27 32 40 31 59
137 171 237 255 255 255 255 255 255 255 255 255 255 255 255 255 255 255 255 255 255 254 248 246 252 255 255 255 255 255 255 254 226 230 242 249 253 249 255 255 251 241 200 220 173 119 132 148 166 177 155 119 126 147 156 188 215 210 214 201 236 228 169 134 92 65 67 74 74 71 72 78 89 81 83 88 105 94 93 109 114 112 99 113 186 204 163 162 163 173 188 193 176 168 178 165 112 100 109 109 107 81 87 74 63 68 69 72 80 114 122 104 91 94 79 80 89 65 63 54 27 42 81 80 47 26 30 38
170 181 241 254 255 255 255 255 255 255 255 255 255 255 255 255 255 254 255 255 255 255 245 232 247 238 212 191 222 213 186 169 126 116 121 136 155 137 163 192 215 236 249 244 178 126 127 153 180 189 159 128 113 151 167 175 201 237 238 242 255 237 107 70 67 69 72 74 64 62 61 69 68 71 74 61 64 65 77 86 91 90 94 91 87 100 157 171 155 163 171 171 169 161 135 148 128 92 78 83 111 78 83 67 65 91 104 105 100 94 82 85 92 91 88 63 37 39 32 47 47 22 20 54 103 69 29 26
183 226 255 255 255 255 255 255 255 255 255 255 255 255 255 255 255 255 250 234 208 189 181 157 136 128 121 126 106 94 92 84 93 109 93 94 106 109 110 101 107 115 127 157 149 132 134 155 174 192 173 146 128 151 178 179 197 243 194 254 250 139 66 67 72 68 68 63 56 50 46 52 52 55 57 58 63 62 57 60 77 79 81 84 80 79 101 160 170 161 170 180 168 153 148 112 84 88 79 99 98 96 76 76 75 85 97 93 89 79 75 94 92 94 99 96 84 46 31 52 53 35 65 71 106 107 83 52
167 242 253 248 254 254 255 255 255 255 255 255 255 255 255 253 214 159 117 100 99 90 87 86 78 80 73 69 76 73 76 73 67 67 72 74 72 80 80 77 92 94 89 100 110 121 129 139 159 178 184 156 135 162 164 164 182 248 215 230 222 80 69 70 65 59 52 57 55 52 50 53 54 59 58 60 69 71 75 69 77 80 76 74 78 77 85 99 166 180 184 189 178 160 157 105 96 97 80 80 69 80 78 76 66 70 70 71 70 79 78 79 84 84 91 87 98 101 76 52 75 80 89 81 57 84 78 85
156 219 235 244 246 253 250 248 254 254 255 255 255 254 255 169 78 70 71 64 62 60 56 56 56 54 57 53 54 53 48 54 56 51 52 54 53 51 54 57 58 81 90 91 92 96 93 100 103 137 141 126 127 124 119 149 160 238 254 238 162 69 83 73 56 57 53 59 53 58 54 50 53 53 54 56 54 62 66 62 56 62 62 57 73 79 79 75 144 194 182 194 173 165 164 107 72 87 77 74 76 72 68 67 65 57 65 59 56 64 63 78 70 79 90 84 85 91 104 92 90 84 101 100 132 81 72 73
149 174 176 217 243 241 234 237 254 255 255 255 255 255 232 93 74 74 72 57 54 52 52 53 52 50 52 47 51 50 48 51 57 55 56 59 61 57 51 52 47 49 56 75 92 89 85 88 86 91 115 124 117 122 130 163 175 243 255 255 135 61 75 60 61 55 58 60 53 43 43 40 39 44 39 44 43 48 55 64 66 63 64 54 65 75 74 75 114 190 182 186 167 177 117 78 67 63 64 76 61 54 56 55 58 62 65 61 65 70 63 71 69 76 79 81 84 78 82 80 82 91 129 91 63 67 76 89
147 167 190 187 216 228 204 238 244 223 246 253 254 255 182 69 76 74 60 58 54 51 47 47 46 40 40 42 43 49 49 49 51 51 51 64 69 63 55 50 53 53 49 52 57 70 77 83 94 89 100 128 121 100 127 160 173 233 245 249 105 65 62 57 50 56 53 52 46 45 47 42 36 40 51 55 55 49 48 60 61 58 66 67 66 75 80 72 86 147 175 162 168 145 84 68 71 65 68 69 56 49 55 50 50 56 55 60 68 68 65 70 72 68 82 78 92 88 78 80 86 104 94 35 32 54 69 85
141 137 149 184 176 192 228 233 227 203 228 235 243 254 164 67 75 73 59 56 51 53 49 46 45 41 44 42 47 45 41 46 47 49 49 56 56 57 55 51 52 47 39 38 40 44 54 67 92 85 77 88 118 129 134 149 166 223 249 250 107 66 63 58 54 53 49 48 44 39 40 42 36 38 43 49 52 49 50 59 65 61 57 61 61 60 69 67 62 134 171 156 143 79 67 65 69 64 64 66 58 51 42 47 59 59 58 66 62 67 80 69 63 80 84 78 76 96 82 78 68 81 102 83 55 78 65 71
106 110 120 149 187 151 177 179 185 195 193 189 211 232 184 63 73 63 54 56 50 52 54 46 41 37 36 41 48 42 39 42 52 56 57 51 50 49 47 38 32 38 33 29 30 32 41 51 75 90 80 80 93 114 148 144 165 216 253 236 104 61 51 50 41 37 42 37 37 45 50 48 43 50 46 48 50 52 51 54 50 54 59 78 69 61 62 50 65 161 179 154 77 66 67 68 57 59 58 57 47 48 47 61 56 58 61 63 60 69 67 71 70 73 88 78 72 80 82 83 81 66 69 84 74 50 35 43
137 129 127 133 136 153 157 181 170 152 167 202 165 190 171 60 65 63 53 51 45 49 48 47 41 37 33 37 36 36 36 43 43 45 55 51 58 58 52 37 32 33 38 34 32 35 44 33 47 62 72 86 87 92 124 176 183 165 195 215 101 59 33 26 23 23 18 16 18 23 33 43 53 53 50 54 55 55 55 53 48 52 58 65 53 46 50 39 70 176 179 119 64 70 62 62 59 60 64 67 62 49 50 51 51 65 64 66 65 68 59 77 74 74 77 61 62 79 68 86 80 68 82 66 71 70 60 67
159 140 136 137 132 151 138 184 185 120 156 224 209 182 180 65 67 65 54 48 46 42 37 33 35 41 33 30 34 34 40 41 38 44 44 46 49 54 43 38 35 42 41 38 32 31 34 33 36 40 49 75 83 84 93 177 191 165 194 239 107 45 34 29 27 19 19 18 21 20 16 20 33 45 52 52 57 51 52 53 61 67 58 42 28 21 22 15 93 170 162 75 67 64 58 66 62 58 63 64 54 52 44 49 52 50 65 67 69 68 65 73 74 81 77 70 69 66 64 74 66 68 82 79 75 92 67 60
133 105 101 130 144 193 170 224 217 189 169 189 230 221 204 79 64 64 58 51 48 39 25 20 27 25 26 30 32 31 39 48 48 45 49 49 42 44 41 41 42 49 41 33 36 38 34 33 36 37 39 65 72 90 79 150 195 189 211 221 94 36 49 45 45 57 52 42 37 25 22 21 20 19 26 43 51 48 39 44 47 33 25 29 31 28 18 48 167 171 131 56 70 65 58 54 62 65 59 54 61 52 46 59 51 51 56 61 61 55 70 79 79 87 81 80 79 64 71 66 49 58 59 72 91 87 73 44
114 118 123 141 161 174 233 255 253 235 184 168 249 215 210 89 64 66 54 52 50 27 31 30 40 37 44 52 40 41 49 54 55 56 55 48 45 39 39 41 45 44 36 32 29 32 36 39 40 38 36 44 51 68 71 86 179 238 241 185 67 48 66 44 48 64 66 56 40 49 62 50 30 23 18 29 50 50 32 21 26 38 49 44 52 58 56 152 180 172 99 54 63 67 65 68 64 65 62 57 58 48 51 57 59 58 57 56 66 59 72 69 71 83 89 89 78 69 79 62 40 52 52 66 82 89 162 93
144 149 123 118 142 148 211 207 178 159 164 162 216 199 233 130 62 58 43 34 32 46 62 66 74 59 54 62 60 62 63 63 72 67 69 60 50 37 34 32 39 47 34 32 36 30 35 43 44 40 32 35 45 59 71 74 159 231 173 118 58 57 65 31 55 69 60 49 31 64 60 63 73 38 23 27 33 36 20 33 56 68 70 43 43 57 55 110 164 150 67 61 63 59 53 66 54 51 61 62 58 45 50 51 57 63 65 50 58 66 69 63 67 85 77 78 76 72 67 61 55 56 44 76 77 159 249 90
143 144 140 149 163 145 164 155 150 116 121 169 171 208 251 210 73 50 43 35 69 88 90 77 67 62 63 66 67 67 71 73 70 74 78 77 68 67 58 39 32 34 37 30 37 43 39 34 37 47 36 34 34 44 71 69 140 186 154 131 64 63 59 33 43 33 40 37 47 69 71 67 38 34 63 46 39 50 66 56 39 63 67 49 39 57 48 60 152 142 66 61 65 58 59 68 55 60 62 60 57 64 54 55 55 62 56 49 59 73 72 71 75 80 71 74 71 73 71 61 56 59 52 75 84 119 211 68
140 126 143 151 169 159 153 158 187 163 169 141 200 231 255 244 88 43 37 60 104 102 84 69 70 68 80 75 73 74 69 77 91 87 83 74 78 83 79 65 49 34 34 38 37 36 37 28 30 31 39 41 31 38 47 54 123 177 160 150 83 49 27 27 21 17 17 24 36 33 55 32 26 66 63 68 69 70 61 60 30 60 42 31 29 46 45 79 155 147 64 65 62 58 60 63 53 52 57 55 49 57 56 56 61 69 58 60 55 71 72 75 76 79 63 51 54 63 59 67 58 54 58 67 71 138 63 37
97 95 135 139 130 128 117 133 171 172 175 138 147 212 239 254 108 41 43 100 105 101 85 68 72 72 79 87 92 80 74 82 81 74 90 85 76 81 78 73 79 75 67 34 43 37 38 43 31 29 30 32 38 33 31 44 110 153 161 151 76 47 33 27 33 37 34 21 14 14 16 30 66 79 59 66 67 58 57 51 26 28 33 25 21 31 27 76 155 153 72 63 52 55 50 56 64 64 54 48 53 56 55 60 59 69 68 62 58 61 68 70 73 81 65 67 72 74 69 77 72 65 62 63 63 73 51 44
39 47 105 110 87 99 78 78 94 126 159 118 137 178 228 248 117 32 79 106 93 88 72 70 68 82 81 85 87 81 75 72 73 80 80 81 71 76 71 74 80 89 88 57 30 38 32 34 36 32 31 24 28 30 40 41 96 143 119 151 89 40 31 55 83 78 70 71 59 28 19 25 36 68 68 68 66 60 47 28 28 33 41 38 31 25 27 110 159 138 58 47 51 67 70 79 72 79 66 69 55 55 53 51 61 69 71 69 62 63 67 57 68 69 77 71 67 67 72 82 85 71 75 73 70 79 78 46
22 50 79 92 104 106 69 62 79 97 143 112 135 163 212 202 95 41 92 84 92 78 69 72 69 80 78 84 77 78 76 76 84 79 75 82 83 79 84 82 79 84 81 74 41 42 42 30 38 40 31 32 34 37 38 41 87 120 89 109 67 33 76 75 44 50 59 71 88 88 67 37 27 31 27 22 25 45 33 34 48 56 72 77 66 38 47 136 164 141 53 61 65 66 69 62 62 57 60 72 66 56 48 54 51 61 73 75 69 65 71 66 70 62 63 69 61 60 48 60 72 75 76 87 87 93 101 25
42 18 15 22 37 55 71 83 83 86 83 97 117 115 171 156 93 64 88 89 85 81 81 79 81 85 84 80 77 85 86 81 84 80 79 79 89 83 79 89 89 93 88 82 53 33 36 26 33 25 22 36 44 43 35 42 77 131 118 105 55 50 84 42 15 72 84 43 58 74 63 50 30 34 39 42 31 37 49 68 81 86 83 85 80 68 48 148 160 126 56 62 52 55 60 62 67 59 47 56 67 64 58 50 56 69 66 61 70 68 72 73 68 71 62 54 48 46 35 34 58 68 63 73 79 63 48 70
20 13 9 7 6 5 8 16 32 52 66 77 116 132 137 159 126 85 77 56 39 39 36 40 56 63 77 77 82 80 72 70 67 68 67 67 68 67 77 87 93 96 87 87 56 29 27 28 23 25 25 33 37 45 35 42 103 145 117 91 48 59 54 24 77 93 94 43 59 65 47 33 36 59 62 60 65 39 35 54 72 80 47 28 18 44 98 144 125 117 51 45 32 30 32 34 45 50 60 59 58 58 57 59 60 59 51 54 51 55 55 45 58 50 34 28 23 20 19 17 19 39 51 73 74 70 84 92
4 5 6 6 5 4 4 3 2 3 5 9 19 38 53 81 113 59 9 4 7 9 11 10 9 24 73 76 78 56 18 8 7 11 9 9 8 9 14 24 34 55 88 79 57 28 37 34 23 33 24 30 26 22 25 36 101 132 100 91 37 70 53 50 83 76 48 29 74 57 50 31 50 65 67 63 66 41 33 42 55 78 45 63 36 32 142 164 134 187 49 29 22 18 22 22 19 23 26 33 36 46 53 56 63 57 45 40 39 40 36 32 27 18 18 18 17 12 14 12 16 18 25 59 78 87 87 84
7 8 12 17 16 20 15 28 38 27 6 4 5 3 3 20 50 34 15 47 77 75 74 63 49 64 73 72 81 78 54 29 33 36 43 50 48 46 49 23 10 10 29 73 58 20 20 30 43 26 36 28 22 16 23 39 124 154 118 98 41 72 39 59 83 61 21 56 55 42 42 39 58 67 71 69 65 53 36 41 44 68 37 65 74 40 131 147 183 223 47 23 16 16 18 23 21 15 15 14 15 20 38 46 43 37 31 35 37 35 21 18 14 19 27 36 42 38 33 30 21 14 23 39 95 107 106 94
6 5 10 11 5 7 13 41 75 67 23 4 7 7 10 26 48 51 63 64 46 31 34 29 20 78 92 79 75 77 71 42 34 47 57 77 88 89 94 96 67 32 23 63 60 16 5 17 40 29 27 23 13 24 32 62 166 142 116 139 58 67 34 68 69 34 24 69 47 36 32 46 66 73 72 70 69 61 38 38 41 58 41 51 77 52 128 140 166 199 46 22 20 19 19 24 24 28 23 15 14 11 12 20 29 33 35 33 28 29 18 37 53 57 73 73 75 79 57 78 68 32 20 60 100 79 68 63
10 9 8 7 7 5 14 37 27 11 6 6 8 10 13 20 29 33 27 36 17 15 13 15 44 88 76 75 66 77 84 59 27 21 30 39 39 44 53 65 76 90 80 68 56 12 8 8 23 42 33 26 18 23 36 96 176 142 121 120 65 72 37 76 61 35 52 65 42 35 39 60 72 68 70 73 78 64 35 38 40 52 51 45 80 60 125 133 108 124 41 20 31 42 61 71 77 69 63 56 48 25 10 10 22 47 71 77 66 34 38 50 58 64 82 62 66 69 68 63 70 57 34 54 75 68 75 74
12 11 9 9 9 9 10 10 10 9 9 8 7 6 5 5 6 42 41 39 27 34 44 53 78 74 66 73 75 81 79 82 47 39 35 25 21 20 24 26 32 34 57 75 53 15 10 10 9 17 41 29 58 43 32 100 179 135 121 93 43 66 30 70 45 22 66 48 45 32 49 71 67 57 55 61 83 73 35 31 35 48 50 41 73 56 141 133 111 81 43 32 49 75 77 79 71 56 53 47 36 28 21 27 60 66 78 73 76 70 27 23 29 28 35 45 33 42 41 43 43 48 55 72 77 96 125 119
21 15 13 13 13 14 17 19 19 17 16 18 17 15 14 12 8 54 84 71 84 76 64 67 67 60 70 71 73 68 74 93 71 49 63 58 43 40 54 52 52 64 65 73 52 16 13 18 21 23 41 30 48 47 49 123 180 135 128 90 47 62 28 41 7 52 63 40 36 35 72 76 52 50 54 49 72 71 41 27 35 50 61 23 61 63 141 117 119 73 39 55 62 42 29 24 21 22 25 20 18 20 24 32 64 62 66 73 76 80 43 25 23 24 33 35 40 38 30 28 51 74 70 92 103 74 106 59
39 38 38 35 36 31 26 24 22 19 17 19 20 21 20 20 17 58 75 64 72 65 53 34 20 16 22 23 26 23 24 38 64 64 65 84 88 81 105 112 91 91 75 73 41 24 26 21 33 28 33 52 27 19 55 147 188 147 140 99 37 60 34 19 46 77 44 36 37 24 22 42 51 51 49 54 59 73 39 27 33 44 60 36 39 79 137 85 84 87 62 49 20 20 15 15 12 13 12 16 23 27 32 53 57 58 60 72 72 80 75 51 45 26 29 35 39 42 40 50 78 85 73 97 109 73 54 37
22 23 25 29 37 37 43 51 52 48 44 36 28 24 23 23 19 45 79 77 67 53 41 23 6 6 3 2 2 2 3 3 27 69 67 73 71 90 86 93 93 78 68 67 40 29 32 33 31 30 32 61 63 32 73 163 170 154 122 134 68 55 36 60 65 27 8 7 31 42 23 12 16 14 15 22 22 38 16 8 8 12 35 51 39 80 135 78 54 78 62 51 24 21 16 14 11 15 19 26 43 45 34 63 59 55 56 65 72 79 76 61 64 60 44 39 52 55 73 79 81 81 65 74 61 47 44 35
4 4 3 3 2 2 2 4 9 17 25 34 37 38 38 37 32 42 78 85 66 57 45 39 62 52 33 39 46 51 51 48 39 48 60 73 71 71 85 77 73 70 68 65 32 23 27 30 31 28 39 62 62 52 123 158 171 169 137 103 46 54 68 60 17 4 6 32 57 60 54 45 33 28 25 20 29 41 48 20 6 6 18 52 33 83 113 54 54 86 52 55 53 44 39 41 51 53 52 59 55 42 42 56 49 56 64 61 70 74 76 69 50 86 80 73 81 69 71 70 73 70 73 63 49 59 52 43
1 4 6 6 5 6 6 7 7 8 8 7 7 8 10 14 21 34 60 57 48 47 39 79 93 91 84 81 91 103 98 82 66 38 41 50 63 66 69 68 71 84 70 55 27 34 36 39 38 37 48 66 50 84 157 160 161 165 152 99 33 54 43 9 4 12 44 67 65 62 62 61 56 53 54 58 59 65 68 56 18 6 7 50 46 92 84 61 64 53 53 49 59 66 68 84 77 63 62 53 43 32 44 56 58 69 69 67 54 70 77 72 46 67 86 80 86 68 73 66 63 62 71 55 60 98 70 47
60 12 2 5 7 5 4 7 9 13 13 11 10 9 8 7 6 9 37 37 30 21 60 90 82 85 84 84 89 97 104 95 71 47 32 36 49 55 66 69 77 78 63 36 42 38 34 39 41 41 56 61 59 124 152 152 154 156 159 114 42 31 9 3 18 63 84 83 71 68 71 71 75 65 66 72 72 68 73 76 53 8 5 32 67 91 84 70 73 73 51 58 61 77 71 71 67 59 59 51 38 30 52 59 67 62 61 61 68 65 71 77 69 42 71 94 86 71 72 66 54 66 67 48 47 70 46 33
95 85 25 11 10 36 70 25 1 4 4 4 5 5 4 5 4 8 29 27 24 35 61 56 48 54 51 47 43 50 60 67 69 59 31 28 47 54 65 76 76 67 41 31 42 45 37 36 41 46 65 55 103 129 143 156 172 171 166 126 61 39 14 32 81 98 92 85 76 75 76 74 76 69 69 74 78 75 86 84 86 31 5 8 43 78 83 79 83 84 50 55 64 70 66 60 59 48 49 39 37 43 53 54 65 61 63 60 68 73 73 77 74 67 55 60 65 70 65 74 55 58 66 52 32 33 34 40
38 34 47 108 75 70 71 35 23 13 10 11 11 9 7 6 7 13 20 22 24 42 14 9 8 8 8 6 6 6 9 15 29 57 51 39 47 62 67 64 65 47 28 42 39 37 34 34 40 52 64 91 127 138 140 159 165 166 167 151 108 55 64 97 120 101 92 79 74 82 81 71 74 73 73 73 83 82 83 87 100 63 7 6 14 70 96 102 81 68 48 38 46 50 58 62 50 52 49 43 32 45 54 52 53 47 56 59 60 76 80 79 76 83 69 52 72 62 70 78 58 63 65 51 39 38 38 40
0 1 59 42 5 1 3 10 14 11 8 6 5 5 5 5 8 11 31 15 48 63 75 74 67 60 63 66 69 72 71 75 79 80 72 45 36 53 56 59 45 29 29 43 45 42 37 35 41 53 71 108 121 127 134 154 163 156 154 153 64 71 104 111 72 33 43 64 77 76 77 70 69 84 78 79 78 78 78 74 88 91 24 2 35 88 86 88 93 92 51 34 41 42 63 58 46 46 42 31 29 49 40 45 43 35 34 37 39 52 50 54 58 57 58 44 70 70 57 66 62 64 65 58 43 45 46 48
54 49 36 27 21 13 6 4 1 1 1 2 4 5 5 6 11 16 65 26 70 65 47 42 42 47 42 46 45 36 28 25 35 36 47 62 38 51 55 50 26 28 31 37 47 51 41 36 49 54 100 121 126 135 137 146 154 156 170 148 51 87 104 70 15 13 10 7 15 35 57 68 74 80 80 65 65 57 50 20 41 75 58 23 96 95 78 98 91 87 57 45 48 32 44 59 60 53 41 25 24 19 10 8 7 6 4 4 4 5 3 6 8 20 28 33 65 65 53 54 55 46 72 64 57 79 74 54
80 97 102 100 94 100 93 75 59 51 41 29 8 3 4 4 3 0 65 60 51 89 60 37 17 9 7 5 7 11 24 35 37 54 67 75 50 45 49 28 31 36 31 41 38 42 38 47 52 58 122 120 110 123 134 154 159 160 164 131 68 93 68 20 15 15 23 26 20 9 7 17 36 36 41 36 26 19 10 6 28 61 74 65 129 48 73 78 56 61 49 52 49 43 45 52 53 49 38 22 11 10 10 8 6 6 7 6 8 9 17 33 44 56 57 37 53 63 64 77 82 88 77 71 70 70 82 81
110 106 87 85 81 105 110 87 80 95 88 92 78 49 30 27 26 31 65 112 26 62 77 61 53 53 51 55 52 60 75 83 70 85 83 64 51 49 38 26 37 39 34 46 41 33 37 54 46 66 113 121 113 119 137 145 148 160 163 122 93 77 37 20 22 28 41 41 31 33 25 13 7 8 10 11 17 16 14 9 12 49 76 65 97 67 73 53 59 63 48 50 51 47 45 47 53 41 18 16 37 39 39 36 26 25 31 32 37 32 39 48 66 71 72 36 38 51 74 81 64 73 73 94 87 41 38 78
95 89 79 83 73 88 122 102 95 102 108 103 123 83 63 57 50 73 92 129 76 11 44 71 68 63 56 56 46 38 36 33 30 37 51 46 34 40 25 30 39 43 36 39 44 32 38 47 40 78 119 130 121 124 134 124 146 163 167 120 71 68 26 27 36 47 54 46 33 31 37 35 34 32 34 40 48 39 31 12 11 36 66 74 77 95 84 77 73 71 47 31 44 43 41 53 44 32 14 39 59 52 50 62 50 37 50 59 56 62 63 69 62 65 71 56 36 51 63 78 68 77 85 63 87 37 41 48
94 86 72 85 78 85 100 107 85 89 116 118 133 90 69 59 59 85 97 109 125 18 34 40 25 18 12 13 10 10 6 4 5 6 9 14 28 44 33 16 17 20 26 23 22 24 35 33 47 88 110 118 117 107 125 140 152 155 156 134 65 59 22 27 47 55 51 45 44 29 31 30 31 42 43 52 52 46 44 40 13 27 67 62 80 61 98 104 90 91 51 39 47 40 44 45 36 15 44 59 63 56 70 70 54 57 57 67 66 70 70 66 72 81 86 74 33 45 43 65 56 67 76 66 39 34 42 67
85 82 70 76 70 97 127 140 131 95 84 86 129 104 74 59 68 107 101 112 147 77 50 33 19 20 7 4 4 4 6 12 8 22 46 46 37 39 32 18 11 8 14 11 8 10 14 16 40 81 111 112 113 125 121 126 137 148 146 140 67 65 42 31 52 49 48 50 39 29 26 23 28 26 34 47 57 57 48 45 29 17 50 49 90 41 65 89 85 87 61 38 44 54 45 46 26 34 59 60 61 72 77 73 70 80 76 75 60 74 72 68 82 86 89 90 64 41 50 55 57 68 76 66 36 59 48 35
67 80 71 74 63 78 93 98 94 81 104 90 140 103 70 67 62 99 124 116 130 96 55 39 27 26 17 8 7 15 18 33 45 58 56 47 57 58 45 9 6 6 5 6 8 12 12 11 71 85 115 112 116 128 119 115 123 144 151 155 64 63 72 58 47 57 50 50 65 49 31 28 30 42 49 44 31 39 36 39 48 47 51 62 115 68 69 62 46 81 71 42 45 48 42 30 30 60 62 57 61 73 76 82 83 90 81 93 82 75 65 74 85 87 81 89 96 50 44 52 61 65 82 67 44 53 56 35
71 80 75 67 67 92 144 135 140 97 108 121 141 93 80 68 58 98 97 111 102 69 57 47 40 33 25 24 26 38 42 48 66 67 62 61 69 68 74 34 0 0 1 2 4 13 16 65 112 98 104 110 117 115 120 116 123 137 149 154 115 57 65 75 77 54 40 43 44 57 71 50 66 70 63 66 51 29 42 62 70 67 63 45 109 41 30 43 48 110 91 34 44 43 37 36 58 65 54 52 61 65 71 76 85 90 72 93 87 80 83 76 87 85 79 95 114 75 38 47 43 58 75 58 41 53 45 30
91 88 79 71 73 74 71 85 92 81 84 125 124 88 93 65 54 95 108 119 84 69 71 62 49 55 37 37 43 47 48 59 68 63 70 71 76 81 89 79 78 116 100 115 104 74 69 113 112 94 109 105 120 118 111 118 133 134 138 154 157 60 53 62 68 75 52 35 28 20 27 47 47 50 51 50 42 46 66 78 71 70 46 40 108 26 6 31 33 85 83 34 43 37 39 41 44 53 56 52 54 52 50 60 71 80 76 75 83 81 93 86 92 71 59 71 68 76 47 41 52 49 68 61 46 66 70 40
102 91 71 65 64 69 68 68 87 99 115 107 131 98 88 69 63 96 103 88 94 84 79 71 62 62 51 50 53 49 52 61 76 75 78 77 75 83 90 92 105 198 170 182 141 94 77 115 99 86 118 110 111 128 114 116 129 127 131 140 85 41 33 30 41 56 67 68 57 38 27 27 24 29 42 52 67 75 79 66 60 59 45 57 99 41 32 40 31 46 36 38 39 37 33 49 32 17 21 21 19 29 36 39 39 39 42 48 57 56 44 38 32 40 33 41 59 88 83 30 46 50 90 89 48 89 94 48
137 97 72 80 64 70 93 82 71 85 104 91 136 116 79 68 66 114 84 85 95 98 79 75 73 76 73 69 66 58 54 60 77 76 85 87 80 88 95 92 88 105 131 178 144 97 77 155 117 97 123 130 99 118 123 112 128 137 134 127 68 56 32 21 24 45 55 58 65 73 68 68 63 58 64 68 74 67 65 64 50 49 64 74 83 40 34 42 44 78 49 37 35 33 26 69 63 44 23 16 11 8 9 7 6 9 10 9 16 15 12 15 18 25 42 60 82 85 77 43 58 73 79 83 51 71 65 47
124 111 78 77 71 79 76 73 81 98 113 118 145 100 95 79 66 93 92 91 92 101 83 83 84 74 81 74 66 69 66 60 80 76 82 79 82 87 93 91 94 93 93 177 151 74 71 91 120 104 102 103 82 110 125 117 125 144 158 157 69 74 52 27 17 27 46 60 58 60 54 52 54 54 66 61 66 69 65 53 39 62 67 62 27 35 35 17 43 79 69 43 38 24 25 50 68 69 56 39 41 29 26 34 19 10 9 8 11 14 19 33 46 56 62 74 86 70 70 40 47 65 76 74 61 56 77 55
129 122 96 83 73 95 91 96 72 86 101 79 137 124 118 64 67 82 98 86 84 86 81 91 89 72 68 66 63 65 63 77 78 73 85 88 91 91 83 83 83 102 103 118 157 98 87 87 114 105 88 113 92 102 118 115 106 123 140 149 64 71 74 69 34 17 21 34 45 51 55 49 47 54 54 57 65 56 44 40 67 66 61 65 23 13 12 7 69 102 86 51 29 12 30 33 45 62 60 57 56 54 49 56 55 47 38 44 50 49 49 54 60 73 75 78 62 57 59 50 41 47 60 40 53 42 62 51
127 109 106 120 103 133 129 109 95 76 123 93 164 136 103 72 64 83 83 88 76 72 78 77 79 72 73 79 73 70 58 72 72 82 84 90 91 87 90 87 72 73 99 121 136 117 93 51 97 99 79 146 97 97 113 118 112 125 131 154 81 61 72 81 74 50 19 11 25 43 44 54 48 49 47 50 57 34 43 62 67 66 58 73 105 87 74 49 83 95 94 61 22 16 37 26 39 44 48 66 72 71 66 64 71 72 71 72 74 69 68 70 78 91 67 55 61 58 64 67 44 51 47 0 20 39 37 50
125 112 120 144 148 151 135 109 100 107 135 164 153 122 94 76 68 81 73 83 77 70 76 72 71 72 77 73 66 65 72 72 75 81 79 84 91 87 91 87 68 53 77 136 159 120 95 128 131 87 100 175 87 111 113 112 116 122 117 155 133 66 69 69 65 78 51 10 8 10 10 12 10 13 20 33 28 34 59 62 62 57 53 98 90 101 100 95 90 98 87 57 16 30 49 28 30 32 32 41 63 71 86 79 90 90 88 83 87 82 80 89 81 66 56 58 61 64 77 77 43 45 88 97 99 67 97 72
126 109 120 130 126 138 128 119 102 107 88 134 141 112 99 78 67 71 71 66 65 72 70 67 64 69 71 75 75 75 71 75 76 78 83 85 91 94 88 96 77 58 73 122 164 121 116 111 102 67 88 93 94 105 116 118 112 108 113 134 145 89 63 68 65 65 67 46 23 21 20 14 24 17 14 22 41 61 60 58 63 58 83 103 122 171 124 74 107 92 88 68 15 45 49 39 32 28 20 15 21 40 56 65 60 63 78 86 89 85 76 59 43 51 53 51 52 81 85 82 41 40 107 133 137 91 79 70
119 99 116 135 141 133 125 110 100 96 109 120 150 115 89 73 66 77 77 73 60 73 76 66 58 55 70 76 80 77 72 74 80 75 80 89 84 87 80 87 80 69 76 118 168 130 111 102 89 70 99 77 83 96 103 96 117 121 124 128 131 132 58 57 70 69 62 56 30 33 35 39 69 57 24 23 46 57 63 64 50 96 98 126 129 140 109 126 128 88 94 85 33 44 53 46 43 28 24 16 13 12 10 14 15 17 16 18 28 22 19 23 26 51 50 48 62 76 92 90 36 39 110 140 142 95 37 54
95 106 120 130 138 129 132 106 101 117 110 106 157 116 87 78 74 72 71 76 74 71 69 63 52 39 57 68 78 72 73 78 76 76 77 79 78 83 77 85 71 65 77 100 136 128 108 104 93 62 88 87 79 87 107 90 78 94 108 116 126 104 42 29 62 60 54 36 28 31 36 45 55 73 37 31 47 67 65 58 52 78 107 145 88 96 144 158 106 89 91 93 62 44 58 58 57 42 36 36 26 17 10 7 8 8 6 7 8 11 20 25 46 50 47 62 90 96 98 88 46 39 112 136 143 96 48 65
126 128 132 128 123 120 131 112 120 127 134 142 149 130 133 86 72 64 66 71 74 64 67 54 54 37 52 59 67 73 72 71 76 81 83 82 79 80 90 90 65 72 72 100 122 129 119 95 105 52 78 87 92 91 111 120 105 90 104 90 99 81 47 20 49 58 57 37 29 37 45 49 54 62 28 28 42 58 57 43 58 71 106 130 159 136 146 129 103 109 98 104 71 41 56 57 53 54 45 48 44 38 33 35 36 35 26 31 31 35 40 53 64 66 71 77 94 88 100 97 60 45 131 128 141 113 63 72
163 160 158 149 140 153 146 141 143 147 140 158 164 127 109 80 75 65 66 69 66 65 63 59 43 34 47 66 60 72 76 69 69 75 76 86 84 89 92 81 53 71 69 96 113 131 113 103 113 95 96 99 101 89 105 118 118 103 114 139 106 83 67 34 35 50 52 52 41 47 49 62 61 62 34 23 36 53 45 44 72 75 75 129 129 105 111 130 118 107 99 117 58 46 53 49 56 57 56 51 57 52 53 54 52 57 50 45 55 61 58 62 76 69 74 80 95 81 90 99 59 62 133 110 89 95 92 95
181 181 185 187 187 187 187 188 186 182 179 182 151 122 112 79 75 71 68 67 63 63 57 60 51 35 43 51 61 64 65 75 70 79 76 86 99 93 88 71 52 63 67 82 105 127 115 135 159 148 150 132 98 90 103 110 121 116 118 132 95 88 81 65 38 36 41 27 35 42 46 72 65 72 42 21 23 58 51 64 79 79 59 132 111 117 109 137 119 127 110 101 47 47 53 53 58 61 61 57 71 70 71 71 64 54 55 60 76 67 76 70 64 79 78 77 79 86 78 83 64 91 154 126 130 137 119 120
164 165 166 164 160 158 165 171 170 170 165 178 152 120 101 81 72 73 67 63 64 68 64 52 40 25 26 62 63 62 64 71 82 79 86 93 93 92 89 58 57 67 71 75 98 130 122 95 80 82 82 94 99 96 103 110 112 122 125 127 87 87 94 84 63 47 32 42 47 45 48 73 55 76 51 41 34 48 67 68 81 74 86 108 135 121 135 163 166 141 93 76 39 44 45 54 54 54 58 63 61 75 75 70 69 75 82 75 77 75 78 73 77 81 78 74 81 83 79 76 74 76 125 133 132 136 85 77
96 94 88 87 76 79 88 99 95 87 73 103 148 130 107 75 67 65 65 67 59 61 58 38 25 23 16 58 66 61 62 67 78 82 89 76 80 94 83 52 62 59 71 79 92 122 135 82 71 70 64 94 107 107 105 114 105 110 128 116 75 77 86 81 76 69 77 61 57 56 50 67 88 60 54 54 57 61 70 75 69 60 113 109 145 139 133 176 193 153 93 88 38 38 39 47 47 49 59 66 65 73 76 77 78 81 85 80 75 69 75 76 83 76 77 71 82 74 82 81 91 121 117 126 132 110 109 103
42 47 57 51 47 60 73 57 54 66 58 83 135 132 108 66 60 53 68 61 51 39 40 33 27 24 16 45 65 67 67 64 72 72 88 77 80 94 73 47 64 65 76 89 87 107 113 113 128 131 146 109 92 96 105 110 106 108 119 108 70 74 73 78 77 79 80 65 61 60 50 62 84 51 61 66 69 69 75 73 63 62 117 108 119 129 146 207 146 142 173 170 42 35 40 46 51 44 52 62 60 68 64 73 86 78 83 83 77 72 89 88 84 82 77 74 71 73 82 80 98 150 131 152 95 99 138 155
38 33 33 29 42 47 59 64 55 60 56 62 118 117 95 60 54 56 63 45 38 36 44 35 25 21 13 40 64 65 64 63 76 81 86 78 81 89 59 43 63 66 71 99 84 124 116 117 140 125 147 116 96 107 97 109 107 104 110 105 61 63 67 61 71 77 76 71 63 58 56 68 60 47 59 67 70 74 73 56 67 72 121 123 114 102 129 156 149 178 156 150 43 34 42 41 51 53 49 63 58 61 70 71 72 75 74 74 73 79 89 89 85 74 65 70 76 69 52 62 89 149 123 149 122 133 119 96
71 57 71 91 85 76 126 121 115 107 99 99 130 112 98 58 58 65 66 50 41 34 39 27 24 13 9 33 64 62 61 74 91 97 87 83 89 74 39 46 60 64 81 92 88 132 141 136 132 134 133 107 81 88 94 129 104 92 100 109 66 61 54 54 57 60 70 69 67 64 54 75 51 47 61 58 67 69 63 58 56 78 119 119 141 123 114 150 145 151 173 156 46 35 45 46 48 49 50 59 57 60 68 74 72 76 69 79 73 67 77 85 75 57 60 65 72 68 61 69 82 157 128 124 126 94 100 74
122 118 137 140 137 144 135 124 129 127 107 121 112 112 129 64 53 58 66 57 40 36 38 20 20 12 6 28 57 61 73 90 83 93 91 105 92 53 34 49 50 75 88 80 85 109 115 117 120 124 131 110 96 110 108 126 111 94 97 99 69 52 50 54 60 61 65 62 65 70 52 67 44 52 64 73 63 57 58 53 53 105 125 132 144 169 175 182 167 149 159 162 53 42 42 41 42 43 48 49 59 62 57 62 57 69 73 88 77 75 66 75 65 69 69 68 52 68 70 62 82 131 109 102 97 85 109 97
114 127 131 140 140 144 145 137 132 131 130 127 125 125 128 62 38 57 60 50 38 29 26 19 15 8 9 22 52 55 89 93 91 87 86 91 66 33 37 53 72 89 87 87 81 139 140 113 109 111 123 127 122 113 117 119 120 107 93 95 74 55 49 55 56 59 66 66 61 58 49 54 42 52 61 69 76 64 62 50 59 169 172 154 156 178 188 181 153 141 128 163 80 42 41 47 42 49 46 51 47 55 54 62 58 66 59 72 78 68 74 66 53 63 64 54 56 65 65 55 90 151 96 114 121 108 118 131
130 127 126 122 121 119 118 115 114 113 112 112 112 113 118 82 29 62 59 38 29 29 20 10 6 10 12 13 47 60 92 88 86 98 89 69 45 28 46 49 68 101 93 98 88 111 140 152 148 147 127 143 161 153 114 120 119 108 104 104 70 61 53 58 63 64 63 73 65 52 50 48 45 58 63 67 63 64 68 53 87 134 146 172 170 162 148 138 105 142 143 159 107 36 49 50 50 57 54 54 47 54 53 71 66 79 68 63 63 64 83 69 64 61 63 57 59 57 63 62 141 190 130 153 130 163 171 139
124 126 128 139 150 140 140 136 137 134 131 129 128 131 127 95 21 38 42 15 15 10 4 5 9 11 21 12 30 52 72 87 84 100 78 47 27 28 45 50 73 99 92 92 85 119 130 131 137 143 104 71 92 127 108 117 119 116 105 85 45 55 67 66 69 70 67 66 67 50 34 38 46 62 65 63 66 59 62 66 152 166 163 165 153 160 162 158 137 165 156 148 150 67 43 52 54 54 56 60 51 50 60 70 61 67 84 76 62 56 64 72 67 52 60 58 64 69 63 93 164 168 144 168 137 165 170 136
148 131 137 135 144 143 129 138 122 141 145 156 169 176 158 130 26 16 34 14 5 4 7 12 11 15 17 15 12 39 59 87 94 83 43 26 28 36 52 55 79 97 91 101 83 91 76 97 106 96 101 117 127 124 118 116 114 113 101 65 52 52 65 68 64 56 58 57 66 43 27 38 50 63 61 63 76 69 57 82 156 144 140 143 134 129 138 185 172 188 195 197 185 142 51 53 56 54 54 56 55 57 65 71 59 65 83 78 70 59 51 57 61 54 53 59 60 63 68 140 168 171 161 146 140 134 112 123
126 133 143 149 138 113 130 132 116 151 152 131 149 158 156 115 29 24 43 23 15 12 15 14 9 13 15 13 9 12 35 50 54 28 10 23 35 41 47 47 75 96 94 93 92 151 122 131 127 123 143 163 125 107 115 118 110 96 89 67 71 46 55 59 55 52 58 65 64 49 27 38 45 55 57 67 70 68 58 79 108 133 158 165 162 160 172 156 155 185 196 200 190 190 143 55 66 56 59 60 58 53 60 62 59 54 63 64 69 75 60 57 56 50 55 56 53 65 111 136 133 155 160 156 139 121 122 124
140 130 118 138 135 146 166 163 161 159 131 157 177 195 183 140 35 30 67 59 50 49 46 39 35 30 32 33 19 13 9 8 5 12 25 26 30 46 43 35 59 86 103 84 99 165 153 156 151 164 180 153 146 112 112 135 124 105 86 60 70 61 51 55 58 59 59 50 53 38 24 38 48 57 59 55 51 48 56 82 89 137 139 135 144 134 144 144 155 162 141 147 174 185 166 87 44 58 55 59 59 62 68 65 59 63 60 61 57 73 64 55 56 59 57 49 56 109 142 117 105 140 114 132 141 125 114 102
172 162 153 165 162 157 163 173 168 157 156 152 163 193 186 173 48 38 75 78 73 65 58 60 58 48 52 46 41 30 25 28 35 46 43 37 35 46 53 55 74 74 93 88 107 181 153 141 150 149 136 155 162 148 149 150 130 112 104 68 40 46 42 48 56 52 40 35 41 29 24 36 42 54 57 48 52 52 67 77 91 107 70 67 81 108 132 130 117 112 93 99 152 132 149 82 24 35 49 53 46 54 58 58 60 62 59 57 56 71 66 60 66 51 37 37 69 117 127 90 90 115 112 133 138 115 115 134
164 161 190 192 189 192 148 143 170 187 194 174 180 148 120 135 57 40 76 78 80 74 66 70 56 53 58 59 51 52 48 60 63 67 49 39 38 45 52 60 91 90 91 72 122 171 180 172 175 185 154 167 171 171 182 178 166 147 183 155 37 39 35 30 41 44 33 26 33 35 21 27 31 38 53 43 50 67 65 77 147 111 94 106 112 125 147 121 118 133 123 119 159 154 162 72 41 13 13 20 31 32 38 44 44 50 44 37 40 44 62 63 50 30 31 53 73 127 106 74 71 96 102 112 96 89 118 138
156 144 165 175 158 168 185 173 203 196 182 177 152 110 102 112 62 48 86 66 76 90 75 69 67 70 64 70 77 75 77 78 73 70 64 45 39 44 54 70 92 91 93 72 151 189 182 179 193 190 189 186 167 178 177 193 191 186 135 87 46 34 29 18 17 19 25 20 15 31 38 16 18 17 27 35 39 35 33 120 175 154 148 145 136 123 118 110 113 115 123 113 147 142 112 52 47 33 15 9 5 6 8 10 11 12 11 9 10 12 15 22 29 40 54 61 75 94 88 95 105 113 103 111 96 99 139 139
129 108 120 137 165 168 183 141 112 127 143 125 107 99 111 121 74 50 82 61 76 81 73 71 70 72 61 67 87 86 83 76 79 80 68 58 41 45 52 81 91 85 85 82 151 185 203 182 181 179 193 193 194 147 159 179 176 156 57 61 60 66 59 51 53 57 55 56 54 59 60 46 38 39 42 44 41 30 54 111 140 157 151 135 128 119 112 121 129 135 134 113 133 142 106 49 46 43 37 30 17 13 8 11 9 7 6 8 10 13 18 39 49 59 54 57 76 84 90 83 94 133 124 144 148 139 139 123
104 108 100 104 88 92 107 118 128 118 106 109 112 111 124 128 83 51 74 71 85 76 73 71 67 65 63 65 70 71 73 69 77 87 70 56 36 46 42 82 92 78 76 86 144 149 128 145 161 162 165 169 170 186 169 142 148 127 58 57 53 56 50 42 46 49 47 50 46 51 52 60 72 76 68 57 76 61 54 52 74 135 153 153 146 144 142 134 127 147 165 131 130 148 83 57 49 58 49 43 40 39 38 30 37 35 34 32 36 43 46 59 57 57 59 65 76 108 121 71 68 95 123 109 102 113 126 120
108 110 114 117 113 133 146 132 121 130 144 150 158 156 150 161 108 56 68 67 70 64 65 62 67 68 62 67 70 71 80 74 75 72 68 65 46 47 48 87 86 79 84 96 166 179 170 164 171 168 168 165 171 165 172 179 189 151 55 58 58 58 50 47 46 44 42 36 28 35 39 41 41 45 62 53 63 62 54 53 91 147 151 152 143 135 138 144 109 135 153 111 120 111 59 55 51 63 62 63 57 51 54 59 53 49 52 51 56 54 46 57 66 58 71 66 72 125 171 103 82 104 122 106 98 109 147 145
157 155 150 157 149 164 163 190 171 181 205 203 192 173 172 155 122 51 65 60 66 59 54 59 59 66 60 67 67 66 79 76 74 65 68 67 63 46 48 75 86 77 77 111 195 196 192 190 181 178 182 178 179 162 165 174 181 151 59 51 49 49 64 47 45 51 49 40 36 37 40 44 48 53 64 61 56 58 58 55 95 153 130 117 116 133 119 157 117 119 107 105 107 99 46 46 40 50 59 65 60 65 64 58 62 62 62 61 61 63 62 66 77 79 71 67 73 110 155 138 118 140 118 124 89 82 92 95
147 149 138 160 164 162 183 200 191 199 195 189 180 126 161 191 124 51 53 54 63 67 64 55 60 68 67 69 65 69 71 80 80 65 66 69 46 42 49 82 81 71 77 123 188 196 175 163 156 174 162 159 147 149 163 177 181 189 156 43 13 10 49 51 45 32 37 61 50 38 34 63 64 63 62 63 63 63 54 52 85 109 107 120 126 112 116 123 110 101 95 100 106 78 41 41 47 47 43 49 54 66 71 63 61 56 60 64 62 61 71 70 67 75 61 65 74 99 131 130 133 130 122 114 98 90 82 74
129 130 122 136 154 159 173 176 194 190 184 177 184 151 155 182 133 55 55 50 57 58 59 65 63 65 68 74 77 86 71 83 82 69 68 66 40 42 50 90 88 88 82 140 205 206 189 174 172 195 212 218 216 207 172 202 210 233 239 89 26 19 19 28 13 15 15 45 34 12 7 32 69 35 7 29 51 25 28 58 89 85 94 104 91 119 128 126 129 122 115 94 101 74 61 73 69 47 41 42 39 45 53 58 72 64 61 59 57 52 48 48 42 49 44 46 49 73 121 137 138 141 140 132 122 112 96 69
107 107 112 123 130 155 165 161 166 144 132 150 162 163 175 169 186 72 57 51 47 62 68 73 74 72 76 87 86 62 54 80 79 68 67 64 39 46 67 88 94 95 82 167 198 205 200 179 193 217 222 215 229 225 219 230 234 239 158 72 65 53 44 42 46 44 36 25 26 30 34 21 24 16 15 19 19 28 123 141 118 97 92 106 102 110 140 119 105 82 78 57 83 70 69 60 44 41 72 67 49 41 36 48 72 64 44 42 50 45 41 50 61 72 65 41 40 57 57 71 92 116 109 97 80 80 74 78
116 114 135 123 120 112 121 141 150 132 114 119 134 133 160 150 170 77 57 53 49 47 50 69 56 62 79 90 77 63 60 64 72 66 64 59 36 48 84 90 81 93 110 212 206 206 211 210 209 217 204 200 207 204 205 204 208 182 71 79 81 69 61 56 58 58 57 51 49 49 50 51 48 49 49 54 55 56 86 99 97 85 59 115 115 98 95 85 81 85 90 84 79 55 67 56 39 56 67 75 76 55 43 40 47 46 36 47 60 58 65 64 54 66 86 53 71 69 56 45 48 58 91 100 86 65 67 103
112 108 108 115 108 105 115 131 133 129 129 130 124 138 155 159 165 74 46 48 45 49 54 55 58 72 63 81 94 85 86 67 60 68 68 57 43 61 98 88 84 79 153 220 210 226 224 218 226 218 213 211 204 195 195 194 214 166 57 79 86 83 80 73 66 65 67 61 57 56 58 59 62 60 69 72 70 66 84 111 91 92 104 118 106 102 98 94 80 88 100 105 66 40 41 42 41 50 55 42 26 52 67 41 46 61 56 35 59 68 64 59 47 50 69 61 61 78 68 46 45 65 74 51 45 44 60 87
123 122 122 121 122 135 124 124 117 125 129 133 115 119 126 142 131 51 53 59 56 51 65 58 60 70 61 72 85 90 95 84 61 58 66 59 41 74 101 93 87 85 168 197 208 216 212 212 208 212 219 218 192 188 193 195 218 127 65 76 65 68 72 73 74 66 69 71 69 72 69 67 71 70 75 77 77 70 93 141 123 132 127 133 108 94 86 72 88 128 129 132 50 29 22 17 21 20 29 28 44 59 74 81 71 85 77 41 32 53 57 59 59 44 44 54 55 79 90 75 60 78 73 62 57 56 46 49
127 134 124 125 120 125 132 118 124 132 129 122 133 135 138 133 125 52 56 61 71 64 62 64 64 68 71 75 98 94 92 83 67 64 65 55 42 71 94 94 94 90 185 178 154 153 160 193 205 187 204 207 196 199 220 224 198 84 74 80 63 61 61 57 58 57 58 59 65 61 62 72 74 69 68 67 74 79 89 167 157 161 149 133 118 121 119 109 108 123 139 138 50 31 26 63 60 38 23 27 40 54 62 79 57 57 65 61 36 42 49 31 26 22 21 22 27 83 64 37 32 39 46 43 51 47 35 23
103 112 104 108 110 110 106 113 121 133 132 127 119 125 126 122 126 57 59 59 64 64 65 61 70 77 79 68 93 109 95 79 63 69 68 52 45 68 81 94 93 97 133 137 133 151 150 170 200 211 205 207 201 200 221 223 202 74 74 72 68 66 68 62 50 55 58 51 42 52 59 72 66 64 62 62 67 74 102 203 197 179 160 153 136 131 115 122 110 100 98 84 52 25 51 49 66 71 53 31 14 24 36 38 35 44 53 47 38 35 26 30 46 50 53 26 33 65 74 38 39 40 35 38 37 39 41 52
115 120 118 118 123 123 125 122 126 117 116 120 115 116 123 120 128 75 60 64 66 62 68 67 66 69 76 74 87 98 92 77 64 67 63 51 42 69 88 99 91 113 152 162 179 176 180 169 165 189 198 212 215 211 212 200 170 65 75 65 78 73 72 65 51 43 48 49 51 51 52 58 61 65 67 62 63 68 115 184 196 203 190 179 171 179 154 142 162 154 154 132 56 39 31 29 32 44 44 38 17 17 23 16 20 11 17 22 43 57 57 69 67 58 57 60 36 49 112 103 89 73 67 58 55 80 83 85
160 160 155 144 157 164 172 171 165 163 152 144 146 146 148 152 151 118 61 71 78 71 74 66 88 88 91 88 84 87 91 76 63 65 65 50 34 62 90 91 88 111 163 172 184 194 185 188 187 193 186 200 217 207 200 217 130 64 70 61 68 69 68 57 50 46 53 55 53 55 44 44 54 57 64 67 52 61 112 193 197 188 184 165 192 208 194 210 213 190 167 176 52 36 38 54 29 44 42 40 26 32 47 45 45 40 22 30 33 49 45 41 44 35 15 46 48 64 159 141 136 127 136 133 125 136 119 110
177 179 179 169 175 177 181 182 181 187 188 189 191 202 204 201 204 188 70 72 80 79 74 74 93 92 93 86 73 66 80 74 63 59 67 49 35 72 82 93 91 103 146 137 147 145 143 160 136 148 147 159 165 166 163 158 87 69 64 57 59 60 56 53 52 52 53 57 50 47 55 63 61 63 71 71 64 55 105 200 190 200 186 161 158 192 201 187 191 199 207 137 36 35 49 52 32 41 41 38 49 54 53 60 54 65 45 22 27 37 17 28 61 68 45 30 47 71 163 181 179 146 163 163 133 146 140 137
181 178 179 179 176 173 174 179 185 187 192 198 201 204 210 212 214 221 84 65 89 73 79 71 72 92 85 71 66 60 65 64 65 60 61 46 37 73 93 101 103 105 206 199 194 193 189 181 172 164 157 157 161 148 141 146 74 64 60 54 54 50 47 44 47 50 48 50 55 53 54 58 70 73 73 77 69 61 78 140 161 154 148 179 185 168 161 162 179 151 181 126 36 37 54 40 37 51 41 47 55 66 58 54 55 63 64 35 27 31 36 29 38 52 57 33 45 65 171 168 159 154 171 145 139 143 136 144
173 169 165 168 179 187 187 189 189 191 196 203 206 210 211 211 212 224 103 50 78 73 74 75 79 80 82 72 62 59 63 65 59 59 66 53 42 71 88 95 95 111 225 224 224 224 227 226 223 223 222 221 219 223 207 183 77 56 59 48 58 49 45 43 48 50 49 56 56 57 61 65 68 60 56 62 67 80 82 121 117 123 123 111 130 140 142 146 173 161 177 120 35 37 33 20 36 42 34 51 70 60 58 50 58 64 64 54 36 35 41 27 38 53 51 32 47 108 160 151 159 158 158 139 124 122 134 150
171 180 190 192 195 198 198 196 197 196 197 198 200 202 206 206 211 220 125 47 89 77 71 68 84 84 71 63 64 59 62 64 65 61 59 45 47 53 78 87 90 136 226 220 220 218 219 221 221 222 222 219 204 174 177 191 69 61 57 56 62 52 49 48 48 47 45 42 52 55 58 56 56 67 72 70 71 69 99 190 189 189 178 170 167 168 164 154 152 159 145 93 34 30 28 41 32 27 25 28 38 39 44 40 43 54 63 57 38 26 37 36 19 41 52 38 53 112 152 147 154 168 153 153 153 142 137 141
174 181 181 187 190 191 190 190 189 190 193 191 190 189 189 192 193 200 100 52 68 65 74 72 70 79 78 70 68 65 68 60 66 60 56 41 43 58 86 104 98 145 227 221 220 220 220 219 220 213 187 172 189 211 218 212 77 54 57 52 56 52 56 50 57 66 52 41 42 42 48 51 57 71 72 67 66 67 121 223 224 223 227 224 226 226 226 221 217 221 223 86 35 38 42 27 23 23 33 35 20 12 9 10 16 17 26 27 28 28 31 42 35 19 28 41 50 88 122 116 120 163 148 117 97 94 109 114
184 179 180 180 178 177 172 177 180 182 183 181 185 187 186 190 187 176 78 56 43 55 68 77 84 78 74 57 55 62 68 63 66 63 53 40 59 80 92 95 86 147 230 221 220 227 222 197 185 167 201 221 225 222 218 226 105 42 39 37 41 50 47 49 54 54 48 45 40 41 55 66 65 60 68 69 67 55 147 228 213 213 220 222 218 223 223 221 220 220 228 88 34 40 24 18 26 41 53 49 37 35 38 35 40 41 46 55 44 30 30 23 28 42 36 44 62 131 144 132 131 129 122 122 118 120 122 131
161 159 166 172 174 178 181 175 185 183 184 184 183 180 173 176 176 192 91 54 50 48 62 76 76 89 78 62 50 52 66 63 59 63 46 47 63 76 79 82 73 159 219 220 208 194 188 202 217 223 219 220 220 221 220 233 160 47 56 50 49 50 50 41 42 41 46 49 46 50 52 58 65 62 58 64 67 60 178 234 229 226 226 227 226 211 220 223 224 222 229 92 34 20 19 42 53 50 64 62 52 46 53 49 55 60 54 62 64 44 31 20 15 23 36 44 72 150 147 149 150 153 152 140 133 135 133 133
137 131 134 137 145 146 151 148 156 157 166 173 162 164 180 193 201 209 100 54 56 44 57 61 75 88 65 52 51 49 56 60 53 56 44 52 63 88 81 81 94 213 213 197 189 192 211 212 216 220 220 221 223 223 220 228 174 48 42 48 52 48 43 43 45 47 50 60 53 47 53 63 69 65 73 67 70 68 197 233 225 227 227 227 226 225 222 220 225 221 230 98 32 30 40 55 61 62 69 66 60 54 61 60 59 68 65 64 64 60 58 43 30 27 28 42 78 153 147 145 150 152 148 148 146 143 141 137
155 152 135 131 150 150 146 144 149 160 154 162 131 123 128 134 147 156 100 54 58 48 55 70 76 72 64 53 52 47 53 58 57 45 51 58 70 84 89 78 97 200 208 222 220 222 217 216 219 217 220 218 220 221 220 229 168 54 63 61 57 50 46 52 51 52 47 49 53 47 54 86 86 66 68 65 58 68 219 232 228 228 226 223 222 225 223 224 222 220 228 103 45 57 61 67 70 65 67 76 60 54 63 62 63 68 76 62 59 68 67 57 57 44 51 47 92 164 158 154 155 154 154 152 149 145 143 127
123 141 141 140 168 162 140 148 146 155 154 159 164 166 163 165 167 181 117 48 59 50 52 77 101 87 71 56 51 53 57 56 59 52 58 64 70 65 73 60 80 157 156 162 163 169 173 172 179 184 197 202 199 204 210 216 169 52 51 57 67 65 55 59 55 50 52 53 54 46 61 81 82 53 49 57 62 105 239 231 232 231 230 226 224 219 221 222 224 224 230 104 49 50 70 69 68 61 67 59 55 51 52 49 53 62 65 57 57 60 71 63 65 58 54 49 113 167 161 158 156 152 151 152 152 152 139 124
171 172 179 169 159 154 163 161 163 171 154 155 143 151 170 164 163 175 128 46 64 55 48 81 98 92 69 54 52 56 61 57 47 64 62 66 49 60 68 47 86 140 145 151 133 128 140 153 159 165 162 151 124 134 139 126 132 58 47 48 60 61 63 59 57 54 55 52 50 49 49 47 64 70 59 63 42 153 236 231 230 229 229 228 224 225 224 223 224 222 231 113 49 51 32 46 61 60 51 48 64 55 54 48 45 43 44 54 52 62 66 67 55 49 65 67 174 187 180 178 175 172 169 163 160 158 131 147
164 173 166 150 160 174 164 171 168 166 168 181 170 182 172 169 169 184 163 51 61 59 58 68 80 78 66 52 52 59 60 53 53 67 69 60 43 54 59 44 107 169 162 173 152 141 139 157 168 174 170 169 177 170 166 169 140 63 45 50 64 52 53 57 55 46 45 43 39 44 51 44 49 72 74 71 48 153 204 212 196 206 209 213 223 223 220 222 222 217 231 160 44 62 51 25 27 44 47 49 58 57 53 56 50 45 47 51 57 54 49 41 42 57 66 123 210 200 196 195 200 200 200 197 192 189 155 176
153 156 160 163 178 180 169 170 171 164 168 181 171 186 186 181 189 176 181 95 68 57 60 61 71 61 73 66 64 61 67 54 60 70 76 50 50 40 56 33 104 179 161 154 155 181 179 164 156 152 141 127 139 145 156 187 135 61 62 54 53 50 54 55 56 54 50 57 60 56 51 49 49 65 85 72 65 134 157 161 164 154 162 165 175 181 163 148 154 163 167 126 42 55 63 47 33 18 30 42 47 50 45 44 46 45 44 33 30 30 39 50 64 64 88 193 206 201 198 200 202 201 200 200 199 175 172 180
155 154 156 157 152 145 147 149 146 157 169 177 152 172 186 185 186 163 171 167 80 61 62 56 76 74 69 76 86 95 63 62 78 87 57 45 50 41 39 33 124 190 178 181 160 192 176 155 146 169 183 191 192 185 190 198 119 59 62 65 62 54 48 50 58 65 65 67 65 72 62 69 67 78 80 84 72 151 170 174 183 163 134 137 161 160 170 161 148 145 149 106 41 46 59 61 51 42 33 27 18 17 17 24 20 23 28 37 39 42 61 64 65 59 92 194 189 195 200 200 201 200 194 194 173 162 180 177
149 147 126 135 132 125 122 136 144 145 156 153 161 173 173 177 170 157 167 163 72 64 61 54 59 78 72 101 98 101 63 57 69 71 36 32 33 37 50 66 108 192 192 181 173 191 196 194 193 179 164 150 161 163 165 180 76 60 69 75 67 56 48 60 69 69 72 60 73 77 77 82 65 70 73 76 78 172 172 174 172 172 187 162 151 154 171 156 165 165 160 115 39 36 50 63 65 61 60 52 44 38 39 41 41 44 50 55 56 56 65 66 57 59 67 120 152 140 140 145 145 150 140 137 137 142 145 152
163 167 162 152 148 165 148 129 110 132 124 113 107 139 128 138 155 151 153 141 72 70 64 57 60 64 69 92 94 92 94 60 42 42 44 46 52 60 69 76 123 186 180 181 183 182 184 188 184 191 188 175 168 161 146 141 56 65 73 70 59 48 45 60 57 59 67 73 88 71 73 73 78 75 71 61 103 144 142 137 142 117 138 167 168 174 168 162 171 170 165 141 44 47 42 51 59 57 58 73 59 56 58 51 55 49 52 57 61 61 64 56 50 60 73 109 132 137 132 142 138 133 132 133 128 122 117 110
162 156 171 162 149 132 145 160 159 157 148 148 131 119 161 166 173 181 174 76 67 63 65 63 57 68 83 103 98 97 92 98 95 84 83 72 77 79 81 91 138 174 187 178 183 184 190 189 163 169 163 158 153 174 173 181 59 57 58 54 46 57 45 48 53 53 59 67 79 78 62 68 67 61 71 79 202 204 192 173 171 155 120 148 141 160 173 166 165 158 177 170 60 46 33 31 44 46 49 54 55 65 66 67 69 60 59 69 67 55 40 44 55 63 74 134 138 141 146 142 143 140 148 144 146 145 144 125
171 154 144 157 149 153 140 152 131 147 149 154 171 152 160 154 170 181 128 64 67 62 55 61 58 56 77 101 99 105 91 96 97 106 104 91 93 95 99 101 161 178 155 138 204 209 203 209 199 165 175 152 172 200 207 177 53 59 51 45 58 74 71 56 55 69 53 53 67 73 52 53 52 58 68 112 202 202 204 214 194 175 145 150 153 170 164 166 163 176 172 171 94 47 42 29 23 34 53 48 46 52 66 57 60 64 66 65 48 34 36 54 60 62 65 153 176 159 147 144 131 140 154 145 139 130 119 122
166 168 143 145 152 164 180 167 175 171 173 170 158 159 180 173 151 151 104 69 62 63 60 58 57 62 72 93 94 98 90 94 95 90 97 83 84 107 108 92 151 168 182 200 198 196 190 193 177 156 160 179 203 185 175 152 50 55 62 51 46 47 53 65 54 91 70 51 47 51 61 58 43 63 59 100 111 123 134 141 144 180 185 182 177 180 186 159 168 181 165 152 106 51 52 46 34 22 27 44 45 40 43 44 43 44 46 34 31 37 38 50 61 63 97 158 159 159 158 165 163 136 140 137 154 150 150 148
156 169 175 171 170 172 167 167 149 163 179 182 182 182 179 174 161 148 102 64 64 63 61 69 61 64 71 82 96 100 96 95 98 98 99 88 71 84 106 95 163 189 160 171 185 155 181 158 148 171 182 151 182 175 159 129 43 46 34 29 26 30 33 45 49 41 42 34 41 59 62 44 53 55 80 190 169 150 169 157 145 154 126 131 180 186 175 186 176 164 186 171 176 80 45 54 45 42 29 20 23 29 31 31 25 24 23 31 48 52 57 62 67 55 123 157 146 152 164 150 168 165 159 133 155 158 157 143
163 179 184 184 171 149 138 136 140 147 170 172 155 145 137 141 138 156 110 57 70 57 54 62 71 76 66 84 97 90 87 93 100 103 104 83 76 83 115 104 161 183 181 152 180 167 172 144 157 171 167 159 153 157 178 113 36 48 49 55 58 45 36 42 41 31 41 49 56 63 49 30 56 52 106 167 175 181 158 168 169 176 188 162 167 135 161 173 192 172 171 183 185 85 28 36 39 48 47 45 41 33 35 34 37 42 49 48 52 57 61 51 49 56 93 142 151 148 149 139 142 143 139 138 164 154 162 164
178 173 167 158 147 141 141 136 134 131 136 151 165 163 163 160 159 153 112 64 73 71 61 64 67 72 59 78 88 88 89 73 84 88 99 96 98 108 120 108 134 186 176 134 154 145 122 134 148 158 180 164 146 125 121 78 32 51 60 47 52 46 33 30 46 47 52 50 51 48 51 60 74 97 144 139 171 163 155 182 143 156 198 170 173 170 186 182 179 161 164 182 164 52 33 19 15 35 55 54 47 47 53 39 48 60 61 60 59 43 25 43 59 58 79 131 155 166 177 187 177 144 131 129 112 121 144 134
120 126 127 100 109 136 137 132 129 117 135 169 154 136 159 147 156 173 170 72 63 77 69 85 62 70 68 52 83 95 91 72 70 83 90 79 101 103 110 103 147 164 152 179 164 159 182 150 153 111 134 142 126 112 131 123 75 59 55 43 34 84 104 108 88 111 104 114 87 84 127 141 128 168 126 130 148 146 161 152 161 149 145 161 169 139 141 168 163 158 165 193 151 47 44 38 27 23 52 58 56 56 43 30 31 59 74 81 52 42 42 53 65 61 80 179 184 161 171 177 195 206 199 183 154 135 142 139
114 111 114 129 147 142 154 162 136 141 157 174 186 149 154 174 131 113 160 94 56 63 71 65 75 80 79 70 85 88 81 79 79 80 100 86 94 98 117 115 153 134 119 213 184 156 159 130 144 154 142 142 163 158 147 166 175 152 164 129 136 143 124 135 137 135 135 141 135 171 138 139 124 140 160 124 146 236 174 143 160 168 199 188 186 150 141 176 145 138 150 150 95 48 52 45 36 24 26 47 58 50 36 24 21 46 63 53 44 47 53 61 62 58 84 164 142 174 165 178 160 189 204 205 211 194 145 122
136 136 158 170 151 148 151 145 145 131 154 161 154 166 135 116 126 153 160 133 52 64 66 67 80 76 84 81 88 89 84 81 76 75 92 100 104 93 110 117 138 147 156 174 138 145 160 141 154 156 152 135 139 146 176 199 187 166 182 153 132 133 129 121 117 121 104 140 150 153 186 177 157 155 145 144 153 202 183 159 149 143 142 185 191 162 154 163 166 133 147 148 63 46 56 49 43 40 29 37 46 36 29 20 18 25 52 56 48 47 57 65 59 58 82 170 164 159 164 162 157 172 163 181 190 160 143 141
135 167 179 173 166 147 147 155 123 136 163 178 158 150 130 110 169 171 159 149 63 53 60 65 60 69 86 78 67 79 94 87 83 82 96 103 120 113 109 113 139 164 148 165 170 173 158 133 161 142 157 117 143 143 150 150 162 156 160 131 150 135 132 129 141 157 137 145 192 125 139 163 189 170 177 188 164 146 150 176 162 150 183 163 161 192 176 136 140 131 166 146 62 48 56 52 48 47 39 21 18 24 35 27 24 17 34 42 49 59 64 61 61 60 87 182 174 161 152 160 158 170 170 186 158 162 154 154
142 157 153 140 134 145 155 180 147 137 138 136 145 151 175 196 187 163 147 165 76 49 49 56 57 67 72 77 70 71 76 79 81 70 91 84 108 116 110 109 126 136 158 167 157 182 152 137 162 182 190 156 174 173 160 164 166 150 152 150 166 137 148 138 136 150 164 158 187 171 161 174 147 133 140 191 202 174 157 146 165 158 151 170 175 171 134 116 138 148 147 138 56 38 42 56 46 47 49 44 34 35 42 43 41 34 41 51 62 62 56 63 66 55 90 169 169 180 158 162 169 182 135 127 154 162 141 153
154 164 157 141 164 151 135 127 151 161 155 124 156 157 172 85 52 55 55 97 84 51 53 48 51 63 79 69 62 69 66 74 77 73 87 98 89 108 108 113 139 156 168 125 135 164 126 128 166 139 156 169 168 183 177 165 151 139 171 172 161 146 160 127 141 192 165 182 202 151 135 140 164 172 146 171 169 155 175 147 166 170 148 155 188 151 138 158 146 138 134 116 43 39 41 46 53 50 55 51 41 43 45 47 51 49 48 62 60 61 57 57 59 52 88 175 161 185 181 172 154 171 163 155 166 161 135 138
140 161 141 120 146 130 118 129 131 113 118 93 107 127 77 89 113 88 105 131 85 55 59 46 53 62 73 62 65 69 76 73 71 75 85 85 88 101 106 109 129 177 161 155 165 165 176 124 128 139 141 148 144 129 102 116 168 140 149 145 160 139 139 165 175 187 181 166 146 145 129 136 173 162 187 168 156 150 189 144 130 136 150 152 146 130 132 132 131 134 129 132 93 30 31 39 41 44 46 51 42 45 50 45 47 48 49 55 55 55 58 58 51 61 81 196 154 161 182 176 163 163 133 155 169 164 157 151
137 143 139 160 141 130 135 125 152 131 135 176 143 136 124 92 123 118 110 141 101 45 54 53 56 62 66 65 62 70 67 82 78 70 81 85 91 98 98 104 141 179 128 126 178 187 111 104 160 148 152 172 186 149 130 157 175 136 164 187 130 128 152 154 150 155 141 120 148 142 150 170 168 162 163 165 134 155 163 153 164 127 152 163 147 158 130 143 132 129 144 120 115 103 100 79 49 43 37 49 46 42 40 46 51 54 53 49 53 48 57 52 56 51 63 175 179 168 157 144 172 179 160 152 161 181 161 138
168 154 137 156 155 153 155 163 131 151 162 154 133 137 164 147 121 89 104 125 91 45 36 43 53 64 59 64 66 60 73 72 89 75 74 92 104 102 99 93 90 129 131 144 127 130 119 120 145 148 161 175 190 180 155 152 158 166 185 181 167 132 165 160 130 155 166 195 185 159 203 172 165 166 196 174 145 142 150 167 160 143 147 137 162 150 140 136 154 134 150 131 112 126 148 135 127 152 107 82 92 36 38 39 51 54 46 50 60 67 63 56 59 75 82 114 146 167 161 161 172 168 184 149 154 183 163 163
153 138 141 141 157 163 151 166 159 147 134 178 148 137 129 116 162 107 115 101 86 41 36 49 59 61 70 70 64 68 79 76 75 74 87 82 94 86 90 99 92 104 125 139 151 151 132 139 140 192 196 190 145 155 170 156 148 185 197 185 167 147 157 159 137 144 154 178 168 175 167 179 165 161 156 157 179 157 160 179 163 161 135 141 161 139 147 151 143 143 139 136 157 153 119 135 123 149 174 194 160 109 81 74 65 64 89 75 131 150 141 159 147 179 165 140 160 153 176 177 185 162 171 179 169 179 176 152
146 104 129 142 156 156 136 132 160 145 154 172 136 137 114 123 126 155 158 128 137 84 67 53 65 59 63 59 66 73 58 66 67 79 99 148 132 114 129 126 134 126 136 177 152 149 161 147 179 158 144 159 141 138 143 195 164 130 144 131 164 161 152 197 194 167 158 175 174 181 194 205 189 140 146 191 178 185 190 166 184 211 190 189 161 137 145 167 132 138 139 127 153 164 147 134 151 147 117 142 137 137 140 143 137 135 145 155 149 118 127 167 209 193 161 164 184 183 163 151 175 176 170 167 175 158 206 152
183 142 191 204 169 142 152 150 150 164 132 119 141 144 137 128 116 147 139 147 156 144 131 79 90 68 108 105 81 88 111 105 91 130 156 212 153 149 202 188 146 160 166 156 144 147 172 151 137 187 172 151 186 201 187 153 179 144 151 151 161 155 164 191 166 167 134 135 150 195 164 176 215 177 145 141 152 165 146 140 160 162 161 180 143 157 139 146 165 145 140 175 142 142 160 131 133 169 166 155 177 160 164 154 129 160 184 150 134 140 161 126 142 199 155 153 168 167 157 151 146 168 161 150 162 172 189 192
138 140 137 168 154 130 121 138 130 134 134 138 148 137 156 178 154 154 130 139 140 147 147 134 143 141 175 159 160 131 135 148 175 166 173 159 133 134 121 126 113 171 215 177 148 178 173 178 193 181 179 172 200 183 190 156 152 170 158 185 201 174 195 181 176 145 171 158 190 194 165 170 200 183 180 185 192 174 135 170 148 149 160 168 158 158 156 154 145 180 215 162 146 177 158 167 144 145 146 152 168 175 182 138 129 162 167 162 144 159 135 135 141 141 137 153 165 149 172 161 140 147 135 136 145 164 169 156
139 121 143 132 142 163 182 153 118 139 125 131 144 146 174 167 145 127 139 177 171 203 179 139 125 134 140 153 180 143 157 142 128 135 147 153 172 204 176 161 150 176 213 160 126 143 190 189 208 190 182 176 146 179 169 155 169 164 167 165 180 174 145 153 139 144 185 162 164 159 170 192 184 170 173 184 174 164 153 159 157 170 161 164 183 138 180 169 172 171 185 183 178 179 153 168 140 157 183 142 187 222 217 164 147 125 162 173 182 113 138 138 130 166 137 135 163 126 123 123 123 132 143 156 145 149 144 134
