161 161 161 163 162 163 164 164 164 165 167 168 166 166 165 165 165 164 164 163 162 161 159 159 159 157 157 156 155 155 155 154 155 154 153 153 153 152 153 152 151 151 149 150 149 149 149 149 149 148 147 147 146 146 144 144 144 143 143 142 142 142 141 140 140 139 139 138 136 137 135 135 134 134 133 133 132 131 130 129 128 128 128 127 126 125 124 124 123 122 121 120 119 118 118 117 116 115 114 113 112 112 112 111 110 109 108 108 108 107 106 106 105 104 104 102 102 101 101 100 100 100 99 99 98 99 95 80
159 160 160 161 162 162 163 163 164 165 166 165 166 167 167 166 165 165 164 164 162 160 159 159 159 158 157 157 157 157 156 155 155 155 154 154 153 154 153 152 152 152 151 151 151 151 150 150 150 149 148 148 147 147 146 146 145 145 144 144 143 143 143 142 142 141 140 139 139 138 138 137 135 135 135 134 134 132 131 131 130 130 129 128 127 127 126 125 124 123 123 122 121 120 118 118 117 117 116 115 114 114 113 112 112 111 110 109 108 108 108 107 106 105 104 104 103 103 102 101 101 100 100 100 99 99 96 81
159 159 158 160 160 160 161 162 164 165 166 166 166 166 166 166 166 166 165 164 163 162 161 160 160 159 159 159 158 157 158 157 156 156 156 156 155 155 155 155 154 154 154 153 152 152 151 151 151 150 150 149 148 148 147 147 146 146 146 146 145 146 145 145 143 142 142 141 140 140 139 138 137 137 136 136 135 135 134 133 132 132 131 130 130 128 128 126 126 125 124 123 122 122 121 119 119 118 118 117 116 116 115 114 113 113 112 112 110 109 109 108 108 107 106 106 105 104 103 103 102 102 101 101 101 100 97 82
159 160 159 160 160 160 161 161 162 163 163 165 165 166 166 166 167 167 165 165 165 164 163 162 162 161 160 160 159 158 158 159 158 158 157 157 157 156 156 156 155 156 155 154 154 153 153 153 152 152 150 150 151 149 148 149 149 148 148 147 147 147 146 145 145 144 144 143 142 141 141 140 140 138 139 140 140 140 139 137 135 134 133 132 131 130 130 129 129 127 127 124 124 124 122 121 120 120 119 118 118 117 117 116 114 113 113 112 111 110 111 109 109 108 107 107 106 105 105 103 103 103 102 102 102 102 97 82
160 162 161 162 161 161 162 162 162 163 163 164 165 165 165 166 167 167 167 166 167 166 165 164 162 163 163 163 160 160 159 159 159 159 158 158 158 158 158 157 157 157 156 156 155 155 154 153 153 153 153 153 152 151 150 150 149 150 150 149 149 148 147 147 146 146 145 145 145 146 145 144 144 144 146 146 146 145 144 142 141 139 138 137 137 134 133 132 131 130 129 127 126 125 124 123 122 121 121 120 120 118 117 117 116 115 115 114 113 112 111 110 110 110 108 108 107 107 106 105 105 104 104 103 103 104 99 83
162 162 162 162 162 163 163 162 163 163 164 165 166 165 165 165 165 166 166 166 166 166 165 165 164 163 163 163 162 161 162 162 161 160 160 160 159 160 160 159 159 159 158 158 157 157 157 156 155 155 154 154 154 153 152 151 151 152 151 151 150 150 150 149 149 148 148 147 148 149 149 149 150 150 150 152 150 150 149 148 145 144 142 141 141 141 140 137 135 132 131 130 128 126 126 125 124 122 122 121 121 120 119 118 117 116 116 116 115 114 113 113 112 112 110 110 109 108 107 107 106 106 105 105 105 104 100 83
164 164 163 164 165 163 165 165 164 165 165 166 166 166 165 166 166 166 166 166 165 165 165 165 165 165 164 164 164 163 163 163 163 161 161 161 161 162 161 161 160 160 159 158 159 159 158 157 158 156 156 155 155 154 153 153 153 153 153 152 153 152 151 151 150 151 150 151 150 150 149 150 150 151 153 154 153 151 148 147 146 146 147 146 146 145 143 141 139 136 133 132 130 128 127 126 125 125 123 123 122 122 120 120 119 118 117 117 116 116 115 113 112 113 112 111 111 110 108 108 108 108 106 106 106 106 101 84
165 166 165 166 166 165 166 165 165 167 167 167 167 168 167 167 168 167 167 167 167 167 167 167 166 167 166 165 165 164 165 165 164 163 163 163 163 163 162 162 162 162 161 160 160 160 160 159 158 158 158 156 157 156 155 156 155 155 154 155 153 153 152 152 151 152 151 152 150 149 149 149 150 152 153 152 152 151 148 147 147 149 150 149 149 149 147 144 140 137 134 133 131 129 129 128 127 126 125 124 124 122 122 121 120 120 120 119 117 117 116 115 114 113 113 112 111 111 110 109 109 108 107 108 107 107 101 85
167 167 167 167 167 167 167 167 167 167 168 168 168 169 168 168 169 168 168 168 168 168 169 168 168 168 167 167 166 166 166 166 165 165 165 165 164 164 164 164 163 163 163 163 162 162 162 161 160 159 159 159 158 158 158 157 157 156 156 155 155 154 154 154 153 153 153 152 152 151 151 151 152 153 152 151 149 150 149 147 147 147 147 147 147 148 147 145 141 140 135 134 133 131 130 129 129 128 127 126 125 124 123 123 122 121 121 120 119 118 117 116 116 115 114 114 114 113 111 111 110 109 109 109 109 109 103 85
168 169 168 169 168 168 169 169 169 169 169 170 171 171 171 170 169 170 169 170 170 170 170 170 169 169 169 169 168 168 168 168 168 167 167 166 166 165 166 166 165 165 165 164 163 163 163 162 162 161 161 161 160 160 160 158 157 158 158 157 157 156 156 155 155 156 158 137 132 156 153 152 152 154 151 152 150 150 150 149 148 149 150 150 152 152 151 148 145 143 139 136 134 133 132 131 130 129 128 127 126 126 125 124 124 123 122 122 120 119 118 118 117 116 116 115 115 114 113 112 112 111 110 110 110 110 104 86
169 170 170 170 170 169 170 171 170 170 171 171 172 172 172 171 172 172 170 171 171 172 172 172 171 171 171 170 170 170 170 169 170 168 168 167 168 168 167 167 167 167 166 166 166 165 165 164 163 163 163 162 162 162 161 161 160 160 159 159 158 157 157 157 157 158 160 140 132 159 155 155 158 146 142 156 154 155 155 153 153 153 153 155 156 156 153 149 147 144 139 138 137 137 136 135 133 131 132 130 128 129 127 127 125 124 124 123 122 121 121 119 118 117 117 116 116 115 114 113 112 112 112 112 111 111 105 87
171 172 171 172 172 171 171 172 172 172 173 172 173 173 174 172 173 173 173 173 173 173 173 173 174 174 173 172 172 172 171 172 172 171 170 169 170 169 169 169 170 169 169 168 168 167 166 166 165 164 164 164 164 164 163 162 162 161 160 160 160 159 159 158 158 158 160 136 128 160 156 157 159 142 152 162 162 163 160 158 156 157 156 157 157 156 153 153 153 149 145 144 143 140 139 140 138 136 134 133 132 131 130 128 126 126 124 124 124 123 122 121 120 120 119 118 117 117 115 114 114 114 113 113 113 113 106 87
172 172 172 173 173 173 173 173 173 174 174 174 175 175 174 174 174 174 174 174 173 173 174 174 174 175 174 174 173 173 174 174 173 173 171 171 172 171 171 171 170 170 170 169 169 168 168 167 167 166 166 166 166 165 164 163 163 163 162 162 161 161 161 160 159 159 162 129 123 162 158 157 160 140 146 168 168 168 165 164 163 161 159 159 160 156 158 159 155 152 150 148 146 144 144 142 139 139 140 137 134 132 130 129 129 127 127 126 125 125 125 124 122 121 120 119 118 118 117 116 116 115 115 114 113 114 107 88
174 174 174 174 174 174 175 175 174 174 176 176 177 176 176 175 176 175 175 176 175 176 175 176 176 176 176 176 175 174 175 174 175 175 175 174 175 174 174 173 172 173 173 172 171 171 169 168 168 168 167 167 166 166 165 166 165 165 164 163 162 163 162 161 161 161 164 132 122 164 160 162 168 119 119 178 175 174 172 171 168 167 164 164 164 163 160 155 156 154 150 146 143 144 144 143 141 142 141 138 136 133 132 132 131 130 129 129 128 127 125 124 123 122 122 120 120 120 119 117 117 116 116 115 115 115 108 89
176 176 175 175 176 175 175 175 175 177 177 177 178 179 178 178 177 178 177 178 177 178 178 178 179 180 179 179 178 178 179 178 177 178 177 177 176 175 175 175 175 175 174 174 172 172 171 170 170 169 169 169 168 168 167 166 167 166 165 164 164 165 164 164 163 165 169 153 139 173 171 173 181 126 131 180 173 175 175 175 172 172 172 169 168 170 168 164 160 157 152 149 146 144 143 144 143 141 140 138 137 136 134 133 133 131 131 130 129 128 127 126 127 126 125 123 124 122 120 119 118 118 117 117 116 116 109 90
176 178 176 177 177 177 177 177 177 178 179 179 179 180 180 180 180 180 180 181 181 181 180 180 181 182 183 184 183 183 184 184 182 182 182 180 180 180 179 178 177 176 176 175 174 173 173 172 172 171 171 171 171 170 169 168 168 168 167 166 166 166 166 167 168 171 177 140 116 182 176 177 181 150 142 176 171 175 176 175 173 173 176 174 173 173 171 169 166 162 159 153 149 146 147 146 146 144 141 140 139 130 133 136 134 133 133 133 132 130 130 131 129 129 128 126 125 123 121 120 120 119 118 118 117 118 109 90
178 179 178 179 177 178 178 178 179 179 180 181 181 181 181 181 183 183 185 185 185 185 185 185 185 187 188 188 187 187 188 187 186 185 184 184 183 181 182 182 180 179 178 177 175 174 174 174 173 173 173 173 173 171 171 170 171 171 170 171 172 174 175 177 174 174 184 141 120 182 176 177 182 138 125 182 177 177 175 174 173 173 173 173 174 173 173 171 167 163 160 158 154 153 149 148 147 145 143 141 139 123 133 137 136 135 134 133 132 131 131 133 131 128 129 128 125 124 123 121 121 120 120 120 119 119 110 91
180 181 181 180 180 179 180 179 180 180 182 182 183 184 183 185 185 186 188 188 189 189 188 187 189 190 189 188 187 186 186 185 186 184 184 184 183 183 182 181 181 180 179 179 179 178 178 177 177 178 179 181 182 179 176 175 177 179 179 180 180 180 164 132 105 90 107 110 104 163 178 176 180 137 126 184 178 176 174 172 171 171 171 170 169 170 170 169 167 163 159 157 156 156 151 151 148 145 143 141 141 129 135 137 136 136 135 135 134 132 132 132 130 131 130 128 126 125 124 124 123 122 122 121 121 121 111 92
183 183 183 183 184 183 183 182 182 182 183 185 184 185 186 186 186 186 187 187 189 189 189 189 188 188 186 185 185 185 184 185 185 185 185 185 185 186 186 186 186 186 186 187 188 188 188 187 188 188 188 190 189 188 185 183 182 180 180 181 180 180 111 100 94 74 67 96 92 65 123 180 178 143 121 185 177 175 174 175 173 170 168 167 165 163 163 164 163 160 157 157 156 156 155 153 149 146 145 144 143 129 135 140 139 139 137 137 137 137 136 135 134 132 130 128 127 127 125 125 123 123 124 123 122 122 112 93
183 185 184 183 183 184 186 185 184 185 185 185 186 186 186 186 186 186 187 187 187 187 188 189 188 188 188 188 188 188 190 191 192 193 194 192 193 194 194 195 194 195 196 196 198 198 198 195 194 194 193 192 191 190 188 187 185 183 182 181 180 185 132 118 126 100 88 115 92 63 134 184 175 157 98 173 181 178 176 173 169 168 168 167 163 158 159 160 160 158 155 155 156 155 152 149 148 147 146 146 148 111 129 142 141 140 139 141 143 144 139 136 134 132 131 130 129 129 127 126 125 125 125 124 123 123 114 94
185 187 186 185 184 185 187 187 186 187 187 187 188 189 188 188 187 187 187 188 189 191 193 194 196 196 195 194 191 192 195 195 198 199 200 199 201 202 202 202 201 202 201 200 200 199 198 195 194 193 192 191 189 187 186 185 185 185 184 184 183 181 184 193 184 165 124 118 88 69 144 177 153 143 87 123 178 171 169 168 167 166 164 164 161 160 159 158 156 155 154 153 152 150 150 149 147 147 146 147 149 119 131 144 143 143 146 144 144 143 139 135 134 133 133 132 131 130 128 128 127 126 126 126 125 125 115 95
186 186 187 188 188 187 188 187 186 187 189 189 190 191 191 190 190 189 191 193 193 194 197 199 201 200 199 197 195 194 196 198 200 201 201 201 201 202 202 203 203 203 203 202 202 203 200 198 199 197 195 194 192 189 186 185 184 185 184 183 184 182 202 214 189 173 115 103 79 74 138 146 164 133 81 89 129 172 168 165 165 164 164 164 161 160 159 158 156 155 155 153 152 151 151 149 149 147 147 147 149 124 128 150 149 149 150 149 146 140 138 137 136 135 135 133 132 132 130 129 128 128 127 128 126 127 117 95
189 187 188 189 190 189 188 188 189 189 190 190 190 190 191 193 194 194 195 197 198 199 200 202 200 199 199 198 197 197 198 199 199 198 199 200 201 203 203 203 204 203 203 203 203 202 201 200 200 198 197 196 194 193 189 186 185 184 183 184 183 182 195 207 183 172 103 104 82 69 103 142 122 106 85 83 83 123 172 168 168 166 163 163 162 162 162 162 159 157 156 155 154 154 153 152 153 153 153 153 158 131 131 156 155 155 153 147 145 141 139 138 137 136 135 135 134 133 132 130 130 130 129 129 128 128 118 96
189 189 189 190 191 193 192 190 189 189 190 190 191 192 193 195 197 198 197 198 198 197 196 198 198 197 196 196 196 196 196 197 199 199 201 200 201 203 203 203 204 203 204 203 202 202 201 200 199 199 199 197 197 195 193 191 189 188 186 186 185 184 191 205 189 150 105 103 85 70 81 117 113 87 74 84 88 81 109 169 170 166 167 168 165 166 166 164 161 159 158 157 156 156 156 158 159 162 160 161 164 144 137 156 155 154 150 146 144 141 140 140 139 138 137 136 135 135 133 132 131 131 130 130 129 129 117 96
188 189 188 189 191 192 192 191 190 189 191 191 192 192 193 195 197 199 198 197 199 197 195 195 195 194 195 196 197 196 197 197 199 199 200 200 200 200 202 203 203 203 204 203 203 203 201 202 203 202 199 196 195 193 192 190 188 190 188 186 178 165 176 211 188 112 114 102 85 72 65 108 111 75 69 73 83 85 76 93 164 176 171 169 168 165 163 164 162 160 160 161 158 158 161 160 164 164 163 164 166 146 136 157 155 152 147 146 145 144 142 141 140 139 138 138 137 136 135 134 133 133 132 130 130 130 119 97
187 189 188 189 190 190 190 190 191 192 192 192 194 193 192 193 193 195 196 196 196 196 195 195 193 192 193 194 195 195 194 195 195 196 198 199 200 201 199 200 204 204 203 202 202 201 200 180 159 168 185 198 195 191 191 192 195 189 178 164 149 126 182 219 140 96 120 99 83 72 60 93 107 71 69 67 74 85 86 72 83 157 176 169 168 164 164 162 161 162 161 161 162 161 162 167 165 166 165 164 165 143 138 153 155 150 147 147 145 145 143 142 141 141 140 138 138 137 136 135 135 134 133 132 132 132 121 98
190 193 192 191 190 192 191 194 193 194 195 194 194 194 193 193 193 193 193 194 195 194 195 195 194 193 193 193 193 194 194 196 196 197 198 199 200 206 158 151 209 203 202 203 201 201 198 118 82 70 74 165 201 197 196 187 172 156 142 128 123 113 143 133 93 101 121 95 82 71 61 71 94 70 69 68 69 77 86 76 66 73 145 176 167 166 167 164 164 165 163 165 169 169 170 170 167 170 166 163 156 149 146 140 153 151 149 148 147 146 144 143 143 143 141 140 140 139 138 137 137 135 132 134 134 131 110 91
196 196 195 197 196 193 193 194 198 200 198 199 197 197 199 196 194 195 194 194 195 196 195 196 196 197 197 197 197 198 199 200 200 201 201 201 201 207 138 121 209 202 201 200 198 197 202 135 104 86 76 184 200 183 165 146 129 126 117 120 114 119 115 104 93 106 120 96 81 72 63 60 82 69 68 68 70 70 81 78 69 67 69 136 176 169 170 167 168 169 173 172 172 170 170 169 166 165 166 165 158 155 139 120 155 150 150 149 148 147 146 145 144 144 143 142 141 141 142 137 125 119 107 117 112 112 78 64
201 200 199 198 196 198 202 201 197 200 203 203 202 200 202 201 197 197 198 196 197 197 197 199 198 199 200 201 202 202 202 205 205 205 206 203 201 206 154 125 178 197 201 204 203 203 204 174 167 124 129 167 158 139 128 120 116 119 121 115 114 110 100 94 92 110 116 97 82 74 65 61 69 77 69 66 68 68 71 76 71 70 69 66 122 179 175 164 152 161 172 174 175 175 174 173 169 168 169 167 142 131 103 91 155 152 151 150 149 148 147 146 146 145 144 143 142 134 114 104 88 108 86 76 71 78 74 58
203 203 201 202 201 201 203 206 203 201 201 201 203 203 204 202 199 200 199 198 197 197 197 200 201 199 202 203 204 204 202 205 205 205 207 197 197 197 188 141 98 100 116 140 156 171 187 186 177 160 155 134 118 118 117 115 114 118 118 115 112 96 101 94 93 111 106 108 90 78 78 65 65 71 72 66 67 68 68 76 74 69 69 70 63 112 187 144 88 98 162 176 174 177 176 171 170 171 166 162 116 115 99 75 136 157 152 151 149 149 148 146 147 147 145 145 138 107 83 75 76 79 86 84 79 78 70 51
203 202 201 202 200 199 201 205 202 203 205 206 208 208 203 202 204 205 203 200 199 200 200 202 205 204 204 204 206 207 206 203 204 206 209 189 191 162 197 176 108 101 84 77 81 90 91 100 107 125 122 114 115 121 128 104 113 116 117 113 96 95 98 92 108 109 94 115 115 98 93 77 66 68 70 65 65 66 67 72 76 70 65 65 70 86 114 109 85 79 132 180 174 177 175 170 166 162 161 150 107 118 100 78 99 160 152 152 151 150 149 150 136 118 108 108 99 83 69 67 66 65 77 69 76 73 62 48
205 204 201 200 201 204 204 205 202 200 206 209 210 210 209 210 209 207 208 206 203 202 202 202 202 206 208 205 203 206 207 207 209 209 214 178 141 156 214 191 152 136 86 79 76 85 83 85 84 89 109 110 117 128 145 93 101 104 108 108 102 99 96 93 123 108 106 122 140 120 97 88 69 70 69 69 69 68 68 70 70 69 118 128 131 99 82 99 110 112 113 144 161 179 175 173 167 162 164 130 111 119 103 86 73 146 155 152 152 151 150 149 119 104 83 72 73 67 66 63 66 79 76 74 68 66 59 40
206 207 204 201 202 205 204 207 206 202 204 207 209 210 206 209 210 208 208 206 206 205 205 206 203 204 206 205 204 205 207 208 210 210 216 182 110 144 205 189 188 156 87 73 68 77 77 74 85 100 100 116 98 163 201 127 122 77 77 83 85 95 96 91 162 162 161 163 148 137 131 93 66 73 72 70 72 69 66 68 72 67 89 105 93 98 84 94 104 117 122 75 141 179 167 148 133 128 166 108 118 117 103 87 70 108 161 154 153 155 152 145 102 85 77 70 72 62 62 60 62 68 62 68 71 75 52 39
179 188 212 209 208 207 207 209 207 203 205 211 211 211 209 210 211 208 206 205 199 197 209 209 209 207 208 210 208 208 206 207 209 210 215 182 143 172 197 167 149 165 98 67 89 68 73 69 86 95 103 108 98 175 244 135 126 78 66 69 73 90 92 95 154 154 152 156 144 150 127 102 74 75 75 72 66 67 69 63 65 68 73 80 84 96 82 104 107 112 128 95 118 175 162 209 179 146 148 90 122 119 103 88 74 75 156 134 105 105 109 105 83 80 75 81 76 72 66 69 74 69 68 66 68 67 50 34
119 93 135 170 196 211 209 210 209 209 212 213 213 212 213 213 213 211 207 210 196 179 213 212 212 211 211 214 212 211 211 211 207 204 209 170 173 165 168 180 198 175 97 87 121 69 72 70 85 92 103 99 102 182 255 209 127 85 76 87 143 169 190 181 148 212 121 56 58 192 181 138 115 109 100 93 79 61 64 66 67 70 101 134 114 123 103 86 94 94 110 99 97 168 168 207 168 152 112 80 117 120 103 86 76 63 121 145 105 73 64 74 76 69 68 71 75 67 58 60 82 76 77 71 60 48 41 42
111 106 89 91 103 210 215 210 214 213 213 212 214 213 213 214 212 212 211 214 190 175 216 212 211 213 211 209 209 211 213 212 209 206 196 145 168 193 179 173 141 167 105 131 133 92 97 97 97 105 97 106 142 204 174 152 187 95 108 210 216 212 180 122 178 221 128 67 59 197 194 108 76 107 114 105 103 90 62 57 57 60 78 110 104 126 107 56 85 57 88 125 100 101 147 193 145 128 86 88 108 110 93 78 74 69 68 104 82 77 74 63 75 71 67 58 67 52 46 48 71 66 63 74 65 59 56 52
112 97 72 78 71 113 119 125 204 215 213 212 213 214 214 213 212 212 210 215 191 182 219 214 212 212 212 213 214 212 213 212 211 213 151 171 186 162 103 174 165 183 100 171 183 108 91 74 84 90 89 121 199 146 139 131 188 121 174 205 133 236 163 84 173 212 125 59 61 156 186 98 51 123 132 103 79 96 76 94 90 80 69 62 73 104 107 68 84 71 97 131 108 71 77 119 141 83 81 91 101 98 93 80 76 71 56 84 93 107 77 68 75 73 74 65 64 50 51 69 54 53 64 55 46 55 48 50
106 80 61 59 56 70 64 94 128 195 215 214 214 214 215 214 212 212 212 215 191 188 218 213 212 213 214 213 213 214 212 212 215 160 114 167 149 187 119 176 162 177 107 187 230 127 89 66 71 78 78 105 226 169 155 140 204 213 193 215 148 232 177 123 139 151 121 100 96 110 131 102 78 124 125 102 89 104 99 92 101 117 115 110 106 105 102 56 84 61 86 134 107 63 70 68 88 91 82 89 89 82 77 73 73 68 59 50 125 170 96 58 59 63 62 55 51 53 60 75 69 69 53 44 42 42 48 46
61 63 62 55 52 57 55 66 78 161 219 214 214 213 213 214 212 214 215 220 167 173 219 213 214 214 214 213 213 212 211 216 164 119 115 182 158 191 117 176 165 171 118 197 214 179 110 80 85 80 77 108 222 145 133 123 168 166 207 205 208 251 246 240 231 176 182 200 181 183 174 128 133 130 127 112 100 103 110 59 76 127 123 65 97 120 108 59 98 65 98 137 104 101 93 82 75 79 81 81 81 89 92 87 84 79 73 65 62 104 95 68 63 67 56 52 51 48 57 49 72 73 59 56 52 59 57 33
52 60 82 90 84 61 69 64 113 111 202 215 213 212 213 214 212 213 213 218 153 157 220 213 213 213 213 201 207 215 217 161 118 121 109 178 165 178 117 145 142 147 170 162 126 171 128 93 86 90 119 138 212 147 146 124 183 163 218 208 237 217 210 198 155 147 192 201 184 188 141 127 137 132 127 124 121 101 102 73 87 127 130 59 104 137 118 55 98 68 97 131 112 77 90 114 108 100 104 109 146 146 156 149 145 139 128 118 104 93 84 67 62 53 56 61 59 52 67 49 49 53 45 41 55 60 38 30
44 67 62 70 57 100 91 81 116 115 188 216 213 213 213 213 213 212 215 200 134 121 212 212 211 211 217 167 157 214 161 115 116 111 102 173 151 142 156 198 234 206 192 159 150 174 115 116 147 190 197 150 209 161 151 133 210 208 245 171 139 133 148 115 129 109 115 124 89 120 81 109 87 97 84 95 94 96 111 124 124 126 123 106 117 139 112 66 85 73 92 124 122 46 80 133 102 67 122 119 90 76 122 158 171 86 68 122 112 80 80 55 48 56 67 68 65 57 54 54 46 42 31 58 54 55 39 35
55 63 64 60 65 70 79 76 61 124 214 213 213 214 213 213 213 213 216 192 108 84 194 215 211 212 208 147 105 102 92 102 102 101 123 163 199 227 252 234 223 164 191 152 129 165 150 196 180 184 240 123 213 152 133 158 234 224 188 145 155 177 173 166 180 159 162 134 134 124 122 119 110 107 101 97 90 73 84 94 107 108 109 119 126 139 123 115 112 105 96 108 125 90 104 125 107 76 130 134 84 70 111 152 179 80 70 139 124 82 89 65 61 66 64 47 53 48 42 57 52 34 51 65 61 47 51 37
36 41 44 44 58 90 108 83 107 171 216 212 213 213 212 212 211 211 217 159 99 77 113 188 212 217 191 189 138 81 63 72 76 81 92 199 241 207 178 153 140 134 207 155 150 189 119 229 201 189 243 176 198 189 224 231 150 124 105 124 192 193 184 184 198 194 168 160 150 132 134 119 114 107 104 100 90 62 74 65 73 74 76 83 80 94 89 103 112 115 118 133 122 116 124 120 127 124 128 134 134 139 146 145 170 143 124 131 131 100 94 82 76 74 62 55 52 46 41 44 39 38 58 69 54 32 46 30
40 46 51 49 47 61 76 62 104 191 209 212 212 212 212 212 211 211 212 131 99 88 134 92 97 112 124 206 171 88 66 72 77 86 99 146 149 147 132 157 202 153 206 155 143 194 138 237 242 239 251 240 224 209 176 140 105 106 125 134 164 224 245 247 232 212 173 153 133 151 160 141 134 126 116 102 78 78 84 83 83 84 83 79 76 73 77 68 71 76 71 77 80 78 84 87 92 101 104 109 116 113 115 106 128 140 138 125 118 113 105 70 67 70 67 51 43 57 52 57 48 43 47 53 54 37 38 29
37 39 38 39 39 48 68 63 89 206 208 209 208 209 210 210 209 213 189 114 99 90 197 109 63 62 124 173 169 116 80 85 96 126 160 179 173 197 162 161 195 154 167 146 159 206 201 235 206 185 152 121 103 102 101 107 121 146 188 194 207 253 255 253 214 194 155 63 59 175 170 126 129 128 122 111 86 92 94 93 94 94 93 84 82 84 84 85 84 83 80 79 83 79 74 81 79 74 78 80 90 83 96 78 97 78 92 76 81 75 76 77 67 67 58 44 53 57 53 42 47 45 44 50 47 30 26 27
37 37 38 38 43 60 74 62 137 213 208 207 206 207 208 209 212 218 151 109 95 94 207 145 77 67 151 163 173 128 122 135 169 174 184 189 166 209 180 213 224 226 202 229 219 169 125 120 99 102 104 115 122 135 156 164 150 149 221 242 244 253 254 252 253 227 167 107 109 183 185 139 135 130 123 112 93 97 103 105 107 108 106 94 87 67 65 74 71 77 84 90 95 94 92 91 89 89 87 93 109 120 110 119 109 109 100 96 88 78 64 56 63 58 47 41 39 47 47 44 49 66 68 49 40 30 28 27
34 38 42 47 47 47 48 61 170 212 207 207 206 207 207 206 167 189 112 105 82 123 168 160 85 82 166 159 167 178 187 192 180 179 203 204 225 247 241 242 219 185 139 133 106 101 100 102 115 137 168 177 197 173 155 109 94 99 228 245 247 254 254 252 248 223 163 108 102 176 192 144 135 129 124 114 94 98 103 103 106 105 107 103 101 54 58 75 44 85 92 101 115 114 109 105 103 104 110 118 131 139 142 142 140 135 126 116 106 84 70 60 61 46 48 41 37 38 62 65 58 70 57 59 69 44 28 26
33 36 44 42 47 48 58 74 184 210 207 207 207 207 210 184 76 93 91 88 70 127 168 160 149 175 186 162 185 169 205 204 215 243 250 241 228 197 146 115 98 91 93 114 131 145 158 151 175 196 223 237 248 213 171 110 106 101 227 248 250 254 253 253 248 228 155 72 71 173 191 142 131 129 119 113 96 99 105 107 108 108 107 101 103 65 69 80 57 92 106 114 120 119 117 114 112 120 131 133 144 149 151 151 151 150 144 134 124 78 63 55 52 38 36 42 40 55 73 54 57 61 58 55 52 52 49 42
34 35 43 42 44 51 60 90 205 207 208 207 207 207 212 173 84 89 87 78 78 139 172 158 177 187 159 154 184 191 244 229 204 195 144 116 104 104 111 121 125 159 179 167 140 104 111 157 217 244 250 249 245 224 196 125 123 120 230 246 244 254 254 252 249 221 155 73 73 177 190 139 136 131 121 114 97 101 105 107 107 109 109 100 103 55 57 75 53 82 102 115 124 123 118 116 116 118 133 140 147 153 154 152 153 149 144 134 124 75 55 60 51 59 72 46 40 56 68 59 72 65 66 56 55 56 57 47
33 35 36 37 56 51 71 181 209 206 207 206 206 207 202 127 96 84 93 119 138 170 164 151 199 237 204 213 189 145 143 113 100 102 116 134 137 144 140 144 178 206 231 200 144 97 113 201 229 243 246 248 244 231 194 107 104 101 231 218 182 255 255 255 251 223 162 80 81 178 193 147 143 134 125 117 97 102 105 105 107 109 109 103 106 46 53 79 37 93 105 116 126 125 119 119 119 119 135 144 149 149 148 152 153 150 144 134 130 73 49 68 51 75 85 50 40 36 50 62 63 60 54 50 40 48 41 33
31 33 36 38 45 45 96 212 208 207 206 207 206 206 208 182 194 128 172 219 194 174 199 171 191 170 123 115 100 98 109 136 159 157 143 149 106 104 136 120 212 230 245 219 173 119 125 199 236 240 243 244 248 236 189 115 112 106 234 216 167 214 187 173 160 152 128 116 114 118 116 109 105 103 101 98 94 104 105 105 107 108 109 107 105 46 55 84 43 91 103 116 124 118 118 120 118 120 134 144 147 150 154 156 151 148 143 134 130 72 57 68 47 50 61 44 41 37 41 50 50 56 37 35 32 40 41 39
34 33 35 40 41 46 89 153 190 199 206 205 205 206 203 217 238 214 213 225 151 137 140 105 94 101 111 126 137 130 154 220 226 217 130 153 117 118 169 133 211 233 243 225 167 104 120 201 241 243 244 243 247 235 183 113 113 108 216 203 139 187 204 218 225 209 199 188 173 150 144 130 124 115 109 96 76 86 92 95 95 99 102 96 93 58 52 77 48 90 98 110 127 123 118 120 117 118 133 145 147 152 155 154 154 151 144 133 130 73 52 53 46 38 49 49 38 38 53 61 49 37 33 42 35 41 44 30
34 33 33 37 39 43 78 119 126 149 202 205 204 205 206 188 151 140 128 118 110 106 101 124 133 167 214 203 122 100 194 247 241 235 150 167 117 118 164 128 201 235 244 235 165 112 127 199 242 252 248 243 240 211 152 120 127 126 168 186 202 255 255 255 255 234 230 192 161 160 177 144 136 128 124 115 97 101 103 99 99 100 99 93 88 86 87 83 80 81 80 90 99 101 99 105 110 115 129 141 141 137 131 133 134 132 129 124 125 73 45 62 42 53 58 44 32 41 71 62 56 48 32 33 42 36 29 27
35 33 32 35 37 45 98 90 133 125 179 207 204 203 203 202 194 197 177 152 198 188 139 122 121 223 243 236 154 113 208 242 241 236 143 162 112 123 163 133 215 243 249 231 157 118 121 161 186 189 177 164 165 157 173 195 202 223 248 251 246 255 255 255 249 235 229 211 193 180 177 146 133 129 122 114 100 104 109 109 113 115 115 112 113 112 115 107 113 115 95 107 110 109 104 100 99 98 107 124 130 130 126 126 126 124 118 110 105 76 49 51 48 60 52 46 40 64 54 53 57 47 36 32 52 35 29 35
31 30 32 33 36 40 42 77 102 120 187 204 202 203 203 200 219 251 230 191 235 208 168 147 135 233 235 233 145 114 206 239 242 232 141 159 112 115 147 126 190 200 185 156 140 145 160 162 195 214 230 240 251 240 236 244 234 247 244 251 220 201 200 195 185 156 153 154 144 131 123 106 111 109 106 99 90 96 102 105 109 110 111 111 109 113 117 110 115 112 98 116 126 127 125 119 118 117 133 147 149 154 155 154 154 154 147 137 129 78 48 59 59 54 38 35 53 53 63 60 48 30 34 28 32 30 28 44
32 31 32 33 33 38 42 53 88 136 156 200 202 202 202 199 224 246 222 189 238 204 159 140 133 230 235 233 143 115 198 237 232 201 125 138 129 140 147 163 172 187 215 222 225 223 242 230 254 254 252 254 252 245 231 235 220 206 184 181 169 225 241 243 239 215 225 210 196 179 153 130 131 127 119 108 84 85 89 86 88 91 91 90 89 89 95 96 99 98 94 109 116 115 116 118 118 118 132 147 148 148 150 149 146 146 143 135 130 78 43 57 53 45 45 43 54 58 66 66 64 42 46 39 26 31 36 29
32 32 31 31 33 38 43 57 66 107 172 203 200 200 201 199 229 247 223 187 211 202 161 134 128 219 222 189 120 127 147 177 184 187 196 204 217 231 233 248 239 250 255 244 232 228 227 214 215 207 202 195 192 166 145 124 111 117 211 231 239 255 254 251 250 255 222 74 62 171 174 147 132 127 121 113 100 106 111 112 114 114 110 102 89 71 62 75 61 75 86 94 102 101 99 103 103 102 112 128 130 128 126 125 124 124 121 118 110 79 42 50 44 44 34 40 45 52 64 63 52 37 35 31 27 29 33 26
32 32 31 30 33 44 48 47 59 94 174 202 203 203 201 188 201 214 198 165 180 159 122 139 147 175 188 190 199 216 222 244 249 244 240 236 228 230 220 221 199 202 195 184 158 133 132 156 198 208 223 228 241 213 149 101 115 110 233 245 243 253 252 248 246 250 221 60 49 178 174 148 135 128 119 110 98 105 109 111 113 114 113 113 107 64 57 80 54 94 99 104 123 118 121 122 120 118 128 145 146 150 153 152 151 149 146 136 128 74 37 41 36 41 34 37 53 62 74 48 41 30 35 28 27 26 28 26
29 31 32 31 31 39 38 36 48 102 111 114 110 115 100 88 151 206 177 159 209 176 147 228 229 234 243 237 221 218 206 211 205 189 172 162 140 145 140 123 167 205 224 208 129 98 123 195 254 254 252 246 243 244 196 134 143 145 228 226 222 253 252 248 248 252 229 156 149 183 167 146 134 126 118 108 100 105 106 109 112 115 115 110 115 75 70 83 69 94 110 116 120 116 119 120 122 121 130 147 145 149 152 153 152 149 146 136 131 79 37 36 42 44 35 38 47 64 57 54 57 31 31 29 30 27 31 27
28 29 28 29 29 31 33 34 38 55 62 69 57 52 54 49 178 241 207 169 222 174 151 190 178 185 189 174 124 114 173 209 220 189 113 133 94 117 147 128 224 242 244 239 165 132 146 211 245 242 240 238 237 232 192 114 124 118 233 206 173 255 251 250 250 251 240 230 214 190 169 149 132 127 119 110 97 102 106 111 110 109 112 109 114 68 63 80 54 93 105 114 119 119 118 120 122 120 127 144 150 152 154 150 150 148 141 134 128 79 37 37 41 37 42 54 50 49 50 55 41 33 30 29 33 30 28 29
28 28 29 28 28 30 32 33 37 40 45 49 47 49 50 48 166 208 181 159 208 165 126 109 123 222 235 219 125 113 217 247 240 231 141 170 123 134 162 144 226 239 238 231 158 115 131 209 240 234 236 233 234 229 185 99 118 124 226 226 224 255 254 251 251 251 241 229 212 194 175 149 139 129 121 113 97 98 103 107 106 109 112 111 115 70 68 84 63 101 104 112 117 117 116 118 119 118 127 149 151 154 154 152 146 143 139 133 127 84 37 40 40 40 47 41 30 37 52 36 31 32 40 33 28 35 28 26
29 27 27 27 29 29 29 33 36 43 44 41 50 50 52 44 185 248 206 181 236 178 159 138 151 234 231 233 140 123 216 232 234 229 139 165 110 130 158 135 217 222 228 225 151 115 138 214 228 231 236 236 241 232 183 97 118 123 228 233 186 158 152 142 142 137 129 122 116 111 106 103 103 91 87 84 88 103 105 109 112 115 119 112 109 67 67 85 65 103 106 110 116 116 114 116 117 118 130 148 151 153 152 150 145 148 143 137 132 85 33 39 36 37 40 47 44 33 40 37 28 33 36 30 29 29 27 26
28 27 27 27 27 28 31 35 38 35 35 62 65 59 67 50 187 233 199 167 249 174 155 132 148 226 225 222 132 123 211 233 228 222 139 168 117 136 154 136 214 225 230 205 137 122 134 180 216 218 216 213 211 201 151 118 133 131 182 177 153 129 133 135 125 120 112 102 95 92 90 88 85 79 76 70 71 85 88 89 93 97 94 94 88 74 73 82 73 88 85 95 105 105 105 104 104 110 107 106 109 107 105 96 88 89 92 89 84 68 37 33 35 37 38 40 34 28 30 41 38 32 31 32 42 33 29 26
28 27 27 27 28 30 31 35 35 32 51 64 53 51 56 51 182 228 201 170 242 162 159 122 141 213 212 203 126 120 183 201 195 174 120 138 127 127 125 126 144 167 166 149 133 159 156 138 156 159 176 181 185 174 170 194 197 199 197 207 203 205 181 174 158 149 132 122 116 108 101 95 90 86 86 93 94 101 101 102 105 105 103 101 97 95 98 98 105 96 92 96 92 91 92 91 88 92 94 100 110 117 133 112 87 84 82 79 71 46 38 32 33 44 47 48 38 36 33 28 37 35 35 44 50 38 34 29
28 28 28 28 30 32 34 30 31 34 56 55 59 48 50 51 138 161 132 142 190 145 131 155 155 164 169 167 169 179 179 191 196 187 195 176 207 204 185 198 191 222 241 214 209 236 237 213 241 238 255 255 255 237 224 252 253 241 234 247 233 241 216 200 189 191 169 141 145 129 115 104 101 96 100 104 100 107 102 104 110 109 119 116 115 115 119 123 125 122 118 116 118 121 119 117 115 118 120 128 136 139 142 123 104 99 92 85 66 37 33 29 34 46 52 50 40 52 40 30 37 45 42 45 46 43 34 29
27 27 28 27 30 33 32 30 30 35 48 53 55 47 47 45 95 151 129 192 242 188 159 234 219 232 237 223 225 227 219 248 246 251 246 201 243 230 210 237 239 249 255 227 223 230 234 218 251 247 252 251 250 241 218 249 244 243 243 254 247 224 172 159 160 148 133 123 112 106 101 94 88 90 104 107 97 98 105 111 118 120 118 112 115 116 124 126 125 126 120 118 125 125 126 126 125 124 126 132 138 138 140 123 106 92 88 84 66 53 46 45 47 50 37 38 48 38 36 32 48 64 64 71 73 52 47 31
27 27 28 30 31 33 35 34 34 39 41 51 53 50 52 54 58 132 180 194 238 183 160 223 217 155 233 225 223 231 219 246 244 246 242 206 245 234 212 253 247 246 252 235 217 150 210 227 252 251 251 251 250 240 224 207 144 232 243 252 241 215 236 213 178 171 163 147 131 119 109 105 103 110 111 103 102 108 116 116 116 116 110 115 114 114 125 128 129 126 122 120 128 128 129 131 126 125 126 134 143 139 139 122 116 103 88 81 88 84 80 79 62 67 69 57 65 68 58 55 62 77 79 108 92 66 71 55
29 31 34 35 39 37 35 34 35 35 48 75 74 93 100 111 103 128 207 179 213 152 163 201 197 181 199 196 194 198 189 204 198 201 204 179 201 204 196 218 215 212 218 204 199 197 196 188 212 213 217 215 219 204 189 199 197 212 209 217 222 226 239 226 184 175 166 150 139 121 110 112 110 114 114 107 88 97 103 102 102 103 107 105 101 104 109 110 110 108 109 107 112 114 116 118 118 115 110 118 136 136 135 122 117 117 106 76 68 67 67 68 75 75 87 96 93 126 132 134 109 117 106 113 119 112 82 77
28 29 32 32 35 29 32 30 30 30 63 80 76 117 118 121 117 159 206 194 215 138 185 213 205 208 190 201 192 189 189 183 190 195 198 189 193 203 195 207 199 212 206 198 194 178 189 187 198 198 204 195 208 202 187 195 188 219 211 213 224 229 237 227 185 165 146 127 109 108 146 129 106 117 121 113 92 100 103 99 102 105 101 107 109 107 105 104 104 106 111 115 109 94 108 114 113 119 116 113 123 132 134 124 119 118 100 67 71 72 74 78 74 85 100 107 111 130 173 181 173 168 152 161 140 116 125 114
40 36 56 46 35 43 44 43 46 48 62 74 77 100 122 118 111 165 177 171 181 121 181 188 175 171 155 175 181 173 175 165 172 177 181 196 191 193 201 193 192 202 195 205 195 177 200 192 200 201 196 198 207 205 207 211 192 212 225 225 223 223 246 232 184 188 173 150 137 167 199 132 99 110 126 114 90 96 99 98 100 96 100 103 106 109 105 101 104 106 109 112 109 98 109 111 112 113 117 111 119 134 134 120 116 118 97 52 52 58 56 63 69 77 101 106 97 107 133 168 140 138 133 120 131 166 159 116
58 59 82 79 59 59 64 64 65 67 67 78 93 129 127 106 141 159 136 139 142 104 165 163 144 148 148 153 163 153 141 140 133 132 142 167 157 158 158 145 162 165 143 155 164 152 152 161 162 154 164 168 176 174 174 189 180 196 219 229 222 228 237 234 194 191 195 197 191 191 201 133 106 108 111 103 89 97 100 103 106 102 109 111 108 105 104 102 106 106 110 107 108 111 112 116 110 109 112 113 120 127 129 122 116 115 94 55 56 56 57 65 77 85 88 93 98 99 113 151 140 139 133 166 153 175 158 107
53 51 70 64 52 59 63 60 64 67 70 78 85 113 111 95 121 124 113 87 120 95 149 153 155 157 155 161 167 163 160 156 156 157 173 181 180 181 177 156 159 164 149 153 157 154 140 145 143 133 129 135 134 149 163 171 172 159 160 167 181 207 210 211 191 194 182 182 187 192 197 132 104 106 106 99 81 84 88 90 89 94 96 100 98 100 101 96 102 97 98 94 96 101 100 96 92 90 93 97 100 102 100 103 101 101 88 48 46 47 52 57 66 72 81 84 83 89 87 118 123 122 133 129 142 146 131 98
41 41 46 43 44 43 46 42 45 45 67 75 76 93 109 104 107 136 122 125 123 96 136 135 128 132 132 136 141 139 137 136 137 136 142 143 145 149 151 153 153 158 162 162 169 175 174 172 177 174 169 169 163 167 179 183 183 167 170 169 167 182 191 182 163 163 164 166 162 165 172 121 97 98 97 92 71 71 76 79 83 86 91 92 93 95 95 96 98 97 97 98 96 95 94 90 88 86 86 87 89 89 89 96 96 98 96 79 83 84 85 87 89 90 92 95 94 95 97 98 127 141 138 148 142 129 118 92
40 42 43 44 50 46 49 47 43 46 63 78 77 104 102 103 100 137 151 146 145 107 142 141 127 123 118 124 131 121 110 115 109 116 124 128 137 139 133 132 132 124 130 130 141 141 142 142 141 151 145 149 151 152 145 157 165 172 175 183 186 195 206 182 153 161 164 162 163 162 162 117 93 97 96 97 77 75 77 80 85 87 91 85 88 86 88 86 87 85 82 76 82 80 79 81 79 82 85 89 89 90 93 94 95 92 98 98 98 99 99 104 100 100 98 100 102 101 112 121 122 133 136 145 152 145 134 104
40 40 44 51 50 58 56 58 57 59 66 69 72 82 89 96 96 118 152 148 160 114 145 161 158 153 137 146 140 132 128 124 122 117 121 122 117 113 113 110 119 115 113 110 120 126 120 123 123 121 126 134 127 135 141 146 145 143 142 145 136 138 142 130 140 149 143 135 132 134 131 97 78 85 82 79 70 66 60 62 69 74 77 71 75 78 81 77 80 80 79 76 79 78 79 78 79 77 78 78 78 79 80 84 84 84 85 72 71 75 74 91 83 82 85 88 89 90 96 102 104 107 105 104 112 95 89 71
40 41 40 44 48 51 54 56 63 67 69 72 70 67 70 67 65 101 148 137 157 119 130 150 147 152 144 148 142 143 146 142 147 146 147 149 148 149 152 143 141 143 129 132 134 124 118 124 121 116 114 115 114 121 130 133 137 129 134 141 146 155 160 143 125 130 131 130 130 129 129 100 85 87 88 88 75 72 75 76 81 82 87 88 91 90 92 91 90 89 86 87 86 88 88 88 87 84 86 91 91 91 89 89 92 92 86 58 58 64 66 80 71 72 76 79 77 79 78 85 100 107 110 125 124 122 113 90
47 49 48 47 54 58 54 56 58 59 58 67 68 64 64 56 59 104 127 151 174 132 125 159 150 114 160 149 146 148 140 144 138 138 137 132 142 149 144 148 147 154 147 151 143 133 144 139 139 133 131 132 134 131 129 138 136 130 128 128 129 138 135 133 124 122 125 126 124 123 124 109 99 98 95 89 82 83 84 86 86 88 93 91 91 92 91 89 92 91 91 87 90 97 95 97 96 94 96 99 104 102 104 102 99 97 87 63 62 63 64 72 72 76 80 85 88 88 91 116 113 109 111 105 112 108 96 77
52 57 57 59 64 65 60 62 60 60 61 62 66 65 63 59 98 114 106 142 169 133 128 169 159 157 170 157 160 165 161 176 172 170 166 145 161 154 146 157 151 151 152 146 145 135 141 140 147 152 148 147 154 153 154 154 142 150 165 165 153 153 151 153 140 139 133 133 137 138 139 111 99 98 95 91 85 87 92 92 94 92 95 95 94 92 90 89 92 91 92 93 93 92 94 98 96 96 98 96 99 108 107 101 97 98 88 60 61 64 62 66 66 71 84 90 84 85 96 114 102 101 100 122 116 126 116 86
52 51 52 53 54 55 57 59 64 70 70 71 65 65 64 66 127 127 115 119 146 111 111 128 131 143 151 152 164 158 161 177 178 183 177 155 183 168 159 182 172 168 170 153 147 140 140 134 146 144 148 143 150 146 139 145 138 154 159 163 161 166 177 173 142 141 143 144 140 141 147 108 90 92 95 91 82 86 88 87 89 85 88 90 92 93 91 87 89 90 93 96 92 82 91 93 94 99 98 95 99 107 109 102 98 96 88 66 68 69 70 73 72 75 85 88 92 97 119 133 123 113 108 101 109 131 119 90
46 45 44 45 46 47 51 52 89 130 118 117 91 76 71 71 160 161 140 132 167 112 118 92 107 131 127 118 113 118 135 146 153 158 160 144 168 157 150 167 168 173 180 162 151 112 149 154 169 165 162 158 156 142 132 137 134 149 145 147 153 153 170 160 131 131 120 110 105 120 138 104 85 92 101 95 81 85 87 84 86 87 85 89 91 90 88 89 88 89 91 92 90 87 91 95 95 95 91 94 105 106 106 100 96 96 91 68 51 53 52 57 58 60 69 79 82 95 117 122 115 121 110 117 98 93 106 92
43 42 44 42 47 53 52 57 103 143 143 144 137 129 125 114 157 152 130 128 166 113 117 94 114 149 149 140 93 95 125 132 130 115 107 113 129 130 127 138 142 160 168 149 152 149 156 151 170 169 174 173 168 159 152 145 118 151 149 152 154 152 159 153 127 117 106 96 89 91 111 101 88 94 96 92 79 84 87 85 85 87 89 89 86 87 92 92 94 92 92 92 96 98 99 100 99 98 99 102 109 108 108 99 95 90 81 70 51 50 50 49 51 50 53 54 50 53 64 64 62 65 74 76 82 77 72 76
44 44 44 43 59 59 50 51 74 115 134 140 140 140 141 137 149 149 129 127 154 111 116 92 112 150 148 143 93 97 139 149 145 132 95 106 92 95 98 100 109 126 135 126 130 146 150 140 157 157 168 167 166 158 148 156 138 158 159 167 158 143 155 146 123 117 110 103 97 90 88 91 88 91 91 88 82 87 91 91 91 92 90 91 92 92 97 99 100 99 97 95 99 99 99 99 98 98 98 101 105 105 106 98 90 79 75 74 61 49 50 50 49 49 51 57 55 52 55 53 52 45 48 47 48 47 46 43
44 44 44 45 51 53 53 52 71 115 131 136 137 137 137 135 138 133 119 116 137 106 103 92 109 144 146 139 92 94 140 146 146 138 99 112 87 97 101 97 125 130 126 112 98 110 117 113 124 130 147 151 156 144 141 158 158 154 152 163 158 139 138 128 115 113 110 104 99 93 86 85 84 86 88 85 82 84 88 90 92 93 92 90 91 91 94 96 96 95 93 92 95 94 94 94 93 93 95 97 102 103 105 97 86 81 78 74 66 52 49 49 50 54 49 51 54 57 56 55 56 49 49 47 45 43 42 35
45 46 46 46 47 52 54 60 78 115 132 133 133 134 134 133 142 137 121 116 136 106 105 111 110 128 131 121 85 87 138 146 145 136 97 109 84 95 104 100 134 137 140 129 97 90 97 111 120 120 126 125 126 121 118 133 139 141 140 150 147 142 116 109 107 102 97 93 89 86 82 79 77 78 83 85 82 84 83 85 88 88 91 90 88 89 89 91 92 90 88 87 85 86 85 83 81 82 84 85 89 93 100 94 79 75 73 71 68 57 50 51 50 50 50 48 52 57 62 56 55 49 47 47 44 43 43 35
46 46 45 45 46 50 52 60 71 98 123 131 130 131 131 128 127 126 112 108 128 104 108 131 128 130 131 118 101 94 120 134 140 123 92 104 83 94 103 101 135 138 139 135 101 85 95 127 135 135 134 133 132 122 101 92 100 104 118 125 127 139 127 118 112 111 101 93 93 89 84 81 78 77 79 82 80 83 82 82 84 84 84 83 81 78 77 78 78 77 75 77 78 78 78 77 78 81 82 82 86 86 87 85 74 73 73 73 71 67 52 54 54 53 52 49 53 54 60 60 53 49 47 47 45 44 42 35
46 46 45 46 46 52 54 66 72 97 117 128 128 128 128 128 137 130 117 106 120 100 96 108 116 128 134 131 128 123 120 124 125 108 90 88 77 87 95 97 134 140 139 134 100 85 91 126 137 135 136 137 138 133 110 79 84 85 114 110 103 106 108 108 103 101 95 89 88 85 81 78 76 73 73 74 72 76 76 75 78 80 78 78 76 69 66 72 66 76 77 79 85 86 85 86 86 88 92 97 98 98 96 94 93 93 93 92 89 79 52 56 58 56 53 50 54 55 60 61 58 54 49 50 46 46 44 36
45 45 46 46 47 54 58 74 78 95 118 125 125 125 125 126 140 135 123 114 127 106 101 84 98 118 117 112 112 119 127 134 135 126 121 111 101 100 92 86 115 132 140 132 100 87 93 123 137 134 134 132 133 129 112 78 84 88 126 128 106 86 88 90 89 87 83 82 79 77 76 74 72 70 69 67 68 77 79 80 83 84 86 85 83 68 62 73 63 77 82 83 86 87 86 86 87 88 90 101 103 103 104 104 101 100 98 96 93 81 53 57 59 57 56 51 53 55 60 60 59 53 49 51 47 47 44 37
45 45 45 46 47 59 69 77 89 97 121 122 122 122 123 123 137 133 120 115 134 110 104 84 100 130 128 110 86 93 107 120 124 126 130 128 126 125 116 109 107 113 119 113 87 78 85 115 138 136 135 132 131 129 112 81 81 83 123 127 118 113 105 98 94 93 88 85 79 78 78 78 77 73 73 72 72 78 80 81 81 82 85 84 83 70 62 71 61 74 81 83 86 86 86 86 87 88 89 97 101 101 102 101 99 98 97 94 91 79 55 55 56 57 58 58 55 56 58 57 57 53 49 49 48 50 44 36
45 45 46 47 47 59 80 91 99 107 117 119 120 120 120 117 126 127 115 110 127 107 101 85 99 126 127 120 85 87 114 118 115 105 102 109 115 120 126 127 123 124 122 114 102 90 88 103 128 131 132 132 132 128 110 87 87 87 121 118 115 148 137 132 128 124 118 113 107 102 99 92 89 85 83 81 76 77 79 81 82 82 83 82 82 71 62 70 61 70 80 82 86 85 85 86 87 87 88 96 97 98 100 99 99 98 96 93 90 78 55 56 55 54 56 60 54 55 58 57 57 55 51 48 49 52 44 36
45 45 47 48 49 56 86 102 106 112 116 116 117 117 117 109 106 108 99 95 111 100 91 81 95 123 125 117 87 85 118 125 127 112 87 91 88 96 103 112 114 124 130 125 119 116 113 111 114 115 117 119 125 116 98 80 81 84 119 119 118 145 138 136 134 133 127 122 117 111 104 96 91 88 85 82 77 78 79 81 82 82 82 82 82 71 62 69 63 71 79 81 85 84 85 85 85 85 86 94 96 96 97 98 97 97 95 92 89 77 57 57 55 53 55 57 53 58 59 58 56 55 51 49 50 51 46 37
45 45 47 48 50 56 84 109 113 113 114 114 115 115 114 110 99 95 97 87 87 84 81 80 88 111 118 112 85 84 116 124 124 116 88 92 79 83 89 93 102 109 115 111 113 115 119 116 121 119 116 117 117 109 96 86 79 83 118 123 124 141 136 132 130 132 121 103 103 106 101 94 90 87 84 80 76 78 79 80 82 82 82 81 79 67 60 67 61 68 74 75 80 81 81 81 81 80 83 89 92 91 91 92 92 89 88 85 83 74 59 59 59 55 58 56 54 55 55 56 56 55 52 51 51 51 47 38
46 46 47 48 51 52 74 105 112 112 113 112 112 113 110 109 103 95 104 102 85 88 78 76 79 91 102 98 81 81 110 121 121 112 88 91 78 83 89 88 107 116 113 104 95 96 103 108 117 122 124 125 121 115 109 105 97 92 108 115 122 139 134 128 126 128 114 83 76 102 101 93 89 86 83 80 75 77 79 79 80 80 79 77 74 68 64 69 66 67 71 74 78 78 77 78 80 79 83 89 90 91 91 90 90 87 87 85 83 76 59 59 60 58 61 57 54 52 52 55 57 56 54 52 51 51 48 39
46 47 48 48 50 51 62 96 110 110 110 110 110 111 101 93 96 84 98 106 90 95 94 86 88 82 81 83 79 78 97 114 115 106 84 87 76 80 89 87 107 117 118 108 86 80 88 97 108 112 115 115 117 113 113 114 112 110 106 105 109 133 132 126 125 123 114 84 75 93 100 92 87 85 83 79 74 74 75 74 75 75 75 73 72 72 72 74 75 74 73 77 82 81 81 81 81 80 83 89 91 92 93 93 91 91 90 87 85 77 60 58 59 57 58 54 53 52 55 56 57 58 56 55 53 52 49 40
46 47 48 49 51 51 55 81 107 108 108 108 108 109 101 82 80 72 79 89 86 93 93 97 107 98 82 83 78 77 83 95 100 95 82 85 75 80 88 89 106 114 116 109 89 77 82 99 107 110 109 108 106 103 100 106 108 112 114 112 108 118 122 120 118 116 112 96 86 92 95 86 84 83 81 78 71 72 73 74 74 76 76 76 76 76 78 77 78 78 74 76 81 81 81 78 77 76 78 83 87 88 88 88 87 87 85 82 79 72 62 59 57 56 53 53 52 52 56 57 56 58 57 57 57 55 50 41
46 47 48 49 51 53 54 77 103 106 106 106 106 107 104 77 69 69 67 70 77 91 90 90 104 106 94 96 88 87 85 83 81 83 83 82 75 78 81 90 103 112 115 106 89 75 82 101 113 114 115 113 109 99 88 88 92 101 110 113 111 117 114 114 107 101 101 97 92 91 86 81 81 79 77 76 72 73 76 76 77 77 77 77 77 76 76 75 74 75 72 73 76 76 76 73 74 74 77 82 84 84 83 81 82 82 81 79 78 72 62 60 58 57 54 53 52 52 55 58 55 56 56 56 56 55 49 39
47 47 48 48 52 54 54 67 97 104 104 104 104 105 104 88 78 74 67 65 71 85 88 86 94 98 93 94 92 97 98 94 87 88 86 82 77 77 77 83 97 106 111 101 87 74 81 99 110 114 114 113 112 106 90 76 75 84 98 104 109 121 122 117 112 103 100 97 94 91 88 83 81 81 80 77 73 73 75 73 74 74 75 74 72 69 68 69 67 69 71 70 75 76 76 76 77 77 80 86 87 87 87 87 86 87 85 83 81 73 62 58 58 57 55 54 53 52 53 55 55 56 58 55 54 55 47 37
47 47 48 49 52 55 54 64 92 102 102 103 102 103 103 97 91 82 70 68 67 83 84 78 81 87 91 87 91 97 103 102 101 97 93 89 80 77 79 78 86 95 101 95 81 73 78 94 107 111 112 111 111 106 92 78 72 73 98 96 98 116 124 120 116 110 105 98 93 92 90 87 83 81 80 76 71 70 72 72 72 72 73 73 70 64 61 67 60 65 72 73 78 79 77 77 78 77 80 84 87 87 88 89 88 87 86 83 80 74 63 60 59 58 57 55 54 53 54 52 52 54 56 54 53 51 45 36
47 48 48 49 52 55 55 60 82 97 101 100 101 101 101 101 100 92 75 69 67 82 85 73 69 78 85 86 87 90 101 97 102 101 105 102 97 89 82 80 75 82 87 87 80 75 76 89 103 107 110 111 108 104 93 77 72 75 98 100 94 110 108 109 109 104 100 93 89 87 88 83 81 79 76 72 70 71 72 72 73 73 74 73 72 63 58 66 59 66 72 74 78 79 77 77 77 77 79 84 85 86 87 87 87 86 84 82 79 73 63 61 61 59 59 57 54 55 55 55 52 53 53 53 52 50 44 36
49 49 49 50 52 55 56 59 78 94 98 98 99 99 99 99 99 98 83 70 68 79 83 75 71 74 85 86 82 79 82 91 95 95 97 104 108 97 95 90 82 83 82 81 75 76 75 83 94 101 106 106 105 101 89 78 73 78 99 106 98 107 108 103 102 95 89 84 82 85 83 79 78 77 73 72 71 70 72 73 73 73 73 73 72 62 59 64 60 64 71 75 78 79 76 75 75 76 78 81 84 84 85 85 85 85 83 81 77 72 63 61 61 59 59 58 55 54 54 54 54 52 51 52 53 52 45 37
48 50 50 51 53 55 58 62 73 88 96 97 96 97 97 97 97 98 86 71 65 73 80 72 74 76 81 84 78 73 75 78 80 87 92 93 98 99 94 94 93 86 83 82 78 77 73 78 85 89 97 100 101 96 87 77 70 77 98 104 101 114 112 106 102 94 83 73 77 83 83 79 77 77 75 74 72 71 71 72 72 73 73 72 71 64 58 63 61 63 69 73 76 76 75 74 74 74 76 78 81 83 84 84 84 83 82 79 77 71 61 60 60 58 58 58 55 54 54 53 53 51 50 52 55 53 47 38
49 52 51 51 54 55 55 62 72 84 95 95 95 95 95 96 95 95 90 73 67 76 80 82 84 84 85 89 77 67 69 70 71 79 84 90 93 93 93 93 99 90 83 85 84 80 79 76 77 78 83 89 91 89 82 73 69 75 95 104 107 113 112 108 103 96 83 69 67 82 87 82 79 78 76 74 71 70 71 72 72 71 72 71 70 63 61 62 61 64 68 71 72 74 73 71 71 71 73 74 77 79 81 81 80 80 78 76 73 68 61 58 58 56 58 58 55 55 54 53 53 52 51 51 54 53 48 38
50 51 50 51 53 53 56 64 73 85 91 93 93 93 93 94 93 94 88 78 72 76 85 87 91 86 85 83 79 72 69 64 66 70 80 89 90 90 88 88 92 90 87 84 84 82 83 85 81 83 77 81 84 83 78 74 72 76 90 100 104 111 110 108 102 96 83 68 68 82 89 82 78 77 76 73 70 69 70 70 71 71 71 70 68 65 62 62 61 62 66 69 70 70 70 69 68 67 67 70 70 74 74 74 74 73 71 70 68 65 59 57 57 55 55 56 57 56 54 54 53 53 52 50 51 52 48 38
51 50 55 58 56 62 61 68 75 85 89 91 90 91 92 92 91 92 90 79 74 78 88 91 91 89 82 77 78 70 71 69 66 71 74 87 87 86 85 86 85 84 84 81 83 83 90 95 90 88 86 79 80 75 76 74 71 76 85 94 101 110 108 105 101 96 83 69 69 81 83 81 78 76 74 72 69 68 69 69 69 70 70 68 67 64 62 62 62 63 65 65 65 66 65 65 64 65 65 66 67 68 69 68 69 71 67 64 64 62 60 58 57 57 55 56 55 54 53 54 55 53 53 51 50 51 47 38
52 53 51 56 60 65 70 72 78 84 87 89 89 89 89 90 90 90 90 81 76 84 88 89 90 92 85 76 81 82 80 74 69 68 73 81 84 87 85 87 84 82 82 78 79 81 81 93 92 92 89 81 83 80 78 73 71 75 80 88 97 103 106 102 98 94 80 69 67 77 85 79 76 75 74 71 67 66 67 67 67 67 67 65 64 63 64 62 63 63 62 64 64 63 64 64 64 65 65 65 66 67 67 66 65 68 68 65 64 63 63 59 58 57 56 55 54 53 53 53 53 54 54 51 51 51 47 38
51 54 57 61 65 66 69 75 79 82 86 87 87 87 87 87 87 87 87 83 77 85 88 88 88 89 89 84 83 85 82 81 74 69 74 78 80 80 80 83 86 82 81 79 77 79 73 92 90 91 88 85 83 84 83 80 72 70 74 81 87 99 102 101 95 90 78 73 68 77 81 77 74 73 71 70 66 65 65 65 65 65 66 64 64 64 63 63 64 62 63 65 65 65 66 66 65 66 67 67 70 68 68 69 69 70 70 70 68 65 63 61 59 56 56 55 55 53 53 52 53 53 53 51 50 50 46 38
55 58 64 66 70 73 74 77 82 84 84 84 85 85 85 85 85 85 85 83 78 82 85 85 86 87 87 85 85 86 86 84 81 74 74 75 77 75 77 75 80 80 79 73 76 74 72 80 81 83 89 82 84 85 81 85 75 76 70 76 83 88 97 96 93 86 81 72 69 76 79 74 73 71 70 69 65 61 63 62 63 63 65 65 63 63 64 65 65 64 65 67 67 65 65 66 66 66 67 68 70 67 71 71 72 73 69 68 68 66 63 61 56 56 56 56 54 54 52 51 51 52 51 51 50 50 45 37
66 67 68 69 73 79 77 79 80 82 82 83 83 83 83 83 82 83 83 81 75 82 84 85 84 85 85 85 83 85 86 85 83 78 75 76 78 73 73 74 75 78 78 75 73 78 70 72 76 76 84 81 82 77 80 82 84 81 75 71 76 84 88 88 87 83 78 75 73 72 73 72 70 69 68 67 72 63 60 62 63 63 64 65 67 68 67 66 65 65 66 67 67 64 67 66 67 66 65 68 68 66 67 70 75 71 67 64 68 66 63 60 59 56 55 55 54 54 52 51 50 52 52 51 52 51 46 37
66 68 70 71 73 75 78 78 80 79 80 80 81 81 81 81 81 82 81 80 79 81 82 83 83 83 83 83 83 84 84 85 84 80 76 74 75 74 73 74 73 75 77 81 75 73 68 66 72 70 73 77 82 74 73 78 80 87 82 73 74 77 81 79 79 78 76 72 71 70 69 70 68 67 67 65 63 62 61 63 63 65 65 64 64 65 67 65 62 64 64 66 67 65 62 65 65 64 63 64 66 63 63 69 72 69 64 63 62 63 61 60 61 58 55 55 54 54 53 51 50 52 52 52 52 52 46 38
67 71 72 73 75 75 75 78 78 78 79 79 80 80 79 79 79 80 80 79 75 79 81 81 81 81 81 81 81 82 82 82 83 82 78 73 72 74 73 73 74 72 70 77 74 68 66 63 65 66 67 75 78 71 68 72 78 83 84 77 80 77 76 79 76 73 75 72 69 68 67 66 65 65 64 63 64 63 62 63 63 66 66 64 64 67 66 63 60 60 62 67 66 63 59 61 63 62 60 62 64 63 65 66 68 67 63 61 61 60 60 64 64 61 58 56 54 54 53 52 51 51 52 52 51 52 47 38
71 72 73 74 76 74 75 76 76 76 76 77 77 78 77 77 78 78 78 78 75 78 79 79 80 79 80 80 80 81 80 81 81 81 78 73 71 72 69 70 72 71 66 73 69 67 64 61 61 62 65 71 75 72 70 72 74 79 82 83 80 79 77 76 74 69 73 73 71 68 67 65 65 66 65 63 64 63 62 61 61 65 66 62 61 64 66 62 59 59 60 65 63 63 62 60 64 61 62 61 60 60 61 62 61 61 60 60 62 62 63 65 68 64 61 56 55 55 52 52 51 50 52 50 50 51 47 38
71 70 72 73 72 73 73 73 74 74 75 75 75 76 76 76 77 77 77 77 77 77 77 78 78 78 78 78 79 79 79 79 80 79 77 70 70 73 69 71 70 70 64 68 69 65 61 61 60 62 62 69 74 72 70 69 71 74 79 83 83 85 79 74 72 69 71 71 72 71 68 65 66 66 67 65 63 62 61 60 60 63 63 63 61 63 62 61 59 60 59 63 64 64 61 65 62 62 62 60 60 61 59 58 58 56 56 61 62 68 69 68 71 66 61 61 59 55 54 50 50 50 50 51 53 54 50 40
69 71 71 71 71 72 72 71 72 72 73 73 73 74 74 75 75 75 75 76 75 76 76 76 77 77 77 76 77 77 78 78 77 78 74 70 67 70 69 68 68 66 64 66 66 60 58 58 59 61 61 63 72 77 72 68 72 71 79 78 79 81 78 74 78 69 65 69 70 72 71 63 63 67 67 63 62 61 60 60 58 59 62 61 60 61 62 58 56 57 56 60 64 66 64 67 67 66 61 60 60 62 59 59 56 56 56 63 64 70 70 70 72 70 65 65 63 60 57 54 52 49 50 51 51 51 47 40
69 69 70 70 70 70 71 71 70 70 71 71 73 73 72 73 73 74 74 74 74 74 75 75 75 75 75 75 76 76 76 76 76 77 75 71 70 68 68 68 66 65 60 59 63 60 61 60 59 61 62 61 71 71 76 68 66 66 69 74 78 76 70 72 77 71 66 64 61 68 67 63 60 65 65 62 60 60 59 58 58 58 60 61 61 61 61 58 56 57 58 60 64 65 69 70 69 69 65 63 63 61 61 61 56 54 54 61 70 71 72 71 72 70 69 64 63 62 57 57 51 53 51 52 50 50 46 37
67 67 67 68 68 68 69 69 69 69 70 71 71 71 71 72 72 72 72 72 73 73 73 74 74 73 74 74 74 74 75 75 75 76 75 72 65 68 70 67 65 62 59 61 62 60 60 60 61 62 62 62 68 69 70 68 64 62 63 70 72 73 72 67 71 70 66 63 60 68 70 64 56 60 64 62 60 57 57 56 56 56 56 60 59 58 59 59 57 57 58 59 62 65 71 73 73 69 68 64 63 64 64 60 55 56 60 62 70 67 71 69 70 69 69 67 68 66 63 62 58 55 55 53 55 54 49 39
64 66 66 67 66 66 66 67 67 67 68 69 69 69 69 70 69 70 71 71 71 72 72 72 72 72 72 73 72 73 73 73 74 75 75 72 71 66 68 63 64 64 60 61 61 62 60 61 60 61 63 62 62 68 68 64 63 62 61 66 70 70 71 65 66 70 67 62 62 66 66 62 59 57 60 60 58 57 55 55 55 55 56 58 59 59 58 58 58 58 59 59 57 66 69 71 70 69 69 65 61 61 63 60 55 56 60 66 69 68 69 68 69 68 68 67 67 66 65 64 62 59 59 56 57 54 48 41
63 64 64 65 65 65 65 65 66 66 67 67 67 67 68 68 69 69 69 69 70 70 70 70 71 71 72 72 72 71 71 72 72 73 73 73 72 66 64 65 63 66 65 64 63 66 63 60 59 59 62 63 62 65 66 66 60 60 60 63 63 66 66 65 64 68 68 61 58 62 64 64 57 57 57 57 56 56 55 54 53 55 55 59 59 57 58 58 58 58 61 61 61 61 68 70 68 69 68 67 62 61 61 59 58 61 60 66 68 69 68 67 67 66 66 66 66 65 65 64 63 62 63 61 59 61 55 43
62 63 63 64 63 63 64 64 65 65 65 66 66 66 67 67 66 67 67 68 69 69 69 69 69 70 69 69 70 70 70 71 71 72 72 71 69 65 65 61 63 64 64 66 69 65 63 60 59 61 60 65 64 66 64 63 62 59 58 60 60 63 65 64 63 64 64 64 58 60 62 60 58 56 56 56 56 54 53 53 54 53 55 56 57 58 56 56 59 58 59 62 63 66 67 69 68 67 67 66 65 60 59 56 57 55 59 66 66 68 67 66 66 66 65 65 65 65 64 64 64 63 63 62 62 63 57 47
60 61 62 61 62 62 62 63 63 63 64 64 64 65 65 65 65 65 66 66 67 67 67 68 68 68 68 68 68 68 69 69 69 69 70 70 69 64 65 64 66 64 67 68 68 68 67 62 61 61 61 67 66 63 64 63 63 60 59 59 59 60 60 59 61 62 62 60 60 59 57 59 56 55 55 53 55 53 53 53 53 53 55 55 60 57 59 58 55 56 59 62 63 68 68 68 68 68 67 66 65 62 59 58 60 57 60 64 64 66 66 65 65 64 64 64 64 63 62 62 62 62 62 62 61 61 56 47
59 60 60 60 61 60 61 61 62 62 62 62 63 62 63 64 64 64 64 65 65 65 66 66 66 66 66 66 67 67 67 67 68 68 68 68 67 66 62 63 65 66 68 66 67 65 68 63 61 61 63 66 68 67 66 63 62 61 60 60 58 58 60 57 60 58 60 59 60 57 58 56 55 56 52 52 52 52 52 52 53 52 54 59 58 61 62 60 60 57 60 64 65 65 66 67 66 67 65 66 64 62 58 60 59 60 61 63 65 65 64 64 64 63 63 62 63 62 61 61 61 61 61 61 61 61 55 46
58 58 58 59 59 59 59 60 60 60 60 61 61 61 61 62 62 62 62 63 64 63 63 64 64 65 64 65 65 65 66 65 66 66 66 67 66 66 63 62 64 66 65 65 66 67 64 60 61 61 62 65 66 65 65 65 63 63 62 61 60 61 60 57 57 57 58 56 55 56 56 53 53 54 51 52 52 52 52 51 52 55 54 60 57 62 64 63 61 61 63 60 66 64 66 66 65 66 65 65 63 63 59 57 58 59 59 62 64 63 62 62 63 62 62 62 62 61 61 60 60 60 60 59 59 60 54 46
56 56 57 56 57 58 58 57 58 59 59 59 59 60 60 60 61 61 61 61 62 63 62 63 63 64 63 63 64 64 64 64 65 65 65 65 66 65 63 63 63 65 63 67 72 75 87 79 61 61 62 63 66 65 65 64 65 63 63 62 61 60 60 61 58 57 56 55 55 53 53 52 52 52 51 50 51 51 51 52 54 57 60 58 62 63 65 67 62 61 62 64 65 64 65 64 64 64 64 63 63 60 61 58 58 56 60 62 62 61 61 61 61 61 61 61 59 59 59 59 59 58 58 58 58 59 53 44
55 55 55 55 56 56 56 57 57 57 58 58 58 58 58 58 59 59 60 60 60 61 61 61 61 61 62 62 62 62 62 62 63 63 63 63 64 64 63 63 63 63 63 74 90 100 107 85 59 59 61 64 65 64 64 63 63 64 61 61 61 60 62 57 58 57 57 56 53 52 51 53 52 52 50 50 50 52 50 51 53 54 58 58 62 66 66 67 66 62 65 63 64 64 63 63 63 63 63 62 61 61 60 57 58 59 60 60 61 60 60 60 60 59 59 59 59 58 58 57 57 57 57 57 57 56 52 43
52 53 54 54 55 54 55 55 56 55 56 56 56 57 57 57 57 58 58 58 58 59 59 59 60 59 60 61 60 61 61 61 61 62 62 62 62 63 61 61 62 61 62 62 63 70 62 59 62 61 61 63 63 63 63 62 62 62 62 62 62 60 62 58 56 57 58 54 53 50 51 52 51 51 49 50 51 51 53 56 55 59 60 62 66 66 65 66 64 65 63 63 63 63 62 62 62 62 61 61 61 60 56 57 56 58 58 59 59 59 59 59 59 58 58 58 58 57 57 56 56 56 57 56 56 55 51 43
51 52 52 53 52 53 53 54 53 54 54 55 55 55 55 56 55 56 57 57 57 58 58 58 58 58 59 59 59 59 60 60 60 60 61 61 61 60 58 58 60 61 61 61 60 60 60 61 60 61 61 61 62 62 62 62 62 62 62 62 61 61 61 61 56 58 57 54 52 53 54 53 51 50 49 48 49 51 53 52 58 58 63 64 63 64 63 64 63 64 63 62 61 61 60 61 61 61 60 59 58 58 56 57 56 56 58 57 58 58 57 57 57 57 57 57 56 56 55 55 55 55 55 55 54 54 50 42
49 51 50 51 51 52 52 52 52 53 53 54 54 54 54 54 54 55 55 55 56 56 56 57 56 56 57 57 57 57 58 58 58 58 58 59 62 67 67 70 65 59 59 59 59 59 60 59 59 60 60 60 60 61 61 61 61 61 61 61 60 61 60 58 58 57 55 53 51 49 53 52 47 47 50 51 52 53 54 56 58 61 60 60 63 62 63 62 62 61 62 61 60 60 60 60 59 59 59 58 57 56 55 57 56 56 56 56 57 56 57 56 56 56 56 56 55 54 54 54 54 54 53 53 54 53 49 41
48 49 48 49 50 50 50 50 51 51 52 52 52 52 52 53 53 54 54 53 54 54 55 55 55 55 55 56 56 56 57 56 57 57 56 61 82 90 95 89 68 54 57 57 57 57 58 58 58 59 59 59 59 59 59 60 60 60 59 58 59 59 59 58 56 55 52 52 52 49 54 49 52 52 52 49 51 51 54 56 57 59 61 61 61 61 61 61 61 60 60 59 59 58 58 58 58 58 57 57 58 55 52 55 55 54 56 56 56 56 55 55 55 54 54 54 54 53 53 53 52 52 52 52 52 52 48 40
46 47 47 48 48 48 49 49 50 50 50 50 51 51 51 51 51 52 52 53 53 53 54 54 53 54 53 55 54 55 55 55 56 56 56 56 60 62 59 54 53 54 55 56 56 56 56 57 57 57 57 57 58 58 60 76 83 86 82 68 57 57 56 55 52 54 53 51 49 50 50 49 51 52 49 50 53 54 54 58 58 59 59 60 59 60 60 60 59 59 59 58 58 57 57 57 56 56 56 56 56 55 54 54 53 55 55 54 54 54 54 54 53 53 53 53 53 52 52 52 52 51 51 51 51 51 47 39
44 46 46 47 47 47 47 48 48 48 49 49 49 49 50 50 49 50 51 52 51 52 52 52 53 53 53 53 53 53 53 54 55 54 55 54 54 53 53 54 54 54 55 55 55 55 56 55 56 56 56 56 56 56 58 70 79 81 79 68 53 67 78 78 66 57 50 51 47 49 53 53 51 51 49 50 52 52 55 57 58 58 58 59 59 59 59 58 58 57 57 56 56 55 56 55 55 55 55 55 54 55 53 53 53 53 53 53 53 52 53 52 52 52 52 52 51 51 51 51 51 51 51 50 51 51 46 38
