82 90 91 94 92 93 96 102 104 103 99 99 100 100 102 104 105 106 106 107 109 109 109 112 115 115 115 115 117 116 115 115 112 110 111 111 111 116 119 115 114 116 119 118 115 113 111 114 117 119 117 114 111 113 118 119 115 115 116 114 112 115 119 118 122 124 121 117 114 116 119 118 118 116 117 114 112 112 111 111 110 108 108 113 113 111 108 107 107 108 107 107 102 102 104 104 105 106 105 106 110 107 105 105 102 103 103 100 100 103 100 97 96 96 97 97 96 100 97 96 96 95 94 88 83 84 84 85
89 90 92 96 94 93 97 101 105 104 99 97 96 101 104 107 108 108 106 108 112 110 110 113 115 116 116 118 118 116 111 114 114 112 112 111 114 119 119 114 114 117 121 119 116 112 110 114 117 120 119 115 112 113 118 121 120 117 116 116 114 115 119 121 124 124 120 116 115 119 122 120 117 117 120 119 117 116 115 112 111 109 110 113 114 111 109 108 107 108 110 108 101 102 105 103 105 107 106 106 110 109 107 107 103 102 105 101 98 103 102 97 98 97 99 100 97 99 98 94 92 92 93 92 85 84 86 85
91 90 92 96 95 91 97 101 104 102 100 94 95 103 107 110 109 111 108 110 110 108 111 113 116 116 119 122 119 116 112 112 113 112 113 112 115 119 119 117 118 118 122 122 117 112 109 113 117 119 118 116 113 116 121 122 120 119 116 117 117 117 119 123 124 122 121 117 115 119 122 120 117 120 122 122 121 117 115 114 112 109 110 111 112 111 110 110 109 110 112 109 102 104 106 103 105 109 106 104 106 107 107 107 104 102 105 105 100 101 102 101 100 100 100 103 98 98 100 95 89 91 92 91 86 86 89 86
91 88 90 97 95 89 97 100 99 100 100 96 99 107 109 109 110 111 110 109 109 112 113 114 114 117 123 124 119 119 116 112 110 110 112 114 116 119 121 119 121 122 123 123 119 113 111 113 116 118 118 115 115 117 120 122 121 119 116 116 119 121 119 121 120 119 120 118 115 118 121 119 118 120 123 123 121 116 113 114 112 109 110 112 110 108 109 111 112 112 112 109 104 105 107 102 104 110 107 103 102 103 105 106 104 103 103 105 101 98 102 102 102 104 103 104 100 98 100 96 92 93 94 93 88 86 90 89
91 87 87 97 96 93 98 100 98 100 101 97 101 108 108 106 108 111 110 107 111 118 116 113 113 116 120 125 122 122 119 112 110 111 114 114 116 120 122 121 122 122 122 121 120 115 113 114 116 120 120 116 114 116 120 123 122 121 118 117 122 123 121 120 121 118 120 121 118 118 121 123 121 121 121 121 121 115 113 115 112 109 112 116 111 107 107 109 114 113 109 106 104 105 107 105 104 108 107 104 102 100 103 106 104 101 98 102 102 96 98 101 102 105 104 104 98 95 98 98 96 96 97 95 91 89 93 91
94 86 87 96 97 96 98 101 101 102 102 97 100 107 104 102 104 112 112 108 113 115 115 113 114 113 114 124 124 124 121 115 113 113 113 114 118 119 119 119 121 119 119 120 118 115 111 115 117 119 120 117 114 115 119 123 122 122 120 120 124 124 121 119 121 121 122 123 121 121 123 125 125 122 117 117 119 116 115 116 113 112 116 118 111 105 106 107 113 112 107 105 103 104 107 107 105 105 106 105 103 100 101 104 104 101 99 99 101 94 96 99 102 105 104 101 97 94 98 96 94 97 97 98 94 91 96 93
95 90 88 94 97 94 99 103 105 103 102 100 102 104 101 101 102 111 114 111 112 111 112 113 115 109 112 123 124 122 119 112 112 113 112 116 119 120 117 115 115 117 118 118 117 115 112 116 116 118 121 120 117 117 119 122 121 120 121 121 122 124 122 120 123 122 123 126 123 120 122 125 125 121 115 116 118 117 117 117 115 115 117 117 110 105 107 108 111 111 107 106 101 100 104 108 106 102 104 106 104 100 99 100 101 99 101 102 98 92 96 97 99 104 104 99 97 96 100 98 94 97 97 98 96 92 97 95
96 92 88 94 94 93 101 104 102 99 99 101 103 100 98 101 104 108 114 115 113 110 112 113 111 109 114 121 120 119 112 106 108 110 112 116 120 122 120 114 113 117 118 119 119 117 116 117 115 117 121 121 120 119 119 120 118 117 118 121 121 121 121 122 124 120 121 125 122 117 118 120 121 119 117 118 120 119 121 118 116 116 115 111 109 105 106 111 111 111 109 107 101 97 101 106 106 103 104 106 105 102 99 97 97 97 98 103 98 92 95 98 97 102 102 102 101 96 100 98 93 95 97 97 99 94 96 96
96 94 91 94 95 98 100 101 98 96 98 99 99 94 94 102 106 107 115 116 111 112 113 111 108 109 114 117 117 116 110 107 107 108 113 117 119 122 120 117 118 118 119 120 120 119 117 120 118 114 117 121 120 119 116 117 117 116 118 120 121 118 120 124 125 121 121 124 120 116 114 116 119 117 117 119 122 122 122 122 118 115 115 111 109 107 108 114 111 108 109 108 105 98 99 105 107 104 106 109 105 103 100 98 95 95 94 101 99 91 95 101 101 100 101 107 104 98 96 98 95 93 95 93 98 95 96 94
96 99 94 96 98 100 98 100 98 99 94 91 94 96 97 103 105 106 112 114 109 112 112 109 109 113 111 114 116 116 115 112 109 111 115 118 116 121 122 121 119 116 119 120 119 119 116 120 122 115 117 121 122 120 116 115 117 116 118 120 121 118 118 122 127 124 120 120 119 117 117 114 118 117 114 117 121 121 122 122 119 115 114 113 110 109 106 113 112 105 105 107 108 104 102 104 105 103 106 107 103 100 98 98 94 93 94 99 98 91 96 102 105 99 100 109 106 98 96 98 97 93 93 91 97 98 97 95
94 98 95 96 96 98 97 100 102 100 92 84 92 103 103 102 104 105 107 110 106 108 110 109 110 113 111 113 115 117 118 114 114 113 117 119 118 125 125 120 115 116 121 121 118 116 115 119 122 120 120 121 120 122 118 115 119 118 118 119 121 117 116 121 126 123 121 121 117 118 120 115 118 120 116 115 119 120 119 118 118 115 114 115 111 110 105 109 111 103 104 106 107 106 105 105 106 104 104 105 101 98 97 97 94 92 92 97 97 92 95 101 104 100 99 106 106 101 97 98 98 94 93 91 95 98 97 97
92 91 93 95 95 101 101 100 98 97 93 85 94 105 106 102 106 108 104 108 103 105 110 110 110 113 113 112 112 115 116 114 113 115 118 121 124 128 125 119 113 118 124 124 117 113 114 119 120 122 120 118 120 125 118 113 119 119 117 117 120 118 118 120 124 120 121 123 118 118 119 115 117 121 120 115 115 117 118 114 115 115 118 119 113 112 108 107 109 103 104 109 107 107 105 106 108 106 103 102 101 98 97 98 97 91 89 96 99 95 95 98 103 96 97 102 106 104 98 96 98 95 94 92 93 97 93 99
91 86 90 95 99 102 103 100 95 98 95 92 98 105 107 102 107 111 105 106 98 102 112 111 110 109 112 113 110 109 111 112 109 113 117 118 122 125 124 119 116 123 124 124 119 115 116 118 119 121 118 115 116 125 120 113 116 120 115 114 119 120 118 122 124 118 118 124 122 119 117 113 114 118 119 116 117 116 117 111 112 115 121 123 116 115 110 106 108 102 105 110 110 108 105 108 109 109 105 102 101 99 99 100 101 93 89 96 99 96 96 98 103 94 94 97 103 106 101 95 97 98 95 91 90 96 92 97
92 88 92 98 100 97 102 97 100 104 96 97 102 105 107 101 103 111 107 106 102 104 112 114 110 102 109 111 107 104 110 110 104 108 113 113 117 122 122 120 122 126 123 122 117 117 119 118 118 118 116 115 116 125 124 116 115 121 117 112 117 119 116 124 124 119 117 123 125 122 117 114 114 117 117 115 116 116 118 114 114 114 119 122 116 115 112 109 111 107 107 112 112 109 107 111 109 107 105 103 102 100 100 102 103 95 90 93 99 99 96 95 101 98 95 94 99 104 103 99 98 100 99 93 91 97 94 97
93 92 97 99 96 95 103 100 104 109 97 95 102 105 105 100 104 109 105 105 109 107 110 113 108 98 101 106 105 104 111 111 108 109 113 111 114 123 122 122 122 124 119 117 112 116 119 119 115 116 117 117 116 122 125 119 116 122 120 114 117 120 115 121 124 120 118 124 127 124 119 114 114 118 117 115 115 114 115 115 117 117 119 120 115 114 111 111 116 112 110 114 116 110 106 113 110 106 104 104 104 105 104 104 107 97 93 93 99 103 101 95 99 101 97 95 100 102 103 101 98 100 100 97 95 97 95 99
94 92 95 98 93 96 102 101 105 110 97 91 102 105 104 103 104 105 101 104 110 105 105 112 108 96 96 100 105 106 111 114 112 110 111 110 115 122 124 121 118 120 118 116 112 114 119 118 115 116 118 120 118 118 122 119 116 122 120 115 119 120 116 117 120 119 119 123 127 125 119 115 114 116 118 114 114 111 113 115 118 119 121 121 115 114 114 117 121 116 111 115 119 111 107 113 111 108 103 102 106 107 106 105 108 100 94 94 100 104 107 99 98 102 97 97 103 100 99 101 98 98 97 96 96 99 95 97
94 93 95 96 93 94 97 101 104 108 98 93 103 107 107 106 100 100 100 102 104 100 103 111 104 93 96 98 102 103 110 111 109 107 108 109 112 119 121 117 116 118 120 116 112 114 119 120 118 117 115 119 120 118 122 121 119 123 123 115 117 117 116 118 120 119 117 121 125 125 122 118 113 114 118 116 116 111 112 117 118 118 119 119 112 113 116 119 123 118 112 117 121 113 107 111 111 110 103 100 106 108 108 105 106 102 95 95 102 104 111 104 101 100 97 96 103 99 100 102 96 96 93 94 92 97 93 95
97 97 98 96 93 90 93 101 102 105 100 95 102 107 109 104 97 99 98 100 100 97 99 104 98 90 94 98 101 101 109 109 105 105 106 110 112 117 119 111 110 115 116 111 109 113 116 119 120 118 113 115 118 117 121 124 121 124 124 114 116 115 115 119 120 121 119 122 122 121 124 121 112 113 116 118 118 113 112 116 119 118 113 114 110 111 116 119 122 119 112 117 121 115 106 109 113 113 108 101 104 108 110 106 106 105 97 95 103 105 109 106 104 99 95 94 100 97 104 104 93 93 90 94 89 93 95 95
96 97 98 94 95 89 90 97 100 104 102 98 100 104 107 104 99 99 94 101 98 99 100 97 91 88 91 99 101 97 105 106 100 103 105 110 112 118 118 109 107 111 113 106 104 110 113 118 119 119 115 112 117 119 119 120 118 122 126 114 113 117 116 119 118 120 119 122 121 117 122 122 113 114 114 112 113 112 108 112 119 120 111 111 110 111 117 118 117 117 110 112 120 114 105 106 114 115 110 102 101 106 111 108 107 105 98 94 100 106 107 106 104 97 92 92 97 94 104 104 91 92 91 94 91 91 95 98
92 93 94 93 95 92 89 93 100 103 102 101 98 103 104 104 101 98 95 99 97 98 100 95 91 89 90 101 99 93 102 103 98 103 103 106 113 117 117 112 108 110 113 105 105 112 113 116 118 116 117 111 115 122 121 119 115 120 125 116 112 117 119 119 117 119 117 118 119 117 121 120 114 114 112 110 109 109 108 108 117 119 109 108 108 110 113 114 114 116 111 109 116 113 108 106 113 113 109 104 99 103 110 110 109 104 99 92 97 105 106 105 103 96 91 93 97 94 100 103 92 94 92 93 96 94 94 98
90 92 89 90 97 99 91 95 101 103 100 102 97 103 99 99 100 102 98 100 98 95 100 97 93 93 93 101 98 93 101 104 98 99 100 103 110 115 115 112 108 110 111 104 104 111 113 115 117 116 118 113 114 123 123 119 115 117 121 117 113 115 115 115 116 118 113 114 113 118 122 118 113 111 109 110 110 110 110 107 113 115 106 106 107 109 109 109 111 113 111 109 113 112 109 106 110 107 105 106 102 101 103 108 109 104 100 93 95 104 104 105 103 101 94 94 95 94 94 102 95 97 93 92 97 98 96 97
86 89 89 87 95 99 91 96 100 99 99 102 98 103 96 94 101 103 99 102 103 94 99 98 94 94 96 99 94 92 100 104 96 95 99 99 106 112 113 107 104 107 107 103 103 111 112 111 115 116 118 113 114 123 123 121 119 118 117 117 115 113 110 113 112 113 112 114 113 114 119 117 112 112 109 108 112 113 111 108 115 114 107 107 106 109 107 103 107 109 107 109 114 110 107 104 108 103 101 108 103 99 98 103 105 103 102 94 96 104 103 107 104 105 98 91 91 90 88 100 101 100 91 92 96 100 100 94
83 88 89 85 91 95 90 93 96 97 98 101 101 106 96 92 99 103 101 105 105 92 91 99 96 91 95 94 88 86 94 101 93 96 100 96 98 107 109 105 100 102 105 101 100 110 112 105 110 113 118 112 112 120 121 120 120 120 115 114 117 115 111 113 108 109 113 114 111 108 115 116 112 116 113 109 113 116 111 109 114 113 108 107 106 108 105 99 102 109 106 107 113 106 104 103 107 101 98 107 102 97 96 102 103 101 104 95 96 103 103 107 105 102 100 89 87 89 86 96 104 98 91 91 92 96 98 89
83 90 91 91 90 93 90 93 96 95 99 101 103 104 94 92 94 103 101 103 107 92 86 98 99 90 91 93 85 81 87 97 94 100 100 94 93 102 107 107 98 100 107 103 98 107 107 98 106 113 115 110 110 115 119 118 119 120 116 113 118 120 114 114 107 108 113 111 109 104 112 115 113 118 116 112 115 118 113 110 109 109 106 106 105 105 101 96 97 108 107 104 108 103 101 100 106 100 95 101 97 97 98 102 102 97 103 95 94 101 102 103 104 100 99 92 86 88 86 91 100 94 88 89 89 90 95 89
83 89 95 95 88 88 87 96 97 93 98 100 98 97 92 92 93 101 100 104 105 94 86 91 100 91 89 94 88 81 84 96 98 100 100 95 94 102 110 109 97 100 106 101 97 104 103 95 101 111 110 104 106 111 116 118 118 117 114 112 119 123 116 115 109 107 108 108 112 104 111 114 113 118 118 112 116 119 113 110 104 105 107 102 99 100 98 95 96 103 106 103 103 99 98 97 102 100 96 98 93 94 99 102 99 94 99 94 92 96 97 98 99 100 95 92 84 84 85 87 96 91 85 85 87 89 92 90
82 86 93 92 86 87 89 95 94 95 96 98 96 96 93 93 95 100 101 103 99 94 88 85 99 94 93 96 91 84 85 94 99 99 102 99 94 103 118 109 98 101 105 102 97 102 99 94 98 106 105 102 106 112 117 117 114 111 108 107 114 118 114 115 111 107 107 108 115 107 110 113 112 116 118 114 114 117 110 107 101 102 109 100 92 95 97 94 97 102 108 105 100 97 96 95 100 102 101 98 92 92 95 98 98 95 97 95 91 94 94 94 96 97 91 89 83 82 83 85 95 92 83 81 84 88 90 93
80 83 86 89 88 85 91 90 91 95 96 100 98 97 95 91 95 98 102 101 97 92 88 83 93 94 95 95 90 85 87 91 98 98 100 100 93 104 120 106 98 102 103 105 102 102 97 96 96 100 106 106 112 113 117 120 111 108 105 104 111 114 112 111 108 105 108 111 116 110 107 113 111 112 117 115 113 114 108 106 102 102 112 101 90 90 95 91 99 107 107 103 97 99 101 96 102 105 102 96 93 93 90 95 97 98 96 95 89 94 95 91 97 96 87 87 84 84 85 84 93 88 83 83 80 84 86 89
82 81 82 89 88 84 88 91 94 96 94 104 101 99 96 91 94 98 103 102 96 90 89 86 86 93 94 94 88 85 86 89 98 95 95 99 95 104 115 103 98 101 103 104 105 103 101 98 95 99 106 110 114 112 115 121 112 105 106 107 114 116 111 109 109 106 106 112 118 115 108 113 113 111 115 118 114 112 113 110 102 100 111 106 93 88 94 90 97 107 102 99 96 102 108 102 103 109 104 94 92 93 89 91 94 102 97 92 88 93 97 93 95 95 87 84 83 86 89 89 90 84 82 87 78 80 83 84
85 81 82 87 86 86 89 93 96 94 92 102 101 101 96 91 92 98 104 101 94 89 91 89 85 92 97 95 83 83 86 92 96 90 91 96 97 105 111 101 98 98 101 103 107 106 107 104 99 103 107 110 113 112 113 118 113 103 104 111 115 116 110 108 109 105 103 110 116 120 115 115 115 113 118 122 116 114 118 110 99 96 106 105 98 89 94 93 94 101 97 98 97 99 107 106 103 107 103 96 92 89 92 90 89 99 96 87 86 96 96 95 95 93 91 89 82 89 92 91 88 83 80 88 77 76 82 80
90 87 83 86 88 88 89 92 93 94 95 100 99 103 101 95 93 98 103 98 91 89 92 91 90 98 101 94 83 84 91 95 97 90 88 94 99 107 112 106 105 100 99 104 107 106 108 107 105 105 107 110 114 115 113 116 114 103 103 110 111 111 111 110 106 104 104 108 111 119 121 116 114 116 120 121 118 116 119 110 98 99 105 106 103 91 93 94 94 97 97 100 98 98 102 104 100 101 99 96 93 87 93 94 89 94 94 86 85 97 96 95 94 92 93 94 87 93 92 89 85 85 80 86 76 73 82 80
88 91 89 91 92 88 89 90 87 95 100 104 100 105 105 97 95 97 102 99 89 89 92 93 96 104 101 95 89 90 97 97 99 92 87 96 104 108 108 107 111 108 102 106 107 104 103 107 108 103 105 110 117 122 116 115 115 105 101 107 109 112 112 111 105 102 104 107 108 114 121 119 116 118 119 121 121 117 116 111 103 101 106 107 104 92 90 93 92 96 97 99 97 96 99 100 98 97 97 92 94 89 93 97 93 97 93 88 83 95 94 92 93 92 94 95 90 94 92 90 81 84 83 85 78 70 79 81
81 91 97 95 92 84 90 88 86 95 100 107 103 106 103 95 97 95 101 101 86 88 92 93 96 102 102 97 93 97 99 98 100 91 85 96 106 109 106 104 106 110 106 109 109 107 101 107 109 101 106 112 121 125 118 115 113 103 101 106 109 112 113 113 109 103 102 105 107 111 117 118 118 119 117 121 125 117 113 113 104 100 102 109 102 90 89 94 92 94 93 98 96 93 95 93 95 96 97 91 92 95 91 96 93 100 97 92 85 92 93 90 90 88 93 95 90 91 90 92 81 82 85 83 81 71 76 81
82 93 100 92 93 86 91 91 86 94 99 105 98 102 102 93 97 95 102 102 86 89 91 93 93 98 103 96 93 99 101 101 99 89 87 98 105 112 109 103 104 108 109 112 111 108 107 113 109 101 107 113 123 123 118 116 112 104 104 108 107 111 113 117 114 106 100 102 106 107 113 116 118 121 118 121 125 120 116 114 104 99 102 107 99 88 88 97 96 92 90 96 97 90 89 87 90 97 95 91 92 97 89 93 91 99 99 95 89 92 95 94 90 85 91 93 89 89 89 93 84 82 84 81 81 73 75 80
91 95 102 93 98 93 98 97 87 93 98 105 93 96 105 95 97 95 105 104 90 90 93 97 94 95 102 99 96 101 106 105 102 92 91 102 110 112 111 103 105 110 117 113 112 112 113 114 108 101 107 110 122 121 118 116 112 105 108 111 108 113 113 115 114 109 104 104 108 105 110 116 116 119 117 118 123 124 120 117 106 101 108 107 98 93 90 100 104 94 89 93 96 90 86 85 85 96 93 89 89 95 93 94 93 97 99 96 90 95 96 95 91 84 86 91 87 89 91 93 87 81 83 80 79 72 74 80
98 94 104 98 97 95 99 100 91 94 99 107 96 98 109 97 99 98 107 108 95 92 97 103 97 96 103 103 96 97 105 105 104 96 94 106 115 111 112 105 109 117 117 108 110 112 110 113 108 104 109 108 119 120 119 117 110 104 108 113 112 118 116 113 112 110 108 108 111 107 107 115 114 116 117 115 117 122 120 119 111 103 111 111 99 97 97 102 109 97 88 91 98 89 82 82 81 93 94 89 90 93 95 96 96 96 101 97 92 96 97 93 92 85 84 88 87 89 92 91 89 84 82 80 78 76 73 79
95 95 103 98 98 96 98 102 93 96 96 107 105 103 111 98 105 103 105 107 99 92 99 105 99 98 103 103 97 95 104 104 106 101 99 110 116 112 115 111 111 119 114 104 108 104 108 113 110 110 114 110 119 120 119 116 108 102 107 112 113 118 121 115 111 110 108 109 113 108 107 115 114 116 118 112 112 117 119 121 115 106 113 116 102 99 96 102 110 97 88 87 91 95 80 79 78 85 96 95 95 94 95 95 98 95 98 99 93 93 99 93 93 88 84 85 90 88 91 90 87 85 83 79 76 82 74 77
89 93 102 102 101 98 97 100 93 99 95 104 110 106 108 97 108 102 100 102 102 93 94 102 102 102 99 101 103 97 103 106 106 104 103 111 117 113 116 114 110 120 116 107 107 103 104 113 115 113 115 114 123 123 120 116 109 104 110 113 110 116 121 115 114 113 108 111 115 111 110 118 119 116 117 112 110 113 118 122 119 110 112 120 108 94 68 67 80 79 89 80 69 83 85 81 79 80 93 100 99 94 93 94 99 95 87 95 95 90 100 99 94 90 87 84 88 90 93 94 88 85 84 79 73 86 78 74
88 93 100 100 101 101 95 99 95 98 98 105 113 108 104 95 104 103 101 99 103 96 92 97 105 103 97 101 107 99 102 107 103 102 105 113 120 117 115 115 110 120 118 109 107 107 102 108 112 114 115 113 124 128 124 119 114 108 112 113 109 114 117 112 114 115 112 110 114 110 108 117 121 116 113 113 110 112 119 123 120 111 111 120 112 99 65 48 49 53 74 78 66 93 115 96 84 81 88 98 100 94 95 96 98 96 81 90 98 91 99 105 95 93 91 86 83 87 92 101 93 84 85 81 72 85 84 76
90 94 95 95 100 103 94 97 98 101 104 104 109 104 103 98 100 101 102 99 106 103 98 100 105 103 101 104 109 101 103 103 101 100 106 113 123 118 114 114 113 119 115 107 110 112 105 106 109 117 115 109 121 129 128 123 119 113 113 113 108 113 114 109 113 113 115 111 112 109 107 112 117 113 109 115 111 111 120 125 120 112 110 120 118 91 56 51 48 45 71 65 53 103 135 123 100 84 91 96 101 97 99 101 99 98 84 87 97 96 97 104 97 95 96 89 85 88 88 99 96 87 87 85 77 86 85 79
89 94 94 96 96 106 99 97 101 104 105 103 106 103 104 98 95 100 101 104 108 111 109 105 106 106 106 105 109 106 107 106 102 98 106 113 122 122 113 112 115 119 115 108 109 112 108 107 110 121 118 109 116 128 130 123 122 121 118 116 107 111 116 110 113 114 116 114 114 110 106 108 111 110 108 118 113 111 118 122 121 111 111 121 120 92 53 66 65 51 86 71 47 112 137 128 113 98 94 96 102 96 100 104 99 98 88 87 94 96 97 99 97 97 98 94 92 93 89 93 92 89 91 90 83 88 85 81
89 93 98 98 93 106 101 99 102 106 106 103 102 106 107 97 98 99 104 109 108 114 115 110 105 109 109 106 106 110 112 107 103 97 104 110 121 122 112 110 115 119 118 112 110 112 118 112 117 125 126 115 116 130 130 119 119 125 125 122 110 110 112 109 114 116 117 117 116 107 105 107 110 109 109 118 114 114 118 115 121 113 112 122 121 100 56 79 92 69 96 90 58 121 143 124 111 112 116 106 104 94 97 103 98 92 86 86 90 93 95 94 92 96 97 96 94 97 91 92 89 87 91 96 86 91 86 81
85 91 102 101 94 100 97 98 99 102 105 101 97 110 110 98 97 85 101 104 105 112 111 111 108 111 113 107 106 113 111 101 102 102 103 109 121 120 111 110 114 117 119 115 113 117 124 116 117 127 131 120 117 125 128 122 120 125 127 126 115 111 112 106 113 118 117 116 115 105 102 108 110 109 107 114 114 115 116 109 118 116 115 120 117 85 51 60 72 83 78 110 98 127 139 122 109 113 118 123 106 90 87 88 86 82 83 84 89 92 94 94 88 91 95 93 95 99 93 90 89 86 87 95 88 86 87 81
80 87 98 103 94 91 96 96 94 104 102 95 98 111 109 100 99 98 105 99 103 108 107 108 114 112 116 108 107 116 113 99 104 107 105 111 119 118 112 114 117 118 118 114 115 119 128 118 117 127 131 121 120 124 124 125 123 124 126 124 118 114 114 109 109 118 120 115 114 107 99 106 111 111 106 112 114 110 113 106 116 120 116 117 114 82 73 60 56 94 77 96 112 133 134 119 107 116 113 120 113 105 94 79 79 86 98 91 89 92 92 93 88 87 95 93 94 96 95 88 86 83 84 90 90 82 84 84
85 85 95 101 98 93 94 95 96 107 105 97 100 109 108 104 104 106 113 104 103 108 110 108 111 108 115 107 111 113 114 106 105 109 109 108 111 116 116 116 116 115 116 115 114 114 121 117 119 126 127 121 121 122 123 123 123 125 127 126 120 117 117 115 111 117 124 117 115 110 99 105 113 116 109 115 117 109 108 103 111 116 115 114 115 89 89 76 64 95 71 82 105 126 135 122 101 113 118 116 113 116 117 101 83 85 109 107 90 90 92 93 86 83 94 92 91 93 93 89 84 80 82 90 92 84 84 86
92 87 94 93 101 97 92 93 97 105 107 99 102 111 106 105 105 112 118 107 103 109 111 110 112 111 115 109 114 110 113 113 107 111 110 101 106 114 117 115 113 112 113 116 113 111 119 119 114 123 126 122 119 120 122 121 122 128 130 124 122 118 119 122 116 114 122 120 115 110 104 107 112 116 112 118 119 109 105 102 107 110 113 111 111 80 83 76 80 96 87 77 97 103 122 121 100 103 116 116 111 119 124 119 106 93 115 119 91 90 90 91 87 82 90 90 86 92 90 88 83 77 81 91 92 85 85 87
91 89 91 97 100 95 93 94 93 99 105 100 103 114 103 102 104 110 114 107 106 106 112 113 112 113 116 114 116 111 110 113 109 113 106 100 109 109 114 115 114 114 114 118 113 111 114 118 113 117 125 122 118 120 120 117 120 128 129 128 123 117 118 118 117 113 119 121 116 110 109 115 116 117 111 114 119 110 105 102 108 110 112 109 101 69 80 81 100 104 96 73 100 103 112 118 102 99 114 116 112 121 129 124 123 111 108 116 97 89 87 88 89 83 89 90 86 91 91 87 82 75 76 86 90 84 87 87
91 92 86 99 94 95 93 89 90 93 102 102 101 111 103 102 106 101 107 106 104 107 116 115 108 111 121 120 113 114 111 109 111 116 107 104 111 110 114 114 113 118 115 114 110 110 109 114 115 118 129 127 120 119 115 114 116 123 124 126 124 118 115 115 116 114 118 121 118 114 114 123 123 121 113 111 118 113 109 105 112 113 113 114 96 75 86 89 111 123 98 60 100 103 104 109 99 99 112 117 115 122 131 126 130 128 113 113 109 89 87 86 90 85 86 85 87 87 89 84 79 75 74 80 88 83 87 87
90 92 85 97 89 95 91 86 93 93 100 103 98 105 104 103 109 98 104 106 101 110 115 116 111 113 124 120 112 113 110 106 112 119 110 105 110 114 117 119 111 120 113 109 106 110 110 113 118 119 122 127 126 122 116 120 118 114 116 121 125 119 117 116 119 117 119 122 121 119 116 124 128 125 117 112 117 114 111 107 111 115 116 119 103 63 73 98 103 106 103 68 107 96 84 94 97 101 109 111 117 123 132 129 130 131 127 117 112 91 86 86 90 90 84 80 84 85 90 84 77 78 75 80 89 82 87 85
86 90 87 94 89 95 89 84 91 93 100 105 97 102 100 100 106 101 106 107 103 113 117 118 112 112 113 113 113 109 109 110 112 117 109 107 110 114 117 119 112 121 115 112 106 115 118 118 118 120 122 124 131 123 117 122 124 113 116 118 122 120 121 118 118 118 120 124 122 118 118 123 127 123 120 114 116 119 113 112 116 120 121 124 114 80 71 87 72 66 84 79 104 90 70 82 88 99 106 111 112 124 127 128 129 127 130 125 113 94 84 86 88 91 85 81 83 84 91 88 81 80 79 84 93 85 85 84
89 92 88 87 86 92 87 85 86 89 97 101 98 101 98 94 102 104 107 108 108 111 115 114 109 109 105 112 114 109 106 103 115 117 111 113 113 114 117 117 117 125 121 116 110 118 122 124 117 120 124 121 130 123 116 127 127 117 116 114 118 118 120 120 122 121 118 122 123 118 118 123 129 127 123 118 115 122 118 121 121 122 125 120 115 105 92 64 72 112 89 75 80 72 67 70 78 90 102 116 106 116 127 129 127 126 132 135 119 94 81 84 83 87 85 84 85 81 90 91 89 81 83 87 94 89 83 86
89 93 87 81 87 91 89 85 86 91 95 98 100 102 100 93 97 97 103 108 104 105 112 112 109 108 108 109 115 113 109 108 112 113 113 119 116 112 115 117 118 124 125 120 114 117 121 127 121 122 126 118 131 124 117 127 127 123 118 112 112 118 119 120 125 124 118 121 121 119 117 124 130 128 121 117 116 121 122 126 120 119 117 129 121 111 105 100 117 135 102 65 54 61 59 59 64 85 105 118 106 104 132 129 126 129 130 137 121 95 81 81 81 85 85 87 87 80 90 94 94 82 84 85 91 86 83 91
88 93 92 84 86 90 93 90 87 93 93 100 100 101 100 94 91 91 99 108 104 99 107 105 104 106 107 105 110 114 111 111 113 110 111 115 116 110 114 116 117 117 122 121 113 116 119 122 119 123 124 120 131 124 116 121 125 127 121 108 115 122 120 120 120 122 119 122 119 118 117 118 123 126 118 112 111 117 123 124 118 109 114 128 130 130 124 110 96 117 132 72 47 56 52 51 58 85 108 115 114 107 125 128 128 130 129 136 125 99 85 79 84 86 84 84 85 86 91 96 93 84 85 86 91 86 85 87
86 95 95 83 81 85 89 89 90 89 87 98 95 101 101 99 90 88 98 111 103 95 109 110 104 108 107 109 112 116 111 108 111 112 114 114 115 114 118 120 115 111 117 117 115 116 115 116 117 125 123 117 128 118 112 118 122 127 126 111 123 121 117 119 116 121 120 123 120 115 115 117 116 121 123 110 104 119 121 120 115 112 133 122 123 113 122 141 134 114 145 109 51 56 55 52 56 80 111 112 118 117 115 124 125 126 127 133 128 103 92 85 87 91 85 84 85 88 92 95 89 82 83 89 91 88 87 83
83 92 92 80 85 94 91 86 91 88 89 93 93 106 97 96 91 92 105 114 101 97 107 106 103 107 110 109 114 115 112 113 111 114 115 113 122 110 97 112 113 111 116 113 117 116 114 117 116 84 86 117 126 120 111 121 122 129 131 116 121 119 116 115 119 123 125 125 119 114 115 117 118 120 123 110 101 87 88 116 93 108 136 132 103 79 86 149 156 149 141 134 62 54 58 56 56 73 113 117 123 121 104 115 119 124 123 130 130 106 97 93 90 94 88 86 87 87 93 93 88 81 84 87 88 88 84 81
88 93 89 85 89 97 91 87 88 87 92 97 100 107 96 90 92 97 113 113 95 95 102 104 105 103 109 103 107 114 111 108 113 110 105 110 121 78 64 77 98 111 115 110 106 112 116 116 88 68 70 93 128 129 115 122 121 128 132 119 119 118 121 119 119 123 127 126 117 113 117 116 117 120 122 111 80 65 101 99 69 101 109 113 77 59 72 148 156 163 154 137 76 53 55 67 66 69 112 125 123 121 105 106 116 121 122 129 136 113 98 93 88 93 88 84 86 85 89 92 87 81 87 88 84 88 82 81
89 87 87 89 86 91 91 88 88 88 90 94 97 104 96 91 92 98 108 100 94 98 100 102 101 100 108 100 106 109 109 103 109 109 108 109 105 64 78 105 122 100 89 100 86 97 107 107 92 102 71 77 126 131 118 123 121 128 130 126 118 120 120 122 120 122 124 123 119 116 118 121 119 122 127 121 79 77 117 78 62 85 93 86 102 87 95 152 159 167 168 158 93 55 54 70 73 72 112 130 121 120 114 104 113 121 125 132 144 112 100 95 92 88 84 80 86 84 85 88 85 82 91 89 83 84 84 82
93 86 85 87 87 97 96 89 91 92 84 83 92 99 99 92 89 93 94 91 98 104 97 103 100 101 110 101 103 106 105 106 112 106 112 113 98 90 75 104 97 61 95 112 88 109 124 107 107 124 90 99 131 127 116 121 123 127 125 128 119 126 126 121 121 118 125 121 117 117 123 126 121 120 131 130 113 90 76 70 77 87 92 88 105 90 126 151 160 165 171 173 123 57 55 61 67 76 106 129 122 116 129 109 115 122 128 136 148 104 100 98 92 84 79 80 86 83 83 85 85 80 88 86 87 84 82 79
98 92 94 88 90 98 97 91 89 92 85 86 95 98 99 95 85 84 88 94 97 105 101 100 98 92 106 106 103 105 106 111 119 103 115 118 104 113 87 92 55 63 101 118 88 101 132 127 106 116 107 128 131 129 115 117 129 125 121 121 126 131 123 119 123 115 121 118 113 112 125 122 119 120 127 129 93 78 54 75 79 104 122 106 109 117 143 147 158 164 167 173 159 69 52 51 59 72 88 109 117 116 133 115 121 121 132 143 153 108 93 97 89 82 78 82 84 84 83 81 87 78 87 86 86 85 79 75
92 90 98 91 90 94 93 93 92 88 87 91 95 92 97 98 87 87 95 96 97 102 101 102 96 94 102 104 105 100 112 109 103 101 113 116 112 84 87 77 53 70 101 127 87 102 130 142 122 105 123 151 125 127 115 112 132 128 122 118 128 134 119 114 117 109 121 128 113 112 115 124 121 116 119 127 99 63 55 72 77 109 133 127 114 150 150 146 154 160 165 166 171 98 47 43 45 50 78 104 106 107 134 116 115 120 132 145 157 110 88 101 96 85 81 84 82 83 82 81 87 79 85 85 84 79 79 79
89 91 96 93 85 89 91 89 93 92 90 89 95 97 94 92 90 98 99 98 97 101 103 100 95 94 99 102 102 101 111 113 104 103 111 111 115 104 86 67 53 67 117 125 85 104 145 155 133 117 133 140 119 119 121 108 130 128 118 115 118 132 123 119 119 114 121 134 115 112 114 125 125 112 123 130 105 64 56 94 92 113 152 154 108 159 151 145 158 160 162 160 175 126 49 46 39 37 57 95 101 104 122 101 104 121 108 144 165 106 89 99 99 88 87 88 81 81 84 85 84 79 82 83 86 79 80 81
91 95 97 95 86 90 92 86 86 90 86 93 90 95 95 91 86 94 94 93 96 98 102 103 103 98 103 102 104 101 106 114 105 107 110 108 109 123 109 54 55 81 119 123 98 112 133 154 163 138 157 126 116 116 125 107 124 123 111 116 119 129 120 117 115 125 123 134 115 110 116 119 123 107 118 135 112 59 62 98 93 112 127 155 148 147 148 146 157 158 158 157 172 142 53 50 40 47 52 83 92 101 109 92 100 111 79 138 154 105 92 94 95 87 87 90 83 88 87 85 84 83 85 87 92 75 74 84
89 89 100 98 86 90 98 85 86 93 90 92 87 90 100 98 82 89 84 101 98 99 107 106 110 101 111 110 105 98 104 114 104 105 110 106 111 122 107 55 53 93 100 93 90 108 113 139 161 160 136 119 114 115 120 110 113 113 111 116 119 129 120 111 115 127 117 133 118 108 117 121 127 108 114 132 130 68 53 56 86 120 78 125 163 131 143 143 156 159 159 157 170 146 52 50 42 62 72 79 87 94 98 87 105 97 78 123 142 102 92 91 86 85 83 85 85 93 85 78 83 83 86 90 88 42 47 72
93 91 96 95 94 88 101 88 92 99 96 86 85 88 100 93 84 92 93 103 99 100 110 100 108 99 106 112 106 98 100 111 110 107 106 109 120 127 117 55 52 52 66 66 113 126 94 81 138 168 114 121 116 113 119 116 120 114 113 116 115 120 123 116 116 116 117 119 121 112 121 126 125 113 116 129 138 81 48 46 82 137 102 121 152 134 141 136 153 155 156 160 174 146 53 50 46 67 89 82 86 101 93 128 128 81 81 126 150 105 93 91 85 82 84 81 84 93 83 75 78 75 81 92 84 37 55 71
88 90 91 96 99 92 95 95 98 102 97 87 90 93 102 92 84 83 95 95 100 97 113 97 111 107 107 112 103 104 95 110 113 110 109 110 114 117 120 53 79 99 45 65 115 133 106 115 125 147 113 129 121 115 120 116 129 119 112 117 111 115 121 122 122 113 119 126 127 115 111 121 119 112 111 128 136 83 47 49 83 125 111 126 154 129 136 136 154 155 159 162 172 144 58 53 55 77 92 81 90 104 85 128 126 71 90 133 137 103 94 93 87 89 90 86 87 92 83 76 78 76 79 90 89 63 66 70
84 92 94 93 93 97 95 95 100 105 105 89 85 98 98 99 82 81 95 101 103 99 111 103 122 115 107 106 99 104 96 104 111 112 105 109 113 114 122 56 54 73 46 67 109 114 113 105 129 136 116 121 123 114 118 118 126 120 114 113 112 117 117 127 120 114 122 127 123 125 112 121 125 116 115 119 133 92 50 46 83 112 126 168 153 123 137 142 150 155 165 163 168 138 67 58 58 80 94 73 88 112 80 99 136 76 85 123 131 101 96 96 91 90 93 96 98 99 93 85 84 83 82 87 82 66 71 76
80 76 86 86 88 88 94 89 92 105 105 98 88 99 92 93 79 83 94 106 107 102 106 105 122 109 108 113 105 105 100 102 113 103 99 108 111 113 112 58 46 46 46 74 95 106 109 117 129 152 126 105 113 119 120 120 118 114 110 111 111 114 114 121 116 116 121 124 127 126 120 114 122 115 115 117 130 103 54 47 71 108 136 175 134 130 148 146 156 157 161 164 163 127 82 70 62 86 101 69 88 119 87 82 128 76 84 131 126 97 92 99 90 87 95 103 98 96 96 91 85 79 80 73 65 83 83 58
90 75 83 80 88 83 85 87 85 89 94 100 98 92 92 93 83 89 101 95 97 106 105 101 108 102 99 103 108 109 108 103 109 103 94 103 111 117 102 66 56 48 46 66 77 96 111 147 155 179 135 98 107 122 121 118 115 115 111 109 108 119 115 115 117 122 120 123 128 113 119 108 119 112 111 117 124 104 55 48 82 118 150 162 121 143 159 151 166 172 159 154 158 108 81 75 73 89 98 78 93 114 97 73 110 78 76 142 134 100 94 93 87 84 87 100 92 94 89 89 83 82 67 51 60 83 82 53
85 84 86 85 90 83 91 92 82 88 94 92 103 96 95 103 91 93 94 97 96 105 106 99 112 108 89 91 104 101 93 95 106 108 101 104 115 112 79 68 64 53 45 74 87 90 120 186 188 197 137 98 104 117 122 116 112 106 110 108 97 111 126 113 114 114 120 121 131 117 120 99 116 115 106 108 117 99 61 52 60 117 175 145 127 150 173 157 170 170 156 151 161 106 81 81 88 83 92 88 90 110 100 78 112 95 81 150 141 100 95 88 89 90 85 96 90 89 89 84 89 80 50 56 62 70 87 80
82 84 88 90 88 84 102 98 101 96 107 95 99 98 100 107 101 99 95 100 98 106 111 105 115 117 94 97 101 102 86 103 112 114 112 115 123 111 63 70 70 57 50 95 120 107 133 198 184 202 142 70 77 89 90 92 106 93 80 68 73 102 154 143 104 104 109 108 126 122 120 100 109 112 106 114 114 97 60 57 54 129 136 125 138 161 179 164 153 145 148 150 177 97 72 84 90 76 85 91 92 108 91 83 122 105 93 154 131 98 94 92 92 99 90 88 94 88 88 87 96 71 67 83 81 75 90 97
88 84 90 79 81 76 94 91 103 96 104 94 95 93 100 112 106 103 92 90 92 105 111 106 107 104 95 102 104 99 98 115 112 110 108 111 129 108 51 67 75 63 54 45 58 95 158 200 181 194 162 104 102 103 109 105 96 61 51 51 64 98 153 197 122 106 104 112 121 113 116 110 115 111 123 123 123 96 58 51 42 73 102 114 121 142 161 170 136 136 132 159 167 84 78 78 78 66 78 92 96 105 82 86 133 116 102 151 128 94 89 95 88 100 85 79 91 91 82 86 79 68 78 75 76 74 87 102
88 77 83 76 87 74 84 84 89 93 91 90 96 94 105 102 100 102 93 88 94 100 106 106 103 108 103 102 108 93 99 114 106 104 105 112 126 93 47 58 78 68 71 82 102 185 196 196 187 168 177 136 136 132 124 126 123 72 47 49 61 96 151 206 150 103 106 106 107 109 118 105 124 125 116 105 130 110 58 55 55 107 149 71 83 119 158 165 121 117 106 167 171 76 80 83 78 68 80 92 94 102 82 88 119 105 97 136 119 89 86 96 87 81 85 88 95 90 78 64 48 57 72 71 74 71 79 106
75 82 79 82 92 80 79 78 87 96 90 91 90 99 98 91 95 98 93 89 98 100 105 108 108 108 105 99 95 96 90 116 108 113 108 112 115 74 48 43 65 75 74 138 176 215 208 204 165 157 176 148 153 155 144 136 137 112 50 47 62 106 147 200 170 108 105 107 104 106 110 106 126 121 113 108 125 111 61 51 60 101 81 51 64 123 151 157 108 94 79 147 159 81 87 90 90 76 73 83 92 102 91 86 99 97 95 103 91 82 85 99 119 108 94 102 103 99 86 62 62 58 67 67 75 73 73 94
78 88 80 81 94 83 82 88 91 95 94 94 90 98 84 95 99 100 96 106 97 101 110 106 101 104 102 93 91 94 99 113 98 111 114 117 108 60 51 41 44 54 72 84 82 198 168 177 146 162 168 140 158 158 157 142 135 133 65 49 60 106 141 187 189 119 104 105 112 110 118 127 111 120 121 116 125 117 64 55 50 53 56 59 68 119 142 144 82 59 75 147 149 82 93 91 96 81 72 79 85 93 92 89 82 82 80 71 70 76 85 95 116 131 99 100 102 99 99 78 61 59 60 66 67 69 71 75
86 88 85 91 92 79 82 90 86 92 99 87 88 98 89 89 104 109 100 97 104 108 102 111 102 95 99 101 96 99 114 99 90 102 118 117 97 54 53 43 43 46 61 65 64 74 89 137 139 167 162 127 157 163 158 160 149 143 83 53 62 108 145 199 205 135 104 103 103 126 124 111 103 116 122 122 118 117 65 59 51 67 80 67 80 129 148 138 93 56 72 136 146 88 97 94 102 89 83 83 84 91 99 82 67 75 66 64 79 82 91 98 110 127 112 100 104 102 105 98 80 64 61 72 72 73 68 76
82 58 69 80 83 84 81 94 87 94 99 86 85 93 88 80 91 108 94 96 96 101 101 102 102 93 98 106 102 93 102 96 89 96 116 111 77 53 53 44 42 62 103 131 170 188 123 125 135 169 160 133 155 167 165 161 168 153 106 55 79 108 158 206 212 142 102 103 114 114 102 106 97 99 117 111 106 105 67 64 53 83 96 73 90 132 144 131 101 61 74 127 146 108 101 97 105 94 97 95 107 94 88 60 69 69 69 76 90 85 90 99 102 122 125 102 124 118 105 103 105 84 67 71 67 82 77 75
66 63 82 85 82 93 89 101 101 93 92 84 87 87 89 83 83 103 104 96 97 101 105 106 112 98 111 121 104 105 105 94 103 111 122 107 71 51 52 46 46 56 103 132 178 204 128 111 137 176 156 139 153 161 167 169 170 166 141 69 93 102 158 197 229 159 91 107 108 97 96 110 100 101 102 101 110 99 64 67 63 99 106 82 99 137 157 121 108 73 71 139 158 114 107 95 109 108 108 104 99 94 60 58 68 76 77 91 91 82 94 106 111 127 140 107 129 132 117 102 108 110 81 70 63 61 68 78
68 83 77 83 84 94 91 92 95 90 96 90 89 90 89 93 86 95 99 99 96 102 92 95 105 99 104 113 108 97 99 94 105 110 104 104 67 50 54 52 50 56 111 148 171 152 111 114 145 175 147 142 150 160 163 174 170 172 166 117 88 104 148 187 225 187 98 102 92 96 102 102 99 103 95 87 101 102 65 75 71 105 102 81 116 146 155 97 104 85 87 152 146 109 102 105 110 109 106 108 104 86 52 54 68 73 89 96 84 85 101 114 116 129 147 119 135 137 132 117 108 106 88 73 65 64 50 67
70 74 70 67 76 89 84 89 100 87 104 88 85 86 86 89 83 95 91 94 95 101 97 101 102 97 101 112 101 94 84 88 107 112 101 98 65 55 58 77 103 76 104 142 155 132 104 120 157 150 145 146 150 158 166 170 168 170 170 161 108 109 129 166 212 201 111 99 93 97 108 109 112 105 104 85 85 83 70 91 87 107 95 90 118 146 141 93 99 87 99 170 147 101 98 103 110 97 108 100 90 70 63 59 68 80 95 96 80 87 103 115 131 144 142 128 146 140 142 135 111 100 97 76 51 74 60 69
71 67 67 68 70 79 87 90 90 81 91 82 93 88 84 83 85 98 88 89 102 100 91 103 97 100 108 117 98 97 87 89 87 107 109 96 62 59 65 107 147 133 122 150 158 110 99 133 148 136 139 149 159 157 165 170 164 171 170 175 149 126 114 161 211 215 132 98 97 105 109 99 108 105 107 93 89 78 65 89 92 103 96 103 121 136 126 110 96 92 132 189 151 98 91 94 97 88 103 92 88 74 66 64 74 89 96 97 77 82 101 111 116 147 146 135 152 132 144 138 117 107 94 77 47 65 67 78
75 73 67 72 72 74 84 88 87 83 85 80 86 86 83 84 92 93 88 89 92 92 88 98 96 97 101 107 94 93 94 94 95 97 96 92 72 64 87 141 162 164 137 159 154 88 110 133 126 142 145 155 159 157 162 165 166 169 164 171 178 146 114 161 215 196 132 103 88 97 94 92 98 98 107 96 86 83 58 68 90 96 96 110 130 138 107 91 102 91 130 178 158 98 88 90 89 84 86 85 92 82 67 61 82 91 96 89 75 86 106 109 107 147 132 148 155 137 147 139 121 110 99 81 62 58 64 74
71 72 78 83 75 82 86 82 94 85 89 77 80 88 83 86 95 99 86 98 98 83 87 96 84 96 91 98 95 84 97 95 92 95 90 95 89 72 125 182 172 163 146 147 139 83 125 128 132 151 152 153 155 158 160 167 169 171 165 172 174 166 116 152 196 177 125 97 83 91 99 77 82 85 93 86 78 84 63 59 82 81 98 110 127 130 92 88 91 88 115 160 158 92 84 83 75 75 81 72 87 94 82 60 80 89 94 86 70 87 99 94 120 155 136 148 158 134 136 139 120 118 99 94 76 60 72 78
81 75 90 85 70 74 82 79 93 89 85 78 77 81 80 88 99 110 87 93 99 92 97 111 90 95 97 95 96 81 96 98 96 98 90 86 81 93 164 182 190 160 156 146 132 103 119 123 138 149 164 151 148 160 160 161 164 166 163 163 174 180 117 161 194 165 121 90 83 95 94 76 67 77 88 87 81 74 75 70 87 91 103 113 118 123 103 100 101 93 113 149 150 88 82 81 64 62 77 63 81 101 113 72 69 79 81 88 88 86 89 97 110 134 128 130 145 126 112 130 119 121 92 95 79 65 67 69
72 76 84 78 76 72 80 81 100 80 85 83 77 79 78 89 95 95 79 91 99 91 99 109 93 90 98 93 92 77 103 102 97 93 95 85 82 103 166 190 190 160 166 159 145 131 111 136 148 156 164 163 151 164 157 161 163 161 155 164 189 197 135 157 197 149 123 90 79 98 96 77 71 72 94 99 92 79 77 78 71 78 109 114 121 119 105 88 104 97 113 130 135 99 89 87 82 73 81 86 96 111 116 86 75 77 71 76 91 85 92 94 97 109 111 110 107 102 91 107 97 101 83 82 77 68 72 65
71 70 89 85 81 86 86 77 104 86 85 83 83 83 82 85 100 97 76 92 95 93 94 94 86 97 101 100 99 91 97 93 98 94 95 94 89 121 156 183 199 180 183 179 140 136 106 141 157 155 165 170 154 165 159 159 164 154 162 167 190 211 155 146 158 144 118 106 92 95 101 94 86 72 92 92 94 86 79 87 87 84 109 112 122 121 103 88 99 107 114 104 111 109 102 99 94 90 99 112 108 103 100 95 89 90 86 84 94 82 93 97 101 97 96 93 89 85 83 88 82 86 79 70 62 64 67 64
73 76 83 86 87 84 83 78 88 87 93 86 86 77 83 82 88 89 91 100 100 94 87 91 91 93 101 102 93 89 86 89 83 87 93 97 86 132 168 180 192 191 190 194 142 136 104 150 162 156 167 177 162 165 162 160 166 156 160 175 200 219 162 143 139 131 122 120 113 105 113 109 97 85 102 84 88 93 89 96 89 90 108 110 118 121 102 105 110 104 101 101 110 116 107 104 88 96 101 106 96 91 93 96 93 101 96 94 97 87 87 94 105 95 94 80 88 77 77 80 78 79 71 55 58 51 45 47
69 70 73 77 83 84 86 81 90 79 77 81 92 83 76 84 91 85 93 98 98 107 95 89 95 91 98 93 84 89 87 89 82 77 89 100 82 129 176 204 189 191 201 213 154 129 105 137 161 165 176 174 162 165 158 167 168 156 166 179 210 228 153 147 135 127 121 121 117 117 120 112 104 99 107 99 92 105 101 103 101 98 111 111 115 115 103 110 104 96 97 108 102 105 109 106 103 100 96 106 98 96 93 92 87 93 92 100 96 96 100 92 89 85 90 83 85 85 82 75 74 71 67 50 46 48 41 45
76 67 71 82 83 86 80 80 79 80 80 87 82 88 81 83 97 83 80 87 94 108 102 99 109 94 89 90 93 94 97 80 77 78 90 98 91 128 166 185 196 184 215 214 156 126 128 142 161 169 163 165 164 170 165 166 171 159 171 174 214 227 143 156 151 123 117 125 124 116 109 109 108 109 110 102 102 109 100 100 97 96 108 114 109 118 110 111 112 92 106 108 95 105 112 109 106 100 96 105 94 97 97 97 88 93 94 95 95 101 99 87 82 89 88 80 73 72 73 76 73 56 63 55 49 60 42 49
75 75 79 89 78 83 80 78 84 84 81 78 86 90 89 85 94 84 85 90 90 97 92 99 94 90 82 96 98 86 91 90 77 82 89 95 130 138 153 157 182 176 207 206 142 134 135 142 152 150 131 148 156 168 171 164 170 169 169 188 198 210 133 162 154 123 112 111 109 117 111 107 107 111 107 107 114 108 93 85 84 95 108 115 113 119 123 120 124 107 99 105 103 109 109 107 109 102 99 100 105 100 106 109 99 96 98 92 98 105 98 100 86 91 96 90 79 78 66 78 78 57 71 81 59 63 49 59
73 75 78 84 78 82 89 78 80 89 81 77 81 99 94 96 89 84 87 86 81 83 82 79 80 89 82 95 93 93 93 84 67 76 75 72 110 160 178 173 189 165 178 177 109 119 125 123 112 123 133 137 146 170 177 170 168 164 176 203 194 195 125 154 177 115 108 108 107 117 119 107 108 117 102 104 118 108 105 87 86 96 114 121 117 119 123 114 114 105 102 106 105 113 107 105 115 103 95 99 108 97 104 102 101 102 101 91 98 101 100 100 94 89 96 98 94 77 76 84 92 76 90 90 72 67 70 77
72 75 88 86 88 78 83 75 80 84 81 74 88 92 82 78 84 74 71 86 78 79 69 65 69 70 70 81 82 70 76 73 71 59 61 64 79 117 168 189 206 148 143 128 83 100 106 106 99 128 125 130 143 177 169 178 175 183 182 181 178 156 127 155 160 130 108 119 116 114 119 104 113 115 104 108 117 112 96 93 94 95 110 122 110 110 114 111 122 102 99 104 112 116 106 99 103 107 105 101 99 99 94 97 102 107 101 99 99 105 98 98 96 91 93 96 84 84 90 84 96 88 88 92 74 68 72 80
77 79 81 84 79 86 97 76 86 75 83 83 76 69 57 65 84 78 72 65 59 70 67 56 54 65 63 51 52 60 61 64 59 60 57 61 70 88 119 171 188 127 103 82 71 77 81 93 101 119 117 138 133 169 170 194 178 165 151 152 139 152 115 115 126 121 112 120 115 111 118 108 104 107 108 113 126 113 102 97 98 103 108 115 110 106 112 117 118 100 102 105 114 107 102 103 104 113 102 95 93 96 100 98 98 104 94 104 103 101 93 97 105 91 94 98 88 80 83 86 86 94 95 89 82 73 81 81
79 71 82 86 78 86 91 78 75 88 81 71 77 66 60 71 83 72 63 62 63 61 54 46 52 58 71 51 49 59 65 61 64 62 49 55 72 86 136 172 204 120 84 74 62 66 72 93 109 117 120 145 137 165 174 164 157 136 126 133 127 133 108 109 134 115 98 101 110 109 117 92 85 107 110 122 127 118 99 98 92 103 117 110 113 113 111 120 123 111 109 110 117 104 99 106 103 112 103 97 97 103 104 98 99 104 90 97 101 104 95 94 102 97 90 101 89 83 87 85 83 90 93 95 90 74 76 85
73 66 75 82 88 84 81 81 75 80 84 72 85 66 61 61 73 75 82 73 78 71 60 55 62 66 79 57 51 61 72 79 76 73 53 52 73 103 126 138 186 146 79 86 59 71 125 135 117 120 126 141 117 129 118 119 129 116 126 120 127 135 100 104 121 108 99 97 111 112 115 105 100 107 113 125 124 120 101 103 102 107 117 111 122 121 116 119 119 116 117 112 119 113 105 107 115 120 115 101 88 91 97 102 93 101 94 95 98 92 89 102 104 101 93 100 91 89 94 91 90 97 94 97 94 83 81 88
71 70 74 91 94 85 98 90 92 89 92 88 97 98 80 89 83 95 105 91 96 94 77 83 89 101 106 94 69 61 76 84 90 88 74 102 109 110 120 133 172 156 92 93 75 96 110 98 93 124 120 114 95 108 112 124 123 120 122 113 125 134 118 102 110 111 104 108 118 115 111 106 113 108 121 130 132 125 113 107 102 110 117 107 124 120 114 112 116 118 119 108 115 115 103 108 119 117 120 105 100 101 100 101 95 104 102 98 99 95 91 99 103 100 96 103 90 92 92 91 91 106 102 93 96 93 82 80
73 72 81 83 94 89 96 90 85 92 94 87 107 108 107 103 89 99 102 90 97 110 96 96 96 95 109 101 77 80 88 87 91 100 104 97 93 97 119 137 134 134 111 103 96 93 95 93 104 133 121 113 94 107 109 101 105 122 120 110 120 126 122 114 115 130 126 116 114 125 119 113 116 112 121 137 137 119 117 121 110 115 111 103 121 115 113 112 115 121 123 119 113 103 100 104 119 123 118 106 102 100 106 105 104 113 111 101 99 106 102 97 106 99 95 103 99 92 88 92 90 107 105 94 96 85 77 78
75 80 77 81 97 89 92 79 86 90 82 82 109 99 99 79 96 99 101 90 98 109 89 92 98 98 113 92 87 107 97 98 97 105 109 83 91 96 111 122 116 109 97 105 102 91 104 110 106 111 108 106 112 118 111 108 107 114 110 115 114 122 118 116 114 125 119 112 107 120 110 109 117 113 117 134 135 125 119 115 119 126 122 115 122 116 120 117 114 122 118 112 113 109 98 102 117 125 122 106 101 101 98 99 107 111 112 100 100 108 104 100 106 102 100 107 98 87 95 94 88 102 103 91 97 84 77 78
83 81 78 88 97 92 94 89 91 92 90 84 115 108 99 92 93 92 94 95 100 98 98 91 93 96 117 104 100 113 99 103 105 115 99 93 100 96 105 113 114 99 88 118 108 104 120 113 110 112 108 122 130 116 112 117 115 115 118 117 116 108 125 119 109 110 108 110 115 117 113 111 123 125 118 133 135 131 129 124 124 129 124 120 124 124 117 120 115 118 119 113 115 113 100 108 119 121 121 109 104 102 101 105 107 112 109 101 103 109 103 99 101 103 92 98 95 84 99 94 89 97 100 89 100 89 77 78
91 81 74 79 85 81 87 89 80 91 93 86 100 101 93 89 92 87 83 90 90 92 100 97 94 97 110 99 101 114 99 99 107 107 97 92 89 100 115 113 111 110 103 118 116 116 113 114 116 114 109 131 118 121 108 116 106 116 122 116 120 115 118 118 116 121 107 111 116 125 126 109 119 118 117 127 137 136 133 132 130 130 123 109 125 118 112 119 110 116 123 121 120 114 102 100 116 123 119 114 104 102 105 106 102 114 112 108 108 116 107 92 92 104 95 91 94 87 97 93 90 98 105 86 101 86 81 78
91 82 81 87 88 95 85 87 80 90 92 83 89 103 89 85 97 92 77 92 94 91 91 92 96 99 107 107 93 101 98 103 106 104 95 97 107 105 114 114 109 114 101 110 122 102 108 115 114 106 114 128 120 117 105 112 111 118 119 115 119 114 107 110 117 118 114 110 110 118 119 117 120 120 117 121 131 134 130 131 133 126 105 99 114 113 117 119 107 117 123 124 119 114 110 103 114 121 120 116 105 101 108 104 96 105 118 110 111 113 101 100 87 99 101 90 98 88 89 91 96 101 112 90 98 90 86 79
92 84 91 85 100 98 94 95 93 88 95 89 87 89 85 83 100 91 96 99 103 97 92 99 95 100 99 103 91 103 102 95 99 106 97 90 101 105 113 110 109 114 104 108 111 107 110 112 120 114 113 131 119 114 110 111 111 121 118 111 117 120 109 106 109 106 105 105 108 122 116 113 115 121 109 100 119 125 120 129 131 127 112 98 110 119 117 116 108 113 125 123 115 118 119 109 113 121 120 116 105 104 110 98 101 106 110 100 116 111 102 107 90 96 108 94 96 91 87 87 96 97 109 97 93 92 89 82
80 82 89 88 92 99 91 94 99 94 101 94 92 87 98 99 99 101 96 100 101 96 95 104 101 105 104 104 93 104 117 96 100 101 103 92 99 105 111 120 116 125 113 107 119 110 112 112 127 112 112 122 121 111 105 108 110 117 118 114 116 120 115 106 115 105 98 101 112 122 113 110 111 119 116 100 112 123 126 127 124 119 111 107 111 120 117 115 112 116 122 115 112 118 117 110 108 118 123 115 106 104 105 96 94 104 100 90 111 112 109 111 93 94 110 102 96 95 95 91 95 97 107 100 94 89 92 88
81 77 77 87 89 97 98 98 89 97 99 88 93 87 86 101 98 100 96 107 98 94 103 111 105 99 98 110 99 99 110 105 94 102 109 99 104 112 119 127 122 121 124 108 121 116 114 111 124 115 107 117 118 113 109 108 104 111 117 116 117 122 123 118 110 104 109 118 120 119 115 103 110 123 119 103 108 117 128 128 120 117 112 110 116 119 125 124 119 119 118 118 114 119 116 113 106 113 121 108 103 105 101 95 94 106 101 93 108 110 112 110 91 100 109 100 99 101 96 91 93 100 101 99 85 89 84 87
80 81 77 87 90 85 95 93 90 91 98 84 92 87 88 88 97 105 107 108 102 100 103 108 105 103 99 113 105 103 102 112 101 100 109 104 100 110 121 128 128 120 122 111 115 121 119 115 121 119 110 119 116 110 111 115 105 106 119 120 123 124 124 120 110 110 113 120 118 120 116 103 112 120 118 114 106 115 122 126 123 117 115 112 116 121 129 128 121 115 116 121 113 115 118 116 107 111 116 105 104 104 99 92 101 104 104 97 107 107 110 111 90 96 107 101 103 106 100 99 93 97 98 98 84 89 88 85
76 79 79 87 82 97 89 83 92 91 96 90 96 94 83 86 98 105 108 103 102 106 106 101 106 101 94 103 100 103 102 107 106 104 109 107 97 109 120 120 122 121 118 110 116 125 120 114 123 117 112 116 109 108 113 122 114 116 120 125 128 129 129 122 113 111 107 119 114 117 114 115 115 115 118 115 111 110 112 125 128 120 111 113 117 121 131 127 117 111 112 121 119 113 119 117 113 113 110 102 108 105 104 99 110 100 97 106 108 105 107 109 93 96 107 102 104 109 102 105 93 95 96 98 96 89 91 85
81 78 75 76 85 90 85 89 90 94 90 90 90 91 82 93 105 104 103 100 103 105 105 98 105 103 91 96 101 105 108 111 111 106 108 108 94 103 109 116 118 119 118 106 112 121 115 108 119 123 113 109 112 103 120 125 118 115 118 124 128 135 130 126 118 115 108 119 112 116 118 126 125 119 118 115 115 110 110 125 127 117 110 114 111 121 127 126 114 115 113 124 123 118 118 119 116 117 109 104 109 107 108 102 100 100 99 102 107 111 108 103 91 94 107 99 111 108 105 103 94 96 98 103 106 92 90 88
75 72 69 59 77 81 86 86 93 97 80 81 94 90 81 84 106 103 102 95 102 108 111 103 115 108 90 89 98 117 107 99 107 105 105 108 102 102 104 104 112 121 119 107 104 120 117 113 121 120 111 111 108 101 109 117 121 118 119 125 128 133 133 127 121 120 116 122 121 113 117 120 121 117 118 120 114 112 112 125 129 119 113 116 113 120 127 126 123 121 113 122 122 114 117 118 117 116 111 105 109 107 109 105 101 105 102 99 105 112 106 97 88 97 111 104 112 108 110 94 89 95 98 104 103 90 92 91
76 71 70 64 76 84 82 83 88 85 78 69 94 89 85 82 85 94 101 96 99 107 112 103 120 112 94 85 93 108 109 106 106 106 99 110 110 104 103 96 105 115 118 111 107 112 117 115 113 115 106 112 113 102 105 112 119 119 117 120 129 135 134 124 123 125 125 123 120 120 119 117 119 120 115 121 118 112 109 122 130 121 113 117 116 119 125 125 129 123 116 119 120 112 112 112 111 109 105 101 104 105 108 106 103 112 112 97 100 110 107 100 87 97 106 105 115 111 104 87 86 95 98 100 103 92 91 91
71 71 65 70 80 86 87 90 86 85 88 74 91 87 85 79 75 89 95 96 99 106 113 106 118 114 93 82 86 104 119 112 112 104 94 109 115 108 105 104 114 110 115 114 108 109 114 114 119 118 106 114 115 101 104 106 114 117 118 118 130 137 136 126 123 123 117 115 119 119 112 111 114 121 117 122 122 114 105 118 133 124 113 109 113 117 124 121 127 123 116 118 117 108 108 109 109 108 105 100 102 105 108 106 101 116 110 94 99 106 104 101 88 96 103 108 117 110 96 88 92 97 98 94 97 93 87 86
71 61 65 74 90 93 94 87 88 91 93 81 84 94 85 73 88 86 92 91 100 103 110 104 116 117 97 81 88 109 116 110 117 110 99 104 118 113 108 110 116 106 117 120 111 109 112 117 125 124 113 114 112 97 101 104 115 115 116 119 132 138 140 131 121 117 115 118 120 120 111 111 108 119 123 124 121 117 109 118 132 126 115 110 113 116 124 120 122 121 120 122 116 105 111 110 108 106 107 99 100 104 111 107 102 115 105 95 98 107 103 100 90 97 99 108 112 110 91 87 96 101 99 90 89 87 83 87
67 63 69 75 79 91 92 87 95 89 85 87 90 92 92 83 87 93 97 95 101 102 108 104 115 117 104 93 91 110 117 116 121 111 100 106 114 116 116 122 117 109 116 117 113 110 111 119 128 128 119 117 109 100 103 107 115 119 118 121 133 137 141 134 121 114 116 118 118 118 111 107 107 116 119 122 122 114 111 116 125 127 120 116 115 120 128 119 113 119 118 120 115 105 114 108 105 107 106 99 101 106 110 107 105 113 104 95 98 108 99 101 95 97 104 105 112 105 88 95 101 101 100 91 85 82 86 94
63 79 73 72 76 87 88 93 97 93 86 90 98 88 95 90 80 91 95 91 100 105 109 103 117 122 108 102 96 107 116 119 123 114 99 110 112 112 116 121 114 113 117 114 111 109 112 121 129 126 124 119 115 105 109 110 116 124 120 120 132 135 140 134 122 113 118 121 124 115 109 105 110 115 119 124 121 112 112 113 121 127 123 114 112 123 129 117 108 113 117 117 114 109 114 106 103 104 103 100 102 105 105 105 105 111 101 97 102 112 98 104 96 98 103 104 108 99 87 95 102 95 93 87 86 84 84 98
66 76 81 76 79 84 84 90 96 97 93 90 92 89 89 97 83 88 95 91 99 104 110 106 117 124 117 111 104 111 117 123 123 116 104 109 107 110 116 117 120 117 118 114 112 109 112 120 129 127 127 122 115 109 112 112 117 122 123 117 128 132 137 134 128 120 119 127 126 120 111 107 111 117 120 126 122 112 111 110 121 126 121 111 113 122 126 116 112 113 116 116 112 107 111 103 101 104 101 102 102 103 104 107 105 110 101 96 103 111 98 103 99 100 99 100 106 107 91 91 100 93 91 88 88 85 84 98
75 75 79 75 78 80 82 88 88 94 94 91 87 84 86 89 87 92 91 94 98 103 113 113 116 120 115 112 105 112 117 119 122 119 111 107 108 110 120 119 121 116 113 113 113 112 116 122 128 130 124 123 115 108 109 111 118 123 125 119 127 129 130 131 130 123 119 122 123 127 115 110 114 114 116 125 122 112 112 111 121 124 120 113 114 120 120 117 116 116 115 113 109 104 106 100 99 104 104 105 106 101 101 108 106 110 105 98 101 106 96 103 102 101 95 99 110 104 91 88 98 99 94 90 86 87 90 100
76 80 75 77 79 73 83 86 86 91 92 92 83 78 77 78 94 89 89 96 97 103 111 119 116 115 112 109 102 111 119 112 115 118 113 104 104 112 122 120 121 113 109 111 112 116 120 123 124 125 122 122 115 109 109 114 121 124 123 120 123 123 126 131 129 122 118 119 119 128 119 116 116 113 117 126 121 110 108 113 121 124 120 114 110 113 116 118 119 116 115 110 107 109 106 98 99 107 106 106 108 101 96 108 109 112 111 99 97 103 99 103 102 102 93 96 107 97 93 91 98 102 97 88 84 86 90 97
72 77 79 76 80 72 73 84 88 90 88 94 94 83 77 78 92 95 91 95 99 103 109 116 112 115 115 113 104 109 120 111 111 115 110 103 105 116 122 123 123 116 111 109 111 116 119 124 121 123 121 123 117 112 114 118 121 124 125 120 122 120 125 129 129 122 116 117 119 126 120 118 116 114 120 128 126 114 108 111 116 121 120 116 108 104 114 117 120 119 114 112 111 113 106 96 98 107 109 109 109 104 95 109 115 113 109 96 96 103 101 104 105 104 93 94 101 92 92 89 97 100 98 88 87 86 84 91
74 81 88 77 81 74 67 83 86 85 84 91 95 89 83 81 91 103 96 96 100 106 110 113 112 118 117 116 108 107 116 117 114 113 109 105 107 112 119 123 122 117 113 109 111 116 120 123 122 124 120 122 119 115 121 121 121 122 126 124 123 122 123 129 130 124 119 116 118 126 123 118 115 116 122 131 127 116 109 109 116 122 122 120 109 100 107 109 122 122 111 112 112 114 106 94 97 104 111 111 110 105 96 111 117 112 101 96 97 103 105 108 107 102 94 93 97 90 91 82 88 98 97 86 89 90 80 85
75 79 89 83 80 79 81 83 88 82 84 92 94 89 92 91 86 95 97 101 104 107 108 111 113 118 117 116 113 109 111 115 114 110 108 106 108 105 116 122 126 120 112 110 114 117 122 125 126 127 123 119 118 120 125 122 120 119 123 126 125 121 121 127 127 122 119 117 120 126 125 119 114 116 124 131 127 116 109 112 119 123 123 119 106 99 100 101 118 126 112 109 110 111 105 96 96 103 110 108 108 100 97 110 115 108 96 92 93 99 104 110 108 100 92 95 97 90 91 81 87 95 93 86 95 91 81 85
67 71 79 80 76 76 83 83 88 89 90 91 90 90 95 102 93 89 93 100 105 109 107 106 113 115 112 117 116 107 113 116 114 111 109 108 105 105 111 120 126 127 116 108 114 118 122 128 130 131 126 120 118 119 126 123 121 119 124 127 127 123 122 126 121 118 118 117 119 125 124 116 112 115 123 131 125 116 110 113 119 125 124 120 108 104 99 97 113 123 115 106 104 105 102 99 96 104 108 105 106 97 97 109 111 109 98 92 90 93 101 108 105 95 93 96 96 88 91 84 87 93 90 85 93 88 82 87
68 65 75 76 72 76 79 81 82 87 88 93 93 95 95 99 91 89 88 98 106 109 108 100 110 113 111 125 117 108 114 114 112 112 109 109 105 103 104 113 123 129 118 106 109 113 120 128 131 132 126 123 122 121 123 125 122 116 121 128 131 129 126 125 120 116 116 120 119 121 123 116 110 113 122 127 124 114 110 114 120 128 127 123 114 109 102 97 104 118 115 103 99 100 99 95 95 102 104 100 104 94 95 106 110 111 97 90 87 89 96 100 100 93 92 98 95 88 86 84 84 91 88 84 89 85 82 87
64 65 79 74 67 73 74 80 80 89 91 98 98 95 94 94 89 87 88 95 105 107 104 99 109 112 112 120 114 111 114 110 109 112 109 107 107 103 101 108 122 127 120 108 104 110 117 124 129 130 129 124 124 122 121 125 124 115 117 128 133 132 130 126 123 116 117 122 120 119 122 116 109 111 120 127 123 114 111 114 118 127 131 124 115 109 102 97 99 107 109 102 97 99 95 94 96 101 100 97 100 91 92 102 107 110 92 88 87 87 91 95 97 93 91 93 93 86 84 81 79 87 88 84 86 82 84 90
66 69 75 76 72 72 73 81 83 88 91 99 101 96 96 90 91 90 93 98 106 109 103 100 111 109 112 115 113 116 118 113 109 113 113 108 105 104 100 106 120 126 120 110 102 107 116 120 126 130 130 124 124 121 119 123 124 115 116 129 132 132 133 130 123 118 119 125 120 118 122 117 113 109 116 127 122 114 113 115 120 127 130 124 113 104 100 95 96 98 104 101 93 96 96 94 93 98 99 98 93 90 94 97 103 105 90 86 85 86 89 94 95 92 90 90 91 84 82 82 79 84 87 83 85 79 86 90
73 72 74 73 73 69 71 76 83 88 88 99 103 98 95 87 87 90 94 101 106 111 104 101 109 108 111 116 112 112 119 115 111 114 115 111 105 103 100 105 119 123 118 111 105 105 114 120 123 126 128 123 123 121 117 121 122 116 116 126 130 130 133 131 122 118 121 125 120 119 123 121 114 108 115 122 122 115 114 114 118 126 129 122 111 102 95 93 92 93 103 102 93 91 92 89 88 96 102 97 89 94 98 98 101 104 93 88 82 85 89 94 94 92 89 91 91 85 78 81 78 83 85 81 85 78 86 88
73 75 75 73 77 71 72 77 78 81 83 91 100 101 97 86 84 92 95 104 107 112 105 100 107 108 109 113 110 109 116 118 113 115 115 112 108 105 100 103 117 121 116 109 106 107 115 121 122 124 125 124 125 122 116 119 123 118 115 120 126 127 131 131 125 121 121 123 117 117 126 123 113 110 117 121 121 115 112 112 116 121 125 120 111 103 95 91 91 91 102 105 95 91 90 86 86 94 103 97 91 97 98 100 102 104 92 88 83 86 91 93 93 91 89 90 91 85 74 78 76 82 84 81 81 75 84 84
70 76 74 73 80 76 75 80 79 81 82 86 94 104 98 86 84 90 97 102 106 109 103 98 102 103 105 110 110 107 114 118 114 114 114 112 109 109 103 105 116 121 117 109 107 109 115 122 122 121 125 124 127 123 117 119 123 120 115 117 120 125 130 134 128 121 119 120 115 119 126 121 113 115 120 120 121 117 112 113 115 120 123 119 112 106 99 93 90 88 99 105 98 93 90 88 87 92 103 97 93 99 97 101 102 103 88 87 85 86 90 92 91 90 86 88 88 85 74 74 74 82 82 80 76 74 81 80
66 75 72 70 74 78 79 82 79 77 79 80 86 104 97 88 84 86 95 100 102 107 102 98 100 100 102 106 109 105 110 116 112 113 113 111 110 108 105 108 117 120 116 109 109 114 116 120 122 122 125 125 128 125 120 121 122 118 116 117 118 123 128 135 130 122 119 119 116 120 128 122 115 116 122 117 119 117 114 115 115 119 121 120 114 107 103 98 90 86 94 100 102 99 94 90 88 89 99 98 92 96 98 101 101 101 88 87 85 84 86 89 89 87 83 84 84 83 76 70 69 80 79 76 75 74 79 78
63 70 71 70 72 73 76 81 76 74 78 76 85 97 98 92 82 83 91 96 101 108 103 99 99 99 99 102 106 103 105 112 112 112 111 109 107 106 105 112 117 119 115 110 110 117 117 118 122 121 124 124 125 124 121 122 122 117 116 119 118 121 126 135 131 123 116 117 117 122 130 124 116 114 119 114 114 115 114 114 115 116 118 120 115 109 104 97 93 88 93 97 105 106 100 94 91 88 94 96 89 91 98 101 99 99 88 83 82 83 84 89 89 81 80 79 79 80 75 67 69 76 75 74 72 74 77 78
65 68 69 71 74 71 72 77 72 73 78 78 87 90 94 92 82 81 89 96 102 107 103 98 100 100 98 99 100 99 101 108 111 112 109 110 104 102 104 110 113 117 115 109 112 118 115 117 120 120 122 123 122 121 120 122 123 119 118 122 120 123 125 129 128 122 118 116 118 123 126 126 116 111 114 110 113 115 112 111 113 115 117 118 117 110 103 98 93 92 95 100 109 110 102 96 92 88 91 94 86 86 96 101 97 94 82 80 83 85 86 91 86 76 77 77 78 78 72 65 68 72 72 74 72 71 74 79
61 63 65 69 73 72 73 77 72 68 73 79 87 86 91 93 85 82 89 94 99 104 101 95 97 99 97 98 97 93 95 103 109 109 106 107 102 99 100 107 111 113 113 110 111 114 115 116 119 119 118 120 118 116 118 123 120 118 120 123 121 124 124 125 126 121 119 117 119 123 123 123 115 109 111 108 112 115 110 108 112 114 115 115 116 110 101 96 96 96 99 100 106 110 100 93 92 88 89 91 85 88 96 98 96 91 83 82 86 85 87 91 84 75 77 77 76 74 70 66 67 69 70 74 73 69 73 78
