79 80 85 84 84 94 93 88 92 93 85 86 90 91 93 92 97 99 95 95 98 94 93 93 91 91 93 91 90 90 94 94 97 97 96 100 107 112 107 95 98 103 99 100 103 102 100 102 109 111 106 107 112 115 110 103 100 101 100 100 99 98 99 99 94 93 95 99 104 100 95 91 80 74 71 68 75 73 66 71 70 72 71 77 87 103 112 102 95 95 98 100 97 96 101 106 102 96 101 113 106 97 99 96 93 96 97 100 104 98 92 92 92 92 91 88 83 85 93 100 101 96 95 97 98 89 41 27
81 81 86 87 90 98 97 95 108 111 96 91 90 92 95 96 98 96 92 96 96 92 93 97 92 92 93 89 89 91 96 99 98 94 94 98 103 107 105 99 101 105 104 102 101 101 104 103 105 107 100 103 111 114 108 99 97 99 101 100 99 98 100 98 92 98 97 94 94 94 75 68 68 67 68 71 66 70 71 71 73 73 68 63 64 66 80 91 92 93 99 102 100 98 100 102 102 99 104 109 102 97 103 101 99 103 104 102 103 102 94 94 93 90 90 89 84 87 98 105 103 96 99 96 93 88 61 28
83 83 93 97 100 101 101 112 125 120 98 91 91 93 93 92 93 94 93 95 95 95 96 98 97 96 95 93 92 92 97 99 96 93 93 96 97 95 95 96 101 102 103 103 98 97 103 101 97 96 93 97 105 107 101 96 95 100 100 97 98 99 100 100 97 91 77 75 76 71 68 64 64 67 64 67 67 60 69 66 69 67 71 69 68 69 68 70 86 101 106 102 102 105 103 104 106 107 111 106 95 96 107 110 111 106 103 102 102 101 95 92 91 84 85 87 86 84 89 102 98 92 91 91 86 84 73 33
87 88 98 104 102 96 109 123 126 111 95 90 89 90 90 90 91 93 95 94 95 98 98 97 98 99 98 99 95 93 95 96 92 92 95 98 94 90 91 94 93 93 97 100 94 93 100 100 98 96 95 96 97 97 100 101 98 101 100 98 99 99 99 90 77 70 70 71 70 64 61 61 62 73 67 66 65 63 72 71 66 65 70 71 65 69 70 73 65 79 100 104 103 103 105 110 110 112 116 108 98 98 107 111 113 104 93 95 99 99 96 95 93 88 84 87 91 86 85 93 89 85 87 88 81 81 80 39
91 90 94 105 103 105 124 126 113 96 88 90 90 89 87 90 91 95 96 95 99 104 97 93 93 96 98 100 100 98 97 90 88 91 92 93 92 88 93 95 92 88 94 97 92 92 97 102 107 107 103 98 96 94 96 99 98 99 97 97 101 97 79 67 64 71 74 67 60 57 63 63 65 68 62 65 73 66 70 68 64 67 61 60 65 64 65 67 69 68 81 95 98 91 96 104 106 108 110 102 96 98 101 101 104 97 86 94 101 95 93 96 96 94 91 89 93 94 94 93 88 86 90 92 83 80 84 44
96 87 88 98 107 129 142 124 108 95 92 95 93 92 90 90 91 93 96 93 97 102 100 93 92 93 95 100 101 99 95 90 90 92 90 92 94 93 94 96 94 90 92 94 93 91 94 105 114 112 102 95 92 90 86 94 97 94 95 99 91 74 64 65 64 65 63 56 57 68 71 71 71 65 66 82 77 71 64 66 62 63 66 63 67 62 65 64 67 68 73 74 84 87 90 97 98 96 98 95 98 98 93 90 94 94 89 93 102 95 90 94 96 96 99 96 89 91 93 90 86 83 86 88 83 89 95 48
97 90 93 102 117 145 144 119 112 103 99 100 98 96 94 93 90 91 94 91 94 101 100 98 96 97 94 94 97 98 95 90 92 94 95 97 99 95 91 94 95 91 93 94 93 91 93 105 112 110 98 86 90 86 79 89 94 94 94 89 69 61 63 63 62 60 55 56 74 78 83 76 85 79 85 78 71 66 65 70 68 69 67 59 57 60 61 62 61 68 67 70 72 78 88 98 96 91 89 88 95 97 90 90 92 93 92 93 98 94 93 95 94 92 98 98 90 87 88 86 85 84 85 82 83 94 95 46
96 97 103 106 120 137 127 108 108 105 105 105 100 97 97 94 91 92 95 89 91 100 102 112 109 101 93 89 95 98 93 93 101 101 97 100 101 95 93 99 97 91 92 93 92 91 92 99 99 99 94 88 92 92 83 86 93 94 90 66 67 61 62 62 60 56 62 83 87 85 82 88 93 91 87 80 71 83 81 65 66 63 63 60 57 59 60 62 62 71 63 65 72 71 78 88 95 91 90 86 95 96 91 91 92 93 94 95 94 94 95 94 90 84 88 93 90 91 87 83 84 87 87 85 86 88 87 43
93 100 103 108 110 108 101 96 98 99 101 100 99 100 99 97 97 100 102 96 95 98 105 114 111 101 92 91 100 105 104 101 103 100 95 97 97 96 98 103 101 92 95 93 93 93 94 93 92 91 93 97 98 96 91 89 94 95 70 57 59 64 61 62 57 64 76 80 77 80 82 83 81 78 82 79 83 79 78 63 69 68 62 61 65 64 62 61 59 66 63 64 69 68 76 75 84 98 101 93 99 100 97 94 94 94 96 98 97 91 89 86 81 72 76 87 91 93 89 83 85 89 86 81 82 83 88 46
96 94 95 103 100 90 92 93 91 93 95 98 101 100 99 99 99 103 104 99 94 94 101 110 104 96 93 95 103 107 111 108 101 96 92 94 94 96 97 101 101 97 97 97 96 96 97 94 94 90 91 98 102 98 93 93 98 76 56 59 59 57 60 56 63 73 74 66 69 73 71 69 76 83 93 94 80 79 80 84 87 77 72 72 69 66 64 64 63 64 64 67 68 72 72 71 82 91 106 101 99 101 103 99 96 96 92 94 92 87 85 80 77 71 74 84 94 96 88 82 84 87 89 81 78 84 98 50
96 91 93 101 95 88 92 91 90 90 92 98 102 102 99 99 98 99 100 94 89 93 98 101 97 93 92 97 102 99 105 105 95 92 94 97 95 93 94 96 99 94 94 94 95 94 97 97 98 99 95 100 109 103 95 95 85 59 60 59 55 56 55 62 69 71 67 71 65 67 67 68 69 65 75 79 80 82 89 82 72 73 81 70 69 71 73 67 63 63 66 65 68 66 65 68 71 78 82 96 101 101 104 100 97 95 90 88 85 87 88 85 85 81 84 90 99 100 88 83 84 87 92 89 80 93 102 48
90 87 91 93 91 90 91 89 92 94 95 99 101 100 99 97 91 92 90 87 88 92 96 97 99 98 94 95 97 92 93 95 93 97 97 99 96 91 94 97 93 90 89 91 93 90 91 91 95 101 98 101 112 106 96 94 64 57 59 54 57 58 61 70 63 69 73 68 69 68 66 72 69 64 69 76 76 84 83 81 88 79 73 78 76 70 67 67 66 68 66 68 67 66 68 65 69 69 79 83 104 109 105 99 95 94 92 90 91 93 90 86 90 95 98 96 99 99 85 81 80 88 94 88 81 87 95 47
84 86 88 90 92 94 92 90 94 96 94 100 101 98 96 94 93 95 90 88 88 92 95 97 104 107 100 96 95 91 87 88 93 102 98 96 96 91 96 99 94 92 93 91 93 91 90 90 88 91 94 101 111 104 101 79 55 60 57 60 57 58 70 67 68 70 66 68 64 67 69 71 67 67 76 77 73 75 78 86 81 90 90 82 78 77 78 73 70 70 69 69 66 66 66 68 67 67 70 73 81 103 103 100 92 89 92 96 97 95 92 88 91 104 108 106 99 94 86 83 81 85 93 88 84 81 82 49
87 91 89 88 93 96 94 92 96 93 93 99 101 92 92 90 94 95 94 94 90 90 94 97 104 106 102 97 91 91 90 86 92 102 96 91 91 94 103 104 102 101 96 91 91 94 100 93 86 84 92 99 101 97 96 65 55 52 57 56 59 66 68 67 72 76 72 72 68 67 71 74 72 73 77 75 73 84 81 79 76 83 80 80 75 77 77 75 73 71 71 72 73 70 70 66 68 63 64 72 74 80 100 106 98 92 93 96 96 96 95 91 93 101 103 102 97 93 89 86 85 81 88 88 89 92 89 47
91 95 92 89 91 95 93 91 92 88 89 97 96 90 89 87 94 95 94 98 91 86 91 92 95 100 103 99 93 93 92 85 86 94 95 91 89 94 100 104 105 102 95 90 87 94 102 94 87 89 96 96 92 94 75 58 57 56 53 59 66 69 66 69 71 72 74 70 69 73 71 70 71 73 70 73 74 79 75 75 76 81 91 91 78 72 74 75 74 70 75 73 72 69 69 66 68 65 64 66 65 75 80 107 116 104 97 99 107 112 103 94 86 90 86 84 85 88 91 88 88 83 82 84 87 95 95 47
94 95 93 92 96 101 102 99 94 91 90 92 92 90 90 87 93 93 89 94 88 87 90 90 90 93 101 100 93 92 91 86 88 92 94 93 93 95 96 97 99 96 93 90 88 93 101 96 91 95 98 93 88 80 57 59 67 56 58 63 68 67 67 71 72 69 70 71 70 73 74 75 75 74 73 73 70 68 69 73 79 75 77 79 75 80 87 83 80 80 80 82 76 74 70 67 65 65 65 66 64 69 75 79 112 107 99 104 116 121 106 93 80 80 83 78 82 87 93 92 90 89 85 86 80 84 86 47
92 91 91 95 100 105 108 101 96 93 95 94 89 91 92 89 94 98 92 90 87 90 93 93 92 88 93 95 90 92 91 92 99 99 102 95 95 103 101 96 94 98 97 93 88 90 98 99 94 92 91 93 87 64 58 63 56 62 63 67 64 66 80 92 88 77 70 75 78 73 71 77 81 77 76 73 71 72 71 71 74 76 76 79 73 73 75 87 79 76 80 79 75 74 71 68 65 62 66 63 64 63 73 77 80 93 94 98 99 104 102 97 86 80 84 85 85 89 97 100 104 96 89 88 81 82 88 47
89 91 93 95 98 98 99 97 94 97 98 95 90 91 96 100 108 110 101 94 89 89 93 95 94 89 89 90 89 95 95 96 101 100 100 95 98 108 104 95 94 101 98 93 93 95 97 95 91 92 91 88 71 56 63 57 56 62 64 65 82 127 168 170 153 135 123 140 116 73 69 67 72 73 72 73 74 70 70 69 69 72 79 84 79 82 82 77 84 94 81 76 76 72 71 72 67 66 65 61 63 61 66 74 70 81 96 95 85 93 104 102 97 90 90 94 92 94 103 111 117 107 91 81 84 94 97 51
89 91 90 93 91 90 90 88 92 98 98 94 90 91 96 107 115 109 98 97 95 89 88 91 92 92 94 99 97 96 96 93 94 95 94 91 95 101 94 90 92 100 97 93 99 99 95 93 98 107 96 71 57 60 59 54 60 61 62 68 141 208 217 206 202 201 201 206 193 130 103 73 70 72 71 72 73 72 72 70 68 68 66 76 81 81 78 77 87 137 118 109 77 76 72 70 66 64 69 68 64 66 65 70 75 75 90 100 95 100 106 99 94 96 97 101 98 95 98 106 108 102 91 79 87 96 94 50
88 84 81 88 90 88 91 90 89 95 95 93 91 87 90 103 109 99 93 95 94 90 88 89 91 92 95 103 99 96 92 89 94 94 97 92 91 90 85 86 93 97 93 92 99 98 92 94 102 109 80 57 61 58 56 59 59 63 68 136 219 230 227 230 233 227 226 227 215 201 178 108 68 68 68 69 71 71 71 68 69 69 67 67 75 80 77 80 81 118 149 169 102 77 74 69 66 66 69 65 63 73 69 65 71 71 76 101 100 97 100 95 93 96 100 101 102 95 90 91 92 92 89 85 90 91 89 49
84 82 80 85 85 86 93 93 88 90 90 90 86 83 85 92 98 97 96 96 94 93 90 95 96 92 91 93 89 92 89 87 92 94 100 94 89 89 89 89 96 98 92 91 94 94 92 92 96 83 57 62 60 55 57 56 58 63 99 206 243 237 234 234 233 235 227 223 220 213 207 164 91 65 65 69 69 67 65 64 64 65 67 73 76 81 82 77 78 163 230 249 174 96 74 70 65 64 65 65 68 65 71 71 64 63 65 88 101 95 99 99 97 104 107 110 110 99 89 87 89 89 88 87 89 88 91 49
91 90 89 88 85 86 93 94 90 89 86 88 87 86 87 87 91 96 101 104 99 93 93 98 99 96 92 87 83 87 88 88 92 96 97 94 92 89 91 88 93 93 96 95 94 96 95 92 86 56 55 57 54 54 55 55 61 68 157 231 237 234 227 235 233 238 237 224 222 224 219 196 148 80 64 68 69 69 65 61 65 63 64 63 66 75 79 77 79 191 255 255 255 165 74 74 67 66 64 58 63 64 64 67 68 62 67 71 94 100 102 98 104 114 112 112 102 99 89 88 91 90 91 89 87 87 88 48
97 91 89 85 85 87 91 90 89 90 90 91 90 87 89 89 89 92 99 107 102 93 92 97 99 97 93 91 90 87 90 94 106 114 94 97 100 85 79 79 86 93 101 102 94 96 96 91 63 48 55 55 56 54 56 56 63 81 193 222 229 232 227 227 232 230 228 234 230 231 226 212 188 106 64 65 66 67 63 60 63 64 64 62 62 68 77 75 97 220 255 255 255 217 104 81 73 67 64 62 58 61 61 64 64 61 66 66 80 102 94 98 109 108 102 100 88 97 94 89 94 95 91 88 88 89 87 48
91 88 86 84 87 90 91 91 93 91 86 87 86 85 88 91 89 87 94 99 97 97 98 93 96 94 89 93 98 97 94 93 106 113 93 100 101 88 79 80 92 99 103 104 97 95 101 76 47 48 51 55 54 53 54 58 63 106 211 218 218 225 229 226 225 228 231 235 231 232 233 225 204 143 71 64 65 63 61 61 60 59 64 64 60 63 71 74 130 238 255 255 255 255 180 88 73 67 64 62 59 59 61 65 65 61 60 63 68 90 89 104 114 102 96 98 93 95 96 97 98 95 91 89 95 93 87 45
96 90 90 92 97 95 92 96 98 93 94 95 89 88 91 90 87 85 91 95 99 105 104 96 97 100 93 95 103 101 95 92 98 106 101 104 103 101 96 93 101 103 104 105 101 98 99 52 45 48 52 52 50 47 50 58 64 131 208 210 214 220 228 226 225 229 232 233 240 239 236 231 217 186 103 62 64 61 60 60 58 57 59 63 59 57 63 64 153 255 255 255 255 255 229 118 74 69 66 63 59 56 57 66 61 59 60 61 62 76 92 98 102 102 96 95 99 94 93 103 106 93 90 90 100 96 88 47
116 102 95 100 102 95 89 96 99 100 108 108 100 101 102 99 92 91 98 100 102 110 110 105 107 107 102 99 106 108 106 104 103 106 105 106 100 99 101 105 107 102 102 107 103 99 63 43 47 51 50 49 48 43 50 59 68 163 211 207 207 218 222 227 225 230 234 236 243 247 246 242 239 220 156 78 60 65 71 66 62 56 56 55 56 57 61 74 174 255 255 254 255 255 253 154 74 71 69 65 61 59 61 56 56 62 65 63 63 65 94 101 91 95 88 86 92 90 91 104 110 94 90 87 90 92 90 47
124 100 94 101 99 91 90 98 96 99 107 106 105 115 117 114 114 105 108 108 105 112 113 116 117 120 113 110 116 114 112 108 104 108 102 99 93 88 99 110 107 103 103 104 101 84 44 42 46 48 45 44 42 43 52 59 74 174 206 207 212 221 223 227 228 231 233 236 241 244 244 243 244 240 216 122 58 63 81 80 70 63 58 56 57 61 67 141 231 255 255 253 254 255 255 215 108 74 69 62 62 60 58 55 52 56 59 60 61 58 85 108 92 89 94 95 95 89 87 92 97 94 87 81 80 89 95 47
109 89 88 91 86 84 91 99 93 94 99 99 101 107 107 110 118 110 114 114 113 115 121 127 133 139 124 116 114 105 98 95 96 101 96 95 91 87 96 106 103 101 99 95 96 63 40 42 45 44 44 43 43 44 52 59 82 181 202 203 204 212 221 224 223 226 232 242 245 247 249 248 245 245 240 184 74 54 92 98 72 66 65 62 64 66 65 81 141 213 241 251 251 254 254 254 210 98 67 66 63 57 59 54 54 55 56 57 61 57 71 103 94 90 99 101 97 97 90 84 87 93 90 86 83 93 102 52
90 83 83 78 77 82 88 94 89 92 97 96 96 97 92 93 110 114 115 123 128 128 130 132 137 130 113 106 102 92 88 88 89 94 95 93 93 89 90 97 95 91 89 90 86 46 40 43 45 42 40 40 39 43 51 57 100 190 200 199 202 209 217 225 230 228 231 240 243 244 243 242 246 247 243 233 140 59 76 91 71 67 61 61 60 59 66 72 72 95 156 237 251 250 255 249 239 158 76 64 60 59 56 55 55 59 57 56 57 55 56 92 97 89 104 110 93 94 96 91 87 86 99 101 92 95 103 53
82 83 79 78 89 87 86 90 89 99 111 101 100 97 92 87 113 145 122 119 127 121 118 117 116 105 99 98 98 98 95 91 89 97 95 88 93 93 87 89 90 87 89 95 75 39 41 45 41 39 39 39 39 41 51 56 107 180 183 195 205 208 214 222 230 236 238 238 242 246 243 244 243 246 246 240 214 113 66 104 73 64 61 57 58 59 62 68 71 72 79 187 254 252 251 250 233 186 85 66 62 60 61 56 52 56 55 57 55 55 55 78 99 88 105 120 97 88 89 88 90 85 97 100 92 91 99 53
81 85 81 93 100 86 85 90 93 109 122 107 101 94 89 85 113 142 117 107 108 98 94 96 98 101 107 106 105 105 96 93 94 96 93 89 94 103 98 94 97 91 93 98 58 38 41 47 38 38 38 37 38 44 53 57 117 177 175 177 190 203 211 214 220 219 227 233 237 242 243 245 243 244 244 241 235 182 73 91 77 64 61 58 56 56 58 62 64 68 72 109 242 254 253 252 250 233 136 78 63 60 59 55 53 56 57 52 54 56 53 63 99 96 106 119 107 97 94 92 91 86 85 85 87 92 96 50
85 86 85 96 97 84 85 91 95 102 107 101 97 90 86 90 99 111 107 103 98 92 94 92 94 99 102 105 103 102 94 96 97 95 95 97 101 115 105 99 99 91 97 93 45 39 40 41 38 37 36 37 38 42 51 56 112 168 162 169 178 193 196 204 214 226 232 240 241 243 243 246 246 241 240 240 235 211 102 83 82 68 62 58 55 54 55 56 60 63 69 72 165 255 254 255 253 248 182 102 66 64 60 56 52 57 56 61 53 58 55 53 95 107 112 122 112 98 101 104 95 97 88 80 89 95 94 46
90 89 92 95 92 87 89 94 96 92 88 92 92 101 102 98 97 99 106 105 96 103 108 98 95 93 94 99 99 102 96 98 99 97 97 101 103 109 99 91 86 85 97 81 40 39 37 36 35 34 34 37 39 41 49 54 112 159 155 159 173 183 190 201 211 214 226 228 238 238 242 239 237 244 242 236 232 220 164 94 91 70 63 58 56 54 54 55 56 60 64 70 92 226 255 254 255 248 207 107 67 62 58 54 52 50 54 58 57 56 57 54 81 105 107 111 106 89 94 96 98 103 101 91 98 103 90 44
91 88 95 94 92 89 91 97 95 90 89 96 95 107 110 102 100 98 98 100 97 106 108 97 93 95 97 99 100 104 97 94 98 94 95 98 101 98 88 79 81 89 100 70 39 37 36 35 35 34 33 39 39 41 49 51 110 152 143 156 174 176 183 195 202 208 225 230 232 238 235 241 234 231 243 243 236 226 204 140 103 75 67 60 53 52 53 55 53 54 58 64 71 163 255 254 253 246 231 163 82 66 63 59 56 50 53 50 50 53 51 51 65 97 104 102 99 91 94 94 104 94 93 90 89 95 84 41
89 86 90 87 92 97 100 100 96 93 99 102 96 97 105 105 99 92 96 99 94 99 100 106 100 98 96 90 95 102 94 91 94 88 90 101 109 98 82 79 88 94 98 61 37 37 36 34 34 34 34 38 38 41 46 50 98 137 133 145 156 172 184 192 207 213 217 230 230 234 236 235 235 233 228 229 228 222 210 177 122 86 71 64 55 52 55 54 52 53 55 57 66 107 239 255 252 248 222 170 96 66 63 58 57 51 49 50 52 53 48 48 55 89 104 103 101 101 97 92 91 90 96 100 88 86 81 42
91 94 97 92 95 102 105 100 99 99 99 101 99 94 102 104 96 92 98 99 93 94 97 114 108 95 90 84 88 92 89 93 95 86 88 100 106 93 82 80 83 82 79 50 37 34 35 33 32 35 37 39 37 40 44 48 79 126 122 137 151 156 174 187 189 207 217 220 229 226 228 238 237 233 230 224 224 222 211 185 136 101 77 74 64 64 65 58 53 55 60 56 62 91 217 255 253 253 239 169 93 65 61 60 58 56 51 53 58 49 47 50 53 77 99 102 97 91 93 93 98 93 92 96 95 85 81 42
96 109 105 94 95 99 97 95 98 95 88 92 97 98 98 96 96 92 95 94 90 84 82 97 103 93 87 86 89 93 91 88 94 90 87 89 87 89 89 78 76 75 73 45 35 36 34 33 33 36 39 41 39 39 42 45 57 105 109 127 147 153 160 175 182 195 200 222 220 228 230 233 237 230 228 229 221 218 213 188 160 120 76 74 67 65 57 53 53 60 66 59 62 76 189 255 252 246 246 191 106 75 61 58 55 52 49 53 52 51 51 52 49 63 96 107 101 93 89 96 114 99 86 88 92 84 88 46
97 107 98 88 92 97 95 97 97 92 86 90 90 93 92 90 95 92 92 92 94 83 82 91 97 92 90 103 105 103 98 88 92 91 88 83 83 86 89 82 76 75 78 43 36 34 33 32 33 36 38 40 40 37 40 44 47 78 96 112 132 148 160 163 180 187 199 199 226 218 233 231 231 227 225 222 222 214 206 192 169 140 81 75 71 62 57 53 52 60 75 63 60 68 123 243 254 248 245 206 109 77 65 63 59 55 49 51 48 49 54 47 49 53 102 112 99 103 95 90 98 93 82 85 93 76 83 47
94 94 88 88 95 98 103 111 105 98 93 95 85 89 92 90 94 96 94 96 103 97 93 96 93 89 92 108 100 89 92 92 92 92 94 86 83 84 88 80 74 77 80 41 35 34 32 33 34 36 38 39 37 37 40 40 43 50 71 90 126 134 150 161 168 179 192 206 211 224 213 230 222 229 224 224 220 216 212 198 175 151 89 76 71 59 58 57 57 59 64 60 63 71 92 219 255 247 242 234 151 90 65 61 56 50 52 50 51 48 53 46 47 48 83 106 96 95 95 90 88 91 87 77 87 75 66 43
92 90 89 90 97 97 101 107 103 100 97 94 90 91 93 91 94 95 95 97 98 97 92 88 86 90 92 98 89 81 80 85 91 91 90 85 85 101 97 80 80 82 75 38 35 33 32 32 33 37 38 39 38 37 39 38 40 45 48 56 107 128 145 161 159 168 183 201 203 219 217 217 216 228 227 226 225 217 211 200 179 160 98 75 74 61 57 60 60 58 56 57 62 69 87 201 253 246 242 240 184 121 75 61 56 50 50 49 51 48 52 50 48 45 64 95 95 94 96 96 92 91 94 95 88 87 87 45
92 93 94 95 95 97 97 99 101 100 98 96 97 92 92 91 91 94 94 94 88 87 88 88 90 90 92 98 92 83 81 86 86 86 80 84 91 98 94 83 84 84 72 38 34 34 32 32 36 37 39 38 38 35 37 39 38 41 45 48 75 118 133 152 165 168 177 191 206 206 218 211 222 214 218 207 212 221 208 199 182 165 109 73 71 61 57 58 59 60 53 54 60 67 85 184 254 247 241 243 205 101 77 61 59 54 54 49 53 57 50 50 47 46 54 88 92 96 98 93 88 84 95 101 95 92 94 48
98 97 97 97 94 97 98 101 101 102 100 96 97 93 95 90 90 93 88 94 90 86 89 92 90 83 87 92 91 88 94 97 88 86 79 83 87 84 90 86 86 91 75 37 35 33 32 33 35 35 37 37 34 35 35 36 38 41 43 46 56 100 126 149 160 175 168 173 190 197 202 209 209 219 218 217 209 211 209 201 179 163 112 68 67 61 58 59 59 58 54 53 57 66 87 192 253 241 243 239 229 148 76 64 61 57 52 46 49 48 54 49 46 45 48 75 93 98 99 95 89 88 101 95 95 92 92 50
114 104 100 98 94 98 97 97 97 100 101 92 96 96 92 89 100 99 91 103 97 94 91 83 82 84 82 88 95 98 101 100 89 87 86 85 89 88 91 92 103 107 80 37 35 33 32 32 32 35 33 38 36 34 34 34 36 39 42 45 58 99 118 138 150 158 175 172 175 189 193 204 199 196 206 212 210 213 203 200 190 169 119 67 64 63 60 57 60 56 54 53 56 67 97 209 246 238 235 243 240 203 105 65 62 58 53 52 49 45 46 48 46 45 48 64 93 97 105 112 102 99 106 100 105 104 97 51
150 128 113 97 94 100 104 99 93 95 97 91 98 97 89 91 105 108 99 99 94 119 107 82 88 92 94 98 98 94 96 93 86 90 93 91 91 96 94 95 105 110 85 36 34 33 31 40 42 34 34 33 33 33 33 33 34 37 40 43 66 105 113 128 147 157 157 177 178 182 192 193 206 205 198 198 206 208 206 199 186 176 133 72 67 62 61 56 56 54 55 55 57 67 111 224 243 240 242 240 241 218 121 64 61 56 58 53 48 46 50 43 42 45 49 55 89 102 113 110 103 109 113 106 105 101 96 51
165 170 165 118 94 98 102 96 92 92 94 97 98 98 92 90 95 103 98 87 88 123 109 88 94 91 102 113 108 92 78 76 81 90 91 90 89 97 95 95 102 102 81 38 35 32 31 35 45 34 34 32 32 33 32 33 34 36 39 42 69 99 98 127 133 153 158 163 172 183 182 181 185 193 201 198 198 209 200 203 190 173 142 76 67 63 62 58 58 54 55 55 57 66 144 230 242 237 243 243 234 229 159 85 63 56 55 57 55 47 46 46 40 50 48 51 86 103 110 108 101 113 117 111 102 99 103 54
143 175 180 120 95 98 98 97 94 91 92 98 93 97 95 88 87 93 92 87 91 100 96 99 96 85 86 96 97 98 79 82 87 93 92 94 94 96 91 101 114 101 73 38 35 32 31 32 35 33 34 32 31 32 33 34 33 35 38 40 70 116 95 100 132 142 155 159 167 173 178 184 175 183 192 194 193 188 193 187 184 173 147 82 67 64 61 58 59 59 54 54 58 67 152 231 239 238 235 244 236 234 169 79 64 58 58 57 55 49 45 47 47 49 45 46 82 110 109 112 100 106 108 102 92 104 110 55
111 128 126 99 95 96 106 110 106 100 99 101 94 100 100 92 92 90 88 93 91 93 94 109 102 86 84 82 87 93 88 93 100 104 97 103 97 92 90 103 120 111 80 39 35 33 32 32 33 36 33 33 32 32 32 35 35 36 38 40 62 101 96 91 128 146 148 151 152 167 164 171 182 177 183 185 197 188 174 176 172 167 151 89 68 64 63 59 59 59 57 55 61 69 151 231 240 229 241 240 241 239 188 87 65 60 54 56 54 48 55 53 50 50 50 45 74 121 96 93 99 99 97 94 88 102 112 56
96 95 91 99 105 107 118 123 122 120 117 107 98 98 98 94 103 97 97 101 89 95 90 91 89 85 88 91 92 92 93 89 95 105 94 101 89 84 84 89 104 110 92 42 36 34 33 32 37 38 32 32 32 31 32 33 34 35 36 39 51 81 95 94 118 141 135 146 149 156 165 164 165 173 178 172 179 191 185 177 177 166 158 102 69 66 65 62 60 57 57 57 61 73 167 231 240 237 236 238 241 245 224 143 77 60 56 50 55 50 52 54 54 50 52 54 57 100 94 95 101 97 90 95 103 109 99 51
88 99 103 106 110 117 124 125 124 125 122 118 115 99 101 114 128 109 102 99 91 96 91 85 86 89 91 91 91 95 94 92 91 94 92 94 84 81 81 88 96 108 102 50 36 33 37 48 38 35 32 32 31 31 31 31 32 34 36 39 48 81 94 101 99 143 139 137 151 161 163 175 171 165 168 172 181 174 184 182 173 163 158 113 68 66 68 62 57 55 53 54 62 72 167 240 240 241 239 238 244 243 239 212 133 66 53 55 56 55 51 49 49 50 52 50 51 80 93 94 95 92 91 92 102 99 96 54
96 111 108 102 112 121 124 116 110 109 119 123 109 88 114 147 161 122 94 93 95 97 99 95 96 93 98 93 90 94 89 93 88 88 91 89 92 88 88 95 99 103 110 69 35 34 37 53 44 40 33 33 32 31 31 32 33 33 35 38 45 72 91 102 89 115 159 145 134 144 161 165 172 169 169 165 169 178 170 179 174 163 161 125 68 66 66 64 58 58 58 59 62 69 150 246 246 243 244 242 238 245 237 198 131 70 57 55 49 52 49 52 56 51 49 49 49 75 93 92 94 90 102 94 90 89 93 51
105 106 101 108 115 113 108 100 97 104 121 106 83 83 104 128 138 109 93 94 94 116 128 101 98 95 115 116 97 99 91 93 89 91 95 95 98 94 91 97 99 94 103 84 37 35 35 59 66 41 37 33 33 32 32 32 32 33 34 37 43 72 74 89 92 100 133 166 144 136 147 150 164 175 181 177 173 175 172 166 162 162 158 136 72 66 68 68 60 59 60 61 61 68 143 246 244 245 246 242 243 243 237 222 133 71 57 55 54 48 49 52 53 56 50 51 51 67 103 107 104 94 96 88 90 94 93 49
107 108 105 106 103 95 97 107 112 118 117 94 90 96 92 91 91 95 103 96 93 121 127 99 97 93 107 108 98 106 100 100 97 94 96 97 99 100 92 93 96 91 91 86 45 37 38 55 66 54 48 35 34 33 32 32 32 33 34 37 41 65 75 91 104 98 114 145 160 158 153 157 156 158 169 168 166 166 171 169 167 159 153 142 77 65 67 67 62 56 55 57 60 66 135 245 244 240 249 247 241 243 237 236 170 88 60 58 51 48 51 54 51 52 49 52 52 59 103 108 94 104 100 85 100 97 91 48
108 123 117 97 96 93 93 103 111 117 100 96 112 114 95 94 97 103 108 94 93 96 98 98 98 94 90 86 96 114 113 113 104 97 97 96 98 99 95 92 92 82 78 83 64 38 40 56 67 62 61 53 37 34 32 32 32 33 34 38 39 67 87 82 95 101 103 118 145 145 152 152 154 149 154 158 164 161 156 158 158 155 154 147 83 64 63 64 61 60 56 57 61 66 115 236 249 243 242 245 246 239 233 232 204 98 56 58 51 46 53 48 44 47 47 50 51 53 96 103 104 109 73 58 90 96 96 50
119 132 117 91 93 101 106 101 97 100 99 111 122 126 110 103 104 99 96 90 92 93 93 92 97 93 89 95 95 102 108 117 105 98 96 97 92 89 91 94 92 85 83 88 86 43 48 98 122 106 79 62 40 44 46 37 32 33 36 37 38 71 94 79 90 99 95 108 120 125 129 139 143 142 146 149 154 161 157 150 151 151 150 150 92 65 65 66 63 58 59 56 58 65 105 230 249 243 243 242 246 241 231 229 210 123 56 55 51 45 49 49 44 49 47 46 49 51 79 125 129 104 57 52 56 69 107 50
124 117 103 98 100 113 115 111 97 93 101 124 137 120 115 100 102 99 94 89 88 96 93 92 97 89 90 103 97 96 104 106 104 100 99 98 94 92 93 91 91 93 90 96 95 76 56 115 125 126 122 92 55 60 52 61 34 38 36 37 38 59 109 116 108 101 97 100 115 121 130 127 131 135 138 149 147 150 149 153 151 146 145 149 102 66 63 63 61 57 59 58 59 64 94 209 249 241 242 242 249 245 229 212 197 138 69 53 50 46 48 48 48 49 49 51 54 54 71 149 133 78 57 60 55 57 99 49
114 98 102 112 114 112 110 106 99 111 107 117 140 122 106 93 99 100 97 96 90 96 97 100 95 81 88 93 93 96 107 100 100 99 102 98 94 92 89 93 95 94 94 99 101 103 87 113 120 120 124 121 100 46 33 50 37 68 45 36 40 48 110 125 100 99 103 104 109 119 120 123 122 126 131 134 138 141 140 142 147 143 143 149 110 64 64 61 60 60 63 59 60 64 88 197 245 240 241 241 248 249 229 203 198 142 64 51 45 44 48 50 51 47 46 52 54 55 59 104 106 60 53 54 44 73 110 49
115 113 117 103 105 96 89 93 101 106 98 98 111 112 102 98 98 105 103 100 94 97 99 98 93 79 84 95 98 95 98 96 99 101 106 99 97 98 92 95 96 98 100 98 98 106 94 70 103 117 124 120 112 48 39 46 40 60 58 39 40 42 96 119 109 109 99 94 103 116 115 120 128 120 123 128 134 137 138 140 142 146 144 148 122 67 63 62 59 60 60 56 60 64 74 172 247 240 245 246 243 242 228 205 184 141 67 51 46 47 45 52 51 46 47 52 52 57 57 79 71 46 50 46 48 72 90 46
113 113 109 94 97 94 83 86 94 95 95 98 95 90 97 99 100 103 98 92 93 97 101 97 94 92 94 101 105 108 101 98 98 103 108 97 97 98 99 97 96 100 96 93 86 111 136 86 46 69 111 120 114 86 63 33 40 65 54 43 38 42 81 116 109 108 96 95 101 111 112 114 120 122 128 125 126 132 143 143 143 145 145 146 133 72 62 59 58 58 60 57 57 62 71 151 241 241 243 245 241 223 209 198 187 149 65 51 45 42 43 46 45 45 46 48 56 56 55 67 91 55 51 45 63 78 72 42
109 99 99 101 84 82 94 96 95 103 118 116 96 93 110 100 100 104 98 92 99 94 96 96 98 101 103 104 97 110 110 98 97 101 101 99 110 105 104 102 98 97 93 95 102 102 117 146 75 40 66 61 60 49 42 33 39 74 73 48 39 41 60 102 90 106 107 105 109 104 111 111 114 116 118 127 127 125 133 141 141 142 143 146 142 82 59 58 58 56 57 57 57 61 65 117 229 243 240 242 244 220 201 193 183 157 73 49 45 45 49 45 47 46 48 51 56 55 58 64 91 90 56 59 67 81 75 40
107 103 103 101 84 86 105 98 93 95 110 119 92 107 128 105 109 112 102 92 102 98 95 97 101 101 118 122 98 102 98 97 112 112 96 98 110 110 101 101 97 100 94 96 107 89 96 116 114 61 59 49 37 36 34 35 39 71 97 58 42 41 53 61 47 62 85 118 113 103 101 106 112 114 120 124 128 133 130 137 141 142 142 146 152 100 57 58 59 54 54 55 57 61 64 91 215 246 241 242 239 217 198 195 178 164 92 49 44 43 48 44 43 43 45 51 50 52 56 63 74 87 81 87 95 85 86 38
97 96 91 94 92 84 82 71 79 81 98 102 92 99 105 100 103 105 100 96 106 106 100 102 101 91 97 103 99 101 97 101 104 108 108 101 99 105 100 100 102 100 96 94 96 90 95 110 108 107 83 55 38 37 35 35 36 64 69 63 68 60 54 43 45 46 50 106 164 146 121 99 108 112 115 125 126 132 141 135 139 145 145 149 154 124 63 59 58 55 53 53 55 59 64 75 184 243 234 239 229 206 195 184 174 169 115 49 45 39 39 45 46 44 42 50 53 59 61 62 70 77 87 105 95 75 75 40
98 99 98 94 97 91 91 81 86 94 100 97 95 94 99 102 100 104 101 102 99 100 100 100 92 90 100 107 100 88 87 94 90 98 106 99 96 99 95 99 103 105 89 89 98 105 111 109 124 131 109 68 42 37 36 36 36 57 85 72 76 56 43 41 42 46 47 59 171 177 117 92 103 109 112 120 125 132 138 138 142 144 148 150 147 132 68 60 60 57 52 51 52 59 63 69 169 241 229 227 219 200 199 175 167 167 120 53 44 41 39 39 41 41 49 51 54 58 62 63 72 80 80 78 71 71 63 39
99 102 99 90 85 89 96 96 102 100 94 88 95 99 103 105 99 103 99 100 88 91 101 98 92 99 101 112 107 92 92 98 105 107 119 96 95 98 105 106 95 107 90 90 103 102 103 106 122 117 103 79 86 46 37 37 37 50 92 85 66 48 41 41 42 44 47 46 98 131 107 94 96 106 111 114 122 126 129 136 141 146 148 146 146 141 73 61 62 57 51 51 53 58 63 68 159 242 229 216 214 205 200 176 163 165 125 55 45 41 42 37 43 45 42 52 53 51 59 67 66 77 74 70 64 64 59 34
117 117 109 100 93 91 91 98 104 104 115 106 109 104 105 115 107 102 98 92 91 99 101 100 98 101 99 106 103 106 106 95 103 101 105 82 92 113 130 106 91 96 98 113 110 102 101 103 97 101 101 73 102 106 42 38 38 44 87 95 68 50 50 40 41 43 45 45 69 104 114 117 92 99 109 114 117 128 130 136 141 144 147 147 146 145 92 59 58 59 54 52 53 56 62 66 127 239 225 217 218 214 199 174 163 164 130 55 43 41 39 41 41 45 39 50 55 54 55 64 67 74 73 71 62 65 69 39
131 138 134 119 110 107 106 114 107 112 131 136 164 138 115 112 116 100 99 101 100 101 104 100 96 97 96 101 95 101 105 94 96 101 94 94 99 108 108 103 100 98 100 107 109 101 94 92 100 107 98 75 84 103 69 38 40 42 89 108 89 59 57 42 41 41 43 43 59 87 84 111 111 95 105 117 122 126 133 140 147 149 144 146 146 143 112 60 58 59 58 52 52 56 60 65 102 226 228 217 219 211 195 172 167 160 138 65 43 38 38 44 40 42 47 60 63 56 59 68 69 70 67 71 71 63 68 37
110 115 110 112 104 103 103 107 104 105 112 114 139 137 116 109 111 103 107 101 101 97 101 108 108 110 118 122 128 120 109 98 95 101 99 99 102 99 98 100 108 103 106 107 103 106 126 101 107 110 104 79 76 96 103 55 39 41 82 106 114 87 51 45 42 42 41 41 58 88 67 67 94 106 100 114 126 134 135 137 145 147 148 145 143 143 129 69 59 59 58 53 50 53 58 66 80 201 233 216 217 209 191 172 170 160 138 67 44 39 42 40 42 41 51 49 60 56 57 62 60 69 65 65 73 71 71 41
98 98 103 104 99 97 99 102 104 108 110 109 127 137 121 103 105 111 111 103 107 104 102 107 105 108 109 115 129 111 99 86 86 86 87 90 97 107 109 108 109 106 125 121 114 113 95 88 105 101 106 83 66 107 126 108 46 42 71 125 121 123 90 47 43 41 42 41 60 92 67 64 88 114 98 113 126 130 134 132 140 146 150 144 140 139 144 87 58 58 59 55 50 53 57 64 71 167 234 213 218 209 189 172 170 161 131 66 45 42 44 42 47 48 47 62 64 62 59 62 72 65 64 65 72 66 65 37
97 97 99 95 102 104 108 103 102 113 112 106 101 103 103 95 100 106 121 112 102 100 101 101 101 102 104 101 108 97 93 84 91 101 107 109 115 117 109 119 113 108 110 104 75 75 85 115 109 88 102 105 62 90 116 115 53 43 63 110 139 145 126 74 47 53 45 39 63 78 55 53 54 60 89 105 127 133 139 138 139 144 148 144 145 144 150 119 68 59 58 59 51 50 57 62 65 122 235 215 215 206 190 173 173 163 136 67 47 45 48 48 52 57 60 60 71 63 64 65 64 58 63 64 65 73 78 37
103 99 101 102 103 100 101 107 125 127 107 102 103 108 97 96 98 106 119 106 106 114 121 107 105 110 116 104 104 106 112 117 125 130 126 128 123 111 114 112 121 104 107 103 119 124 104 116 77 91 103 104 66 80 111 105 90 50 57 102 166 196 125 106 72 100 56 46 56 54 45 44 49 48 67 104 121 133 139 146 143 145 147 149 156 156 152 143 85 60 59 60 57 53 54 59 65 90 216 222 211 204 198 175 173 169 146 78 49 44 50 57 53 58 61 51 63 65 68 64 59 60 64 72 72 70 67 39
104 100 106 116 103 104 95 123 168 167 112 108 111 113 112 114 101 100 122 113 112 160 177 128 128 125 119 112 116 117 122 118 117 121 117 119 125 127 106 94 115 122 140 131 123 130 111 98 71 85 88 119 70 73 94 91 78 55 57 84 129 195 128 119 88 90 89 72 72 52 47 57 45 47 50 113 117 129 136 145 151 148 142 150 157 158 154 153 104 63 59 60 59 54 54 58 64 69 162 228 209 207 196 177 179 176 142 76 48 48 48 55 54 55 61 63 74 63 68 65 64 60 65 71 70 65 87 51
88 93 101 109 108 114 104 107 122 126 112 111 117 125 125 129 140 131 147 153 142 146 132 117 108 106 103 104 109 104 95 111 125 113 120 133 138 128 86 62 79 98 115 112 86 92 100 102 93 86 67 85 76 68 139 106 71 71 55 76 107 122 131 142 84 65 84 86 73 49 54 61 47 45 45 98 136 122 130 139 146 146 146 149 153 155 154 157 125 67 60 59 59 55 53 58 63 67 126 228 206 208 193 171 182 177 131 64 49 47 47 58 59 60 62 64 74 69 65 62 70 70 63 66 70 95 123 56
94 99 106 104 104 106 123 143 141 119 116 114 119 122 113 110 123 122 117 121 112 109 106 104 99 105 107 103 127 132 120 124 130 124 91 95 115 132 130 96 97 83 103 90 64 67 73 89 93 76 79 67 92 63 131 142 77 79 58 64 77 68 100 145 106 69 89 79 78 66 46 47 46 45 45 72 157 116 124 131 141 143 150 146 151 156 157 155 145 81 60 59 59 57 53 55 61 65 91 214 207 204 193 176 175 170 143 71 50 48 55 60 65 62 67 70 73 65 58 61 66 65 64 64 61 92 113 57
105 103 107 107 106 111 136 170 143 120 108 103 100 98 108 98 90 99 102 106 110 106 99 105 102 103 107 80 76 99 120 128 134 142 105 105 115 157 170 153 131 101 79 87 87 67 66 85 82 98 101 74 99 67 101 155 120 124 79 53 82 82 63 98 119 73 88 109 99 99 78 64 50 44 45 57 143 127 116 127 134 142 145 145 152 157 158 154 155 109 63 59 60 59 53 52 58 66 71 168 215 200 199 182 174 170 154 78 49 53 53 56 58 55 64 71 69 66 60 66 67 68 67 64 66 81 136 66
94 94 103 105 103 95 95 102 103 111 106 104 102 98 100 102 106 105 104 108 116 99 96 106 110 119 127 139 141 154 150 96 125 137 139 163 191 186 162 138 134 108 88 79 102 93 85 120 82 100 102 76 66 73 84 116 90 68 67 53 73 103 87 64 122 90 67 102 112 110 114 89 71 57 44 57 147 132 121 120 128 134 140 147 151 157 158 161 156 129 76 58 62 59 54 51 55 62 66 135 224 197 200 180 170 170 143 69 52 56 53 52 56 63 71 62 72 68 61 65 66 60 64 61 68 91 142 74
90 95 96 100 96 88 97 97 97 97 105 104 97 98 99 102 99 107 105 99 100 99 106 107 111 116 118 121 137 148 136 105 111 114 129 111 125 153 160 147 153 103 126 86 69 102 102 101 86 95 103 97 62 65 83 84 83 100 89 58 55 93 95 90 121 95 66 73 110 101 103 85 88 67 43 56 118 122 127 115 122 131 140 143 152 157 160 160 155 144 103 65 62 62 58 52 55 61 67 91 212 203 194 182 174 162 125 70 51 53 57 60 60 62 72 69 70 68 56 62 63 60 66 57 89 145 155 84
105 93 88 94 102 100 99 93 92 94 100 104 96 98 104 103 96 108 99 102 99 104 101 96 94 113 83 73 135 140 119 121 103 119 110 88 103 126 135 134 119 95 93 83 85 104 107 79 84 84 100 107 90 53 73 79 64 61 104 119 55 82 152 144 121 110 76 57 92 105 97 92 87 58 42 47 59 80 89 88 113 123 133 145 153 159 164 167 152 148 130 75 62 62 59 55 52 58 66 70 168 217 191 180 174 162 103 66 52 55 57 63 66 65 70 75 67 68 69 64 66 60 60 111 208 194 145 68
104 95 95 102 111 112 98 95 99 101 106 101 98 95 96 109 106 103 100 102 98 103 98 105 117 112 104 81 80 71 106 139 101 116 104 93 119 111 100 104 130 109 90 81 79 80 94 183 130 89 100 107 77 64 58 96 138 86 88 142 94 47 121 128 121 118 90 62 56 94 109 103 72 52 44 44 46 56 67 75 95 118 126 140 152 162 166 166 154 152 146 95 62 62 59 57 53 55 62 67 97 208 193 182 170 148 87 61 54 54 52 61 58 68 66 72 65 72 61 65 62 54 97 200 143 123 99 51
99 104 105 106 108 103 101 102 99 99 100 103 105 104 104 103 110 116 97 98 102 99 104 121 105 98 91 93 95 83 112 132 128 96 80 87 95 71 62 82 123 92 89 94 76 62 64 119 236 185 117 109 102 88 60 84 163 169 85 89 119 69 71 113 118 115 108 81 51 72 96 93 77 65 48 44 46 56 70 72 76 98 121 134 153 164 169 166 159 156 150 127 68 61 60 61 56 54 59 66 72 150 195 181 165 129 85 57 61 54 66 55 63 54 72 86 64 69 60 63 66 117 142 140 139 119 79 47
104 107 107 109 105 101 99 101 101 101 101 105 106 106 106 109 114 89 101 101 107 110 93 101 78 117 89 107 84 68 75 112 94 61 83 93 75 81 145 131 123 162 133 109 107 111 82 77 172 227 165 110 116 93 79 81 76 67 73 71 91 113 93 104 113 112 112 87 52 72 102 91 91 84 61 45 50 68 85 92 82 67 110 132 152 161 169 171 158 157 146 142 94 59 64 63 58 55 58 64 68 80 170 182 142 103 71 48 52 51 57 53 56 53 58 67 60 56 68 79 196 188 123 115 123 109 86 47
100 99 103 99 96 100 102 104 102 103 103 102 108 107 99 93 96 79 98 97 91 106 81 83 115 94 90 128 163 84 71 73 66 58 83 81 72 103 181 143 176 211 157 162 170 116 103 88 100 180 188 95 109 106 103 77 102 97 89 95 84 97 108 107 109 106 105 97 63 70 107 96 93 92 87 57 57 71 99 116 95 63 92 129 153 163 167 171 163 155 142 143 124 63 61 66 59 57 58 63 73 71 121 163 112 73 56 50 48 51 55 57 51 66 55 60 59 90 96 115 184 148 127 90 79 87 91 46
94 105 102 96 90 84 105 105 104 97 94 98 93 72 67 64 62 69 75 87 119 148 132 129 131 95 94 125 134 126 96 62 60 60 65 69 98 127 145 184 154 183 175 162 192 118 115 124 139 155 145 85 89 115 114 91 92 91 89 96 103 92 93 100 103 102 100 93 74 71 109 105 95 93 87 82 77 66 71 90 93 83 80 123 158 170 168 166 167 147 146 143 133 88 57 60 63 59 56 62 69 69 82 125 83 55 53 52 52 53 60 61 52 65 66 69 95 123 133 127 133 137 100 87 91 86 74 38
112 94 91 95 97 99 104 102 103 102 102 80 63 61 62 66 63 67 78 122 145 148 140 143 134 96 63 54 48 78 98 82 80 60 60 85 91 97 124 127 121 145 175 153 165 123 151 151 125 106 91 90 85 100 171 109 95 90 86 94 93 93 77 90 94 96 95 89 72 69 100 102 97 91 85 88 105 94 100 94 79 83 82 132 158 160 163 159 151 145 148 137 127 119 66 56 62 61 56 58 66 70 71 91 66 55 51 49 54 62 69 77 70 66 74 75 90 144 146 135 111 89 81 78 79 80 74 39
112 91 94 97 98 112 102 98 92 89 82 64 58 56 64 71 72 78 141 143 143 122 107 119 94 79 84 67 47 89 138 103 81 89 89 93 88 91 88 71 88 133 225 190 205 168 106 110 92 112 135 114 112 111 100 98 88 91 93 83 69 79 76 67 76 82 91 85 78 75 85 111 96 96 82 94 105 94 82 98 89 80 95 145 158 156 154 150 147 151 143 134 126 128 99 55 61 62 60 56 61 68 72 82 65 49 49 57 71 80 82 88 80 67 66 70 68 96 135 123 83 82 79 78 76 79 76 41
108 92 87 96 89 89 86 87 77 71 75 68 59 58 66 69 81 142 151 144 108 63 90 81 54 79 74 63 57 98 137 86 100 130 86 89 89 94 91 73 58 116 189 168 191 156 126 114 101 136 124 106 90 86 99 87 86 74 74 68 56 63 102 90 65 58 89 91 91 77 81 108 97 89 82 98 98 104 102 97 90 84 96 142 159 151 157 155 150 151 141 136 127 124 121 82 58 60 66 61 59 62 66 72 70 55 61 62 77 78 77 75 80 66 58 58 63 58 85 103 90 88 79 81 83 79 84 44
92 85 95 93 90 96 94 84 75 67 65 62 60 68 123 115 122 157 137 86 63 66 120 75 59 86 78 74 72 90 121 84 82 85 89 91 94 87 87 76 64 75 119 146 138 143 129 89 92 112 93 73 62 64 75 97 104 67 82 76 53 75 123 124 102 78 93 92 97 82 84 86 82 73 79 89 96 102 104 97 98 90 99 139 158 155 162 152 150 149 141 130 127 123 119 115 74 55 65 63 62 62 61 62 66 56 70 64 71 71 67 62 64 58 43 45 57 59 66 112 110 92 80 77 82 99 116 56
130 130 144 127 101 95 104 107 72 63 63 58 69 148 140 133 147 127 64 60 72 79 116 102 101 88 84 93 102 66 71 92 90 94 141 116 120 147 92 73 79 101 98 101 98 110 104 104 114 110 98 77 64 60 81 110 103 119 144 138 85 76 122 102 107 137 116 101 88 96 98 80 69 63 73 77 83 94 99 97 103 92 99 132 154 155 158 149 150 145 134 126 125 118 117 119 114 72 54 59 60 61 61 61 67 59 58 62 67 59 56 59 61 56 41 42 57 58 59 77 98 110 90 92 108 186 208 68
156 174 213 175 103 101 104 97 72 65 99 78 88 116 106 148 116 109 70 72 85 70 103 103 115 79 85 93 110 67 84 97 91 87 140 166 113 192 113 72 100 127 104 108 104 111 107 104 101 105 121 118 87 72 90 102 92 137 126 124 112 124 115 74 70 87 76 72 103 158 148 97 77 74 79 81 84 90 96 93 103 92 95 122 142 145 147 144 144 133 124 119 118 112 110 111 114 110 79 58 57 58 59 57 57 56 65 80 98 82 66 68 64 52 42 46 67 83 59 69 133 108 94 113 106 146 163 58
136 137 145 130 96 95 91 77 73 107 234 194 158 91 114 92 97 115 106 89 84 95 133 179 174 96 90 74 82 76 156 146 80 84 92 116 138 155 109 84 152 156 105 94 99 112 111 106 97 106 105 118 121 86 76 98 98 92 75 97 79 76 105 85 56 62 61 69 97 104 144 123 114 102 84 79 83 91 90 86 91 97 93 108 127 135 134 130 126 114 109 110 110 103 98 98 103 109 117 90 66 58 57 56 57 52 70 79 89 107 99 99 66 46 50 59 82 84 58 79 89 86 78 90 117 130 103 55
135 131 108 129 99 85 80 82 124 228 187 115 158 133 103 87 103 114 106 100 97 118 162 195 112 100 83 63 70 154 222 176 96 69 78 96 126 107 90 85 140 117 105 103 112 112 116 111 96 102 104 103 124 119 134 216 170 112 72 69 108 123 120 118 100 77 118 192 164 130 108 122 137 143 103 76 66 99 90 86 90 93 84 109 109 95 109 116 112 111 108 105 125 132 115 99 98 104 116 168 189 121 64 56 53 55 76 85 80 90 112 106 103 104 129 84 82 88 90 97 84 77 89 160 204 182 133 55
139 126 107 119 91 94 67 124 245 253 98 114 145 89 109 112 102 92 81 116 122 111 152 158 110 109 85 92 128 221 231 167 160 107 63 79 93 90 80 103 135 76 79 113 118 105 112 109 95 99 104 106 93 141 174 187 126 83 65 59 80 75 71 76 127 103 168 245 155 115 136 132 102 119 85 99 98 92 83 76 86 94 119 137 120 109 108 123 120 113 64 64 81 109 126 111 102 103 134 157 239 191 115 67 59 68 68 85 93 92 88 66 89 124 198 113 123 156 160 159 131 103 152 208 145 117 126 57
105 100 108 110 140 141 159 247 247 188 86 95 170 131 94 100 93 85 102 129 207 176 133 128 106 96 99 116 212 199 156 176 146 144 65 81 87 84 76 117 159 80 58 79 107 117 117 107 103 104 103 98 79 121 89 99 95 76 82 92 102 75 77 90 105 82 127 187 131 155 157 148 102 106 111 126 95 92 125 96 77 93 126 116 103 88 89 89 85 97 73 53 54 58 84 103 105 104 101 123 202 215 146 87 76 90 80 93 105 104 76 56 72 108 136 93 92 102 91 88 77 113 160 138 98 132 105 51
94 124 188 176 137 92 127 171 117 106 111 88 114 110 111 83 94 137 131 90 113 140 102 95 94 78 75 179 229 161 109 130 102 133 89 79 78 74 76 95 135 80 62 60 80 97 110 112 111 114 112 84 128 161 110 62 123 177 176 185 184 112 112 135 130 84 83 199 131 125 161 121 99 109 110 126 178 103 113 93 90 97 78 74 70 80 77 78 72 86 115 80 49 51 116 148 93 85 75 95 144 222 167 130 74 123 151 102 91 156 201 105 84 102 101 88 82 81 78 76 82 78 105 135 117 147 124 51
109 118 149 156 129 112 122 151 87 90 102 86 111 99 98 119 114 135 98 95 107 84 93 82 89 82 112 194 160 108 94 82 70 112 123 82 85 89 94 80 82 70 74 66 104 165 194 202 147 111 91 94 150 136 105 69 149 155 124 128 128 121 129 162 133 122 81 142 113 153 134 109 122 123 137 136 191 73 49 86 106 137 195 157 130 81 73 73 59 78 101 110 62 69 161 175 80 75 80 103 117 148 152 198 107 107 180 152 105 120 184 145 104 96 97 84 80 78 77 75 74 63 61 87 87 93 107 51
72 61 66 90 105 100 108 154 91 68 77 151 201 122 124 133 104 75 67 86 103 85 75 71 63 141 166 121 108 65 75 79 81 119 100 138 142 180 179 138 77 134 148 135 206 254 223 221 167 94 146 121 126 106 100 101 157 130 109 97 108 127 99 121 109 114 113 90 115 163 143 92 104 89 89 72 60 71 80 109 112 142 164 116 111 102 119 127 101 78 103 126 73 97 173 210 131 85 103 119 127 113 166 118 91 104 121 191 132 89 95 145 181 115 79 53 54 80 76 59 82 90 66 76 87 93 92 45
52 65 75 115 100 95 100 95 134 114 113 153 154 136 138 138 122 81 100 93 87 91 80 78 69 67 78 98 98 84 103 84 97 118 102 120 93 89 120 174 86 157 219 190 243 236 249 219 168 179 200 112 128 95 89 128 179 148 74 81 100 135 146 77 80 76 102 59 130 202 124 90 111 85 69 57 63 95 90 102 119 172 166 97 64 115 127 130 129 101 123 107 78 82 123 160 155 86 87 90 112 116 128 123 103 116 107 146 186 95 84 79 86 82 88 73 94 107 104 83 87 123 115 104 88 80 88 43
60 84 121 112 101 100 93 97 119 135 183 168 131 122 110 132 157 113 92 77 77 92 82 96 85 66 86 101 104 94 126 91 101 117 91 71 60 63 106 113 102 64 155 186 212 238 253 255 205 157 129 118 118 108 97 185 253 253 164 70 64 82 149 97 59 82 185 98 149 227 177 123 135 94 75 87 106 86 93 98 96 109 136 145 88 111 107 119 121 102 86 85 105 101 97 97 74 57 85 97 97 100 106 84 93 107 113 112 148 131 92 81 64 69 76 104 112 103 124 90 72 107 132 121 107 81 74 42
68 80 126 117 102 103 105 99 112 136 151 100 82 103 154 155 97 112 76 86 76 69 74 80 107 76 85 94 98 117 109 91 120 118 79 59 56 79 105 97 98 73 66 104 189 179 196 208 99 139 119 127 121 96 112 241 190 167 156 92 76 84 92 90 51 71 140 145 156 231 226 189 122 96 72 108 117 67 85 115 115 77 71 124 100 104 104 108 96 104 100 102 137 150 142 92 60 83 91 71 84 89 85 85 91 106 98 90 89 104 109 121 86 79 99 132 98 101 114 85 68 109 132 125 124 105 88 43
70 75 110 110 118 117 107 99 114 121 139 130 124 163 216 183 113 74 109 137 108 68 65 124 113 74 95 92 116 144 122 148 138 112 105 142 115 91 100 103 107 78 68 76 136 138 131 109 83 116 117 180 223 101 85 213 150 92 92 74 94 95 75 62 53 58 92 146 131 197 253 254 151 77 79 131 104 68 71 106 122 107 122 141 104 109 122 95 91 113 110 115 108 116 130 131 86 87 99 65 57 58 71 89 157 210 224 191 77 81 94 109 124 86 90 100 88 84 84 69 63 64 66 87 97 114 90 43
77 78 75 88 79 110 114 122 149 157 157 160 141 128 180 151 105 94 108 124 111 112 104 169 90 112 122 99 114 97 96 114 121 110 140 201 132 100 103 109 116 105 107 92 86 150 141 105 101 100 84 115 232 112 66 206 131 97 154 216 110 77 66 58 55 52 62 126 132 196 255 255 248 149 67 161 115 63 60 80 65 84 125 101 113 117 117 117 117 120 105 95 107 104 125 116 70 64 104 71 62 58 68 68 110 172 176 215 179 87 94 90 102 127 93 77 132 179 80 59 55 52 59 68 64 87 107 47
110 112 112 113 100 114 127 175 249 198 158 158 178 135 111 131 113 92 97 119 160 137 122 136 122 137 120 95 108 75 73 69 85 114 143 205 134 97 115 134 123 154 122 100 121 193 138 99 102 97 87 84 205 148 70 192 149 134 171 231 144 64 61 56 55 57 52 103 121 200 255 255 255 248 111 107 81 61 59 67 54 84 118 127 114 137 125 149 144 112 93 80 99 106 112 108 72 50 87 96 96 94 103 99 99 123 117 108 135 96 82 89 89 103 129 127 190 228 106 51 50 86 95 103 84 65 87 45
124 138 102 103 104 124 95 95 167 141 111 112 93 89 72 115 170 99 92 99 119 118 107 119 113 94 74 75 97 81 71 57 73 90 82 124 132 124 121 129 149 133 121 106 153 220 142 97 87 75 82 93 123 107 79 185 174 135 171 136 79 70 62 75 80 59 52 72 102 209 255 248 248 222 122 83 68 68 62 66 64 95 127 132 115 133 141 194 157 134 83 61 90 111 115 103 76 56 105 129 123 129 129 108 90 100 141 138 126 94 88 87 88 90 108 136 157 188 124 54 56 104 129 136 88 73 58 38
116 101 96 110 96 88 82 86 85 100 120 113 81 78 87 75 141 141 126 86 95 112 87 94 85 67 55 65 124 120 57 53 62 57 65 83 188 201 155 101 61 75 77 107 157 227 184 121 70 68 74 71 79 61 144 166 104 91 122 107 77 73 90 156 191 91 52 55 90 231 255 224 154 109 95 90 88 66 65 81 84 113 119 138 136 189 168 194 186 161 91 57 81 92 115 109 71 53 151 187 117 119 117 100 91 90 119 111 104 125 188 158 79 85 83 91 102 150 110 70 62 107 175 214 115 68 59 35
97 83 100 112 88 82 81 79 84 86 80 75 96 105 96 84 98 98 84 65 82 79 88 96 113 93 56 113 186 135 97 79 69 60 77 88 170 221 175 77 50 52 59 106 119 132 206 117 75 86 77 76 75 83 167 96 90 100 132 90 76 77 135 158 191 161 63 75 99 189 248 236 148 107 93 98 103 70 62 82 88 131 161 165 171 184 190 205 230 187 113 70 63 62 85 95 62 44 111 154 114 112 105 88 87 85 76 72 103 140 216 221 123 64 71 94 112 144 119 111 73 59 123 230 164 118 65 35
99 97 112 105 97 84 89 88 90 84 72 88 103 113 121 102 133 78 70 58 99 159 182 198 189 130 89 86 122 86 91 88 74 59 84 97 127 147 132 62 54 58 71 102 89 66 101 84 113 118 152 163 89 119 154 80 92 111 133 73 64 106 152 189 146 122 86 103 154 129 146 227 186 95 130 153 99 107 82 90 80 95 177 161 147 119 148 168 154 167 134 100 67 51 63 74 73 49 63 100 100 113 101 84 85 89 75 63 114 122 163 227 223 105 60 130 149 148 156 157 96 60 64 101 114 118 77 38
67 92 101 114 96 86 92 99 103 101 99 92 87 138 193 125 98 77 90 74 201 239 254 255 202 124 98 106 69 62 64 77 66 76 104 84 110 97 83 62 53 56 74 101 79 62 52 51 72 77 111 130 168 196 159 82 101 173 125 88 96 99 181 174 102 84 86 70 91 133 193 203 150 98 142 145 95 105 92 100 82 89 110 133 121 97 101 118 117 125 131 119 75 58 69 85 102 101 85 71 87 101 90 85 78 110 85 48 117 163 153 214 217 157 73 102 132 156 164 210 109 82 61 61 62 56 80 44
108 115 125 109 75 86 77 91 99 89 98 91 139 95 85 85 61 71 88 105 171 194 241 246 224 185 181 181 80 65 56 78 102 106 95 81 105 107 87 83 88 92 87 103 126 122 71 61 85 81 68 51 133 217 138 91 180 144 101 159 189 119 191 179 93 79 82 79 62 69 123 214 198 113 88 87 122 106 90 102 85 98 122 117 102 86 92 105 119 129 124 113 81 75 80 88 102 112 117 101 71 74 82 83 66 106 105 73 106 200 202 176 89 94 100 126 130 123 150 187 171 110 72 75 89 92 58 45
120 120 137 77 86 94 80 65 75 87 99 152 151 92 86 80 71 81 100 96 133 135 161 191 177 237 246 214 144 104 76 121 130 94 85 85 114 168 203 226 234 152 82 96 117 121 88 82 94 102 102 108 104 162 119 79 147 106 113 110 118 128 157 204 83 71 107 100 64 54 57 123 228 175 81 71 108 106 81 93 81 124 124 88 94 87 93 93 96 107 90 78 65 72 82 87 86 74 81 77 54 45 54 71 80 72 99 93 113 80 86 83 68 121 127 133 156 101 145 176 161 122 153 175 148 164 120 52
111 133 126 108 110 99 99 106 117 189 162 103 87 100 86 97 97 71 69 61 92 88 98 107 167 229 223 169 158 123 105 95 101 109 81 98 169 188 240 219 232 164 102 120 100 117 100 92 95 114 144 197 177 159 135 113 124 130 117 103 119 100 105 129 103 82 100 104 76 52 56 64 128 161 88 67 68 102 71 72 90 128 85 65 68 67 72 56 76 83 88 110 87 93 94 82 78 65 66 54 55 79 48 68 95 94 76 111 114 95 102 93 94 124 176 148 161 146 140 139 136 183 207 244 219 194 151 61
105 107 120 134 116 99 118 210 227 157 115 80 90 81 107 113 110 109 137 136 91 74 75 84 180 184 152 128 133 158 112 93 127 109 92 118 200 170 217 160 132 139 227 184 95 159 126 124 118 127 122 116 156 217 241 192 127 102 108 117 130 100 99 117 104 56 64 76 68 71 77 63 67 146 90 65 91 167 120 72 98 71 64 56 71 160 209 127 103 145 191 180 123 102 93 85 129 127 104 67 78 87 45 49 72 91 87 86 97 166 145 111 75 90 184 168 137 115 126 103 86 193 253 251 246 201 162 68
77 85 92 122 152 159 177 193 136 134 128 75 78 78 80 92 141 125 132 122 114 101 82 70 179 243 216 161 161 99 102 136 114 114 121 138 192 178 157 98 82 180 255 132 97 139 116 113 110 106 108 150 154 164 216 207 210 142 104 105 114 96 82 116 163 71 90 94 61 65 75 82 68 68 66 61 141 219 137 91 101 138 117 94 130 228 255 147 97 159 202 176 135 103 86 74 121 189 131 63 89 87 51 50 55 69 150 182 205 222 202 175 81 78 112 157 93 103 103 130 91 157 251 255 255 249 197 76
168 135 99 93 146 182 207 195 147 130 129 102 100 133 151 147 143 130 117 107 106 102 92 70 113 169 203 173 201 152 140 170 138 116 121 129 143 137 90 64 71 202 219 107 95 123 88 71 70 142 201 224 186 99 102 171 215 226 174 120 103 93 107 156 165 112 143 113 108 60 82 141 90 79 52 87 226 175 112 111 105 114 108 115 165 180 165 58 85 165 177 218 168 95 77 74 158 196 130 67 103 109 82 57 62 101 197 147 125 139 218 218 93 93 78 155 120 71 102 102 86 125 236 255 254 255 232 76
148 124 91 82 93 102 132 183 200 151 116 99 117 176 189 132 146 142 175 119 96 90 87 78 66 76 80 77 104 154 158 160 121 96 91 86 96 80 71 81 107 198 148 101 111 170 117 67 70 125 155 187 129 103 64 94 178 185 183 174 105 86 109 218 176 126 145 131 134 71 119 213 110 86 55 163 244 126 105 105 104 62 53 81 117 106 75 64 66 154 190 200 179 88 75 133 206 137 117 96 106 84 101 79 62 108 120 130 98 116 179 204 97 107 83 84 188 87 76 77 64 106 210 255 254 255 235 78
99 101 117 107 103 94 119 156 168 118 144 129 94 107 163 177 190 185 177 107 113 107 105 87 87 83 76 145 196 209 216 126 174 205 114 81 99 105 86 80 168 179 130 106 130 145 101 93 152 145 122 146 101 108 80 104 125 109 114 152 126 85 100 190 134 117 127 130 127 74 113 186 110 74 102 238 242 120 79 96 97 62 49 58 66 58 81 80 66 64 78 87 81 69 70 160 183 127 121 100 88 87 100 99 73 82 133 240 143 110 130 136 111 117 94 113 205 171 130 103 89 110 233 255 254 255 232 81
132 171 217 199 176 99 99 111 107 112 136 140 134 94 102 179 156 146 169 161 151 164 143 84 87 82 110 132 179 216 152 161 250 229 123 73 86 101 102 85 124 170 115 105 127 107 84 106 200 151 90 101 92 113 114 131 118 135 148 126 132 83 106 171 82 126 117 92 93 83 83 92 72 77 147 243 158 117 72 85 92 90 119 71 50 57 68 74 67 90 111 113 115 116 117 121 112 120 122 88 72 113 115 116 91 56 125 165 127 100 118 105 111 124 85 201 255 254 225 190 161 95 194 254 255 255 237 81
173 219 229 218 214 176 147 130 118 132 162 189 159 145 108 127 112 147 249 249 199 182 117 95 104 111 111 117 140 178 120 166 174 98 73 85 81 171 206 199 180 143 95 97 86 85 94 120 199 129 55 77 80 91 112 132 123 161 149 107 133 98 166 163 60 135 110 84 78 79 79 81 70 72 166 194 121 119 104 77 79 159 232 159 76 62 59 79 90 113 129 125 147 141 137 114 101 106 121 97 88 115 120 112 97 52 73 106 130 118 113 119 131 110 98 235 255 230 219 235 198 115 99 204 253 255 225 71
213 207 226 217 199 170 157 144 127 112 132 118 135 155 112 88 115 109 153 216 208 129 100 125 193 162 163 228 178 137 162 141 85 65 87 176 111 162 248 223 162 104 114 129 104 108 77 141 175 107 77 95 84 78 96 114 119 115 115 82 115 137 215 165 59 147 93 72 68 69 71 75 73 59 112 144 136 121 121 100 101 194 214 149 78 72 69 98 81 71 103 96 113 119 106 84 96 100 115 82 86 115 118 104 107 73 75 111 106 151 180 144 124 101 94 237 255 219 176 236 210 100 92 116 176 171 123 59
211 201 225 169 170 169 150 154 179 102 95 90 90 88 81 95 135 108 88 134 119 131 167 191 238 235 213 177 157 164 149 106 93 92 117 138 82 90 161 103 78 80 155 188 155 104 80 113 103 106 99 87 121 107 100 89 97 92 86 85 108 123 181 153 78 133 94 78 63 59 58 60 74 75 62 117 157 141 116 108 108 138 188 118 59 57 53 61 52 51 68 79 88 80 78 75 96 101 103 71 79 116 116 118 121 81 69 131 112 121 226 161 104 101 112 234 236 247 224 204 135 69 66 89 178 96 55 55
209 228 228 181 182 204 198 197 186 122 92 70 69 92 125 127 139 156 161 189 175 224 211 185 188 177 201 168 146 134 115 92 94 121 206 147 83 86 83 52 57 65 93 128 121 84 77 73 84 96 88 72 127 90 117 96 68 77 123 139 166 179 155 212 227 228 168 206 105 56 58 60 63 67 74 126 149 121 126 157 85 92 120 94 83 80 77 69 62 66 65 89 160 148 107 87 131 152 135 130 93 110 113 116 127 111 63 133 125 99 108 110 136 129 149 212 184 144 208 224 140 95 83 149 206 141 81 50
146 166 171 159 125 145 158 175 121 115 94 74 78 123 154 159 137 129 180 207 212 197 192 185 200 196 196 182 162 121 110 89 98 192 241 170 98 108 77 61 62 69 153 234 123 84 73 91 103 82 85 66 110 86 104 90 72 78 169 194 225 191 148 232 255 228 232 255 179 75 61 60 57 60 99 136 135 126 118 154 79 67 74 112 132 133 136 135 104 72 67 98 206 210 158 113 164 214 195 153 97 120 120 117 124 112 86 95 96 92 87 116 133 108 146 154 82 65 188 237 198 135 111 153 129 171 140 48
150 152 179 147 108 117 119 126 138 154 100 89 98 142 148 123 126 156 155 176 173 159 176 213 204 210 217 201 138 121 117 97 110 195 225 223 106 102 82 85 109 118 171 209 108 82 75 88 112 69 86 65 76 75 112 99 88 80 146 213 250 235 195 234 203 147 232 247 214 137 104 121 79 83 111 130 127 114 104 122 77 49 54 109 136 139 170 171 107 116 121 78 172 219 177 93 106 187 224 143 106 123 122 126 122 91 81 72 85 88 84 107 119 123 158 149 63 61 90 159 222 177 133 123 70 98 155 55
179 154 133 138 120 109 117 165 181 158 107 90 122 164 129 126 178 210 186 164 165 164 134 174 217 235 225 181 133 118 109 102 114 166 180 196 102 98 80 79 115 109 153 188 111 71 88 80 72 50 69 68 50 65 154 122 135 137 81 131 219 255 252 216 163 180 249 240 239 190 136 152 115 109 124 180 121 99 101 105 68 51 53 88 97 97 139 166 100 107 133 89 102 117 124 78 75 87 101 78 94 116 123 113 118 88 81 91 78 79 80 87 110 115 156 193 135 95 61 119 161 141 130 111 72 64 86 51
189 154 114 115 93 115 137 196 224 139 92 109 131 139 142 187 211 214 199 170 184 158 157 173 161 155 177 152 120 118 86 86 88 95 117 113 105 110 86 82 82 78 187 246 144 77 98 92 73 43 48 65 55 61 153 164 220 214 106 68 89 153 221 246 206 172 230 233 225 175 131 113 100 102 105 175 127 102 102 95 87 94 92 72 83 87 96 106 64 72 69 87 107 112 164 114 82 85 88 75 64 78 104 105 108 94 108 98 74 81 80 95 107 126 169 195 180 125 81 103 165 189 138 128 78 68 90 43
145 167 150 116 126 159 142 195 237 173 94 137 144 120 155 179 189 204 195 196 158 151 203 173 115 101 137 152 129 96 76 77 87 74 77 97 126 171 180 126 85 94 223 255 169 86 74 90 89 45 49 66 68 65 135 178 217 248 157 102 108 66 90 181 208 157 162 190 206 142 117 102 97 91 87 95 106 112 86 93 173 158 130 73 82 80 80 69 52 64 68 58 66 175 208 172 114 78 86 86 84 71 72 103 105 93 120 93 69 84 82 123 136 153 182 178 208 142 93 110 161 197 134 128 87 52 63 42
129 122 169 172 202 180 178 228 226 159 99 124 125 117 159 172 174 194 198 178 120 134 179 131 102 92 110 157 143 108 99 87 94 141 132 152 171 189 222 209 158 151 240 188 123 89 66 90 89 61 59 66 68 66 145 148 125 238 169 127 169 136 88 78 91 178 194 191 192 139 129 105 93 94 88 87 95 85 75 136 191 132 133 96 116 73 58 52 55 77 128 78 92 102 94 91 107 85 58 62 94 78 61 95 91 84 114 112 92 100 93 135 171 157 156 153 170 193 96 139 221 154 76 92 86 103 86 42
114 124 126 186 206 222 228 225 191 175 113 114 98 102 196 212 222 214 160 132 121 101 127 105 95 122 157 162 124 109 101 112 148 191 131 150 162 190 220 243 243 208 220 178 98 114 73 84 76 72 61 55 58 53 101 142 99 160 121 145 227 200 163 154 169 213 184 159 141 135 124 100 91 102 94 85 83 86 109 151 168 95 88 113 100 61 68 73 68 82 104 90 144 190 177 134 96 104 72 75 96 60 60 101 121 110 119 137 130 131 116 126 114 115 104 111 105 160 167 217 228 143 71 106 113 173 126 43
93 123 128 179 190 205 195 170 145 165 109 91 89 94 184 210 196 134 139 165 110 123 116 86 111 165 152 132 142 143 122 182 210 161 106 137 136 194 239 255 255 198 193 170 86 94 78 77 70 73 71 94 69 49 63 106 92 131 119 143 237 199 203 166 213 255 203 157 132 165 142 88 86 88 93 87 78 84 95 116 132 89 113 148 108 64 84 83 60 60 55 121 207 215 188 160 90 83 64 139 178 101 123 145 117 131 108 131 176 118 106 102 74 72 100 96 111 120 117 221 247 192 99 148 100 139 120 43
106 112 121 170 151 148 186 177 107 103 106 121 159 159 140 152 141 143 160 136 108 125 88 74 98 105 127 157 194 219 192 208 201 150 120 121 122 208 253 254 255 208 150 123 99 93 79 73 71 110 116 98 72 55 57 95 95 120 139 134 159 223 250 205 154 247 231 171 108 150 135 92 89 82 87 92 111 112 90 94 147 132 190 167 131 83 78 71 64 63 67 110 134 101 83 85 106 103 72 145 143 139 160 198 113 124 127 130 114 104 110 80 51 76 144 91 86 91 171 254 255 255 209 162 104 119 109 43
119 128 127 152 153 160 170 184 132 144 174 191 212 181 176 180 145 167 164 152 129 119 83 78 79 75 114 167 207 253 221 213 186 129 104 89 87 201 255 254 255 216 148 110 121 98 74 71 64 129 169 110 81 77 57 83 102 99 109 142 126 190 247 245 136 166 207 136 81 116 106 99 93 82 80 90 88 110 129 174 232 229 191 174 97 77 81 88 83 95 97 103 108 88 84 143 175 155 112 131 110 126 117 217 185 122 138 106 99 106 92 65 50 78 108 84 79 101 140 227 255 254 255 200 144 156 139 40
