131 186 175 182 176 178 188 184 178 177 168 172 176 175 182 181 178 190 194 185 185 189 196 184 179 180 177 178 178 167 149 159 168 168 171 185 182 182 189 179 182 180 172 184 188 189 198 188 193 190 189 189 192 199 199 192 192 202 200 187 192 192 188 191 194 193 190 186 190 188 194 193 183 184 200 183 180 183 177 181 193 198 186 178 190 192 194 185 180 180 178 184 194 198 184 193 194 196 202 192 197 196 196 193 192 187 187 178 187 178 176 177 184 189 184 181 185 186 180 179 168 173 178 186 183 170 176 174
169 186 190 185 179 174 175 174 181 174 170 177 175 185 185 182 189 188 193 192 195 192 197 187 176 177 170 173 181 169 155 163 168 165 166 177 183 183 182 173 185 183 189 196 196 184 194 186 184 191 189 186 192 195 194 188 197 205 205 184 193 197 203 198 198 198 191 191 199 189 191 195 185 189 198 192 191 191 193 197 194 199 195 189 204 199 192 189 193 191 188 186 191 200 184 185 192 189 195 182 181 190 188 195 191 186 184 189 185 172 169 180 176 189 182 188 185 185 179 175 165 174 175 176 183 179 179 179
182 184 188 174 177 172 175 174 185 183 185 184 178 178 177 192 187 184 192 194 189 188 185 181 178 180 169 175 185 169 166 176 173 178 175 173 180 179 181 186 180 178 185 189 194 186 191 186 186 191 194 199 189 192 200 194 198 201 194 186 198 202 206 198 194 192 191 192 203 203 197 204 196 196 203 196 193 197 197 195 189 200 195 193 198 189 188 187 188 180 177 177 182 179 172 169 189 190 183 161 157 179 181 170 168 180 181 183 183 169 166 180 171 181 185 189 180 184 176 175 169 178 180 173 182 182 178 183
179 183 180 170 174 171 177 171 174 168 174 176 167 172 177 182 185 187 192 188 182 187 192 190 177 179 181 185 191 179 174 179 179 178 181 179 188 182 193 196 184 185 196 193 189 191 196 190 200 198 196 203 186 191 200 199 200 195 192 189 191 199 190 190 186 187 195 192 193 204 204 204 200 202 193 196 191 193 190 181 182 193 190 192 200 184 186 196 178 170 175 178 170 131 150 140 190 192 181 161 162 172 171 154 164 177 167 175 183 182 173 182 176 180 187 182 184 191 186 177 181 185 190 181 185 177 172 180
181 183 175 174 174 168 171 173 173 171 183 177 164 171 168 166 178 179 185 178 187 197 189 193 186 189 185 185 185 185 191 188 179 187 197 191 184 184 192 190 187 190 201 191 186 184 186 187 205 204 198 195 191 199 198 197 195 191 190 184 185 180 184 185 187 190 195 193 190 190 193 195 192 193 188 195 190 183 183 178 183 193 188 194 194 189 188 185 183 179 178 177 144 129 159 128 197 187 180 191 182 174 177 171 172 180 187 187 184 186 176 182 184 184 185 185 190 189 185 184 188 188 188 185 181 170 171 183
179 183 178 181 182 171 177 185 180 176 185 169 163 171 183 180 178 179 186 175 185 194 183 192 187 181 179 185 182 186 190 198 194 203 201 194 193 190 183 183 186 183 184 191 188 174 180 182 193 191 188 195 198 196 196 198 195 191 194 191 191 185 181 178 187 182 177 180 180 174 178 185 190 192 194 197 195 185 185 187 189 201 200 189 173 179 186 183 185 183 177 181 125 129 142 132 198 189 204 205 192 191 185 199 184 180 176 181 191 190 178 182 183 184 184 186 182 187 188 193 183 184 179 179 182 178 178 178
187 182 177 173 172 176 195 200 181 175 176 169 168 174 183 182 190 182 188 181 185 186 186 188 184 172 174 180 170 175 185 205 206 200 191 186 190 199 190 187 182 194 196 190 196 184 178 183 186 192 193 197 193 199 198 198 196 187 182 184 195 190 183 188 181 171 163 174 177 177 181 190 187 199 205 195 193 193 188 186 180 188 206 185 178 180 182 178 172 179 175 170 97 102 90 132 195 193 196 189 180 197 206 210 198 182 167 180 194 206 177 182 182 185 185 192 184 192 195 200 193 183 179 193 195 188 180 172
180 166 165 156 167 181 191 195 205 187 174 174 177 175 171 172 172 169 170 176 191 189 185 184 182 175 178 171 175 184 181 182 191 186 185 181 180 185 188 191 189 197 201 191 190 198 194 190 189 193 195 204 204 200 195 194 190 177 178 182 191 184 198 208 191 178 168 173 181 191 193 187 191 201 194 185 185 193 191 178 171 179 197 195 191 187 183 184 181 186 185 137 80 75 68 141 185 177 178 167 173 193 197 196 199 194 190 186 189 196 189 181 192 196 185 192 189 195 199 196 188 185 172 183 179 180 177 167
186 164 159 165 172 182 171 181 191 183 181 177 169 183 171 168 170 169 169 184 186 188 179 177 183 185 178 175 175 186 188 191 183 173 181 179 176 180 195 182 184 185 182 179 180 183 196 195 184 186 190 201 199 193 192 186 182 174 182 180 179 179 198 198 190 189 182 183 184 192 192 193 200 193 183 174 179 195 189 173 183 189 190 203 192 192 189 187 190 190 181 103 71 81 72 158 176 170 181 173 183 190 184 187 199 191 196 193 190 186 194 194 206 195 188 178 189 190 188 186 186 186 183 184 179 182 178 186
189 174 176 179 164 174 157 150 156 167 172 162 165 174 169 169 179 186 182 186 179 182 178 180 186 183 171 178 175 180 199 193 185 183 185 189 175 182 196 183 185 188 188 187 189 195 195 193 184 189 190 198 184 183 191 187 187 175 177 175 180 185 195 186 184 194 185 181 185 193 190 196 199 192 187 184 178 178 176 182 192 199 193 184 191 188 177 185 183 161 118 86 68 84 84 172 173 181 185 176 190 193 191 186 191 185 190 193 191 188 186 185 192 195 186 184 180 178 183 187 181 177 188 183 177 168 171 192
164 167 166 152 145 146 147 142 151 158 166 166 171 175 167 168 171 194 184 174 174 179 175 183 181 171 173 181 178 174 185 172 178 188 182 189 192 196 185 178 191 190 185 194 197 197 189 181 181 188 184 188 183 179 181 176 177 185 185 185 187 189 191 184 190 204 194 199 205 191 194 212 202 194 195 192 177 181 184 194 193 206 200 181 188 182 177 178 133 98 108 97 62 95 132 189 191 184 177 176 193 186 184 184 187 186 188 184 189 187 189 180 183 179 168 181 180 178 188 188 178 178 184 183 186 176 181 195
153 155 148 152 157 164 162 158 162 170 173 179 175 177 171 172 184 190 182 177 177 180 181 182 180 174 179 171 173 172 187 180 193 200 182 191 197 189 182 178 186 185 183 190 192 184 185 183 186 187 190 191 183 175 175 179 185 184 188 187 182 186 199 203 209 198 193 203 204 194 193 192 194 199 187 183 178 188 194 203 191 200 201 200 189 183 176 140 117 116 152 103 70 104 145 167 193 191 182 181 194 192 191 190 180 186 189 177 180 175 181 180 176 172 177 184 183 174 171 171 178 183 180 173 176 184 187 186
164 171 150 156 165 174 172 168 168 175 184 187 177 176 180 190 193 188 179 173 175 178 176 179 182 188 176 174 185 189 196 190 200 189 186 186 184 185 188 193 202 193 192 174 185 191 189 195 196 179 187 197 175 174 190 191 185 178 186 189 181 188 200 206 204 189 186 192 195 197 194 186 194 205 186 187 191 195 207 197 185 188 195 196 184 165 124 116 111 137 150 79 96 108 114 117 165 191 188 211 207 197 189 185 178 178 192 188 177 183 174 176 171 173 187 187 189 180 172 170 172 174 180 174 173 170 178 185
183 176 154 166 168 163 169 172 174 170 172 174 173 177 175 196 189 174 171 174 178 171 170 180 184 184 175 178 186 198 198 208 201 193 186 187 187 195 191 193 200 195 191 182 188 186 190 192 190 179 180 182 179 195 225 209 175 183 189 188 186 189 188 191 178 180 183 190 194 197 199 201 195 196 194 191 197 198 207 188 187 198 200 194 177 129 116 123 110 142 120 101 120 113 114 146 169 180 176 190 190 192 183 188 187 184 188 194 184 178 171 179 176 178 179 183 181 178 178 174 171 176 183 178 183 173 178 185
193 187 174 179 181 172 185 185 178 176 171 174 173 178 177 177 180 173 183 179 182 173 178 177 173 185 170 178 187 188 197 200 192 185 191 191 193 202 195 188 182 190 190 200 207 197 197 206 208 192 176 180 195 209 209 205 183 189 197 193 188 186 193 192 181 192 201 198 190 186 195 193 189 200 201 188 197 196 186 187 185 186 186 156 140 121 128 131 127 140 140 131 128 117 112 140 194 195 170 173 176 186 186 189 183 179 187 185 179 184 187 189 183 179 172 189 179 173 179 182 180 179 177 182 183 176 179 182
198 191 185 185 187 182 196 187 183 177 179 180 177 170 179 176 178 183 187 180 176 178 186 190 183 183 170 174 189 189 183 187 187 186 192 186 192 204 196 180 186 195 189 189 201 202 189 204 208 195 194 193 189 188 183 192 188 186 201 194 197 194 205 204 198 195 207 192 178 180 189 190 193 198 185 181 187 191 185 190 186 186 177 135 112 126 131 137 148 131 147 147 137 118 111 135 134 212 187 180 185 187 196 192 196 188 190 184 178 182 186 184 175 182 179 193 191 173 179 184 185 180 176 184 180 178 172 169
197 189 188 184 181 182 189 188 182 177 180 185 184 175 196 188 181 179 184 182 177 179 195 192 184 184 186 184 187 197 191 194 195 190 181 177 174 190 183 184 188 197 185 182 198 203 184 194 200 199 203 186 178 185 173 181 187 183 192 178 188 201 202 210 207 197 195 181 177 190 191 188 202 191 178 187 190 198 194 195 189 184 136 124 126 130 136 148 153 135 143 154 149 126 125 125 107 143 208 189 187 184 189 178 187 189 190 191 181 186 188 180 178 196 184 182 185 171 176 185 182 178 173 183 184 184 178 174
188 189 181 186 180 182 194 200 187 183 185 186 183 182 186 183 184 181 186 190 185 191 191 179 195 189 185 186 179 183 181 185 195 183 180 177 177 183 177 194 201 188 189 190 197 193 185 193 196 199 192 185 193 191 183 185 194 180 180 185 187 192 191 201 199 188 175 179 189 194 192 183 199 188 183 198 195 196 187 200 187 134 119 133 133 139 145 148 144 140 145 149 152 140 153 127 112 117 178 205 184 184 178 171 176 186 188 188 194 203 202 186 190 208 190 178 181 183 187 189 179 175 181 191 180 180 191 178
177 181 175 182 178 178 186 187 184 183 181 176 177 179 170 169 181 191 189 194 195 197 181 173 186 181 183 186 180 185 186 182 189 185 194 185 182 185 187 192 196 181 187 191 183 177 180 191 190 181 172 188 201 187 181 188 186 184 184 187 184 193 190 187 194 191 192 194 197 199 188 179 188 183 193 198 189 192 183 178 143 119 130 137 140 148 146 146 138 135 139 148 145 127 114 99 83 116 131 201 186 182 181 174 178 191 188 173 188 200 198 185 189 195 187 190 185 176 178 171 167 176 189 203 178 175 188 172
180 180 172 182 181 177 175 178 180 186 180 184 184 192 173 169 187 187 184 188 191 186 181 195 192 184 186 188 187 194 196 194 195 190 195 197 188 194 191 181 184 179 182 193 202 181 182 185 184 173 176 194 200 187 176 188 189 190 190 193 192 190 184 187 190 190 196 195 205 203 196 197 195 191 188 186 187 186 180 154 118 133 142 142 147 152 143 145 135 128 128 143 137 133 122 87 106 116 134 157 206 173 178 175 178 184 190 180 183 188 175 178 182 180 172 173 178 175 170 177 177 172 184 183 171 174 167 173
192 191 183 182 187 180 183 185 190 186 177 186 184 186 186 180 190 180 185 178 183 186 197 196 194 188 189 195 192 191 195 195 184 184 189 197 197 195 176 176 184 193 189 199 203 205 188 189 183 178 186 197 195 182 176 192 188 180 189 198 197 193 198 196 196 196 193 199 197 199 196 195 193 199 185 184 193 175 153 129 128 143 153 148 149 148 135 138 130 124 118 135 126 135 145 126 131 128 146 145 213 204 177 181 182 187 191 184 181 170 172 175 177 169 171 170 175 169 177 179 172 167 171 164 148 153 157 173
190 194 180 174 183 178 181 183 191 192 186 194 205 206 205 193 208 183 189 194 191 184 189 193 189 181 182 185 184 186 191 191 178 179 189 194 193 189 178 201 195 194 195 197 207 207 186 189 173 181 181 191 187 192 178 187 187 181 197 201 196 201 201 204 203 198 183 191 196 194 190 186 179 189 182 183 184 165 136 133 142 156 167 155 146 136 126 123 123 119 117 124 119 148 147 126 139 147 160 154 177 238 185 189 196 188 177 178 174 178 190 184 181 176 174 166 168 175 188 185 175 173 167 167 160 158 160 176
181 180 181 175 174 170 178 175 182 175 183 201 201 194 194 204 198 190 186 202 200 182 181 180 179 178 169 170 180 190 195 196 185 191 201 197 187 181 190 201 195 189 178 190 211 198 181 194 182 177 171 183 195 188 169 181 189 188 200 196 185 193 195 201 203 199 195 200 193 191 190 191 188 192 186 173 148 128 139 140 152 164 171 154 143 132 120 121 120 122 125 118 112 144 149 147 137 144 157 156 155 218 234 181 185 178 176 177 185 203 185 183 189 183 175 174 181 185 178 179 185 181 176 181 178 171 158 166
196 182 178 181 178 176 181 172 174 160 180 185 177 177 182 184 174 180 187 186 174 184 167 166 181 170 165 180 182 183 193 196 191 202 200 198 197 182 184 189 197 184 191 194 191 182 182 186 186 178 176 185 189 186 195 190 182 190 189 194 193 191 195 193 201 196 205 198 188 200 196 191 190 192 187 158 125 127 152 147 157 160 165 148 138 127 116 117 125 124 126 120 116 127 153 149 142 142 161 158 145 168 241 224 177 180 190 176 181 190 174 160 176 184 182 183 185 179 168 174 183 174 177 187 183 178 159 161
206 185 183 185 178 183 182 169 159 164 173 175 170 173 176 165 161 171 178 171 170 181 171 175 177 174 171 183 183 189 207 202 193 219 209 199 196 191 189 191 203 199 194 190 182 177 182 181 185 184 191 189 196 198 194 190 189 191 194 207 205 194 200 189 190 187 203 187 185 198 206 211 198 177 157 129 123 140 162 152 156 153 154 142 136 127 111 118 120 121 122 115 120 115 133 147 129 138 160 165 157 160 203 255 216 196 192 171 174 177 167 162 174 181 180 184 183 178 172 168 174 173 177 186 177 170 174 174
190 181 189 177 171 172 163 163 169 178 182 171 159 155 164 169 167 172 177 177 191 184 177 187 177 177 180 188 194 196 211 206 191 213 204 198 201 195 190 185 199 211 207 211 201 184 185 179 190 187 182 189 206 200 196 212 201 201 208 199 200 201 204 190 186 196 204 188 186 198 215 220 189 164 142 120 131 154 165 152 155 150 148 137 129 123 109 119 112 114 110 109 119 116 121 144 133 115 156 172 164 169 175 221 253 194 174 175 181 175 148 176 178 180 178 185 187 186 171 165 175 173 183 184 176 165 163 172
181 181 192 193 173 176 166 169 182 188 186 171 163 160 160 168 165 175 182 179 182 175 182 191 180 178 186 192 184 191 191 202 195 192 191 192 192 193 182 189 200 197 209 207 196 187 182 182 191 190 186 184 203 203 211 220 208 196 195 186 198 199 193 197 187 186 197 194 192 195 198 191 170 143 119 133 142 164 166 156 153 148 144 136 125 117 109 113 105 105 103 107 115 122 122 138 139 107 134 154 166 149 151 168 242 240 169 170 179 179 171 169 175 170 172 172 180 188 169 166 173 173 175 190 173 171 168 170
184 190 188 192 179 180 172 172 178 172 174 177 176 178 183 181 172 177 188 184 192 180 190 194 185 187 185 183 176 181 187 196 197 182 191 184 180 196 185 188 196 204 204 191 182 187 183 183 180 185 193 181 180 189 203 203 206 193 183 186 192 197 184 189 189 197 194 193 200 198 192 175 151 133 124 143 151 169 169 156 149 141 140 134 120 111 112 115 101 98 100 103 117 120 123 122 121 131 148 148 163 156 138 121 155 249 217 167 186 175 174 180 174 172 167 164 170 171 158 166 179 192 184 191 171 180 177 177
181 183 171 170 186 193 176 186 179 168 173 172 178 181 189 183 178 185 188 190 196 193 186 190 189 199 198 186 186 183 199 201 199 191 203 204 187 194 187 187 198 211 200 194 180 192 208 191 173 176 194 180 174 178 180 182 187 190 191 197 192 188 189 205 207 217 201 189 192 187 190 165 129 130 138 149 157 171 169 156 144 133 135 135 122 108 113 115 95 92 100 101 111 115 111 109 113 137 156 149 155 151 152 123 124 150 225 200 175 164 170 175 171 182 181 170 169 166 160 172 177 188 182 188 186 181 177 184
181 172 170 163 173 187 188 185 181 178 179 183 186 182 188 184 181 193 188 190 180 181 185 195 193 190 187 191 197 180 196 207 205 207 212 204 191 193 189 186 189 205 199 213 200 196 203 187 178 179 194 180 182 183 183 189 185 186 193 199 198 195 191 203 210 209 204 181 184 176 169 138 126 138 146 153 160 173 167 153 139 130 131 126 116 108 124 132 107 84 93 101 107 108 111 105 109 118 123 143 155 151 151 137 124 111 218 237 182 180 175 170 175 186 196 182 199 180 170 182 181 169 169 176 169 170 172 176
178 168 159 166 171 194 195 181 176 171 175 177 179 188 194 181 183 185 180 184 174 178 187 181 179 184 178 175 182 185 199 200 197 201 194 178 172 176 190 195 196 214 199 206 206 203 183 176 184 196 198 185 185 183 185 194 191 193 193 194 197 196 188 182 187 210 215 203 207 182 148 121 133 148 153 160 160 171 163 153 136 125 127 121 119 108 139 132 115 80 83 94 101 109 112 103 91 105 128 136 138 146 136 134 123 98 159 216 168 183 177 182 183 186 190 184 188 174 170 171 192 175 169 179 162 156 155 158
194 173 164 170 177 185 192 174 180 172 174 176 176 182 193 181 179 168 171 188 187 184 180 176 173 202 197 189 187 190 196 192 199 190 183 188 179 181 187 199 208 217 196 189 179 187 181 174 181 186 188 195 197 178 178 204 195 196 196 176 188 185 187 191 190 211 215 211 210 159 123 122 139 152 157 164 165 173 162 150 133 126 121 121 119 112 141 117 106 81 63 80 97 103 103 98 111 102 95 108 106 122 142 143 130 124 128 134 170 183 180 181 176 191 183 184 172 151 165 169 177 176 173 169 153 157 161 172
186 178 174 167 179 183 184 175 177 177 172 179 181 181 192 187 176 180 181 183 185 189 182 187 190 202 205 207 218 199 201 196 190 191 196 197 197 186 190 214 201 194 182 182 177 170 179 180 179 183 174 185 194 178 184 193 192 190 195 208 210 187 183 191 199 208 203 187 163 123 123 132 144 159 162 164 165 168 158 145 129 125 121 124 119 118 138 109 92 73 106 75 72 75 69 70 98 107 109 86 83 83 124 139 134 109 166 116 189 186 175 179 187 180 176 185 169 157 167 178 173 167 173 168 165 168 172 178
167 175 168 168 170 165 167 178 174 178 171 179 196 194 188 188 180 187 183 185 189 197 194 191 201 207 195 193 214 205 201 196 187 185 183 190 195 193 194 209 187 175 182 178 184 175 181 187 188 183 185 199 189 183 191 188 198 185 190 219 217 197 175 175 185 186 190 158 127 135 133 143 153 164 165 164 161 158 154 143 131 128 129 126 121 124 129 94 72 144 181 167 140 136 131 150 156 109 80 88 107 121 96 98 120 116 131 118 182 177 177 174 178 163 170 173 165 174 182 172 163 159 160 166 169 170 171 169
175 185 178 173 174 168 172 187 182 176 177 181 192 191 188 188 182 183 176 192 193 190 186 184 197 194 194 199 187 207 193 185 179 172 160 184 187 192 198 186 176 173 186 182 175 180 193 193 182 182 195 188 171 173 180 190 206 198 205 217 221 203 170 176 180 177 158 135 129 145 139 149 155 164 166 166 155 153 155 137 127 128 138 134 125 129 117 77 114 212 196 191 195 208 204 209 196 193 166 112 87 91 93 95 109 141 220 127 172 174 176 163 158 162 170 163 163 173 177 174 162 149 155 162 167 164 169 162
180 190 182 178 183 192 195 190 195 201 202 191 187 181 186 189 184 190 184 186 184 192 186 185 191 179 194 199 177 189 194 190 189 180 169 177 192 198 198 184 178 183 198 195 183 185 198 201 189 185 182 172 171 173 183 192 204 197 199 204 214 200 178 171 161 146 129 120 133 147 148 157 159 163 169 162 153 143 150 140 127 130 147 140 128 132 110 74 168 209 186 177 179 188 190 205 203 185 188 180 150 124 115 99 107 174 201 136 174 169 175 162 169 173 168 165 174 175 172 171 168 157 165 174 170 163 176 173
189 180 174 187 188 193 188 196 210 216 202 191 192 185 183 179 185 194 192 177 185 185 187 200 199 183 188 189 182 174 171 169 164 177 184 179 186 188 192 185 183 189 189 193 180 179 179 187 188 178 181 182 180 178 184 186 179 190 197 187 186 189 169 143 127 128 127 131 144 149 152 156 165 163 171 156 150 139 149 136 127 137 151 145 132 129 98 88 192 191 190 184 182 183 182 195 188 181 185 176 169 178 179 113 89 130 164 170 175 171 162 175 179 170 181 176 179 177 170 185 191 166 171 169 169 158 155 178
188 175 177 193 186 177 182 205 207 204 197 193 182 182 183 176 183 188 189 193 201 197 196 201 196 193 180 156 142 137 148 149 138 126 132 153 174 175 166 174 184 182 178 177 177 183 176 174 175 182 190 185 179 182 182 185 166 174 189 168 165 166 132 132 137 130 122 123 150 143 147 153 166 165 169 154 149 139 140 127 133 140 152 144 135 130 93 113 185 165 182 181 178 185 194 188 177 177 193 191 183 176 191 131 107 171 183 172 177 171 168 168 174 175 198 187 187 176 173 184 194 181 180 166 170 154 162 195
180 179 188 199 194 186 183 202 220 211 188 175 180 187 176 166 159 160 152 164 180 183 178 183 168 159 148 140 138 143 161 165 148 136 126 122 136 149 158 172 180 186 191 179 185 194 189 193 184 185 187 190 187 187 179 182 185 170 178 171 141 121 137 145 119 112 106 115 154 142 141 151 165 166 167 149 148 136 131 133 140 141 146 138 138 128 83 147 177 152 178 179 181 189 192 191 189 177 184 192 185 174 182 179 190 202 201 185 180 185 190 175 180 171 194 183 183 169 182 182 191 185 177 174 189 186 189 195
186 186 201 213 205 209 193 193 205 217 190 169 184 188 158 142 142 145 149 135 136 136 129 140 147 150 143 139 140 151 171 175 165 150 139 130 126 138 145 164 173 177 177 174 183 195 188 188 182 183 188 191 185 186 181 185 191 178 183 145 123 140 135 140 121 110 99 116 150 143 144 147 161 165 165 149 145 129 129 143 146 146 147 133 132 116 88 193 180 183 189 193 187 182 180 179 188 189 186 183 187 185 168 177 195 188 189 183 181 196 186 186 175 173 180 172 170 173 173 182 172 179 178 167 189 197 169 162
192 185 187 190 190 214 199 181 197 195 186 181 180 157 131 122 131 140 149 146 149 147 144 153 150 146 137 139 142 154 179 182 180 167 152 140 126 122 133 159 171 172 169 173 180 182 178 171 180 182 188 199 201 189 181 179 188 192 164 140 146 135 118 118 116 111 96 112 136 137 145 148 160 163 158 147 142 134 134 157 163 152 144 134 133 105 98 204 199 200 196 198 202 191 186 206 201 188 188 185 195 196 183 198 201 177 168 181 186 186 183 192 188 179 171 187 186 182 171 173 164 169 177 167 172 165 164 156
185 187 195 206 189 203 185 187 202 192 184 187 158 129 121 129 129 139 145 150 166 149 154 153 144 142 145 142 145 170 196 196 202 173 147 133 122 121 143 159 160 170 179 173 173 168 180 199 200 195 190 189 208 198 187 186 191 175 144 132 125 126 122 109 112 115 109 115 124 138 139 146 157 158 161 143 140 131 145 161 174 154 145 133 125 91 125 211 201 196 205 196 191 207 203 207 206 196 197 186 204 194 182 188 184 169 180 182 183 190 189 188 181 179 173 176 184 172 162 166 172 183 180 179 173 164 162 163
183 199 197 193 195 196 191 190 196 198 185 167 139 128 126 131 138 140 147 164 164 155 154 147 137 134 133 139 161 200 210 208 200 178 156 150 149 143 159 165 155 150 163 175 185 182 158 135 140 153 164 171 176 173 171 161 141 129 124 119 123 123 123 113 115 119 113 119 119 135 136 141 156 155 160 140 138 134 154 160 159 155 142 136 125 86 165 206 192 196 197 191 193 204 203 195 189 186 188 180 181 184 189 189 188 180 186 182 183 196 192 181 179 180 179 187 180 182 166 172 176 186 177 180 188 171 159 165
177 192 193 193 193 192 192 205 190 191 177 143 137 132 132 138 144 141 139 151 160 156 148 138 128 130 133 147 190 210 213 212 198 169 156 165 169 133 151 197 177 153 144 155 171 171 167 132 122 120 120 122 121 123 120 117 118 117 120 125 127 124 124 125 118 123 117 121 114 125 136 135 147 150 156 140 137 139 159 152 145 145 133 134 116 95 191 199 198 198 200 201 210 208 196 195 186 192 182 201 182 179 206 201 196 187 184 196 200 188 183 181 194 193 179 184 183 180 175 178 184 184 182 186 181 178 179 172
182 192 192 192 188 179 190 208 199 189 150 134 142 131 131 134 139 136 113 146 158 151 144 132 130 135 140 175 202 197 210 203 187 175 145 149 167 135 146 192 168 154 145 144 141 134 127 123 122 118 110 116 114 112 114 114 118 117 121 126 127 126 128 133 132 133 128 120 111 122 129 130 141 148 155 144 145 148 158 147 133 136 131 134 110 125 205 198 192 190 197 198 204 207 201 189 201 208 193 203 193 190 196 191 190 186 192 188 193 181 181 185 198 199 189 184 183 178 188 189 195 185 192 192 184 188 201 183
192 202 191 188 186 186 188 183 186 168 140 136 147 132 127 129 131 116 100 158 150 150 138 134 142 145 169 198 180 194 211 183 199 171 132 142 163 138 140 189 167 151 149 145 135 130 126 123 119 113 110 113 114 112 113 117 120 124 124 128 128 127 126 132 140 162 147 131 121 125 124 132 132 145 149 144 155 162 172 156 137 128 125 136 104 161 192 186 180 184 183 192 202 188 182 179 188 202 198 194 195 190 180 179 185 186 190 180 184 179 187 200 200 209 193 189 188 189 187 194 200 202 190 195 192 194 202 188
195 195 185 190 184 195 194 185 186 147 136 137 138 127 125 131 125 89 125 153 149 146 135 140 164 163 197 189 175 207 206 188 202 163 127 143 172 144 158 190 158 153 150 144 134 133 124 124 122 116 117 117 117 113 119 121 123 127 131 131 135 132 129 128 119 147 159 140 132 135 126 135 130 144 151 150 168 174 171 158 143 121 118 127 102 174 178 181 192 181 182 180 178 175 177 177 188 196 208 196 189 191 190 186 190 185 190 189 198 196 204 207 201 189 181 188 194 191 187 196 189 189 195 190 186 185 189 174
186 186 184 176 180 190 188 199 182 129 140 141 134 125 125 130 119 92 150 153 149 143 141 152 177 184 195 194 191 212 204 187 201 154 121 145 177 146 172 166 148 154 147 143 138 133 129 129 125 120 121 123 121 120 125 127 128 132 136 137 136 136 134 131 123 141 147 141 140 150 137 137 131 132 147 153 178 180 157 156 138 109 120 121 106 169 170 178 187 179 177 174 156 185 199 201 192 196 192 175 177 181 186 179 179 184 187 184 183 188 199 196 194 176 177 182 188 185 181 180 169 175 193 187 190 174 163 164
175 173 178 186 184 189 186 208 184 124 142 135 130 120 132 138 116 120 157 160 155 148 153 165 183 186 191 196 202 212 196 181 187 143 124 147 173 146 169 151 150 150 142 144 140 131 130 131 129 123 121 120 121 126 129 135 130 131 137 137 141 142 140 133 131 138 154 155 139 151 160 146 136 127 143 158 185 187 161 152 133 109 125 108 138 176 167 167 172 179 178 183 191 203 191 190 187 189 192 187 182 183 184 178 180 191 182 181 175 180 190 190 179 175 174 174 185 192 171 176 173 174 178 174 184 170 155 162
187 177 178 183 186 187 202 205 157 128 137 125 130 122 130 138 114 142 175 180 175 178 180 181 176 182 196 190 192 202 173 171 175 138 128 146 172 169 173 153 153 147 140 146 138 132 133 129 129 123 124 121 123 130 134 134 135 136 138 138 144 148 144 138 141 147 171 177 147 153 170 155 137 127 134 154 173 188 170 158 141 111 118 93 175 185 185 206 188 184 184 183 197 188 177 178 199 202 215 200 187 188 186 188 192 190 192 191 194 191 189 189 179 170 177 179 181 192 181 198 189 172 169 173 180 177 159 162
202 187 191 190 187 177 192 183 132 133 129 126 128 129 130 130 123 163 186 189 190 205 197 182 171 194 197 188 190 194 158 160 172 141 133 143 155 179 187 156 151 145 149 142 136 133 132 124 126 125 127 124 126 133 138 134 142 140 139 144 150 147 146 145 146 160 183 191 159 161 183 174 142 132 127 147 182 198 180 161 137 109 101 108 192 192 194 213 200 187 193 181 191 189 197 207 217 205 198 196 206 209 198 198 195 188 206 205 203 191 189 192 182 181 188 183 177 178 185 200 181 162 173 182 187 185 168 182
190 183 196 196 187 172 179 161 122 133 126 125 127 128 133 125 128 178 196 191 197 199 185 161 166 193 194 194 189 178 145 155 176 140 136 143 149 159 172 160 163 151 151 142 136 137 134 126 126 129 126 126 130 142 143 138 149 143 142 146 162 160 149 147 149 164 191 191 171 171 197 196 155 138 125 134 163 188 193 171 140 107 84 154 202 192 192 193 194 199 202 197 202 197 204 207 202 197 201 198 210 211 208 204 196 194 202 198 198 187 185 193 188 190 177 174 183 189 186 188 172 181 180 190 186 185 177 182
174 170 180 184 191 186 189 156 115 129 129 126 124 123 128 125 133 184 207 198 195 181 160 147 161 190 193 189 193 163 137 154 170 139 130 143 144 148 160 162 162 158 151 144 138 135 134 128 125 128 124 134 134 148 148 140 146 144 146 149 163 164 155 152 157 172 193 189 168 172 185 203 181 149 128 124 139 161 195 183 128 97 90 201 216 201 197 198 191 195 196 204 207 200 207 208 198 192 202 205 207 208 193 190 190 197 193 191 199 190 183 190 193 197 185 181 189 196 208 186 180 190 184 183 188 192 181 169
187 182 184 183 194 188 187 143 123 127 131 126 129 122 122 125 141 188 209 202 175 157 140 144 170 204 202 193 184 149 135 152 166 140 124 138 141 145 153 158 167 163 151 146 142 141 135 133 129 127 127 139 135 148 147 152 145 142 148 149 165 170 166 168 167 178 202 201 175 174 174 200 196 167 131 124 129 143 179 184 116 82 126 210 210 204 198 205 193 193 200 204 206 201 195 189 192 187 194 199 193 198 186 187 194 196 200 190 188 187 188 186 184 185 197 197 193 197 211 188 181 184 183 187 189 186 175 174
195 190 186 182 192 187 187 133 123 126 124 124 132 127 122 119 148 190 188 181 157 141 134 146 169 201 202 194 168 136 132 144 159 136 124 135 137 148 151 151 169 161 154 145 145 143 136 133 130 127 129 135 131 148 147 161 147 147 149 152 166 178 180 181 190 193 214 209 188 204 192 197 203 188 141 131 125 133 161 180 112 75 176 208 191 197 194 195 183 181 194 191 190 185 185 182 179 178 182 185 189 190 189 191 216 218 205 184 178 181 186 182 184 191 195 200 195 188 186 192 191 190 186 186 181 173 173 170
191 190 192 188 191 189 184 127 117 123 123 127 122 125 119 112 152 184 174 163 143 131 127 145 165 190 200 188 154 129 129 142 157 136 126 134 134 144 151 153 173 167 160 151 155 149 136 133 131 125 132 124 130 138 147 162 147 148 148 153 154 164 189 199 206 215 212 216 204 210 209 200 203 204 158 133 127 126 142 168 104 93 197 195 175 167 165 170 180 181 181 180 175 178 183 176 163 169 185 186 180 188 193 202 222 222 199 186 184 188 183 173 179 181 183 198 197 182 171 181 192 191 185 174 170 160 167 161
187 190 194 191 186 194 177 117 117 122 120 124 117 124 117 103 146 176 174 157 137 128 131 141 153 184 199 182 150 130 131 146 154 141 132 135 134 141 153 155 174 180 177 162 169 162 140 138 132 127 131 124 132 128 146 161 150 155 149 146 147 175 200 203 213 213 207 215 216 209 207 209 203 210 178 133 130 125 136 153 93 104 176 154 148 158 160 148 159 170 178 176 175 190 186 179 177 177 189 188 174 176 196 207 212 200 193 190 180 176 172 171 176 167 173 176 184 186 182 192 188 186 177 168 171 167 155 164
190 188 183 190 188 195 171 105 119 120 121 122 114 125 116 104 136 178 167 145 134 128 131 140 158 179 192 187 146 133 133 141 150 144 136 138 131 142 152 155 177 198 190 171 172 163 146 140 131 133 129 126 132 120 151 153 156 156 153 147 146 164 200 190 191 193 191 196 206 203 201 211 198 195 197 139 130 125 132 142 128 127 123 128 138 165 160 164 144 150 173 172 180 197 197 197 191 188 199 184 185 181 197 224 208 193 192 195 179 165 169 165 181 156 157 166 176 178 173 171 181 168 174 166 167 177 167 179
196 203 192 194 195 194 164 100 119 120 117 125 116 119 115 107 119 179 157 140 129 121 129 141 164 174 193 181 147 140 138 134 142 149 140 145 132 144 151 152 182 213 202 187 178 159 150 147 129 132 127 130 128 121 149 144 153 156 154 149 145 162 195 179 165 168 169 172 177 186 183 203 200 185 199 155 137 136 133 128 130 127 130 137 147 158 166 165 161 157 168 152 151 170 194 195 186 186 199 183 191 191 208 214 191 204 186 173 183 179 170 171 186 176 171 176 186 184 169 173 187 181 171 156 163 183 182 198
200 202 192 195 187 192 158 99 121 116 116 124 117 111 111 103 108 174 149 137 128 121 130 140 162 176 191 178 146 137 137 132 138 141 142 146 133 146 154 157 192 206 201 204 187 160 154 149 137 128 126 126 129 132 141 138 145 152 152 149 146 158 186 170 155 134 146 160 163 167 169 179 185 176 172 150 134 129 129 134 135 142 145 149 157 166 173 163 154 152 174 169 156 136 153 176 171 183 191 184 177 184 188 167 171 164 177 180 192 178 168 179 184 187 188 181 189 198 192 184 184 185 168 169 183 180 184 200
212 197 180 179 177 185 153 102 119 116 119 124 118 117 108 98 104 166 152 133 124 120 128 138 158 171 187 174 142 133 136 129 130 133 140 142 135 157 158 171 199 194 207 200 186 163 163 151 145 132 125 128 134 135 137 138 147 150 150 152 152 158 166 151 134 130 140 136 137 132 130 136 141 142 141 141 137 140 141 136 143 154 155 144 155 159 170 168 152 146 160 166 167 155 135 163 181 186 183 182 177 189 177 155 154 162 180 183 203 187 170 183 180 192 203 203 193 204 201 182 189 186 180 185 191 188 198 177
224 200 187 181 180 183 144 101 116 116 119 118 112 117 109 97 99 159 149 130 120 121 131 138 149 162 186 165 141 135 132 127 124 128 135 135 137 173 170 186 195 191 203 182 186 176 164 154 152 141 130 135 133 134 139 143 144 144 146 148 156 158 119 132 116 110 109 123 130 135 127 129 135 140 141 144 147 146 147 148 153 152 144 144 144 153 180 175 158 152 145 167 172 164 149 139 166 187 184 178 181 191 180 161 135 153 189 192 203 200 193 189 170 198 228 213 201 198 200 185 181 196 193 184 196 189 204 202
187 198 207 187 188 175 130 101 110 112 117 115 109 116 109 99 101 147 151 125 117 119 126 141 147 155 179 159 144 135 128 121 118 125 137 134 150 197 190 200 182 180 162 169 183 178 162 156 157 146 137 140 135 138 139 146 144 143 146 128 116 133 107 97 94 109 118 135 135 126 130 135 144 145 148 151 149 150 155 158 162 151 151 151 130 147 169 171 161 151 152 149 155 171 171 131 141 190 180 180 182 179 183 168 143 168 179 196 195 180 172 169 174 191 194 212 193 173 200 203 182 186 204 183 187 179 187 200
168 193 200 188 189 156 118 102 106 111 115 116 110 116 103 100 117 142 146 124 113 112 123 138 150 151 177 162 144 132 124 115 113 118 128 130 172 202 203 181 166 151 141 159 171 176 168 159 161 149 144 138 138 139 140 142 144 142 139 101 69 105 97 92 117 128 139 139 129 134 141 147 146 146 152 151 156 158 162 154 157 145 144 140 114 138 157 172 154 148 152 143 148 158 180 144 118 165 187 174 173 165 169 157 161 162 167 179 185 173 189 172 178 176 183 223 193 196 211 195 175 173 184 185 191 188 181 169
160 143 158 171 179 151 111 97 110 110 111 114 112 114 101 104 131 152 146 128 112 109 117 129 149 161 178 157 141 131 120 110 109 111 114 139 200 188 176 172 158 134 134 145 160 170 167 160 160 147 143 142 146 141 141 139 137 140 116 78 66 93 84 111 118 137 131 129 145 139 141 143 143 144 144 152 154 158 172 173 153 134 136 143 113 127 130 156 156 144 146 140 142 144 163 163 127 140 194 171 172 180 159 146 165 162 167 165 178 176 197 203 191 182 198 201 199 196 195 188 178 183 189 193 200 177 165 165
144 118 135 163 164 148 122 97 111 110 108 117 110 106 100 109 132 163 156 135 107 103 105 120 140 161 171 152 141 132 117 104 103 101 108 149 177 170 172 167 138 127 129 137 154 169 166 164 162 150 142 142 149 140 139 140 134 131 103 73 93 94 100 110 116 121 126 147 157 151 144 151 154 152 153 162 164 167 174 173 157 148 132 131 113 133 138 135 145 140 147 142 131 135 134 164 159 123 177 188 195 214 193 174 179 162 169 177 180 171 178 182 203 186 201 188 172 190 219 200 193 188 191 173 183 177 188 190
143 113 139 174 132 131 127 99 114 105 105 108 108 104 103 115 148 180 173 136 107 99 105 113 128 152 166 143 139 132 114 103 93 84 100 150 161 168 166 140 120 119 121 133 149 162 164 167 161 151 143 145 144 132 140 143 135 127 98 102 105 94 115 121 130 139 151 167 163 158 148 151 151 152 160 164 168 171 175 178 157 147 128 114 122 136 133 133 128 137 151 143 132 121 110 137 180 128 165 212 200 215 208 194 191 190 186 165 176 172 170 182 210 182 176 200 186 197 205 208 211 202 197 169 163 198 211 188
160 124 141 179 111 116 127 100 113 104 105 108 111 105 107 126 156 181 193 129 113 92 104 111 119 143 162 138 136 129 111 98 87 78 109 128 141 162 158 129 109 113 120 129 149 157 168 172 161 153 146 142 135 131 144 139 127 118 101 122 102 104 121 137 141 153 150 161 159 141 141 149 148 153 156 178 175 167 176 174 170 151 127 117 119 126 126 132 130 134 147 145 133 116 107 121 170 144 138 209 195 204 206 203 185 198 200 177 190 195 174 173 198 198 202 222 215 205 188 194 212 204 185 189 183 197 199 181
146 158 202 180 162 150 122 97 107 105 106 105 108 105 110 127 143 165 207 127 118 92 97 114 114 133 157 134 130 123 111 97 79 92 131 131 151 169 148 129 111 109 119 128 144 163 168 169 165 158 154 146 142 141 138 130 124 118 122 111 106 115 140 141 149 156 151 158 144 139 137 151 154 152 162 178 170 171 177 174 169 151 125 116 120 119 116 135 135 123 132 151 133 114 103 114 153 158 116 183 202 205 196 196 196 200 193 193 185 189 194 180 183 201 200 201 206 182 195 195 180 175 176 192 196 169 173 196
147 178 197 184 172 192 134 95 107 106 106 103 103 103 111 127 142 160 192 127 120 99 94 110 117 126 152 131 121 120 103 87 74 74 69 89 151 158 139 123 111 107 120 129 148 166 165 161 161 165 158 145 151 144 129 118 115 129 124 102 121 130 140 148 164 163 154 142 132 132 135 145 154 157 161 171 157 161 164 173 165 152 123 108 115 115 130 135 141 130 125 152 131 111 90 108 147 150 105 167 195 194 202 199 186 188 201 190 171 179 185 190 195 195 185 187 185 173 201 189 173 179 194 167 183 161 168 196
170 169 178 188 198 189 135 96 98 102 103 99 102 100 114 131 148 153 173 131 114 107 93 105 113 130 145 122 117 105 79 67 63 58 53 55 88 132 131 115 109 108 118 125 148 161 147 136 147 168 151 140 155 140 114 94 112 137 117 107 131 138 144 165 176 174 158 146 124 126 132 144 151 149 158 170 158 157 169 169 169 153 124 96 112 109 125 130 140 146 127 145 131 108 87 94 135 139 103 154 186 198 192 187 168 168 167 160 137 145 159 160 177 184 185 179 175 195 195 206 207 184 192 175 178 155 163 161
153 152 179 176 171 177 135 96 100 99 99 92 98 107 117 134 159 156 155 127 116 110 94 101 108 126 142 116 109 88 75 68 55 68 129 122 73 90 111 108 106 107 109 121 142 149 135 119 142 157 137 133 143 130 104 80 122 139 113 105 128 142 156 171 180 177 166 147 123 127 127 133 139 139 158 162 156 158 165 160 157 150 128 96 111 108 117 141 136 151 144 145 129 102 89 93 130 133 106 138 181 183 174 177 169 151 150 157 138 131 142 148 161 160 169 194 172 169 214 218 221 205 197 185 179 188 178 159
182 180 185 194 150 162 128 94 104 98 98 88 93 109 121 142 166 172 191 140 115 109 98 106 107 119 131 111 104 91 93 85 135 204 241 217 118 79 84 98 102 104 110 102 103 114 109 116 132 134 120 125 127 114 94 90 129 135 111 108 151 143 164 170 184 169 172 156 133 122 126 133 134 137 149 160 156 166 164 154 151 140 127 105 109 101 114 135 135 147 146 136 117 97 80 86 124 137 110 131 179 170 175 168 167 168 168 165 160 149 165 170 166 164 184 174 180 157 183 201 202 199 181 187 196 184 163 166
187 178 165 155 160 167 125 99 107 99 93 92 94 112 125 150 171 173 189 152 106 104 102 105 102 113 126 112 103 96 98 110 219 213 212 204 195 95 77 73 82 88 93 105 109 109 111 108 112 109 108 115 106 99 93 106 127 133 101 126 147 156 173 172 171 161 166 167 133 125 129 128 121 129 135 150 154 154 157 156 160 150 130 104 107 97 113 130 124 142 145 126 107 90 79 78 115 133 117 129 205 184 201 194 176 180 198 206 187 163 168 180 173 174 198 151 169 183 194 201 189 176 174 183 192 167 148 171
196 177 158 155 152 180 127 99 105 97 88 92 96 112 142 161 175 189 202 160 107 104 102 102 103 106 122 112 109 103 94 120 231 213 201 206 219 156 79 78 77 74 81 139 148 140 135 117 99 88 97 98 95 96 99 122 128 137 97 137 145 147 171 178 178 146 140 163 162 135 127 129 114 115 134 143 142 147 143 150 165 145 120 102 102 96 113 124 123 144 144 118 102 81 79 75 117 138 110 125 207 201 215 194 200 178 172 183 176 172 161 209 191 165 177 191 183 179 172 186 167 161 184 173 168 165 174 170
186 169 154 162 160 180 130 100 105 99 91 94 97 109 143 177 175 202 224 203 115 99 97 97 105 109 127 120 118 108 104 199 219 220 207 218 211 188 144 78 79 95 102 79 96 123 141 129 117 107 97 95 91 94 104 126 135 143 124 146 152 169 186 180 160 131 129 138 157 145 130 124 112 108 132 120 132 143 128 134 136 113 129 130 101 86 98 121 117 124 128 110 98 74 74 80 123 138 118 127 214 208 189 183 205 191 190 204 197 192 180 204 198 175 178 189 182 155 166 182 173 178 204 216 189 172 184 192
177 177 176 183 182 183 129 102 104 102 93 95 92 109 147 180 193 202 220 211 114 104 90 93 99 110 121 129 119 102 144 208 206 195 193 202 223 203 206 141 69 73 100 111 87 75 86 112 122 113 107 95 92 100 123 126 143 139 135 141 169 180 190 179 160 128 116 134 161 152 130 130 122 124 139 107 119 128 115 113 106 126 143 131 103 85 98 115 112 121 113 101 87 67 77 97 130 139 126 137 232 221 212 224 218 217 221 225 203 194 214 231 195 214 192 192 193 169 141 194 198 209 219 225 223 186 203 206
209 214 224 207 207 208 138 110 104 103 91 91 90 114 157 177 199 196 195 175 109 107 94 88 90 105 121 121 120 100 185 190 201 195 186 195 233 201 189 176 152 75 69 80 106 116 91 86 81 96 89 76 86 115 124 129 151 130 127 150 173 185 189 188 168 136 117 129 162 164 138 130 138 127 127 109 107 113 105 95 109 126 130 130 144 94 91 115 112 119 116 94 78 64 93 111 119 133 132 142 235 226 220 226 232 238 228 234 227 219 225 233 233 227 211 210 178 160 168 212 209 206 230 227 229 203 205 228
222 208 212 229 217 208 149 110 105 102 88 90 90 118 171 188 184 187 193 177 115 117 108 101 97 102 119 122 116 118 204 177 179 212 208 206 219 206 211 187 203 160 89 64 68 88 121 104 77 75 86 80 81 122 107 125 155 116 125 160 178 170 178 192 178 151 127 114 149 165 151 134 141 128 113 100 97 112 105 93 110 101 97 97 114 107 93 104 104 125 121 93 79 68 122 122 116 134 122 139 238 234 236 237 239 232 223 234 240 239 236 227 227 225 233 237 224 214 233 236 223 218 226 231 227 225 226 238
215 210 216 209 216 199 139 112 111 95 91 91 90 113 174 200 184 193 196 178 127 129 116 109 108 116 130 131 110 142 198 177 193 204 209 216 230 231 225 228 209 187 196 144 73 58 62 70 75 76 87 95 93 113 94 115 152 111 115 151 165 154 164 173 178 153 137 117 133 157 156 151 135 126 105 101 90 95 88 94 94 87 76 79 66 105 105 94 95 110 114 96 79 70 166 138 103 123 114 115 231 242 241 232 237 225 233 234 231 234 229 231 218 228 234 238 240 237 235 239 229 229 231 231 223 215 237 239
203 213 218 227 225 222 149 116 112 93 94 92 95 109 174 206 202 228 223 165 135 134 122 115 121 151 168 141 104 195 216 201 208 231 227 237 238 233 228 229 218 225 238 245 213 139 80 62 58 56 53 49 82 100 97 105 132 111 100 133 140 150 165 160 167 158 149 127 125 149 165 146 113 97 99 85 91 75 72 92 89 77 71 75 66 72 113 111 97 108 111 97 77 76 201 152 98 96 103 91 195 243 236 236 239 228 235 227 226 224 216 223 216 223 239 233 237 236 235 235 228 224 210 237 227 209 239 231
210 224 230 229 217 226 160 119 110 99 99 92 94 112 186 216 224 237 222 145 139 132 124 125 133 165 168 138 133 234 227 238 237 234 229 235 235 228 237 235 223 231 238 240 238 233 209 190 160 152 135 122 108 94 96 104 111 127 88 95 94 141 174 170 153 143 133 107 119 140 168 138 94 76 85 93 94 85 81 92 84 73 65 91 110 63 112 108 100 98 107 98 81 82 212 146 101 103 90 101 192 239 223 229 231 237 238 237 232 223 213 197 220 224 231 228 226 229 228 232 224 226 214 214 213 218 229 223
213 234 235 229 220 224 178 130 108 98 99 91 95 117 184 210 236 240 207 135 140 128 128 124 133 162 157 130 161 246 234 236 239 240 235 228 218 202 227 234 215 213 231 221 225 220 233 236 221 210 226 220 116 88 90 100 97 122 84 89 86 110 150 137 137 131 112 93 109 134 135 111 76 79 72 74 74 76 81 86 72 60 89 185 186 61 111 123 93 92 105 98 77 82 205 152 95 104 97 134 211 239 237 232 221 224 238 238 231 221 226 227 233 231 222 230 225 233 223 230 199 212 219 210 210 214 232 222
223 229 236 229 223 228 180 137 109 99 97 93 96 117 197 224 229 237 174 140 147 131 128 119 128 152 153 118 194 243 232 228 235 228 236 237 209 198 201 197 211 200 232 213 221 222 232 215 220 203 209 175 96 87 96 92 92 119 85 83 101 96 109 116 100 104 111 103 98 117 111 78 72 76 64 63 75 82 79 69 58 95 205 229 223 97 89 112 85 91 106 95 77 88 220 178 90 90 108 129 228 234 235 238 236 230 233 238 239 231 227 237 226 225 216 229 228 222 233 210 188 207 211 220 217 218 234 216
221 223 236 230 229 229 183 132 112 99 97 96 101 120 195 232 238 212 149 144 139 128 127 120 118 141 138 123 210 226 223 225 219 207 229 223 221 223 196 187 198 219 232 219 219 221 206 190 202 216 198 159 93 89 97 91 95 115 93 71 99 104 112 100 101 93 96 127 99 117 97 66 64 62 64 70 70 64 60 61 136 220 235 231 237 189 71 90 83 101 112 91 77 97 234 204 107 90 105 107 197 218 227 234 230 235 233 235 234 223 228 230 227 231 228 214 226 229 220 207 179 219 219 213 216 218 213 209
228 229 237 229 224 231 193 136 116 99 97 98 101 116 193 229 240 186 142 139 129 123 120 122 121 131 132 145 223 212 205 221 209 223 209 180 211 213 209 216 218 231 234 229 230 224 204 151 205 229 224 138 87 91 97 89 105 121 99 174 99 101 124 115 121 125 109 117 99 99 77 65 57 56 59 58 57 68 109 180 235 233 237 235 240 229 96 85 102 99 98 83 72 99 225 220 146 79 96 112 199 207 229 233 234 230 222 217 225 221 204 212 202 215 219 225 227 224 206 195 199 230 224 205 201 216 217 217
237 236 232 221 223 236 189 132 122 101 98 100 101 117 186 234 232 152 141 138 120 123 122 114 122 135 115 163 235 229 218 218 198 213 195 210 214 223 226 238 234 222 231 229 219 221 209 120 152 234 197 129 85 89 94 96 115 99 154 235 128 75 117 117 127 145 125 98 71 58 54 48 51 52 55 136 172 209 236 237 221 227 238 236 226 233 162 91 111 110 100 81 71 110 228 227 152 82 97 123 231 214 209 231 238 224 227 230 220 216 211 184 202 228 204 226 235 203 204 189 203 224 236 235 223 211 222 213
232 209 230 236 231 215 194 142 121 104 100 101 100 116 195 240 207 141 145 135 121 120 120 113 120 129 111 191 230 232 236 222 220 224 210 222 224 211 233 237 236 225 236 239 226 231 228 123 122 184 114 95 87 89 92 104 108 103 211 216 210 108 103 117 141 154 118 88 59 50 54 48 53 55 59 207 247 243 234 236 234 236 234 227 232 239 214 103 101 118 114 94 81 108 230 220 185 107 107 139 216 227 225 232 234 230 222 218 211 192 208 196 214 218 210 221 224 208 229 221 219 221 210 231 212 226 229 213
212 216 230 230 230 229 203 149 120 110 101 101 103 117 202 213 159 152 150 137 126 117 116 107 107 118 120 214 236 227 231 230 234 238 208 223 235 223 220 230 236 232 233 234 234 237 232 122 109 129 94 99 91 86 98 104 85 140 234 235 240 219 138 129 148 146 112 84 58 63 64 50 55 55 65 211 239 235 236 236 239 238 236 226 237 237 237 127 77 117 126 110 88 104 219 231 217 163 130 164 217 220 229 211 227 228 210 207 216 217 223 215 200 223 213 223 217 204 217 208 208 230 210 228 218 217 224 232
222 231 214 203 228 227 203 151 123 118 104 101 101 128 218 169 133 164 159 143 126 117 117 109 110 107 142 233 231 227 230 237 220 226 198 229 232 228 219 229 233 225 216 228 231 234 221 149 117 99 86 98 106 92 98 95 80 188 224 232 228 229 168 130 158 134 126 87 56 71 62 50 55 56 72 214 225 220 236 236 234 235 231 236 237 230 231 165 74 118 139 114 92 95 223 232 227 218 176 189 224 214 205 198 202 215 203 201 182 204 220 208 218 210 200 221 217 213 220 228 226 217 207 218 217 221 218 221
201 225 207 218 232 209 212 159 127 117 107 106 104 142 229 148 131 165 162 136 122 117 115 108 113 100 200 237 221 214 217 218 221 225 226 239 227 226 205 231 228 217 222 233 226 228 237 192 90 82 81 106 111 102 103 99 92 208 217 234 216 207 169 131 146 146 136 85 53 74 75 51 56 57 77 222 237 229 237 233 232 228 233 231 217 218 215 179 83 105 137 114 88 85 200 225 218 218 209 228 220 222 208 220 185 200 189 188 194 227 225 222 208 224 223 214 199 213 218 224 221 204 220 203 218 222 198 216
195 215 203 186 223 202 201 162 130 116 107 107 106 140 181 124 149 168 154 145 128 112 101 103 106 109 233 218 210 210 224 220 213 202 226 217 208 231 236 233 220 218 229 223 216 230 228 224 129 72 105 109 110 108 105 89 115 218 231 235 209 211 187 131 141 152 140 88 57 77 96 54 56 57 82 223 235 233 238 226 224 227 225 234 215 211 217 205 132 98 133 117 87 87 167 222 219 209 227 230 218 226 214 198 215 213 227 207 206 226 223 220 219 225 211 220 212 223 218 199 204 215 214 186 201 190 179 194
204 210 205 183 188 182 183 155 130 116 108 109 107 137 142 123 162 164 164 143 144 121 98 106 101 146 232 217 230 218 229 231 208 206 216 227 220 219 222 239 225 213 222 225 210 216 215 225 195 75 117 106 107 115 114 83 148 233 223 210 210 207 201 135 139 151 145 98 67 95 116 56 57 57 85 225 227 212 224 212 214 213 219 213 217 229 238 202 151 128 136 114 86 86 150 205 222 223 228 226 215 218 214 217 211 204 219 226 208 213 187 221 220 228 218 212 218 204 207 205 202 213 206 195 218 199 180 199
199 192 208 213 186 169 172 155 126 119 107 113 110 124 121 149 170 165 176 146 161 141 114 111 111 184 211 196 211 214 232 234 221 220 216 229 230 218 198 226 226 212 216 220 233 220 229 237 231 101 117 126 126 117 118 82 170 236 235 222 222 209 203 150 137 154 149 105 75 128 131 57 57 58 83 223 227 215 229 217 183 209 227 205 205 213 224 211 160 154 127 112 84 85 132 198 220 229 217 219 227 215 220 222 208 222 229 219 218 195 193 218 190 205 202 191 198 193 204 185 185 191 179 188 189 202 222 209
175 185 190 175 180 185 198 176 134 123 116 114 111 116 119 147 173 167 164 142 150 146 124 122 125 216 217 204 217 210 226 227 217 229 229 218 217 210 201 217 221 216 222 222 220 219 226 230 216 105 110 131 128 116 119 87 195 229 233 234 212 219 225 158 138 155 153 106 87 148 142 59 58 57 84 209 219 207 215 213 188 215 209 216 184 193 216 216 182 172 146 106 86 86 128 187 199 214 220 225 225 203 214 223 214 219 231 201 210 215 220 197 216 212 199 184 177 187 202 179 207 169 161 205 196 193 198 219
199 188 214 197 214 208 180 170 142 128 122 110 109 127 115 139 164 169 151 127 130 137 124 135 134 203 210 190 189 195 213 214 227 198 214 207 205 197 204 209 184 201 227 227 220 220 215 211 178 121 118 130 133 125 120 95 196 222 232 231 224 217 223 172 143 159 155 105 91 150 148 60 59 56 88 217 203 197 216 209 225 218 213 219 209 227 188 189 202 172 174 105 84 87 118 199 211 220 210 212 213 220 203 190 212 202 210 203 205 234 206 189 205 217 212 196 189 208 182 216 204 142 166 195 210 195 202 206
226 214 220 202 198 199 212 187 144 131 124 115 112 142 123 126 133 155 132 112 127 146 143 142 133 196 193 197 166 204 204 199 198 212 202 213 196 205 218 213 204 207 197 215 209 215 207 202 150 127 135 133 135 140 119 105 184 194 219 221 220 216 215 184 152 161 157 107 92 144 148 63 59 58 86 216 210 210 228 218 220 201 228 226 221 202 183 191 189 163 194 124 99 91 119 176 222 200 214 212 216 216 208 189 215 204 211 200 198 217 188 202 198 208 226 218 190 202 193 203 220 194 171 195 204 179 196 206
218 214 202 200 215 205 195 194 147 138 130 119 114 147 140 137 126 131 100 95 119 132 149 140 133 173 206 174 180 205 205 206 187 196 185 212 207 200 222 219 214 228 209 215 218 196 212 189 125 139 145 134 143 142 109 102 188 197 216 209 197 177 190 189 161 162 153 110 94 144 136 65 59 58 87 226 233 220 208 224 227 218 229 211 208 168 169 209 203 170 203 138 115 117 122 148 216 151 199 208 198 196 207 218 224 200 205 215 210 182 180 212 215 195 179 211 195 168 202 188 208 222 175 190 202 198 184 180
187 197 201 175 191 213 200 197 154 136 129 117 115 150 177 134 126 124 113 129 115 115 135 136 140 178 196 201 175 198 171 191 179 165 173 203 192 194 217 225 233 222 230 214 207 220 200 164 112 163 151 139 148 143 109 95 207 196 207 192 209 176 210 210 167 163 159 132 98 164 139 65 58 58 80 216 225 223 227 223 220 220 212 213 215 195 190 173 194 188 208 159 138 144 133 129 204 214 205 226 193 204 205 202 191 193 202 206 192 157 202 216 200 195 197 197 206 189 205 200 194 213 176 190 191 183 177 153
168 174 210 194 191 209 203 206 159 135 129 119 120 156 180 130 129 114 132 146 121 122 130 129 129 180 162 183 175 184 179 170 206 214 214 178 192 194 230 233 224 222 231 211 194 177 195 201 127 165 154 136 151 120 93 114 212 200 220 196 196 219 219 215 173 165 167 122 99 185 160 66 57 57 87 220 213 205 225 214 213 205 193 178 214 201 187 193 190 175 216 182 182 162 119 108 191 214 190 191 192 197 209 217 206 183 217 206 184 198 197 198 175 189 170 181 172 209 192 179 170 185 165 193 213 217 187 180
168 173 194 224 213 215 200 205 160 141 133 125 120 141 144 129 148 120 166 163 125 122 129 121 182 173 179 178 179 184 188 203 231 223 209 211 176 198 220 199 229 218 219 216 183 168 181 185 147 136 147 139 144 117 91 131 217 216 196 204 191 222 211 215 185 168 173 126 99 191 187 75 56 56 87 206 211 186 199 199 199 165 183 192 190 194 199 225 208 214 219 190 183 174 120 103 190 185 177 196 189 218 205 202 207 200 214 187 166 190 193 192 177 180 172 195 198 190 207 216 194 179 172 195 227 208 192 204
149 165 190 210 194 210 204 204 168 145 138 127 119 147 138 122 126 99 180 161 116 116 131 126 207 203 173 206 211 188 169 180 214 208 199 195 179 181 189 210 213 219 214 185 199 177 154 183 181 121 131 144 145 111 99 160 219 219 187 195 206 214 206 213 194 176 171 117 105 194 183 84 56 54 88 193 193 197 211 215 182 175 216 181 213 196 195 185 214 235 228 188 163 176 122 95 175 186 157 177 205 214 204 188 187 197 201 203 192 205 215 185 197 192 160 188 187 186 220 187 208 190 197 184 198 218 214 210
176 182 192 193 194 194 171 183 172 148 138 127 114 139 154 150 118 119 187 163 118 121 131 126 172 203 197 207 189 189 191 166 208 197 182 186 227 199 201 201 216 197 202 183 209 189 133 167 180 119 119 138 143 92 101 180 220 223 229 198 198 205 201 208 203 176 164 119 115 186 185 81 56 54 83 181 182 170 199 209 164 207 197 210 219 216 204 190 225 199 199 204 178 163 129 109 174 166 161 135 194 186 190 197 189 185 177 182 194 194 190 188 209 207 172 189 200 175 194 196 187 197 196 190 196 188 189 188
152 168 179 166 160 167 147 177 170 149 142 139 122 149 169 147 143 121 168 189 117 113 143 151 200 220 215 217 218 169 177 185 194 182 161 175 215 172 152 186 195 172 172 188 174 196 189 180 209 115 114 134 126 86 107 178 152 202 220 189 184 183 192 215 207 176 163 145 126 183 172 92 56 52 99 192 162 181 187 190 180 200 205 215 213 217 209 220 217 171 180 211 188 150 131 120 164 160 143 127 159 167 173 191 157 135 151 178 209 167 149 180 177 187 195 195 185 170 185 198 162 159 197 197 188 205 200 209
163 179 167 184 190 188 187 192 166 162 161 141 127 154 170 142 151 133 179 209 128 119 147 174 216 208 197 190 194 162 154 178 179 139 180 208 202 146 121 169 184 175 182 152 173 192 188 191 182 105 110 128 99 74 92 199 153 162 202 208 200 187 198 216 210 179 152 164 133 185 163 120 57 50 110 212 185 184 181 196 179 175 206 179 186 202 224 227 205 186 196 205 192 110 108 111 120 137 146 139 153 170 146 197 159 136 123 166 184 178 151 193 184 171 184 182 194 216 204 184 156 144 189 210 209 201 210 209
184 185 171 173 200 190 209 213 170 161 163 140 134 160 169 152 154 160 186 194 145 130 150 164 198 209 214 137 180 162 149 148 178 173 197 197 169 145 123 183 179 146 175 176 171 173 160 160 193 125 117 115 76 72 105 203 176 115 175 153 161 185 209 224 215 171 135 158 126 183 169 149 62 50 107 151 157 161 172 179 164 144 152 142 188 202 203 210 199 197 187 185 190 108 83 97 115 113 135 145 133 140 126 166 175 133 128 154 163 144 156 193 180 158 155 161 174 191 188 178 121 179 197 203 208 218 196 211
136 153 182 188 192 190 210 208 207 185 158 142 135 153 169 157 152 182 193 198 159 129 151 160 181 176 199 178 151 160 143 143 138 157 153 160 175 161 144 166 179 162 153 157 167 162 157 171 166 143 129 133 76 82 91 148 170 106 114 160 104 155 187 199 216 181 128 159 124 167 184 142 64 51 116 140 125 145 146 138 149 124 108 122 194 193 186 192 193 174 165 174 185 123 88 101 115 100 107 141 124 107 113 122 117 117 142 164 133 147 134 159 147 145 129 178 152 154 181 178 142 192 220 204 193 197 186 205
149 154 174 168 185 186 197 203 194 191 173 152 139 153 167 163 150 175 195 195 167 132 149 163 189 152 156 193 169 143 106 141 125 117 132 140 178 151 151 189 183 163 180 156 156 149 141 187 177 147 140 142 74 90 106 160 163 121 113 159 116 145 169 156 219 192 139 154 117 160 176 122 62 54 94 142 105 124 123 115 125 112 98 112 174 175 163 182 182 149 162 191 176 133 90 97 111 99 97 123 105 100 92 93 131 103 102 118 99 137 141 137 138 147 123 135 169 172 165 150 140 192 178 173 182 193 193 206
164 117 148 174 168 175 203 206 193 204 198 154 142 149 163 159 139 174 208 192 171 134 145 163 170 174 164 139 145 110 126 131 93 111 116 120 158 152 185 203 167 199 183 175 163 132 145 163 165 166 152 136 72 108 148 154 150 155 113 115 107 108 134 165 218 198 148 168 121 143 168 119 62 58 84 116 92 118 119 100 103 123 101 132 158 142 132 139 172 124 172 187 175 152 96 76 95 104 94 118 93 96 86 83 98 90 96 111 93 113 148 157 127 123 116 162 153 160 173 169 159 179 204 181 187 200 187 189
169 149 124 148 176 194 203 205 196 206 193 162 147 158 164 157 130 141 191 196 185 146 144 165 150 134 140 122 128 128 122 127 131 114 112 174 154 155 165 156 169 184 151 127 164 183 125 175 174 172 137 108 88 130 119 125 177 168 142 128 89 96 112 180 217 196 146 196 130 130 171 119 64 63 87 113 84 109 113 109 103 97 110 133 134 130 139 137 179 142 170 190 181 163 109 150 83 88 143 155 126 103 87 144 97 114 144 142 88 117 186 169 139 126 186 180 160 176 192 169 202 193 191 177 179 172 195 173
153 199 159 204 204 182 174 201 198 192 187 167 146 163 171 168 136 151 135 188 176 155 142 162 156 152 145 97 121 154 131 125 177 123 149 152 136 154 196 124 155 150 152 161 194 179 161 174 173 179 145 78 146 173 140 132 133 136 144 90 106 134 127 150 211 185 137 159 148 125 177 133 65 64 79 99 106 102 98 101 89 98 110 103 114 135 162 132 130 118 173 196 196 171 116 163 94 129 144 154 221 154 139 142 131 133 180 112 126 160 180 222 185 136 213 201 190 173 147 164 195 225 188 174 177 195 214 182
192 193 196 206 198 198 157 202 179 184 206 176 161 150 166 159 142 145 141 188 189 164 149 162 150 120 164 109 104 152 138 145 172 202 207 183 159 177 181 168 193 208 161 150 184 186 161 184 173 159 134 79 127 163 151 133 142 135 123 93 96 130 102 117 204 179 144 158 183 145 199 145 64 64 78 88 94 97 87 85 82 90 93 97 114 118 121 113 122 167 207 191 201 172 117 122 155 165 140 187 193 197 194 153 174 175 156 120 171 165 174 183 195 159 186 179 180 193 199 178 193 206 206 201 196 183 186 190
205 182 223 215 202 197 207 207 207 203 190 192 163 154 168 162 127 153 151 164 186 161 163 162 146 106 127 120 99 134 160 169 163 213 186 162 177 168 178 191 190 204 177 128 187 230 215 177 150 136 143 94 129 131 146 124 135 142 95 101 92 106 99 89 207 188 147 145 203 157 210 170 66 65 65 88 84 92 93 88 101 83 83 88 108 106 109 105 104 123 201 185 204 174 131 147 143 176 153 164 190 195 191 147 174 177 181 176 164 174 183 180 190 182 194 181 173 222 221 154 158 186 209 160 147 177 180 186
198 177 207 183 197 194 196 197 191 193 171 175 147 153 168 148 120 138 193 193 194 173 163 161 151 115 142 134 112 109 149 166 193 172 173 172 176 154 156 162 215 234 198 157 159 169 229 218 152 154 150 100 145 148 140 137 129 144 110 101 105 90 89 84 200 197 167 146 222 151 208 184 69 67 73 75 79 83 87 93 81 71 88 79 90 125 121 153 94 121 197 166 204 182 142 135 129 149 145 164 201 156 174 159 159 160 180 196 207 185 155 187 172 187 168 195 197 216 212 222 201 205 193 149 162 167 183 204
178 197 195 169 180 179 188 180 152 160 170 175 150 155 165 143 110 124 175 202 184 174 175 170 154 112 166 174 143 116 129 145 186 196 197 193 170 153 150 177 183 190 199 191 175 186 205 195 174 191 134 146 160 158 177 118 117 118 81 77 75 82 80 89 191 190 184 164 236 156 207 195 72 68 71 101 98 91 86 91 100 81 93 87 139 161 140 141 102 123 186 167 193 181 154 104 124 130 122 132 149 180 146 158 145 141 146 212 183 171 192 177 161 177 169 167 203 203 216 199 168 194 187 172 187 169 191 174
176 168 182 181 180 193 197 166 169 180 176 161 151 159 188 153 101 95 146 168 168 164 178 174 159 129 162 156 179 148 149 181 191 181 178 207 164 164 177 176 152 170 193 188 178 186 187 201 209 212 170 158 121 161 194 134 88 104 97 109 107 90 104 128 216 186 200 198 246 168 201 210 77 72 77 130 149 113 102 96 110 110 110 117 141 187 192 133 125 189 183 182 185 179 160 105 114 106 122 125 110 171 193 158 147 179 162 212 185 201 222 198 189 186 212 184 196 197 195 195 192 205 210 194 210 193 161 181
150 168 173 157 156 165 189 163 184 165 155 154 158 170 200 155 86 100 139 156 139 183 180 181 166 149 173 154 182 176 192 203 162 161 166 182 170 182 191 192 177 195 169 174 142 149 187 189 196 212 197 160 156 128 169 131 113 132 111 125 126 140 103 106 203 198 197 189 251 184 205 225 87 73 94 94 139 165 169 149 124 141 134 134 144 181 164 149 160 182 178 193 180 192 168 99 98 96 106 117 140 165 172 189 149 148 172 172 190 198 209 191 175 194 216 221 215 215 224 208 192 198 201 173 170 170 150 170
170 176 162 176 153 147 189 209 163 183 194 153 159 195 186 139 88 110 138 179 145 186 204 202 177 114 158 160 160 151 154 169 128 130 162 182 182 178 209 191 163 168 166 194 182 176 178 175 196 190 183 189 190 134 166 128 134 130 143 144 89 144 125 121 190 208 213 205 251 191 198 232 94 75 90 86 113 141 199 142 98 182 138 180 194 185 160 177 142 151 185 190 174 192 173 92 91 96 112 102 151 183 173 194 146 158 203 191 202 203 188 208 198 188 194 204 193 219 214 211 198 179 176 186 181 186 191 172
197 199 147 161 163 174 154 183 181 172 167 150 164 208 202 159 132 101 168 178 162 190 203 207 174 124 178 188 210 195 198 144 175 181 194 180 183 182 187 191 194 190 213 178 165 164 172 164 178 198 212 221 202 175 181 133 81 143 190 133 135 156 122 115 184 219 213 194 247 195 197 239 106 82 72 93 140 176 196 184 162 173 143 148 154 195 183 186 178 175 186 184 164 182 171 96 93 108 104 103 120 199 187 159 174 177 175 190 189 177 181 206 202 176 165 191 179 197 199 216 198 188 192 192 189 196 179 164
191 189 163 162 181 162 187 171 200 211 182 164 158 167 184 152 181 153 163 177 161 171 214 199 176 179 183 192 207 188 213 208 199 200 231 202 194 170 177 194 189 190 188 163 161 153 180 185 180 186 195 213 207 197 192 149 124 139 145 152 162 148 140 160 210 222 203 166 245 174 200 242 126 78 72 123 124 172 189 168 151 180 177 179 160 180 192 181 188 172 197 200 162 176 183 96 140 118 91 139 106 193 205 187 203 193 189 173 171 163 173 190 194 204 208 203 194 176 190 191 192 193 200 186 212 205 168 173
153 160 162 200 184 166 188 149 174 191 172 161 137 189 192 167 193 179 182 183 187 171 183 181 155 158 189 194 202 190 195 217 193 190 187 176 186 197 195 198 175 169 174 163 163 155 181 191 206 187 219 202 180 187 198 173 200 187 151 147 142 153 127 171 209 215 209 170 240 157 200 238 140 68 84 106 141 195 151 135 164 170 174 198 196 189 176 175 147 192 209 212 186 192 196 114 91 149 140 141 163 197 170 183 194 175 176 163 169 167 179 192 218 209 205 200 191 178 174 157 166 176 197 176 206 205 173 170
150 188 177 199 193 196 163 190 181 201 181 178 164 165 181 195 181 161 196 217 202 182 182 172 144 154 197 206 188 183 187 195 192 199 169 162 195 179 191 201 173 159 192 167 161 188 164 163 163 174 176 202 195 173 176 158 171 203 153 178 167 200 191 193 205 218 216 141 173 147 200 228 167 124 156 127 186 172 195 168 161 166 157 205 216 222 195 169 158 178 198 180 183 199 196 192 114 154 142 160 190 205 170 190 183 185 206 189 188 181 204 209 216 156 188 193 195 187 175 159 186 158 156 157 187 194 199 210
177 190 168 190 191 200 195 186 170 168 190 169 155 124 154 171 177 203 202 207 220 203 179 191 180 187 180 206 195 167 167 170 173 179 188 187 189 195 192 174 157 152 168 200 163 140 175 176 140 127 150 182 190 201 174 184 176 190 153 193 193 188 195 211 213 220 226 153 138 154 190 206 202 123 115 175 193 160 186 181 168 146 170 222 214 222 198 200 158 153 198 168 185 170 176 169 195 201 181 159 163 176 179 167 165 168 173 179 176 156 193 197 205 174 205 173 176 167 178 193 195 139 182 187 170 177 181 210
185 172 152 192 188 193 172 160 205 184 189 156 173 161 181 128 198 191 194 210 190 170 173 170 168 156 181 176 200 163 156 165 161 159 182 171 198 223 205 186 164 177 157 166 171 146 180 173 161 114 151 167 175 180 192 189 189 216 202 204 224 192 203 214 190 190 237 186 180 189 196 190 211 127 160 175 156 168 159 156 181 171 187 202 210 194 175 174 169 173 200 160 190 164 163 170 202 204 196 175 142 163 193 187 144 173 190 207 175 161 203 198 226 214 197 179 169 165 168 189 157 188 186 190 186 178 160 196
172 176 177 159 182 191 190 160 176 177 158 146 177 183 169 174 185 166 189 177 184 167 200 154 171 185 168 177 151 146 129 151 158 144 157 177 210 206 190 170 151 163 174 193 180 134 151 170 197 106 148 159 149 203 195 193 186 204 210 196 211 190 205 223 194 183 229 228 214 185 189 182 205 183 185 191 199 178 153 208 174 208 188 183 185 203 205 183 176 199 211 170 169 170 199 208 197 213 211 187 180 190 158 171 159 180 189 197 184 204 189 194 188 173 205 192 167 170 186 205 160 168 158 146 193 189 166 207
145 154 174 191 173 189 162 160 175 173 179 176 182 174 166 186 169 159 180 167 169 152 194 197 214 190 146 151 165 179 183 175 179 197 173 149 180 199 181 193 152 165 154 175 163 166 197 198 190 138 185 160 122 166 195 192 190 219 211 224 209 207 204 220 211 218 220 211 185 210 197 166 191 208 148 166 178 205 189 211 165 180 207 193 203 186 200 172 188 221 212 169 185 180 194 205 170 176 211 223 177 200 160 150 171 187 182 203 202 205 190 192 173 155 188 205 169 180 179 208 184 175 162 163 173 150 161 182
166 166 147 182 168 192 146 152 177 147 180 163 187 142 185 158 144 160 172 167 136 146 154 179 199 181 175 145 167 174 190 165 167 158 139 175 170 203 192 184 170 145 133 149 142 191 208 195 192 223 198 156 142 143 144 191 206 218 222 211 212 194 218 221 219 209 202 184 179 206 196 178 167 179 176 166 169 195 215 173 172 194 184 200 174 170 196 193 185 200 230 205 188 192 208 190 173 206 189 195 167 184 188 176 157 169 166 215 185 181 179 194 188 148 186 207 180 182 177 182 165 181 215 157 157 147 197 195
144 171 177 181 173 180 167 133 145 135 146 135 143 142 181 154 148 149 147 183 174 169 144 190 199 183 168 161 155 140 185 180 174 129 101 182 165 173 170 167 202 159 143 201 190 201 199 203 221 216 206 190 200 166 151 198 196 212 210 204 218 199 193 193 182 180 187 177 189 183 192 174 187 142 144 177 174 203 197 175 188 171 156 176 158 168 198 226 201 210 224 216 182 189 203 211 205 214 189 198 206 205 190 187 184 182 173 188 181 198 194 189 181 132 204 202 170 174 202 167 195 201 185 173 182 129 177 192
