52 52 52 54 55 52 54 54 52 52 51 52 54 52 54 55 55 57 55 54 56 56 54 52 53 53 51 48 48 50 49 50 53 51 51 53 56 55 53 53 53 52 54 55 56 55 56 56 56 56 56 57 55 55 55 56 58 55 55 57 56 57 58 56 56 55 58 56 57 57 56 57 59 58 58 58 60 57 59 58 61 60 61 58 62 61 61 62 62 61 62 63 62 62 63 63 63 63 64 64 65 65 63 64 64 64 64 64 64 64 65 67 67 66 67 67 67 66 66 65 65 63 65 66 65 65 67 47
81 81 82 82 82 82 81 82 82 81 82 81 82 82 82 82 82 83 83 83 83 83 82 83 83 83 83 83 83 83 84 83 84 83 84 84 84 84 84 83 83 84 84 84 84 84 84 84 84 84 84 83 84 84 84 84 84 84 85 84 84 84 83 85 84 85 84 84 84 84 84 85 85 85 85 85 85 84 85 85 85 85 85 84 85 84 84 85 85 84 84 84 85 84 85 84 84 84 85 85 84 84 84 85 84 85 84 84 84 83 83 84 83 83 83 84 83 83 83 82 81 81 80 80 79 79 79 64
79 80 80 80 80 80 80 80 79 80 79 79 79 79 80 79 80 80 81 81 81 80 81 81 81 80 81 82 81 82 82 81 82 81 82 82 82 82 82 81 82 82 82 82 82 82 82 81 82 82 82 81 81 81 82 83 82 82 82 82 82 83 82 83 82 82 82 82 82 82 82 83 83 83 83 83 82 82 83 83 83 83 84 83 82 82 82 83 82 82 82 82 83 82 83 83 82 82 82 82 82 82 82 82 82 82 82 82 82 81 82 81 82 82 82 82 82 82 81 81 79 80 79 78 78 77 78 64
79 80 81 80 80 80 80 80 79 80 80 80 80 80 80 80 80 81 81 81 81 81 81 81 81 81 82 81 81 82 82 82 82 82 82 82 83 83 82 82 82 82 83 82 82 81 82 82 83 82 82 82 82 82 82 83 82 82 82 82 82 82 83 83 82 82 83 82 83 83 83 83 83 83 82 83 83 83 83 83 83 83 83 83 83 83 83 83 83 82 83 82 83 83 83 83 83 82 83 83 82 83 83 83 82 83 83 83 82 83 82 82 82 83 82 82 82 82 81 81 80 80 79 79 78 77 78 65
80 81 81 81 81 81 80 80 80 80 80 80 80 80 80 81 80 81 81 81 82 81 82 82 81 81 81 82 82 83 82 81 82 83 82 82 83 83 83 83 83 83 83 82 83 83 82 83 83 83 83 82 83 82 82 82 83 82 82 83 82 83 83 82 83 83 83 83 83 83 83 83 84 83 83 83 83 83 83 83 83 84 83 83 83 83 83 83 84 83 83 83 83 83 83 83 83 82 83 83 83 83 83 83 82 82 83 82 83 84 83 83 82 82 83 83 83 83 82 82 82 81 80 79 79 79 78 67
80 81 81 81 80 80 81 80 80 80 80 80 80 80 80 80 81 82 81 82 81 81 81 82 82 81 82 82 82 82 83 82 82 82 83 83 80 81 82 83 83 83 83 83 83 83 83 83 83 82 83 83 83 83 83 82 83 82 82 83 82 83 83 83 83 83 84 83 83 83 83 83 83 84 84 83 83 83 84 83 83 84 84 84 84 84 83 83 83 83 83 83 84 84 82 83 84 84 83 84 83 83 83 83 83 83 83 83 82 84 84 83 83 83 83 83 83 83 83 83 81 80 80 80 78 79 79 66
81 81 81 81 81 81 81 81 80 81 81 81 81 80 81 80 81 81 82 81 81 82 82 82 82 82 83 82 82 83 83 82 83 83 84 82 109 185 149 81 84 84 83 83 83 83 83 83 83 83 83 83 83 83 83 83 83 83 83 83 83 84 83 83 83 83 83 83 83 83 84 83 83 84 84 84 84 84 84 84 84 83 83 84 84 83 84 84 84 83 83 84 84 83 84 84 84 83 84 83 83 83 84 83 83 84 83 84 84 83 83 83 83 83 83 83 83 83 83 83 81 81 82 80 80 78 80 67
82 82 81 81 81 81 81 80 80 80 80 80 80 81 81 81 82 81 82 82 82 82 82 82 82 82 83 82 82 82 83 83 82 83 83 78 177 232 207 96 83 84 84 84 83 83 83 83 84 84 84 84 84 84 83 83 83 83 84 83 84 84 83 84 83 84 83 83 83 84 84 84 84 83 83 83 84 84 84 84 83 84 84 84 84 84 84 84 84 84 83 84 84 83 84 83 84 84 84 84 84 83 83 83 83 84 85 84 84 83 83 83 84 84 84 83 84 83 83 83 82 82 81 80 80 80 80 67
82 82 83 82 82 82 82 82 82 81 81 81 81 81 80 82 82 82 81 82 83 82 83 82 83 82 83 82 83 83 83 83 83 84 84 78 171 229 203 93 78 80 84 84 84 84 84 83 84 84 83 84 84 84 84 83 83 84 84 84 83 84 84 84 83 84 84 83 84 84 84 84 84 84 84 85 84 84 84 83 84 85 84 84 84 84 84 84 84 84 84 84 84 83 83 85 84 84 84 84 84 84 84 83 84 84 84 84 84 84 84 84 84 84 84 84 83 84 84 84 83 82 81 81 81 80 81 67
82 82 83 82 82 82 82 82 82 82 81 82 82 81 80 82 82 83 82 82 82 83 83 83 83 82 82 83 83 84 83 83 83 84 84 79 170 233 208 109 135 128 80 84 84 84 84 84 84 84 84 84 85 84 84 83 83 84 83 84 84 84 84 84 84 84 83 83 84 84 84 85 84 84 85 85 84 84 84 84 83 85 84 85 84 85 85 85 85 85 84 84 85 83 84 85 84 84 85 84 84 84 84 84 84 84 84 85 85 84 84 85 85 85 85 85 84 84 83 82 83 83 82 81 81 80 81 68
83 83 83 82 82 83 83 82 83 82 82 82 82 82 82 82 82 82 82 83 83 83 82 83 83 83 83 84 83 84 83 83 84 85 84 91 198 232 213 206 225 215 97 83 85 85 84 84 84 84 85 85 84 85 84 85 85 84 85 85 85 85 84 85 85 85 84 85 84 85 84 84 85 85 85 85 85 85 85 85 85 85 85 85 84 85 85 85 85 84 85 85 85 85 85 85 84 85 85 84 85 85 85 85 84 85 85 85 85 85 85 85 85 85 85 85 85 84 85 85 84 84 83 82 82 81 82 69
83 83 83 83 83 83 83 83 83 83 83 82 83 82 82 83 83 83 83 82 83 83 83 83 83 84 84 84 83 84 83 84 85 84 76 131 217 222 213 226 227 218 104 83 85 85 85 86 84 85 85 85 84 85 86 85 85 85 85 85 85 84 85 84 84 85 85 84 85 85 85 85 85 85 86 85 86 85 85 85 85 85 86 85 85 86 86 86 86 85 86 85 85 85 85 85 85 85 85 85 86 85 85 86 84 85 84 84 85 85 85 85 85 86 86 85 85 86 85 85 84 84 84 83 83 81 82 68
84 84 84 83 84 84 83 83 83 83 83 83 83 83 83 83 83 83 84 83 83 83 83 84 84 84 84 85 85 84 84 86 84 94 142 199 219 221 218 203 164 170 106 83 86 85 86 85 85 85 86 86 86 86 85 85 86 85 85 86 86 85 85 85 85 85 85 85 85 85 85 85 85 85 86 86 86 86 86 85 85 85 85 85 85 86 86 85 86 86 86 85 86 86 86 86 85 86 86 85 86 85 86 85 85 85 86 85 85 85 85 86 86 86 86 86 86 86 86 85 85 85 84 83 84 82 83 70
84 84 84 84 84 84 84 84 84 83 83 84 84 83 83 83 83 83 84 83 84 84 84 84 84 84 85 85 85 85 85 85 81 170 225 223 215 220 167 111 113 106 88 86 86 86 86 86 85 86 86 86 85 85 85 86 86 86 86 86 86 85 86 86 86 85 85 85 85 85 86 85 86 86 86 86 86 86 86 86 86 86 86 86 85 86 86 86 86 86 86 86 86 86 86 86 86 86 86 86 86 86 86 85 86 86 86 85 86 86 86 86 86 87 86 85 86 86 86 86 86 85 85 84 84 84 85 71
84 85 84 84 85 84 84 83 84 83 84 84 83 83 84 83 83 84 84 84 84 84 84 84 84 84 85 85 85 85 85 86 83 188 225 189 201 225 185 107 87 85 87 87 87 87 86 86 86 86 86 87 86 87 86 86 86 86 86 86 87 86 86 87 86 86 86 86 86 86 86 86 87 87 86 86 86 86 86 86 86 86 86 86 86 86 87 87 86 86 87 86 86 87 87 87 87 86 86 86 87 87 86 86 86 86 86 86 86 86 86 86 86 87 87 86 87 87 86 86 86 86 86 85 85 84 85 69
84 84 84 84 84 84 84 84 83 83 84 84 84 84 84 83 83 84 84 84 84 84 83 84 84 85 85 86 85 86 86 86 85 156 147 134 203 226 139 92 87 87 87 87 86 87 86 86 87 86 87 87 86 87 87 87 87 87 86 86 86 86 86 87 86 86 86 86 86 86 87 87 87 87 86 87 87 86 87 87 86 86 87 86 86 87 87 87 87 87 87 86 86 87 87 87 86 86 86 87 87 87 86 86 86 86 86 86 87 86 86 86 87 86 86 86 87 86 86 87 86 87 85 85 85 85 86 70
85 86 85 85 85 85 85 84 84 84 84 84 84 84 83 84 84 84 84 84 84 84 84 84 86 85 85 86 86 86 86 86 86 93 107 101 186 227 155 84 88 88 88 87 87 86 87 87 87 87 87 86 87 87 87 87 87 87 86 86 87 86 87 86 87 86 86 86 86 86 87 87 87 87 86 87 87 87 86 86 87 86 86 87 87 87 87 87 87 88 87 87 87 87 86 87 87 87 87 88 87 87 86 86 87 87 87 86 86 87 86 87 87 86 86 86 86 86 87 87 87 86 86 86 86 85 86 72
86 86 85 85 84 85 85 84 84 84 84 84 84 84 85 84 84 84 84 85 84 85 85 85 85 86 86 86 86 85 87 87 87 87 87 83 178 227 191 89 88 88 88 88 87 88 87 86 88 88 87 87 87 87 88 87 87 87 86 86 87 87 87 87 87 87 87 87 86 87 87 87 87 87 87 86 87 88 87 87 87 86 86 87 87 87 87 88 88 87 87 87 87 87 87 87 87 86 87 88 87 87 87 86 87 87 87 87 87 87 86 88 87 87 87 86 87 87 88 87 87 87 86 87 86 86 87 73
85 86 85 85 86 85 85 86 85 84 85 84 84 85 85 86 86 85 85 85 85 85 86 85 86 86 86 87 86 86 87 88 87 88 88 85 180 226 197 89 89 89 88 88 88 88 87 88 88 89 88 88 88 88 87 88 87 88 87 87 87 88 87 87 87 88 87 87 88 87 87 87 87 87 88 87 87 87 88 87 88 87 88 87 87 87 88 88 87 87 87 87 88 87 88 87 87 87 87 88 87 87 88 87 86 87 88 88 87 87 88 87 87 87 88 87 87 87 87 88 87 87 87 87 86 87 87 72
86 86 86 86 86 85 85 86 86 85 85 85 84 84 85 85 85 86 85 85 86 85 85 86 87 87 86 87 87 86 87 88 87 88 89 86 180 231 202 104 88 90 88 88 89 88 88 88 88 88 89 89 88 88 89 88 88 89 89 88 88 88 88 87 87 88 87 87 87 87 87 87 88 88 88 88 88 88 89 88 88 88 88 88 89 89 88 87 87 87 88 88 87 87 87 88 88 88 87 88 88 87 87 88 87 87 87 88 88 88 88 87 87 88 87 87 87 87 87 88 87 87 87 87 87 86 87 73
87 86 86 86 87 86 86 86 85 86 85 85 86 85 85 85 85 86 86 86 86 85 86 87 87 86 87 87 87 87 88 88 88 89 88 81 187 225 200 186 123 85 89 89 89 89 89 89 89 89 88 88 88 89 89 88 88 89 89 88 89 89 88 88 88 89 88 88 88 88 89 88 87 89 89 88 89 88 89 88 88 89 89 88 88 88 88 88 88 88 89 88 87 88 88 88 88 88 88 88 88 88 88 88 87 87 88 87 88 87 88 88 88 88 88 88 88 88 87 88 87 88 87 87 88 87 89 72
86 87 87 86 87 86 86 86 86 86 86 86 86 86 86 86 86 86 86 86 86 85 86 86 87 86 87 87 87 88 88 89 88 85 92 128 188 175 175 184 173 111 87 90 90 90 90 89 88 89 89 89 89 89 89 88 89 90 89 89 89 88 89 89 89 89 89 88 88 88 88 88 89 89 88 88 88 89 88 88 88 89 88 89 89 89 89 89 89 89 88 88 89 88 88 88 88 89 88 88 88 89 88 88 88 88 88 88 89 88 88 88 88 88 88 89 88 89 87 88 88 88 88 87 87 87 89 73
87 87 86 87 87 86 87 86 86 86 86 86 86 86 87 87 87 86 86 86 87 87 87 86 87 87 87 88 88 88 89 88 90 123 181 185 177 182 187 191 167 167 102 89 90 90 89 90 89 90 90 89 89 89 89 89 89 89 89 90 90 88 89 89 89 90 89 89 88 88 89 88 88 89 90 89 89 90 88 89 89 89 89 89 89 89 89 89 89 89 89 89 88 88 89 88 89 88 88 88 88 88 88 89 88 88 88 89 89 89 89 88 89 89 89 88 88 88 88 88 88 88 88 88 88 88 89 71
87 87 87 87 87 87 86 87 87 86 87 87 86 86 86 87 87 87 87 87 87 86 87 87 87 87 87 87 88 88 89 88 161 193 187 180 178 167 179 188 168 170 159 92 90 90 90 90 90 90 90 90 90 90 90 89 90 90 90 90 90 89 90 90 89 89 89 89 89 90 89 89 89 89 89 89 89 89 89 88 89 89 89 89 89 89 89 89 89 89 90 90 89 89 88 89 88 89 89 89 89 89 88 89 88 88 89 89 88 89 89 89 88 87 88 89 88 89 89 89 89 88 88 88 88 88 90 74
87 87 87 88 87 87 86 87 87 87 87 87 86 87 87 87 86 87 87 87 87 87 87 87 87 88 88 88 89 89 89 92 180 184 183 180 179 183 192 188 192 171 165 95 91 91 90 90 91 90 91 90 90 91 91 90 91 90 90 91 90 90 90 90 90 90 90 90 90 89 89 89 89 89 90 90 90 89 90 90 89 89 89 89 90 90 90 90 90 90 90 90 89 89 89 90 89 90 89 89 89 89 89 89 89 89 89 90 89 90 89 89 89 89 88 89 89 89 89 88 89 89 89 88 89 89 90 74
88 88 88 87 87 88 88 88 87 87 87 86 87 87 87 88 87 87 88 88 88 87 87 88 88 89 88 89 89 89 89 94 178 192 192 182 177 190 208 236 252 225 163 94 91 92 91 91 91 91 91 90 91 91 91 90 91 91 92 91 91 91 90 91 90 90 90 90 90 89 89 89 90 89 90 90 90 90 89 90 90 90 90 90 90 91 90 90 90 91 90 90 90 89 89 89 89 89 90 90 89 90 89 89 90 89 89 89 90 90 89 90 90 89 89 90 89 89 89 89 89 89 90 90 89 89 90 75
89 88 88 88 88 87 88 87 88 88 87 88 87 87 87 88 87 88 88 88 89 88 88 88 88 88 89 90 89 90 90 97 192 194 188 192 225 246 255 242 231 255 206 91 92 92 92 91 92 92 91 91 91 91 91 91 91 92 91 91 91 91 91 92 91 91 90 91 90 90 90 90 89 89 91 90 90 90 90 90 90 90 90 90 90 90 91 91 90 90 90 90 90 90 90 90 90 90 90 90 90 90 90 89 90 90 90 90 90 90 90 90 91 90 90 90 90 89 90 90 90 90 90 90 90 89 90 74
88 89 88 89 89 88 88 88 88 88 87 87 88 88 87 87 88 88 88 88 88 88 88 89 88 89 90 90 90 91 91 89 178 207 228 253 254 237 205 176 171 238 255 165 86 93 92 92 92 91 92 92 91 92 92 91 91 91 92 91 91 91 91 91 91 91 91 90 91 91 90 91 91 91 91 90 90 91 90 90 90 91 91 90 91 91 91 91 91 91 91 90 90 91 91 91 90 90 90 89 89 89 90 90 89 90 90 90 90 90 90 90 91 90 90 90 90 90 89 90 90 90 90 90 90 90 91 75
89 89 90 88 88 88 88 88 89 88 88 88 88 88 88 88 87 88 89 89 89 88 88 88 89 89 89 90 90 87 91 151 228 254 246 216 185 180 205 242 230 183 249 251 146 88 94 93 92 92 92 92 92 92 92 92 91 92 92 92 92 92 91 92 91 91 91 90 91 91 91 90 91 91 91 91 91 91 90 90 91 90 90 91 91 91 91 92 91 91 91 91 91 91 90 90 90 90 90 90 90 90 90 90 90 91 90 90 90 90 91 91 91 92 90 90 91 91 90 90 90 90 90 91 90 90 92 76
90 89 89 89 89 88 89 88 89 88 88 88 88 88 88 88 89 89 88 89 89 89 90 89 89 90 90 90 91 149 222 255 246 208 187 200 228 250 255 252 254 211 218 255 244 120 90 93 92 92 92 92 93 92 92 92 93 92 91 92 92 92 91 92 91 92 92 92 91 91 91 92 92 91 91 91 92 91 91 91 91 90 90 91 91 91 91 92 90 91 91 91 91 91 90 90 91 90 90 91 90 91 90 91 91 90 90 90 90 90 91 91 91 91 90 91 91 91 91 91 91 91 90 90 90 91 92 75
90 90 90 89 90 89 89 89 89 89 89 89 88 88 89 88 89 89 89 89 89 89 89 90 90 91 91 85 168 255 246 217 188 208 243 253 253 251 250 250 250 247 179 239 255 209 94 94 92 93 92 93 93 92 92 93 93 93 92 92 93 93 93 92 92 92 91 92 92 92 92 92 92 92 92 92 91 91 92 90 91 91 91 92 91 91 92 92 91 92 91 92 92 91 91 92 91 91 90 91 91 90 91 91 91 90 90 91 91 91 91 91 91 91 91 91 90 90 91 91 91 91 90 91 90 91 93 76
90 90 89 90 90 89 90 89 89 89 88 89 88 88 89 89 89 89 89 90 90 90 90 90 91 91 90 98 230 233 222 232 246 254 251 250 251 251 251 250 249 253 214 192 253 255 152 88 94 93 93 93 92 93 93 93 93 93 93 93 92 92 93 92 92 93 92 93 92 92 92 93 92 92 92 92 91 91 92 92 91 91 90 91 92 91 92 91 92 92 92 91 92 91 92 91 91 91 92 91 92 91 92 92 91 91 92 92 91 92 92 91 91 92 91 91 91 91 92 92 91 91 91 91 91 91 93 77
90 90 90 90 90 90 90 90 91 90 89 89 89 89 89 88 89 90 90 90 90 90 90 91 91 92 87 139 249 240 251 253 252 250 249 250 251 250 249 250 250 249 252 184 227 255 232 105 93 94 94 93 93 93 94 93 94 93 93 93 93 93 92 93 93 93 93 92 93 93 93 93 92 93 93 92 92 92 91 92 92 91 91 92 92 91 92 92 92 92 91 93 92 92 92 92 92 92 92 92 92 92 91 91 91 92 92 91 91 92 92 92 92 92 92 91 91 91 91 91 91 92 92 92 92 91 93 77
90 90 91 90 90 90 90 91 89 89 90 89 89 89 89 89 89 90 90 90 91 90 91 91 91 92 88 198 245 248 250 251 251 250 250 250 249 248 249 250 250 249 250 231 181 250 255 183 89 95 95 94 94 94 94 94 93 94 94 94 93 93 93 93 94 93 93 93 93 93 93 93 92 93 93 92 93 92 93 92 93 92 92 92 92 93 92 92 93 93 93 93 92 92 92 92 92 92 92 92 92 92 91 91 92 92 92 92 91 92 92 92 92 93 92 91 92 91 92 92 92 92 92 92 91 91 93 76
91 90 90 90 90 90 90 90 90 90 90 90 90 90 90 89 90 90 91 90 90 91 91 91 92 90 112 237 242 251 250 249 251 251 250 249 248 247 250 250 249 249 248 253 199 210 255 250 132 91 95 94 94 94 94 94 94 94 93 94 94 94 94 94 94 93 94 94 94 93 94 93 93 93 93 94 93 93 93 93 93 92 92 92 92 93 93 93 93 92 93 93 92 92 92 92 93 92 92 93 93 93 92 91 91 92 92 92 92 92 92 92 92 92 93 92 92 91 92 92 92 92 92 92 92 92 94 76
91 91 91 90 90 90 90 90 90 90 90 89 90 90 90 90 91 90 90 90 91 91 91 92 92 87 168 245 246 251 251 250 250 250 249 247 248 249 248 250 249 250 249 250 242 175 238 255 217 97 96 96 95 95 95 94 94 94 94 94 94 93 94 95 94 94 94 94 94 94 94 93 94 94 94 93 93 93 93 93 93 93 93 93 93 93 93 92 93 92 92 92 92 92 93 93 93 93 92 92 92 92 93 93 92 92 93 93 93 92 93 92 93 92 93 92 93 92 93 93 93 92 92 93 93 93 95 75
91 91 91 91 91 91 91 91 91 90 90 90 90 91 91 91 91 91 91 91 91 92 92 92 92 96 220 245 250 250 250 248 247 247 250 249 248 249 247 249 249 249 249 248 253 217 188 251 255 164 91 97 95 96 96 95 95 95 94 95 94 95 94 94 94 95 95 94 94 94 94 94 95 94 94 94 94 93 94 94 93 93 93 93 94 93 94 93 93 93 94 93 92 93 94 93 92 92 93 93 93 92 92 93 93 93 93 92 93 93 93 92 93 93 93 93 93 93 93 93 93 93 93 93 93 93 94 78
91 91 91 91 91 91 90 91 91 90 91 91 91 91 91 91 91 91 91 92 91 92 92 93 89 136 245 243 251 250 248 245 248 246 246 246 252 252 253 249 249 249 248 246 249 252 185 217 253 243 120 93 96 96 96 95 95 95 95 95 95 95 95 95 95 95 95 95 94 94 94 95 95 95 94 95 94 94 95 94 94 93 94 93 94 94 94 94 93 93 92 94 93 93 93 92 93 94 93 92 93 93 93 93 93 94 93 93 93 93 92 93 93 93 92 93 93 92 94 93 93 93 93 92 93 93 95 79
91 92 91 90 91 91 91 92 91 91 91 91 91 91 91 91 92 91 91 92 92 92 93 94 89 198 245 247 251 250 249 249 248 252 244 203 183 189 213 244 250 249 249 243 242 250 244 180 238 255 211 98 97 97 97 96 95 96 96 95 95 95 95 95 95 95 95 95 95 94 95 95 94 95 95 95 95 95 95 94 94 94 95 94 93 94 94 94 93 94 93 94 94 93 93 93 93 94 94 93 92 93 92 93 94 94 93 93 93 94 93 93 93 92 93 93 93 93 93 93 93 93 94 93 94 94 96 78
93 92 92 91 92 92 92 92 92 92 92 92 92 91 92 92 92 92 92 92 92 93 93 92 114 240 243 251 250 250 248 245 252 222 154 127 126 126 127 162 238 245 242 247 248 249 253 216 191 253 255 167 91 98 97 96 96 96 96 95 95 95 96 96 95 95 95 95 95 96 95 95 94 96 95 94 95 95 95 94 95 94 95 94 94 94 94 94 94 94 94 94 94 94 94 94 93 93 94 94 93 93 94 93 94 94 93 93 93 93 94 93 93 94 94 94 94 93 93 94 94 94 93 94 94 94 96 79
93 93 93 92 92 92 93 92 93 92 92 92 92 92 92 93 93 93 93 93 94 94 95 88 163 250 246 250 248 249 250 250 223 134 122 124 123 123 124 118 180 239 238 243 245 247 245 253 190 218 255 243 120 95 97 97 97 96 97 96 96 96 96 95 96 95 96 95 96 96 95 96 95 95 95 96 96 95 95 95 95 95 95 95 95 94 94 94 94 94 94 94 95 95 94 94 94 94 94 94 94 93 94 94 94 94 94 94 93 94 94 94 94 94 94 94 94 94 94 94 94 94 94 94 94 95 97 79
94 93 94 93 93 93 93 92 92 92 93 93 92 93 92 92 92 93 93 93 94 95 94 100 224 243 250 250 250 250 251 238 141 121 120 117 115 113 112 110 118 231 243 246 243 243 247 249 220 169 245 255 203 92 96 99 98 97 96 96 97 96 96 95 95 96 95 96 96 96 96 96 97 95 96 96 95 96 96 96 96 96 95 95 95 95 95 95 95 95 94 95 95 94 95 95 95 95 95 95 94 95 94 94 94 94 94 94 94 95 94 94 94 94 94 94 94 94 94 94 94 93 95 95 95 95 97 79
94 93 94 93 93 93 94 94 93 93 93 93 93 92 93 93 93 94 94 93 94 95 90 153 251 244 251 250 251 251 250 165 115 116 114 110 108 103 103 107 106 193 253 248 245 247 247 246 250 198 184 246 250 203 121 94 99 98 97 97 96 96 96 95 96 96 96 96 97 97 96 97 96 96 96 96 96 96 96 96 96 96 96 96 96 96 95 95 96 95 95 95 95 95 95 96 96 95 94 95 95 96 96 94 95 95 94 95 95 95 94 94 94 94 95 95 94 95 95 95 94 94 95 95 95 96 98 79
94 93 94 94 94 94 94 94 94 94 94 93 93 93 93 93 94 94 94 94 94 95 95 213 248 250 251 251 251 254 220 120 117 113 110 107 106 108 112 110 108 157 247 247 248 248 248 247 251 248 227 242 255 255 225 112 96 99 98 98 97 97 97 97 97 97 97 97 96 96 97 97 96 96 96 96 97 97 97 97 97 96 96 96 96 95 95 96 96 96 95 96 96 95 96 95 95 96 95 95 95 95 95 95 95 96 95 95 94 95 95 95 94 95 95 95 95 95 95 95 94 95 95 95 96 96 98 79
94 94 94 94 94 94 94 94 94 94 94 94 94 94 93 93 94 94 95 94 95 91 136 245 239 252 251 251 251 254 166 117 116 108 102 102 107 115 120 125 124 142 239 245 246 245 247 249 252 255 255 244 207 154 226 212 98 99 98 98 97 98 98 97 97 97 98 98 97 98 97 97 97 97 97 97 97 97 96 97 97 96 97 96 96 97 97 96 97 96 96 96 96 96 96 96 96 96 96 95 96 96 96 96 95 95 96 96 96 96 95 95 95 95 95 95 95 95 95 95 95 95 96 95 96 97 98 80
94 94 95 95 95 94 95 94 94 94 94 94 94 95 94 94 94 94 94 94 95 91 201 239 248 251 251 251 253 235 133 118 112 104 100 106 112 88 77 90 131 137 242 246 250 251 254 255 245 215 178 141 138 138 148 243 174 92 99 99 98 98 98 98 98 97 97 97 98 98 98 97 98 98 97 98 97 98 98 98 97 96 97 97 96 97 96 97 98 97 96 96 95 96 96 97 96 96 96 96 96 96 96 96 96 96 96 96 96 95 96 95 95 95 95 96 95 96 95 95 96 96 96 96 96 96 99 82
95 94 94 95 94 94 95 95 95 94 95 95 95 95 94 94 94 94 95 95 92 123 242 231 251 251 251 251 255 195 120 116 106 98 103 103 55 40 40 43 69 143 247 255 255 249 229 190 146 129 148 192 239 229 141 164 245 144 93 100 99 99 98 98 98 98 98 98 98 98 98 98 98 97 98 98 98 98 96 95 98 98 97 97 97 97 97 97 97 97 97 96 96 97 96 97 96 96 96 97 96 96 95 96 96 96 96 96 96 96 96 96 96 95 95 96 96 96 96 96 96 95 96 96 96 97 99 81
96 95 96 95 95 95 96 95 95 95 95 95 96 95 95 95 95 96 96 97 91 191 245 245 251 251 251 251 252 168 121 114 100 98 111 67 41 45 46 44 173 255 250 216 195 152 127 134 174 211 242 253 251 251 210 137 189 232 113 97 100 98 99 98 99 98 99 98 97 97 99 98 98 98 98 98 99 97 114 115 97 98 97 98 98 98 98 98 97 97 98 98 97 97 96 97 97 97 97 96 96 97 96 96 97 97 97 97 96 96 96 96 96 97 96 97 97 96 97 96 97 96 95 96 96 97 99 82
96 96 96 96 96 95 96 95 95 96 96 95 95 96 95 96 96 96 97 95 115 242 236 251 251 251 251 251 243 152 124 109 97 105 88 43 46 49 48 40 160 215 153 126 137 160 196 234 252 253 252 251 251 249 248 189 138 219 214 104 99 100 100 99 99 99 99 98 99 99 98 99 99 99 99 99 98 99 215 188 94 99 99 97 98 98 98 98 97 98 97 98 98 98 97 98 98 98 97 96 97 97 97 97 97 97 97 97 97 96 97 97 96 97 97 97 96 97 96 97 97 97 96 96 97 97 99 82
97 95 96 96 96 97 96 96 96 96 96 96 96 96 96 97 96 97 97 92 181 244 239 252 251 251 251 252 237 164 126 104 100 96 49 50 61 47 45 46 87 122 169 223 240 250 254 252 250 250 250 251 250 245 244 241 165 147 239 202 99 99 100 100 100 99 99 99 99 98 99 99 100 100 100 100 100 99 213 203 94 95 100 99 99 98 99 98 98 98 98 98 98 98 98 98 98 98 98 98 98 97 97 97 97 97 97 97 97 97 97 97 97 97 97 97 97 98 97 97 97 97 97 97 97 98 100 80
97 96 97 97 97 97 97 97 96 96 96 96 97 96 97 96 97 98 96 111 237 230 249 250 250 251 251 251 240 193 125 98 88 63 65 98 73 55 48 51 53 193 255 253 252 251 251 251 251 251 251 251 250 245 242 246 230 149 161 248 192 100 100 101 100 100 100 100 99 99 99 99 100 100 100 100 100 104 211 225 160 143 99 100 99 99 99 99 99 98 98 98 98 98 98 98 98 98 98 97 97 98 97 98 98 98 98 98 97 97 98 98 97 97 98 97 97 97 97 97 97 97 97 98 97 99 101 76
97 97 97 97 97 98 97 97 98 97 96 96 97 97 97 98 98 99 93 154 240 236 252 250 251 251 250 245 245 225 128 85 73 82 96 106 73 47 56 43 46 209 255 250 251 251 251 251 251 250 251 251 250 247 243 243 246 218 139 187 252 123 98 100 100 100 100 100 100 99 99 99 99 99 100 101 93 142 225 231 242 225 105 99 100 99 99 99 99 98 99 99 99 99 98 98 98 99 99 98 97 97 98 97 98 98 97 98 98 98 97 98 98 98 98 98 98 98 97 98 98 98 98 98 99 98 100 82
98 98 98 97 97 98 97 97 98 97 97 97 97 98 97 98 99 99 98 210 228 247 250 250 251 251 251 253 255 246 163 95 95 82 110 83 49 59 64 33 35 200 255 250 250 251 251 250 250 250 251 251 250 246 244 242 242 248 204 138 202 137 97 102 101 100 100 101 100 100 100 100 99 100 100 102 180 223 226 223 187 156 105 100 100 100 100 99 99 100 100 99 99 99 99 99 99 99 99 98 98 98 98 97 98 99 98 98 98 98 98 98 99 98 98 98 97 98 98 98 98 98 98 98 99 99 100 83
98 97 98 98 98 98 97 97 98 98 98 98 97 97 99 99 100 95 134 245 244 252 251 252 254 255 250 231 191 221 239 152 57 61 98 41 55 95 94 59 55 215 254 251 250 251 251 250 251 251 250 251 250 247 245 243 242 244 250 200 127 108 101 102 102 101 101 100 100 101 100 100 100 100 100 104 216 204 218 200 109 96 100 100 100 100 100 100 100 100 100 99 99 99 99 99 98 98 98 98 98 98 98 99 98 98 98 98 98 98 98 98 98 98 97 98 98 98 99 99 99 99 99 98 99 99 102 84
98 98 98 98 98 98 98 97 97 98 98 98 98 98 98 99 97 91 198 255 251 252 255 252 234 200 164 157 144 132 194 178 51 39 76 60 76 87 97 77 62 217 255 250 250 249 250 251 251 250 250 251 250 246 245 246 244 244 246 242 120 99 102 101 101 101 101 101 101 100 100 101 101 100 100 102 120 116 211 201 103 101 102 101 101 101 100 100 100 100 100 100 99 100 99 99 99 98 98 98 98 98 98 98 99 98 99 98 99 99 98 98 98 98 99 99 97 99 98 98 99 99 99 99 99 99 101 83
99 98 99 99 99 99 99 98 98 98 99 98 98 98 99 98 109 166 247 255 253 246 214 170 140 150 204 244 239 145 137 228 142 68 114 100 86 95 96 84 62 216 255 251 249 250 251 251 251 251 251 251 250 248 246 246 246 245 245 244 126 100 102 101 102 101 101 101 101 102 101 101 101 102 102 102 100 97 199 205 102 102 101 101 102 101 100 101 100 100 100 100 99 100 100 100 99 99 100 99 99 99 99 99 99 99 99 99 99 99 99 99 99 99 98 99 99 99 99 99 99 99 99 99 99 100 102 84
98 98 99 99 98 98 99 99 99 98 99 99 99 98 99 95 203 255 242 219 185 150 143 173 223 245 251 249 246 223 154 156 180 96 117 109 89 95 97 92 64 214 253 250 251 251 250 251 251 250 251 251 249 247 246 244 245 247 246 244 126 101 103 103 102 102 102 101 101 101 102 101 101 101 102 103 102 98 196 218 107 101 102 102 102 101 101 101 100 100 101 100 100 100 100 100 99 100 100 99 99 99 99 99 99 100 99 99 99 99 99 99 99 99 98 98 99 99 100 99 98 99 99 99 99 100 102 84
99 100 99 99 100 99 100 99 99 99 99 99 99 99 100 96 168 178 135 139 161 191 236 253 254 251 249 250 246 232 216 131 129 115 110 111 98 106 109 105 70 209 253 250 250 251 250 250 250 250 251 250 250 248 245 244 246 246 245 243 126 101 103 103 103 103 102 102 102 102 102 102 102 102 102 103 103 98 189 217 109 102 102 102 101 102 102 101 101 101 101 100 101 100 101 101 101 99 100 100 99 99 99 99 99 100 99 99 99 99 99 98 99 99 99 99 99 99 99 99 99 100 99 99 100 100 102 83
100 99 99 99 100 99 99 99 99 99 98 98 100 100 100 100 100 152 189 231 252 254 253 251 249 248 250 252 247 226 232 181 120 124 120 114 118 123 122 119 89 201 255 251 250 249 250 248 250 251 251 251 250 249 244 242 245 244 245 242 125 102 103 102 102 103 102 101 102 102 102 102 102 102 103 103 103 98 184 224 111 101 103 103 102 102 102 101 101 101 101 101 101 101 100 100 100 100 100 100 99 99 100 100 100 99 99 99 98 99 99 100 99 99 99 99 99 100 100 99 100 100 100 100 100 100 103 86
100 100 100 99 100 100 100 100 99 99 100 100 99 99 100 100 97 210 255 253 251 250 251 250 245 246 251 251 248 241 240 233 160 113 126 127 135 141 142 123 82 200 255 250 250 250 250 248 248 251 250 251 250 249 243 244 244 243 246 240 123 102 104 103 103 102 102 103 103 103 102 102 103 102 103 103 104 102 132 163 131 109 101 101 102 103 103 103 102 102 102 102 101 101 101 100 100 100 100 100 100 100 100 99 100 100 99 99 99 99 98 99 99 100 99 100 100 100 99 100 100 100 99 100 101 102 102 86
101 101 101 100 100 100 100 99 100 100 99 100 99 99 100 101 98 208 255 250 250 251 251 251 251 250 248 251 249 227 194 232 205 115 122 143 135 123 120 94 64 210 253 250 250 251 251 249 250 251 251 251 250 250 246 245 244 244 247 238 120 102 104 103 103 103 103 103 103 103 102 103 103 103 102 102 94 89 93 123 142 127 128 119 112 104 100 99 101 103 103 102 103 102 101 100 102 101 101 100 100 100 100 100 99 99 99 99 100 99 99 99 99 100 100 100 100 100 100 100 100 101 102 101 99 98 103 89
101 101 101 100 100 100 100 100 99 100 101 100 99 100 100 101 99 212 255 251 251 250 251 250 251 248 246 251 245 215 202 220 220 128 118 107 60 41 37 50 55 211 253 250 250 251 251 251 250 250 251 251 252 251 249 245 245 245 248 236 117 102 104 104 104 104 103 103 103 103 104 103 100 101 113 131 144 166 179 181 182 178 179 179 176 168 152 134 116 102 99 102 103 103 103 102 101 100 101 101 101 101 100 100 101 100 100 100 100 99 99 100 100 100 100 100 100 100 101 102 102 100 99 100 104 105 105 83
102 102 102 101 101 101 101 101 101 100 100 100 100 100 100 102 100 213 255 251 250 250 251 251 251 250 250 250 246 233 244 212 200 134 81 49 42 36 33 49 61 219 255 251 251 251 251 251 251 253 255 255 247 227 247 249 248 246 249 235 117 103 104 104 103 104 104 103 104 103 100 107 135 165 182 183 179 174 174 171 169 167 168 169 170 172 174 176 179 167 134 109 100 101 103 103 102 101 101 101 100 101 101 101 101 100 100 100 100 99 100 100 100 99 100 100 101 102 101 99 100 102 104 103 101 100 102 80
98 103 102 102 101 101 101 101 101 101 100 101 101 100 101 102 100 213 254 251 251 250 251 251 251 251 250 251 247 240 241 220 211 158 71 48 42 36 34 44 61 231 253 251 252 252 254 255 253 239 218 187 148 130 210 250 249 247 248 236 118 104 105 105 104 105 104 104 101 108 141 174 183 179 172 169 166 164 166 166 163 162 162 161 161 161 161 165 163 166 176 173 147 113 99 102 102 102 101 101 101 101 101 101 101 101 101 101 100 101 100 100 100 102 102 101 99 99 102 105 105 103 100 99 100 101 103 83
151 98 103 103 102 102 102 101 101 101 100 100 101 101 101 102 101 214 255 251 249 250 251 251 251 251 250 251 243 237 238 234 253 200 106 71 55 43 37 52 93 243 252 253 255 250 236 212 174 142 129 140 164 162 135 215 239 250 248 237 120 105 106 104 105 105 103 102 134 175 181 173 169 166 164 163 160 158 162 163 161 161 162 160 159 159 158 156 161 159 160 167 177 175 148 110 99 102 102 102 101 101 101 101 101 100 101 101 100 101 102 102 102 100 99 101 104 105 104 101 100 100 100 101 101 101 103 84
251 170 98 102 103 102 102 102 101 101 101 101 101 101 102 102 102 217 254 251 250 251 250 249 249 251 248 251 239 238 244 246 242 200 134 116 95 83 53 114 242 255 255 241 206 159 135 128 138 173 204 235 249 232 164 158 224 240 249 243 125 104 105 105 105 101 110 157 183 173 169 167 166 164 157 152 153 154 156 153 154 153 153 154 152 151 152 154 155 155 156 157 161 168 175 172 136 102 100 102 101 101 101 101 101 101 101 102 103 103 101 100 101 105 106 104 101 100 100 101 101 100 101 102 102 100 103 82
250 254 181 99 102 103 102 102 102 101 102 101 101 102 103 103 103 218 254 251 250 250 250 248 250 250 249 250 245 239 243 240 242 218 145 115 104 106 99 145 229 200 173 137 132 172 200 217 239 253 252 247 246 246 241 184 159 221 244 249 131 104 106 105 103 132 174 179 169 166 162 157 155 152 148 145 150 152 151 149 147 148 147 145 146 149 149 147 149 148 148 151 153 155 159 166 173 157 112 99 102 102 101 101 101 103 104 102 101 101 104 107 106 103 100 101 101 101 101 101 101 101 101 102 101 102 103 83
249 249 254 187 101 101 103 102 103 102 103 102 102 102 103 102 104 220 254 251 251 251 250 251 251 251 251 251 246 238 240 239 240 228 158 113 104 104 104 110 136 135 151 201 236 253 253 253 251 249 249 249 248 245 245 244 193 161 216 245 149 102 105 105 150 183 176 170 164 160 152 149 147 145 147 145 146 145 145 145 144 144 143 142 140 140 143 139 141 142 144 145 145 149 155 158 162 169 165 124 99 102 104 104 103 100 102 104 107 107 104 101 101 102 101 101 101 102 101 101 101 102 102 102 102 102 104 84
249 249 249 254 201 108 100 103 103 103 103 102 102 102 103 103 107 227 254 251 251 251 251 250 251 251 250 251 248 241 235 239 236 227 184 112 104 104 105 100 146 248 251 254 252 251 250 250 250 250 250 250 250 248 245 244 243 188 149 210 233 121 108 162 183 174 168 162 156 150 148 148 143 143 145 145 144 139 140 141 139 140 138 139 138 134 138 139 139 139 137 138 139 141 147 149 157 162 168 170 140 104 101 102 106 108 107 104 102 101 101 101 101 101 101 101 102 102 101 102 102 101 102 102 102 102 105 86
247 248 248 248 254 213 114 100 104 103 103 103 103 103 103 102 112 235 253 251 251 251 251 250 251 251 251 251 253 248 238 229 224 229 213 113 104 105 104 102 140 250 250 250 249 250 250 248 250 251 251 250 249 248 244 243 244 245 195 161 221 154 164 183 170 162 157 151 147 146 142 139 134 136 135 137 140 137 134 133 132 136 135 137 138 136 135 140 139 138 136 133 136 137 140 143 142 147 158 165 169 150 111 108 106 103 102 102 103 102 102 102 102 101 102 101 101 101 102 101 101 102 102 102 102 102 104 85
247 247 248 248 246 251 224 123 100 105 104 104 103 103 103 102 117 240 252 251 251 251 251 250 248 250 250 244 214 244 249 244 236 228 227 118 104 105 105 102 133 248 251 249 249 249 250 246 242 248 248 249 249 248 246 247 244 245 250 189 148 182 178 166 159 157 148 147 145 141 136 133 136 135 134 134 134 134 133 133 132 133 133 132 134 133 129 131 134 134 135 134 133 132 132 134 138 139 142 151 156 166 152 108 101 104 103 103 102 102 102 102 102 101 102 102 101 102 102 102 102 102 102 102 103 102 104 83
248 247 247 248 248 246 252 229 127 100 105 104 104 104 104 102 121 243 252 251 250 249 248 251 245 231 192 145 131 197 254 250 238 230 238 124 102 105 105 103 134 248 249 249 250 248 250 250 241 244 244 247 248 246 246 246 244 243 244 240 184 173 168 160 156 148 143 139 133 130 131 132 129 131 134 135 134 134 134 133 130 128 127 126 129 129 127 125 128 128 129 130 133 132 128 130 132 137 138 143 151 154 159 151 110 102 104 104 103 102 102 102 102 102 102 102 102 102 102 102 102 102 102 102 102 102 105 86
247 247 247 247 249 249 247 250 236 139 98 105 105 104 105 102 132 246 249 249 251 247 233 195 170 144 157 183 172 151 213 230 237 213 183 117 104 105 105 103 135 249 250 249 250 250 252 238 240 248 240 242 250 245 244 243 242 240 243 245 190 163 157 150 142 141 134 136 132 131 130 127 129 128 127 127 124 127 128 127 128 127 128 125 125 124 126 123 123 125 125 125 128 130 129 129 127 131 136 136 139 148 150 159 161 108 103 103 104 103 103 103 103 102 102 102 103 102 102 102 102 102 103 103 103 102 105 86
246 247 248 248 248 248 248 249 251 243 154 100 105 105 105 105 203 253 245 226 196 170 165 191 208 220 237 255 229 158 153 177 230 177 137 116 105 106 106 103 138 251 250 250 249 250 247 236 228 247 247 249 249 246 243 242 245 242 243 243 182 154 146 140 137 136 132 132 128 127 124 125 123 121 121 122 120 124 124 126 125 127 128 126 125 123 123 123 120 127 127 126 124 124 124 125 125 123 126 133 134 136 143 148 159 155 105 103 104 104 103 104 103 103 103 102 102 102 103 102 103 102 102 103 102 103 105 86
247 248 248 248 248 247 248 247 247 248 251 177 103 105 105 119 228 203 179 163 188 220 243 254 254 251 250 250 246 203 156 159 176 167 148 117 104 106 106 104 137 250 251 251 251 250 239 243 243 243 249 251 249 248 244 244 245 243 244 245 175 146 139 135 134 130 126 129 126 121 126 124 121 116 116 118 120 124 124 124 123 123 123 125 121 122 122 123 123 124 122 124 124 123 120 119 121 121 121 124 128 131 136 142 143 161 145 103 105 103 104 104 103 103 103 103 103 103 103 103 103 103 102 103 104 103 105 84
247 248 248 248 249 248 247 247 248 247 248 254 199 110 104 112 151 186 220 246 252 252 251 250 249 248 247 240 243 240 217 200 160 159 155 141 109 105 106 104 132 248 250 249 250 250 251 250 249 248 249 250 250 248 246 244 243 244 245 245 168 137 134 136 131 125 127 127 125 123 122 119 116 118 116 117 119 118 120 120 120 120 119 124 122 124 124 122 124 123 121 122 122 122 121 119 121 123 123 123 123 124 130 133 138 144 165 133 102 104 105 104 103 104 103 104 103 103 103 104 103 103 103 103 103 104 106 86
247 248 248 248 249 248 247 248 248 249 249 248 255 215 121 96 160 255 254 251 250 249 249 250 250 249 250 249 243 241 244 239 172 151 152 157 125 104 107 104 135 249 249 248 248 248 251 250 250 250 248 250 250 247 244 240 242 242 246 246 157 128 130 128 125 124 126 125 124 122 118 114 113 119 118 116 115 116 117 118 119 117 117 122 123 124 123 125 132 123 125 122 121 121 122 120 120 122 122 121 123 121 126 132 132 140 151 164 117 103 104 105 104 104 103 103 104 104 102 102 103 103 103 104 103 104 106 86
248 248 248 249 249 249 248 248 249 248 248 248 247 253 231 131 159 255 251 251 251 249 247 249 250 250 249 248 240 243 232 242 197 150 151 150 117 106 108 104 141 251 251 248 247 246 250 249 249 250 248 249 250 247 243 243 243 244 246 243 151 129 133 127 121 117 118 120 118 115 114 114 115 117 118 113 115 115 117 119 122 121 118 121 121 123 124 127 128 130 124 122 122 119 120 120 120 121 122 121 122 120 119 125 127 134 140 155 153 105 105 105 105 104 104 104 104 103 104 104 103 104 103 103 104 104 106 85
248 249 249 248 249 249 249 249 249 249 249 249 248 247 251 238 202 250 250 251 251 249 244 239 249 250 250 250 243 246 246 243 194 174 152 121 106 107 107 104 147 254 250 249 248 246 247 250 250 250 248 251 251 249 246 244 244 245 247 242 150 130 128 121 120 120 117 114 113 112 111 112 110 111 116 114 112 113 116 113 115 121 119 121 128 127 128 128 131 129 126 122 122 122 119 120 120 120 122 124 124 124 119 120 125 127 135 143 162 131 102 106 105 105 105 105 104 104 104 104 104 104 103 104 104 104 107 85
248 248 249 249 249 249 248 248 249 249 248 249 248 248 248 249 250 250 251 251 251 249 250 248 248 250 250 249 246 242 236 243 197 189 153 116 107 107 109 104 154 255 251 248 248 248 250 250 250 251 252 245 243 240 246 249 247 246 247 245 150 126 122 118 114 116 114 111 110 108 111 111 110 108 111 112 112 112 113 113 115 129 124 126 129 134 137 134 128 126 125 123 123 122 120 117 118 119 119 122 121 124 124 121 125 125 128 135 148 157 111 105 106 106 105 105 105 104 105 105 105 104 104 105 105 105 108 85
247 249 249 249 249 249 248 248 248 248 249 249 248 247 248 248 247 251 251 251 251 250 249 251 250 250 250 250 245 241 233 238 201 213 158 115 108 108 109 104 165 255 250 249 249 250 251 252 250 247 241 237 236 230 245 249 248 246 247 245 149 122 118 116 117 117 115 111 108 109 107 110 110 109 108 111 109 110 113 116 114 128 125 127 134 133 139 147 141 152 133 123 125 123 120 118 117 117 117 117 115 116 123 125 124 128 127 129 135 153 140 104 106 107 107 106 105 106 105 105 105 105 105 105 105 105 108 86
248 248 249 249 249 249 248 248 249 249 249 249 248 248 248 249 248 251 251 251 251 251 250 250 250 251 251 250 240 233 241 244 211 228 165 114 108 109 109 105 166 255 251 251 250 250 246 245 240 240 231 220 177 149 225 253 250 248 248 247 147 117 117 116 115 111 112 110 110 109 106 109 109 108 108 107 107 110 112 115 118 127 124 126 128 135 140 166 182 147 138 124 125 124 120 116 116 116 118 120 121 116 118 122 122 123 128 129 131 140 155 117 106 107 106 106 105 105 105 105 105 106 105 106 106 106 108 87
249 248 249 249 250 249 249 249 247 248 249 249 248 248 248 249 248 251 251 250 251 251 249 250 249 251 250 249 240 243 238 227 215 234 176 113 109 109 110 104 183 255 250 250 244 242 237 213 204 173 146 131 132 166 174 233 253 249 248 247 145 110 111 112 110 109 110 108 104 107 108 109 108 109 106 107 106 110 112 112 119 123 126 129 133 145 157 167 178 155 140 129 125 123 120 117 116 116 116 116 120 120 117 116 120 123 123 129 127 136 147 141 106 107 107 106 106 106 106 105 105 106 105 106 107 107 108 87
248 248 248 249 249 249 249 249 249 248 248 249 248 248 248 248 248 251 251 250 250 251 251 250 248 250 250 250 243 243 225 216 223 235 188 112 108 109 105 179 248 251 248 244 231 197 135 119 112 127 153 195 234 247 224 172 230 250 250 248 149 112 115 109 108 107 107 105 106 105 102 105 106 108 107 108 107 110 113 113 121 123 127 130 140 154 168 179 168 153 129 128 124 122 120 118 114 115 115 114 114 118 119 117 118 121 121 125 129 130 141 151 118 105 106 106 106 106 106 106 106 105 106 106 106 106 108 88
247 248 249 249 249 249 249 250 249 249 249 249 248 247 248 249 249 250 250 251 251 251 251 249 247 250 250 250 245 246 232 238 227 228 203 112 109 109 104 200 253 232 196 168 143 149 172 188 187 229 245 237 250 245 247 206 169 230 249 251 152 109 109 107 106 107 104 101 105 106 104 102 104 106 106 106 107 109 112 113 120 123 137 135 145 159 168 167 169 157 139 125 124 124 118 115 115 114 113 113 113 113 116 118 117 120 122 120 126 128 136 145 137 106 108 107 106 106 106 106 106 105 106 105 106 106 108 88
246 248 249 248 248 249 249 249 249 248 249 249 247 247 248 248 248 250 251 251 251 250 250 250 250 251 250 249 244 241 243 242 229 231 224 115 107 110 111 150 155 135 151 177 208 226 244 241 250 247 241 235 248 247 245 248 200 169 231 255 160 100 104 101 101 103 102 103 103 105 103 102 102 104 104 104 104 107 110 113 119 125 133 137 154 166 208 217 215 185 177 128 123 123 119 118 116 114 114 112 113 110 108 115 117 117 120 121 122 126 130 140 147 117 106 107 107 106 106 106 106 105 106 105 106 107 109 88
249 248 249 248 247 247 249 249 248 247 249 248 248 247 248 248 248 251 250 251 249 250 250 250 250 251 251 249 248 245 246 239 227 236 230 134 124 127 126 119 147 201 222 233 247 247 239 244 243 242 238 236 245 248 247 245 247 196 168 223 209 117 108 103 101 104 104 102 104 105 104 101 100 104 104 104 105 108 113 114 120 118 120 136 155 187 219 221 236 194 165 138 125 121 120 116 116 116 115 112 113 115 111 111 118 116 116 122 123 125 129 136 146 137 106 107 107 106 107 106 106 106 105 106 106 106 108 88
248 248 249 248 247 247 248 247 247 248 248 248 248 248 248 248 249 251 250 251 250 250 251 250 251 251 247 245 245 249 249 237 234 244 232 132 115 112 110 105 171 230 238 241 230 236 247 247 245 240 243 243 246 246 245 246 245 243 189 137 207 162 103 105 105 106 106 105 106 106 104 103 102 105 105 104 103 102 106 120 149 172 190 199 199 216 231 203 202 162 159 142 119 119 116 114 117 118 115 114 112 112 113 112 112 117 115 118 121 124 125 131 140 149 114 106 106 107 106 106 105 106 106 106 106 106 109 87
248 248 249 248 247 248 248 246 246 247 248 249 248 248 250 249 249 250 250 251 251 251 251 248 246 232 244 230 227 250 250 239 237 247 230 121 107 109 110 106 156 225 237 246 231 225 248 245 245 249 246 247 248 246 247 246 243 245 239 197 173 139 104 108 105 107 106 105 104 104 106 104 103 101 100 109 130 163 192 224 251 254 255 255 254 253 251 250 241 235 230 201 169 147 127 121 112 110 111 113 113 112 113 114 112 112 113 117 120 122 124 125 134 150 130 106 107 107 107 106 107 107 107 106 107 107 109 87
248 248 248 248 247 247 247 247 247 247 248 249 248 249 250 249 249 251 251 249 247 242 244 248 227 176 177 170 176 241 247 236 242 247 237 127 113 114 114 111 140 248 246 247 249 242 242 245 245 244 247 244 248 247 248 247 244 243 243 249 162 105 107 107 106 105 109 107 103 99 98 99 116 149 193 228 247 255 255 255 254 252 243 246 248 250 251 254 255 255 255 255 254 248 238 230 208 183 164 144 122 113 108 108 108 110 113 114 117 121 127 127 128 141 145 108 108 108 107 106 107 107 107 107 108 108 110 88
249 249 249 248 248 248 248 248 247 248 248 249 249 249 249 249 249 248 249 248 237 229 206 188 166 211 211 228 188 187 236 233 244 249 238 127 110 111 112 110 137 245 245 248 244 246 245 248 248 243 245 246 250 249 247 245 246 246 243 249 168 105 108 106 107 103 104 101 110 130 166 203 235 253 255 255 254 252 243 232 215 199 177 182 186 192 199 211 221 231 242 246 251 254 255 255 255 255 255 250 237 222 192 173 161 140 129 116 111 113 120 128 129 133 150 121 105 106 106 105 105 104 105 104 104 104 106 86
248 248 248 248 248 248 248 249 247 248 248 248 248 249 249 249 249 245 229 210 184 169 174 159 210 228 241 251 225 167 189 224 249 250 240 128 109 111 112 110 132 244 248 246 242 248 246 243 248 245 247 249 249 249 247 246 247 248 246 249 159 105 105 99 98 105 130 162 227 248 255 255 255 253 248 233 213 193 172 161 153 152 172 163 158 160 162 169 175 181 192 196 203 209 221 232 242 243 246 251 255 255 255 255 254 250 245 228 206 178 161 145 134 132 143 132 99 105 107 106 106 106 106 106 106 106 109 88
248 249 248 248 248 249 249 248 248 249 249 248 248 247 249 232 207 206 211 206 229 236 242 249 250 247 229 242 244 197 173 173 216 241 245 137 108 112 112 108 143 249 251 246 247 249 249 250 250 246 246 247 249 248 248 246 246 249 246 248 147 97 113 161 194 214 246 255 255 255 248 237 219 201 181 166 155 150 149 148 161 201 245 237 223 216 199 180 164 157 160 167 171 177 181 184 189 187 187 193 204 216 228 239 246 252 255 255 255 255 255 248 237 232 223 215 178 117 107 109 108 108 107 107 107 108 110 88
248 248 249 249 249 250 249 248 248 248 242 247 249 248 250 227 222 238 236 245 249 247 247 248 247 245 240 242 248 251 218 172 172 211 211 207 117 111 112 108 147 249 250 249 250 251 250 251 251 246 244 247 249 249 248 248 248 249 246 242 201 212 235 255 255 255 252 236 215 193 177 166 158 152 148 147 150 153 169 197 237 251 250 253 254 254 255 251 241 225 200 188 175 166 163 161 161 166 170 171 172 172 177 181 187 199 212 215 220 230 238 247 254 255 255 255 255 212 110 108 109 108 108 108 108 108 110 89
248 249 249 248 249 249 248 248 248 249 246 247 248 247 248 250 242 242 250 250 249 248 248 249 248 248 247 248 247 247 248 213 162 158 130 208 131 109 112 109 144 249 250 250 248 249 249 249 249 248 248 245 247 248 247 248 248 248 244 242 253 255 255 245 226 195 168 152 148 146 145 146 148 151 155 174 196 221 244 250 249 249 250 251 252 251 251 251 252 254 255 255 248 241 229 213 194 191 178 162 153 149 148 151 155 157 160 162 164 169 176 180 194 214 225 242 249 255 177 103 109 108 107 108 109 109 108 85
248 248 247 248 248 248 249 248 249 248 247 247 247 248 248 247 245 250 250 250 250 250 249 249 247 247 247 248 247 250 244 223 192 138 145 144 114 112 112 109 147 250 247 249 247 248 248 248 249 249 249 246 247 246 248 248 249 249 246 247 237 207 176 158 147 140 142 143 145 148 153 161 175 198 222 244 253 251 249 249 247 250 251 252 251 251 252 251 252 252 252 252 252 253 254 255 253 252 251 242 229 221 209 194 183 173 165 165 158 149 149 151 154 155 156 169 169 189 244 137 104 109 108 109 107 103 106 89
249 247 247 248 248 248 249 248 248 248 248 248 247 247 248 247 246 250 250 250 251 250 250 248 248 244 247 249 249 249 237 233 250 217 183 112 112 112 112 108 153 254 247 247 250 250 250 251 251 251 250 249 249 248 250 249 248 248 247 249 177 141 140 143 147 148 152 159 184 204 218 235 246 253 252 251 251 250 250 249 248 249 250 252 251 252 252 252 252 252 252 252 252 252 252 252 251 251 251 252 254 254 255 255 254 250 245 246 242 228 212 186 163 164 160 147 134 134 210 222 112 109 108 103 103 108 112 88
249 248 248 248 249 248 248 248 248 249 248 247 247 248 248 248 248 250 251 250 251 250 250 246 246 246 244 247 249 250 242 236 250 252 217 111 113 112 113 109 154 253 249 249 250 250 251 251 251 251 251 252 251 250 249 249 247 244 245 248 170 144 148 153 165 187 205 214 201 224 254 253 251 250 250 250 250 249 249 248 248 250 251 252 251 252 252 252 251 251 252 252 252 252 251 251 251 251 251 251 250 251 252 251 251 251 252 252 253 254 255 253 248 248 245 235 193 120 142 235 180 99 104 108 109 108 110 85
248 248 248 248 248 248 248 248 248 248 248 248 248 248 249 248 248 250 250 250 251 250 249 248 249 248 248 250 250 251 242 236 249 251 223 114 112 112 113 108 162 255 250 250 251 250 251 252 254 255 252 245 238 250 250 248 247 247 242 245 186 186 202 211 207 180 137 102 76 166 254 251 250 251 250 251 251 249 249 248 248 249 251 252 251 252 252 252 252 252 252 252 252 252 251 251 252 252 253 254 251 251 252 251 251 252 251 251 252 251 251 251 251 252 251 255 227 132 118 161 241 128 107 110 109 110 112 88
248 248 247 248 248 248 249 248 248 248 248 248 248 248 249 248 248 249 250 250 250 249 250 250 249 250 250 251 251 251 241 233 246 250 221 116 112 113 113 108 171 255 251 249 253 255 252 241 221 199 177 159 156 245 252 249 249 246 243 246 214 184 151 116 84 71 72 75 73 180 255 251 249 251 250 251 251 250 249 249 248 249 250 251 251 252 252 252 252 251 252 252 252 252 251 251 250 255 236 221 248 253 251 252 252 252 252 252 252 252 252 251 251 251 251 253 247 162 124 121 197 212 108 109 109 110 113 89
247 248 248 248 248 248 248 248 248 248 248 248 248 248 248 247 245 249 249 250 251 249 247 250 249 251 251 250 251 251 240 240 245 247 223 116 113 110 107 104 199 255 254 240 224 206 180 157 146 142 140 135 176 250 252 251 250 245 247 244 116 72 72 71 70 69 66 65 72 185 253 249 247 250 250 251 251 250 251 250 249 249 251 252 252 251 252 252 252 252 252 252 252 252 252 251 254 207 87 63 105 225 254 252 252 252 252 252 252 251 251 252 252 252 251 251 251 217 145 117 134 231 161 103 111 110 109 85
247 248 247 248 247 248 248 247 248 247 248 248 248 248 248 247 245 249 249 250 251 248 248 249 250 250 251 251 250 249 241 242 246 249 222 112 112 141 173 207 234 216 184 160 150 146 143 142 138 135 128 124 184 251 250 248 251 249 248 244 111 72 69 66 71 76 88 99 72 185 254 249 250 251 250 251 251 248 250 249 247 247 251 252 251 252 252 252 252 252 252 252 252 252 251 253 249 112 58 59 55 112 249 252 252 252 252 252 252 251 252 251 251 252 251 251 246 244 208 130 116 171 224 116 107 104 107 87
247 247 248 248 248 247 248 248 247 248 248 248 248 249 248 246 247 251 250 250 250 249 250 250 251 251 251 251 250 250 241 243 250 252 237 188 201 200 191 175 158 146 145 146 141 133 125 118 116 120 126 125 138 225 249 242 242 248 251 249 112 76 82 99 120 119 113 111 71 181 255 250 251 251 250 250 250 248 248 247 248 247 251 252 252 252 252 252 252 251 251 252 252 252 252 254 234 85 65 61 68 64 197 255 251 251 252 252 251 251 252 252 251 252 252 252 246 237 243 184 119 126 213 175 98 110 113 89
248 248 248 249 248 248 248 247 248 248 248 248 248 248 248 247 249 251 251 251 251 251 251 251 251 251 251 252 253 253 241 249 244 232 202 174 154 143 142 142 143 137 128 118 117 118 122 135 141 153 175 192 153 150 239 247 239 238 243 252 139 107 109 103 119 121 122 107 70 176 255 250 249 250 249 250 250 247 248 246 248 249 250 251 252 252 251 252 252 251 252 251 252 252 252 255 231 85 65 59 63 58 139 255 252 252 252 252 252 252 252 252 251 252 252 252 246 237 239 235 145 117 152 236 135 107 113 90
248 248 248 248 247 247 247 247 247 247 248 248 248 248 248 248 249 251 251 251 251 251 251 252 253 255 255 252 242 235 195 181 163 153 143 146 148 143 136 127 120 117 121 136 148 176 206 224 232 239 245 248 215 117 166 245 249 245 232 251 153 102 110 100 113 118 120 113 71 174 255 251 249 250 250 249 248 246 246 246 247 250 251 252 251 252 251 252 252 251 252 252 252 252 252 254 239 94 63 60 60 59 101 250 252 251 251 252 252 252 252 251 251 251 252 252 248 238 237 244 198 125 121 189 203 105 112 89
248 248 248 248 248 247 247 247 247 247 248 248 248 248 248 247 249 251 251 251 252 253 254 248 232 213 191 178 161 154 151 143 144 144 143 139 133 138 127 127 144 171 204 229 240 245 244 239 239 240 239 236 239 172 110 157 234 252 247 245 213 121 105 96 100 117 118 107 71 173 255 251 250 251 250 250 251 249 247 248 249 250 251 252 251 252 252 251 251 252 252 252 252 252 252 254 245 102 64 63 66 64 80 234 254 251 252 252 252 252 252 251 251 251 252 252 249 240 241 238 234 162 121 133 218 150 108 91
248 248 247 248 248 248 247 247 247 248 247 247 248 249 248 248 252 253 253 249 245 231 195 171 154 152 151 150 150 148 148 134 131 130 135 153 183 220 210 214 230 239 239 238 241 242 241 243 240 239 240 239 236 233 160 105 142 231 251 247 242 222 133 82 82 90 90 83 71 174 254 251 250 251 250 250 251 248 247 248 248 249 250 252 252 252 252 252 252 252 252 252 252 252 252 253 247 103 63 68 71 67 71 220 255 251 252 252 252 251 251 251 251 251 251 252 248 239 241 241 188 214 130 120 161 222 116 89
247 247 247 248 248 247 247 248 248 248 247 248 248 248 249 250 241 224 210 197 173 157 152 153 151 146 142 139 138 136 141 143 164 181 218 243 245 243 241 235 236 236 235 241 239 241 243 244 242 241 242 242 238 237 235 185 123 123 207 252 250 249 240 128 69 76 78 79 71 165 254 251 249 250 250 251 250 247 247 247 247 248 249 252 252 252 252 252 252 252 252 252 252 252 252 253 245 101 68 82 75 70 60 197 255 251 252 252 252 252 252 251 251 252 252 252 249 240 241 247 153 186 173 116 124 203 144 80
247 248 248 248 247 247 247 247 248 247 247 248 248 249 237 203 177 165 163 156 155 148 145 142 136 134 135 138 138 170 203 228 242 247 243 239 241 243 239 236 236 235 233 239 240 240 235 242 244 241 240 242 239 237 239 245 212 124 118 185 249 250 247 244 138 71 82 83 71 161 254 250 251 250 250 250 251 250 248 247 249 249 250 251 252 252 252 251 252 252 252 252 252 252 252 252 249 108 76 85 86 77 58 183 255 251 252 252 252 252 251 252 252 252 252 252 251 241 239 247 160 113 202 131 117 148 157 85
247 247 248 248 247 247 247 247 246 248 248 247 248 250 231 162 152 157 152 149 137 128 135 143 155 168 185 195 213 235 230 233 235 239 241 243 245 244 242 236 233 235 245 238 240 243 244 236 243 241 242 241 240 239 238 236 239 215 133 110 177 246 245 250 250 173 81 81 72 167 255 251 251 251 250 250 250 250 248 248 250 250 249 251 251 252 252 252 252 252 252 252 252 252 251 252 250 115 84 86 91 79 62 174 255 251 252 252 252 252 251 252 252 252 252 252 250 239 238 244 169 74 151 171 119 128 132 88
245 246 246 247 247 247 247 246 246 247 248 248 248 250 225 152 152 134 126 128 145 186 207 225 241 246 248 249 249 238 231 240 238 239 243 244 245 247 248 244 241 244 231 236 245 248 248 238 242 243 240 243 240 239 239 237 236 239 216 139 105 161 241 252 247 255 191 87 67 169 254 250 250 250 251 251 250 249 249 248 249 250 251 251 251 251 251 251 252 251 252 252 252 252 251 252 251 125 82 86 83 81 66 163 255 252 250 249 252 252 251 252 252 252 252 252 249 235 234 243 180 82 85 170 134 120 114 89
247 246 247 247 247 248 248 248 247 248 248 247 247 249 238 203 136 130 154 189 235 251 251 244 244 243 243 244 247 238 235 245 244 245 245 245 246 246 246 244 244 246 240 244 245 247 247 237 240 244 242 243 243 240 241 240 238 239 239 222 138 104 149 230 251 247 255 214 99 157 255 247 249 250 250 250 251 249 248 248 249 250 249 251 252 252 252 252 252 252 252 252 252 252 252 252 252 128 79 81 87 79 69 156 255 252 251 250 252 252 252 252 252 252 252 252 250 239 236 243 184 108 70 145 176 113 112 90
248 248 247 247 247 248 248 248 248 248 248 248 248 250 253 195 182 213 240 252 248 247 244 238 239 239 244 246 248 238 239 247 247 247 246 246 246 246 247 245 244 246 243 242 244 245 247 244 243 244 244 243 240 239 241 241 240 240 239 234 224 139 105 137 230 253 248 255 230 190 250 249 249 250 251 251 251 249 246 249 250 249 249 251 252 252 252 252 252 252 252 252 252 252 252 252 254 137 75 84 93 81 64 147 255 252 252 252 252 252 252 251 252 252 252 252 251 242 240 244 191 112 96 131 232 127 112 93
248 248 248 247 247 247 248 248 249 249 249 248 249 252 221 196 252 250 247 245 245 247 242 241 244 243 236 245 248 238 241 247 247 245 246 245 245 247 248 246 245 244 241 242 246 248 244 243 242 245 245 244 241 240 241 242 239 241 240 229 235 224 137 107 136 216 250 248 250 249 249 250 249 250 251 250 250 249 248 247 248 249 251 252 252 252 252 252 252 252 252 252 252 252 252 252 255 141 84 95 96 83 67 150 255 252 252 252 252 252 252 252 252 252 252 252 251 242 241 247 188 108 111 139 246 157 110 92
248 248 248 248 248 248 249 249 246 248 249 250 252 238 173 238 249 247 245 244 248 245 243 244 245 245 243 247 249 234 243 248 247 245 246 247 247 247 246 247 248 247 245 247 247 249 242 241 243 246 246 245 242 242 240 241 242 241 239 230 231 243 212 130 105 119 188 239 250 244 242 248 251 251 251 249 249 250 248 247 249 249 249 252 252 252 252 252 252 252 252 252 252 252 252 252 254 137 82 91 89 81 67 142 255 252 252 252 252 252 252 252 252 252 252 252 251 243 241 245 198 111 116 135 244 172 105 85
248 247 248 248 248 248 249 248 248 249 249 249 252 196 208 252 248 248 246 248 248 244 243 245 245 245 242 247 249 234 245 248 247 247 247 247 247 246 248 248 249 248 248 247 244 247 245 241 242 245 245 245 245 243 242 242 242 242 238 231 231 237 243 210 125 104 112 180 244 250 245 237 247 250 249 251 250 247 248 248 248 249 248 252 252 252 252 252 252 252 252 252 252 252 252 252 254 145 80 81 88 80 64 134 255 252 252 252 252 252 252 252 252 252 252 251 251 242 238 243 203 113 125 131 244 175 103 92
248 247 248 248 248 249 249 248 249 249 250 252 219 176 246 248 248 249 249 248 247 244 244 244 245 244 243 247 250 234 247 249 249 248 248 247 248 246 248 248 248 245 246 248 246 247 247 243 242 244 245 244 244 243 243 243 243 241 242 236 236 235 236 243 211 127 109 109 162 238 251 247 243 246 248 251 251 248 247 250 248 250 249 252 252 252 252 252 252 252 252 252 252 252 252 251 255 156 79 82 82 77 73 132 255 252 252 252 252 252 252 252 252 252 252 252 251 243 238 241 206 113 132 128 240 193 110 91
248 247 248 248 248 249 249 249 249 249 252 239 167 223 251 248 249 249 249 247 246 242 243 244 244 241 243 247 249 233 246 249 248 247 248 248 248 249 248 247 245 244 246 247 245 246 248 244 239 241 243 243 242 241 243 243 243 242 239 240 237 237 239 240 243 216 132 113 106 147 222 251 246 245 247 251 251 250 249 247 248 249 248 252 252 252 251 252 252 252 252 252 252 252 252 252 255 166 87 86 86 78 72 128 254 252 252 252 252 252 252 252 252 252 252 252 252 243 239 242 213 118 138 126 237 203 110 91
248 247 248 247 248 247 247 248 249 249 249 185 199 251 248 248 249 249 247 247 245 242 243 243 243 241 242 248 248 233 246 247 246 247 247 247 247 247 245 246 246 246 245 246 242 243 247 244 238 239 242 242 241 241 242 241 242 241 241 240 241 239 238 239 236 243 220 130 112 109 128 205 248 247 245 245 251 249 245 246 247 248 249 252 252 252 252 252 252 252 252 252 252 252 252 252 255 163 76 81 82 74 63 116 253 253 252 252 252 252 252 252 251 251 252 251 252 242 239 243 214 118 137 124 231 205 111 89
247 246 247 247 248 247 247 247 248 252 205 171 247 249 249 248 250 249 245 246 248 244 243 243 243 242 242 246 247 234 247 247 247 247 247 248 247 246 246 247 246 245 245 244 244 246 247 245 239 241 241 241 237 240 242 240 242 241 240 240 239 241 241 240 239 236 242 216 145 116 110 114 186 241 244 246 248 248 247 245 247 247 245 252 252 252 252 252 252 252 252 252 252 252 252 252 255 169 76 87 90 77 64 116 252 253 252 252 252 252 252 252 251 251 252 252 251 242 237 240 217 120 139 123 224 213 109 90
247 246 247 247 247 248 248 248 250 235 162 225 250 249 249 249 248 249 248 248 248 245 245 245 244 244 246 247 248 235 249 248 248 247 247 247 248 246 246 247 248 247 245 244 245 246 247 246 244 240 243 241 241 242 241 239 241 242 240 242 242 241 242 241 240 240 240 240 229 157 117 110 110 163 236 246 247 244 246 248 248 249 245 251 252 252 252 252 252 252 252 252 252 253 252 252 255 181 79 95 96 77 71 110 250 253 252 252 252 252 252 252 252 252 252 252 252 242 234 238 215 120 140 122 221 222 115 91
247 245 246 247 248 248 248 249 249 182 200 252 247 249 249 250 249 248 248 248 248 246 243 240 246 244 245 247 245 232 247 246 246 247 247 246 247 246 246 247 248 248 246 243 240 244 246 245 242 240 242 242 243 243 243 242 242 242 241 240 242 241 240 242 240 239 238 236 235 234 174 117 111 106 154 226 247 249 240 247 249 249 247 251 252 251 252 252 252 252 252 252 252 253 252 252 255 189 80 92 98 89 76 106 248 253 252 252 252 252 252 252 252 252 251 252 252 243 237 237 217 119 141 124 214 227 120 91
247 246 246 246 247 247 248 252 212 176 245 248 248 248 248 247 248 248 247 247 248 247 244 243 243 245 245 247 243 232 247 246 245 246 246 246 246 246 246 247 247 245 245 244 242 242 245 244 234 239 243 240 239 237 239 241 243 239 238 241 241 238 239 238 238 236 238 234 235 235 238 184 124 111 106 143 206 243 246 245 248 250 247 251 251 252 252 252 252 252 252 252 252 253 252 252 255 198 76 86 95 83 78 122 248 253 252 252 252 251 252 252 252 252 252 252 253 243 238 238 222 123 143 124 209 235 128 90
247 247 248 247 247 248 252 236 168 225 250 248 248 248 246 237 247 249 246 248 249 248 245 243 243 244 246 245 243 234 246 246 244 245 245 246 247 247 245 246 246 245 243 244 241 241 242 243 240 238 240 242 243 237 234 241 241 240 238 238 237 239 237 237 238 237 237 237 239 234 233 239 206 134 110 104 118 205 248 246 242 242 248 250 251 252 252 252 252 253 253 253 253 253 253 252 255 211 126 152 182 206 225 242 250 251 251 251 250 247 252 252 252 251 252 252 252 244 238 239 228 125 143 124 206 241 135 89
247 247 248 247 248 250 249 184 191 251 248 248 248 247 246 247 248 249 247 248 248 248 245 244 244 245 245 245 241 235 247 243 243 244 244 244 247 246 244 245 245 237 243 242 243 243 240 242 246 238 238 240 242 242 241 238 238 241 239 239 237 236 237 235 237 238 237 237 238 236 234 232 235 211 130 112 102 118 197 246 244 239 241 250 252 252 252 252 252 253 252 253 252 252 252 251 251 249 251 255 255 255 253 251 250 251 250 250 251 245 247 252 252 252 252 252 252 244 237 241 223 120 143 122 201 241 137 89
246 247 247 247 249 253 215 169 240 246 247 248 248 248 247 247 247 245 247 248 249 247 245 244 244 243 245 248 239 234 243 244 242 242 242 241 242 246 246 246 243 240 238 238 244 243 242 244 245 233 233 238 241 240 240 236 235 239 236 237 234 236 240 236 236 237 236 235 237 238 234 232 229 233 213 133 110 108 114 178 241 243 241 243 249 252 252 252 252 252 251 251 251 251 251 250 250 250 251 251 250 250 251 250 250 251 250 250 250 244 243 246 251 252 251 251 252 243 236 240 225 117 142 120 197 244 144 89
246 247 247 249 251 239 172 218 250 246 247 246 247 245 248 248 248 248 248 249 249 247 245 242 243 244 246 248 239 236 243 243 244 242 244 243 244 244 246 247 246 243 235 240 238 236 237 241 245 245 240 238 237 234 230 238 236 237 238 236 234 236 239 239 238 236 235 235 236 237 234 233 232 231 237 213 130 118 117 113 164 225 233 241 243 250 251 249 250 248 249 251 251 251 251 250 250 251 251 250 250 250 250 249 249 250 250 250 250 246 240 242 247 252 252 252 252 245 237 238 226 120 144 122 191 244 148 88
246 245 247 249 250 192 182 249 247 247 247 247 246 246 248 248 248 248 246 248 249 246 243 242 241 239 244 245 235 236 244 243 245 240 199 178 219 244 243 246 243 242 239 243 239 233 238 243 245 243 241 238 234 233 233 233 234 237 237 236 232 234 239 238 237 237 236 235 235 236 235 233 233 228 228 235 210 138 123 118 113 153 223 237 238 242 246 244 243 247 249 251 251 248 249 249 250 251 250 250 249 250 249 250 250 250 250 249 250 247 236 237 243 247 251 251 252 244 232 235 227 121 146 124 186 243 155 89
