32 32 34 37 39 42 46 48 51 54 57 62 66 69 72 75 73 120 185 170 177 185 187 186 188 187 186 185 186 185 183 181 181 181 179 177 177 178 173 181 180 182 183 183 181 175 175 177 176 178 180 175 174 176 173 170 175 177 174 173 175 178 176 181 178 177 176 177 173 173 175 176 177 174 173 176 176 174 174 175 173 171 174 88 47 47 84 94 57 55 53 70 100 68 53 52 58 99 85 52 55 53 82 94 56 50 49 64 97 69 48 49 51 89 85 52 53 54 58 53 54 57 60 66 69 61 125 176
23 20 20 23 26 24 26 28 29 31 34 36 38 40 42 45 41 104 185 170 176 174 178 178 178 177 177 179 179 179 179 179 181 181 180 179 179 180 191 177 174 181 183 186 185 180 180 182 174 179 182 177 172 179 179 173 178 178 175 175 175 179 174 174 181 180 182 181 175 175 174 174 174 175 174 174 174 175 173 173 176 174 170 99 77 66 86 97 97 96 97 99 100 98 101 102 101 99 96 91 90 89 94 96 95 94 93 94 96 90 86 85 85 92 89 73 69 71 71 56 54 58 60 54 55 53 124 175
19 14 13 14 15 17 21 23 23 23 24 24 24 25 29 26 21 94 186 170 171 157 157 158 156 155 154 153 153 153 153 152 152 153 152 152 152 153 188 180 178 183 184 188 188 183 182 182 172 178 183 178 176 181 183 179 182 181 180 183 178 178 181 181 180 184 184 185 179 182 184 182 174 175 175 176 177 178 176 178 179 180 178 105 85 74 89 100 102 101 101 101 101 102 108 108 109 102 99 99 100 101 100 98 106 106 106 103 98 99 102 101 98 94 98 101 96 97 101 59 53 58 59 56 57 56 123 176
20 12 12 12 12 11 12 13 15 15 18 20 21 20 17 18 13 91 187 175 176 181 187 186 186 185 184 183 183 182 182 180 179 179 178 177 176 176 193 180 182 187 189 188 186 179 174 178 175 178 178 177 175 176 174 173 180 177 172 175 174 174 175 182 179 180 179 181 170 174 178 178 179 174 168 171 174 176 179 178 177 175 173 97 75 67 88 96 82 80 81 86 100 91 89 89 91 101 98 85 85 88 94 98 94 93 93 92 96 93 92 91 89 94 96 97 97 99 103 92 87 89 89 57 57 56 123 176
20 11 10 10 10 11 11 10 10 11 11 11 11 11 13 14 8 89 186 177 171 156 159 160 159 159 160 160 160 161 161 162 161 162 162 163 164 165 190 181 183 183 185 183 184 181 178 178 175 175 175 174 172 177 173 171 177 177 172 178 178 178 176 177 181 179 180 181 178 180 179 177 180 177 177 174 177 177 177 178 177 177 179 90 51 50 91 96 60 58 57 73 102 71 56 53 56 104 92 58 59 57 82 97 60 56 57 69 98 73 55 57 58 91 91 63 65 66 70 99 97 97 96 70 68 66 125 177
16 13 10 11 11 11 11 10 11 11 11 11 11 11 12 12 6 89 185 178 179 180 183 182 180 178 176 176 175 175 172 171 169 167 165 165 164 166 191 179 188 192 186 186 193 180 184 182 176 179 182 184 183 181 177 176 178 179 172 178 179 177 177 182 183 179 178 178 174 176 178 179 176 175 177 175 176 177 177 177 175 176 180 95 52 53 92 98 65 61 61 75 101 74 61 56 59 104 93 62 60 56 83 98 64 59 62 71 99 74 56 61 62 92 93 62 63 62 63 82 83 83 84 98 95 94 137 176
4 5 2 2 2 2 3 3 3 4 4 4 5 5 6 7 1 87 187 181 177 175 179 180 179 180 178 178 179 178 177 177 178 177 177 176 177 177 184 177 194 199 198 195 196 185 192 189 188 190 190 187 190 188 189 185 185 187 186 184 185 179 184 187 187 187 183 179 175 178 182 183 180 182 182 180 176 174 173 173 174 173 179 98 52 52 91 98 64 60 59 74 103 75 59 53 57 104 95 62 58 53 84 98 64 59 57 68 100 73 53 57 57 93 92 64 63 63 62 58 56 56 63 103 94 94 137 175
103 102 99 96 92 89 85 84 81 78 74 70 69 67 64 61 57 115 188 180 162 114 109 113 118 122 124 128 131 134 135 137 140 142 143 143 141 144 170 172 195 200 200 194 192 195 200 198 197 199 197 194 196 194 194 194 193 193 191 190 190 188 188 188 187 188 188 185 185 186 185 184 185 184 182 182 182 183 178 178 180 176 189 102 50 49 89 97 63 61 59 73 102 75 59 54 57 101 95 61 58 53 81 98 62 56 53 65 99 73 52 52 52 92 92 62 61 61 60 62 59 60 63 67 63 61 122 178
191 191 192 192 193 193 192 192 192 193 193 194 194 193 193 193 192 193 186 177 146 52 20 24 27 31 36 41 45 50 53 57 62 65 69 73 74 77 160 177 200 200 202 199 189 196 200 199 197 198 196 194 194 195 194 193 192 192 191 189 190 189 189 179 186 186 186 187 186 184 185 184 184 183 181 181 181 183 180 175 180 180 190 116 73 66 90 101 96 96 103 107 101 95 97 95 95 97 99 94 90 90 92 95 92 88 88 88 95 90 87 87 86 91 92 74 72 74 71 63 60 60 61 62 58 55 119 178
164 164 165 165 167 166 168 168 169 169 169 171 172 172 172 173 173 185 190 177 143 52 15 17 18 20 21 22 25 26 28 31 33 34 37 40 41 45 158 179 205 205 205 204 197 198 199 199 193 197 196 195 194 196 194 194 193 193 192 190 190 188 187 181 187 186 186 185 185 184 185 184 184 184 183 181 181 183 182 177 181 183 188 122 83 75 91 100 102 101 105 105 101 101 103 103 103 98 100 104 101 100 98 96 101 100 102 98 96 100 102 104 103 93 99 100 101 104 98 67 60 61 60 64 57 57 119 178
146 146 146 145 145 146 146 147 146 145 146 145 147 147 142 141 137 169 192 178 143 51 10 12 13 14 14 16 16 17 18 19 20 21 23 24 24 30 158 180 209 211 209 202 199 200 197 201 192 198 199 196 194 195 194 194 193 193 192 191 191 190 187 187 187 187 188 186 186 186 185 184 185 185 184 182 183 183 181 177 184 185 189 117 76 69 92 98 87 85 86 90 100 91 87 87 88 96 98 92 89 90 94 97 93 92 93 92 98 96 93 97 97 94 99 99 99 101 97 95 91 92 88 64 56 56 118 180
178 179 179 179 178 178 179 179 178 177 178 179 179 179 177 177 175 187 191 179 142 49 9 11 11 11 11 11 13 13 13 14 15 14 15 16 16 24 155 176 209 213 214 199 203 201 201 203 196 199 200 198 197 196 196 193 193 193 192 192 191 190 188 188 188 186 187 187 185 186 185 185 184 185 186 184 181 184 180 177 184 184 189 102 51 51 93 105 57 52 51 67 104 75 56 56 57 96 90 57 56 53 80 100 64 59 59 68 101 76 53 57 57 91 90 68 67 67 68 98 101 102 95 81 75 70 122 179
146 146 147 148 149 149 151 151 152 153 154 155 155 155 156 156 154 174 193 178 136 45 8 10 11 11 11 11 10 11 11 11 11 11 13 13 13 20 158 178 204 211 211 197 201 201 202 203 197 200 200 198 197 195 191 191 190 192 192 191 190 189 189 186 187 186 186 187 186 185 183 184 184 184 183 180 179 182 178 175 182 182 188 105 53 54 92 107 60 55 52 70 105 77 59 61 61 97 93 60 60 55 82 102 67 62 58 68 102 78 53 58 59 93 93 64 61 59 62 79 82 84 83 97 98 94 131 178
168 167 167 167 167 166 166 165 165 164 164 164 162 162 161 161 157 179 192 173 132 43 6 10 10 11 10 10 11 11 11 11 11 12 12 12 12 20 158 179 204 207 209 203 204 203 201 200 198 196 196 194 194 187 187 183 187 185 187 187 185 183 185 182 181 182 182 183 180 183 177 178 182 181 179 176 177 177 173 171 177 176 181 99 54 53 92 105 60 56 52 70 106 76 56 60 61 97 91 62 61 56 82 103 69 61 56 67 102 78 53 57 58 94 93 65 62 61 62 61 60 61 63 93 93 92 127 179
170 171 172 172 171 171 172 173 174 173 174 175 176 177 176 175 174 184 187 174 135 51 17 17 15 15 14 12 12 10 9 8 7 7 7 7 7 14 160 181 208 217 213 209 206 202 202 203 201 199 197 195 196 196 191 190 190 193 193 191 191 191 189 186 186 187 185 185 182 184 183 180 184 184 182 182 183 183 181 177 179 179 181 95 51 51 90 105 60 54 53 69 104 74 52 57 59 97 90 60 59 54 81 102 66 58 54 64 102 78 50 56 56 92 92 63 60 60 62 65 64 66 65 62 60 56 114 180
127 128 130 133 134 134 135 137 139 140 142 142 145 145 145 146 145 170 182 173 179 178 181 179 177 174 173 170 166 164 161 159 155 152 148 145 142 140 180 179 210 220 218 213 210 209 208 206 205 203 200 202 201 198 196 194 189 193 192 192 191 192 190 181 182 182 186 189 186 184 184 182 183 183 179 181 183 182 182 181 181 183 180 102 72 63 88 100 95 94 94 94 98 96 93 91 90 98 96 90 89 91 94 96 88 87 85 87 97 90 80 80 81 92 91 73 71 71 70 67 64 65 63 62 60 58 116 180
34 36 39 42 46 51 55 58 61 66 70 74 77 80 84 86 82 127 185 174 183 189 198 197 198 197 196 196 196 196 196 196 196 195 195 194 194 194 192 179 209 218 218 214 213 210 209 205 203 203 201 203 199 197 197 194 192 193 192 196 192 191 193 190 188 184 184 190 185 185 182 184 187 188 182 183 184 184 183 182 182 185 187 115 84 74 90 100 103 103 103 102 100 101 102 102 101 99 99 103 101 105 100 96 101 100 102 100 97 98 100 99 99 95 97 101 98 100 96 71 64 65 62 61 59 59 115 180
19 18 18 23 22 25 25 27 29 31 33 36 38 40 42 45 41 103 184 173 168 158 163 163 162 162 161 161 161 161 161 160 160 160 160 159 158 160 187 180 206 217 216 214 212 207 206 206 204 203 202 200 194 195 195 193 195 195 189 191 191 192 193 191 190 191 186 188 183 184 179 179 184 187 185 183 185 181 181 178 180 183 185 112 79 70 86 98 93 93 92 95 100 96 92 91 92 97 97 96 94 95 96 97 95 94 96 96 98 95 96 95 95 98 100 102 99 100 97 97 94 94 89 62 56 56 112 181
16 13 12 14 14 18 22 22 23 22 23 24 23 26 26 24 19 92 184 173 173 182 188 187 188 185 184 183 182 180 178 178 176 176 175 173 171 171 191 180 202 208 214 207 208 208 206 205 204 205 203 202 198 196 197 194 194 194 194 193 192 189 190 189 188 187 188 187 184 184 186 184 186 186 184 184 184 180 181 178 178 181 187 101 54 53 86 98 62 57 54 69 104 74 57 59 60 95 90 56 57 54 80 98 63 57 55 65 102 76 55 57 57 89 92 66 67 69 69 96 99 98 95 88 84 81 120 179
17 10 10 10 11 10 11 12 13 13 15 16 17 15 15 15 10 88 185 172 159 168 174 172 175 174 172 173 174 174 173 174 174 173 173 174 173 174 192 181 207 214 218 205 208 211 206 205 203 202 202 201 197 198 197 194 192 189 185 185 188 185 185 183 178 176 177 179 179 181 182 182 181 181 177 176 175 176 171 164 172 172 175 102 59 57 86 100 64 61 56 71 104 77 63 64 64 96 92 59 59 55 82 101 64 58 55 66 104 78 53 56 55 89 92 59 61 63 62 75 76 78 76 99 99 94 126 178
17 10 10 10 10 10 10 10 10 10 10 10 10 10 12 12 6 86 184 174 157 167 176 174 173 170 169 169 168 167 166 165 164 162 162 159 158 158 190 182 211 218 220 213 211 211 210 209 208 208 207 206 204 203 202 199 200 194 192 192 195 195 194 192 191 185 181 189 189 189 189 189 189 189 188 187 185 184 181 174 182 181 180 106 59 58 86 100 65 61 56 71 104 79 62 57 58 96 91 60 61 57 82 102 63 55 55 66 102 78 55 56 55 89 93 60 63 65 63 57 57 59 63 86 87 85 120 180
14 11 10 10 10 10 10 10 10 10 10 10 10 10 11 11 5 86 184 175 160 176 188 188 188 187 186 187 186 185 184 185 184 183 182 182 181 182 192 181 211 219 220 213 207 205 214 211 209 209 207 206 204 203 202 201 200 198 197 197 196 194 192 191 191 191 190 189 188 188 188 187 188 188 187 186 186 184 182 175 184 185 193 110 55 56 85 99 62 57 54 69 105 78 61 54 55 97 92 57 57 54 80 100 62 53 53 63 104 78 52 54 53 88 93 61 61 64 63 59 58 63 67 60 61 59 108 181
7 8 6 6 6 6 6 6 6 7 7 7 7 8 8 8 3 86 185 173 147 134 144 145 146 148 148 149 150 151 151 153 154 155 155 153 153 152 182 176 210 218 220 213 208 204 214 211 205 210 207 206 204 203 202 200 200 198 197 195 196 194 194 193 191 191 190 191 189 188 188 188 186 186 188 187 186 186 183 178 182 184 190 119 71 65 93 102 93 93 91 93 101 92 86 89 90 99 96 84 84 85 93 97 84 80 80 82 97 86 76 78 78 91 91 72 70 72 69 62 59 62 66 64 65 62 110 180
39 37 36 34 33 33 33 33 33 32 30 29 28 27 27 27 20 97 187 171 131 45 26 30 33 36 41 46 51 54 59 64 69 73 79 83 86 85 166 181 213 218 220 212 208 201 213 213 210 210 208 206 204 203 203 202 201 199 198 197 195 194 193 191 193 191 189 190 189 188 188 189 187 185 186 186 185 183 183 179 182 183 189 127 86 78 93 102 105 106 107 104 101 100 102 107 105 101 100 100 103 106 101 100 99 100 99 98 95 97 100 102 104 98 96 102 99 103 100 70 62 63 64 64 63 62 110 181
189 187 187 185 185 186 187 187 187 186 185 185 183 182 182 182 180 184 184 172 124 37 13 14 15 16 18 19 20 22 24 26 29 31 34 37 38 44 161 182 214 218 220 215 211 205 212 212 210 209 208 207 206 204 202 201 201 200 198 198 196 194 195 193 192 191 191 190 189 189 189 188 188 186 186 185 185 188 184 178 182 183 188 124 82 74 87 101 98 97 97 98 103 99 96 100 101 100 99 94 95 97 96 98 100 101 97 97 97 98 103 100 100 95 95 103 101 104 96 99 95 96 94 67 62 60 107 182
176 177 177 176 177 177 178 179 179 179 179 180 180 181 181 181 182 189 188 172 117 35 10 11 12 12 12 13 14 14 15 16 17 17 19 19 20 28 161 181 212 218 221 215 211 208 214 214 211 202 207 208 207 206 204 200 201 200 195 197 196 195 196 194 193 191 193 191 190 189 189 189 189 188 188 185 186 188 185 179 183 184 191 110 54 55 86 101 66 62 59 72 108 78 56 58 59 99 95 60 61 57 79 104 68 59 62 67 99 83 59 60 59 86 95 74 71 72 69 97 99 100 99 100 93 88 117 180
143 144 144 144 145 145 145 146 146 147 147 147 148 148 147 146 144 169 189 173 107 31 8 10 10 10 10 11 10 11 11 11 12 11 13 12 13 22 154 175 203 207 212 203 202 207 204 205 200 194 198 198 202 201 199 190 191 192 187 191 193 189 189 187 186 188 186 185 183 185 184 178 176 179 181 184 185 183 181 174 180 182 186 111 57 56 86 101 68 64 61 73 109 79 56 58 59 102 97 62 61 57 79 106 66 56 58 65 102 82 54 58 54 88 98 67 62 63 61 76 77 78 78 105 100 95 122 180
173 173 173 173 172 172 172 173 171 171 172 172 172 172 171 171 170 185 189 174 120 28 8 10 10 10 10 10 10 11 10 10 10 10 11 11 11 21 161 179 209 213 214 208 206 209 206 205 202 200 198 193 198 198 197 195 195 194 192 192 191 189 188 186 186 185 184 185 183 183 182 179 180 171 171 172 170 169 167 160 163 166 166 100 58 56 87 103 64 60 62 73 110 80 57 59 59 102 98 64 62 58 79 105 68 57 55 64 101 90 58 56 72 113 101 70 65 65 63 58 58 61 63 87 86 79 113 181
161 162 163 163 162 162 162 165 165 165 165 167 168 167 167 168 168 182 190 172 118 27 8 10 10 10 10 10 11 10 10 10 10 10 11 11 10 22 165 181 211 218 210 209 204 209 210 208 207 205 202 196 198 197 197 193 194 198 189 187 190 187 186 186 184 182 183 183 183 184 187 187 183 178 178 178 177 176 173 170 167 171 167 95 57 55 87 102 67 58 59 72 110 80 54 58 58 102 97 62 61 56 77 106 66 54 54 61 99 107 78 65 82 88 96 64 66 66 62 61 61 64 68 64 62 60 104 182
150 151 152 151 151 152 152 152 152 153 153 152 153 153 152 151 150 176 191 170 102 23 2 3 2 3 2 1 2 2 2 1 1 2 3 3 2 14 168 182 211 217 213 212 211 212 212 211 206 204 203 202 202 204 203 204 192 142 188 198 169 194 192 191 188 187 190 188 188 189 190 190 184 172 171 178 178 177 170 169 171 171 165 101 73 64 86 104 94 92 90 93 101 93 83 82 82 102 96 82 82 79 87 98 84 82 83 86 96 91 89 89 71 51 91 80 70 77 66 63 62 64 65 66 66 63 105 182
176 176 175 176 177 177 176 177 177 178 178 177 179 180 179 179 179 187 189 172 144 148 145 142 139 139 135 134 132 130 129 126 125 122 118 113 109 113 178 181 211 218 218 214 213 215 215 215 211 206 197 194 203 205 204 210 86 21 71 70 49 155 198 191 192 190 192 196 191 191 192 194 191 184 183 183 179 180 177 176 175 178 179 121 94 81 91 106 113 114 113 110 100 103 106 104 104 105 99 104 104 105 100 97 108 114 124 102 87 101 90 108 58 27 68 103 56 87 98 73 64 67 66 67 65 62 103 183
153 155 155 155 155 155 156 157 156 156 156 155 157 158 158 157 156 178 187 173 164 192 198 199 199 199 200 201 202 203 202 201 202 202 203 202 201 198 191 180 213 219 217 213 212 212 214 214 212 211 204 197 200 197 201 141 20 27 42 37 24 76 182 188 185 184 182 186 187 185 185 187 186 183 180 176 173 180 181 176 177 178 172 111 85 75 89 106 110 109 109 109 104 102 104 101 101 101 100 102 101 104 100 98 107 112 110 79 69 80 80 85 27 17 41 54 40 104 102 102 97 98 98 74 64 62 102 184
65 66 69 71 76 78 80 84 87 89 91 96 99 102 102 99 95 139 188 171 143 157 160 160 161 161 162 162 164 164 165 165 166 166 166 165 165 167 189 181 212 216 216 209 208 210 209 207 206 205 201 199 201 201 204 69 21 24 34 41 25 41 150 193 183 185 185 184 190 188 186 184 185 184 180 179 179 181 179 176 178 179 183 103 58 56 86 102 71 65 64 74 105 81 64 64 64 95 95 65 65 65 82 101 75 68 67 62 33 48 41 45 22 16 32 52 84 94 87 100 102 100 98 98 95 92 115 182
18 17 18 22 22 25 27 29 31 34 36 39 41 44 48 51 45 108 186 171 149 167 170 170 172 170 169 170 171 171 169 169 168 168 168 167 166 168 189 181 216 218 218 213 207 210 208 209 209 209 203 197 194 200 166 28 26 24 29 39 26 34 103 189 184 187 180 180 182 180 179 177 181 181 179 177 176 174 172 167 169 174 178 106 57 55 86 104 70 66 64 74 107 82 65 65 64 96 96 65 64 61 81 105 72 63 66 59 18 22 22 23 18 28 60 49 73 50 61 77 79 77 76 98 100 97 121 181
16 12 12 15 13 19 22 24 24 23 25 26 26 28 24 24 19 97 185 171 156 167 173 172 175 176 177 179 179 180 179 180 180 181 182 182 181 180 190 181 218 221 223 217 214 219 219 216 213 213 211 210 205 215 96 18 24 29 32 68 104 45 64 190 198 196 193 194 192 191 191 189 191 191 190 187 184 184 184 172 178 186 189 114 57 55 86 103 72 67 65 73 110 84 65 65 63 96 96 67 66 62 83 105 80 82 61 68 42 25 13 18 29 43 33 43 41 41 66 65 63 66 65 77 79 77 107 183
15 10 9 10 11 10 10 11 11 12 13 13 15 15 14 15 9 93 186 169 150 148 155 155 155 156 156 157 158 159 158 157 157 156 156 155 153 158 189 181 217 221 224 216 212 220 218 215 214 213 212 210 209 205 55 21 32 82 74 141 179 93 66 189 197 196 195 193 192 192 192 190 191 190 190 190 191 190 187 179 186 188 195 115 57 57 86 104 69 65 64 71 107 83 64 63 62 95 98 68 67 62 81 107 87 77 84 57 53 30 17 27 33 21 24 32 39 74 65 68 66 68 67 63 62 61 97 184
15 10 10 9 10 10 10 10 10 10 10 10 10 10 12 11 5 92 187 172 158 173 179 179 181 182 182 185 185 184 184 186 185 183 183 183 182 184 191 180 216 221 223 217 216 219 218 217 214 213 212 211 213 187 34 24 49 113 148 172 177 164 132 188 198 194 194 194 193 192 193 191 192 190 191 190 190 189 186 181 186 187 194 120 63 59 86 100 86 82 81 83 101 89 81 80 77 96 96 80 78 75 86 111 97 60 43 52 33 13 25 78 34 18 25 34 93 89 77 86 71 69 65 65 64 64 98 184
12 11 10 10 10 10 10 6 5 6 7 8 9 9 10 10 4 91 186 168 141 140 147 148 151 153 154 157 158 158 159 160 162 161 161 160 160 163 184 177 217 218 222 218 216 219 218 216 214 214 212 211 215 181 31 23 55 103 144 169 176 173 140 188 199 193 193 194 193 192 193 191 191 190 189 189 189 189 187 181 186 187 193 135 87 77 90 103 107 108 108 105 98 104 108 107 107 101 101 106 105 106 101 101 66 42 45 50 14 8 12 78 67 29 22 52 72 94 97 70 73 73 68 65 62 64 97 185
10 10 10 10 10 10 8 36 50 43 32 24 19 16 13 11 3 92 186 165 116 42 39 41 42 46 49 53 57 60 64 69 74 78 83 87 90 97 173 177 219 221 222 218 216 219 218 216 214 213 212 211 210 177 31 23 69 86 89 88 140 112 102 183 197 195 195 193 193 192 193 191 191 190 189 189 190 190 187 181 186 187 192 132 83 76 86 102 108 108 108 103 100 104 109 107 108 102 102 106 103 107 102 94 53 15 27 20 11 8 25 58 55 36 20 33 76 111 78 54 83 103 98 77 68 66 99 184
2 3 3 3 2 3 1 17 35 45 51 55 58 64 64 18 0 91 187 161 107 22 9 10 10 11 12 13 13 15 16 17 19 21 23 26 27 43 170 179 220 222 222 218 216 218 218 216 215 214 212 211 213 177 28 25 73 58 80 121 134 97 107 191 196 195 196 194 193 192 192 191 192 190 191 191 190 189 188 182 185 188 193 121 62 59 82 102 72 66 66 73 103 85 66 70 72 94 96 68 89 74 82 95 69 28 18 26 18 8 36 18 28 30 31 48 98 43 36 66 82 106 101 105 104 99 118 183
70 69 68 68 66 65 63 63 61 59 58 57 55 56 58 58 53 118 186 162 94 21 9 10 10 11 11 11 12 11 12 14 14 13 14 15 13 35 172 178 217 221 222 215 212 218 215 214 213 211 211 209 211 182 41 22 70 112 108 144 143 129 151 195 196 192 188 186 190 191 190 191 189 187 181 180 185 185 184 176 177 184 188 120 60 59 83 105 65 59 59 68 107 83 58 66 65 95 98 57 94 78 76 116 101 53 33 30 16 49 53 19 27 30 36 47 55 15 19 66 72 77 77 99 105 101 116 182
196 196 196 197 196 196 197 198 198 198 198 199 198 199 199 198 196 193 185 162 72 20 9 10 10 10 10 10 10 10 10 10 11 10 11 11 9 35 174 179 196 200 204 199 200 206 211 211 207 205 204 200 201 199 76 30 59 125 163 142 132 162 171 190 189 188 184 186 186 185 184 184 183 183 181 180 181 179 177 175 176 178 180 114 62 59 83 104 66 60 61 70 106 84 60 66 68 97 98 61 67 77 81 115 93 56 31 17 23 61 19 15 19 22 39 44 33 7 20 72 62 61 65 73 75 76 98 183
170 171 171 171 171 172 173 173 173 174 175 175 174 175 176 175 175 186 189 163 65 16 9 10 10 10 10 10 10 10 10 10 10 10 11 11 8 33 172 178 196 205 206 206 204 208 208 205 205 204 202 199 197 202 103 51 45 98 152 115 111 158 162 189 188 189 187 185 185 183 181 180 183 183 181 180 181 181 177 176 175 170 177 109 61 59 83 106 65 59 58 67 107 85 58 64 72 107 101 64 66 86 89 86 55 29 19 16 29 46 35 16 42 68 39 47 24 39 45 82 61 64 69 65 64 64 94 184
142 143 142 142 143 143 145 143 143 144 144 145 145 145 146 145 141 172 192 162 63 15 9 10 9 10 10 10 10 10 10 10 10 10 10 10 8 32 173 180 207 212 213 212 210 212 214 212 209 207 206 206 201 210 142 32 35 83 148 112 46 124 156 199 197 198 196 189 188 191 188 187 187 186 185 183 181 186 184 180 180 173 172 101 62 58 82 102 76 71 70 76 103 88 68 72 74 88 99 73 68 79 103 54 40 35 31 25 55 22 31 45 41 75 23 46 68 86 75 69 60 62 66 68 67 67 95 183
176 176 178 177 177 177 178 179 176 178 177 178 177 179 178 178 177 190 191 162 60 10 2 2 2 2 2 3 3 3 3 3 3 3 3 5 2 28 175 182 209 210 211 208 211 212 212 214 209 209 206 205 202 209 185 35 27 39 87 51 70 50 135 204 196 196 196 194 192 193 190 188 188 190 191 187 186 190 191 188 189 188 192 120 87 77 89 102 104 105 106 106 105 102 103 103 104 78 76 104 107 69 80 32 24 36 56 57 61 40 45 93 28 62 24 49 60 91 98 85 62 65 66 68 66 65 93 184
151 151 153 153 153 155 154 156 156 157 156 156 157 156 158 160 159 178 190 164 98 85 80 78 78 78 81 81 78 78 78 77 75 74 71 69 67 84 181 181 203 208 210 211 211 212 209 207 203 202 203 202 200 199 203 87 33 28 38 82 98 65 138 196 187 187 188 186 184 184 184 182 182 181 180 179 179 183 179 176 179 177 178 117 88 78 85 104 107 106 107 106 104 105 106 106 109 102 45 61 83 63 45 22 18 52 83 69 48 50 44 72 25 49 26 47 61 90 103 116 96 96 95 81 72 72 95 183
157 157 157 157 157 158 159 159 158 159 159 157 157 157 158 158 156 180 187 170 154 190 195 195 198 200 201 202 202 203 204 205 205 205 204 203 202 201 192 180 201 207 210 212 215 216 212 209 207 204 204 203 201 202 204 182 54 23 35 48 43 53 174 197 197 199 202 199 193 193 194 188 187 188 189 187 187 187 184 181 187 185 184 117 68 67 87 101 77 71 73 78 103 91 72 73 77 96 51 23 61 94 59 15 21 60 74 67 25 18 22 45 33 50 33 43 89 96 127 106 108 98 98 101 98 98 110 182
173 173 174 173 172 174 174 174 174 175 176 175 175 175 175 177 177 188 186 165 139 164 164 165 167 169 169 171 172 173 173 174 175 174 173 174 174 175 189 182 215 216 220 215 209 212 214 210 204 207 202 203 203 205 202 185 66 40 23 30 37 72 191 202 208 210 210 207 206 206 208 193 182 181 182 181 181 180 178 173 175 179 176 103 70 81 115 110 63 56 56 65 107 86 60 58 58 91 59 44 67 45 32 30 30 59 48 44 25 20 24 35 47 54 29 28 93 81 105 89 79 83 72 93 98 99 110 181
142 143 143 143 144 144 145 146 145 146 147 147 148 148 148 148 147 171 182 159 132 149 148 149 151 150 152 153 154 155 155 155 155 155 155 155 155 161 189 182 220 221 222 218 216 220 217 216 213 213 209 207 209 210 212 176 55 56 35 25 28 127 178 213 206 209 208 206 206 204 206 199 192 191 190 189 190 190 181 174 181 182 160 91 98 79 86 106 66 58 58 66 108 93 68 69 72 96 61 51 34 13 18 46 22 49 33 43 28 20 33 40 29 30 20 56 106 114 83 36 67 63 65 66 67 66 88 183
33 34 35 38 40 43 46 48 50 53 56 59 63 65 69 72 68 124 179 156 147 179 176 177 182 183 183 184 185 185 185 185 185 186 186 186 185 187 191 182 221 222 223 218 217 218 217 217 222 220 215 208 208 208 212 166 58 50 49 35 135 217 132 184 212 200 208 206 204 205 204 199 192 192 191 192 193 193 173 154 172 191 112 44 90 65 38 99 67 57 57 63 107 99 69 57 73 72 39 51 22 11 17 47 44 37 16 37 28 16 45 32 22 45 27 84 63 77 71 30 70 78 68 64 62 63 88 183
11 8 8 13 10 14 17 19 19 19 22 23 21 22 22 22 18 102 180 157 128 143 142 142 144 146 147 149 151 152 152 152 152 152 151 153 151 158 189 181 219 221 222 220 225 217 216 224 228 227 224 222 218 217 203 106 125 86 46 84 197 199 154 50 174 212 205 202 199 205 205 199 193 191 192 192 193 192 154 96 113 155 83 27 80 34 35 90 75 74 70 69 103 84 44 39 42 44 26 48 21 28 23 51 51 28 12 37 23 22 34 15 25 62 14 60 24 53 78 66 86 74 76 64 64 64 88 184
13 10 10 10 10 9 10 10 11 11 12 13 13 13 13 12 7 97 181 162 151 174 175 175 176 176 177 179 180 179 180 181 181 179 179 179 179 182 190 179 219 222 223 220 226 218 217 228 224 224 222 220 218 230 125 88 177 195 173 197 199 191 166 20 37 136 197 212 191 195 203 198 193 192 192 192 192 190 152 59 39 77 49 23 78 52 69 109 102 77 96 104 103 84 37 13 40 42 42 40 23 37 44 47 42 88 41 43 13 26 30 15 34 56 23 49 17 37 79 72 73 89 77 65 62 63 88 183
13 10 10 9 9 9 9 10 10 10 9 10 9 9 10 10 3 96 181 164 139 159 162 161 164 166 166 168 168 168 169 170 171 172 169 170 169 172 187 179 220 223 223 220 224 219 219 229 226 226 224 220 230 159 26 98 165 215 205 185 198 203 167 26 24 18 45 107 167 193 200 196 193 193 192 191 192 188 151 65 20 33 36 26 63 22 72 115 41 22 62 106 100 83 85 42 28 12 12 17 27 30 63 40 36 71 82 59 15 22 20 15 35 42 32 28 29 18 45 42 75 107 98 87 79 81 94 181
11 10 9 9 9 9 10 10 10 9 10 10 10 10 10 10 3 97 182 161 95 79 77 78 80 81 83 86 90 92 96 99 101 103 105 108 109 116 177 178 219 223 223 221 224 219 219 229 229 227 227 236 146 20 21 104 148 207 196 207 199 203 172 27 25 27 27 18 32 131 202 198 194 185 192 191 193 197 162 78 41 32 65 56 49 8 63 71 26 19 56 85 101 83 77 81 34 13 11 14 25 44 62 42 26 28 34 57 41 42 51 12 27 44 32 20 39 36 29 53 73 88 102 106 104 108 109 180
10 9 10 8 8 8 9 9 9 8 9 9 9 10 10 10 2 98 181 157 65 15 5 6 7 7 8 10 11 12 14 16 18 20 22 24 23 43 170 178 217 223 220 220 224 217 218 228 228 228 219 122 25 22 26 122 136 186 188 209 206 206 176 30 26 28 30 29 18 51 194 193 189 179 191 191 188 181 126 51 27 40 46 43 23 17 57 36 20 39 52 64 109 84 54 60 16 11 20 21 30 32 62 72 36 29 41 79 46 49 49 56 19 29 25 20 37 32 39 58 66 76 74 93 101 104 107 180
9 9 10 9 9 9 9 9 9 8 9 9 9 9 10 10 2 98 183 159 65 19 9 10 10 10 10 10 10 11 11 12 13 12 12 12 10 35 170 177 214 219 216 216 219 213 214 220 228 187 61 15 24 23 28 169 195 203 196 208 207 207 180 33 27 27 29 27 21 35 181 190 183 184 186 186 133 59 37 33 45 69 49 36 17 18 66 43 34 40 70 78 108 86 55 29 14 14 16 22 74 77 51 44 47 37 61 37 35 21 33 40 23 29 23 17 41 34 41 68 58 75 64 64 65 65 83 180
3 3 3 3 3 2 3 3 3 2 3 2 2 3 3 3 0 96 181 157 63 19 9 10 10 10 10 10 10 10 9 10 10 10 10 11 7 34 170 177 215 219 217 215 215 212 214 226 173 31 21 24 21 21 24 165 207 204 194 206 205 205 183 35 26 26 26 22 20 20 150 189 182 184 185 174 96 32 26 58 46 35 40 56 24 31 104 89 34 62 61 70 105 87 52 31 13 11 11 31 78 135 108 33 79 48 63 35 25 29 18 24 14 20 26 26 49 48 57 68 62 70 67 64 65 64 84 180
60 62 62 62 62 62 61 61 61 62 61 61 61 63 59 60 58 127 181 159 66 15 9 9 9 9 9 9 9 9 10 9 10 10 10 10 8 33 170 177 212 209 211 217 217 218 216 224 103 13 24 24 20 17 18 156 201 203 187 200 206 206 187 35 22 25 27 23 23 17 121 195 186 189 191 172 92 23 40 58 21 21 36 69 34 42 105 98 75 58 63 79 106 87 62 43 18 30 27 30 57 99 133 81 74 40 53 38 20 16 13 18 19 19 21 32 53 52 60 66 64 62 66 66 64 64 83 181
152 195 191 191 191 192 193 194 193 194 195 194 195 195 194 195 193 193 181 159 66 14 9 9 9 9 9 9 9 10 10 10 9 9 10 10 7 34 170 177 213 213 217 221 219 220 220 222 73 18 24 25 23 23 20 155 201 209 187 204 204 204 188 38 25 27 25 19 18 14 82 203 195 192 193 185 146 57 32 30 17 23 34 56 30 52 100 83 85 72 89 57 69 101 92 65 59 66 54 33 43 44 85 57 42 55 96 39 24 16 13 15 22 21 19 32 60 83 75 77 66 68 71 66 61 63 82 179
104 167 167 167 167 167 168 169 170 169 170 169 171 171 170 171 171 185 184 158 63 16 10 9 9 9 10 9 9 10 10 10 10 10 10 10 7 35 170 176 210 214 215 218 215 214 218 205 42 22 24 25 23 25 19 149 200 208 182 204 204 203 188 38 26 28 24 20 19 16 57 192 189 188 187 184 177 87 38 48 30 28 32 57 27 53 83 89 67 73 54 28 49 69 24 18 44 44 55 38 28 29 23 29 49 72 107 87 42 11 19 19 25 27 23 37 72 86 92 99 95 97 95 87 82 85 92 177
75 108 136 135 135 135 135 136 136 137 138 138 138 139 138 138 136 173 183 157 65 10 2 2 2 2 2 4 6 1 1 1 2 3 2 3 0 32 174 176 213 218 216 217 220 213 218 194 30 21 21 23 21 20 14 140 199 205 180 201 205 203 188 37 24 26 26 19 19 19 38 182 189 187 190 187 126 72 49 65 80 32 46 40 29 59 70 53 36 45 50 52 68 46 14 29 39 43 58 30 27 25 13 49 65 92 33 61 82 30 20 20 19 24 26 43 71 72 87 95 100 107 100 99 100 102 104 178
93 92 156 170 170 171 172 173 171 171 173 173 172 173 173 173 172 188 180 163 111 84 77 75 76 82 81 99 120 116 112 102 89 80 78 77 77 95 180 177 214 219 219 218 221 211 216 185 24 20 20 22 21 20 14 130 203 203 184 200 204 200 189 37 25 26 23 18 18 18 29 169 183 185 191 159 64 18 56 59 73 36 35 22 54 79 43 43 30 42 84 75 98 33 28 37 40 32 31 28 23 12 10 46 31 60 31 64 94 52 30 19 19 23 33 45 57 65 60 66 71 75 72 90 99 95 99 176
45 52 108 147 147 148 148 149 149 149 149 149 152 152 150 151 149 174 179 169 162 198 193 196 200 201 201 200 199 199 203 204 205 204 205 204 204 202 187 177 220 221 223 226 230 220 227 174 19 21 19 22 21 21 13 114 202 199 190 198 203 199 186 36 21 71 55 15 18 18 23 160 187 195 193 97 27 25 24 24 51 48 33 14 45 61 44 67 39 67 73 75 90 47 58 52 38 67 49 36 27 11 19 56 34 42 30 28 67 65 26 15 21 22 51 67 52 72 82 64 57 60 64 61 59 60 75 177
23 69 93 148 146 148 147 149 149 149 150 150 152 153 152 152 150 179 177 167 150 168 166 168 168 167 169 170 171 170 172 173 173 172 172 172 173 174 187 178 220 219 223 226 228 219 231 168 18 20 17 20 20 20 13 94 201 191 195 197 200 195 183 31 28 73 74 13 17 18 21 162 192 195 176 98 29 34 24 36 57 45 34 18 31 86 47 70 82 94 56 66 92 77 56 47 43 69 21 36 22 12 31 40 25 43 34 7 45 104 44 9 19 16 62 74 63 67 61 64 60 62 65 61 61 63 78 177
38 82 103 162 155 156 163 168 168 168 167 168 170 172 171 170 169 183 176 164 145 150 150 148 150 149 150 151 152 152 153 153 154 155 155 155 155 163 188 179 221 221 224 224 219 219 228 170 19 20 17 18 20 20 14 75 199 183 191 201 203 195 181 28 22 28 22 36 18 17 23 166 185 193 180 106 42 29 19 36 48 67 52 15 31 74 47 73 90 98 70 71 103 88 36 24 54 59 14 32 14 10 57 58 34 45 23 8 30 100 82 18 19 20 58 68 64 60 62 62 61 62 66 62 61 62 77 176
60 61 88 60 57 90 131 137 135 137 137 138 139 141 142 141 139 165 170 160 164 182 179 180 182 182 181 183 184 184 184 184 184 185 185 185 185 187 188 179 221 225 223 220 215 219 229 176 20 19 17 16 19 20 15 57 193 177 181 195 198 197 174 27 43 40 34 15 16 16 25 173 192 195 185 83 20 14 16 40 55 64 51 22 42 91 38 55 71 101 93 89 98 94 24 17 65 43 15 24 12 14 93 51 40 44 24 33 21 82 100 26 24 28 44 61 77 79 84 80 68 67 69 63 59 61 75 175
78 37 46 18 23 48 40 38 38 41 43 44 45 46 49 51 48 113 172 155 141 146 145 144 145 146 146 147 148 149 150 150 150 150 151 153 152 157 184 178 222 224 224 220 212 218 229 190 27 17 17 16 19 20 15 40 182 172 179 197 194 197 157 23 38 43 43 25 19 15 29 172 191 198 171 41 19 22 25 75 69 71 34 26 54 80 33 65 77 81 105 100 98 91 24 21 51 20 18 20 11 14 75 29 18 24 26 56 39 92 79 29 21 31 41 55 91 95 96 100 99 97 95 93 86 83 90 174
45 61 45 20 41 15 13 6 6 8 11 12 11 12 9 10 4 99 173 157 150 174 175 173 175 175 175 177 177 177 179 180 179 179 179 179 179 182 185 176 222 225 223 220 215 217 229 177 20 18 16 15 18 18 16 25 163 169 178 202 195 202 132 12 11 42 67 42 23 14 17 148 198 194 118 46 25 19 21 47 62 52 34 46 45 83 70 61 60 65 67 107 99 86 32 23 31 21 12 16 11 26 65 33 15 14 33 65 70 85 81 29 29 47 48 56 90 93 94 98 98 96 96 103 102 100 101 174
21 66 58 42 72 43 4 34 41 31 25 22 19 14 10 9 3 99 174 156 138 165 163 162 164 165 166 168 166 168 168 169 170 170 170 168 168 171 180 173 220 221 223 221 218 218 234 158 14 19 16 15 16 18 16 14 132 171 172 199 193 196 104 17 44 41 58 42 25 17 11 74 205 145 47 41 28 17 20 9 62 58 28 31 31 53 63 50 79 60 49 87 101 85 40 22 20 22 11 14 10 32 53 29 14 10 20 68 82 82 80 25 31 71 43 54 63 56 58 66 74 73 70 84 92 96 95 174
20 51 57 30 50 61 24 26 40 45 48 55 60 61 55 12 3 98 173 149 91 79 77 79 78 78 80 81 81 83 84 88 90 92 95 96 98 108 164 169 221 224 223 220 217 218 236 139 12 20 17 15 15 18 17 12 102 174 164 197 193 191 72 15 60 64 102 138 86 11 14 41 187 130 46 41 21 21 34 11 25 50 46 23 28 47 90 31 56 55 23 77 111 88 49 29 25 15 12 14 8 29 36 29 11 9 19 50 59 54 55 17 40 77 51 65 66 58 63 60 56 59 63 61 58 59 67 157
34 31 79 58 48 66 20 5 5 3 3 4 5 7 9 9 3 97 170 146 62 9 3 4 4 3 4 4 4 5 6 7 8 8 9 11 11 35 167 177 219 220 220 219 218 217 238 123 13 21 17 15 15 17 18 12 88 177 164 197 195 200 156 15 87 75 83 123 109 18 16 26 161 98 45 44 40 53 31 14 14 71 43 38 16 52 75 26 62 53 19 70 106 90 50 45 33 14 12 17 8 21 29 30 7 11 30 61 65 33 40 10 33 71 56 64 71 58 63 61 58 61 64 63 63 62 67 105
27 11 79 57 38 29 7 8 11 11 11 11 9 8 8 8 2 97 172 147 68 15 9 10 10 10 10 10 10 10 10 10 10 10 10 10 6 34 168 174 195 205 205 213 214 213 232 112 11 19 18 15 14 17 19 13 82 177 160 193 196 193 121 14 21 29 97 122 111 31 20 18 130 119 106 88 75 60 15 15 49 38 22 58 32 114 83 34 86 52 40 77 101 89 47 52 45 20 14 18 12 13 33 43 8 14 34 71 45 27 31 12 27 50 35 65 69 62 62 64 64 61 65 62 61 62 66 106
31 22 56 31 34 35 8 8 27 29 20 21 20 22 21 10 3 98 173 147 63 10 9 9 9 9 9 9 10 10 9 10 10 10 10 10 7 33 165 173 195 208 212 211 208 199 205 98 16 22 22 20 16 16 16 12 59 166 155 176 186 180 47 16 18 28 76 111 120 39 16 12 119 161 136 124 75 13 12 24 60 35 33 69 94 134 79 17 60 68 82 97 101 94 76 81 77 48 17 17 14 16 35 51 12 23 54 90 42 26 33 15 21 57 24 60 82 80 79 76 67 65 68 64 60 60 65 111
39 35 35 23 19 47 18 8 36 37 24 19 15 26 28 20 46 106 163 149 62 9 9 8 9 9 9 10 11 11 9 8 5 5 9 10 6 33 163 173 204 204 204 200 200 201 214 86 21 26 21 19 18 16 17 14 54 165 154 169 178 195 78 13 16 23 69 114 114 41 19 19 131 188 180 152 67 9 16 34 36 22 29 91 95 103 82 23 37 74 58 108 101 99 100 100 100 70 23 15 19 20 33 38 21 41 83 101 60 18 27 17 25 47 20 62 103 100 98 99 97 94 93 92 87 86 83 116
42 35 25 16 18 42 63 9 30 36 39 38 38 34 29 22 49 61 96 150 66 9 8 8 9 8 6 27 57 58 59 60 55 47 14 9 7 35 165 173 208 214 213 210 204 211 216 70 15 19 18 17 16 17 22 23 52 160 157 163 175 159 39 13 12 23 57 110 95 31 23 17 127 190 186 166 61 16 24 31 27 15 43 45 34 86 85 24 27 69 38 92 97 99 100 98 96 81 37 19 18 20 34 36 30 63 93 99 76 21 25 20 37 44 23 66 100 98 93 94 99 100 98 97 97 94 93 118
47 33 26 20 46 32 58 7 8 10 12 14 15 15 14 29 45 40 56 102 66 9 9 8 8 9 9 7 5 7 12 15 18 18 11 9 6 36 167 173 207 212 213 212 211 214 222 69 20 23 20 19 20 21 21 20 35 150 160 170 182 100 24 16 14 23 24 23 23 20 21 21 154 188 186 175 62 29 14 20 26 11 45 28 28 57 54 48 42 50 38 66 95 87 59 59 58 75 47 18 22 20 44 36 29 56 58 60 73 19 16 28 52 43 34 61 61 59 57 65 73 73 71 79 86 83 83 116
94 70 76 59 66 70 112 134 133 133 133 133 133 135 137 66 30 51 50 74 78 15 8 8 8 9 9 9 9 9 9 9 8 8 10 10 6 38 164 170 207 208 218 215 211 213 216 57 15 17 18 17 16 14 13 12 17 135 164 159 169 176 77 10 14 14 17 15 13 14 12 31 181 188 189 187 98 106 31 20 26 14 42 23 18 33 61 48 50 54 57 71 97 86 57 59 57 77 60 21 24 27 44 28 50 69 58 58 72 20 12 41 50 36 30 63 55 55 60 61 57 58 61 60 57 57 61 98
107 125 122 91 105 69 77 169 175 174 173 173 173 176 170 49 36 64 65 65 72 52 5 5 6 6 7 7 4 4 5 8 8 11 9 7 4 37 169 171 216 213 213 209 210 210 187 26 18 17 16 16 15 16 16 16 16 115 159 146 162 192 97 10 16 15 23 21 14 15 12 111 187 182 183 183 150 134 72 44 27 14 46 21 16 14 30 39 68 55 74 65 97 88 57 59 56 67 48 26 16 34 35 28 55 65 57 59 70 18 13 37 42 42 39 70 59 58 61 63 61 60 64 62 61 61 65 103
53 91 91 86 80 103 103 114 135 139 137 137 137 139 131 36 34 40 54 56 38 73 33 19 23 22 23 21 43 55 60 63 66 62 33 20 17 55 179 175 221 220 215 211 215 213 158 16 20 19 17 16 16 16 16 16 14 105 163 146 164 189 94 10 17 15 21 22 16 14 80 188 186 190 192 193 189 160 122 119 45 7 17 21 21 36 16 43 76 88 72 58 98 87 56 57 56 67 47 26 21 38 19 28 60 64 55 58 67 14 14 22 45 57 53 63 57 59 61 62 62 60 62 61 61 60 64 101
55 48 53 89 64 46 67 117 122 128 127 126 126 129 129 55 25 32 43 58 53 63 149 178 177 178 180 180 183 184 182 180 179 176 180 180 179 183 187 177 219 215 217 208 209 219 149 14 20 19 16 16 16 15 15 16 12 91 165 147 158 180 115 10 15 14 18 22 50 86 186 184 189 193 191 191 188 177 167 162 50 12 16 21 25 32 23 32 67 73 71 72 94 87 72 71 72 63 43 28 29 30 18 42 72 75 72 74 56 18 13 15 33 51 71 77 69 69 70 68 65 63 65 63 60 60 63 107
53 21 27 74 85 72 72 129 156 160 159 159 159 135 107 98 50 40 49 45 59 55 113 180 176 177 178 179 180 180 180 182 183 183 182 182 182 184 188 178 220 217 216 216 215 219 178 24 17 19 17 16 17 16 15 16 12 70 139 119 150 178 155 20 22 29 18 19 29 51 142 192 191 192 192 191 191 177 186 189 72 20 17 23 22 17 28 31 60 82 99 100 96 93 101 98 101 84 36 26 26 22 21 44 73 95 99 99 59 31 12 15 18 13 60 92 98 95 95 95 97 94 93 90 89 87 85 123
22 18 17 54 118 88 47 116 119 111 110 111 110 76 39 43 60 95 89 38 62 54 83 136 137 137 139 140 141 141 143 145 144 145 145 146 145 155 188 179 220 220 215 217 216 217 187 28 15 16 16 15 15 15 15 15 11 60 134 105 151 173 175 63 31 43 19 18 41 52 59 177 192 190 189 187 189 188 189 192 110 20 22 21 22 22 23 22 61 83 99 101 99 96 101 99 101 82 32 26 25 24 29 40 72 97 97 92 67 46 12 12 14 20 67 97 96 96 95 96 98 94 94 97 99 94 92 122
67 23 13 29 100 116 88 110 147 149 148 149 127 69 22 21 96 145 93 74 60 54 88 161 171 169 171 171 172 173 174 174 173 174 175 176 176 180 188 179 221 222 219 216 213 213 176 27 18 17 16 15 14 14 11 12 12 51 113 78 115 173 174 97 36 43 21 16 37 59 45 137 196 191 189 188 189 189 189 193 128 21 26 27 25 26 21 20 63 88 67 50 93 87 65 62 64 75 34 26 20 26 39 39 67 65 57 54 70 71 15 12 14 40 84 77 60 62 62 65 72 70 70 76 85 79 76 112
89 41 14 14 65 85 66 98 140 142 140 126 105 52 22 33 67 114 67 74 59 80 121 155 151 151 152 152 154 155 155 155 156 157 156 157 156 162 183 176 219 219 217 213 210 213 181 29 17 17 16 15 15 24 46 34 8 59 109 94 115 156 143 42 41 40 22 14 29 52 49 111 194 191 190 188 190 188 189 191 114 21 32 29 28 30 26 35 68 61 71 40 93 84 46 41 45 73 35 23 19 19 41 42 53 49 44 37 76 90 26 10 10 50 95 70 52 53 56 56 52 55 59 58 54 54 56 110
118 48 22 32 43 74 78 78 75 71 71 61 62 43 22 29 50 55 38 40 84 113 148 153 150 150 153 154 154 155 155 157 158 159 159 160 159 166 182 176 220 217 216 211 209 211 194 42 15 16 16 15 14 16 35 68 63 82 114 94 59 98 108 22 39 35 21 13 24 44 47 100 193 190 188 187 189 187 189 191 103 21 30 31 24 27 33 54 65 52 65 50 91 83 37 40 37 70 38 29 25 22 35 49 84 48 37 35 75 95 29 7 12 55 96 73 54 56 59 59 58 57 61 60 57 57 59 113
94 57 49 42 26 60 95 66 42 37 33 28 24 18 11 43 64 59 42 34 80 128 147 155 175 172 173 174 175 175 177 176 176 177 177 177 176 178 180 174 220 217 216 214 212 211 202 55 13 16 15 14 14 14 11 9 31 83 128 99 27 27 33 21 32 31 20 14 20 41 41 97 192 190 189 188 187 187 188 193 100 22 25 28 23 30 51 79 65 42 61 71 93 82 31 35 31 67 33 27 28 27 39 49 92 52 40 34 76 94 34 11 30 64 95 73 53 56 60 59 59 57 61 60 57 57 60 60
47 29 51 34 33 50 91 39 27 42 62 61 52 21 22 53 51 78 40 36 49 77 78 86 116 116 116 114 117 119 121 123 125 126 127 129 127 136 173 172 218 216 212 201 195 208 203 88 11 15 15 15 14 15 14 14 12 8 30 59 19 13 12 19 27 31 20 14 19 34 27 103 186 183 179 176 177 173 176 185 99 21 28 22 17 34 79 101 52 37 50 68 94 82 48 50 48 72 38 25 35 23 48 58 87 66 53 49 80 90 48 18 41 69 91 76 59 60 63 63 60 59 62 61 57 57 61 44
34 51 59 34 47 52 66 7 5 11 24 51 39 18 37 40 46 63 45 48 53 68 59 15 10 10 15 32 26 19 15 12 13 11 13 14 12 50 164 170 205 203 204 154 142 200 206 169 18 14 15 15 14 14 13 20 14 13 11 10 14 13 13 14 19 22 17 13 16 26 15 94 190 180 175 177 176 171 180 182 105 22 26 22 18 38 76 61 42 54 55 64 91 92 96 93 94 95 45 32 34 26 63 59 92 94 91 89 90 92 73 16 66 91 88 97 96 92 91 93 89 84 84 88 87 86 88 76
21 34 25 46 59 62 69 10 7 8 4 31 61 22 16 36 39 48 69 77 54 37 58 28 4 7 9 52 78 76 79 80 82 61 8 8 4 47 164 166 198 194 166 120 127 170 171 190 43 10 16 17 13 18 13 26 15 12 12 11 12 11 12 12 16 17 13 13 15 20 23 116 178 173 173 175 174 173 175 177 110 22 30 27 21 58 44 60 47 53 49 65 91 93 96 96 97 97 51 29 38 25 53 48 77 96 93 95 92 93 69 19 85 93 88 97 98 94 92 92 92 92 90 91 91 95 92 76
11 13 37 36 50 74 94 67 7 7 10 36 57 43 8 26 33 74 100 70 67 31 51 60 10 8 7 6 9 11 13 18 27 30 9 8 5 45 164 168 210 190 108 83 110 101 112 184 91 7 13 12 17 55 43 11 13 12 13 13 13 12 12 12 14 16 13 13 14 14 74 198 183 177 177 180 176 172 173 181 102 20 33 28 23 44 49 64 49 66 43 60 92 86 63 64 64 80 54 26 42 28 57 41 57 59 55 58 77 86 49 20 65 64 86 75 62 60 71 77 64 67 78 78 72 72 80 79
13 16 22 17 47 65 66 61 22 5 13 27 40 35 11 15 32 93 69 63 62 53 44 60 14 7 8 8 5 4 3 4 5 10 10 8 5 41 164 165 212 145 79 78 84 81 79 142 138 7 11 10 36 50 66 36 11 12 13 13 12 12 12 11 12 14 12 14 15 9 85 192 181 178 173 178 179 179 179 182 99 24 32 29 24 47 46 69 45 54 56 45 82 82 37 40 26 66 58 26 39 28 61 51 66 21 20 19 66 86 32 28 59 35 88 52 10 19 67 55 6 19 70 53 29 39 71 46
28 18 27 21 47 53 50 74 33 4 18 25 24 23 11 19 38 57 33 72 46 74 55 58 36 6 9 7 36 59 63 48 59 53 19 7 5 38 162 168 200 112 70 78 77 68 68 81 156 37 10 12 27 49 41 55 13 13 12 12 13 12 13 12 13 16 13 20 22 11 77 186 183 182 183 183 183 181 181 186 87 24 29 24 27 50 38 61 53 45 71 53 63 80 46 73 50 70 53 24 33 25 60 65 68 24 24 23 69 86 37 28 74 41 88 55 17 29 77 59 14 30 77 58 34 56 75 29
34 21 36 32 50 62 49 44 75 8 10 23 27 19 16 28 34 53 61 45 42 45 45 47 55 8 8 7 26 36 25 19 12 6 7 9 5 39 164 167 201 149 89 71 74 68 57 59 126 96 6 13 34 32 18 48 40 16 11 11 11 12 12 12 11 16 11 21 25 15 55 180 181 179 176 177 177 175 177 181 97 26 32 22 19 49 54 57 35 50 62 63 66 72 48 42 66 83 42 28 25 22 47 66 70 23 23 18 66 86 36 27 54 38 88 57 17 31 79 61 21 37 78 58 33 60 75 30
30 27 53 40 53 53 34 10 45 10 6 12 18 17 27 31 24 52 47 36 29 45 44 26 44 7 7 7 5 4 6 7 8 8 8 9 6 39 166 170 177 148 84 61 62 68 69 59 122 143 10 13 31 22 17 16 40 17 11 12 12 11 12 11 12 15 14 20 21 16 26 156 185 185 183 183 184 183 184 181 115 26 33 29 25 45 67 52 41 39 43 60 68 75 52 24 42 73 39 40 21 16 54 44 60 27 28 23 66 86 38 29 53 43 86 56 18 30 78 63 22 40 78 59 30 60 74 30
36 24 46 53 46 37 31 9 7 11 13 18 18 17 20 18 21 94 68 39 29 38 45 37 47 27 23 19 15 7 8 8 9 9 9 10 5 40 168 170 106 75 59 51 58 60 62 62 132 179 53 7 34 34 13 9 39 30 11 12 12 13 12 11 12 15 13 27 55 52 15 42 104 185 184 185 185 183 184 182 119 21 32 24 23 40 50 60 43 46 40 51 49 49 55 13 23 62 42 40 16 13 41 59 70 85 81 82 84 89 57 32 84 81 86 55 14 27 79 68 53 72 76 62 56 69 70 41
23 26 65 88 68 70 89 111 121 121 120 90 45 58 78 75 83 137 82 74 53 24 51 41 49 25 25 33 23 11 12 5 0 0 0 0 0 35 171 167 109 65 45 49 58 49 50 74 148 187 112 9 12 34 19 13 48 31 10 12 11 12 12 12 12 15 11 50 67 38 19 9 63 187 183 184 185 184 186 190 124 21 27 19 23 48 37 63 47 42 34 49 24 26 21 14 28 48 42 33 13 12 27 59 82 88 83 84 85 89 56 22 82 82 84 57 12 27 76 70 65 77 77 65 68 74 72 43
22 22 69 108 53 66 71 113 139 134 124 97 47 70 60 80 81 98 83 119 70 70 52 59 71 76 85 98 97 92 93 95 94 94 97 100 102 120 178 167 92 49 35 38 72 67 48 83 95 161 161 108 15 9 11 14 53 31 9 11 12 11 12 14 15 13 12 9 8 17 19 20 48 178 184 184 184 184 172 193 138 21 27 19 33 50 37 48 45 34 41 47 46 25 15 12 13 36 62 28 14 13 18 57 83 67 66 65 78 88 44 23 78 65 83 58 13 29 77 68 50 62 78 65 50 67 74 32
29 24 70 85 48 46 54 83 102 95 83 70 35 34 47 70 89 61 69 76 95 114 62 85 76 122 161 166 183 185 188 188 190 191 192 193 193 191 185 172 61 43 42 41 64 74 61 69 70 142 157 137 26 10 11 12 47 31 9 11 11 12 12 11 14 15 12 13 13 19 22 25 25 138 188 185 185 187 153 46 46 31 25 23 31 27 39 37 39 47 38 26 39 22 17 26 11 54 73 25 14 11 13 66 68 12 15 12 59 86 29 17 28 33 83 53 18 31 81 67 20 34 83 66 15 51 76 33
29 38 67 56 30 53 82 90 90 79 70 64 53 34 68 92 102 75 57 77 81 91 65 51 78 102 122 128 150 152 154 155 156 156 157 158 157 162 184 178 84 63 38 31 41 67 56 58 67 143 141 115 31 9 11 10 34 31 9 11 11 11 12 11 15 17 14 15 19 22 19 25 24 95 189 184 184 182 189 148 133 36 25 22 27 21 33 36 31 39 39 27 50 25 8 22 14 56 75 20 12 12 16 75 69 17 18 15 61 87 33 33 46 34 84 54 20 33 78 67 23 34 83 69 15 51 76 34
27 43 76 55 39 63 119 126 118 97 91 88 83 24 60 99 117 117 70 81 87 91 73 42 68 96 101 117 128 134 135 138 138 140 141 143 143 155 184 181 78 29 26 22 37 49 42 49 58 144 123 96 57 10 10 9 24 33 9 11 11 11 11 11 16 15 15 13 16 23 18 25 23 70 187 181 181 177 184 188 170 34 21 20 24 21 28 48 38 46 42 21 56 19 29 33 28 49 79 21 11 11 16 76 70 16 17 12 58 86 32 37 54 32 83 55 17 32 77 59 15 32 81 69 16 50 77 32
30 56 73 23 45 65 81 80 67 62 61 63 46 42 54 55 62 110 78 46 74 113 114 49 57 101 118 123 155 169 167 168 168 171 170 172 172 175 181 183 110 19 25 19 27 40 35 40 57 120 100 83 50 11 11 10 21 31 9 11 11 11 11 12 17 16 15 12 13 15 17 21 21 62 185 181 180 179 184 181 176 39 19 21 16 20 35 41 39 45 50 38 50 27 52 63 80 63 80 15 11 10 23 84 67 16 26 48 68 85 33 32 39 32 82 55 38 42 77 62 23 38 80 69 28 55 77 36
36 53 48 19 69 87 102 105 84 84 84 95 83 66 72 71 75 87 85 41 70 100 82 44 72 89 90 93 117 126 124 124 127 131 132 133 133 146 181 178 103 16 22 23 45 70 43 43 55 89 76 90 62 10 10 9 31 37 9 11 11 11 11 12 17 15 16 14 13 15 17 20 19 64 186 183 182 180 184 180 186 65 20 18 13 15 33 61 44 43 52 70 78 64 55 85 72 76 86 42 10 9 38 89 80 70 103 172 116 95 54 26 65 71 79 53 70 71 72 75 76 80 76 72 71 74 75 34
32 69 104 36 36 83 87 86 81 84 82 89 66 44 57 56 56 117 119 89 116 141 104 43 66 83 83 122 135 147 160 159 165 167 169 169 170 175 180 174 103 26 25 28 37 60 66 53 51 65 65 90 80 32 11 9 41 53 25 13 12 11 11 11 16 18 18 16 13 15 17 21 16 87 179 173 173 174 176 171 183 103 16 15 13 17 39 54 51 45 41 82 83 87 92 82 60 67 91 82 22 17 71 87 84 82 80 74 78 85 53 44 93 79 82 58 11 43 77 78 75 78 76 73 73 73 76 40
42 94 80 19 34 37 48 45 47 45 44 43 31 35 29 29 46 117 141 131 117 133 69 48 62 74 81 100 101 121 143 142 145 144 143 141 140 150 174 168 72 19 18 19 29 36 43 55 76 71 61 80 82 56 12 9 42 69 51 29 15 11 11 11 16 16 15 16 14 15 16 18 15 134 176 172 172 174 174 170 177 139 15 11 11 15 68 59 52 46 46 75 67 70 68 49 82 87 91 85 29 30 85 85 79 80 79 81 77 82 46 43 86 76 87 67 47 55 77 77 67 70 76 74 52 66 77 43
72 95 59 32 24 18 4 7 6 5 4 6 20 33 12 8 19 73 143 126 67 65 45 45 57 51 61 66 66 82 79 88 99 111 120 128 129 139 175 174 95 71 61 60 62 32 34 45 61 56 62 69 84 36 8 16 46 80 76 67 25 10 12 12 20 21 15 27 18 14 12 4 62 175 170 171 173 177 178 177 179 143 12 11 11 21 79 84 52 53 65 51 48 49 42 40 63 79 92 53 17 31 38 86 76 25 27 29 63 91 36 44 45 26 81 71 48 57 77 75 59 58 80 75 21 54 81 45
87 83 29 41 32 26 29 9 10 9 8 11 23 26 8 9 25 87 145 118 30 18 36 55 87 119 142 166 179 191 194 196 197 200 200 201 203 206 207 213 226 229 220 205 193 177 134 75 51 32 64 80 73 44 10 36 42 65 73 66 25 9 11 11 17 20 20 59 28 36 55 87 192 206 199 192 183 181 178 180 182 169 33 10 9 40 69 73 59 55 130 148 168 184 188 195 189 147 78 65 18 23 26 80 59 21 35 19 62 91 36 34 33 29 84 72 41 62 78 79 76 68 82 76 24 52 81 45
78 77 26 37 42 43 43 18 8 8 8 8 11 10 8 19 43 87 142 109 32 84 143 176 175 159 137 112 93 77 62 47 38 34 29 26 26 29 33 44 66 108 201 236 175 125 135 137 86 44 60 62 66 57 24 34 38 67 61 70 37 15 12 12 10 18 32 72 135 159 145 162 151 150 159 209 181 149 180 176 174 180 128 20 20 55 53 57 74 162 146 112 106 93 79 107 215 241 96 64 26 34 35 85 74 30 46 33 64 89 39 33 42 30 79 70 42 59 77 78 86 76 80 77 69 65 77 38
80 62 38 36 48 43 45 33 20 16 14 18 16 16 14 24 25 92 144 113 70 113 93 30 8 5 3 2 5 7 11 17 16 15 18 19 20 24 26 22 11 3 38 190 218 103 68 97 112 78 54 49 58 41 49 55 37 55 78 74 78 36 9 11 9 18 31 119 83 11 13 103 46 43 109 128 183 130 113 172 179 182 185 49 31 66 71 72 147 73 31 18 30 26 16 38 69 203 238 126 46 35 42 91 82 42 54 43 77 101 59 57 78 48 89 74 58 69 74 76 78 89 86 83 59 69 86 55
82 60 38 36 32 43 47 50 46 45 40 40 41 42 31 18 27 93 150 126 127 134 54 7 20 31 25 21 21 27 35 42 30 19 26 29 29 37 44 14 16 23 18 54 206 208 88 64 93 110 78 63 65 65 66 61 46 61 91 90 78 61 30 30 27 37 98 93 24 54 16 25 20 29 103 110 89 175 143 98 144 141 96 31 25 30 53 145 57 31 44 18 24 10 12 41 48 62 212 235 191 178 144 106 66 60 67 63 66 68 61 58 64 50 55 44 39 35 34 43 47 50 44 42 57 50 43 42
58 27 18 25 37 29 35 40 33 19 15 17 18 20 18 21 27 96 142 141 136 71 10 19 30 26 22 22 22 47 45 44 33 18 29 37 37 48 51 14 15 21 38 34 88 225 185 77 73 91 114 93 67 60 54 52 49 50 50 48 49 44 61 92 123 139 125 59 52 103 61 43 54 70 87 102 114 148 244 217 229 186 127 124 158 173 176 67 55 81 90 92 99 107 118 128 134 134 198 237 245 250 251 255 203 79 79 57 58 78 37 30 68 42 67 68 45 58 58 74 87 86 71 75 93 80 73 54
78 75 83 86 89 82 90 96 88 74 77 76 59 68 66 71 73 82 114 141 93 18 15 34 30 24 25 20 27 54 52 52 42 19 33 47 43 43 34 15 15 19 30 36 22 129 243 165 79 79 92 105 62 45 45 58 58 42 47 46 102 169 217 240 249 245 221 185 219 213 215 211 210 212 213 217 212 204 196 193 198 215 215 217 206 205 183 134 190 191 192 191 190 187 182 180 179 179 169 166 167 160 156 168 156 116 128 115 112 120 118 110 110 109 115 112 109 111 111 110 106 106 105 106 105 96 96 94
66 34 34 33 42 43 44 38 40 27 20 23 26 22 21 26 37 81 135 112 35 8 29 37 25 21 21 21 39 60 51 50 44 17 19 34 29 18 21 15 14 20 44 69 75 67 187 242 138 80 74 88 118 121 118 117 115 111 111 108 118 120 113 107 98 90 96 90 88 86 84 81 80 76 78 72 83 78 70 66 70 78 66 54 62 40 65 71 69 67 68 67 67 67 68 68 69 72 76 85 81 77 75 46 47 40 52 54 62 63 51 49 52 42 57 58 56 55 55 57 60 60 59 61 60 61 49 57
102 76 76 79 86 85 92 96 94 92 93 96 100 96 94 95 108 129 126 60 8 17 40 34 19 19 17 25 57 70 55 57 49 20 21 41 32 16 17 14 14 16 40 62 58 47 70 218 227 106 85 86 88 89 72 66 76 70 73 100 128 123 68 107 171 98 108 147 146 149 152 156 158 162 170 130 176 190 161 163 173 182 163 149 174 146 190 197 198 200 202 200 199 202 204 204 201 194 204 218 219 218 218 193 204 192 201 206 207 199 206 212 150 92 175 210 209 208 208 208 210 210 208 208 208 207 205 208
165 168 165 166 165 168 166 164 167 166 165 168 170 171 172 167 141 127 85 18 8 41 63 27 16 19 20 84 141 146 129 127 99 21 26 80 54 13 34 29 14 12 40 126 167 163 99 132 244 208 109 95 76 87 147 200 223 226 225 226 225 224 217 217 222 219 218 218 221 214 216 213 214 215 213 216 213 214 216 216 210 214 214 218 220 213 209 206 203 204 205 204 203 202 202 200 200 199 199 195 194 197 197 200 198 198 198 195 208 190 183 181 143 85 165 189 190 189 190 189 189 189 189 188 188 188 191 190
196 197 196 198 197 197 197 203 209 209 199 198 200 201 199 175 138 106 38 7 17 61 61 21 15 12 33 112 148 148 128 118 86 17 28 95 78 34 66 36 14 15 12 22 48 47 51 57 170 254 176 80 54 62 75 128 172 185 198 198 195 194 195 194 193 195 193 194 189 193 191 191 190 193 197 194 189 185 178 174 178 178 186 191 192 194 197 197 193 193 194 194 193 194 195 193 193 191 193 191 190 193 194 193 192 192 191 191 182 177 181 184 133 68 183 184 189 188 186 188 188 187 187 186 186 188 190 191
183 184 182 184 184 184 183 183 177 164 188 188 190 190 170 134 116 63 10 7 11 15 15 12 11 11 32 101 132 131 111 105 94 25 18 79 77 18 8 8 12 12 10 8 4 5 15 16 47 199 255 193 150 140 113 88 101 146 184 194 202 211 215 217 218 217 219 216 205 207 202 193 200 188 181 184 197 207 212 206 208 209 207 208 207 211 198 197 214 222 223 224 224 225 225 226 227 228 226 228 228 229 230 230 230 229 228 228 218 227 227 226 211 204 226 224 225 223 217 215 222 221 219 221 221 223 224 222
217 217 216 217 218 218 225 220 217 216 222 224 222 188 154 121 91 22 21 46 53 55 58 60 63 69 69 73 81 80 78 77 81 76 78 81 76 75 75 76 77 76 72 71 67 63 50 37 44 100 201 228 205 181 162 170 184 189 188 187 183 185 191 199 204 203 202 206 232 229 226 228 211 229 226 206 209 201 201 200 199 204 209 195 229 233 230 183 182 193 190 190 190 189 189 188 189 190 197 187 188 188 188 189 187 186 185 183 184 182 184 183 184 185 180 179 177 178 182 160 176 178 173 176 177 177 177 176
184 183 182 180 180 179 188 180 170 161 162 165 170 169 163 161 147 146 164 167 173 177 178 180 181 183 185 185 185 186 188 189 194 207 202 200 203 202 201 200 201 200 200 199 198 184 108 48 145 184 180 187 194 199 205 206 206 206 207 208 207 205 200 195 190 186 183 181 183 183 177 188 180 180 188 182 177 178 180 178 178 179 179 171 183 220 237 189 171 184 182 182 181 181 181 181 180 180 177 177 177 179 180 180 180 180 180 178 178 178 176 178 178 178 177 177 176 176 175 176 176 176 177 176 176 175 176 176
179 178 176 172 170 167 165 162 160 159 155 150 151 153 155 155 156 177 177 149 127 125 140 148 150 151 152 153 153 153 155 156 161 173 163 133 128 153 163 164 166 166 167 167 164 137 104 123 166 183 185 184 185 188 191 196 201 205 209 212 217 224 230 235 236 234 226 213 195 177 171 171 175 173 173 180 181 179 179 179 179 178 176 173 168 196 242 140 161 186 183 183 182 182 182 181 181 179 179 176 177 179 179 180 180 179 180 178 178 178 173 175 178 177 177 176 176 175 172 174 174 174 175 175 173 175 176 176
179 172 147 130 126 121 120 121 124 129 126 123 124 128 127 127 128 140 144 117 62 64 114 132 132 131 132 133 135 135 137 137 138 145 132 71 60 115 139 140 141 141 140 140 128 109 122 143 145 146 146 148 151 150 149 149 153 156 160 163 167 174 180 188 197 209 225 239 245 236 212 185 174 169 162 169 177 179 177 177 179 178 177 177 177 178 220 105 159 186 182 182 181 182 182 182 180 179 178 177 179 179 174 173 178 179 179 178 178 178 177 177 171 175 176 174 174 174 172 173 173 173 174 174 173 174 175 176
178 163 122 106 107 106 107 110 114 122 121 117 116 118 117 116 117 123 127 119 104 100 115 125 125 122 123 123 125 125 125 126 126 130 124 111 107 121 131 130 131 131 130 128 116 111 124 131 134 135 133 137 142 142 142 142 142 144 145 147 150 153 157 164 171 170 173 181 195 218 246 240 194 176 177 168 172 176 177 176 177 176 176 176 177 174 188 132 159 187 181 183 182 182 182 181 181 180 179 179 178 180 176 177 174 178 179 177 177 176 176 177 175 175 175 174 174 173 172 172 171 172 173 173 173 171 175 175
176 157 110 98 100 99 100 100 100 101 104 106 107 107 107 108 107 108 110 110 113 114 113 112 113 113 114 114 114 114 114 114 115 116 112 110 118 119 119 120 121 121 119 115 108 112 119 120 122 122 120 122 129 129 129 129 129 131 144 173 206 225 211 182 161 163 165 167 169 178 186 173 130 100 91 105 158 176 176 176 176 175 176 175 176 177 181 129 156 187 183 182 183 181 181 180 181 181 180 178 177 178 200 228 174 178 178 178 177 176 176 176 174 174 174 175 175 174 172 171 171 171 171 173 174 170 175 176
175 139 88 94 96 95 95 95 94 92 95 97 99 99 100 101 104 101 98 99 101 102 103 104 104 105 106 106 105 105 106 106 107 106 106 107 108 109 110 111 111 111 110 106 104 109 111 113 113 112 109 111 116 117 119 119 120 132 145 136 125 146 209 252 216 156 150 153 156 158 151 148 148 124 57 64 154 177 176 176 176 176 176 176 176 176 181 125 155 185 183 182 181 182 181 181 181 181 181 181 178 180 196 193 177 177 178 178 177 176 176 175 174 175 174 174 174 173 173 173 172 171 172 173 174 176 176 176
173 125 75 90 94 96 93 92 90 89 90 92 93 96 107 123 137 145 136 107 93 95 97 98 98 100 101 101 101 101 100 100 101 99 99 102 103 104 104 104 105 106 103 101 103 105 106 107 107 106 103 103 108 110 113 114 114 96 47 9 0 0 14 99 194 178 138 136 141 143 138 152 159 135 64 65 154 176 174 174 175 175 174 176 176 177 181 122 155 186 183 183 183 182 183 182 182 183 182 181 180 182 174 173 182 181 178 177 177 176 176 175 174 175 175 174 175 174 175 174 174 171 173 173 174 173 178 177
182 124 68 82 83 84 86 86 83 83 84 84 85 85 65 45 41 50 89 121 101 89 89 88 87 87 87 88 87 88 87 87 87 86 86 89 90 91 91 91 91 91 90 89 91 90 92 92 91 92 88 88 92 93 94 100 86 34 5 7 9 9 7 1 51 128 128 114 119 119 123 157 184 151 65 101 183 200 200 199 200 201 201 202 202 202 208 130 178 216 212 212 214 212 211 211 211 210 209 208 209 194 161 157 186 211 208 208 206 207 206 207 205 205 206 206 206 205 203 202 202 201 201 202 202 202 204 205
224 154 52 52 50 47 43 41 38 36 36 46 62 35 6 3 4 2 1 28 74 64 31 25 24 24 23 24 24 24 25 26 26 27 28 29 30 30 31 30 32 32 27 27 34 37 38 38 38 38 40 44 48 49 49 64 44 9 8 9 10 11 11 9 5 43 70 57 60 62 107 158 167 150 134 142 131 158 220 236 235 236 236 236 236 237 244 161 208 246 243 242 242 242 241 241 240 239 239 239 241 223 176 152 203 244 239 239 238 239 239 239 238 238 238 237 235 229 235 237 234 234 235 235 233 231 236 237
245 162 16 11 20 23 19 19 21 21 23 41 37 9 8 8 7 8 9 5 24 57 41 33 35 35 36 37 37 37 36 36 35 33 33 31 30 31 31 31 30 30 29 29 27 26 24 24 22 22 22 21 19 17 22 36 19 7 9 10 9 9 9 11 8 14 46 36 17 31 69 98 94 69 63 61 74 161 235 249 247 248 247 248 248 245 255 174 220 254 250 249 248 249 249 249 248 249 248 248 247 226 193 150 210 253 248 249 248 248 248 247 247 247 247 247 237 233 240 245 246 245 246 247 243 244 248 245
101 40 14 38 69 75 79 81 81 82 82 66 20 7 8 10 16 12 8 8 8 43 83 87 87 88 89 89 88 88 88 87 89 86 86 89 90 92 91 90 90 90 91 89 88 88 88 88 86 85 81 81 85 86 86 52 11 8 9 11 19 25 16 11 12 9 32 40 17 14 11 9 14 29 39 51 77 182 245 250 249 249 249 248 249 246 244 163 225 253 251 251 251 250 250 250 250 250 250 247 246 242 225 181 219 254 249 249 249 251 249 249 249 248 248 247 230 233 236 245 244 248 248 248 248 248 250 228
