81 98 96 97 96 97 98 97 98 97 97 97 96 95 96 96 96 96 96 96 96 96 96 95 95 95 95 95 95 95 95 94 95 94 95 95 94 94 94 94 94 94 93 94 94 94 93 93 93 93 92 93 93 93 93 92 92 91 91 92 92 91 91 91 91 91 91 90 91 91 91 90 90 90 90 89 90 90 90 90 90 90 90 89 89 89 47 66 57 37 50 28 70 57 27 34 77 42 27 29 29 29 29 30 29 29 26 60 90 67 27 28 28 28 29 28 29 29 28 28 28 28 29 28 28 28 28 28
83 98 96 96 96 96 96 96 98 98 97 97 96 95 96 96 96 96 96 96 96 95 96 96 96 96 96 96 96 95 95 95 94 95 96 95 95 95 94 94 94 95 93 94 94 95 94 93 94 93 93 93 93 93 92 93 92 92 92 92 92 92 91 92 92 92 91 91 92 91 91 90 91 90 90 90 90 90 90 90 90 90 90 90 90 91 55 79 59 37 83 45 36 33 32 43 39 29 31 29 29 29 29 30 29 30 30 32 80 70 26 28 28 28 29 29 29 29 28 31 29 28 29 28 29 29 30 28
84 98 97 97 97 97 97 97 98 98 98 97 96 96 96 97 97 97 96 96 97 96 96 96 95 96 96 96 96 96 95 96 96 95 95 95 95 95 95 94 94 94 94 94 95 95 95 94 94 94 94 94 93 93 94 92 93 93 92 92 92 92 92 92 91 92 91 91 92 92 91 91 90 90 90 90 90 91 91 91 91 90 91 90 90 90 71 88 67 37 65 32 58 44 30 47 27 28 31 29 29 29 30 29 29 30 31 30 43 40 33 29 28 29 28 28 28 28 28 30 29 29 28 28 30 30 30 28
85 99 98 97 97 97 97 98 98 98 98 96 96 97 97 97 97 97 97 97 97 96 96 96 96 97 96 97 96 96 96 96 96 95 96 95 95 95 95 95 94 94 95 94 95 95 95 94 94 94 95 94 93 94 93 94 93 93 92 92 93 93 93 92 92 92 92 92 92 92 92 92 91 91 91 90 91 91 91 91 91 91 91 90 90 90 91 95 90 57 44 35 81 37 27 32 29 29 30 30 29 29 28 58 39 29 34 36 27 27 33 29 28 29 28 28 29 29 28 28 28 28 28 29 37 28 28 28
86 99 98 98 98 97 97 96 98 98 97 97 97 97 97 97 97 97 97 97 97 97 97 97 97 96 97 97 97 96 97 96 96 96 97 96 96 96 96 95 96 95 95 96 95 95 95 95 95 95 95 94 94 94 94 94 94 94 94 94 93 93 93 93 93 94 93 93 92 92 92 92 91 91 91 91 91 91 92 91 91 92 91 91 91 94 99 94 96 93 54 46 76 31 32 27 29 30 30 29 30 30 29 57 60 30 41 44 28 28 28 29 30 28 28 28 29 29 29 29 29 29 29 29 29 28 29 29
86 99 98 98 98 97 97 97 97 98 98 97 98 98 98 97 98 98 97 98 98 97 97 97 97 97 97 97 97 97 96 96 97 96 97 97 96 96 96 95 96 96 95 96 95 95 95 95 95 96 95 95 94 95 95 95 94 95 94 94 94 94 93 94 93 93 93 93 93 93 93 92 92 92 92 92 91 92 92 92 92 93 92 92 92 97 104 96 94 95 81 53 41 37 37 28 29 29 29 30 30 31 30 44 63 30 35 47 29 28 29 29 29 29 29 29 28 29 29 29 29 28 28 29 28 28 28 28
86 100 99 99 98 98 98 98 98 98 98 98 98 98 98 98 98 98 98 97 98 98 98 97 98 98 98 97 97 97 98 97 97 97 97 97 96 96 96 97 96 96 96 96 96 96 96 96 95 95 95 95 95 95 95 95 95 95 95 94 94 94 94 94 94 94 94 93 93 93 93 93 93 93 92 92 92 92 92 92 92 94 93 94 96 99 100 96 93 96 89 62 33 29 28 29 29 29 30 30 31 33 32 36 57 36 34 52 29 29 28 29 28 28 28 30 28 29 28 28 29 29 29 28 28 32 41 28
87 100 99 99 98 99 98 99 98 99 98 98 98 98 98 98 98 99 98 98 98 99 98 98 98 98 98 98 98 98 98 98 97 98 97 98 97 97 96 97 97 97 97 97 96 96 97 96 96 96 96 96 95 95 95 95 95 97 96 98 110 107 94 94 94 94 94 94 94 93 93 94 94 93 93 93 93 93 93 93 93 93 94 94 97 97 93 93 97 90 95 42 37 33 30 29 29 30 30 50 52 37 33 37 80 69 33 67 41 28 28 29 29 29 28 28 35 34 28 29 28 29 31 29 29 30 40 29
88 101 99 99 99 99 98 99 98 99 99 98 99 99 98 99 99 99 99 98 99 99 98 99 99 98 98 99 99 98 98 98 98 98 98 98 97 97 97 97 97 97 97 97 97 97 96 96 96 96 96 96 96 96 96 96 98 112 117 125 132 122 97 95 95 94 94 96 101 103 96 93 94 93 93 93 93 93 93 94 93 93 93 94 95 95 94 93 97 52 61 47 45 33 31 34 30 35 35 53 81 37 34 49 91 88 47 79 48 27 29 28 29 29 28 29 29 28 29 29 29 33 30 28 28 29 29 29
89 101 100 100 100 99 99 99 99 99 100 100 99 99 99 99 99 100 99 99 99 99 99 99 100 99 99 99 99 99 99 99 98 98 97 98 98 98 97 97 98 97 97 96 96 96 97 97 96 97 96 96 96 96 96 100 107 128 136 139 142 129 100 95 95 100 97 101 112 120 110 96 94 94 94 94 94 93 94 94 94 94 93 94 95 95 94 93 97 80 69 61 46 45 37 39 32 37 56 57 89 45 37 63 93 91 88 75 31 29 28 29 29 29 29 29 29 28 29 29 28 29 29 28 29 29 28 29
89 102 101 101 100 100 100 99 100 100 100 100 100 99 100 100 100 100 99 100 100 99 100 100 100 99 99 100 99 99 99 99 98 99 98 98 98 98 98 98 98 98 98 98 97 97 97 97 97 97 96 96 96 97 98 109 119 127 132 139 142 135 108 99 116 124 110 105 114 118 112 97 95 94 94 94 94 94 95 95 94 94 94 94 95 95 94 93 94 112 92 81 80 68 32 32 31 55 91 89 90 80 78 92 96 92 94 56 30 30 36 31 29 28 29 29 28 28 28 29 31 30 29 28 29 29 28 28
89 101 101 101 100 101 100 100 101 100 100 100 100 100 101 100 100 101 101 100 100 100 100 101 100 100 100 100 99 100 100 100 98 99 99 99 99 98 99 98 98 98 98 98 97 97 98 97 97 97 97 98 97 97 103 107 112 116 120 128 134 134 125 126 134 135 131 117 113 105 103 98 96 95 96 97 96 96 95 95 94 94 94 94 95 95 94 95 100 97 61 53 91 48 32 33 31 54 92 91 91 93 94 93 94 92 92 48 31 30 60 39 28 28 30 29 29 29 29 28 29 29 28 28 28 29 29 29
90 102 102 101 101 101 101 101 101 101 101 101 100 100 101 100 101 101 100 101 101 101 100 100 101 100 99 100 100 100 100 99 99 99 99 99 98 98 98 98 98 98 98 98 98 98 98 98 97 98 98 97 97 98 99 102 101 103 105 107 120 127 127 134 134 134 129 117 116 107 102 101 97 96 102 107 98 95 97 96 96 95 95 95 94 95 94 98 88 53 35 35 48 42 52 39 34 36 80 94 92 93 93 92 92 91 90 45 31 37 66 54 51 29 28 29 29 29 28 31 29 29 31 28 28 28 28 29
90 104 101 102 101 101 102 102 102 102 102 101 101 101 101 100 101 101 100 101 101 101 101 101 100 101 100 101 100 100 100 100 100 100 99 99 99 99 99 99 98 98 99 98 99 99 98 98 98 97 97 98 97 98 98 100 98 99 99 99 110 114 113 129 133 128 120 125 125 114 107 102 99 98 109 119 105 98 105 104 97 96 96 95 94 95 97 93 53 38 35 36 38 52 78 44 35 38 74 94 92 93 92 92 92 93 93 52 45 85 79 50 65 32 27 29 29 29 32 34 28 28 28 29 28 29 28 29
90 104 102 102 103 102 102 102 102 102 101 101 101 102 101 102 102 102 101 101 102 102 101 102 101 102 101 101 101 100 101 100 101 101 100 100 100 100 100 99 99 98 99 99 98 99 98 98 99 98 98 98 98 98 99 98 98 99 99 100 104 106 112 123 125 124 123 130 133 123 111 110 109 101 105 114 105 103 104 105 99 96 96 96 95 97 100 59 59 42 38 37 61 45 87 49 34 62 90 93 94 96 93 93 96 98 95 72 81 83 41 33 36 30 29 29 29 29 29 28 28 29 29 29 29 30 28 29
90 104 103 103 103 102 102 103 102 102 102 102 102 102 102 102 102 101 102 102 102 102 102 102 102 101 101 101 101 102 101 101 101 101 101 100 100 100 100 99 99 99 99 99 99 100 99 98 99 99 99 98 99 99 99 98 98 100 99 100 100 102 108 111 119 123 123 124 131 130 115 118 116 104 104 103 102 102 99 99 98 98 97 97 96 101 77 44 79 43 56 33 62 43 93 59 34 58 95 93 96 101 97 94 94 94 92 91 91 54 42 28 27 36 37 28 28 28 28 28 29 28 28 30 30 29 29 28
91 104 104 103 103 103 103 103 103 103 103 103 103 103 103 102 102 102 102 103 102 103 102 102 102 102 103 102 102 102 101 101 101 101 101 101 101 101 100 100 101 100 100 100 100 99 99 99 100 99 98 99 99 99 100 99 99 99 99 99 103 105 106 107 111 110 109 109 113 124 126 127 116 104 102 100 100 99 98 98 98 99 99 99 97 100 53 65 94 45 71 35 60 46 94 75 35 54 96 93 94 97 95 94 93 93 94 95 63 36 41 28 29 29 29 29 28 28 28 29 28 30 29 29 29 29 29 29
91 105 104 104 104 103 104 103 103 103 103 103 103 103 103 104 103 103 102 102 103 102 103 102 102 103 103 102 102 102 102 102 101 102 101 101 101 101 101 100 101 101 100 100 100 100 100 99 100 100 99 100 99 100 100 100 100 99 99 100 103 104 106 105 103 102 102 101 105 113 125 125 112 102 100 99 99 99 99 98 98 99 99 99 98 93 61 99 90 44 87 47 75 58 92 95 71 73 95 94 94 94 94 94 93 90 91 87 49 30 29 29 28 28 29 29 28 29 29 29 36 30 29 30 31 28 29 29
90 106 104 104 104 104 104 104 104 104 104 103 104 104 104 104 103 103 102 103 103 104 104 103 103 103 103 102 102 102 102 102 102 102 102 101 101 101 100 101 101 100 101 101 100 100 100 100 100 100 100 100 100 100 100 100 100 100 100 100 100 100 100 101 100 100 100 100 102 104 111 122 109 102 100 98 97 99 98 98 99 100 99 99 98 96 96 101 83 41 90 87 91 88 94 94 96 96 94 94 94 93 94 94 94 93 90 75 54 30 29 28 29 29 28 28 29 29 28 30 37 28 28 30 31 29 28 28
89 106 104 105 104 105 104 104 104 104 103 104 103 104 104 103 103 103 103 103 104 104 103 103 103 103 102 103 103 103 102 102 102 103 102 102 102 102 102 102 102 101 101 102 101 101 101 101 100 100 101 100 100 101 100 100 100 100 100 100 100 100 100 100 100 100 100 100 101 103 105 114 106 102 98 113 119 97 98 99 100 101 100 98 98 97 98 98 84 41 85 98 95 95 94 95 94 94 95 95 94 94 94 94 94 94 93 52 40 30 29 29 29 29 29 28 29 29 29 37 29 29 29 29 29 29 28 28
89 107 105 105 105 104 104 104 104 104 104 104 103 104 104 103 104 103 103 103 104 103 103 103 103 104 103 103 103 103 104 102 102 102 102 102 102 102 102 102 102 102 102 102 101 101 101 101 101 101 101 100 100 100 101 100 100 100 100 100 100 100 100 100 100 101 100 100 101 103 105 107 104 101 98 126 151 97 99 101 102 100 100 98 98 98 98 98 89 42 80 97 95 95 95 94 95 95 95 94 95 94 95 94 94 95 88 39 31 30 29 29 29 29 29 29 29 29 29 33 32 30 30 29 28 28 28 28
88 107 105 105 105 105 105 105 105 104 105 105 105 104 104 104 105 104 104 103 104 105 104 104 104 104 103 104 104 103 103 103 102 103 102 103 102 102 102 102 102 102 102 102 101 101 101 101 101 101 101 101 102 101 101 100 100 100 100 100 100 100 101 101 100 100 100 101 100 101 102 103 102 101 100 107 120 98 100 101 101 101 99 99 98 98 97 97 97 67 91 97 96 95 95 96 95 95 95 95 95 94 94 94 94 96 82 36 31 30 28 28 28 28 28 29 29 29 30 27 60 49 26 28 28 30 28 28
86 107 106 106 105 105 105 105 105 105 105 105 105 104 105 105 105 105 104 104 105 104 104 104 104 104 104 103 103 104 103 103 103 103 103 103 103 102 103 103 103 102 102 102 102 102 101 102 101 101 101 101 101 101 101 101 101 100 100 100 100 100 100 100 100 100 100 100 101 100 100 100 101 101 101 99 96 100 100 101 101 100 100 99 98 99 98 98 98 97 97 96 96 96 96 95 95 95 96 95 95 95 95 94 94 96 76 36 41 29 29 31 28 29 28 29 30 33 33 29 48 40 28 28 30 36 27 27
84 108 106 106 105 105 105 105 105 105 106 105 105 105 105 105 105 105 105 105 105 104 105 104 104 105 104 104 104 104 104 103 103 103 103 103 102 102 103 103 102 102 102 103 102 102 102 102 102 101 101 101 102 101 101 101 101 101 101 101 101 102 101 101 100 100 101 101 100 100 101 100 101 100 101 100 98 100 100 101 101 100 99 99 99 99 98 98 98 97 96 97 96 96 96 95 96 96 95 96 95 95 96 95 95 97 70 36 42 29 29 29 28 29 29 30 30 43 55 29 29 34 34 26 31 33 37 31
82 108 106 107 106 106 106 106 106 105 105 105 105 105 105 105 106 105 105 105 105 105 104 105 105 105 105 104 104 104 104 104 104 104 104 104 103 104 103 103 104 102 103 103 102 103 102 102 102 102 102 102 102 102 101 102 102 101 102 101 101 101 100 101 100 101 101 100 101 101 100 100 100 101 100 100 99 101 100 100 100 100 99 100 99 98 99 98 98 98 97 97 96 96 96 95 95 96 95 96 96 95 95 95 95 97 77 35 32 32 29 29 29 29 29 33 31 57 91 46 30 29 35 45 27 27 30 29
76 108 106 107 107 107 106 106 106 105 106 106 106 106 106 105 106 105 106 105 106 105 105 106 105 104 105 104 105 104 105 104 104 104 104 104 103 103 103 103 104 103 103 104 103 103 103 102 102 102 103 103 103 103 103 103 102 102 102 101 102 101 101 101 101 102 102 101 101 100 101 101 101 101 101 101 97 100 101 101 100 100 99 100 99 99 98 98 98 98 98 98 97 97 97 96 96 96 96 96 96 95 95 95 95 95 95 48 33 30 29 29 28 35 36 66 65 87 97 55 30 38 47 62 27 28 28 28
76 109 107 107 106 107 106 106 107 106 106 106 106 106 106 106 106 106 106 106 107 106 105 105 106 105 105 105 105 105 105 104 104 104 105 105 104 105 104 103 104 103 103 103 104 103 103 103 102 102 103 103 102 102 102 103 103 103 102 102 102 102 102 102 102 101 101 101 101 100 101 101 101 101 101 96 152 108 100 100 100 100 100 100 100 99 99 98 98 98 98 98 97 97 97 97 97 96 96 97 97 96 96 96 95 97 83 39 33 31 29 29 29 30 31 56 94 94 94 55 30 69 57 31 28 29 28 29
79 109 107 107 107 108 107 107 107 106 107 107 107 107 106 106 107 105 106 107 106 106 106 106 106 106 106 105 106 105 105 105 104 105 105 104 105 104 104 104 104 104 105 104 104 104 104 104 103 104 103 103 103 103 103 103 103 103 104 102 102 101 101 102 102 102 102 101 102 101 101 102 101 101 102 82 183 118 100 100 100 100 100 100 99 99 99 99 98 98 99 98 98 98 97 97 97 97 97 97 97 97 97 97 96 98 64 34 32 31 30 30 31 31 32 31 71 95 96 69 31 36 30 29 29 29 29 28
83 110 107 107 107 107 107 107 107 107 107 108 108 107 107 107 107 107 106 106 106 107 107 106 106 106 106 106 106 106 106 106 106 105 105 105 105 105 104 104 105 104 104 105 104 103 103 104 104 104 104 104 103 104 103 103 103 103 103 103 103 102 102 103 102 102 102 102 101 102 102 102 101 101 104 83 94 104 102 100 101 101 101 100 99 99 99 99 99 99 99 98 98 98 98 97 97 98 97 98 97 97 97 97 96 99 62 40 33 31 33 31 31 32 32 33 53 96 86 40 42 39 31 30 29 28 29 28
85 110 108 108 108 108 108 108 108 108 108 108 107 108 108 107 107 107 107 107 107 107 106 106 108 108 106 106 106 106 106 106 106 105 105 105 105 105 105 105 105 104 104 105 104 105 105 104 104 104 104 104 103 104 103 104 104 103 103 103 103 102 102 103 102 102 103 102 102 102 102 102 101 102 102 98 97 101 101 101 102 101 101 100 100 99 100 99 99 99 99 98 99 98 98 98 98 98 98 98 98 97 97 97 97 99 60 35 33 31 32 67 41 32 34 32 49 97 76 33 75 55 36 30 30 32 28 28
87 110 109 109 109 108 109 108 108 108 108 109 109 108 108 108 108 108 108 108 107 108 107 107 107 107 107 107 107 106 107 107 107 106 106 106 105 105 106 105 105 106 105 105 106 105 104 105 105 104 104 105 104 104 105 104 104 104 104 103 104 103 103 103 103 103 103 102 102 102 102 102 102 101 102 99 93 102 102 101 101 101 101 101 101 100 99 99 100 100 99 99 100 99 99 98 98 98 98 98 98 98 98 98 98 93 44 41 35 32 38 87 51 32 34 49 77 98 73 40 89 53 65 32 33 50 28 28
89 111 109 109 109 108 109 108 108 108 108 108 108 108 108 107 109 108 108 107 108 108 108 108 108 108 108 108 107 107 107 106 106 107 106 106 106 106 106 106 105 106 106 106 106 105 105 105 105 105 105 104 104 104 104 104 105 104 104 104 103 104 104 103 103 103 104 102 102 102 103 103 102 102 102 99 93 103 102 101 101 102 101 101 101 100 100 100 100 99 99 100 99 99 99 99 98 99 99 99 100 99 98 98 100 77 37 52 37 34 51 99 53 34 34 66 100 96 55 51 94 69 76 38 46 76 30 28
89 111 109 109 110 109 109 109 108 109 109 109 108 108 109 108 109 109 108 109 109 108 108 108 108 108 108 108 108 107 107 107 106 108 107 107 107 106 106 107 106 106 105 106 106 106 105 105 105 105 105 105 105 105 105 105 104 104 104 105 104 104 104 104 103 103 103 103 103 103 103 102 103 102 103 99 94 103 102 102 102 101 102 101 102 101 101 101 100 100 100 100 100 100 99 99 99 100 99 101 100 99 98 99 100 64 37 61 39 35 50 99 67 35 36 64 98 96 53 63 99 71 73 76 49 74 36 28
90 112 110 110 110 109 109 109 109 109 109 108 109 109 109 109 108 109 110 109 108 108 109 109 109 107 108 108 108 107 107 108 107 108 108 107 107 106 107 106 107 107 106 107 107 106 105 105 105 105 106 106 105 105 105 105 105 104 105 104 104 104 104 105 104 104 103 104 103 103 103 103 103 103 103 99 94 104 102 102 102 102 102 101 102 102 101 101 101 101 100 100 99 99 100 100 100 100 99 103 103 100 100 98 100 60 45 79 47 36 51 98 92 48 37 79 97 97 69 74 98 51 65 99 80 42 28 34
92 112 110 110 109 110 109 110 109 110 109 110 109 109 109 109 109 109 109 109 109 109 109 109 109 108 109 109 109 108 108 108 108 108 108 108 107 108 108 107 107 108 107 107 108 107 106 107 106 106 106 106 106 105 105 105 105 105 105 105 105 105 105 104 104 104 105 104 104 103 104 104 104 103 103 98 87 104 103 103 103 102 103 102 102 102 101 101 101 101 101 100 100 100 100 100 100 101 100 105 106 109 102 99 101 59 62 103 72 38 51 97 98 91 78 95 96 96 90 89 97 60 53 97 84 37 41 30
93 113 110 110 110 111 111 110 110 110 110 110 110 109 109 109 110 110 109 109 109 109 110 110 109 109 109 110 109 110 109 109 108 109 109 108 107 108 108 108 108 108 108 107 108 108 107 107 107 107 106 106 107 106 106 106 106 105 105 105 105 106 105 105 105 105 104 104 104 103 104 104 103 104 103 97 89 105 103 104 103 103 103 103 103 102 102 101 101 101 101 101 101 101 100 100 99 122 110 133 126 110 116 103 101 75 72 101 100 79 60 97 96 98 98 96 96 96 96 96 95 87 61 94 92 58 60 30
95 113 111 111 111 111 111 111 111 110 110 110 111 110 110 110 110 110 111 111 110 110 110 110 109 110 111 110 110 109 109 110 109 109 109 108 108 109 109 109 108 108 108 107 108 108 108 108 107 107 107 107 107 107 107 107 106 106 106 106 105 106 105 105 105 105 105 105 104 104 104 103 103 104 105 96 87 105 103 104 103 103 103 103 102 103 102 102 101 101 101 101 101 101 100 103 116 133 88 128 132 115 115 113 104 98 90 99 98 101 95 98 97 97 97 96 96 96 96 96 95 96 92 96 91 49 35 28
95 113 112 112 111 111 111 111 111 110 111 111 110 111 111 111 111 110 110 111 111 111 111 110 110 110 110 110 110 110 110 110 109 109 109 109 109 109 109 108 108 109 109 108 108 108 108 108 108 108 108 108 107 107 107 107 107 107 106 106 107 107 106 106 106 106 105 105 105 104 104 104 104 104 105 93 77 105 104 104 104 104 104 104 103 103 102 102 102 102 102 101 101 103 101 101 127 131 85 112 152 123 116 113 133 99 99 98 98 98 99 98 98 97 98 97 97 96 97 96 96 96 97 90 45 31 30 29
97 114 112 112 112 112 112 112 111 112 111 111 111 111 112 111 112 112 112 111 111 111 110 111 111 111 111 111 110 110 110 111 110 110 110 110 110 110 110 109 109 109 109 108 108 109 109 108 108 108 108 107 108 108 107 107 107 107 107 107 107 107 106 106 106 106 105 105 105 105 105 104 104 103 106 88 68 104 104 104 104 104 102 104 103 103 103 102 102 102 104 104 103 107 95 91 121 93 110 109 152 128 120 118 144 113 99 98 99 99 99 98 98 97 98 97 97 97 96 96 96 96 97 58 32 32 30 30
98 114 113 113 112 113 112 112 113 112 112 112 113 112 111 112 112 112 111 111 111 112 112 111 112 112 111 110 111 110 111 110 110 110 110 110 110 110 110 109 109 109 109 109 108 109 109 109 108 109 108 108 109 108 108 107 108 107 107 107 106 107 107 107 107 106 105 106 105 105 105 105 104 105 107 70 57 96 106 119 115 121 117 103 104 104 103 103 102 104 117 114 114 100 73 73 116 96 123 126 131 132 127 137 133 133 109 108 97 99 99 98 98 98 97 97 97 98 97 97 96 97 90 40 33 32 31 34
99 115 113 113 113 113 113 112 112 113 113 112 112 112 112 113 113 113 112 112 111 112 112 112 111 111 112 111 111 111 111 111 110 111 111 111 110 110 110 110 110 110 110 110 109 109 109 109 109 109 109 109 109 109 109 108 108 108 108 108 107 107 108 107 107 106 106 106 105 106 106 105 105 108 80 53 60 77 95 117 115 147 131 119 103 103 105 120 105 109 116 87 104 87 86 103 127 134 135 137 118 122 121 125 122 143 112 134 110 98 100 99 98 98 98 98 97 98 97 97 97 98 77 35 35 30 30 30
100 115 114 114 113 113 113 113 113 113 113 113 112 113 112 113 113 113 113 113 112 112 112 112 111 112 112 112 112 112 111 111 111 111 112 111 111 111 110 111 110 111 110 111 110 110 110 110 110 109 110 109 108 109 109 109 108 108 108 108 108 108 108 107 107 107 107 106 106 106 106 106 107 80 51 47 55 79 80 106 127 150 136 134 127 106 110 110 95 121 114 101 106 112 106 99 131 133 161 139 141 118 114 114 135 152 132 126 157 111 98 99 99 99 98 99 98 98 97 97 97 99 72 39 45 30 30 35
101 116 114 114 114 114 113 113 113 113 113 113 113 114 112 113 113 112 113 112 112 112 112 113 112 112 113 112 112 112 112 112 112 112 112 111 111 111 112 111 111 110 111 110 110 111 111 110 110 110 109 110 110 110 110 110 109 109 108 108 108 108 108 108 108 107 107 107 107 106 106 108 91 43 41 38 53 77 74 85 119 145 150 140 139 107 109 105 111 120 112 127 131 131 118 112 124 112 176 132 152 159 108 108 123 106 131 144 125 166 106 97 99 99 99 99 98 98 98 97 96 99 81 49 57 29 29 41
102 116 115 114 114 115 114 114 114 114 114 114 113 113 114 113 114 114 113 113 113 114 113 113 113 113 113 113 113 112 112 112 112 112 112 112 112 112 111 112 111 111 111 112 110 110 111 110 110 110 109 110 110 110 110 109 109 109 109 109 109 109 109 108 108 108 108 107 107 106 106 108 83 39 40 39 45 60 68 77 122 144 151 134 124 110 112 109 107 103 90 125 135 122 125 118 111 81 126 143 143 162 110 115 110 111 124 120 119 135 133 110 98 99 100 99 98 98 97 97 97 98 93 67 63 30 30 28
102 116 115 114 115 115 114 114 114 114 114 114 114 114 114 114 113 114 114 114 113 113 113 113 114 114 113 113 113 113 113 113 113 113 112 112 112 112 111 112 112 112 112 111 111 111 111 111 111 111 110 111 110 110 110 110 109 110 110 110 109 110 108 108 108 108 108 108 107 106 107 109 95 44 38 37 58 69 55 78 143 140 146 119 122 125 124 132 120 106 97 105 121 132 116 108 92 100 130 153 146 116 109 122 115 114 111 109 122 124 123 134 118 100 98 98 99 99 98 98 98 97 97 97 61 31 30 29
103 116 115 115 115 115 115 115 115 115 114 115 115 114 115 114 114 114 115 114 114 114 114 114 113 114 114 113 113 114 114 113 113 113 113 113 113 113 113 112 112 112 112 112 112 111 112 111 111 111 111 111 111 111 110 111 111 110 111 110 109 111 121 117 108 109 108 108 108 108 108 107 110 68 37 39 67 84 78 111 132 133 108 117 117 115 100 126 122 104 103 123 115 130 119 115 98 106 132 126 137 117 116 116 115 115 98 110 121 118 111 112 122 125 117 100 99 99 99 99 98 98 98 94 43 36 34 31
104 117 116 116 115 116 116 115 115 115 116 115 115 115 114 115 115 115 114 114 114 114 114 115 114 114 114 114 113 113 114 114 114 114 113 114 113 112 113 114 112 113 113 113 112 112 112 111 112 112 111 111 112 112 111 111 111 110 109 110 112 105 124 145 106 109 109 109 108 108 107 110 114 77 41 42 59 80 83 127 98 102 109 124 121 119 99 122 136 116 106 108 108 136 121 115 116 117 135 113 118 126 140 121 117 117 112 119 127 118 110 100 106 110 102 95 102 100 99 99 99 98 99 84 36 58 42 28
106 118 116 117 116 115 116 116 115 115 116 116 116 115 115 115 115 115 115 115 115 115 115 115 114 115 115 115 115 114 114 114 114 114 114 113 114 114 113 113 113 113 112 112 112 113 112 112 112 112 112 112 112 112 112 112 114 121 123 120 107 90 135 143 123 112 108 109 109 108 108 121 141 79 41 43 53 76 78 111 100 114 125 131 115 106 92 118 135 125 94 102 118 132 136 125 125 107 124 108 112 136 129 132 121 124 114 129 111 113 121 101 99 104 107 100 108 111 106 101 98 99 99 85 38 74 51 45
107 118 117 116 116 116 117 116 116 116 116 116 116 116 115 116 116 116 116 116 115 115 116 116 115 115 115 115 114 115 115 114 115 115 113 114 114 114 114 114 114 113 113 114 113 113 113 113 113 112 113 112 112 112 112 111 137 154 137 115 100 113 156 135 142 137 120 110 108 108 104 105 131 55 44 45 51 76 78 85 111 119 106 124 102 93 87 117 124 129 111 109 120 126 143 122 110 93 104 131 125 125 132 130 117 115 119 113 104 121 133 116 99 99 102 100 107 108 98 103 101 99 99 100 59 86 87 52
107 118 117 117 117 117 116 117 117 117 116 116 116 116 116 117 116 115 116 115 116 116 116 115 115 116 116 116 115 115 116 115 115 114 115 115 114 114 114 114 114 114 114 113 113 114 113 112 113 113 112 112 113 112 110 123 145 155 121 99 132 164 171 139 138 137 133 138 122 114 94 84 75 47 46 48 52 72 79 81 114 110 116 113 94 88 102 135 116 122 107 105 130 138 129 117 116 93 98 133 141 120 131 114 116 111 119 119 113 122 133 130 93 103 96 99 104 106 105 112 110 103 99 100 94 97 89 37
108 119 118 117 117 117 117 118 117 117 116 117 117 116 116 117 116 116 116 116 116 116 116 116 116 116 116 116 116 116 116 116 115 116 115 115 115 115 114 114 115 114 114 115 114 114 114 113 113 113 113 114 113 112 128 137 148 144 108 126 144 145 159 139 149 115 120 146 141 121 86 76 64 53 53 56 57 70 77 77 94 105 107 100 93 89 90 112 112 123 110 117 115 112 115 122 125 90 88 106 130 125 145 125 115 121 119 109 112 105 116 130 106 106 98 102 119 108 102 108 109 109 105 98 97 121 79 33
106 119 118 118 118 118 117 117 118 117 117 117 117 117 117 117 117 117 116 117 116 116 116 116 117 116 116 116 116 116 116 117 116 116 116 115 116 115 115 115 115 115 115 114 113 113 114 114 115 114 114 114 112 128 153 151 148 136 147 157 152 151 160 137 149 109 111 151 124 86 77 68 59 60 61 66 71 78 85 79 82 87 102 93 86 90 91 102 105 100 111 109 103 110 103 121 143 82 80 112 109 119 127 122 123 126 126 101 105 109 109 116 125 108 104 121 131 107 103 95 98 104 99 103 103 116 70 34
109 119 119 118 118 118 118 118 118 118 118 117 117 118 117 117 117 118 117 117 117 117 116 116 117 117 117 116 117 116 117 117 116 116 116 115 115 115 115 115 116 115 116 115 114 114 114 114 114 114 114 113 127 132 144 151 143 136 143 162 154 162 161 140 147 118 108 137 108 82 70 68 68 72 80 94 94 99 122 153 104 79 98 87 88 92 91 78 94 114 100 105 117 114 111 121 167 63 69 115 111 104 104 109 121 118 129 115 126 113 95 104 119 120 113 105 105 119 108 105 100 98 101 108 115 113 61 36
110 120 120 119 119 119 119 118 118 118 118 118 118 118 117 118 118 118 118 118 117 118 117 117 118 118 117 117 117 118 117 116 116 117 117 116 116 116 116 116 115 116 115 115 115 115 115 115 114 114 118 133 145 129 146 146 138 137 126 157 157 163 154 135 151 134 117 111 100 89 96 91 71 81 81 95 90 104 151 202 182 109 88 78 90 97 90 81 94 101 107 106 106 99 97 99 100 53 59 87 114 118 108 120 124 113 113 107 118 105 95 125 115 114 112 94 95 115 106 117 113 104 129 106 98 110 76 38
112 120 119 119 119 119 119 118 119 118 118 118 119 118 118 118 118 118 118 118 118 118 118 118 118 118 118 118 117 117 118 117 117 117 117 117 117 117 116 116 116 116 115 116 115 115 115 115 114 115 130 148 140 130 159 134 121 119 102 155 158 152 154 140 153 131 91 105 105 101 99 83 71 78 75 88 73 91 149 176 212 163 134 132 105 106 98 86 93 109 115 99 102 106 97 83 51 49 62 71 101 125 119 115 110 113 116 105 115 105 102 119 107 103 111 93 116 119 113 113 96 114 116 111 92 111 115 52
111 121 121 120 120 119 119 118 118 119 119 119 118 119 118 119 118 118 119 119 118 118 118 118 118 118 119 119 118 118 118 118 117 118 118 118 117 117 117 117 117 116 116 117 116 115 116 115 117 110 141 149 126 132 126 125 112 113 118 157 149 142 139 140 145 134 79 87 99 93 89 71 59 64 62 69 53 70 117 139 188 196 156 186 177 114 96 90 85 92 105 101 101 98 90 47 42 40 54 65 69 104 103 114 106 96 99 108 102 124 105 106 103 103 99 104 110 113 110 132 95 101 98 97 101 105 112 101
111 121 120 120 120 119 119 119 119 119 119 119 119 118 119 119 118 118 119 119 119 119 118 118 118 118 119 118 118 118 118 118 118 118 118 118 118 117 117 118 117 116 117 116 117 115 116 125 152 118 128 154 131 108 98 132 117 92 118 144 149 146 135 111 110 105 72 71 70 68 57 42 50 50 50 51 46 60 84 115 145 187 160 203 224 152 92 84 86 88 93 96 100 95 88 42 40 38 50 60 63 104 103 114 108 106 109 116 101 110 105 97 100 102 97 108 99 102 110 102 97 127 113 86 103 98 108 100
112 122 120 120 120 120 119 120 120 119 120 119 118 119 119 119 119 119 119 119 119 119 119 119 119 119 119 119 119 119 119 119 119 119 119 118 118 118 118 117 117 118 117 116 115 127 126 135 145 148 111 127 110 78 92 114 92 78 133 151 143 124 97 76 76 73 72 62 50 47 42 35 39 39 42 43 45 54 60 86 108 135 150 198 202 163 94 82 84 88 88 96 102 103 101 58 36 37 62 70 65 116 115 109 105 105 123 117 115 110 113 99 110 95 96 101 99 93 103 85 94 103 101 94 92 109 115 118
112 122 121 121 121 120 120 120 120 120 120 119 119 120 119 120 120 119 119 120 120 119 119 119 120 120 120 120 120 120 121 120 119 120 120 119 118 118 118 119 118 118 117 116 129 126 117 117 117 155 148 104 84 75 79 97 80 83 137 148 134 83 76 77 76 73 72 54 39 40 39 35 35 38 40 44 48 73 90 90 89 89 117 143 150 121 86 77 80 87 88 90 98 93 102 73 37 39 62 79 80 108 120 106 110 94 108 110 125 127 120 106 115 98 95 88 108 104 101 91 88 96 100 100 100 123 128 124
113 122 121 121 121 121 121 120 120 120 120 120 120 119 120 120 119 120 120 120 120 120 120 120 120 120 120 119 120 118 120 120 120 121 121 119 120 118 118 118 119 119 116 137 135 112 107 109 113 143 178 124 81 79 101 103 78 112 140 130 89 79 80 75 74 80 85 75 42 38 38 41 44 42 43 49 58 71 93 101 105 96 83 93 95 106 89 66 77 89 93 105 114 100 94 63 39 40 55 74 80 92 99 104 124 95 93 108 121 161 112 147 123 106 101 96 103 110 93 106 86 97 106 97 105 120 131 109
114 123 121 122 121 121 121 120 121 121 121 121 120 120 120 120 120 121 121 121 121 120 120 120 120 120 124 150 154 152 131 127 135 150 148 135 122 126 135 147 141 115 123 140 95 134 109 121 109 138 170 160 96 88 113 81 71 112 140 114 80 76 72 69 66 68 81 92 76 41 60 78 76 71 60 59 71 74 91 87 94 105 146 134 93 118 87 66 81 87 87 87 99 110 102 59 41 42 51 71 75 94 107 105 117 102 87 95 106 113 122 139 205 115 90 95 94 101 99 96 90 89 96 94 101 111 114 99
114 123 122 122 122 121 121 121 121 121 121 121 121 121 121 121 121 121 121 121 120 121 120 120 123 120 136 163 160 163 190 194 161 159 146 172 146 134 145 121 129 115 110 96 110 127 117 113 103 159 148 196 134 89 85 73 69 97 114 90 70 68 65 66 68 69 68 80 72 67 87 71 66 69 72 57 58 72 92 103 103 119 240 240 147 104 77 71 79 81 84 80 80 86 88 50 43 44 50 70 74 85 93 97 109 110 87 86 94 100 116 113 155 193 90 94 93 90 92 92 91 94 96 92 97 114 111 101
114 123 123 123 122 122 122 122 122 122 121 121 121 121 121 121 122 121 121 121 121 122 121 124 115 110 135 157 165 160 178 202 158 162 147 177 151 136 139 109 142 139 88 99 118 115 120 108 127 159 132 172 142 100 79 73 76 78 68 67 66 65 66 66 63 65 76 89 102 109 74 73 82 78 70 66 70 99 135 155 203 199 212 200 223 107 70 70 69 68 65 72 78 76 63 45 47 48 50 67 72 78 88 96 99 108 96 86 94 92 98 104 90 153 98 88 94 96 99 95 97 101 86 90 90 100 105 117
115 124 123 123 123 123 122 122 122 122 122 121 122 121 122 122 122 121 122 123 121 123 123 134 110 110 132 147 164 156 162 176 175 156 146 188 147 143 123 116 140 145 131 127 115 118 112 114 144 144 129 142 113 103 106 90 78 68 67 67 67 66 66 59 57 64 65 58 74 94 82 98 99 95 86 79 80 160 245 227 217 238 255 212 217 130 69 69 67 64 65 66 74 71 54 53 49 54 59 66 73 72 84 90 95 95 95 93 90 90 95 102 91 85 141 119 93 94 93 106 128 103 82 89 88 87 87 104
116 124 123 123 123 123 122 122 122 122 122 122 122 122 122 122 123 121 120 121 120 120 124 135 113 125 137 138 159 168 158 163 189 158 164 172 130 130 130 121 137 148 136 122 121 115 112 121 144 143 132 146 116 113 111 83 68 64 63 63 65 61 65 55 59 56 55 67 70 81 101 101 91 91 100 100 106 173 254 244 253 255 255 250 201 169 98 71 61 63 64 64 67 64 63 62 56 73 92 98 131 129 87 78 93 96 97 100 95 99 97 94 88 83 112 199 114 87 90 93 154 101 80 83 84 85 86 86
116 125 124 124 123 123 122 122 123 122 122 122 122 123 123 123 119 135 137 147 146 124 133 137 115 128 139 136 152 155 153 154 199 159 166 153 130 130 135 131 125 122 140 120 114 108 119 102 145 142 132 133 112 113 80 65 66 65 65 65 64 65 61 56 61 62 62 72 86 102 97 75 73 71 82 95 95 138 200 191 231 240 229 245 223 206 167 99 63 60 64 80 89 85 78 73 71 87 93 95 161 196 174 96 85 91 99 106 94 92 111 96 89 94 82 151 151 87 89 100 155 172 80 84 81 91 87 84
116 125 123 124 123 123 123 123 123 123 123 124 123 120 114 117 112 180 159 164 138 135 125 110 115 129 128 122 137 147 152 140 156 170 157 135 124 124 123 90 112 131 138 109 104 122 129 100 132 134 128 116 99 76 61 69 67 64 65 66 63 66 57 64 61 62 69 87 99 101 79 90 102 98 79 76 74 132 237 187 212 233 245 228 253 238 100 70 68 66 77 101 103 86 73 71 68 75 70 69 151 170 209 160 132 120 83 88 99 89 109 91 93 90 93 88 116 95 88 98 129 208 121 84 82 82 104 86
117 126 124 124 124 124 123 123 123 123 122 117 107 111 109 114 124 155 155 147 150 142 111 107 121 131 136 131 135 149 154 146 147 190 136 129 120 120 99 105 110 120 141 108 98 129 128 110 115 120 138 120 71 65 67 68 64 67 65 64 65 60 59 62 63 67 65 77 78 74 93 102 97 105 103 97 76 138 251 164 209 252 255 243 232 237 103 64 65 60 79 87 78 70 60 57 52 53 48 52 108 111 163 179 166 205 108 71 87 108 120 97 90 79 85 87 99 128 100 85 109 139 148 85 78 78 81 88
118 126 125 125 124 124 124 123 124 121 118 113 116 121 116 116 128 139 138 119 137 133 137 122 141 135 149 141 142 151 153 149 149 183 160 123 127 106 119 135 119 138 130 130 125 130 136 107 105 122 138 83 75 66 64 62 62 67 66 66 66 61 60 60 71 74 65 74 79 95 102 85 66 81 98 95 84 158 255 208 240 252 234 251 230 210 113 64 66 61 50 50 47 47 43 44 39 40 42 48 70 68 113 151 172 210 136 61 81 85 108 95 70 87 88 97 82 124 191 116 81 90 124 121 90 75 78 80
118 126 125 126 124 124 125 122 123 124 125 118 121 117 123 119 130 131 116 101 106 137 126 134 138 149 160 142 132 136 145 150 146 172 185 137 113 123 121 105 119 127 131 137 133 135 137 92 119 122 83 80 84 66 61 62 65 67 64 63 62 59 64 75 78 67 73 72 82 105 101 60 37 45 86 102 90 161 255 232 248 227 96 201 248 194 120 65 62 60 40 35 36 36 35 36 37 39 42 50 62 68 85 115 143 146 116 62 73 78 72 96 79 67 88 114 104 88 146 158 94 84 101 130 120 73 73 85
119 126 126 124 124 126 121 121 129 112 114 114 117 130 119 113 135 116 91 84 88 106 118 147 148 146 161 180 146 143 151 155 158 168 195 122 111 125 131 87 84 115 143 142 125 140 118 89 126 88 74 88 77 69 60 69 72 80 64 62 63 54 76 90 84 80 74 73 100 108 102 46 40 41 74 103 98 160 255 237 254 189 63 129 246 209 135 63 59 57 50 34 35 35 35 36 36 38 45 60 88 87 82 83 85 87 118 84 62 87 75 65 90 65 65 91 120 113 103 142 134 83 81 97 121 102 66 82
119 126 125 125 125 120 111 128 128 115 120 129 126 120 112 121 115 86 88 105 127 125 91 119 134 148 183 191 161 175 199 213 213 208 149 90 117 118 132 88 102 136 145 143 114 124 103 90 81 77 85 71 68 65 65 72 72 67 70 67 58 50 82 83 92 99 74 85 154 116 111 42 40 40 78 108 100 159 246 233 253 168 66 97 241 235 112 68 66 63 61 45 36 48 63 68 59 49 58 67 87 90 97 90 117 88 116 113 57 69 84 66 64 69 61 71 86 120 130 131 140 109 70 73 95 114 86 64
120 127 125 126 128 116 130 141 133 123 128 120 115 120 120 100 82 91 110 131 147 116 105 136 130 137 155 168 142 135 162 188 206 202 132 85 102 116 132 93 115 122 143 152 114 108 85 76 78 85 77 64 61 56 67 64 61 81 63 61 57 67 98 81 101 64 76 103 154 115 103 42 39 40 83 106 97 159 250 232 248 177 67 88 232 246 114 67 64 60 60 51 68 88 73 69 72 69 58 61 69 77 76 132 244 184 74 101 89 55 69 77 60 60 65 61 70 87 108 119 138 144 109 70 77 115 98 62
120 128 126 124 117 135 149 135 147 148 125 114 125 113 90 89 107 114 127 135 119 103 143 140 153 162 170 158 161 141 130 171 189 125 80 90 88 123 97 84 113 136 136 120 106 93 75 81 75 76 69 63 59 66 68 77 71 63 57 66 71 106 69 62 66 61 70 108 135 103 106 43 40 40 73 110 102 162 255 237 252 174 68 99 227 249 117 67 67 63 71 73 117 76 74 80 75 71 66 66 93 128 169 196 194 220 125 65 94 80 54 65 63 58 59 63 66 70 75 97 94 96 139 108 70 83 115 73
120 129 125 111 114 144 147 125 140 137 112 126 121 82 95 116 127 114 134 127 85 109 126 109 134 174 172 165 170 169 163 150 100 88 72 111 87 104 74 104 117 116 106 93 99 85 73 81 67 67 67 56 66 78 71 79 77 58 66 84 94 78 58 62 61 59 70 105 140 112 113 42 39 40 76 110 102 161 255 239 253 173 68 94 223 249 119 66 64 64 55 76 108 86 101 100 95 82 71 81 170 185 201 244 239 196 171 62 68 91 76 56 63 58 56 59 61 62 63 75 86 55 80 130 103 64 94 94
121 116 111 89 102 141 136 136 138 121 117 133 91 83 131 122 121 125 131 103 81 119 115 90 107 138 138 136 145 150 141 113 90 76 71 105 89 75 70 97 103 111 102 96 93 86 88 71 61 67 60 64 99 88 69 63 57 57 66 86 68 58 62 65 61 62 72 108 152 120 126 45 41 41 76 109 103 162 255 237 252 176 68 100 226 252 120 67 59 54 63 69 85 105 99 88 91 99 99 115 232 252 248 254 255 209 192 112 65 67 91 71 61 62 53 54 60 64 62 62 78 73 56 92 120 83 61 99
102 108 89 72 109 126 117 132 139 115 118 97 92 115 139 122 133 132 126 84 90 97 86 102 94 131 126 98 97 104 95 82 78 73 84 98 90 80 71 97 119 121 112 94 85 94 74 59 67 69 53 80 100 74 63 59 60 59 60 66 60 59 65 65 65 67 71 108 152 117 123 45 41 40 75 108 103 162 255 237 252 180 68 100 223 253 124 67 65 56 70 91 105 95 77 78 73 89 94 98 187 201 237 237 239 238 199 142 67 62 58 89 66 58 55 49 52 59 63 59 61 74 60 63 92 85 69 63
100 94 74 82 132 129 116 139 148 110 83 112 137 147 143 112 139 126 109 94 80 76 79 85 80 125 164 119 113 114 83 79 76 71 102 83 83 85 94 120 125 124 104 75 95 94 59 60 73 63 61 67 73 62 62 61 63 61 68 63 57 65 69 65 64 65 73 108 152 117 128 46 42 41 76 108 105 162 255 239 252 183 71 101 221 253 127 68 67 65 79 91 87 83 98 105 102 85 81 80 197 196 209 239 242 244 237 87 63 63 57 63 88 69 61 55 47 50 60 62 61 63 77 76 78 65 59 58
88 78 80 100 125 132 135 116 135 92 106 150 148 152 135 112 111 82 101 90 75 73 81 89 87 87 141 150 137 95 84 81 73 75 98 79 86 118 125 122 125 113 86 100 103 71 62 62 62 60 68 68 67 63 63 60 65 63 62 60 63 79 58 60 64 62 73 110 150 116 131 45 42 42 73 106 105 163 255 240 252 186 73 99 219 253 128 69 66 63 75 85 84 99 99 99 111 105 100 84 215 191 201 252 255 236 224 99 64 62 61 57 69 86 63 60 55 43 52 62 61 59 77 90 78 68 67 57
78 85 117 126 112 105 109 121 106 90 139 156 151 146 100 86 78 80 93 75 74 95 101 121 103 92 103 118 198 171 121 88 88 81 78 85 110 128 116 116 136 100 91 100 65 57 78 86 63 65 65 64 63 61 61 59 64 62 66 71 71 60 59 59 64 63 70 111 149 116 130 46 43 42 77 107 104 160 255 240 251 192 73 98 216 254 131 70 68 70 79 94 106 106 71 48 67 99 95 99 223 237 239 240 202 249 210 112 62 62 58 59 61 63 66 54 60 52 55 68 68 58 57 67 88 86 76 54
90 126 128 118 101 80 90 89 85 119 152 161 134 92 75 83 83 94 75 79 94 119 130 133 129 126 98 103 131 198 152 94 89 89 91 90 106 125 139 132 96 84 86 66 60 68 96 71 60 70 69 67 62 66 61 62 63 58 81 67 61 62 59 61 62 62 72 110 150 115 125 43 42 41 80 109 104 160 255 239 250 194 79 97 213 255 135 68 70 65 80 99 107 107 48 40 44 87 104 108 221 247 247 193 79 228 209 128 60 61 58 57 62 60 66 60 57 66 58 64 74 67 62 62 80 84 63 50
106 110 94 101 87 90 83 86 93 123 148 147 117 81 71 77 105 85 82 112 115 130 149 113 109 119 150 130 91 115 119 77 78 86 103 100 92 103 108 93 79 92 86 61 60 73 69 62 66 69 65 63 65 60 59 62 61 68 78 50 65 63 57 63 62 63 70 110 150 117 125 42 41 41 80 111 105 159 255 240 251 197 75 90 211 255 138 68 68 69 90 142 113 117 43 41 42 92 109 112 215 243 249 171 62 187 245 116 59 60 61 54 55 58 56 62 60 60 56 53 56 58 55 58 62 92 59 50
124 116 79 91 90 86 100 116 120 132 142 129 122 82 83 103 101 73 98 116 106 113 91 94 107 117 127 121 103 91 82 88 102 102 121 120 91 82 82 89 96 99 69 76 68 64 61 66 65 85 80 62 68 65 62 61 67 69 51 56 65 55 55 62 63 64 69 110 152 116 126 41 41 41 78 109 107 160 255 240 250 202 77 88 210 255 145 73 69 69 107 149 114 115 41 40 42 92 103 109 209 239 247 168 61 159 252 116 59 59 58 57 55 56 58 56 59 58 58 53 56 54 47 57 56 73 81 48
144 111 85 88 77 107 109 117 117 134 147 134 103 97 103 106 102 104 119 124 107 110 108 116 119 121 136 108 88 94 108 107 108 108 117 121 90 78 87 94 97 75 69 73 63 57 59 65 66 79 69 66 68 64 59 64 72 51 51 88 64 52 55 67 65 59 68 110 150 112 113 40 41 40 85 110 107 160 255 239 249 199 72 90 212 255 147 69 71 70 107 132 99 107 42 41 42 82 110 109 215 252 249 169 64 153 254 122 61 59 55 55 57 53 56 59 57 62 59 54 55 59 52 53 57 59 75 62
143 106 79 78 91 118 91 131 117 141 153 129 103 117 106 89 105 91 126 144 126 126 102 104 103 106 88 82 107 109 124 120 122 126 127 90 74 79 78 89 86 75 73 68 61 59 60 64 77 64 59 78 74 57 49 75 62 52 61 80 59 65 70 71 65 59 69 111 151 89 53 51 56 62 84 103 102 159 255 238 246 221 111 80 179 255 145 69 72 70 106 133 113 118 42 42 42 82 110 109 213 254 250 170 63 146 251 127 60 60 56 55 57 54 54 55 53 59 64 57 54 57 60 64 57 57 57 65
122 91 76 74 115 113 109 138 125 147 123 102 85 114 87 75 79 109 126 124 142 123 105 92 75 75 78 83 109 115 117 111 114 107 85 66 79 70 74 74 71 75 70 60 59 59 62 63 66 59 56 89 63 51 56 63 52 49 54 59 70 63 64 60 60 57 66 109 123 92 78 82 85 84 90 104 101 157 255 239 242 250 243 198 204 254 150 67 68 71 106 148 119 127 43 41 41 81 109 106 212 254 250 173 66 149 255 133 60 61 57 54 54 55 52 52 52 54 64 71 51 57 59 88 93 53 55 58
106 88 96 79 119 105 113 124 136 125 79 94 83 109 87 92 125 151 136 112 128 133 99 72 72 86 80 88 96 93 111 135 112 72 67 72 71 72 82 71 78 70 62 61 64 60 59 75 82 56 67 74 52 57 64 53 47 48 55 60 61 58 61 61 58 52 68 95 99 96 86 91 91 86 93 112 113 161 247 237 245 251 240 242 237 254 152 67 68 67 106 149 119 124 44 41 41 82 110 107 210 254 250 178 67 144 255 138 60 63 59 54 55 53 52 50 53 51 56 65 61 52 57 60 87 60 61 58
89 74 88 86 132 113 122 120 136 81 76 87 91 107 98 129 140 131 127 142 145 103 73 70 79 89 79 96 97 99 106 98 75 62 70 69 66 87 75 78 74 65 63 64 65 61 87 122 88 59 56 65 53 65 65 51 47 50 55 55 54 59 63 59 51 53 69 108 125 106 115 106 94 85 84 89 86 142 199 197 221 199 216 236 236 255 155 66 68 69 106 150 119 131 43 42 41 79 111 106 207 255 248 184 68 137 255 145 60 62 56 51 54 52 52 51 51 48 49 53 63 56 49 53 58 74 58 51
68 73 88 95 120 106 107 122 122 72 78 91 91 89 139 163 140 142 133 161 117 65 69 65 70 77 82 103 101 104 100 74 67 68 68 70 85 93 71 71 64 66 69 80 77 76 113 88 70 79 73 82 62 69 65 50 49 50 53 53 57 62 63 52 54 59 74 120 139 149 102 90 99 104 73 61 74 140 235 227 153 120 222 217 223 224 153 64 67 72 107 149 119 131 45 42 41 77 111 106 206 255 247 189 68 132 255 152 60 63 57 53 54 53 51 54 54 51 46 52 55 62 54 50 49 61 74 51
67 84 89 110 117 109 110 129 109 70 80 93 84 94 107 108 114 110 94 94 68 69 73 79 70 82 94 104 96 89 77 79 69 72 73 67 72 62 73 64 66 68 73 91 109 71 66 68 101 75 68 67 70 70 74 51 50 49 51 56 60 64 60 47 74 68 67 75 102 214 134 132 124 95 77 67 72 124 241 225 104 170 254 248 224 172 166 69 67 69 108 150 121 132 44 41 41 81 112 105 203 255 246 194 70 128 255 158 59 59 58 56 52 52 52 52 52 54 50 49 53 55 62 58 48 49 60 59
72 82 94 111 105 102 119 134 99 69 74 74 72 75 67 68 74 71 65 67 69 64 67 71 66 80 94 88 84 82 82 74 70 71 83 91 68 59 61 66 69 81 73 74 89 67 61 86 87 66 66 65 67 70 69 53 50 53 51 55 59 62 49 51 84 66 78 89 77 146 140 126 98 88 85 77 68 96 136 125 83 214 255 255 240 162 211 101 65 68 105 150 121 127 43 43 41 84 111 112 213 254 243 205 79 123 255 162 58 57 51 54 56 53 50 52 51 51 53 54 54 51 55 65 54 47 50 55
77 92 103 108 101 102 133 125 81 68 68 66 71 72 70 70 70 69 68 68 69 67 63 67 65 78 81 79 82 89 74 69 73 76 94 90 60 57 74 71 67 74 67 64 64 63 63 65 66 67 66 62 65 70 63 48 50 55 56 57 59 58 46 55 69 54 111 145 130 127 122 102 93 90 89 84 67 73 77 68 138 253 255 254 251 168 180 145 63 70 106 151 121 128 43 42 41 84 114 96 197 255 242 206 72 119 253 169 59 60 52 47 54 54 51 51 51 52 54 52 54 57 55 53 52 55 58 58
90 102 96 102 98 124 110 73 66 66 66 67 68 71 71 69 68 69 65 68 69 67 67 68 70 79 83 86 92 85 61 64 85 88 103 63 58 61 65 68 70 67 59 63 66 65 65 61 68 66 65 59 65 69 55 46 54 57 55 60 61 49 50 61 70 61 138 175 168 125 104 102 95 89 81 72 63 66 70 72 150 242 250 255 255 229 166 178 65 67 105 151 121 119 42 42 40 82 117 102 195 255 244 215 73 117 250 166 57 59 55 53 52 54 54 56 59 54 59 60 55 57 57 57 54 57 56 54
103 103 92 90 104 97 68 66 69 67 66 66 67 67 71 73 67 70 67 65 68 67 69 77 81 88 90 88 91 65 58 95 104 93 89 63 64 64 67 64 69 70 59 59 62 64 65 68 64 62 63 62 61 64 53 51 58 58 57 57 57 53 52 52 66 96 168 158 127 91 84 77 72 68 62 63 67 69 72 94 138 189 210 232 246 247 164 181 86 68 105 153 106 59 54 59 64 83 110 104 192 241 203 169 69 80 106 80 63 64 63 61 59 57 58 59 58 56 60 59 62 56 58 57 55 59 57 52
115 112 93 92 76 65 68 65 65 64 66 63 67 62 68 69 71 67 68 67 69 72 75 78 84 92 90 79 62 57 67 111 116 76 63 66 61 63 65 66 68 65 61 61 59 62 64 66 63 65 66 62 62 61 57 58 59 56 56 56 50 62 68 54 75 91 99 80 77 65 62 60 59 59 59 60 65 69 88 195 197 161 156 175 200 213 171 189 129 69 84 113 101 83 86 88 85 91 110 92 87 89 74 69 72 70 69 66 68 66 63 61 59 57 60 60 60 59 59 57 58 56 54 54 59 56 56 58
127 102 73 69 68 68 67 67 66 62 61 66 66 62 67 74 78 70 70 67 68 70 71 77 84 89 73 64 63 63 72 128 97 61 59 63 64 63 63 69 67 63 61 57 59 68 62 62 63 63 61 62 61 60 56 58 58 57 55 56 53 53 50 58 61 54 54 57 60 63 67 72 76 80 84 84 76 108 146 226 244 246 234 201 170 151 165 190 205 81 73 114 104 98 103 104 95 99 117 78 69 72 74 72 70 70 68 68 66 67 63 58 57 57 56 56 58 58 61 54 58 55 54 58 55 55 59 55
86 70 62 64 65 67 67 66 65 63 61 68 67 63 73 83 87 77 73 66 66 66 71 79 81 74 64 64 64 63 68 92 66 60 60 66 68 62 64 64 65 62 52 55 63 64 64 60 66 60 61 58 54 58 54 56 54 58 58 52 49 58 56 59 60 63 67 68 80 92 95 95 93 90 85 81 97 108 113 188 220 241 255 255 254 218 183 149 117 75 88 133 110 119 105 98 94 95 75 71 69 71 70 70 68 67 68 67 67 66 59 58 60 60 58 59 58 61 61 58 58 58 58 57 53 56 57 56
63 61 60 61 64 67 68 65 66 63 65 63 68 67 67 75 88 80 75 69 65 66 70 71 68 58 62 58 64 63 66 65 62 61 63 67 64 61 64 64 61 53 51 66 67 63 66 61 64 66 60 54 54 57 54 60 56 55 58 52 54 55 58 58 61 77 83 77 81 82 78 74 73 74 78 78 78 100 129 218 233 226 231 237 249 251 248 190 62 68 82 108 146 104 104 113 117 94 68 70 69 70 68 68 70 70 68 66 67 64 61 60 58 58 60 57 55 62 56 60 60 59 58 56 54 56 57 55
67 65 64 64 64 65 66 65 62 60 63 68 66 68 67 80 87 75 76 74 67 65 66 75 70 55 64 67 62 63 60 59 59 61 70 68 64 62 67 57 51 47 62 66 64 65 62 59 62 65 58 56 57 60 64 60 56 54 57 57 54 55 54 60 59 66 69 70 78 87 91 95 97 99 101 98 102 121 157 226 245 250 251 241 233 220 228 189 69 69 81 114 188 134 132 133 111 80 70 66 69 68 68 67 68 69 66 65 66 63 61 61 60 59 60 57 55 61 53 67 71 54 60 59 56 56 57 56
63 66 67 65 67 65 64 65 60 63 67 68 67 68 70 78 80 73 77 73 78 71 69 80 84 76 61 71 69 61 54 54 62 63 64 66 61 67 58 50 51 49 66 67 64 66 62 60 61 55 56 56 56 59 57 57 57 54 55 55 55 55 59 58 57 79 87 82 96 104 103 101 100 100 100 98 107 121 154 223 245 250 255 255 255 243 232 185 70 62 126 133 136 135 126 109 95 74 68 68 66 67 71 69 68 67 65 65 66 59 60 58 59 60 59 57 60 56 69 80 72 54 58 58 55 56 58 55
65 67 66 65 65 64 63 61 64 67 66 63 67 69 69 76 80 72 78 72 73 75 65 71 75 72 64 67 72 60 53 57 63 65 66 64 61 63 51 54 54 57 61 61 65 64 57 56 59 56 59 59 54 59 56 55 56 52 56 57 59 53 50 56 55 81 90 82 96 104 102 100 100 103 102 98 107 123 156 221 246 250 255 254 255 251 249 196 63 74 171 176 148 124 103 94 82 70 67 67 69 68 67 65 68 68 65 65 63 59 62 59 59 59 57 59 50 39 65 77 162 58 58 57 58 57 59 57
64 65 67 66 65 63 63 63 64 62 61 64 66 65 71 77 76 73 81 73 67 68 64 66 69 65 66 69 62 53 51 60 63 63 65 60 61 58 53 55 58 60 62 63 68 61 56 55 56 57 56 57 58 55 53 54 54 56 55 54 58 55 54 57 53 80 91 83 98 104 107 111 118 118 102 99 107 123 156 220 247 250 255 254 255 252 249 201 64 83 114 93 77 58 50 45 61 71 69 65 68 68 67 66 66 70 64 65 62 58 60 60 57 58 50 40 32 32 86 71 117 61 59 58 59 57 57 57
65 66 65 65 63 60 64 63 64 62 58 61 66 64 68 80 80 80 71 70 66 66 65 64 67 64 68 64 56 51 57 64 62 61 64 64 64 54 54 55 59 64 62 76 79 60 55 55 56 56 58 56 55 55 54 55 50 55 56 55 56 53 54 56 53 82 90 83 97 118 130 125 127 119 102 99 107 123 155 219 247 250 255 254 254 252 249 206 70 64 56 55 44 43 41 48 69 70 69 68 68 68 67 67 66 66 64 64 64 59 59 61 57 49 40 40 43 49 60 51 61 60 61 60 56 57 56 57
64 65 62 65 64 60 65 62 61 63 59 60 63 65 66 69 79 74 73 72 67 68 68 65 67 66 64 58 56 50 61 67 62 64 63 60 54 53 49 60 66 81 76 78 62 56 56 54 55 55 57 56 55 55 54 55 54 52 54 56 54 54 58 56 55 83 93 85 134 140 135 126 126 120 102 99 106 122 156 219 247 250 255 254 255 252 248 208 71 64 61 53 41 41 39 61 70 69 69 70 70 68 69 66 68 68 67 62 61 63 63 63 61 58 61 60 61 61 59 62 59 61 60 58 55 56 55 57
63 65 64 63 64 64 63 60 61 61 62 60 61 62 65 69 74 68 67 71 66 67 65 65 71 66 60 55 51 49 77 72 62 64 62 58 52 51 50 57 77 91 71 55 54 55 58 54 55 56 55 56 54 56 55 54 56 55 54 54 52 50 53 58 57 83 92 97 153 135 135 125 127 116 102 99 107 124 158 219 247 250 255 255 255 252 247 212 72 64 62 45 38 38 46 72 70 69 71 70 70 68 68 71 71 65 68 64 59 60 64 62 57 60 57 59 57 59 57 56 60 60 59 55 54 56 55 56
61 66 68 64 63 64 65 63 62 60 62 61 59 62 63 66 69 66 69 71 67 74 65 69 72 62 55 55 53 55 71 60 65 62 59 55 52 49 49 62 91 95 70 55 55 55 56 57 55 59 55 55 57 55 58 50 54 56 55 56 56 55 55 56 57 82 99 105 152 135 136 129 129 116 101 98 105 121 144 207 246 249 255 254 255 252 247 215 72 64 57 39 36 37 63 72 72 69 69 70 68 68 67 69 67 68 65 59 60 58 60 61 58 58 59 59 57 60 56 56 61 56 59 56 55 56 56 57
59 63 63 60 60 60 62 59 60 62 61 59 57 61 61 64 67 68 68 72 71 70 67 67 65 63 59 58 58 60 61 61 62 59 53 52 53 48 58 85 85 76 58 57 60 58 51 56 55 58 58 58 56 52 53 56 54 55 52 54 55 54 56 56 52 82 103 107 150 130 128 122 117 110 93 83 105 118 113 192 244 243 247 251 253 251 247 218 72 66 53 37 35 49 73 72 73 71 73 70 69 66 68 68 67 65 65 61 59 61 57 59 56 59 59 61 58 60 58 57 60 57 58 56 58 56 56 57
61 61 59 56 60 62 62 58 60 62 62 58 59 59 61 64 65 66 68 70 77 75 68 60 61 62 60 58 60 60 58 59 61 57 54 54 55 49 83 95 86 67 56 57 60 59 57 54 57 58 57 54 56 53 54 53 53 51 53 54 53 52 54 55 57 76 95 109 127 100 97 95 93 92 84 83 104 120 131 207 245 243 241 241 243 244 245 218 75 65 47 37 36 65 76 72 71 72 70 68 68 68 65 66 67 67 64 62 59 60 59 61 59 59 58 61 60 60 59 60 57 58 58 57 57 54 56 54
60 63 63 60 71 67 58 58 60 60 57 58 60 60 60 62 65 66 68 69 73 75 67 57 55 60 61 57 60 59 60 61 59 56 57 59 50 55 89 84 74 60 58 58 60 58 57 56 58 60 59 56 55 50 52 54 53 50 51 52 54 55 56 54 52 71 94 109 135 105 105 110 113 109 100 99 105 123 157 216 247 248 251 247 244 240 243 217 78 62 44 36 48 74 76 71 72 70 70 69 67 69 68 68 67 66 62 60 60 61 59 63 58 60 60 61 58 58 57 58 60 60 58 57 56 54 55 53
58 61 62 66 68 63 58 60 59 59 59 59 59 60 61 60 62 64 64 67 71 71 69 61 54 60 60 59 60 61 61 63 56 58 58 56 48 72 102 71 58 61 61 60 59 55 57 58 56 55 53 54 51 51 54 51 55 50 54 51 55 53 59 57 51 80 102 107 157 137 133 134 134 124 105 100 105 122 156 214 247 249 255 254 254 250 245 216 77 58 43 38 69 77 77 70 71 70 71 70 67 68 68 68 67 64 65 61 59 61 57 60 61 56 60 60 58 58 55 56 59 60 57 55 56 54 54 54
60 62 61 67 63 57 62 61 59 58 58 58 59 60 60 61 64 63 62 64 68 68 72 66 54 57 56 58 58 62 63 61 59 60 59 55 55 65 68 60 63 58 55 59 54 56 55 55 54 55 49 51 46 46 54 53 52 62 71 59 56 54 59 55 55 82 103 107 156 135 132 132 129 126 106 100 105 119 155 213 247 248 255 255 255 253 246 222 76 53 43 51 79 79 76 72 72 71 72 68 69 69 68 69 68 61 62 63 61 60 58 59 60 58 59 58 56 58 54 58 58 59 55 55 53 56 55 55
58 63 62 60 59 55 61 62 60 56 56 58 60 60 62 60 62 65 67 65 67 69 73 70 55 60 55 55 58 62 60 56 57 61 58 56 59 58 57 57 55 54 56 57 53 56 54 56 54 54 47 48 47 44 48 52 56 59 60 67 54 54 55 50 55 81 103 106 154 135 131 130 127 126 107 100 106 120 154 214 248 248 255 255 255 253 246 224 76 52 46 73 81 76 77 75 73 73 74 68 67 67 68 66 65 60 61 60 59 59 61 61 61 60 58 59 62 58 57 60 60 59 60 59 57 57 58 56
61 62 63 61 60 59 61 60 61 60 58 56 59 56 60 62 61 64 66 65 67 64 70 69 52 51 51 51 54 61 59 55 56 62 59 59 58 56 56 57 57 54 53 55 52 53 53 54 50 52 49 46 50 49 57 57 67 81 65 56 53 54 55 51 55 82 104 106 151 135 131 129 128 125 108 99 104 119 154 213 248 248 255 255 255 253 246 227 79 52 58 82 84 79 75 73 72 72 69 72 69 68 66 69 66 64 64 63 62 64 62 61 62 62 63 61 60 60 60 59 59 59 59 59 58 61 59 57
58 64 63 61 61 62 61 60 59 60 60 60 61 62 60 62 62 62 64 64 64 65 68 74 59 50 53 51 51 57 57 56 59 61 58 53 52 53 56 53 55 55 55 56 52 52 57 57 51 50 48 46 51 51 69 61 58 61 52 53 51 54 54 53 55 84 104 107 150 130 130 126 127 123 108 99 104 118 154 211 248 248 255 255 255 253 247 220 75 59 77 83 81 78 75 74 74 69 61 89 67 67 68 68 68 67 66 64 65 64 62 63 63 64 65 64 62 63 62 61 60 61 58 59 58 58 50 38
59 60 62 62 60 61 61 58 60 60 61 62 58 60 61 59 62 64 63 65 63 64 65 72 70 62 65 67 54 53 54 58 60 57 59 59 55 55 59 57 55 53 53 59 53 53 57 61 58 49 46 52 52 48 56 59 52 54 52 52 54 54 54 54 56 82 103 106 151 130 130 127 127 125 107 99 103 117 154 211 248 248 255 255 255 254 249 154 67 72 86 86 79 76 76 75 76 67 83 82 75 64 67 67 67 67 64 64 62 60 65 64 65 62 61 63 58 61 61 60 60 61 58 57 56 49 40 41
60 58 59 62 59 59 60 60 60 59 59 63 60 59 60 55 59 61 62 64 66 65 63 72 69 69 70 72 73 57 56 58 59 56 56 56 55 55 56 58 57 54 54 56 50 56 54 61 61 54 52 55 55 50 46 52 48 52 55 53 54 54 52 53 56 83 103 105 149 132 129 128 126 124 106 99 103 116 153 209 248 247 255 177 229 255 214 97 96 82 86 81 78 77 77 69 55 63 60 155 81 64 69 70 69 67 64 64 64 64 64 64 66 63 61 58 60 61 61 59 60 58 56 59 59 56 57 60
58 60 59 59 59 58 59 60 59 61 60 62 59 55 57 49 51 55 57 58 65 66 67 71 71 73 72 72 71 54 56 55 58 56 55 56 53 55 54 54 59 58 55 54 49 57 58 56 50 49 51 51 54 51 48 51 52 53 52 51 52 51 51 53 53 84 104 105 151 134 131 128 127 126 105 99 104 116 151 205 248 248 251 147 218 255 136 79 91 89 86 83 79 74 62 50 41 67 71 129 73 67 67 68 66 68 66 62 61 62 62 62 62 65 62 59 59 61 61 60 62 58 59 59 58 56 57 59
57 63 63 63 61 59 63 63 59 61 58 62 62 55 52 53 60 58 62 58 61 63 64 72 76 76 72 72 70 56 57 54 56 56 54 53 55 55 54 54 56 57 56 51 54 54 58 59 51 49 50 55 53 54 55 51 50 51 50 50 49 49 50 52 53 83 103 105 150 134 130 128 124 128 107 99 104 116 152 206 248 247 251 161 230 210 80 80 85 86 83 79 76 69 64 66 64 72 65 65 69 70 69 70 66 66 66 61 63 63 61 64 63 64 61 60 63 61 61 62 62 60 59 57 57 58 59 56
58 60 62 62 60 60 61 59 57 62 64 65 64 70 76 83 69 60 63 58 59 63 64 66 72 71 72 76 70 55 54 58 56 53 53 52 53 49 52 53 56 56 54 50 56 54 59 60 51 51 53 51 52 49 51 50 49 48 49 49 47 46 50 50 51 83 104 105 148 133 130 128 121 125 106 99 104 115 153 204 249 246 255 184 220 138 89 83 91 86 83 79 77 77 76 74 75 70 69 66 66 70 68 67 67 64 67 64 63 64 67 64 62 64 61 61 65 61 60 64 65 60 59 57 58 55 57 51
59 60 60 58 58 59 62 63 60 57 64 60 59 68 70 64 60 59 61 61 60 61 64 68 71 66 69 73 58 54 51 53 53 52 49 50 51 48 52 50 52 51 52 53 55 56 56 55 51 47 51 48 49 47 45 47 47 44 46 45 45 46 47 47 49 83 104 107 149 134 129 128 124 121 104 100 103 115 152 202 248 246 255 255 184 102 90 88 91 85 80 80 76 77 74 74 74 72 70 69 71 68 66 70 68 67 68 67 65 64 65 65 62 60 60 56 57 54 52 55 51 46 46 45 41 41 40 35
57 59 60 53 57 63 61 60 61 60 59 58 58 58 59 57 56 59 61 60 61 60 60 63 69 66 65 57 51 51 49 49 50 47 48 49 48 47 49 49 51 51 49 55 50 54 54 49 50 43 45 46 46 45 45 44 45 43 45 44 45 45 45 46 49 83 104 105 151 136 132 127 126 123 104 93 111 119 136 178 240 244 255 236 106 87 80 92 88 85 80 77 78 75 76 73 71 70 65 67 63 60 61 60 59 58 55 53 51 49 51 49 43 43 43 38 40 37 36 38 35 36 36 37 37 37 36 36
56 59 61 61 60 58 59 57 58 61 61 58 60 58 57 61 60 62 60 60 60 60 61 60 66 66 59 49 49 48 46 46 48 46 47 47 47 46 48 49 51 51 48 54 50 49 48 48 46 46 44 46 45 45 44 44 43 43 44 44 45 44 44 46 48 82 103 111 141 115 108 104 103 104 98 84 107 118 134 174 243 246 241 130 80 76 86 85 81 74 71 68 62 58 57 51 54 49 45 46 43 44 44 41 41 41 40 40 40 39 40 38 41 39 39 42 41 39 38 39 37 37 36 36 35 34 33 33
56 63 58 58 57 59 59 58 56 56 60 65 61 59 61 65 56 57 60 61 60 60 61 60 62 55 48 48 47 49 48 47 47 47 46 47 47 47 48 48 47 48 48 49 52 50 45 46 46 46 45 44 44 44 45 44 44 44 44 44 44 43 45 45 48 76 97 107 137 113 110 109 108 105 87 81 106 116 128 138 205 225 145 87 94 72 64 58 57 52 51 52 47 50 49 49 49 49 48 48 47 48 48 47 46 44 44 41 40 38 38 37 39 37 37 38 39 39 41 41 41 41 43 43 43 45 47 46
54 60 60 60 59 58 59 61 60 59 56 60 60 59 66 62 59 59 61 57 60 59 59 59 51 47 48 48 47 48 48 47 46 47 48 47 48 47 46 47 46 46 46 47 49 46 44 45 45 45 44 43 45 44 45 43 43 44 43 43 43 44 44 44 48 73 100 112 125 104 103 95 91 85 84 84 88 85 85 80 106 113 88 98 91 80 76 74 75 68 61 62 51 50 48 47 45 45 43 43 42 43 43 44 44 45 46 46 45 46 48 49 50 52 52 53 54 55 57 57 56 56 56 56 57 57 57 56
51 60 59 59 61 60 58 59 63 60 57 57 58 58 70 63 56 56 60 59 60 60 56 49 47 48 48 48 48 47 47 47 48 49 48 47 46 46 47 47 45 45 46 47 45 45 45 45 46 46 44 44 45 45 44 44 44 44 45 43 43 42 46 58 75 85 87 83 78 73 69 65 62 63 63 61 61 63 68 80 152 153 173 113 63 60 55 52 51 50 52 48 48 50 52 52 55 57 57 58 59 58 58 60 60 59 59 58 58 59 58 59 58 57 55 56 56 55 56 56 54 54 54 52 51 50 50 49
52 61 60 59 60 58 59 58 61 62 63 59 58 58 59 59 64 63 64 64 58 51 49 48 47 47 47 48 48 47 47 46 47 48 46 48 46 45 46 46 46 44 45 45 44 45 45 45 45 44 44 44 43 44 43 43 44 45 44 44 42 42 48 57 57 57 57 57 58 58 57 57 58 56 60 62 63 66 67 97 181 208 191 73 68 71 75 74 72 67 71 72 66 67 67 65 65 66 65 65 64 64 63 62 61 59 58 55 54 53 52 53 56 55 49 48 46 49 50 50 50 51 51 51 51 50 50 50
49 61 61 58 60 61 60 59 59 58 60 54 57 59 57 59 67 62 66 69 59 47 47 47 47 47 47 47 47 48 49 48 47 48 47 49 48 47 46 45 46 45 46 46 45 45 44 45 45 44 45 45 44 43 44 42 43 44 41 43 44 43 43 50 56 62 62 66 66 63 64 62 63 60 62 63 63 64 69 84 125 155 154 68 79 78 81 83 79 74 70 74 70 68 67 65 63 62 62 60 59 59 58 57 57 56 55 55 54 53 55 57 59 59 55 55 53 55 57 59 60 60 60 61 62 63 64 64
46 58 58 59 57 59 60 57 59 59 59 58 58 61 58 57 56 63 69 53 49 49 48 47 48 48 48 48 49 48 49 48 49 50 47 48 47 47 45 45 46 45 46 45 45 45 45 47 45 45 45 45 43 44 44 43 44 44 44 42 43 43 43 49 54 56 55 54 52 52 52 51 50 51 51 53 60 65 68 129 176 153 65 62 69 78 80 79 70 60 70 70 67 65 63 62 61 60 60 60 60 61 62 63 64 65 66 67 68 65 59 61 66 66 64 64 79 83 84 85 86 85 85 86 85 85 86 85
