50 79 81 81 83 85 85 85 87 87 88 89 90 91 91 92 93 94 95 95 96 97 97 98 98 99 100 101 100 102 102 102 103 103 104 105 105 106 106 107 107 108 107 108 109 109 110 110 110 110 111 111 111 111 112 112 112 113 113 113 113 113 113 113 113 113 113 113 113 113 114 113 114 113 113 113 113 113 113 112 112 112 111 111 111 110 110 110 109 109 109 108 107 107 107 106 106 106 105 104 104 104 103 102 102 102 100 100 100 99 98 98 97 96 95 94 94 93 92 91 91 90 89 88 88 87 84 84
62 82 82 83 84 85 86 86 87 88 90 90 91 91 93 94 94 96 96 96 97 97 98 99 99 100 101 102 102 103 103 104 105 105 106 107 107 108 108 108 109 109 110 109 110 110 110 111 112 112 112 112 113 113 113 112 113 114 114 114 115 114 115 115 114 115 114 115 115 114 115 114 115 114 114 114 114 114 113 113 113 112 112 112 112 111 112 111 111 110 110 109 109 108 107 107 107 106 106 105 105 104 104 103 102 102 102 101 101 100 99 98 98 97 97 96 95 93 93 92 91 90 89 88 88 87 86 85
68 83 84 84 85 86 87 88 89 89 91 91 92 93 94 95 96 97 98 98 99 99 100 101 101 102 102 103 103 104 105 105 106 107 107 107 108 108 109 110 110 110 110 110 111 111 111 112 113 112 113 113 114 113 114 114 114 114 115 115 115 115 115 115 115 115 115 115 116 115 115 114 115 115 115 115 114 114 114 114 114 113 114 113 112 112 112 112 111 111 111 110 109 108 108 108 108 107 106 106 105 105 104 103 103 103 102 101 101 101 100 99 98 98 97 96 96 94 93 92 91 91 90 89 88 87 86 86
71 84 84 85 86 87 88 89 90 91 91 92 93 94 95 96 96 97 98 99 99 100 101 101 102 102 102 103 104 104 106 106 106 107 107 108 109 109 109 110 110 111 111 111 111 112 112 113 113 113 113 114 114 114 114 115 115 115 116 115 115 116 116 116 116 117 116 115 116 116 116 115 116 115 115 115 114 115 114 114 114 114 114 113 113 113 112 112 111 111 111 110 109 109 109 108 108 107 106 106 106 105 105 104 104 103 102 102 100 101 100 100 98 97 97 96 96 94 93 92 92 91 91 89 89 87 87 86
70 86 86 86 87 88 89 90 90 91 92 93 94 95 96 97 97 98 98 99 99 100 101 101 102 103 103 104 105 105 106 106 107 107 108 108 109 110 110 110 110 111 112 112 112 113 113 113 113 114 114 114 114 114 115 115 115 115 116 116 116 116 116 117 117 116 116 116 116 116 116 116 116 116 116 115 115 115 115 114 114 114 114 114 113 113 112 113 112 111 111 110 111 109 108 108 108 108 107 106 105 105 104 104 104 103 102 102 102 101 100 100 99 98 97 96 96 95 94 94 93 91 91 90 90 88 87 86
72 86 85 87 87 88 89 90 91 92 93 94 94 95 96 97 97 98 99 99 100 101 101 101 102 103 103 104 105 106 106 106 107 107 108 109 108 109 110 110 111 112 112 112 112 113 113 113 113 114 114 114 115 115 115 115 116 116 117 116 116 116 116 116 116 116 116 117 117 116 116 117 116 116 116 115 115 115 115 115 115 114 113 113 113 113 112 113 112 111 111 110 110 109 109 109 109 108 107 107 106 106 106 104 104 103 103 102 101 101 101 99 99 98 98 97 96 95 94 93 92 92 91 90 90 88 87 87
74 86 86 87 88 89 90 91 91 92 93 94 94 96 97 97 98 98 99 100 101 101 101 102 102 103 103 104 105 106 106 107 107 108 109 110 110 110 111 111 111 112 112 112 113 114 114 114 114 114 115 115 115 116 116 116 117 117 116 117 117 117 117 116 117 117 117 117 117 117 116 117 116 116 115 116 115 115 115 115 114 114 114 114 113 113 113 112 112 112 111 111 110 110 109 109 108 108 107 107 107 106 105 105 104 104 103 103 103 101 101 100 99 99 98 97 97 95 95 94 93 92 91 90 89 88 87 87
75 87 86 88 88 89 90 91 92 92 93 94 95 96 97 98 98 99 100 100 101 101 101 102 102 103 104 105 106 106 106 107 108 108 109 110 110 110 111 111 111 112 112 113 113 114 113 114 114 115 115 115 115 115 116 116 117 117 117 117 117 117 117 117 117 117 117 117 117 117 117 117 117 116 116 116 116 115 115 116 115 115 115 114 114 114 113 113 113 112 112 112 111 109 110 109 108 108 107 107 107 106 105 105 105 104 103 103 102 102 102 101 100 99 98 97 97 95 95 94 94 92 91 90 90 89 88 88
76 88 87 88 89 90 90 92 92 94 94 95 96 97 97 98 98 99 100 101 101 102 102 103 102 104 105 106 107 106 107 108 108 109 109 110 110 110 111 111 112 113 113 114 113 113 115 115 115 115 115 116 116 116 117 117 117 117 117 117 118 118 118 117 117 118 118 118 118 117 118 118 118 117 117 117 117 117 116 116 115 115 115 114 114 114 114 114 113 112 112 112 110 110 110 109 109 109 108 108 107 107 106 106 105 104 104 103 103 102 101 101 100 99 98 97 97 97 96 95 94 93 92 91 91 90 88 87
76 88 88 88 89 90 91 92 92 94 95 96 96 97 98 98 99 100 100 101 102 102 103 103 104 105 105 105 106 106 107 108 108 109 110 110 110 111 111 112 112 113 113 114 115 115 115 115 115 116 116 116 117 117 117 117 117 117 117 118 118 118 118 118 118 118 118 118 117 118 117 118 117 118 117 117 117 117 116 116 115 116 115 115 114 114 114 114 113 113 112 112 111 111 110 110 109 108 108 108 107 107 106 105 106 105 105 103 102 102 101 102 100 99 99 98 97 97 95 95 94 93 92 91 90 90 89 88
77 87 88 89 90 91 91 93 93 94 95 96 97 98 98 99 99 100 101 101 102 103 104 104 105 105 106 106 106 107 108 108 109 110 110 111 111 112 112 113 113 114 114 114 115 115 115 115 116 116 116 116 117 117 117 117 118 118 118 118 117 119 118 119 118 119 119 119 119 119 118 118 118 118 117 117 117 116 116 116 116 116 116 115 115 115 114 114 113 113 112 112 111 111 111 111 110 109 109 108 108 107 106 106 105 105 104 103 103 102 102 101 101 100 99 98 97 97 96 95 94 94 93 92 91 90 89 88
80 88 89 89 90 91 92 93 94 95 95 96 97 98 98 98 99 101 102 102 102 103 103 104 105 106 106 107 107 107 108 108 109 110 110 111 111 111 113 113 113 114 114 115 115 115 115 116 116 116 116 116 117 117 118 118 117 118 118 118 118 118 119 118 118 119 118 118 118 119 119 119 118 118 118 118 117 116 117 117 116 116 116 116 115 114 114 113 113 113 112 112 112 111 111 110 110 109 109 108 108 107 107 106 105 105 105 104 104 103 102 102 101 100 99 98 97 97 96 95 95 94 93 92 91 90 89 88
78 89 90 90 91 91 92 93 95 95 96 97 97 98 98 100 100 100 101 102 103 103 104 105 105 106 106 107 108 108 109 109 110 110 111 111 112 113 113 113 114 114 115 115 116 116 117 116 117 117 117 117 117 117 118 118 118 118 119 119 119 118 119 118 119 119 119 119 119 119 118 119 118 119 118 117 117 118 117 117 117 117 116 116 115 115 115 114 113 114 113 112 112 112 111 110 110 110 109 109 107 107 107 107 106 105 105 105 103 103 102 101 101 99 100 99 98 97 96 95 95 94 93 92 92 91 90 89
80 90 90 91 91 92 93 94 95 96 96 97 97 99 99 100 100 101 101 102 103 103 104 105 106 106 106 107 108 108 109 109 110 111 111 112 112 113 112 113 114 115 116 115 116 116 116 117 117 117 118 117 118 119 119 119 118 118 119 119 119 119 119 119 120 119 119 120 120 119 119 119 118 118 118 118 118 117 118 117 117 117 116 116 115 115 115 114 114 114 113 113 112 112 111 111 110 109 109 109 108 108 107 107 106 105 105 103 103 102 102 101 101 100 100 98 98 97 97 95 95 94 93 92 91 90 90 89
82 90 91 92 92 93 94 95 96 96 97 98 98 99 100 100 101 101 102 103 103 104 105 105 105 107 107 108 109 109 110 110 111 111 112 112 113 113 114 114 115 116 116 116 116 116 117 118 118 118 118 118 118 118 119 119 119 119 119 119 119 119 119 120 119 120 120 120 120 120 120 120 119 119 119 119 118 119 118 117 117 118 117 116 116 116 115 115 114 114 113 113 112 112 112 111 111 109 109 108 108 108 107 106 106 106 105 104 104 103 103 101 101 100 100 99 98 97 97 96 95 94 93 92 92 90 90 89
83 90 91 92 93 94 94 95 96 97 97 98 99 99 100 100 101 101 103 103 103 104 105 106 106 107 107 108 108 109 110 110 111 112 112 112 113 114 114 115 115 115 116 116 116 116 117 117 118 117 118 118 118 118 119 119 119 119 119 120 120 120 120 120 120 120 120 120 120 120 119 119 119 119 119 119 119 119 118 118 118 117 117 117 116 116 116 115 115 115 114 114 113 112 111 111 110 110 110 109 108 108 107 107 106 105 105 104 104 103 103 102 101 100 99 99 98 97 97 96 95 94 93 93 91 91 90 89
84 91 91 92 93 94 95 96 96 97 97 98 100 100 100 101 102 102 103 104 104 104 105 106 107 107 108 108 109 110 110 111 111 112 113 112 113 114 114 115 115 115 116 117 117 117 118 118 118 118 119 120 119 120 120 120 120 119 120 120 120 121 121 121 120 120 120 120 121 120 120 120 120 119 120 119 119 119 118 118 118 118 118 117 116 116 116 116 115 115 114 113 113 112 111 111 111 110 109 109 108 108 107 107 106 106 105 104 103 103 102 102 101 100 100 99 98 97 97 96 95 95 94 93 92 91 90 89
86 91 91 93 93 94 95 96 96 97 98 99 100 100 101 102 102 102 103 103 105 104 105 107 107 107 108 109 110 110 110 111 112 113 113 114 114 114 115 115 115 116 117 117 117 117 118 118 119 119 120 119 119 119 119 120 120 120 120 121 120 120 120 121 121 120 120 120 120 120 120 120 120 120 120 119 119 119 118 119 118 117 118 117 116 116 116 115 115 115 114 113 113 112 111 111 110 110 109 109 108 108 107 106 106 106 105 104 103 103 102 102 101 100 99 98 98 97 96 95 95 95 93 93 92 91 90 89
85 92 92 93 93 95 95 96 98 98 98 98 99 100 101 102 102 103 103 104 105 106 106 107 107 108 108 109 110 111 111 112 113 113 113 114 114 115 115 116 116 117 117 117 118 118 119 119 119 119 120 119 120 120 121 121 120 121 121 121 121 121 122 122 121 121 121 121 121 120 120 120 121 121 120 120 120 120 119 119 118 119 117 117 117 117 116 116 116 115 115 114 114 113 112 112 111 111 110 109 108 108 108 106 107 106 105 105 104 103 102 102 101 100 99 99 98 97 96 96 95 94 93 93 92 91 90 89
86 93 93 93 94 95 96 96 97 98 99 99 100 101 101 102 103 103 103 105 105 106 106 107 108 108 109 110 111 111 111 113 113 113 114 114 114 115 116 117 116 117 117 118 118 118 119 119 120 120 120 120 120 121 120 120 121 121 122 121 122 121 121 122 122 122 122 121 122 122 121 121 120 122 121 120 120 120 120 119 119 119 119 118 118 117 117 116 116 115 115 114 113 113 112 112 111 110 110 109 109 108 108 107 107 105 105 105 104 103 103 101 102 101 100 99 98 97 97 96 95 94 93 92 92 92 91 89
87 93 93 94 95 96 96 97 98 99 99 100 101 102 102 103 103 105 105 104 105 106 107 107 109 109 109 111 111 112 112 113 114 114 114 115 115 116 117 118 117 117 118 118 119 119 119 120 120 120 120 121 121 121 121 122 122 121 122 122 122 122 122 122 122 122 122 122 123 122 122 121 121 121 121 121 121 120 120 120 120 119 119 119 118 117 117 116 116 116 115 115 114 113 113 112 112 111 110 109 109 108 109 107 106 106 105 105 104 103 103 101 101 100 99 99 98 97 97 95 95 94 94 92 92 91 90 90
88 94 94 94 95 97 97 97 98 99 99 100 101 102 102 103 103 104 105 106 106 107 107 108 110 109 109 111 111 112 113 114 114 114 115 115 116 116 116 117 118 118 118 119 119 119 119 120 120 121 121 120 121 121 122 122 123 122 122 123 122 123 123 123 122 123 123 122 122 122 122 121 122 121 121 121 120 120 120 120 120 119 118 118 118 118 117 116 116 116 115 115 114 113 113 112 111 112 111 110 109 108 108 107 107 106 106 104 105 104 103 102 102 101 100 99 98 97 97 96 95 94 93 93 91 91 91 90
89 93 94 95 96 96 97 98 99 99 100 101 102 102 103 104 105 104 105 106 107 107 108 109 109 110 110 111 111 112 114 113 114 115 115 116 116 117 117 117 118 119 119 121 123 121 121 113 109 116 124 126 124 121 122 122 122 123 123 123 123 123 123 123 123 123 123 123 123 124 123 123 122 121 121 121 121 121 120 120 119 119 119 119 118 118 118 117 116 116 115 115 114 113 113 113 112 111 110 110 109 108 108 107 107 107 106 105 105 103 102 102 101 100 100 99 98 98 97 96 95 95 94 93 92 91 90 89
88 93 95 95 96 97 98 98 98 99 100 101 102 102 103 104 105 105 105 106 106 107 108 109 109 111 111 112 113 113 114 114 114 115 116 116 117 117 117 118 118 118 120 95 87 107 122 110 62 48 57 86 116 127 126 124 123 123 122 123 123 123 123 123 123 123 124 124 123 123 123 123 122 122 122 121 121 120 121 120 120 119 119 119 118 118 117 117 117 116 115 115 115 114 113 112 112 110 110 109 108 109 108 108 106 106 105 104 104 103 102 102 101 101 99 99 98 98 97 96 95 95 94 93 92 91 90 90
90 94 95 96 96 97 98 98 99 100 101 102 102 103 103 104 105 105 105 106 107 107 109 109 110 110 111 112 112 114 113 114 114 116 116 116 118 118 118 118 118 119 120 112 66 43 54 79 100 99 80 53 45 71 95 116 128 126 124 124 124 123 123 124 123 124 124 124 123 124 124 123 123 122 122 121 120 121 121 120 120 119 119 119 118 118 117 118 117 116 115 115 114 113 112 112 112 111 111 110 109 108 108 108 107 106 105 105 105 103 102 102 101 100 100 99 98 98 97 97 96 94 94 93 92 92 91 91
90 94 95 96 97 97 98 98 99 100 101 102 103 103 104 105 105 106 107 107 107 107 109 110 110 111 112 112 112 114 114 114 115 115 116 117 117 118 118 119 119 119 119 121 123 99 62 40 36 45 64 63 43 40 38 47 74 111 129 129 126 124 125 125 125 124 124 125 124 124 123 123 123 123 122 122 122 121 121 121 121 120 119 119 118 118 117 117 117 116 116 116 114 114 113 113 112 111 111 110 109 109 108 108 107 106 105 105 104 104 103 102 102 101 100 99 99 98 97 96 96 94 94 93 93 92 91 90
89 95 95 96 97 98 98 99 100 101 102 102 102 103 104 105 105 106 106 107 107 108 108 110 111 112 112 112 113 114 114 115 115 116 117 117 117 118 118 118 119 119 120 123 123 124 123 108 89 73 51 39 43 41 40 40 38 42 63 98 124 130 127 125 125 125 124 124 124 124 124 123 123 123 123 121 122 122 121 121 120 120 119 119 118 119 118 117 117 117 116 115 115 114 114 113 112 111 111 110 110 109 108 108 107 107 106 105 105 103 103 102 102 101 100 100 99 98 97 96 96 96 94 93 92 92 91 90
90 95 96 97 98 98 98 99 100 101 102 102 103 103 104 105 106 106 106 107 108 109 109 110 110 111 112 113 113 114 114 115 115 116 116 118 118 118 118 118 119 120 121 89 61 55 54 58 62 65 53 38 37 37 38 38 39 39 38 38 51 81 118 131 127 125 125 125 125 125 124 124 123 123 123 123 122 122 122 121 122 120 119 120 119 119 118 118 118 117 116 115 115 114 113 113 112 112 111 110 110 109 109 108 107 107 105 106 105 104 104 103 102 101 101 99 99 98 97 97 95 95 93 94 93 92 91 90
91 95 96 97 98 98 99 99 100 101 101 102 103 103 105 105 105 106 107 108 107 109 109 110 111 111 111 113 113 114 115 115 116 117 117 118 118 118 119 119 119 120 121 114 92 72 58 50 46 47 56 56 41 36 36 36 36 37 38 39 39 37 46 82 128 126 126 126 126 125 125 124 124 124 124 123 123 123 122 122 121 121 121 120 119 119 119 119 117 117 116 116 116 114 114 114 113 112 112 111 110 110 109 109 108 107 106 106 105 104 104 103 102 102 101 100 99 98 97 97 96 95 94 93 92 91 91 90
89 96 96 97 98 98 98 99 100 102 101 102 103 104 105 104 105 106 107 107 108 108 109 110 111 111 112 114 113 114 115 116 115 116 117 118 118 118 118 119 120 120 121 122 124 128 128 122 112 90 47 35 35 36 36 35 36 36 36 37 38 39 40 38 90 132 127 126 126 126 125 125 125 125 123 123 123 123 123 122 122 121 121 120 120 120 119 119 117 117 117 116 116 115 114 114 113 112 111 111 110 110 109 109 108 107 106 106 105 105 104 103 102 102 101 100 99 98 98 97 96 95 94 93 93 92 91 90
91 96 97 96 97 98 99 100 100 101 102 103 103 105 104 105 106 107 107 107 108 109 110 110 111 112 112 113 114 114 115 116 116 117 117 118 118 118 119 119 120 121 121 121 120 101 78 61 49 42 48 46 38 35 36 35 35 35 35 36 37 37 39 40 50 122 129 127 127 127 126 125 125 125 124 124 124 123 123 122 122 122 121 120 120 119 119 119 118 118 117 117 116 116 115 114 114 113 112 112 111 110 110 109 108 107 107 106 105 105 104 104 102 102 101 100 99 98 98 97 96 95 95 93 93 92 91 90
92 96 96 97 98 98 99 101 101 101 102 103 104 104 105 106 105 107 107 107 108 109 109 111 111 112 113 113 114 115 115 115 116 117 117 119 118 119 120 120 120 121 121 122 114 75 56 49 43 41 38 36 35 36 35 34 34 34 35 35 35 35 37 39 38 84 133 128 128 127 127 126 125 125 124 124 124 123 123 123 122 122 121 121 120 120 119 119 119 118 118 117 117 116 115 114 114 113 112 112 111 111 109 109 108 108 107 106 105 105 104 104 103 102 101 101 100 99 98 97 97 96 95 94 94 92 92 91
90 96 97 98 98 98 100 100 101 102 102 103 104 105 105 105 106 107 108 108 108 110 110 111 112 112 113 114 114 114 115 116 117 118 118 118 119 119 120 120 121 121 121 122 123 126 126 92 42 44 44 42 36 35 35 34 34 34 34 34 34 35 36 37 39 47 120 131 128 127 127 126 126 125 127 125 125 124 124 124 122 122 122 121 121 120 120 120 119 119 118 117 116 116 115 115 114 113 113 112 111 111 110 109 109 107 107 107 105 106 104 104 103 102 101 101 100 99 99 97 97 96 94 94 94 93 91 91
91 96 97 98 99 99 100 101 102 102 103 104 105 105 105 106 107 108 108 108 108 110 110 111 112 112 113 114 114 115 116 116 116 117 119 119 119 119 120 121 121 121 122 122 123 123 124 117 75 49 43 40 38 36 35 34 34 34 34 34 34 34 35 36 38 37 74 134 128 128 128 127 126 128 103 93 130 125 124 124 124 123 123 122 122 121 120 120 120 119 118 117 117 117 115 115 115 114 113 113 112 111 110 110 108 108 107 106 106 106 104 104 104 102 101 101 100 99 98 98 97 96 95 94 94 93 92 91
90 97 98 98 99 99 100 101 102 102 104 103 105 106 106 107 107 107 108 108 109 109 110 111 112 113 114 114 114 116 116 116 117 118 119 120 120 120 121 121 121 122 122 123 123 124 123 125 128 105 47 41 41 37 36 34 34 33 33 33 34 34 34 34 35 39 41 103 134 129 128 128 127 129 99 52 106 127 125 125 124 123 123 122 122 121 121 120 120 119 118 117 117 117 116 116 115 113 113 112 111 111 110 110 109 108 107 107 107 106 105 104 103 103 102 101 100 99 98 98 97 96 95 95 94 93 92 91
93 98 97 98 99 100 100 101 102 102 103 104 104 106 106 106 107 107 109 108 109 110 111 112 112 113 114 114 115 116 116 117 118 119 119 119 120 121 121 121 122 122 122 123 124 124 124 124 124 128 107 86 47 41 37 35 34 33 34 33 33 34 33 33 35 36 39 52 123 131 129 128 128 130 86 42 70 128 125 125 124 123 123 122 122 122 121 121 120 119 118 118 117 117 116 116 115 114 113 112 112 111 111 110 109 108 107 107 107 106 105 104 103 103 101 100 100 99 98 98 97 96 96 94 93 93 92 91
93 98 98 99 100 100 101 102 102 102 104 104 105 106 106 107 107 108 108 109 110 110 111 112 112 113 114 115 115 116 116 117 117 119 119 120 120 120 121 121 122 122 123 124 124 124 124 125 126 125 128 132 92 52 45 38 34 34 34 33 33 33 33 34 34 35 38 38 69 132 130 128 127 129 70 43 63 126 127 125 124 124 123 123 122 122 122 120 120 119 119 118 117 117 116 115 115 115 113 113 112 111 111 110 109 108 108 107 106 105 105 104 103 102 102 101 100 99 98 98 97 96 96 94 94 93 92 91
94 98 99 99 99 101 101 102 103 104 104 104 105 106 107 107 108 109 108 109 110 110 111 112 113 115 115 116 115 116 117 117 118 119 119 120 120 121 121 122 122 122 123 124 124 125 125 126 125 126 126 126 133 99 44 37 36 34 34 34 34 34 34 34 34 35 36 39 39 84 135 129 128 128 60 43 62 126 127 126 125 124 124 123 123 123 121 121 121 120 120 118 117 117 116 116 116 114 114 113 113 112 111 110 109 109 107 108 106 106 106 104 103 102 101 101 100 99 99 98 97 97 96 94 94 93 92 91
95 98 98 99 100 101 101 102 103 104 104 105 106 106 107 107 108 108 109 109 110 111 111 112 113 114 115 115 116 116 117 118 119 119 119 120 121 121 122 122 123 123 123 124 125 125 125 126 126 126 126 127 128 122 58 42 37 35 35 34 34 34 34 34 34 35 35 36 40 41 92 135 134 116 49 43 62 126 128 126 126 125 124 124 123 122 122 121 121 120 120 118 118 117 116 116 116 115 114 113 113 112 111 110 110 109 108 108 106 106 105 104 103 103 102 101 100 99 99 98 97 97 96 95 94 93 92 91
96 98 99 99 100 100 101 102 103 104 104 104 106 106 107 107 108 108 109 110 110 111 112 112 113 114 115 115 117 117 118 119 118 119 120 121 121 121 122 122 122 124 124 124 125 125 126 126 127 126 127 127 127 131 104 45 43 36 35 34 34 34 34 33 34 34 34 35 37 39 40 80 119 95 43 44 59 125 128 126 126 125 125 124 124 122 123 122 121 120 119 119 118 117 117 116 116 115 114 114 113 111 111 110 109 109 108 107 107 106 105 105 104 103 102 101 100 100 99 98 98 97 96 95 94 93 93 91
96 98 99 100 100 101 102 103 103 104 105 105 106 107 106 107 109 109 109 110 110 111 112 113 113 114 115 116 116 117 118 118 119 120 121 121 122 122 122 123 123 123 124 125 125 126 126 126 127 127 127 128 127 127 131 78 43 38 35 35 34 34 34 33 34 34 34 35 36 38 40 38 42 50 44 44 58 125 128 127 127 126 125 124 124 123 123 122 121 121 120 120 119 118 117 117 116 116 115 114 113 112 111 110 110 109 108 108 107 106 105 105 104 103 103 101 101 100 99 99 98 97 96 95 95 94 92 92
98 98 99 100 101 101 102 103 103 104 104 105 106 106 106 107 108 108 109 110 111 112 112 113 114 115 116 117 117 117 118 119 119 120 120 121 121 122 123 123 124 123 124 125 125 126 127 127 128 128 128 128 128 128 130 119 54 41 37 36 35 34 35 34 34 34 34 35 35 36 37 38 39 40 42 43 54 123 130 127 126 125 125 127 127 123 123 123 121 121 121 120 119 118 117 117 117 115 114 114 113 112 112 110 110 109 109 108 107 107 105 105 104 103 102 101 101 99 99 98 98 97 97 95 94 94 93 92
98 98 100 100 100 101 102 103 104 104 105 106 106 106 107 107 108 109 110 110 111 112 112 113 114 115 116 116 117 118 118 119 119 120 121 121 122 122 123 123 124 124 125 126 126 126 127 127 127 128 127 128 128 129 129 133 100 40 39 37 35 36 36 34 34 34 34 34 35 35 35 36 36 36 36 41 46 93 133 129 131 132 127 111 106 125 123 122 123 121 120 120 119 118 117 117 117 115 114 113 113 113 111 110 110 109 109 108 107 107 106 105 104 103 103 102 101 100 100 99 97 97 97 95 94 93 93 92
97 99 99 100 101 101 103 103 103 104 104 105 105 107 107 108 108 109 110 110 111 112 113 114 114 115 116 116 117 118 119 119 120 121 120 121 122 122 123 123 123 124 125 126 126 126 126 127 128 127 128 129 129 130 129 129 131 73 39 40 37 42 39 34 34 34 34 34 34 34 35 35 35 35 35 36 39 51 121 120 104 79 55 43 46 111 126 124 123 122 121 120 120 119 118 117 116 115 115 114 113 112 112 111 110 109 109 108 108 107 106 105 104 104 102 102 102 100 99 98 98 98 97 96 95 94 93 92
98 98 99 100 101 102 103 103 103 104 105 105 106 108 107 108 109 110 111 111 112 113 113 114 115 115 116 117 117 118 119 119 120 121 121 122 122 122 123 124 124 124 125 126 126 126 127 128 128 128 129 129 129 131 129 129 131 125 61 40 39 50 58 36 34 34 34 34 34 34 34 34 34 34 35 36 37 40 46 44 40 40 43 44 43 83 129 125 124 123 122 121 120 119 118 117 117 116 116 114 114 113 112 111 110 110 109 108 107 107 106 105 104 104 102 102 102 101 100 99 98 98 97 96 95 94 93 93
98 99 100 100 101 101 103 103 104 104 105 106 107 107 107 109 110 110 111 112 112 112 113 114 115 116 116 117 118 118 119 120 121 121 121 122 123 123 123 124 125 125 126 126 127 127 127 128 129 129 129 129 130 131 130 130 130 133 121 54 39 91 92 36 35 34 34 33 33 34 34 34 34 34 34 35 36 38 39 40 41 41 41 43 45 52 117 126 124 122 121 121 121 119 118 118 117 116 115 115 114 113 112 111 110 110 108 107 108 107 106 105 105 104 103 102 102 101 100 99 98 98 97 96 95 94 93 92
96 99 100 100 101 102 102 104 103 104 105 105 106 108 108 109 110 110 111 111 112 113 114 114 115 116 117 117 117 119 119 120 120 120 121 122 123 123 123 124 124 125 126 126 127 127 128 128 128 129 129 130 131 130 129 131 131 131 135 104 56 119 58 37 36 34 34 34 34 34 34 34 34 34 34 35 37 37 38 39 39 40 41 42 44 89 128 124 124 123 121 121 120 119 119 118 117 117 116 115 114 113 112 112 111 110 109 108 107 107 106 105 105 104 103 102 102 101 100 100 99 97 97 97 95 94 93 93
96 99 99 100 101 103 102 103 104 104 106 107 106 107 108 109 110 110 111 111 113 113 114 114 115 116 116 117 118 119 119 120 120 121 121 122 123 122 123 124 124 125 126 126 127 127 128 128 128 129 130 130 131 131 131 131 131 131 131 132 123 126 50 38 37 35 35 34 34 34 34 34 34 35 34 35 36 36 37 38 38 39 41 42 62 123 127 125 124 123 122 121 120 120 119 118 118 116 116 115 115 113 112 112 111 110 109 108 108 107 106 105 105 104 104 103 102 101 100 99 98 98 97 96 95 95 94 93
98 99 100 100 101 102 103 103 104 104 105 106 106 107 108 109 110 110 111 111 112 113 113 114 115 116 116 117 118 118 119 120 121 121 122 122 123 123 124 124 124 125 125 126 127 127 128 128 129 129 130 130 131 131 131 131 131 132 132 132 134 127 53 40 37 36 34 34 34 34 34 33 34 34 34 34 35 35 36 37 37 39 41 41 101 131 125 125 124 123 123 122 120 120 119 118 117 116 116 115 114 114 113 112 111 110 109 108 108 108 106 106 105 104 103 103 102 101 100 99 99 98 97 96 96 95 94 93
98 98 100 100 101 102 103 104 104 105 105 105 107 107 108 109 109 110 112 112 113 114 115 114 116 116 117 117 118 119 119 120 121 121 122 122 122 124 123 124 125 126 126 126 127 127 128 129 129 130 130 131 131 132 131 132 132 132 132 133 133 135 100 44 39 37 35 34 34 34 35 34 34 35 34 36 36 36 36 36 38 39 41 65 127 127 125 125 124 122 122 121 120 120 119 118 118 117 116 115 114 114 113 112 111 110 110 109 108 108 107 106 104 105 103 103 102 102 100 100 99 98 97 97 96 94 93 93
97 99 100 101 101 102 103 103 104 105 106 106 107 108 108 110 110 111 112 112 113 113 114 116 116 116 117 118 118 119 120 120 121 122 122 123 123 124 124 125 125 126 126 127 128 128 128 129 130 130 130 131 131 132 132 132 132 133 133 133 133 133 137 105 44 38 36 35 34 34 34 34 34 34 35 36 35 36 37 37 38 40 41 100 132 127 126 125 125 123 123 121 120 120 120 119 117 117 116 115 114 114 113 112 112 110 109 109 108 108 107 106 106 104 104 104 102 102 100 100 98 98 98 97 96 95 94 93
96 100 100 101 102 102 103 104 105 106 107 107 107 107 109 110 110 111 111 112 113 113 114 115 116 117 117 118 119 119 120 121 121 121 122 124 124 124 124 125 125 127 127 127 128 129 129 130 130 131 131 131 132 132 132 132 133 133 133 134 133 133 133 139 92 40 39 36 35 35 34 34 35 35 36 37 36 37 37 38 39 41 49 121 130 126 126 125 124 123 123 123 121 120 120 119 118 117 117 115 115 114 114 113 112 111 109 110 108 107 107 106 105 104 104 103 102 101 101 100 99 98 97 97 96 95 93 93
98 100 100 102 102 103 104 105 105 106 107 107 108 108 109 110 110 111 112 112 113 113 114 116 116 117 118 118 119 120 120 120 121 122 122 124 124 124 125 125 126 127 126 128 128 129 129 130 130 131 131 131 132 132 133 133 134 133 134 134 134 134 134 135 133 68 37 37 35 35 34 35 35 36 37 37 37 38 39 39 41 41 66 131 128 127 127 125 125 124 123 122 121 121 120 119 118 117 116 116 115 114 114 113 112 111 110 109 108 108 107 106 106 104 104 103 102 102 101 100 99 98 97 97 96 95 94 93
100 100 101 101 102 102 103 104 104 106 106 107 108 108 108 110 110 111 112 113 113 114 115 116 117 117 117 118 119 120 120 121 121 122 122 123 124 124 125 125 126 127 127 128 128 130 130 130 131 130 131 132 131 133 133 133 134 134 135 134 135 135 136 134 136 131 78 40 36 35 35 36 37 37 38 39 39 40 40 47 46 41 74 133 128 127 126 126 125 124 123 122 122 121 120 119 118 117 117 116 115 115 113 113 112 111 111 109 109 108 107 106 106 105 104 104 102 102 101 100 99 98 97 96 95 95 94 93
98 99 100 101 102 102 103 104 104 106 106 107 107 108 109 110 110 111 112 113 113 114 115 116 117 117 117 119 119 120 120 121 122 122 123 124 124 124 125 126 127 127 128 128 129 129 130 130 131 131 131 132 133 133 133 133 134 135 135 135 135 135 135 135 135 136 134 52 36 36 36 38 39 41 41 41 42 42 51 111 78 44 104 131 128 127 126 126 124 124 123 122 122 121 120 119 119 118 117 116 115 114 114 113 112 111 111 110 109 108 107 106 106 105 104 103 103 102 101 100 99 98 97 97 96 94 94 93
99 99 100 101 102 102 102 104 105 105 106 107 107 108 108 110 111 111 111 113 113 114 116 116 116 118 118 119 119 120 120 121 122 123 123 124 124 124 125 126 126 127 128 128 129 130 130 130 131 131 132 132 133 134 134 134 134 135 135 136 136 136 136 136 136 137 122 52 37 37 39 39 39 40 40 40 41 51 119 139 83 50 118 130 128 127 126 126 125 124 123 122 121 121 120 119 119 117 117 116 115 114 114 113 112 111 111 110 109 108 107 107 105 105 104 104 103 102 101 100 99 98 98 97 96 95 94 93
101 100 100 101 102 102 104 104 104 105 106 107 107 107 108 109 111 112 112 113 114 115 115 116 117 118 118 119 119 120 121 121 122 122 123 124 124 125 125 126 126 128 128 129 130 130 130 131 131 131 132 133 133 134 134 134 135 135 135 136 136 136 137 136 137 135 107 55 43 40 40 56 85 93 88 91 103 123 134 133 79 103 124 129 128 127 127 125 125 124 123 122 121 121 120 119 119 118 117 116 116 116 114 113 112 112 111 110 109 108 108 107 106 105 105 104 103 102 101 100 100 99 98 97 96 96 95 94
98 100 100 101 102 102 103 103 105 105 106 106 107 109 109 110 111 111 112 113 113 114 115 116 117 117 118 119 119 120 121 121 121 123 123 123 124 125 125 126 127 128 129 129 129 130 130 131 131 132 132 133 133 134 134 136 135 135 136 136 137 136 137 137 137 130 95 52 47 43 48 117 142 139 138 137 135 133 130 131 121 126 129 128 127 126 126 125 124 124 123 122 122 121 121 119 119 118 117 116 116 115 114 113 112 111 111 110 109 109 107 106 106 106 104 103 103 102 101 100 100 99 98 97 97 96 95 94
99 100 100 101 102 103 104 104 104 106 106 106 107 109 109 110 111 111 112 113 114 114 115 116 117 118 118 119 119 120 121 122 122 123 123 124 125 125 126 126 127 128 128 129 129 129 130 131 131 132 132 133 133 133 134 135 136 135 136 136 136 137 138 137 139 130 81 59 47 45 110 143 134 133 133 132 132 131 131 131 132 129 129 127 127 126 126 125 125 124 123 122 122 121 121 120 119 118 117 117 116 115 114 112 112 112 111 110 109 109 108 107 106 106 105 104 103 103 102 101 100 99 98 98 97 96 95 94
100 100 100 101 101 103 103 104 105 105 106 107 108 108 109 110 111 111 113 113 114 115 115 116 116 117 118 119 120 120 121 122 122 123 123 124 125 125 125 126 127 127 128 128 129 130 130 131 131 131 132 132 133 134 134 135 135 136 136 135 137 137 138 138 142 111 115 88 44 62 148 137 134 134 133 132 132 131 131 130 129 129 128 127 127 127 125 125 125 124 123 122 121 121 120 120 119 118 117 117 116 115 114 114 112 111 111 110 109 109 108 107 106 106 106 104 103 102 102 101 100 99 99 97 96 97 95 94
100 100 100 101 102 102 103 104 105 105 106 106 107 108 109 109 110 111 112 113 114 114 116 116 117 117 117 118 120 120 121 121 122 123 123 123 124 125 125 126 126 127 128 128 129 130 130 131 131 131 132 132 133 134 134 135 136 135 136 136 137 137 135 156 134 96 151 112 59 93 156 135 134 134 133 133 132 132 131 130 129 129 128 127 126 126 126 125 125 124 123 122 121 121 120 120 119 118 117 117 116 115 113 114 113 112 111 110 109 108 108 106 107 106 104 104 103 102 101 101 100 99 99 98 97 96 96 94
100 98 100 101 102 102 104 104 105 105 106 106 107 108 109 110 110 111 112 113 114 114 114 116 117 117 118 118 119 120 121 121 122 122 123 124 124 125 125 126 126 126 128 129 129 130 130 131 131 131 132 133 133 134 134 134 135 136 136 136 137 136 145 167 108 116 164 151 95 119 156 133 134 133 133 133 132 131 131 130 129 129 128 128 127 127 126 125 125 124 124 122 121 121 120 119 118 118 117 116 116 115 114 113 112 112 111 110 109 108 108 107 106 105 104 104 103 102 102 101 100 99 98 98 97 96 95 94
101 99 99 100 102 102 103 104 104 105 107 107 107 108 109 110 110 111 112 112 113 114 115 116 116 117 118 117 119 120 120 121 122 122 123 123 124 125 125 126 127 127 129 129 130 130 130 130 131 131 133 133 133 134 135 134 135 136 135 136 136 135 166 141 97 160 182 152 87 134 156 133 135 134 133 133 132 131 130 130 129 129 128 127 127 127 126 125 124 124 123 123 121 121 120 119 119 118 117 116 116 115 114 114 112 111 111 110 109 109 108 108 106 105 105 103 103 103 101 101 100 99 99 98 97 95 95 94
100 99 100 101 102 102 102 104 104 105 105 107 107 108 109 110 111 111 112 113 113 114 115 115 117 117 118 118 119 120 121 121 122 122 123 124 124 125 125 126 127 127 128 128 129 130 131 131 132 133 132 133 134 135 134 135 135 136 136 136 137 137 160 112 122 192 185 121 84 153 150 134 135 134 133 133 132 132 130 130 129 129 129 128 128 126 126 125 125 124 123 122 121 121 120 119 119 118 117 115 115 115 114 113 112 111 111 110 110 108 108 107 106 105 105 104 103 102 102 100 100 99 98 98 97 96 96 95
99 100 100 101 101 102 103 104 104 105 105 106 107 108 109 110 110 111 111 113 113 114 115 116 117 117 118 119 119 120 120 121 122 122 123 123 124 125 126 126 127 127 128 129 129 130 131 132 131 132 133 133 133 134 136 135 135 135 136 136 137 136 159 153 166 186 182 99 89 173 138 136 135 134 134 133 132 132 131 131 130 129 129 128 127 126 126 125 124 123 123 122 121 121 121 120 119 118 117 116 115 115 113 113 112 112 110 110 109 108 108 107 106 105 105 104 103 102 102 100 100 99 98 98 96 96 95 94
99 99 100 101 102 101 103 104 104 105 106 106 107 109 109 109 110 111 112 113 113 114 115 115 116 117 118 118 119 120 120 121 122 122 123 123 124 125 126 126 127 127 127 128 129 130 131 130 131 132 132 133 134 134 134 134 135 136 136 137 137 137 141 190 204 185 180 93 109 167 134 135 135 134 133 133 133 131 131 130 130 129 129 128 127 126 126 124 124 123 122 122 121 120 120 119 118 118 117 116 115 114 113 113 112 111 111 110 109 108 107 107 106 106 105 104 103 102 102 100 100 99 98 97 97 95 95 94
99 99 100 100 101 102 102 103 104 105 105 106 107 108 108 109 110 111 111 113 113 113 114 115 116 117 117 118 119 120 120 121 121 122 123 123 124 125 125 126 127 127 128 128 129 129 130 131 131 132 132 132 133 133 137 139 137 136 136 139 140 138 136 146 166 189 188 103 143 150 135 135 135 134 133 133 132 132 131 131 130 129 128 128 127 126 126 125 124 123 123 122 122 120 120 119 118 118 117 116 115 115 114 113 111 112 111 109 109 109 107 107 106 106 105 104 103 102 101 101 100 99 98 97 97 96 95 94
100 99 99 100 100 101 102 103 104 105 106 106 107 108 108 109 110 111 111 112 113 113 114 115 116 117 117 118 119 119 119 121 121 122 123 124 124 125 125 126 126 127 127 128 129 130 131 131 131 132 133 132 134 137 118 86 66 61 60 65 117 141 140 139 98 141 190 165 150 136 136 136 135 134 134 133 132 132 131 130 130 129 129 128 128 126 125 125 124 123 123 122 121 121 121 118 118 117 117 116 115 115 114 113 112 112 111 110 109 109 108 107 106 105 104 104 103 102 101 100 99 99 98 97 97 96 95 95
99 99 100 100 100 101 102 103 104 104 105 106 107 107 108 110 110 111 111 112 113 114 114 115 116 117 118 119 119 119 120 121 122 122 123 123 124 124 126 126 126 127 127 129 129 130 132 130 132 132 133 134 136 112 59 45 41 41 43 39 86 148 139 81 48 90 139 145 137 137 136 136 135 135 134 133 132 132 131 131 130 129 129 128 127 126 126 125 124 123 123 122 121 121 120 119 119 118 117 117 116 115 114 113 112 112 111 110 109 108 108 107 106 105 105 104 103 102 101 101 100 99 98 97 97 96 95 94
100 99 100 101 102 102 102 103 104 105 106 106 107 107 108 109 110 111 112 112 113 114 114 115 117 117 118 118 120 119 120 121 122 122 122 123 124 125 125 125 127 127 128 129 129 129 131 131 131 132 134 128 80 52 47 41 40 40 41 39 67 125 74 44 70 140 141 138 138 137 136 136 135 134 134 133 132 132 131 130 130 129 128 128 127 127 125 125 124 123 123 122 122 121 121 119 118 118 117 116 115 115 114 113 112 111 110 109 109 109 107 107 106 105 104 103 103 102 101 100 100 99 98 98 97 96 95 95
100 99 100 100 101 102 102 104 104 105 106 106 107 108 108 109 110 111 112 112 113 113 114 115 116 117 118 119 119 119 120 121 122 122 122 124 124 124 125 125 126 127 128 128 129 129 130 131 131 132 134 97 53 54 44 41 39 38 39 40 43 45 44 59 129 143 139 139 138 137 136 135 134 134 134 133 132 132 131 130 130 129 128 128 127 126 126 125 124 124 123 122 122 121 121 120 119 117 117 116 115 114 114 113 112 112 111 110 109 109 108 107 107 105 105 104 103 102 101 100 99 99 98 98 97 96 96 95
100 99 100 100 101 102 103 103 104 105 105 106 107 108 108 109 110 111 111 112 113 114 114 115 116 117 118 118 119 119 121 121 121 122 122 123 123 124 125 126 126 126 127 128 129 129 130 131 131 133 123 65 59 55 47 39 37 36 36 38 41 42 43 68 142 140 138 138 137 136 136 135 135 134 133 132 132 131 131 131 130 129 128 128 127 126 126 125 125 123 123 123 122 121 120 119 118 118 117 115 115 114 114 113 113 111 110 110 109 109 108 107 106 105 105 104 103 102 101 101 100 99 98 97 97 96 95 94
100 99 100 101 102 102 102 103 104 104 105 106 107 108 108 109 110 111 111 111 112 113 114 114 115 116 117 118 118 119 120 120 121 122 123 123 124 125 125 125 126 126 127 128 129 129 130 130 131 132 125 87 66 64 50 38 37 36 36 37 38 41 43 64 139 139 138 137 137 136 136 135 134 134 134 133 132 131 131 130 130 129 127 127 127 126 125 125 124 123 122 122 122 121 120 119 117 118 117 116 115 114 114 113 112 111 110 110 109 109 108 107 107 106 105 104 103 102 102 100 100 99 98 98 96 96 95 94
98 98 99 100 101 101 103 103 103 104 105 106 107 107 108 109 110 111 111 112 112 113 114 115 115 116 117 118 118 119 120 120 121 122 123 123 124 125 125 125 125 126 128 128 128 129 130 130 131 131 134 107 96 78 37 36 36 36 36 37 38 40 41 80 143 137 137 137 136 136 135 135 134 133 133 133 132 131 130 129 129 129 128 127 126 126 125 124 124 123 123 121 121 120 120 119 118 118 117 116 115 115 114 113 112 111 111 110 109 109 108 107 106 106 105 104 103 102 101 101 100 99 98 97 97 96 95 94
99 99 99 100 101 102 102 103 104 105 105 105 106 107 108 109 109 111 111 112 112 113 114 115 116 116 117 117 118 119 120 120 121 121 122 123 123 124 125 125 126 126 127 128 128 128 130 129 131 131 131 135 120 87 109 84 64 36 36 36 38 41 42 107 143 138 138 137 137 136 135 135 134 133 133 132 132 131 130 130 129 128 128 127 126 125 125 125 124 123 123 122 121 120 120 119 119 117 116 116 115 114 113 113 112 111 111 110 110 109 108 107 106 105 105 104 104 102 101 100 100 99 98 97 96 96 95 95
100 98 99 99 101 102 102 103 104 105 105 106 106 107 108 109 109 110 111 111 113 113 114 115 115 116 116 117 119 119 119 120 121 121 123 123 123 123 124 125 126 126 127 127 129 129 130 130 130 131 131 132 131 137 134 126 92 38 36 37 39 42 47 123 140 137 137 137 136 136 135 134 134 134 133 131 132 131 130 129 129 129 127 127 126 126 125 124 124 123 122 122 121 121 120 119 119 117 117 116 115 114 114 113 112 111 110 110 109 108 108 107 106 105 105 104 103 102 101 101 100 99 98 98 97 96 95 94
99 99 99 100 101 102 102 103 104 104 105 106 107 107 108 108 109 110 111 111 113 114 114 115 115 116 117 117 118 119 120 120 121 121 122 123 124 124 124 125 126 127 127 128 128 129 129 129 130 130 132 132 129 71 53 41 35 37 37 37 40 42 64 135 139 137 137 136 136 136 135 134 134 134 132 131 131 130 131 129 129 128 127 127 126 125 124 124 123 123 122 121 121 121 119 119 118 117 117 116 115 114 113 113 112 111 111 110 109 108 108 106 106 106 105 104 102 102 101 101 100 99 98 97 97 96 95 94
99 99 99 100 101 101 102 102 103 104 105 105 106 107 107 108 109 110 111 112 112 113 114 114 115 116 116 117 118 118 119 119 121 121 122 122 123 124 124 125 125 126 127 128 127 128 129 130 130 130 131 134 113 44 41 40 39 38 38 40 41 46 101 140 137 137 137 136 135 135 134 134 133 133 133 132 132 131 129 129 128 128 127 127 126 125 124 125 124 122 122 122 122 121 120 119 118 117 116 116 115 114 113 112 111 111 110 110 109 108 108 107 106 105 104 103 103 102 101 100 99 99 97 97 96 96 96 95
99 98 99 100 100 101 102 103 103 104 105 105 107 107 108 108 109 110 111 111 112 113 113 114 115 116 116 117 118 118 119 120 121 121 122 122 122 123 125 125 125 126 126 127 128 129 128 130 130 130 131 133 120 49 41 39 39 38 46 40 50 79 128 138 136 136 136 135 135 135 134 134 133 133 132 131 131 131 130 129 128 128 127 126 126 125 125 125 124 122 122 122 121 121 120 119 118 117 116 115 115 114 113 113 112 111 110 110 109 108 107 106 106 106 105 104 103 102 101 100 99 99 98 96 96 96 95 94
98 97 98 99 100 101 102 103 103 104 105 105 106 107 107 108 109 109 110 112 113 112 113 113 115 116 116 117 118 118 119 120 120 121 122 122 123 124 123 124 125 126 127 127 127 128 129 129 130 131 130 131 129 58 41 40 39 52 71 46 84 115 138 135 136 136 135 135 135 134 133 134 133 133 132 131 130 130 129 129 128 128 127 127 126 125 124 124 124 122 122 121 120 120 119 119 118 117 116 116 115 114 114 113 112 111 110 110 109 108 107 107 106 106 105 104 103 102 101 101 100 99 98 98 97 96 95 95
99 98 99 99 100 101 102 103 103 104 105 105 105 107 107 109 109 110 111 112 112 112 113 113 115 116 117 117 118 118 119 120 121 121 122 122 123 124 124 124 125 126 126 127 127 128 128 129 130 131 131 131 133 76 41 42 40 90 60 79 106 133 136 135 135 135 135 135 134 134 133 134 132 132 132 131 131 130 129 129 128 128 127 127 126 126 124 124 124 124 123 122 121 120 120 118 118 117 116 116 115 115 114 113 112 111 111 110 109 109 107 107 106 106 105 104 103 103 102 101 100 99 98 98 97 96 95 95
98 97 99 99 100 101 102 102 103 104 104 105 106 106 107 108 108 109 110 111 112 113 113 114 115 116 116 117 118 118 119 120 120 121 122 123 124 124 124 125 125 126 126 127 127 128 129 129 130 130 131 130 133 120 47 42 65 100 83 110 125 135 134 134 134 134 135 134 134 133 133 132 132 132 131 131 131 130 129 128 128 128 127 127 126 125 125 124 123 123 123 122 121 121 120 119 118 117 116 116 115 114 114 113 112 112 111 110 110 109 108 107 106 105 105 104 103 103 102 101 100 99 99 98 97 96 95 94
98 97 98 99 100 101 101 102 103 103 104 105 105 107 107 108 108 109 111 111 112 112 113 114 115 115 116 117 118 118 119 119 120 121 122 123 123 123 124 125 125 126 126 127 127 128 128 129 130 130 130 130 131 134 85 45 113 118 115 123 134 134 134 133 134 134 134 134 133 133 132 132 132 132 132 131 131 130 129 128 128 128 127 126 125 125 124 124 122 123 122 122 121 120 119 119 118 118 117 116 115 114 113 113 112 111 111 110 110 109 108 107 106 105 105 104 103 103 102 101 100 99 98 98 97 96 95 94
98 97 98 99 100 101 101 102 103 103 104 105 106 106 107 108 109 110 110 111 112 112 113 114 115 115 116 116 117 118 118 120 120 120 121 122 123 123 124 124 125 126 126 126 127 127 127 128 129 129 130 129 130 131 131 116 133 132 131 132 133 133 133 133 133 133 133 132 132 133 132 132 132 131 131 130 130 129 128 128 127 127 126 126 125 125 124 124 123 123 122 121 120 120 119 118 118 117 117 115 115 114 114 113 112 111 111 110 109 108 107 107 106 105 105 104 103 102 101 101 100 99 98 97 96 95 95 94
99 97 98 99 99 101 101 102 103 104 104 105 106 106 106 108 109 108 110 110 111 111 113 113 114 115 115 117 117 118 118 119 120 120 121 122 123 123 124 124 125 125 126 126 127 127 127 128 129 129 130 130 130 130 131 133 131 131 133 132 132 133 133 132 133 132 132 133 133 132 132 131 131 131 130 130 130 128 128 128 128 127 127 126 125 125 124 124 123 122 122 121 120 119 119 118 118 117 116 115 114 114 114 112 112 111 110 110 109 109 108 107 106 105 104 104 102 101 101 100 99 99 98 98 97 96 95 95
98 96 98 99 100 100 101 102 102 103 103 104 105 107 107 108 109 110 110 110 111 112 112 113 114 115 116 116 117 118 118 119 120 120 122 121 122 122 123 124 125 125 126 126 126 127 128 128 128 129 129 129 130 130 130 131 131 131 132 132 132 133 132 133 133 133 133 131 133 132 131 131 131 130 129 129 130 128 128 128 127 126 126 126 126 125 124 123 122 122 121 121 121 120 119 119 118 117 116 115 115 114 113 112 112 111 110 109 109 108 107 106 106 105 104 103 103 102 101 101 100 99 98 98 97 96 95 94
98 97 98 99 100 100 101 102 102 103 104 105 105 106 107 108 108 109 109 110 112 112 112 113 114 115 115 117 117 118 118 119 119 120 121 122 122 123 123 123 125 125 125 126 127 127 127 128 128 128 129 129 129 130 131 130 131 131 131 132 132 133 132 133 133 132 133 132 132 131 131 131 131 130 130 129 129 128 127 127 126 126 126 125 125 124 124 123 123 122 121 120 120 120 119 118 117 116 116 115 114 115 113 112 112 111 110 110 109 108 108 107 105 105 104 104 102 102 101 101 100 99 99 98 96 96 95 95
97 97 98 99 99 100 101 101 103 103 104 105 105 106 107 107 108 109 110 110 111 112 112 113 114 115 116 116 117 118 118 119 120 121 121 122 122 122 123 124 124 125 125 126 127 127 127 127 128 128 129 129 130 130 130 130 131 131 132 132 132 132 133 132 132 132 133 132 132 131 132 131 131 130 130 128 129 128 128 127 126 126 126 125 125 124 123 123 123 122 121 121 120 119 120 118 118 117 116 115 114 114 113 112 112 111 110 109 109 108 107 107 106 105 104 104 103 102 101 101 100 99 99 98 96 96 95 94
98 97 98 99 99 100 101 102 103 103 104 104 106 107 107 108 109 109 111 111 110 112 112 113 115 115 116 117 117 117 118 119 120 120 120 121 122 122 123 123 124 124 125 126 126 126 127 127 128 129 129 129 129 129 131 130 131 131 130 131 131 132 132 132 132 132 132 131 131 131 131 130 130 129 129 129 128 128 127 127 127 126 126 125 125 124 124 123 122 122 121 121 120 120 119 118 117 117 116 115 115 114 113 112 111 110 110 110 108 108 107 106 105 105 104 104 103 102 101 101 100 99 98 97 97 96 95 94
98 97 98 99 100 101 101 101 102 103 104 105 106 106 107 108 108 109 109 110 111 111 112 113 114 114 115 116 117 118 119 119 119 120 121 121 122 122 123 124 123 124 125 125 126 126 127 127 127 128 128 128 129 129 130 130 130 131 131 131 131 131 132 131 131 132 132 131 131 130 130 130 130 129 129 129 128 128 127 127 126 125 125 124 124 124 124 123 122 122 121 121 120 119 119 118 117 116 115 115 115 114 113 112 111 111 110 109 108 107 106 106 105 105 104 103 103 102 101 100 99 99 98 97 96 95 95 94
98 97 98 98 99 101 101 102 102 103 103 105 106 106 106 107 108 109 109 110 111 111 112 113 114 114 115 115 117 117 118 119 119 120 121 121 122 123 123 123 123 124 125 125 125 126 126 126 128 128 128 128 129 129 130 130 130 131 131 131 131 131 131 131 131 131 131 130 131 130 131 130 129 129 129 128 128 127 127 127 126 125 125 125 124 124 123 122 123 121 120 120 120 119 118 117 117 116 116 115 114 113 112 111 111 111 110 109 108 108 106 106 106 105 104 104 102 102 101 100 98 99 98 97 97 95 95 94
97 97 98 98 99 100 101 101 102 102 103 104 105 106 106 107 107 109 109 111 110 111 111 113 114 114 115 115 116 117 117 118 118 119 120 120 121 122 123 123 123 124 124 125 126 125 126 127 127 128 128 128 129 129 129 130 130 130 130 131 130 131 131 131 131 131 131 130 130 130 130 130 129 129 128 128 127 127 126 126 125 125 125 125 124 123 123 122 122 121 120 120 119 118 118 117 117 116 115 115 114 113 112 112 111 110 109 109 108 107 107 106 105 104 103 103 102 101 101 100 99 98 97 97 96 95 95 93
97 97 98 99 99 100 101 101 102 102 103 104 105 105 106 107 107 109 109 110 111 111 111 111 114 114 115 116 116 117 117 117 119 119 119 120 122 122 122 123 123 124 124 125 125 126 126 126 127 127 128 128 129 128 129 129 130 130 130 130 131 131 129 130 130 130 129 130 129 129 129 129 128 127 128 128 127 127 126 126 125 125 124 124 124 123 123 122 121 121 120 119 119 118 118 118 116 116 115 114 113 113 112 112 111 110 109 109 108 107 107 106 105 104 103 103 102 101 100 100 99 98 97 97 96 95 94 93
98 97 97 98 99 99 101 102 102 103 103 104 105 105 106 107 108 108 109 109 110 111 111 112 112 113 115 115 115 116 117 118 119 120 119 120 121 121 122 122 123 124 124 124 125 126 126 126 126 127 128 128 128 128 129 129 129 129 129 130 130 130 130 130 129 130 130 130 129 129 128 128 128 128 127 127 126 126 126 125 125 125 125 124 123 123 122 122 121 120 120 119 118 118 117 117 116 116 115 114 114 113 112 111 110 111 109 108 108 107 107 106 105 104 103 103 102 101 100 99 99 98 97 97 96 95 94 94
98 97 97 98 99 100 101 102 102 103 103 104 105 105 106 107 108 109 110 110 110 111 111 112 114 113 114 115 115 116 117 117 118 119 120 120 120 121 122 121 123 123 124 125 124 125 126 127 126 126 127 128 128 129 129 129 129 129 129 130 129 130 130 129 129 129 129 129 129 129 128 129 127 128 127 127 127 126 126 125 126 125 125 123 123 123 122 121 121 120 120 119 119 118 118 117 116 116 115 115 113 113 112 111 111 110 109 109 108 107 106 105 105 104 104 102 102 101 100 100 99 97 97 97 96 96 95 94
98 98 98 99 99 100 100 101 102 103 104 104 105 106 106 107 107 108 109 110 110 110 111 112 113 114 114 115 116 116 116 118 118 118 119 120 121 121 121 122 123 123 124 124 125 125 125 125 125 126 127 127 128 128 128 128 129 129 129 129 129 129 129 129 129 129 129 129 129 128 128 128 127 127 127 127 126 126 126 125 125 125 124 124 124 122 122 121 121 120 120 120 119 118 117 116 116 115 114 114 113 112 112 111 110 110 109 109 107 107 106 106 104 104 103 102 101 101 100 99 99 98 97 96 95 95 94 94
97 97 97 98 99 100 100 101 102 103 103 103 105 105 107 107 107 108 109 109 110 110 112 112 113 113 115 115 115 116 116 118 118 118 119 119 120 121 121 121 122 123 124 124 124 125 125 125 126 127 126 127 127 127 128 128 128 128 129 129 130 128 128 129 128 128 128 128 128 127 128 127 127 127 127 127 126 126 126 125 124 125 123 123 122 122 122 121 120 120 119 118 119 117 116 116 116 114 114 114 113 112 111 111 110 110 109 108 107 107 105 105 104 103 103 102 101 101 100 100 99 98 97 96 95 94 94 93
96 97 97 98 99 100 100 101 102 103 103 104 105 105 106 107 107 108 110 109 110 110 111 112 113 114 114 114 115 116 117 117 117 118 119 119 120 121 122 122 122 122 122 123 123 124 125 125 125 126 126 126 127 127 128 128 128 128 129 128 129 128 128 129 128 128 128 127 127 127 128 127 127 127 127 126 125 125 125 124 124 123 123 123 122 122 121 121 120 120 118 118 118 117 116 116 116 114 114 113 113 112 111 110 110 109 109 108 107 106 105 105 104 103 103 102 101 100 100 99 99 98 97 96 95 94 94 93
96 96 97 97 99 99 99 101 101 102 103 104 104 105 106 107 108 108 108 109 110 110 111 111 112 113 113 114 115 116 116 117 117 118 119 119 119 120 120 121 122 122 123 123 124 124 124 125 124 126 126 126 127 127 127 128 128 127 128 128 128 127 128 128 128 128 127 128 128 127 127 127 127 126 126 126 126 125 125 125 124 124 123 123 122 121 121 121 120 120 119 118 117 117 116 116 114 113 113 112 113 112 111 110 110 109 109 108 107 106 105 105 105 103 102 102 101 101 99 99 98 98 97 96 95 94 93 92
97 96 97 97 98 99 100 100 102 102 103 104 105 105 106 107 107 108 108 109 110 110 111 111 112 113 113 114 115 116 116 117 118 118 118 119 120 120 121 121 122 122 122 123 123 123 124 124 124 125 125 126 126 126 127 127 127 127 127 128 128 127 127 128 128 127 127 127 127 127 127 126 127 126 125 125 125 124 124 124 124 124 122 123 122 121 121 121 120 119 119 118 117 117 116 116 115 114 113 113 113 111 111 110 110 109 108 107 106 106 105 105 104 103 103 102 101 101 100 99 98 97 96 95 95 94 93 92
97 95 97 97 98 99 99 100 102 103 103 104 105 105 105 106 107 108 108 109 110 110 111 111 112 113 113 114 114 115 115 117 117 117 119 119 119 119 121 121 121 122 122 123 123 124 123 124 124 124 125 126 126 126 127 126 126 127 127 127 126 127 127 127 127 127 127 127 127 127 127 126 125 126 125 125 124 125 124 124 123 123 122 122 122 121 121 120 119 119 118 118 117 116 115 115 114 114 113 113 112 111 110 109 109 109 108 107 107 106 105 104 104 103 102 101 101 100 100 99 98 97 96 95 95 94 93 92
96 95 96 97 98 99 100 101 101 102 102 103 104 105 106 106 107 107 108 109 109 110 111 111 112 112 113 114 114 115 115 116 116 117 118 118 119 120 120 121 121 122 122 122 123 124 123 124 124 124 125 125 125 126 126 126 126 126 127 126 126 126 126 127 127 126 127 126 126 126 126 126 126 125 124 124 124 123 123 123 122 122 122 122 121 120 120 120 120 119 118 117 116 116 115 115 114 113 113 112 112 111 110 109 109 108 108 106 106 105 105 104 103 103 102 101 101 101 99 99 97 96 96 95 95 94 93 93
95 96 96 97 98 98 100 100 101 101 102 103 104 104 105 106 106 107 107 108 108 110 109 111 111 112 112 113 114 115 115 116 117 117 118 118 119 119 121 120 120 121 121 122 122 123 123 123 123 124 124 125 125 125 125 125 126 126 126 126 126 126 126 126 126 126 126 126 126 125 125 125 125 125 125 124 124 124 123 122 123 122 121 121 121 120 120 119 118 119 117 117 116 116 115 114 114 113 113 111 111 110 110 109 109 108 107 107 107 105 105 104 103 102 102 101 101 99 99 98 97 97 96 95 94 93 92 92
95 96 96 97 98 98 99 100 101 101 101 102 103 104 105 106 106 107 108 109 108 109 109 110 111 112 112 113 114 115 115 115 116 117 118 118 119 119 119 119 121 121 120 121 122 122 122 123 124 124 124 125 125 125 125 125 125 125 126 126 126 127 126 126 126 126 126 126 125 125 125 125 125 124 124 124 124 123 123 122 122 122 121 121 120 120 119 119 118 118 117 117 116 115 115 114 114 113 112 112 112 110 110 109 109 108 107 107 106 105 104 104 102 102 102 101 101 100 99 98 97 96 95 95 94 93 92 92
95 95 96 97 98 98 98 99 100 101 102 103 103 104 104 106 106 107 107 108 108 109 110 110 111 111 112 113 114 114 115 115 116 116 117 117 117 119 120 119 120 121 121 122 122 122 122 123 123 124 124 124 125 125 125 125 125 125 125 126 126 126 126 126 125 126 126 125 126 125 124 125 125 125 124 124 124 123 123 123 121 121 121 120 120 120 119 119 118 117 117 116 116 115 114 114 113 112 112 112 112 110 110 110 108 108 107 106 106 105 105 104 103 102 101 101 100 99 98 98 97 96 96 95 94 93 93 92
95 95 96 97 97 98 98 100 100 101 102 102 103 104 105 105 106 107 108 108 108 109 109 110 110 112 112 112 114 114 115 115 115 117 117 117 118 118 119 119 120 121 121 121 122 122 122 123 124 124 124 124 124 125 124 125 126 125 126 126 127 126 126 126 125 126 125 126 125 125 125 125 125 124 125 124 124 124 123 122 122 122 121 120 120 120 119 119 118 118 117 116 116 115 115 115 114 112 112 111 111 110 110 109 108 108 107 106 106 105 104 104 103 102 101 101 100 99 99 98 97 97 96 95 95 94 93 92
95 95 95 96 97 98 99 99 100 101 102 103 103 103 104 105 106 106 107 108 109 109 110 110 111 111 112 113 113 114 114 115 115 117 117 118 117 119 119 119 119 120 121 121 121 122 123 123 123 123 124 125 124 124 125 125 126 125 126 126 126 126 126 125 126 126 125 126 125 125 125 125 125 125 125 124 124 124 122 123 122 122 121 121 121 120 120 119 118 118 118 116 116 115 115 114 114 113 112 111 111 110 110 109 109 108 107 106 106 105 105 104 103 103 102 101 100 100 99 98 97 97 96 96 94 94 92 92
95 95 95 97 97 98 98 99 100 100 101 101 103 103 104 105 106 106 107 107 108 109 109 110 110 112 111 112 112 113 114 115 116 116 117 117 118 118 118 119 119 120 120 120 121 122 122 123 122 123 124 123 124 124 124 125 125 125 125 125 125 126 125 125 125 125 125 125 124 124 124 124 124 124 123 123 124 122 122 121 121 121 121 120 120 119 119 118 118 118 117 116 116 116 115 115 113 112 112 111 111 110 110 109 108 108 107 106 106 105 104 103 103 103 102 101 100 99 99 98 97 97 97 96 95 94 92 93
95 95 95 97 98 97 98 99 100 101 102 102 103 103 104 105 106 106 107 107 108 109 109 110 111 112 112 113 113 114 113 115 115 116 116 118 117 118 119 119 120 120 121 121 122 122 122 122 123 124 123 124 124 124 124 124 125 125 126 126 126 126 125 126 125 125 126 125 125 125 125 125 124 124 124 124 123 123 123 122 122 121 120 120 120 119 119 118 118 118 117 116 116 116 114 115 114 113 112 112 111 110 109 110 109 108 108 107 106 105 104 104 104 103 101 101 101 99 99 98 98 97 97 95 95 95 94 93
95 95 96 97 98 98 99 99 100 101 102 103 104 104 105 106 106 107 108 108 108 109 109 110 111 112 112 113 113 115 115 116 116 117 118 118 118 119 119 120 121 121 122 121 122 122 123 123 123 124 124 124 124 125 125 125 125 127 126 126 126 126 126 126 125 126 126 125 125 126 125 125 125 125 124 123 123 123 123 123 122 122 122 121 121 120 119 119 118 118 118 116 116 116 115 114 114 113 112 112 111 111 110 110 109 108 108 107 107 106 105 105 103 103 102 102 101 101 100 99 98 97 97 96 95 95 94 93
95 94 95 96 97 98 98 99 100 100 101 102 102 103 104 104 105 106 107 107 107 108 109 110 111 111 112 112 113 113 114 115 115 116 117 117 118 118 119 119 119 120 121 121 121 123 123 122 123 124 123 124 124 124 125 125 125 125 125 125 125 126 125 125 125 125 125 125 124 125 124 124 124 124 123 123 123 123 122 122 121 121 121 120 119 119 119 118 118 117 116 116 116 115 115 115 113 113 113 111 111 110 110 109 109 108 107 107 106 105 105 104 103 103 102 102 100 100 100 99 97 97 97 96 95 94 93 93
95 94 96 97 97 98 98 99 99 101 102 102 103 103 104 104 105 106 107 107 107 108 109 109 110 111 112 112 112 113 114 114 115 116 116 117 117 118 119 119 120 120 121 121 122 122 122 123 122 123 124 124 124 124 124 125 125 125 126 126 125 125 126 125 125 125 125 125 125 125 124 124 124 123 123 123 122 122 122 122 121 121 121 121 120 119 119 118 118 117 117 116 116 115 115 115 114 112 112 111 111 110 110 110 109 108 107 107 106 105 105 104 103 103 102 102 101 100 99 99 98 97 96 96 95 94 93 93
95 94 95 96 97 98 99 99 99 101 101 102 103 103 104 105 106 106 107 107 108 108 109 110 110 111 111 112 112 113 114 114 115 117 116 117 117 118 118 119 119 120 121 121 121 122 122 122 123 123 124 123 124 124 124 124 125 125 125 125 125 125 125 125 125 126 126 125 125 124 125 124 124 123 123 123 122 123 122 122 122 121 121 120 120 120 119 118 118 118 117 116 116 115 115 114 114 113 113 112 112 111 110 109 109 108 107 107 106 106 105 105 104 102 101 101 100 100 100 99 98 97 97 95 95 94 93 93
94 95 95 97 97 98 98 99 100 100 101 102 102 103 104 105 105 106 107 107 107 108 109 110 110 111 111 112 112 112 114 114 115 116 116 117 117 118 118 119 119 120 120 120 121 121 121 122 122 122 123 123 124 123 123 124 124 125 124 124 125 125 125 125 125 125 124 126 124 125 124 124 123 124 123 122 123 122 122 122 121 121 120 120 120 119 118 118 118 117 116 116 115 115 114 114 114 113 112 112 111 110 110 109 109 108 107 107 106 105 105 104 103 103 102 102 100 100 100 98 97 97 96 96 95 95 93 92
94 94 96 96 96 97 98 98 100 100 101 102 103 104 104 105 105 106 106 107 108 108 109 110 110 111 111 111 113 113 114 114 115 115 115 116 116 117 118 118 119 119 120 120 121 121 121 122 122 122 123 123 123 123 123 123 124 125 125 124 124 124 124 124 124 124 124 124 124 123 124 123 123 124 123 123 122 122 122 121 121 120 120 120 119 119 118 118 117 117 116 116 115 115 114 114 113 112 112 112 110 110 109 109 108 107 107 106 106 105 104 104 103 103 102 101 100 100 99 98 96 96 96 95 95 94 93 93
94 95 95 97 97 98 99 99 100 101 102 102 102 103 104 105 105 106 106 107 107 108 108 109 110 110 111 112 112 113 114 114 115 115 116 116 116 117 118 118 119 120 120 120 120 121 121 121 121 122 122 122 122 123 123 124 123 124 123 123 123 124 124 124 124 123 124 124 124 124 123 123 123 123 123 122 122 122 121 121 121 121 120 119 119 118 118 117 117 117 116 115 115 115 114 114 113 112 112 112 110 110 109 108 108 107 106 106 106 104 104 104 103 102 102 101 100 99 99 97 97 97 96 95 93 94 92 92
95 94 95 96 96 97 98 99 100 100 101 102 103 103 104 105 105 106 107 107 108 108 109 109 110 110 111 112 112 113 113 114 114 115 115 116 116 117 117 118 119 119 119 119 120 121 121 121 122 122 122 122 122 123 123 123 123 123 123 124 124 124 124 123 123 123 123 123 123 123 123 122 122 122 122 122 121 121 120 120 120 120 119 119 118 118 118 117 117 116 115 115 115 114 113 113 112 112 112 111 110 109 109 108 108 107 106 105 105 104 103 103 103 102 101 100 100 99 98 98 96 96 95 95 94 93 93 91
94 94 95 96 96 97 98 99 99 100 101 102 102 103 103 105 105 106 106 107 108 108 109 109 110 111 111 112 112 113 114 114 114 115 115 116 116 117 117 117 118 119 119 120 120 121 121 121 121 122 121 122 122 123 123 123 123 123 123 123 123 123 123 123 123 123 123 123 123 122 123 122 122 122 121 121 121 121 120 120 120 119 119 119 117 118 118 116 116 116 115 115 115 114 114 113 112 112 112 111 110 109 109 108 108 107 107 106 105 104 103 103 103 101 101 100 100 99 98 98 97 96 95 95 93 93 92 91
94 94 95 96 97 97 98 99 99 101 101 102 102 103 103 105 105 106 107 107 108 108 109 109 110 110 111 111 112 113 113 114 115 115 116 116 116 117 117 118 119 119 120 119 120 120 121 121 121 121 122 122 122 122 123 122 123 123 123 123 123 124 123 123 123 123 123 123 122 122 122 122 122 121 121 121 121 120 120 119 119 119 118 117 117 117 117 116 115 115 114 114 114 113 113 113 111 111 111 110 110 110 109 108 108 107 106 106 104 104 103 102 101 101 101 100 99 99 98 97 96 96 95 94 93 92 92 92
94 94 95 96 97 97 98 99 100 100 101 102 103 103 104 105 106 106 107 108 108 109 109 110 110 111 111 112 113 113 113 114 115 115 115 116 117 117 117 118 118 119 119 120 120 120 121 121 121 121 122 122 122 122 123 122 123 123 123 123 123 123 123 123 123 123 123 123 122 122 121 122 122 121 121 121 121 120 120 119 118 118 119 118 118 117 116 116 116 115 114 114 114 113 113 112 112 111 111 110 110 109 108 108 107 107 106 105 105 104 103 102 102 102 101 100 99 99 98 97 97 96 95 94 93 93 92 91
94 95 95 96 97 97 98 99 100 100 101 102 103 104 104 105 105 106 106 107 108 109 109 110 111 111 111 112 112 113 113 114 115 115 116 116 116 117 117 118 118 119 118 119 120 120 120 120 121 121 121 122 121 122 122 123 122 122 123 123 123 123 123 123 123 122 122 122 122 122 122 122 122 121 121 121 121 120 119 119 119 119 117 117 117 117 116 115 115 115 114 114 114 113 113 112 111 111 110 109 109 109 108 108 107 107 106 105 105 104 103 103 102 101 100 100 99 98 98 97 96 96 95 94 93 92 92 91
94 95 95 97 97 98 98 99 100 101 102 102 103 104 104 104 105 106 107 108 108 109 109 110 111 110 112 112 112 112 113 114 114 115 116 116 116 116 117 118 118 119 118 119 119 120 120 120 120 121 121 121 122 122 122 123 122 122 122 123 122 123 123 122 122 122 122 122 122 121 122 121 122 121 121 120 120 120 120 119 118 118 117 116 116 117 116 116 115 115 115 114 114 113 113 113 111 111 111 110 110 109 108 108 107 106 105 105 105 103 103 102 102 101 101 101 99 98 97 97 96 95 95 94 93 92 91 91
95 95 95 96 97 98 99 99 100 101 102 103 103 104 105 105 106 106 106 107 108 109 109 110 111 111 111 112 113 113 114 114 115 115 115 116 117 117 117 117 118 118 119 119 120 120 120 121 120 121 121 122 122 122 122 122 122 122 122 122 122 123 123 122 121 122 122 122 122 122 121 121 121 121 120 120 120 119 119 119 118 117 118 117 117 116 115 115 115 115 114 114 113 113 112 112 111 111 110 110 110 109 108 108 106 106 106 105 104 103 103 102 102 102 101 100 99 98 98 96 96 95 95 94 93 92 91 91
95 95 96 97 97 98 99 100 100 101 102 102 103 104 105 105 106 107 107 107 108 109 110 110 111 111 112 112 113 113 113 114 115 115 116 116 117 117 117 118 118 118 118 119 119 119 120 120 121 121 120 122 122 121 122 122 122 123 122 122 122 122 122 122 122 122 121 121 122 122 121 121 121 121 120 120 120 120 119 118 118 117 117 117 116 116 116 115 115 115 115 114 113 113 113 112 111 111 110 109 109 109 109 107 107 106 105 104 104 103 103 103 102 102 101 100 99 98 97 97 96 95 94 94 93 92 91 91
94 94 96 96 98 98 100 100 100 101 102 103 103 104 105 105 106 107 107 108 109 110 110 110 111 111 112 112 113 113 114 115 115 116 116 116 116 116 117 118 118 119 118 119 119 120 120 120 120 121 121 121 122 122 121 122 122 122 122 122 122 122 122 122 122 122 121 122 122 121 122 121 121 120 121 120 119 119 119 118 118 119 117 117 117 116 116 115 115 115 114 114 114 113 113 112 112 111 111 110 109 109 108 108 107 107 106 105 104 104 103 102 102 101 101 100 99 98 98 97 96 95 95 94 93 92 92 90
95 94 96 96 97 98 99 100 100 102 102 103 104 104 105 106 106 106 107 108 109 109 110 110 110 111 112 113 113 114 114 115 115 116 116 116 116 118 118 118 119 119 119 119 120 119 120 121 121 121 121 122 122 122 122 122 122 122 122 122 122 122 122 123 123 122 122 122 121 122 121 121 122 121 120 120 120 120 119 119 119 118 118 117 117 117 116 116 116 115 114 115 114 113 113 112 112 111 110 110 109 109 108 108 108 107 105 105 104 104 103 102 102 101 101 100 99 98 98 97 96 95 95 94 93 92 91 91
95 95 95 96 97 98 98 99 100 101 102 103 103 105 105 105 105 107 108 108 109 109 110 110 111 111 112 113 113 114 114 115 115 115 116 117 118 117 118 119 119 119 120 120 120 120 121 121 121 121 121 122 122 122 122 122 123 122 122 123 123 123 123 122 123 123 123 122 122 122 122 121 122 121 121 121 120 120 119 120 120 119 118 118 118 117 117 116 116 115 115 114 114 113 113 112 112 111 110 111 109 109 109 108 107 107 106 106 105 104 103 103 102 102 101 100 100 98 97 97 97 95 95 94 93 93 91 91
95 95 95 96 97 98 99 100 100 101 102 102 103 105 105 106 106 107 108 108 108 108 109 110 110 111 112 112 114 114 114 114 116 115 116 116 118 118 118 118 119 119 120 120 120 121 121 121 121 122 122 122 122 122 123 123 122 123 123 123 123 123 123 123 123 123 123 122 122 122 122 122 122 121 121 121 121 120 120 119 119 119 118 118 119 118 117 117 116 115 115 114 114 114 113 113 112 111 111 111 110 109 109 108 108 107 106 106 104 104 104 103 102 102 101 100 99 98 98 98 97 96 96 94 93 93 92 91
