18 78 91 94 95 98 102 105 109 111 116 120 123 123 124 128 132 137 140 141 141 144 147 152 155 157 160 162 164 165 165 168 169 169 173 173 172 173 174 175 176 176 178 179 178 180 181 182 181 180 181 183 184 183 180 174 158 147 136 135 141 146 145 143 147 149 147 146 143 135 129 130 134 132 128 127 134 132 128 129 134 130 124 122 129 135 139 137 134 125 124 125 125 122 120 122 120 123 122 120 119 115 115 116 117 115 112 113 115 112 109 105 104 102 99 96 94 92 89 86 85 82 80 76 71 66 63 60
19 78 93 94 97 100 103 106 110 112 116 121 125 126 128 132 135 138 140 141 141 144 148 153 158 160 161 164 166 166 167 169 168 170 171 173 173 174 174 177 177 176 179 180 180 181 181 182 182 182 183 185 185 184 182 174 160 147 135 133 140 145 144 141 146 143 142 138 134 133 128 128 130 131 128 130 139 140 132 130 134 133 129 128 135 138 140 142 138 132 127 129 130 126 123 126 125 126 125 122 121 116 119 117 118 117 116 115 115 114 109 108 105 102 98 96 94 94 91 89 86 83 80 76 71 66 63 60
19 80 92 95 99 103 105 109 112 114 118 122 126 129 132 135 138 139 141 142 143 147 150 155 159 161 162 164 166 167 169 168 168 170 171 172 173 175 175 177 177 178 180 181 181 182 182 182 183 181 184 184 186 185 183 175 161 149 136 133 140 146 140 140 142 139 135 134 133 130 129 128 129 132 131 138 148 150 141 137 135 134 134 136 139 139 139 144 141 137 132 130 132 131 129 131 129 128 127 124 122 120 117 116 121 121 118 116 117 114 110 110 106 103 101 98 95 95 92 90 87 83 80 77 71 68 65 62
19 81 94 96 100 102 106 109 113 116 120 123 128 131 135 137 138 140 142 142 145 148 152 158 160 161 163 164 165 167 168 169 169 171 171 172 173 175 177 178 178 180 182 181 181 183 183 182 183 183 183 185 185 184 181 173 160 148 134 134 139 143 142 136 136 135 132 133 134 129 129 129 128 130 133 142 151 157 150 141 138 137 134 135 137 139 138 144 145 140 135 129 132 134 134 134 130 128 130 128 125 121 118 118 124 124 123 117 115 115 112 111 109 106 103 101 95 92 91 90 87 83 80 76 72 70 67 63
19 80 96 97 101 104 107 109 112 117 120 122 125 130 133 137 138 141 143 146 148 149 152 156 159 160 162 165 166 168 170 172 172 173 174 174 175 178 178 180 179 181 183 182 182 184 185 183 183 184 185 185 183 180 178 172 156 146 136 137 139 141 139 136 134 134 131 132 133 131 130 130 129 130 134 138 152 155 149 138 136 138 136 135 138 140 141 144 147 144 139 135 133 135 136 135 132 132 134 131 128 127 130 129 128 126 125 119 115 115 111 110 110 107 106 103 98 89 88 87 86 81 79 75 72 71 69 65
19 81 95 98 101 105 107 110 113 116 121 123 126 130 133 137 140 142 145 148 148 151 152 156 158 160 163 164 167 168 171 172 174 175 176 176 175 178 179 180 180 182 182 183 182 183 185 184 182 185 186 183 182 180 175 164 151 150 145 140 137 140 139 138 135 133 132 132 132 133 132 129 129 132 137 137 145 148 144 140 138 141 137 133 137 138 141 143 146 148 142 140 138 139 139 138 137 137 136 133 131 133 133 132 130 128 124 123 118 116 112 111 110 105 103 104 101 89 85 86 85 81 78 76 74 72 71 67
18 80 96 99 100 103 107 110 112 116 120 123 126 131 134 137 140 141 145 148 150 151 153 156 157 159 162 164 166 167 171 173 175 176 176 177 178 179 179 180 182 185 185 185 184 183 183 184 184 183 183 180 180 178 170 159 149 149 149 140 136 138 139 141 137 133 133 132 133 133 133 131 130 133 133 136 143 145 139 138 139 143 143 134 135 139 141 144 145 144 143 144 139 139 139 137 136 139 139 137 135 136 134 134 135 133 127 125 124 117 112 111 108 105 104 102 100 92 88 86 85 82 78 77 75 73 70 68
18 81 96 98 101 103 107 110 113 116 119 123 125 129 133 137 139 142 144 148 150 152 154 156 158 160 162 165 167 169 171 175 176 177 177 178 179 180 180 182 184 185 184 186 185 184 183 183 184 183 181 178 177 175 171 162 150 154 155 146 140 140 144 144 137 135 135 134 134 134 134 133 132 132 133 136 141 141 137 138 141 140 143 138 136 137 136 140 138 139 139 142 142 143 138 134 135 140 141 139 137 138 136 136 136 132 127 129 129 124 119 115 111 107 104 100 97 92 89 87 85 83 80 77 74 73 72 69
18 83 97 98 101 104 108 110 112 116 119 122 125 129 132 137 140 143 145 148 150 152 155 157 158 160 163 166 168 170 172 174 176 177 178 179 179 180 182 182 184 185 186 186 184 184 183 184 184 182 182 180 175 173 174 166 154 157 155 150 143 144 145 140 137 135 135 136 134 135 137 135 134 132 135 137 141 137 137 137 141 138 142 141 136 137 137 141 138 141 139 144 147 148 140 140 143 145 145 143 141 141 138 137 136 130 130 134 133 129 126 123 116 110 106 103 96 90 89 86 86 86 82 78 76 74 73 71
18 83 98 99 102 105 109 111 113 117 120 123 125 129 132 137 140 142 145 147 150 152 155 157 159 160 163 166 169 170 173 174 175 177 178 180 180 181 183 184 184 185 185 185 185 185 185 184 182 181 180 179 175 174 170 167 156 152 152 149 143 148 144 138 138 135 136 136 135 135 140 137 138 136 136 139 140 137 138 139 144 142 142 140 139 138 145 143 143 144 145 152 151 152 149 147 147 148 148 147 146 146 142 138 137 128 129 132 135 136 130 125 120 114 111 102 93 90 88 87 87 86 82 79 76 74 72 71
18 84 97 100 103 105 107 110 114 117 120 122 125 129 133 135 139 142 144 147 149 152 154 157 159 161 163 167 170 172 173 173 176 178 179 180 180 181 183 184 184 185 185 184 184 184 184 183 182 180 179 176 174 171 167 168 154 147 148 148 143 143 141 138 136 136 134 135 136 138 142 143 141 137 136 137 138 141 144 146 148 145 140 140 140 143 147 146 150 150 152 154 155 156 154 150 152 152 153 152 148 148 145 141 138 125 125 130 134 137 135 130 125 121 115 102 93 91 89 87 86 86 82 78 77 75 72 72
18 83 99 100 102 106 108 110 114 117 121 123 126 130 133 136 139 142 145 148 149 153 155 157 160 162 165 168 172 174 173 174 177 179 179 181 181 182 183 184 185 185 184 184 185 184 184 183 181 180 180 176 171 170 165 165 153 147 145 148 142 141 141 139 138 136 135 137 137 139 140 142 140 139 138 136 139 146 154 152 148 146 143 142 145 147 147 149 152 155 156 157 158 158 157 156 155 156 155 154 154 149 146 142 138 124 125 127 128 129 136 133 130 127 120 106 93 92 90 87 86 85 83 79 77 75 74 72
18 84 98 101 103 105 108 111 114 117 120 123 126 129 133 135 138 141 144 147 150 152 154 157 159 163 165 168 171 173 175 176 176 178 179 180 182 182 182 183 183 184 183 183 184 183 183 182 182 180 180 177 174 170 163 161 149 143 142 145 141 141 139 138 139 139 137 137 139 139 138 137 137 136 136 138 143 149 149 149 150 151 150 146 148 149 146 150 153 157 157 158 158 159 158 157 157 156 155 157 157 151 148 145 138 125 126 124 122 125 136 136 134 130 122 109 94 94 91 88 86 85 83 80 78 77 75 74
18 85 99 101 103 106 108 111 114 115 119 123 126 129 132 136 139 142 143 146 151 153 154 157 159 163 166 168 170 172 174 175 176 178 180 181 182 182 181 182 182 183 183 183 182 183 181 181 180 179 178 178 176 169 161 158 148 145 142 142 140 139 137 138 140 139 138 138 139 139 139 138 138 137 137 142 144 142 143 142 146 150 155 152 151 152 149 152 155 157 160 160 160 160 161 159 158 158 157 155 155 152 147 146 137 126 123 124 120 123 132 137 135 127 122 109 95 94 92 90 87 86 83 81 79 78 75 74
19 86 100 101 103 106 108 111 115 116 119 123 126 128 131 135 137 141 144 147 150 152 154 156 160 163 165 166 169 171 174 176 178 178 179 180 180 181 181 181 182 182 182 182 180 180 180 180 179 177 176 176 175 167 161 157 148 144 141 141 138 137 137 140 142 139 139 138 139 140 137 138 138 137 138 143 141 138 138 138 143 148 153 148 152 155 153 155 157 160 162 162 163 163 164 163 163 161 159 156 155 151 144 144 136 124 122 123 119 121 128 136 134 127 121 109 96 94 92 90 89 85 84 82 80 78 76 74
18 86 101 103 105 106 109 112 115 117 120 122 125 129 131 134 138 140 144 146 149 152 154 156 159 162 164 166 168 170 172 174 175 176 178 179 180 180 181 181 181 181 180 180 179 178 178 179 178 176 176 174 173 170 162 160 151 143 142 143 139 136 141 147 144 139 139 138 139 138 139 138 139 138 140 144 138 138 138 137 139 142 144 145 146 151 156 157 160 162 164 166 165 166 166 166 165 162 158 155 155 150 145 142 137 131 132 128 120 118 129 138 135 129 124 111 98 95 93 90 88 86 84 82 81 79 77 75
18 88 102 102 103 106 110 112 115 117 120 122 125 128 130 133 137 140 142 144 148 151 152 156 157 159 162 164 166 169 171 173 174 175 177 178 178 179 179 179 179 180 179 178 178 176 175 174 175 175 173 170 172 168 163 160 150 143 143 144 141 138 144 153 141 138 138 138 138 137 138 138 139 138 140 144 140 137 137 136 139 142 142 145 145 150 155 157 160 163 165 166 167 167 166 165 164 161 157 154 152 149 143 141 140 137 136 133 121 123 136 136 130 126 121 109 96 94 93 92 89 87 84 83 81 79 78 76
17 85 101 102 105 108 109 112 115 117 120 123 125 128 130 133 135 139 142 144 147 149 152 155 157 160 161 163 165 167 169 171 173 174 175 177 177 177 178 179 179 178 177 177 176 175 175 174 173 173 172 170 170 169 164 160 150 144 142 142 143 146 151 149 139 138 137 138 138 137 138 139 139 139 139 142 138 136 135 137 138 143 143 145 149 152 153 156 157 160 163 164 166 166 164 163 162 158 153 152 153 148 141 139 138 136 134 133 124 126 125 122 119 120 118 110 97 94 92 92 89 87 85 84 82 80 79 77
18 86 102 103 105 108 110 112 115 117 119 124 126 128 130 133 135 138 140 143 147 148 151 153 156 159 160 162 165 167 167 170 171 173 175 176 177 177 177 177 178 177 177 175 175 174 173 172 173 173 172 171 171 170 163 155 151 145 143 142 144 149 157 148 139 139 137 138 138 138 138 138 138 140 140 138 136 136 136 137 139 141 140 142 145 150 153 157 157 157 159 159 162 162 159 158 157 155 152 149 150 146 139 136 134 129 131 129 121 122 116 112 112 113 113 110 100 95 93 92 90 89 86 85 83 81 79 78
18 89 104 104 106 108 111 113 115 118 119 123 127 128 130 133 135 137 139 143 145 147 149 151 155 157 160 161 164 165 168 170 171 172 174 174 176 176 176 177 178 177 176 175 172 172 172 172 172 172 172 172 172 170 160 154 153 146 144 143 143 145 147 145 143 139 138 138 138 137 138 138 138 138 138 136 136 137 136 137 142 145 141 140 142 147 152 155 155 154 154 156 159 157 154 154 154 151 148 145 147 143 137 135 129 124 126 123 117 115 113 112 113 110 111 108 100 97 95 92 91 89 87 86 83 81 80 78
18 90 105 106 109 111 112 114 116 119 122 125 126 129 130 133 135 138 139 142 144 146 150 151 154 157 159 160 162 165 165 168 170 172 173 173 174 174 175 175 177 176 175 173 171 172 171 173 173 173 172 171 171 170 159 153 151 146 143 143 142 142 143 142 144 140 137 137 138 137 139 139 139 138 137 136 136 136 138 139 143 148 149 142 141 143 148 150 151 150 150 151 153 148 149 151 151 149 145 141 143 140 135 131 125 123 122 119 115 113 111 109 112 110 112 106 100 99 96 94 92 89 88 86 84 82 81 80
19 92 107 107 110 113 113 116 118 120 122 125 127 130 132 133 136 137 140 141 144 147 149 152 152 155 157 159 162 164 165 166 168 170 172 173 173 173 174 175 175 175 173 172 171 172 172 173 173 173 172 171 170 170 163 152 148 146 143 143 141 140 140 140 140 140 138 138 137 136 137 138 139 139 137 136 137 138 138 139 146 152 154 151 143 144 146 149 148 146 148 150 147 145 145 147 147 146 144 141 141 137 133 129 124 122 121 118 115 112 111 110 114 112 108 105 102 100 97 94 92 90 89 86 85 84 82 81
18 95 111 111 114 116 119 119 121 122 124 127 129 131 133 135 137 139 140 142 144 146 149 150 152 155 157 159 161 163 164 165 168 170 171 173 173 173 174 176 174 175 173 173 171 171 171 172 172 172 169 170 171 169 165 152 146 146 143 142 141 141 140 140 141 142 139 139 138 139 138 139 138 139 139 138 139 138 139 140 147 153 152 154 146 143 146 149 145 144 145 145 146 143 144 144 145 145 141 137 136 134 130 128 125 123 121 119 115 114 112 111 113 112 108 106 106 100 97 95 93 91 90 88 86 84 84 81
18 97 115 114 116 118 121 122 123 125 126 128 130 132 134 135 138 139 141 143 144 147 148 149 153 154 157 158 160 162 163 165 166 168 169 172 172 173 173 174 173 174 173 172 172 171 172 171 169 169 166 169 169 159 158 152 145 144 143 141 141 140 140 142 141 141 140 139 139 139 139 140 139 140 141 139 139 138 140 141 143 147 151 151 146 143 149 145 142 142 144 143 143 143 143 143 144 144 139 136 134 132 130 127 126 122 120 119 116 115 113 113 112 111 107 105 103 100 98 97 94 92 91 90 87 86 85 83
20 101 116 116 118 120 123 125 127 127 129 133 133 135 136 137 140 140 142 144 145 147 149 151 152 154 157 157 159 160 162 164 166 168 170 171 171 172 172 173 173 174 173 173 171 171 171 169 168 166 165 168 161 153 150 147 144 143 142 142 141 141 141 141 141 141 140 139 139 140 141 140 140 140 140 140 139 139 139 139 141 142 147 146 146 148 146 140 140 140 141 143 141 141 140 141 145 151 139 135 132 131 129 128 126 123 122 118 118 116 113 112 113 110 107 105 103 102 100 96 95 94 92 90 87 87 85 83
20 102 119 119 121 124 126 128 130 132 135 136 136 138 139 141 143 143 145 145 146 149 151 153 155 156 158 158 159 161 163 164 167 168 169 170 171 171 172 173 174 174 172 172 171 171 170 168 165 164 164 167 158 148 148 146 142 143 142 141 142 143 142 142 141 141 141 141 140 140 142 141 141 140 140 140 139 139 139 139 141 139 143 145 146 147 141 139 139 138 139 139 140 141 141 140 143 157 142 135 132 129 127 128 125 123 121 119 117 115 115 114 113 109 107 106 103 102 100 97 96 95 92 90 89 87 86 84
19 104 121 122 123 127 129 131 133 135 137 140 142 143 143 144 147 146 147 148 150 152 153 156 158 159 159 161 161 162 163 165 167 169 171 171 172 172 172 173 174 173 171 171 172 170 168 166 167 168 166 162 150 145 148 145 143 144 142 142 142 141 142 142 141 141 140 141 141 141 142 141 141 140 141 141 140 141 140 141 140 139 140 142 144 143 142 140 139 139 140 140 141 140 140 140 143 157 146 135 132 130 127 127 125 123 121 119 119 117 118 115 112 109 108 106 104 102 100 98 96 94 93 91 89 88 86 85
19 107 124 123 126 128 130 133 135 138 139 143 145 146 146 147 150 149 150 152 154 156 156 158 161 162 163 163 163 164 164 165 169 169 172 172 173 176 172 173 172 172 171 173 171 169 166 165 166 166 166 157 151 150 147 147 145 143 142 143 142 141 141 141 141 141 140 140 141 140 141 140 140 141 141 141 141 141 141 140 141 140 141 141 141 141 140 139 140 139 140 139 140 140 140 138 141 156 149 135 132 130 129 128 126 124 123 120 119 118 117 114 113 111 108 105 105 102 101 99 97 96 95 92 90 89 88 86
19 108 125 127 129 130 133 135 138 140 142 144 145 147 148 151 152 153 153 154 157 159 160 162 164 166 165 166 166 166 165 168 169 170 171 177 159 131 177 173 175 174 173 173 172 167 160 167 148 161 165 157 137 122 144 147 144 144 143 144 142 142 142 141 141 140 140 142 141 141 141 142 141 141 141 141 142 140 140 140 141 140 140 140 140 141 141 138 139 139 140 141 140 139 140 139 140 148 146 137 133 131 129 129 126 125 123 122 120 118 117 114 112 110 109 107 105 104 102 100 99 96 95 93 91 90 88 87
20 110 128 128 130 132 135 137 138 139 143 145 147 149 151 152 154 155 155 156 158 160 163 164 166 167 167 168 169 167 167 168 170 170 173 162 120 89 158 176 174 173 172 171 172 172 95 98 79 109 143 144 81 62 102 143 147 145 143 143 143 141 142 143 142 142 142 142 142 141 140 141 141 141 142 141 140 141 141 141 141 140 141 139 139 140 140 139 140 139 140 140 139 140 140 139 139 141 142 139 134 132 130 129 127 126 123 122 120 119 116 114 113 111 109 107 107 103 102 100 99 97 95 93 91 90 89 87
20 113 130 130 132 135 135 138 140 141 143 146 148 151 151 153 155 157 158 158 160 161 164 165 166 168 169 170 169 170 168 168 172 173 171 90 47 66 108 172 180 174 168 170 160 121 81 68 76 65 86 114 64 80 49 88 126 143 145 144 142 142 143 135 140 133 135 142 141 141 140 140 140 141 141 142 141 140 141 140 140 140 140 139 139 140 140 140 139 140 140 139 140 141 138 140 139 139 140 139 135 132 131 130 127 125 125 123 121 119 116 114 113 110 109 108 106 105 103 102 100 98 96 95 93 91 89 88
21 114 130 130 131 135 137 138 141 142 145 147 149 150 152 155 156 158 159 160 161 163 164 165 166 167 169 170 170 171 169 168 153 168 102 53 79 93 79 126 121 150 169 151 106 75 67 48 51 56 64 60 67 66 66 48 73 92 140 147 144 143 144 95 87 57 77 139 142 140 140 140 141 141 141 141 142 141 140 140 141 140 139 140 140 139 140 139 139 139 140 139 141 140 141 141 140 139 138 136 135 132 133 131 129 128 127 124 121 120 118 116 114 112 110 109 106 106 103 102 100 99 97 95 94 91 89 87
20 114 130 130 133 136 138 139 141 143 145 148 150 152 153 155 157 159 161 160 162 164 165 165 166 167 168 170 171 171 171 170 83 65 47 70 113 107 94 74 53 109 109 71 58 61 50 36 36 33 58 48 33 38 51 45 60 57 88 140 147 150 127 62 59 51 39 91 146 143 141 141 142 141 142 140 140 141 140 140 139 140 140 140 140 140 140 140 138 139 140 140 141 140 141 142 141 139 137 137 135 135 134 131 129 128 126 124 123 122 121 118 115 113 111 109 108 106 105 102 100 100 97 95 94 91 90 89
20 115 131 130 134 138 139 141 142 144 147 148 150 152 154 156 158 160 161 162 164 164 166 166 168 169 168 170 171 172 176 139 45 37 82 87 138 146 122 62 49 75 52 48 58 53 43 27 25 30 31 30 37 50 49 57 60 65 62 77 116 139 85 52 66 65 52 64 99 135 143 143 143 141 142 141 142 142 142 142 140 140 140 140 141 140 139 140 140 139 140 142 142 142 142 143 142 141 138 137 135 135 134 132 131 127 126 126 125 122 121 119 117 114 113 111 109 107 105 103 102 101 99 97 95 93 92 89
20 113 131 131 135 139 141 140 143 145 147 148 151 152 153 157 159 160 161 162 164 165 167 167 169 170 170 170 171 173 179 117 37 63 70 80 79 80 65 58 85 74 44 38 39 43 37 34 42 34 32 27 48 38 53 58 57 65 64 56 53 64 52 62 83 76 95 73 44 108 148 143 142 143 141 142 143 142 141 141 141 141 141 141 142 143 141 142 142 141 141 142 141 142 141 142 141 140 139 137 136 135 135 132 131 130 128 126 125 124 122 120 118 116 114 112 110 108 106 105 103 101 101 99 95 94 92 91
20 114 132 131 135 139 140 142 145 146 148 149 151 153 155 157 158 160 161 164 166 166 168 169 170 170 171 171 170 176 152 79 71 65 60 56 36 38 41 84 62 60 52 42 37 57 44 44 42 36 40 49 52 44 62 57 44 54 49 38 62 57 65 104 103 105 124 71 44 133 145 142 142 144 143 143 142 142 143 143 142 142 142 141 134 116 138 100 133 144 142 142 143 143 144 143 141 140 138 138 137 136 134 133 133 130 130 129 126 124 123 121 119 117 115 114 111 108 107 106 104 102 103 101 96 94 92 92
20 115 131 133 136 140 140 145 146 147 150 150 151 154 158 161 161 162 163 166 167 168 170 170 170 170 171 171 173 165 78 57 61 73 47 55 85 80 40 45 51 58 49 38 56 60 48 51 50 48 47 82 73 49 58 54 57 47 40 36 50 49 67 120 82 78 61 56 60 132 147 147 146 145 143 143 143 143 143 143 143 143 144 137 83 66 76 55 99 146 143 144 143 143 142 142 141 139 139 138 138 136 134 133 132 131 131 129 127 126 123 122 122 119 116 114 112 109 108 105 104 101 105 104 97 95 94 92
20 116 133 135 137 141 144 147 148 149 150 151 153 156 162 166 166 167 168 169 168 171 173 173 172 169 171 172 173 103 57 46 41 41 30 33 68 116 68 47 66 60 44 37 42 57 56 46 50 63 38 71 68 54 52 55 43 51 46 46 47 44 45 76 64 54 54 55 60 109 86 104 124 133 147 144 144 144 143 145 144 142 144 144 94 44 39 59 82 131 144 143 143 143 142 141 142 140 139 138 137 136 135 135 134 133 131 130 128 126 125 123 122 120 117 115 114 111 109 107 104 101 102 101 98 95 95 92
21 119 136 136 141 145 147 149 150 150 151 154 158 162 168 168 169 170 170 171 170 171 174 174 173 171 171 176 150 44 54 60 32 30 32 20 57 93 116 77 46 35 30 33 66 52 60 65 60 55 66 62 57 54 59 38 36 64 81 57 39 44 46 57 55 50 47 52 55 50 34 57 57 78 136 146 144 145 145 145 145 145 147 140 76 56 91 81 50 73 143 144 143 145 144 143 143 140 140 139 138 137 135 134 134 133 132 131 129 128 126 124 122 121 120 117 114 112 110 108 106 104 102 100 98 96 95 93
20 120 137 139 143 144 145 149 150 152 155 156 161 165 168 169 170 170 171 173 172 171 173 173 173 172 174 162 84 36 64 81 38 43 38 21 45 90 73 69 65 48 40 53 78 58 62 52 40 32 50 51 61 57 58 46 51 67 59 51 57 63 55 60 71 79 66 44 37 44 34 31 48 63 103 150 149 145 142 147 148 124 87 79 57 105 107 79 45 48 139 146 144 146 145 144 143 141 140 139 137 136 137 135 134 133 133 131 129 128 126 125 124 122 120 118 115 112 111 109 107 104 102 101 98 97 94 95
21 121 138 139 142 144 145 147 148 150 156 158 163 164 165 167 169 172 173 173 173 173 174 175 175 173 174 130 64 73 76 58 49 65 84 41 46 71 66 61 59 52 45 49 52 44 57 83 71 47 59 66 66 64 52 55 80 56 32 44 37 41 55 55 55 56 61 59 36 28 21 21 35 49 90 144 124 100 100 153 149 78 41 59 107 123 76 63 53 44 131 148 143 145 146 145 143 143 141 140 140 138 137 136 135 134 133 132 131 129 127 126 125 123 119 119 116 113 111 110 108 106 105 102 109 106 97 95
22 122 138 140 140 141 141 145 148 150 153 157 160 162 164 166 168 172 174 175 175 174 176 175 173 172 168 92 93 80 57 81 67 60 67 72 77 67 53 34 47 55 52 54 45 47 52 77 65 62 65 61 60 63 51 33 58 66 50 32 29 40 56 50 37 36 48 57 40 23 21 21 35 64 60 80 59 56 75 123 97 50 34 54 76 64 39 35 39 37 119 150 146 145 145 146 144 143 142 141 140 140 139 138 137 136 134 134 132 130 129 127 125 123 121 119 117 114 113 116 117 114 117 118 119 114 106 104
21 119 136 138 138 136 137 142 144 146 151 157 156 157 161 164 165 171 175 176 175 173 174 175 172 170 163 135 100 77 60 62 97 70 45 54 53 48 44 43 47 43 51 49 38 42 47 57 41 36 48 58 68 67 44 46 28 35 59 38 30 47 33 38 31 36 44 34 41 37 61 30 29 34 48 45 34 58 78 92 60 37 43 58 72 60 55 50 83 80 110 150 146 148 147 146 146 144 144 143 141 140 139 138 138 138 136 134 133 130 129 127 126 125 121 120 118 118 124 126 126 126 127 130 128 123 113 110
20 117 135 134 135 133 133 139 140 144 150 155 152 155 158 159 164 169 172 173 170 169 169 171 171 169 167 163 153 130 113 77 111 111 58 53 52 57 53 63 52 58 46 42 42 38 48 51 44 28 33 46 66 72 69 44 34 20 33 36 36 31 33 35 26 27 54 41 41 40 59 40 30 33 33 27 38 43 50 71 89 97 132 127 130 64 44 56 111 128 153 106 75 96 142 149 150 147 144 143 144 141 141 140 141 139 138 135 134 131 130 129 128 125 123 122 121 126 131 133 130 132 131 132 130 124 121 116
20 116 133 134 136 136 135 136 138 143 152 153 151 152 152 157 163 167 169 170 165 162 165 167 167 160 146 145 160 126 94 91 108 106 61 76 80 47 53 58 58 48 43 54 68 74 53 57 27 28 25 32 41 43 48 27 47 33 38 70 56 34 32 37 26 30 50 42 48 54 52 70 34 36 30 32 34 28 33 40 104 98 134 128 129 63 56 27 93 155 114 63 61 58 94 147 112 102 134 147 145 143 141 145 120 129 138 137 134 133 131 129 128 126 124 122 127 133 134 136 138 140 138 133 129 126 123 120
21 114 133 133 133 134 134 136 138 141 146 148 149 151 149 154 158 164 167 167 161 159 160 164 163 158 139 165 141 112 95 59 122 93 70 112 79 44 65 58 44 56 52 52 52 44 54 32 26 24 35 37 35 35 36 44 53 64 68 53 42 42 29 37 38 38 36 50 49 32 44 50 51 19 20 18 25 26 33 50 55 80 103 60 60 60 60 46 30 108 95 35 76 54 51 84 52 55 124 143 99 129 146 94 69 126 140 137 135 133 132 130 130 127 125 125 132 138 141 144 144 145 143 139 136 132 125 123
21 111 129 130 131 132 132 135 137 141 144 144 147 146 145 150 155 159 163 166 163 163 161 163 163 158 165 172 154 96 141 119 126 74 47 73 76 77 59 52 44 54 44 47 29 49 71 45 40 40 45 23 39 51 23 57 57 45 62 33 29 21 37 41 46 66 54 53 55 36 36 53 33 20 22 21 34 28 27 46 62 80 76 34 43 44 59 59 41 68 51 59 62 79 57 52 31 36 113 126 59 92 96 44 47 124 141 138 136 135 133 132 131 128 127 128 138 145 149 151 148 147 145 143 139 136 129 126
20 109 127 128 131 130 132 134 138 141 146 143 145 142 144 151 152 157 162 165 162 165 165 165 163 158 165 143 84 85 95 143 124 61 41 34 76 112 62 41 42 46 58 45 46 45 42 36 47 49 29 32 33 39 49 40 35 46 57 34 26 24 20 47 55 27 50 52 40 26 36 51 38 24 26 27 47 28 32 37 37 54 45 52 53 43 33 55 53 40 45 49 67 58 39 34 37 21 92 116 50 51 41 38 71 137 141 139 137 136 137 136 140 143 143 141 153 154 153 153 152 150 147 144 141 138 132 128
21 109 128 129 130 129 131 135 139 141 149 146 143 142 146 149 153 159 164 166 163 165 163 163 163 161 156 113 89 77 96 124 87 47 71 61 75 87 75 58 49 53 59 55 111 63 50 50 35 53 41 46 51 59 69 39 52 50 46 44 39 26 23 74 58 57 34 39 58 32 25 50 49 37 34 30 30 34 52 34 41 54 74 48 39 34 39 47 44 50 52 42 38 55 31 21 35 30 48 65 27 33 27 42 128 146 141 140 139 136 140 149 148 137 161 157 159 159 157 156 154 152 149 145 142 140 137 133
19 111 131 131 130 128 133 137 141 142 148 149 147 146 148 149 155 161 163 166 165 164 164 164 161 159 148 120 135 108 111 108 105 62 82 101 110 111 60 81 96 74 22 53 107 71 68 70 58 53 37 45 55 111 107 66 33 37 24 38 36 32 33 53 29 55 47 45 48 57 46 31 33 53 73 51 33 34 37 47 59 53 67 41 38 51 45 51 51 50 42 20 35 38 27 23 23 27 41 43 37 34 32 45 139 145 142 143 145 123 128 172 117 120 170 165 164 163 162 160 157 154 153 147 146 142 139 135
18 111 133 131 132 129 131 134 137 143 146 151 152 149 151 156 155 159 165 164 164 167 165 164 157 159 142 150 154 159 134 120 135 133 143 153 133 114 81 112 134 94 57 34 84 78 54 48 30 31 53 60 83 123 127 76 27 33 25 25 40 63 74 40 38 88 35 45 63 37 37 63 39 36 75 76 26 27 26 41 64 54 32 30 39 42 47 60 51 51 40 26 39 40 35 23 30 38 44 27 42 41 29 48 137 148 148 158 162 105 82 140 73 141 174 170 168 169 167 166 161 157 155 152 146 143 141 139
18 110 134 132 134 129 132 132 133 135 143 149 153 154 153 158 158 159 165 161 164 169 166 166 160 160 159 160 167 143 125 106 118 170 153 150 112 132 138 117 88 75 103 64 68 33 75 62 35 37 82 80 60 70 57 52 39 36 43 27 37 18 64 65 53 109 57 30 44 48 18 29 44 47 40 32 19 24 23 24 29 29 19 26 32 29 40 46 40 43 47 43 40 54 38 37 31 32 23 26 41 41 38 40 96 154 157 173 116 53 37 43 117 137 174 174 171 172 171 168 166 163 160 154 150 146 143 144
18 110 131 132 132 131 132 130 129 131 138 145 151 156 155 156 157 158 162 160 164 167 166 167 166 163 165 164 167 168 166 168 165 175 158 121 98 94 97 89 101 80 108 63 49 81 84 46 33 64 73 73 65 61 65 41 43 83 107 35 24 24 24 27 32 92 66 39 46 23 19 21 27 32 31 24 20 20 22 20 30 19 24 28 43 39 45 54 45 42 43 38 30 52 47 44 40 33 21 37 24 23 34 40 75 157 166 182 121 45 35 57 117 124 148 179 172 172 171 169 167 165 162 157 152 150 147 146
18 106 125 127 130 129 128 128 129 134 136 140 149 156 157 157 154 157 160 159 165 163 166 167 168 171 172 172 175 177 178 180 177 176 154 119 125 77 60 78 82 100 126 79 81 172 86 52 65 105 122 80 77 80 71 30 59 128 76 35 23 27 24 31 74 53 70 41 64 31 17 20 31 24 26 23 19 19 27 22 21 22 33 39 55 67 55 53 48 55 56 34 26 38 29 33 35 36 25 28 24 23 32 37 45 133 167 166 80 39 29 57 68 62 133 182 174 173 172 168 166 166 164 160 156 154 150 147
18 104 125 125 129 128 125 127 131 134 134 137 146 154 158 158 156 158 158 157 162 166 167 168 168 173 178 181 182 182 179 180 182 175 164 153 149 119 109 94 101 130 143 126 39 130 94 109 152 116 75 55 84 77 42 8 72 116 55 45 27 32 28 26 71 88 44 25 67 33 23 23 20 22 22 20 18 19 22 35 31 28 29 48 59 48 53 64 34 45 52 60 56 34 27 29 38 33 32 35 22 23 24 30 32 56 55 53 54 52 44 32 33 77 151 181 174 175 173 168 166 162 160 158 157 154 149 146
18 105 129 131 132 133 131 130 132 131 132 133 146 156 162 164 160 159 158 159 161 162 165 165 167 174 181 185 187 188 186 185 183 175 175 167 165 160 145 149 145 162 168 170 58 108 161 171 134 91 35 87 115 87 93 67 42 101 75 51 32 27 28 23 59 81 35 23 37 30 27 22 20 24 22 24 21 19 29 48 43 28 42 46 46 81 73 51 30 39 39 69 41 35 33 36 37 35 35 32 23 25 30 41 41 32 15 37 40 48 44 50 56 51 87 165 173 174 171 168 166 159 153 152 151 148 143 142
18 109 134 135 137 138 135 135 136 130 134 134 144 155 164 168 165 158 158 160 159 158 163 168 171 177 183 188 191 193 192 191 190 187 186 179 169 170 170 170 167 166 166 171 120 56 172 136 77 47 50 53 29 85 182 192 58 70 54 31 26 26 19 26 85 89 14 22 35 31 23 22 24 27 21 22 21 21 43 107 63 36 33 37 39 55 91 34 42 32 34 44 37 46 38 35 38 53 65 48 38 27 46 36 36 40 38 53 34 44 20 25 43 90 81 125 165 160 164 166 162 148 137 138 140 141 136 136
19 111 137 137 137 137 137 136 139 136 135 134 141 152 162 169 167 158 156 160 159 158 167 175 177 181 187 192 195 196 196 197 196 195 191 192 191 190 185 177 170 167 167 168 167 66 130 84 76 107 56 74 62 95 111 198 85 37 76 48 27 29 33 44 84 75 35 68 40 36 39 27 24 29 30 23 23 20 37 101 71 33 35 35 38 31 23 35 54 54 42 48 43 38 37 34 28 52 66 55 59 47 39 29 34 35 48 84 75 58 43 41 37 117 156 158 152 144 151 153 143 133 129 125 129 130 125 127
18 106 134 138 134 129 130 136 142 136 135 134 141 153 160 165 165 158 156 159 163 168 178 181 182 185 190 194 197 198 199 200 200 199 197 197 199 200 197 187 177 171 170 179 203 129 93 164 100 115 151 158 103 191 176 187 102 29 40 78 60 54 35 68 52 33 72 71 33 37 51 56 52 26 38 24 26 33 43 96 37 21 25 42 48 39 34 27 24 80 76 34 34 59 44 42 53 42 52 49 52 65 50 46 38 38 39 49 60 50 52 25 23 61 115 125 149 139 139 144 135 137 135 122 124 123 118 115
20 104 125 130 126 128 128 140 143 135 133 130 138 150 153 159 161 156 153 156 162 175 180 181 186 187 193 195 198 201 201 201 199 200 200 202 203 202 194 186 180 175 181 197 218 186 95 212 195 158 172 77 113 176 222 200 105 49 75 113 113 74 43 31 23 29 35 20 36 74 91 90 47 31 49 39 63 70 25 30 33 28 49 50 85 71 47 48 26 55 48 27 31 51 50 56 94 63 66 48 52 72 70 89 83 51 47 46 43 51 55 28 32 33 58 74 98 136 139 140 147 151 136 131 125 118 116 118
22 106 121 121 120 123 130 140 143 134 130 131 135 144 147 153 155 151 150 154 163 175 177 178 183 186 191 195 197 200 200 200 198 197 200 203 204 197 184 178 177 179 189 206 225 222 92 184 148 135 87 46 157 175 190 160 118 52 135 163 59 54 34 23 24 23 35 108 76 124 114 87 73 73 82 99 96 81 47 61 36 24 58 71 65 57 60 64 32 58 45 33 84 87 54 78 68 62 59 41 40 44 66 118 110 71 63 45 34 42 71 50 55 75 84 115 96 133 136 145 162 155 146 145 127 116 119 142
22 108 118 116 118 119 128 139 143 139 129 131 135 143 146 146 147 148 147 158 166 171 176 180 182 184 185 191 194 195 195 192 193 197 200 203 197 184 177 176 175 180 198 221 233 244 111 178 156 126 78 51 69 95 87 170 174 122 48 88 120 82 30 26 42 26 47 162 159 102 142 116 72 102 92 94 87 85 57 131 132 68 45 44 43 110 82 86 33 29 44 49 117 83 57 50 47 53 38 37 39 33 34 45 69 131 75 39 36 29 32 45 64 79 74 133 144 137 134 152 162 150 144 137 125 119 131 154
21 103 114 111 115 122 131 134 136 134 127 129 136 142 142 141 141 147 149 159 169 172 175 178 178 179 185 189 189 188 195 194 194 195 197 195 181 174 173 173 173 194 219 232 240 248 123 113 173 87 70 73 109 78 117 131 217 123 25 76 114 65 80 30 94 48 39 103 175 131 130 144 114 108 101 151 127 143 87 140 214 131 107 95 87 48 104 70 98 95 78 43 75 55 48 65 39 40 38 37 39 32 35 28 33 94 56 48 40 30 40 51 65 67 93 137 140 136 138 156 155 153 154 149 138 134 148 155
22 100 110 110 115 122 126 127 131 128 126 128 139 137 135 138 141 148 153 158 167 169 170 172 172 183 202 202 201 190 187 190 187 189 189 179 171 172 172 173 183 215 230 240 241 247 188 83 248 150 45 154 150 112 163 233 220 103 35 171 171 141 91 33 33 35 45 50 131 169 105 74 140 153 131 148 182 168 201 212 219 201 189 142 115 54 35 87 139 91 84 68 63 106 116 78 50 46 39 50 69 60 36 33 28 80 52 68 56 46 39 47 42 63 54 96 145 144 151 160 164 164 163 158 156 155 155 156
22 96 107 108 112 115 118 126 126 127 126 128 136 135 134 138 143 148 150 159 162 159 162 166 165 192 212 213 214 204 176 174 174 176 175 168 169 172 180 192 211 227 238 243 240 243 222 87 189 160 159 89 142 142 200 238 188 93 20 154 209 165 115 78 37 30 24 35 86 157 150 120 135 180 188 117 192 230 229 221 217 215 213 202 170 74 114 157 134 180 200 138 74 135 136 55 50 56 46 40 49 48 35 41 52 60 54 79 80 61 39 55 57 52 73 137 151 154 162 168 171 167 163 160 159 159 164 130
22 97 105 108 109 112 116 121 122 124 126 129 134 134 134 138 141 146 150 156 157 155 159 162 178 198 215 219 220 207 171 166 167 167 167 167 171 184 209 215 219 232 242 245 237 236 246 118 155 223 250 227 105 192 187 173 124 158 83 78 141 151 114 103 86 20 25 89 91 131 179 201 195 177 180 200 227 226 210 202 219 214 217 214 216 127 132 149 74 163 171 174 120 95 164 112 36 52 55 43 83 64 47 39 45 61 70 73 68 59 45 93 136 86 101 147 156 160 169 171 170 164 164 162 160 158 150 160
22 97 104 105 108 110 113 116 119 121 125 129 132 133 133 137 140 147 148 153 156 161 169 181 207 212 219 222 222 219 200 169 165 166 166 172 198 211 223 220 227 238 244 241 235 241 252 159 79 234 250 254 199 105 125 162 196 241 176 53 182 175 140 67 101 38 63 87 139 199 216 207 224 211 182 177 200 138 99 89 208 219 214 207 204 163 75 195 162 170 154 204 173 116 204 186 105 60 52 62 128 71 71 54 77 53 88 71 36 35 65 55 158 99 156 156 165 169 169 170 169 166 165 164 162 158 127 120
22 94 104 104 107 108 112 115 118 121 126 129 129 132 134 136 140 144 147 150 167 190 200 209 216 221 225 228 224 219 221 187 165 166 168 193 215 225 231 224 234 241 238 238 240 244 248 242 78 114 254 248 252 114 184 223 182 214 214 88 129 217 173 116 88 90 55 102 161 166 203 208 238 144 65 100 105 24 22 11 80 176 209 213 214 200 89 213 205 200 202 177 112 103 167 195 179 82 52 63 57 14 32 25 50 56 48 63 49 61 78 56 123 173 171 161 170 175 170 165 170 169 167 166 164 159 123 40
22 91 103 103 105 108 111 114 118 121 123 126 130 129 132 137 143 154 164 154 181 203 207 213 219 223 228 232 228 220 219 207 174 166 179 213 223 230 228 228 239 241 234 232 240 245 247 253 205 48 149 255 229 145 131 122 141 173 213 154 54 145 205 176 164 154 60 171 159 201 221 240 163 20 20 31 73 113 81 25 18 24 66 105 140 126 61 200 197 196 127 80 144 128 81 62 76 72 63 44 44 25 27 28 42 109 46 37 72 83 135 135 109 149 171 167 178 182 175 166 165 168 170 172 173 146 128 107
23 92 102 103 104 107 111 114 117 119 123 129 151 147 156 152 155 178 192 174 189 206 211 216 223 225 228 232 230 225 218 212 183 166 195 222 229 235 227 232 242 240 233 237 242 245 247 247 255 158 28 133 126 118 106 92 158 173 199 210 104 37 127 208 214 212 76 178 204 205 213 196 43 63 189 168 181 211 196 135 148 96 46 31 25 35 20 50 57 49 66 201 219 219 199 142 77 64 26 54 48 33 37 58 89 41 53 78 51 85 135 110 70 130 167 185 186 184 175 170 165 170 175 136 128 150 107 49
23 91 101 101 104 106 109 114 117 119 121 136 167 173 177 175 182 197 206 200 201 212 220 223 226 229 231 231 232 229 220 211 206 180 210 228 234 228 221 226 239 235 235 242 245 246 248 247 248 250 118 32 75 124 154 119 89 162 228 226 215 98 79 134 224 225 102 165 210 206 210 91 26 173 228 229 226 241 217 186 220 231 219 206 178 137 147 152 161 184 184 212 216 210 212 219 205 162 53 40 51 54 31 50 112 62 44 99 137 101 134 67 35 99 84 121 196 182 174 172 170 174 179 91 94 98 43 20
24 92 100 101 104 106 110 112 115 118 123 151 178 182 186 191 200 207 210 206 210 219 226 227 228 231 231 234 233 230 221 216 211 207 219 230 232 219 223 226 232 232 237 243 245 246 247 248 247 250 241 152 49 65 146 94 54 62 154 234 236 220 123 71 192 240 119 150 222 210 123 29 110 217 210 221 232 226 115 40 108 127 168 205 224 244 237 231 230 223 225 224 219 213 215 215 216 214 149 89 41 132 92 31 77 85 85 103 119 67 97 72 46 128 60 126 174 186 185 186 173 183 164 69 43 33 31 27
24 92 100 101 105 107 109 112 116 118 147 173 186 192 196 201 208 211 208 210 217 225 229 231 232 233 233 236 232 229 225 218 218 220 223 232 225 222 226 227 226 229 236 244 246 247 247 247 248 245 243 243 207 95 41 59 84 94 89 113 236 246 243 123 142 230 79 112 206 103 35 119 207 213 212 154 142 69 21 18 12 19 45 109 204 209 231 232 220 228 230 230 221 220 221 224 222 222 170 66 51 146 115 72 55 100 117 137 113 74 43 35 30 53 72 72 54 151 142 122 61 89 85 29 33 36 27 23
24 91 99 100 103 107 109 112 114 124 165 181 191 200 204 208 214 215 212 218 222 229 231 234 233 234 236 235 231 228 225 221 223 217 215 223 222 227 228 229 228 229 232 237 246 246 246 247 242 238 237 233 238 242 174 70 57 131 195 53 126 183 191 134 105 190 76 58 80 28 40 99 162 185 116 47 22 12 25 37 24 15 37 46 82 70 113 105 71 165 215 234 230 228 231 234 229 228 193 129 88 133 127 66 66 82 168 164 120 75 29 20 30 33 37 33 22 92 83 27 30 21 32 34 28 32 24 23
24 92 99 100 103 106 109 111 115 140 173 183 197 203 208 214 216 215 216 223 227 230 233 235 235 235 236 234 232 230 226 224 224 215 216 220 228 230 229 231 233 233 232 233 239 243 240 236 232 231 235 237 238 239 246 235 111 60 184 92 34 23 32 28 91 167 144 48 27 19 23 20 87 54 33 29 19 18 22 23 21 19 39 19 19 24 12 12 14 62 110 214 245 239 242 238 237 234 161 175 145 127 71 51 51 101 163 156 130 122 57 22 26 38 41 33 28 29 38 35 42 36 33 30 27 28 23 20
24 93 101 102 102 106 108 111 131 160 175 186 199 206 212 217 213 214 223 227 231 232 234 236 235 236 234 230 232 233 228 224 224 218 219 225 231 232 233 235 227 225 228 229 230 228 230 231 233 237 237 240 241 241 242 244 240 101 92 197 208 144 118 115 22 75 92 34 21 18 21 21 25 27 25 19 17 18 17 17 17 32 71 21 27 13 17 19 20 14 49 110 204 244 185 220 244 239 228 244 157 83 109 84 110 70 164 115 127 84 45 26 31 38 30 32 38 37 34 37 41 33 25 24 30 29 25 19
24 91 100 100 103 106 108 111 145 170 181 189 203 210 214 217 213 218 226 225 224 226 228 233 235 233 220 218 228 234 230 225 225 224 223 229 234 234 236 234 221 217 219 220 222 226 233 236 237 240 241 243 242 243 244 243 247 201 61 128 216 250 246 248 95 15 37 27 27 19 19 50 27 21 19 18 18 17 17 19 46 47 31 24 37 96 30 21 18 18 33 35 110 179 195 242 244 241 238 247 147 73 128 169 78 80 188 123 116 35 23 35 28 31 37 41 40 34 37 30 25 25 19 24 24 21 21 22
23 90 98 99 102 105 107 114 152 175 183 192 205 212 216 216 214 221 225 214 208 210 215 219 222 220 216 221 222 229 234 226 226 228 228 232 231 229 231 229 223 218 218 218 218 227 235 239 241 242 244 243 242 243 245 244 243 239 167 90 88 204 234 229 187 26 28 17 26 47 55 82 26 20 31 21 48 47 26 29 60 40 14 32 74 100 68 38 26 24 22 33 45 93 222 233 233 230 226 207 92 122 130 101 113 102 169 171 50 23 23 23 25 24 36 32 28 25 29 22 32 29 19 21 20 19 22 20
24 90 97 99 101 104 106 129 161 175 186 195 206 213 215 211 216 223 221 210 208 211 211 209 214 216 220 222 222 225 228 226 228 228 229 228 217 212 213 215 214 213 211 207 209 215 219 233 239 238 231 227 235 242 245 244 238 230 236 170 87 143 189 214 218 71 11 21 40 56 59 35 42 49 41 43 75 123 66 49 40 37 19 59 96 83 136 126 56 29 42 45 33 51 125 211 225 226 228 197 55 66 55 66 117 146 130 95 26 18 21 17 18 21 33 31 28 21 26 30 36 37 25 27 22 19 18 18
25 90 98 100 100 103 109 141 165 176 187 196 205 212 205 208 219 224 212 210 213 216 212 212 216 219 221 222 223 224 224 226 229 228 229 219 210 209 210 208 207 206 201 199 199 199 200 219 227 222 208 195 205 236 245 242 234 227 223 228 182 106 112 169 215 136 13 40 159 94 54 102 98 88 80 70 64 75 89 57 50 38 26 24 69 82 90 121 49 17 29 37 53 53 60 164 196 211 237 194 47 104 79 44 97 82 54 29 22 25 30 17 18 19 27 25 17 30 28 29 30 34 22 20 18 18 18 18
24 90 102 112 107 107 111 144 167 178 188 195 202 201 197 210 219 209 205 207 210 212 209 210 218 220 222 223 223 220 219 221 225 229 223 212 209 212 211 204 206 202 196 189 193 188 185 194 202 211 194 183 190 228 246 239 230 228 226 224 231 176 79 93 202 186 49 32 144 100 90 42 55 58 93 99 117 70 65 60 51 59 31 37 73 124 44 67 97 79 76 84 66 53 47 46 100 90 160 107 33 51 46 65 42 22 31 30 26 27 30 29 20 23 31 33 45 45 40 32 31 32 22 20 20 19 17 16
25 92 112 125 126 128 131 145 159 175 186 196 197 192 197 208 209 201 205 202 204 208 208 211 219 222 223 221 219 221 220 222 224 226 215 207 211 211 207 203 205 195 181 176 180 178 177 185 194 195 183 181 189 217 244 239 229 230 229 225 225 226 169 48 133 205 75 23 23 26 27 59 61 42 62 47 45 33 23 25 27 42 44 55 55 52 48 50 96 115 98 84 68 60 74 79 77 49 62 81 142 145 130 114 74 39 35 28 26 27 33 35 33 29 30 51 39 33 35 36 35 28 19 18 18 20 20 17
25 104 125 128 129 134 136 141 146 159 172 192 194 191 190 198 201 203 207 205 203 210 209 211 216 218 218 215 215 221 225 224 224 220 210 205 209 207 203 206 202 183 173 174 176 174 172 175 185 181 174 176 187 206 232 242 225 221 224 223 226 225 200 69 64 186 113 15 21 33 91 68 41 75 150 115 71 35 25 22 18 17 20 16 31 47 22 32 48 48 55 55 56 49 51 78 97 64 81 210 184 180 203 116 44 26 35 36 29 35 35 39 37 38 43 54 48 38 32 41 45 23 23 18 20 30 24 19
28 115 127 131 132 132 135 138 142 144 150 166 184 185 182 183 189 203 203 207 206 206 208 214 217 215 208 208 213 218 222 222 222 212 207 204 203 202 201 199 192 176 172 174 173 170 172 176 183 181 179 177 187 195 215 242 229 221 223 222 226 228 220 154 52 113 171 18 16 72 156 86 34 92 154 146 97 35 20 24 91 42 17 39 76 53 66 60 59 62 65 61 54 57 56 31 64 51 77 185 172 184 148 69 28 28 34 28 28 28 29 34 41 46 53 41 36 31 49 40 30 25 26 19 30 27 20 18
29 119 129 132 133 134 136 138 140 144 147 152 163 172 173 178 187 195 199 208 204 201 207 213 213 209 205 203 206 211 213 216 216 209 205 204 199 198 193 184 177 170 172 171 169 170 174 182 193 190 191 188 187 184 202 239 239 228 227 229 230 235 219 206 106 58 177 54 14 62 166 99 118 161 129 161 102 37 23 27 104 106 32 72 41 47 94 51 51 45 38 26 34 51 56 57 61 111 83 218 185 123 50 28 27 24 34 28 27 32 29 24 26 38 33 28 34 33 38 42 35 28 20 21 35 33 20 19
30 122 132 133 134 135 136 137 140 141 145 150 155 161 164 172 182 187 197 202 200 201 206 211 208 204 202 205 202 203 202 209 210 207 205 203 196 196 187 175 172 169 171 169 168 170 175 190 202 196 189 190 185 192 216 236 243 237 228 229 230 228 212 200 175 69 100 88 11 54 173 129 95 159 170 99 37 31 128 37 130 207 94 48 73 58 35 69 56 21 21 19 25 29 31 38 27 63 121 226 114 85 41 33 33 32 27 26 25 19 25 39 43 35 19 24 34 46 48 47 43 34 22 31 27 30 20 18
32 125 132 134 136 136 137 138 139 141 144 150 156 158 164 166 172 177 190 195 199 200 206 209 207 203 201 202 200 199 200 202 205 204 202 200 195 194 183 170 171 167 169 169 167 168 171 180 185 181 185 198 190 194 214 233 242 243 237 228 227 215 196 187 200 120 70 57 16 31 192 162 86 95 83 33 12 69 223 91 95 186 173 51 120 166 143 39 33 39 48 43 32 19 17 22 38 15 107 188 68 54 32 33 38 36 30 21 22 22 40 46 49 36 19 18 36 54 44 42 37 40 36 20 18 18 18 16
33 127 134 135 135 136 136 137 140 141 144 153 157 159 164 166 172 177 182 191 197 197 201 203 205 202 200 200 199 199 200 200 199 198 200 196 188 186 179 169 167 166 168 168 166 168 169 171 171 172 181 191 196 205 206 229 242 244 242 234 223 199 183 182 186 177 99 71 20 15 121 151 72 45 39 27 21 165 202 169 43 161 221 145 85 135 88 49 37 21 29 72 32 40 52 55 61 31 64 37 55 42 30 27 27 40 39 32 16 36 51 42 39 39 34 32 39 35 35 26 45 44 41 17 18 18 17 16
36 129 133 135 136 137 136 137 140 143 145 154 160 163 167 170 174 180 178 183 192 193 199 202 201 200 200 200 199 198 200 201 198 196 196 190 182 179 176 169 167 167 167 167 166 166 166 165 167 167 170 175 183 204 208 216 240 235 233 225 205 193 179 177 176 183 155 68 21 16 23 43 21 33 16 45 124 162 149 170 48 63 200 196 86 46 35 35 62 35 22 31 55 46 76 76 91 125 86 46 56 51 31 28 34 43 53 41 37 40 54 34 34 37 40 45 37 24 29 38 53 35 29 17 18 20 17 17
35 128 133 135 135 136 137 138 140 145 147 150 156 166 175 175 175 177 174 176 189 191 197 200 197 198 198 199 197 198 199 199 198 194 189 183 180 176 172 168 166 167 165 165 164 163 163 162 164 163 163 166 170 186 201 196 223 213 210 194 184 196 183 177 176 177 188 88 14 17 20 23 13 37 120 195 176 206 146 90 80 15 47 41 65 36 35 35 66 52 28 65 75 51 64 46 35 60 47 28 41 53 67 55 46 37 39 42 46 43 45 29 42 41 40 38 32 28 27 28 43 34 21 18 18 17 17 16
35 129 133 133 134 135 136 137 143 146 149 153 157 172 172 175 173 172 172 175 187 191 194 195 193 195 196 196 195 197 197 198 197 192 185 181 179 176 173 170 167 165 165 163 163 161 161 160 160 159 161 164 166 172 180 181 187 189 195 182 176 180 179 178 176 178 185 134 18 17 14 42 132 186 202 198 116 91 139 78 92 86 19 32 22 22 39 25 63 75 29 24 22 13 13 16 16 22 32 23 26 52 96 72 57 59 46 35 42 32 38 37 44 28 28 38 38 30 30 35 39 26 31 22 17 19 16 19
36 129 131 131 133 135 134 136 142 147 151 154 157 168 166 172 168 172 172 170 178 185 191 190 191 192 194 193 192 192 192 193 193 193 186 180 176 176 173 171 168 167 166 166 164 160 159 159 159 159 161 161 161 164 169 171 171 172 179 170 170 173 174 176 176 176 181 169 34 17 18 155 202 192 191 155 73 80 89 51 103 128 77 39 33 21 32 17 23 76 35 41 16 18 16 17 18 20 32 21 27 47 58 65 51 58 45 31 30 26 36 35 34 30 29 30 34 32 26 33 41 27 23 19 21 18 17 21
35 119 129 130 131 131 133 135 138 143 146 145 148 152 158 167 165 172 168 169 168 177 187 188 188 188 190 188 189 189 187 190 192 192 184 179 177 177 176 172 170 168 166 166 165 162 159 159 159 159 159 160 159 160 163 164 165 169 170 163 164 167 171 173 175 175 178 185 73 15 19 159 191 191 167 93 86 137 79 48 98 60 38 23 27 17 18 20 17 31 24 26 31 33 29 18 18 19 24 19 23 25 44 58 52 39 38 25 28 33 42 40 40 28 34 33 27 29 31 32 31 30 27 16 20 19 16 17
35 122 126 127 128 130 130 133 135 138 139 140 146 147 152 157 161 169 168 171 169 176 184 187 187 186 185 184 184 183 182 187 189 189 185 180 179 180 176 175 171 168 168 167 166 163 160 159 159 159 158 158 157 157 158 159 161 164 163 161 161 161 166 169 171 173 176 185 115 13 12 113 189 187 189 131 97 48 58 36 25 22 21 22 21 20 19 19 17 28 19 25 27 23 44 27 16 22 21 26 21 16 30 42 36 44 36 27 40 48 40 43 41 39 35 31 32 26 28 35 24 27 22 17 17 17 17 17
34 120 124 125 126 126 127 130 131 134 136 138 143 145 149 153 158 165 171 173 173 175 182 184 183 184 183 183 180 177 178 182 186 189 189 183 183 181 177 174 171 171 170 169 168 166 161 160 160 160 158 158 156 156 156 156 157 158 157 159 159 159 161 165 168 171 173 181 137 15 13 54 183 189 179 112 148 49 42 28 30 22 22 25 22 19 18 17 18 16 19 16 19 17 21 31 18 18 29 29 20 25 33 43 36 36 29 41 43 44 43 40 39 38 32 27 35 29 20 30 26 28 25 30 23 16 20 27
33 116 121 122 123 124 125 127 129 130 133 135 141 145 147 150 155 162 171 174 177 176 178 180 179 180 181 180 176 174 176 180 182 187 188 189 185 180 178 176 172 172 172 172 171 166 163 160 160 160 158 157 156 157 155 155 154 155 156 158 158 158 159 163 165 168 172 177 161 33 15 23 159 164 162 82 90 67 47 39 38 25 21 23 29 19 17 17 18 21 19 17 17 17 17 26 24 17 25 40 34 37 36 36 33 30 34 31 35 39 34 24 32 30 32 29 28 20 22 23 26 29 23 25 17 19 25 25
34 115 118 119 121 121 122 125 127 128 132 133 136 144 151 151 153 161 171 175 175 178 176 177 176 177 176 174 173 173 176 178 181 188 189 186 184 180 180 174 173 174 173 172 173 170 168 165 160 159 157 157 156 155 156 155 153 154 156 155 157 158 158 161 163 165 169 172 169 86 16 15 97 151 117 80 85 81 51 32 27 20 16 15 20 17 17 25 20 22 17 17 17 17 17 16 18 17 23 32 34 40 44 41 37 34 29 31 37 41 33 40 37 32 27 31 29 20 20 26 27 25 22 24 26 24 25 18
34 112 115 115 118 119 121 123 125 127 130 130 132 138 150 156 157 162 170 171 173 176 174 174 173 173 172 170 171 174 175 176 179 183 186 182 181 180 180 173 173 174 174 173 173 172 171 168 161 158 157 158 156 157 157 156 155 155 154 154 155 153 146 145 156 163 166 163 160 143 29 19 47 131 100 83 73 51 16 19 18 18 18 17 17 17 18 25 18 19 17 22 17 17 17 17 18 17 18 26 37 43 45 34 30 25 29 31 33 36 35 39 42 34 22 30 30 26 23 27 25 24 24 24 27 26 21 19
34 108 112 113 115 117 119 122 123 125 127 129 132 138 146 153 157 161 168 170 172 171 170 171 168 167 167 167 166 170 172 171 175 178 180 179 180 181 179 174 172 172 172 173 173 174 174 168 161 158 159 158 159 158 157 158 157 156 154 154 151 149 138 145 153 160 166 156 159 150 36 20 26 107 88 75 58 27 24 20 18 17 16 18 18 17 17 19 17 18 19 20 27 22 17 17 17 17 19 31 45 44 45 30 23 24 26 33 32 29 37 30 34 34 34 35 28 27 31 34 31 26 21 19 20 22 20 23
33 104 107 110 113 116 117 121 122 123 126 129 131 134 141 148 154 158 163 162 166 167 166 162 162 162 162 163 163 164 167 168 170 173 174 172 174 176 177 173 170 171 172 173 173 174 174 170 164 159 158 156 158 158 160 163 160 158 155 151 147 148 140 150 154 155 142 144 126 137 55 18 15 62 93 75 48 21 35 39 22 20 27 19 19 18 17 16 17 21 45 28 25 21 19 17 17 16 18 33 36 31 27 45 29 18 36 27 20 24 31 34 32 32 34 24 28 23 27 27 20 29 20 19 23 22 20 20
32 101 105 109 111 115 118 120 122 124 126 129 130 132 136 144 152 155 157 155 157 161 160 160 159 160 159 161 163 162 163 162 165 167 168 168 169 171 173 172 171 171 173 173 173 173 172 172 168 163 159 157 159 160 163 166 162 160 158 154 148 122 129 149 154 143 103 105 123 136 92 16 18 27 91 67 20 17 40 32 21 19 22 18 17 17 17 17 25 19 35 32 18 17 18 20 19 17 17 36 51 49 44 38 21 23 24 24 21 35 37 26 27 29 29 27 29 27 24 25 20 22 23 24 26 23 22 16
31 99 104 107 111 115 119 123 127 129 130 131 129 131 135 142 151 154 153 153 154 155 157 158 157 157 156 157 159 159 159 159 159 163 165 167 167 167 170 170 169 171 172 172 173 173 171 172 169 167 163 160 162 154 150 161 162 160 163 146 135 104 121 129 154 132 105 115 151 132 91 27 18 14 58 36 14 18 23 22 17 17 28 21 18 17 16 28 31 26 38 38 32 18 17 20 18 17 16 18 36 43 32 33 23 21 20 22 29 42 38 31 25 34 29 26 32 36 30 31 25 21 31 21 24 24 22 18
31 97 102 106 111 114 119 122 126 132 133 134 132 133 135 141 148 151 151 152 154 155 158 157 156 155 155 156 156 157 157 157 156 160 163 164 165 165 167 168 169 170 170 170 171 171 171 171 170 167 165 165 145 135 148 134 134 161 144 150 154 122 107 109 118 92 69 72 118 152 90 41 16 17 19 18 17 22 26 18 19 22 19 22 18 17 16 21 22 18 20 22 48 27 16 17 17 16 17 17 18 23 24 26 27 19 20 20 27 36 34 31 29 28 27 26 33 31 27 23 23 29 27 21 19 23 20 17
31 96 99 104 109 114 118 120 123 131 139 139 134 134 136 141 145 148 148 149 150 152 155 155 154 155 155 154 156 155 156 158 156 157 162 163 164 161 153 166 167 168 169 169 169 169 171 172 170 170 170 168 145 157 169 149 100 151 142 141 105 91 89 85 84 84 71 57 79 112 107 72 17 17 21 26 18 17 20 24 31 24 17 23 19 16 18 20 19 18 21 18 23 27 17 17 17 16 16 18 17 18 19 22 24 21 22 18 31 30 34 31 30 27 24 30 27 31 23 23 28 28 18 22 20 21 19 19
32 96 99 102 107 111 115 119 123 129 138 138 137 136 137 141 144 145 145 146 147 151 152 152 153 152 154 155 150 154 156 157 156 157 161 159 162 134 129 168 166 167 167 167 168 169 171 170 169 172 172 163 138 138 126 127 108 91 90 103 88 99 97 88 79 51 58 70 72 78 81 83 39 16 20 27 21 18 28 20 15 17 18 23 21 17 19 26 20 17 19 16 18 18 18 17 17 17 16 19 19 18 22 19 22 28 23 25 39 33 39 28 25 32 31 27 31 28 18 27 25 20 16 20 21 24 18 20
32 95 99 101 104 107 111 114 120 126 129 134 139 139 135 140 145 144 144 144 147 150 150 151 152 154 156 153 98 77 151 155 154 156 162 122 135 87 71 136 169 167 167 168 169 170 169 169 169 172 164 154 157 94 82 74 94 82 74 80 87 87 79 95 56 55 50 50 57 68 56 57 53 21 21 26 28 18 18 17 19 19 18 26 24 20 17 25 21 18 14 17 18 19 21 20 17 16 16 18 21 22 18 17 18 28 26 37 41 37 43 46 41 34 26 33 33 30 28 27 17 17 18 18 21 20 18 19
32 92 96 99 103 106 109 112 114 121 126 133 137 139 135 138 144 144 145 146 148 147 148 148 148 155 133 82 65 46 140 155 157 143 146 94 53 47 39 85 164 168 168 169 168 170 168 168 167 169 165 134 82 42 50 53 55 79 67 61 71 67 68 67 58 61 55 52 57 56 48 47 53 37 17 24 25 19 18 16 17 18 16 19 20 21 25 32 29 33 31 18 17 17 32 33 17 17 17 17 18 26 24 24 24 32 30 26 38 37 28 40 26 22 37 35 36 25 23 19 17 16 17 19 17 16 17 17
31 90 95 97 100 104 105 107 111 115 121 127 131 136 136 138 142 144 147 147 147 148 151 127 126 143 86 36 43 40 116 156 126 84 95 69 55 35 32 70 167 166 168 168 167 170 170 167 167 166 158 78 45 61 55 51 62 73 63 59 63 70 57 51 64 61 53 55 56 44 47 47 42 24 17 26 32 19 16 17 17 17 17 17 17 17 26 30 31 50 35 17 18 18 29 19 18 17 17 18 18 16 18 26 28 24 20 23 29 28 23 27 35 29 38 32 24 26 25 16 23 20 21 21 18 16 17 17
32 88 92 95 98 101 104 105 108 111 115 121 127 132 133 135 141 143 144 144 146 148 142 73 61 68 35 27 24 24 72 121 57 41 45 65 63 43 35 46 159 168 167 167 168 158 161 167 172 113 77 46 50 69 54 64 80 62 68 66 62 57 49 48 57 56 44 48 50 47 61 44 25 18 19 25 29 25 16 16 17 16 16 17 17 17 23 24 29 37 15 31 18 18 20 17 17 17 17 18 20 21 22 30 20 20 22 17 22 24 19 22 31 38 28 20 24 24 17 17 20 22 19 17 17 17 17 17
31 86 90 93 98 102 102 104 105 108 112 118 123 126 126 129 138 139 140 145 148 147 92 29 36 33 30 26 24 22 42 71 51 41 42 48 41 35 33 47 146 165 159 160 169 158 141 174 149 60 56 51 46 67 55 71 61 54 64 54 51 48 41 44 57 52 41 41 42 41 53 39 16 17 19 20 31 22 25 17 17 17 17 16 16 17 17 16 26 42 21 20 17 19 17 20 21 18 16 17 20 34 36 30 19 20 21 20 20 18 17 22 25 22 23 19 20 22 18 17 17 16 20 24 20 16 17 18
32 84 88 91 96 101 102 103 105 106 110 114 118 123 126 131 136 139 142 147 146 146 116 43 20 26 39 43 37 29 37 70 57 47 31 37 40 33 21 41 114 149 99 159 169 162 104 118 98 59 57 59 69 56 55 63 44 45 32 41 53 42 36 44 54 45 36 38 37 42 50 39 18 17 20 22 28 19 25 22 18 16 17 17 17 17 17 18 17 28 22 22 19 16 16 17 19 19 16 22 29 26 29 30 21 18 17 31 42 23 17 22 26 29 30 17 17 18 18 26 21 19 18 20 16 19 17 18
33 84 86 90 93 99 102 103 106 107 109 114 117 120 127 137 140 143 140 144 142 141 83 26 27 32 34 39 38 33 37 42 57 41 21 28 29 30 31 42 71 126 62 133 164 103 78 77 67 82 71 66 56 51 53 58 51 42 23 35 50 38 31 35 43 45 50 46 43 50 57 40 21 17 19 20 26 18 18 20 19 19 16 16 18 18 17 17 17 17 16 18 20 16 17 20 20 18 23 29 22 16 17 19 29 40 20 25 24 22 18 17 17 17 21 16 22 18 16 18 20 18 17 16 16 21 20 18
34 83 85 89 93 98 101 103 106 109 110 112 115 119 127 138 142 140 140 139 137 72 31 22 26 29 31 34 29 24 24 26 43 43 32 46 43 43 34 36 53 98 67 80 100 69 69 76 64 63 63 73 63 55 49 45 48 58 44 41 50 42 58 67 66 55 45 50 49 65 75 47 16 16 21 26 16 16 17 17 21 20 19 19 20 19 17 18 18 21 17 19 19 17 18 19 18 21 31 31 29 15 17 23 33 32 23 40 28 24 17 16 19 20 17 17 20 19 20 16 17 16 16 17 18 20 20 16
33 82 85 89 92 96 100 102 107 114 116 115 116 119 127 137 143 141 139 142 145 64 19 23 22 21 20 23 21 26 23 26 31 51 48 45 37 41 42 47 47 63 67 68 61 58 71 57 59 60 52 48 48 31 27 27 35 48 59 59 52 52 61 65 67 61 54 56 59 73 61 39 18 19 21 25 16 18 28 18 25 24 21 17 19 18 18 18 32 25 23 20 23 16 18 17 19 20 25 26 22 21 32 35 41 25 21 24 20 24 26 29 24 22 17 17 18 19 22 18 16 16 16 25 19 20 18 19
34 82 86 91 92 94 98 103 108 115 119 117 119 121 126 132 136 136 140 140 133 84 18 23 29 23 21 28 47 25 22 20 22 36 33 33 37 33 42 45 49 52 53 58 59 51 70 63 52 46 27 29 20 20 19 17 31 47 46 58 58 53 45 57 60 64 64 60 53 47 20 17 20 19 20 24 22 21 31 25 28 28 22 18 19 20 18 18 21 27 28 21 30 27 19 26 25 24 29 20 26 39 34 25 36 41 25 31 29 22 21 29 21 16 18 17 21 21 16 17 16 16 18 22 17 18 19 25
34 83 88 91 92 94 98 103 109 116 121 120 122 122 125 127 131 135 139 91 51 53 68 45 20 19 21 34 50 19 22 16 32 48 32 35 32 36 50 51 32 49 30 35 41 30 58 51 56 34 26 27 21 20 22 21 23 41 42 48 50 48 61 57 61 60 50 48 54 35 17 17 16 19 20 21 22 27 43 22 19 17 22 18 16 18 16 18 24 51 35 45 30 33 20 20 22 20 20 20 33 29 17 20 24 22 29 34 39 25 19 25 18 17 18 18 23 19 16 16 16 17 21 17 16 17 18 19
34 83 89 92 94 95 99 105 109 114 117 124 127 127 126 128 118 101 73 34 24 25 37 70 43 22 20 45 25 27 23 28 36 44 43 40 39 36 34 39 26 39 30 25 29 30 55 47 54 34 22 18 20 19 33 29 21 43 56 53 58 53 75 61 51 40 34 45 52 25 18 17 17 17 17 25 29 41 41 20 16 16 18 18 17 17 17 21 29 54 51 51 41 27 26 20 19 17 20 22 29 27 22 18 16 17 28 34 22 19 28 19 16 17 16 21 29 18 16 16 16 20 18 16 16 16 16 18
36 86 87 89 93 97 101 106 106 109 114 123 126 127 127 129 63 41 30 18 22 24 19 40 54 43 36 23 32 39 46 51 44 32 49 38 32 33 33 22 31 41 27 23 34 37 34 27 35 39 21 15 16 16 20 31 31 48 44 54 52 56 63 57 48 28 24 44 43 28 20 17 18 18 18 26 27 36 26 16 17 24 17 20 21 20 22 23 24 46 61 37 32 21 22 17 17 19 19 25 42 29 21 17 16 24 28 19 24 20 16 19 18 19 22 18 17 18 18 18 20 17 20 18 16 16 16 16
35 83 84 86 92 96 102 104 103 108 111 117 122 123 130 103 34 34 24 21 21 24 25 26 29 28 38 39 40 45 43 35 30 40 45 34 26 31 35 38 43 25 31 44 60 55 19 20 36 40 37 33 20 17 17 25 35 36 43 59 59 61 62 54 43 23 24 44 45 27 19 16 14 20 17 18 19 31 21 18 18 21 15 21 21 18 22 23 24 37 35 31 30 26 23 16 17 17 17 23 37 23 22 16 15 15 27 24 18 27 16 17 19 23 29 25 24 30 24 16 18 18 17 16 16 16 16 16
35 79 81 87 92 95 99 103 101 107 109 112 118 124 103 45 31 27 22 19 24 25 18 31 42 39 48 49 46 38 28 28 38 47 38 34 34 38 29 41 38 22 23 35 49 42 28 22 28 31 33 35 28 21 18 28 29 34 59 62 58 59 57 42 38 21 23 33 39 31 22 12 47 26 16 17 26 28 20 17 20 21 19 27 29 22 22 22 23 31 31 35 24 29 22 16 17 18 18 23 40 24 19 22 22 17 18 22 13 40 40 32 24 20 28 22 35 29 19 19 18 20 18 16 16 16 16 16
34 76 79 84 90 91 94 100 100 103 108 110 115 100 47 23 25 21 17 19 21 20 20 36 46 45 49 45 41 34 23 23 41 34 41 41 38 32 27 34 33 21 34 30 34 33 32 21 20 20 25 24 26 25 23 29 41 50 64 67 65 53 53 38 30 39 24 21 26 80 37 61 103 57 43 38 49 33 18 17 20 17 21 25 22 19 16 18 17 21 26 27 25 26 19 18 16 18 19 23 33 39 26 17 17 17 18 21 29 23 24 27 24 19 16 22 29 23 18 20 20 22 17 17 18 16 16 16
35 73 74 79 87 88 89 96 97 99 103 107 111 92 38 26 33 17 16 19 20 19 23 30 42 44 47 51 46 35 32 32 30 38 50 44 42 38 30 22 23 28 32 28 21 18 19 21 18 16 27 37 31 33 45 46 47 61 61 52 58 42 52 35 28 63 42 69 95 64 37 51 39 31 48 39 51 26 23 17 21 17 19 25 22 23 19 16 27 30 20 18 18 19 17 17 19 17 16 14 22 29 16 16 18 18 18 26 25 24 19 16 16 16 16 17 18 18 19 19 19 19 19 19 17 16 17 19
32 70 72 77 82 83 83 91 91 95 98 105 99 78 54 18 20 31 29 21 20 17 38 39 44 42 41 44 49 38 32 32 37 40 34 40 50 38 41 27 27 36 34 30 17 16 20 17 23 40 54 40 47 43 43 45 53 75 41 42 50 53 35 43 87 59 74 61 58 34 20 19 23 24 26 28 25 21 18 19 28 17 18 17 18 24 22 20 21 26 22 19 18 17 17 16 20 17 16 33 37 19 15 22 21 15 23 24 15 16 16 17 18 19 17 19 19 18 19 18 18 16 17 17 16 16 16 17
32 68 70 73 78 82 83 88 87 81 90 99 79 54 53 19 22 29 39 35 24 17 25 44 38 37 42 45 48 52 37 34 46 34 44 46 43 47 31 32 31 32 37 29 30 28 34 24 36 41 40 27 28 49 52 66 67 51 28 32 29 40 38 57 52 34 85 46 20 19 23 27 26 33 22 20 16 21 29 21 19 17 17 18 16 17 16 17 16 25 22 18 17 17 17 17 16 17 17 30 24 19 21 24 20 15 18 20 16 15 15 18 19 17 18 24 22 18 22 19 17 17 16 16 17 17 17 16
32 67 66 68 74 80 79 86 86 84 92 89 57 48 40 24 22 31 30 35 37 41 40 38 36 40 41 39 38 48 46 55 46 34 44 35 24 33 32 35 35 26 32 26 42 42 43 40 43 38 22 27 29 19 34 45 33 36 33 19 24 26 30 53 39 28 47 22 21 22 24 26 20 17 20 20 19 16 21 19 20 19 16 16 21 28 15 17 16 26 33 17 16 19 19 15 18 16 16 23 21 32 24 23 20 17 17 19 16 17 17 16 16 17 17 18 19 20 19 16 17 16 16 17 16 17 17 16
32 66 65 67 70 75 75 83 78 59 72 70 42 45 35 35 45 34 28 40 37 48 40 39 41 43 41 36 46 33 46 45 34 23 30 24 17 20 35 27 26 22 40 48 60 57 49 61 35 26 24 21 33 28 25 28 38 29 27 23 34 57 71 43 47 36 51 29 22 24 19 22 26 25 23 18 18 15 14 20 23 22 17 15 24 28 20 19 15 21 32 21 16 18 27 24 26 16 18 36 35 19 21 19 20 17 16 16 17 19 18 16 16 19 18 22 21 24 18 17 17 16 16 16 16 16 17 17
32 65 64 65 68 70 70 77 70 48 50 54 34 39 31 24 34 35 35 34 28 34 31 36 45 39 48 52 47 28 46 37 28 22 22 25 23 20 27 19 18 30 55 57 47 42 40 42 42 27 27 31 40 28 41 33 41 63 40 40 46 55 89 54 52 39 19 31 20 20 20 20 32 23 14 17 31 25 32 44 29 42 26 16 20 28 22 17 15 23 26 28 21 15 28 29 31 32 28 25 31 22 22 17 16 16 26 26 17 20 19 18 17 20 20 23 20 18 16 17 17 19 20 16 17 16 16 17
31 61 62 65 68 67 67 72 76 68 41 37 29 30 20 25 20 28 25 29 25 27 42 49 41 34 46 49 42 34 30 23 20 23 21 33 22 17 22 16 30 27 33 47 46 31 30 28 31 35 38 40 30 23 28 21 21 39 51 70 57 34 61 32 33 20 25 25 20 22 19 19 23 23 17 34 40 40 55 56 59 21 16 17 20 28 23 21 15 21 24 15 20 29 26 19 20 24 30 40 27 19 19 19 16 16 24 28 24 17 17 17 20 20 22 21 18 18 17 16 17 19 19 16 16 16 17 16
