18 18 20 21 21 21 23 22 24 28 29 30 29 29 28 30 32 35 37 38 38 41 27 20 46 50 82 147 189 172 141 182 191 191 112 51 52 52 52 52 52 52 53 54 54 52 52 54 49 50 51 50 51 50 50 50 50 50 52 74 87 73 56 50 49 48 49 49 49 49 49 49 49 50 50 50 49 48 48 50 48 48 48 47 44 39 39 45 38 17 11 12 12 12 12 12 12 12 12 12 12 12 12 12 12 12 12 12 12 18 34 34 34 33 33 32 33 32 31 31 29 29 25 14 11 12 12 14
19 20 20 20 21 23 23 25 27 28 30 30 30 29 30 32 34 36 38 39 40 41 31 19 41 47 65 130 180 155 123 171 195 189 95 52 53 52 52 52 52 53 53 55 56 55 55 56 49 50 52 51 50 50 50 51 50 50 54 75 87 73 55 50 50 49 49 49 50 50 49 50 51 49 48 43 38 35 36 42 47 45 37 30 24 18 19 32 24 29 13 12 12 12 12 12 12 11 11 12 12 12 12 12 12 12 12 12 12 11 23 35 34 34 34 33 33 32 32 31 30 30 29 20 12 12 12 12
22 21 21 23 23 23 25 27 28 31 32 31 31 31 32 33 34 36 39 41 41 42 39 27 39 44 52 92 150 130 122 173 149 137 71 54 53 52 53 53 53 54 54 55 57 56 56 54 46 49 52 51 51 51 51 51 51 51 54 76 87 72 56 51 51 50 50 50 50 50 50 51 50 45 38 30 29 38 38 40 36 24 15 13 12 11 12 13 13 19 13 13 12 12 12 12 12 21 38 25 11 12 12 12 12 12 12 12 12 12 13 32 35 36 35 34 33 33 33 33 31 30 30 29 16 11 11 9
22 22 24 24 25 25 27 27 30 33 33 32 32 32 33 35 35 38 40 42 43 43 43 39 38 42 51 72 138 114 90 167 142 94 58 54 54 53 53 54 55 54 55 55 56 57 57 51 38 46 53 52 51 51 51 51 52 52 54 78 86 72 55 52 51 51 51 51 50 50 51 49 41 37 44 49 49 32 24 48 44 15 11 12 12 12 12 12 17 12 13 14 13 12 15 13 11 20 35 16 11 12 12 12 12 12 12 12 12 12 11 26 36 36 35 33 33 34 32 33 33 30 30 30 27 20 22 36
23 24 25 25 26 27 29 30 32 33 33 33 33 35 36 35 37 39 41 43 43 44 42 37 37 41 50 77 134 105 42 114 151 80 56 55 55 54 54 54 55 55 56 56 57 57 53 41 25 40 53 52 53 53 53 53 53 53 57 80 87 72 54 52 52 50 51 51 50 51 50 39 28 27 39 69 61 21 10 34 47 20 11 12 12 12 12 15 23 13 12 12 12 12 15 13 12 12 11 11 12 12 12 12 12 12 12 12 12 12 12 17 35 35 35 34 35 34 33 33 33 31 31 29 30 27 44 87
24 25 26 26 28 28 29 31 32 34 34 34 34 36 36 37 40 41 43 44 40 22 20 31 35 37 47 63 79 85 46 81 115 68 56 55 55 54 56 55 56 57 57 57 57 54 38 22 14 36 53 53 52 53 53 53 54 52 58 81 88 72 55 52 51 51 52 52 51 51 46 33 36 27 42 77 66 23 11 28 50 32 13 12 13 14 14 14 14 13 12 12 12 12 12 12 12 12 12 12 12 12 12 12 12 12 12 12 12 12 12 11 26 36 35 35 34 34 34 33 32 31 31 31 30 29 33 89
26 26 26 27 29 29 30 32 34 35 35 34 35 36 38 40 41 42 44 46 27 10 13 29 34 34 40 42 43 47 40 60 72 59 57 56 55 55 56 56 55 57 58 57 56 43 20 12 12 34 53 54 54 54 53 53 54 53 59 82 88 73 55 52 53 51 53 52 52 52 40 44 50 33 44 75 68 30 15 16 36 25 15 12 12 13 12 12 12 12 12 12 12 12 12 12 12 12 12 12 12 12 12 12 12 12 12 12 12 12 12 12 16 35 36 35 35 35 33 33 33 33 32 31 30 30 28 64
25 27 28 28 29 30 31 33 36 36 36 35 38 39 40 42 43 45 46 41 18 11 14 27 32 32 37 43 48 73 101 109 68 58 57 56 56 56 57 56 56 57 58 58 52 30 13 12 13 28 51 54 53 53 53 53 54 54 59 83 88 72 56 53 53 52 52 51 52 49 30 53 52 36 38 71 66 31 18 15 33 16 11 12 12 12 12 12 12 12 12 12 12 12 12 12 12 12 12 12 12 12 12 12 12 12 12 12 12 12 12 12 13 32 37 36 36 35 35 34 34 33 33 33 31 30 30 33
27 27 28 30 30 32 34 34 36 38 36 36 37 39 42 42 44 44 47 32 13 12 13 25 31 29 33 38 67 135 172 135 62 57 57 56 56 56 57 57 57 56 58 57 49 23 12 12 12 20 46 55 54 54 53 54 54 54 60 84 88 71 56 53 53 52 51 52 53 46 28 46 60 46 37 53 51 21 12 19 45 20 11 12 12 12 12 12 12 12 12 12 13 12 10 12 12 12 12 12 12 12 12 12 12 12 12 12 12 12 12 12 12 31 38 36 36 36 35 35 34 33 33 33 32 31 30 25
29 29 30 30 31 33 35 36 37 38 36 38 40 41 43 44 46 49 43 25 13 15 13 22 30 29 30 35 52 81 92 80 56 56 57 57 57 57 58 58 57 57 58 58 47 21 12 12 12 16 42 55 54 55 53 54 55 54 62 86 88 71 55 53 54 53 52 53 52 57 33 32 62 44 29 52 62 27 13 22 38 18 11 12 12 12 12 12 12 12 12 12 11 16 21 12 12 12 12 12 12 12 12 12 12 12 12 12 12 12 12 12 12 31 37 36 37 36 35 36 34 34 34 32 33 31 29 20
28 29 30 31 32 34 36 37 38 39 38 39 40 43 45 46 48 43 34 24 15 15 15 18 28 29 30 33 37 36 43 55 56 55 56 57 57 57 58 58 59 58 57 58 45 18 12 12 12 14 40 55 55 55 54 54 54 54 62 86 89 70 55 53 53 54 53 52 51 28 20 20 41 25 23 61 75 34 17 33 37 17 11 12 12 12 12 12 12 12 12 11 17 62 57 10 12 12 13 13 13 13 13 13 14 13 12 12 12 12 12 12 12 31 38 36 36 36 35 35 34 34 33 32 32 30 28 14
29 30 32 32 33 35 38 39 39 39 39 41 43 45 47 45 39 33 33 25 19 13 19 15 23 27 30 36 37 63 49 51 56 56 56 56 57 58 58 59 59 59 58 57 44 18 13 13 13 14 36 55 55 54 55 55 55 55 63 88 88 70 55 54 54 54 53 53 50 22 27 14 17 15 18 50 83 43 20 44 44 21 11 12 12 12 12 12 12 12 11 16 58 83 43 10 12 12 12 12 12 12 13 18 13 13 12 12 12 12 12 12 13 34 39 37 36 37 36 35 35 35 34 33 32 31 28 14
30 31 32 33 34 35 38 40 40 39 39 42 43 45 44 38 32 35 35 26 27 13 18 19 18 24 30 38 46 116 60 45 54 57 57 57 58 58 58 59 60 60 59 57 45 24 17 13 13 12 26 49 54 55 55 55 55 55 64 88 88 68 56 54 54 53 53 53 44 19 19 12 12 12 13 48 66 37 21 44 37 17 12 12 12 12 12 12 12 12 10 50 94 70 56 12 12 12 12 12 12 12 12 12 12 12 15 11 12 12 12 11 18 37 38 37 37 37 36 35 36 34 33 32 32 31 28 16
32 33 33 34 35 37 39 39 39 40 41 43 45 39 36 33 36 41 37 27 30 24 16 26 18 22 31 38 82 166 67 40 44 52 58 58 59 59 59 59 60 60 59 57 47 34 25 14 12 12 15 30 42 50 54 55 55 56 65 89 87 69 56 55 55 55 54 55 40 11 11 12 12 12 16 50 44 40 24 40 26 11 12 12 12 12 12 12 12 11 22 85 95 50 41 11 12 12 12 12 12 12 12 12 12 12 24 14 11 12 12 11 28 39 38 37 37 37 37 36 35 35 34 33 32 30 30 21
32 33 34 35 38 39 39 40 40 41 41 44 40 30 30 32 38 44 38 27 17 27 20 28 27 25 33 50 151 199 72 41 40 39 52 59 60 59 59 59 60 60 59 57 49 40 30 16 12 12 13 14 22 32 42 49 53 56 66 90 86 68 57 56 56 55 55 56 51 13 12 12 12 12 17 46 35 42 27 29 21 11 12 12 12 12 12 12 12 11 21 79 76 39 28 10 12 12 12 12 12 12 12 12 12 12 24 18 11 12 12 15 37 39 38 37 38 37 36 36 35 35 34 33 32 31 30 24
33 33 34 36 38 39 41 41 41 41 42 32 23 22 25 32 38 42 39 30 15 14 21 18 21 31 36 104 210 214 79 43 43 33 39 55 59 59 60 59 59 60 60 57 50 43 33 25 19 13 13 13 12 15 22 31 40 47 64 90 86 67 57 57 56 57 51 55 58 18 12 12 12 12 19 49 33 26 19 21 14 12 12 12 12 12 12 12 12 11 15 51 51 51 20 11 12 12 12 12 12 12 12 12 12 11 21 26 12 12 11 23 39 39 38 36 36 36 35 35 35 34 34 33 32 31 30 26
33 34 35 37 39 38 40 41 41 42 30 16 20 24 24 25 35 37 37 29 21 14 14 12 16 25 59 177 225 204 69 38 40 34 34 46 57 60 60 60 60 60 60 59 52 45 38 37 38 24 13 12 12 12 13 17 23 29 53 90 86 67 57 69 110 121 60 29 20 15 12 12 12 13 19 40 25 14 15 14 12 12 12 12 12 12 12 12 12 12 14 35 33 44 14 12 12 12 12 12 12 12 12 12 12 11 17 31 15 12 11 28 39 37 38 37 36 35 35 35 35 34 34 33 32 31 31 28
33 34 34 37 39 40 41 41 43 37 16 13 17 21 24 21 24 32 35 29 25 18 21 24 30 32 104 217 226 165 54 42 36 33 33 39 53 60 59 60 60 60 60 58 53 48 44 45 51 45 25 13 13 13 13 13 16 19 45 89 86 62 66 141 179 148 43 11 11 16 12 12 12 15 14 15 13 12 13 12 12 12 12 12 12 12 12 13 12 12 14 29 32 32 11 12 12 12 12 12 12 12 12 12 12 12 15 29 18 11 12 31 39 37 38 37 36 36 35 35 35 34 33 33 33 31 30 29
34 34 37 38 39 40 40 41 42 26 13 14 15 15 20 19 16 27 34 26 26 20 22 25 32 44 98 226 225 117 42 44 38 33 31 35 49 60 59 60 61 60 60 59 55 52 51 51 54 55 44 23 13 12 12 14 15 18 44 89 84 64 114 175 157 87 19 12 12 19 12 12 13 19 17 13 12 12 12 12 12 12 12 12 12 12 12 12 12 12 12 16 26 23 11 12 12 12 12 12 12 12 12 12 12 12 14 25 16 12 16 36 39 37 38 37 37 36 36 36 35 35 34 33 32 32 31 29
35 36 38 40 40 41 41 42 37 14 12 14 15 15 16 17 14 19 29 24 25 23 22 26 30 43 76 211 207 78 38 44 39 33 28 33 47 60 60 60 61 61 59 59 56 54 55 54 55 56 54 41 21 13 13 14 16 19 46 91 85 100 154 159 131 46 15 12 12 14 12 12 15 24 21 13 12 12 12 12 12 12 12 12 12 12 12 12 12 12 12 11 14 13 12 12 12 12 12 12 12 12 12 12 12 12 13 21 17 13 22 40 39 38 37 37 38 36 36 36 36 35 34 33 32 32 29 29
35 37 39 40 42 42 42 44 26 11 13 14 16 14 14 15 14 14 24 23 24 26 24 25 30 37 66 193 175 77 50 42 37 31 25 27 46 60 61 61 61 61 59 59 58 57 58 55 55 55 55 52 40 22 13 13 17 19 47 90 106 141 150 129 86 23 14 12 12 12 12 11 19 29 20 12 12 12 12 12 12 12 12 12 12 12 12 12 12 12 12 12 12 12 12 12 12 12 12 12 12 12 12 12 13 18 18 20 20 18 18 30 37 38 38 38 37 37 36 36 35 35 34 33 32 31 30 29
37 38 40 41 41 44 43 42 18 12 13 14 14 14 13 14 13 12 20 22 24 26 26 27 31 35 58 181 138 82 50 40 38 32 23 22 46 61 61 60 61 61 60 60 59 60 59 56 55 55 54 55 52 39 22 15 18 21 50 96 141 159 125 72 36 17 13 12 12 12 11 11 21 28 17 12 12 12 12 12 12 12 12 12 12 12 12 12 12 12 12 12 12 13 12 12 12 12 12 12 12 12 12 12 16 24 23 21 19 16 13 13 32 39 38 38 37 36 37 36 34 34 34 32 32 31 31 28
38 39 41 43 44 43 44 37 12 12 13 13 13 14 13 13 13 12 17 20 23 25 27 32 31 34 47 127 94 78 44 37 37 33 22 19 47 60 61 60 61 61 60 61 61 61 60 58 56 55 55 55 54 52 41 28 22 24 51 114 163 160 103 43 23 15 13 12 12 15 18 11 21 24 14 12 12 12 12 12 12 12 12 12 12 12 12 12 12 12 12 12 12 18 14 12 12 12 12 12 12 12 12 13 17 17 16 16 14 12 14 11 20 38 38 37 37 37 37 36 35 34 34 33 32 31 30 29
38 39 42 43 43 44 44 27 11 13 13 13 12 13 13 13 13 12 15 19 24 27 28 32 34 34 41 65 70 69 39 35 36 35 22 19 48 61 61 60 60 61 60 61 62 62 61 58 55 56 55 54 55 55 54 46 36 32 60 130 173 153 83 31 18 13 12 12 12 20 30 13 20 26 15 13 14 12 12 12 12 12 12 12 12 13 12 12 12 12 12 12 13 20 15 11 12 12 12 12 12 12 13 13 13 12 12 13 14 15 15 13 11 26 39 38 37 36 37 36 35 34 34 34 33 33 33 29
38 41 41 44 44 44 46 27 11 13 12 13 13 14 12 13 13 12 16 19 21 21 22 26 32 37 36 50 83 64 35 35 36 37 21 20 50 61 61 60 60 60 61 62 62 63 62 58 56 55 55 55 55 56 56 56 53 47 82 149 175 134 57 23 14 12 12 12 14 22 32 12 17 25 18 19 19 13 12 12 12 12 12 12 12 12 13 12 12 12 12 12 16 23 17 12 12 12 12 12 12 12 12 12 12 12 12 12 13 15 17 14 12 14 32 38 37 37 36 36 35 34 33 34 37 36 31 29
39 40 42 44 45 45 46 24 11 13 13 12 12 13 12 12 12 12 15 15 15 17 22 26 31 38 40 46 84 54 34 35 35 37 20 24 53 61 61 60 59 59 61 62 64 63 63 59 57 56 56 55 56 56 57 58 59 63 119 169 162 97 41 18 14 12 12 12 15 17 21 12 14 25 22 20 21 13 12 12 12 13 12 13 12 12 12 12 12 12 12 12 13 24 20 12 12 12 12 12 12 12 12 12 12 12 12 12 12 14 16 14 12 11 16 34 38 37 35 35 35 36 39 41 38 34 28 30
40 42 43 45 45 47 40 15 13 13 13 13 13 13 12 12 12 13 14 14 17 22 27 32 35 36 41 46 67 43 33 34 35 38 23 28 57 61 60 59 59 60 61 63 64 64 64 60 57 58 56 56 57 57 58 59 59 82 152 181 135 60 31 17 13 12 11 14 21 13 11 14 13 24 24 19 20 13 12 12 12 14 16 12 12 12 13 12 12 12 12 12 21 18 22 13 12 12 12 12 12 12 12 12 12 12 12 12 12 12 14 13 12 13 11 18 35 37 36 35 41 49 47 42 36 29 24 32
41 42 44 45 46 49 32 13 14 14 13 14 12 13 12 12 12 14 13 15 18 21 26 28 32 34 41 45 71 44 34 36 38 39 27 32 60 61 59 57 59 59 62 63 64 65 65 61 57 57 57 58 58 58 59 59 68 117 172 179 103 45 24 15 13 12 11 18 28 18 13 16 21 18 25 17 17 13 12 12 12 13 20 15 12 13 13 12 13 12 12 14 55 41 20 12 12 12 12 12 12 12 12 12 12 12 12 12 12 17 12 12 13 12 12 11 21 36 36 41 52 49 40 36 34 28 27 34
42 44 45 47 48 49 30 16 18 16 13 13 12 14 12 12 12 13 13 14 17 19 22 27 31 36 40 43 73 46 34 36 41 48 29 38 61 62 59 57 59 60 63 64 65 66 64 60 57 58 57 59 57 59 60 61 101 155 180 161 79 37 19 15 12 12 11 27 27 25 19 14 18 14 20 14 14 12 12 12 12 13 18 16 13 13 14 13 13 12 12 14 59 49 21 11 12 12 12 12 12 12 12 12 12 12 12 12 12 17 15 12 14 13 12 12 11 24 38 48 45 39 35 32 33 31 31 35
44 45 46 48 49 50 28 20 22 21 17 14 13 14 13 12 12 12 13 13 14 17 26 31 35 38 39 41 73 45 36 36 56 97 37 44 62 64 61 59 61 62 63 65 66 66 65 60 58 58 58 58 59 60 60 83 154 176 174 116 63 29 18 14 12 11 13 32 26 32 22 19 19 16 20 15 12 12 12 12 12 13 15 15 20 15 14 14 12 12 11 19 45 31 18 13 12 12 12 12 12 12 12 12 12 12 12 12 12 12 12 12 14 15 13 12 12 12 31 46 36 36 36 33 31 30 32 36
44 45 47 49 51 51 34 31 29 26 22 18 15 13 13 12 12 12 13 13 14 20 27 33 36 38 39 41 68 46 37 35 72 142 49 51 64 64 63 62 62 63 64 66 67 67 66 62 60 59 59 59 60 60 81 150 180 186 164 80 54 24 17 13 12 11 24 33 23 35 26 22 27 25 16 15 13 12 12 13 13 14 14 15 24 22 15 13 12 12 12 14 19 23 19 12 12 12 12 12 12 12 12 12 12 12 12 12 12 12 12 12 13 17 14 12 12 12 15 34 36 33 36 34 31 29 32 36
46 46 48 51 52 59 78 74 47 34 27 20 19 14 13 12 12 12 12 13 15 20 27 32 36 38 39 41 69 46 38 38 51 84 47 57 63 63 65 64 64 64 65 67 68 68 68 63 61 61 60 59 59 62 142 199 187 186 158 72 42 22 16 13 12 16 40 39 27 31 24 21 29 23 11 13 12 12 12 14 14 17 17 16 21 28 19 13 12 13 12 14 24 29 20 12 12 12 12 12 12 12 12 12 12 12 12 12 12 12 12 12 12 16 14 12 12 12 11 17 32 33 33 37 32 29 33 32
45 47 48 51 53 69 128 168 140 65 39 30 19 17 14 12 12 12 12 12 14 19 24 31 36 38 39 42 73 47 38 40 40 41 42 61 63 65 65 64 66 66 67 69 70 71 70 66 63 62 61 61 61 61 136 203 187 195 163 76 34 20 14 13 12 27 44 38 31 37 27 19 27 19 11 12 12 12 12 13 15 17 16 19 24 26 21 13 13 13 12 17 27 28 17 12 12 12 12 12 12 12 12 12 12 12 12 12 12 12 12 12 12 13 14 12 12 12 12 11 22 36 32 35 34 32 25 18
45 47 49 51 54 78 134 186 208 161 61 42 31 16 13 12 12 12 13 13 13 14 18 28 35 38 40 44 72 47 40 39 39 40 45 62 64 64 64 66 66 67 69 71 73 74 73 68 66 64 63 62 62 59 77 177 189 201 166 74 28 18 14 13 15 31 41 35 31 39 32 25 24 14 12 13 14 13 13 14 15 16 16 21 26 29 20 13 14 13 13 22 29 26 17 12 12 12 12 12 12 12 12 12 12 12 12 12 12 12 12 12 12 12 14 13 12 12 12 12 13 28 33 33 36 33 26 27
47 49 50 53 57 87 141 184 205 207 134 56 42 28 12 12 12 12 12 12 12 12 16 27 36 40 42 46 76 50 40 39 38 41 55 64 65 65 66 67 68 69 72 75 78 79 76 73 71 69 66 65 64 55 46 119 197 199 153 56 25 17 14 14 30 30 33 31 35 38 32 32 32 19 20 18 15 14 16 18 18 17 17 22 29 32 20 15 15 14 16 25 29 26 16 12 12 13 12 12 12 12 12 12 12 12 12 12 12 12 12 12 12 12 13 14 12 12 12 12 12 16 30 32 36 34 31 34
47 49 50 54 61 94 144 181 199 199 189 145 77 29 12 12 12 12 12 12 12 13 15 26 35 43 55 59 85 55 42 41 40 48 63 65 65 66 66 68 71 72 76 79 82 85 94 95 81 72 71 67 65 56 47 65 170 192 117 39 23 16 13 22 45 38 33 26 34 37 38 33 28 19 18 17 15 18 19 21 21 20 20 21 28 27 20 18 17 16 21 28 30 26 16 13 13 13 12 12 12 12 12 12 12 12 12 12 12 12 12 12 12 12 12 14 13 12 12 12 12 11 22 31 34 34 31 33
48 49 51 54 65 100 143 180 195 190 184 182 129 30 11 12 13 13 12 12 12 13 15 25 36 48 101 114 104 75 51 42 41 53 64 64 65 66 67 69 72 76 79 81 105 202 226 232 207 106 72 74 81 97 72 46 103 168 79 29 22 16 13 32 48 42 34 26 33 31 37 29 20 18 18 20 18 18 22 24 22 22 27 27 27 27 23 21 20 20 26 30 30 26 16 14 14 13 13 12 12 12 12 12 12 12 12 12 12 12 12 12 12 12 12 13 13 12 12 12 12 12 14 30 31 33 33 34
48 50 53 55 70 106 141 175 188 182 173 166 110 26 12 12 13 14 14 13 13 13 18 28 37 54 179 218 197 172 76 43 72 70 64 66 66 68 69 71 76 77 117 190 210 248 252 251 255 225 108 87 102 135 99 47 55 92 54 28 21 15 17 36 42 43 34 27 38 36 31 25 26 23 22 26 24 22 24 24 25 28 32 30 32 32 26 25 25 26 32 32 30 26 19 17 15 14 14 13 13 12 12 12 12 12 12 12 12 12 12 12 12 12 12 12 12 12 12 12 12 12 12 25 31 32 34 37
48 50 53 56 76 116 140 168 178 174 166 143 64 20 13 12 12 12 14 15 18 19 23 31 38 57 187 227 229 230 107 47 102 78 64 65 67 68 69 73 73 124 234 255 240 246 249 249 249 255 225 128 122 151 114 49 45 45 60 30 20 16 25 47 43 40 31 28 40 40 36 31 27 24 26 27 28 31 29 27 28 32 35 34 38 36 32 32 31 33 37 35 33 29 22 20 20 18 14 13 13 12 12 12 12 12 12 12 12 12 12 12 12 12 12 12 12 12 12 12 12 12 11 19 33 31 34 38
49 51 54 57 78 126 148 163 168 164 156 109 33 18 17 13 12 13 13 13 14 16 21 31 42 58 184 234 233 235 114 48 86 71 64 66 67 68 71 71 125 215 245 248 247 249 248 249 249 249 253 219 161 169 141 62 39 53 62 26 20 19 35 50 48 40 27 32 42 41 38 38 35 27 28 29 33 34 31 32 34 36 35 36 42 38 34 36 36 38 40 39 37 34 39 42 45 40 21 14 13 13 13 12 12 12 12 12 12 12 12 12 12 12 12 12 12 12 12 12 12 12 12 15 33 32 33 38
51 52 55 60 83 132 154 161 161 156 133 68 25 14 14 18 14 12 15 16 17 16 16 27 41 58 185 244 238 227 117 47 65 67 65 66 67 69 70 93 173 239 230 249 248 249 248 249 250 249 249 253 200 174 174 107 48 59 48 27 21 23 38 48 46 40 29 34 37 40 40 40 40 36 35 31 35 35 35 39 38 47 66 77 74 85 98 81 63 60 51 41 39 39 50 60 71 72 30 15 14 13 13 12 12 12 12 12 12 12 12 12 12 12 12 12 12 12 12 12 12 12 12 14 32 33 35 37
51 54 56 62 90 137 160 158 155 146 91 34 29 14 11 16 17 12 12 18 21 24 25 30 39 58 191 254 241 211 116 51 63 67 66 66 68 69 76 150 207 245 234 248 249 250 249 249 248 248 246 251 231 172 177 156 87 52 48 40 25 28 38 48 50 41 35 42 38 38 39 43 43 43 38 35 35 34 41 58 81 124 148 154 153 160 168 169 166 166 153 123 80 44 35 38 42 43 26 19 17 14 15 14 13 12 12 12 12 12 12 12 12 12 12 12 12 12 12 12 12 12 12 14 34 34 35 37
52 54 57 65 100 144 163 157 154 134 64 27 29 20 11 12 18 17 12 16 23 25 31 37 42 55 180 250 241 214 122 55 69 69 66 67 71 68 100 177 233 247 233 223 235 233 243 248 247 247 245 228 244 189 159 162 129 60 30 32 29 33 43 49 62 51 44 50 46 43 41 43 48 44 36 39 50 77 110 140 148 152 159 167 175 177 180 181 184 186 187 187 183 148 79 38 34 32 29 25 21 17 17 14 13 12 12 12 12 12 12 12 12 12 12 12 12 12 12 12 12 12 12 17 35 33 36 36
52 55 58 67 107 151 163 152 154 132 62 27 21 28 14 12 13 22 16 13 21 26 31 38 45 54 174 248 244 231 131 61 65 66 66 69 81 71 126 178 241 225 225 206 220 224 217 235 239 244 241 220 228 174 128 143 134 105 68 54 46 38 44 63 93 80 69 59 47 45 44 41 44 54 77 107 131 144 148 153 161 169 176 183 192 193 195 196 191 188 186 185 184 187 183 131 55 34 35 31 26 21 18 15 14 13 12 12 12 12 12 12 12 12 12 12 12 12 12 12 12 12 12 25 33 32 36 35
54 55 59 69 110 152 161 155 159 142 68 29 17 22 20 12 11 17 23 14 14 23 29 35 43 52 175 255 250 253 145 61 67 66 67 67 72 74 146 203 230 221 223 212 213 238 212 235 236 225 232 222 233 185 118 106 102 106 117 131 119 84 69 83 111 108 109 98 53 38 40 62 96 121 135 143 148 152 160 167 175 182 187 196 198 199 199 194 190 186 185 186 189 187 188 192 166 93 43 33 32 28 22 18 15 14 12 12 12 12 12 12 12 12 12 12 12 12 12 12 12 12 19 28 30 30 33 33
53 56 62 68 108 146 156 159 167 179 110 33 18 13 20 14 12 12 22 22 13 16 23 33 41 50 163 252 250 254 152 61 68 67 66 67 68 81 157 224 242 244 243 240 226 241 213 215 222 211 233 243 243 243 139 71 65 63 83 117 131 134 139 130 133 129 128 112 54 55 96 121 126 130 138 147 157 162 170 177 184 189 194 199 201 200 199 189 184 182 185 189 194 194 192 190 187 186 152 87 41 32 29 22 17 15 13 12 12 12 12 12 12 12 21 13 12 12 14 13 13 15 23 26 26 28 32 31
54 57 61 68 107 141 158 165 174 194 166 50 19 12 15 20 15 11 15 26 17 15 20 29 39 46 145 245 244 249 152 62 69 66 66 67 67 102 167 223 239 243 245 246 248 249 247 244 234 231 243 245 237 242 150 58 52 47 50 66 101 137 170 151 143 132 127 100 76 116 126 120 131 140 150 158 167 175 179 184 190 193 195 196 197 199 195 188 188 189 192 194 198 199 196 194 187 182 182 179 147 75 32 28 21 16 14 12 12 12 12 12 12 14 28 18 13 14 14 13 13 15 19 20 21 25 32 30
55 56 61 70 112 145 164 162 177 192 186 77 19 13 12 17 20 16 11 20 25 15 17 26 37 43 90 176 202 228 142 62 69 67 65 66 67 104 157 222 239 242 241 242 245 246 246 247 247 249 247 237 240 246 165 55 50 46 44 50 72 132 180 152 138 120 122 119 125 123 126 137 148 155 163 168 177 182 186 191 191 191 195 197 198 195 193 191 194 198 199 200 202 200 198 194 191 186 179 173 174 171 95 30 25 18 15 14 12 12 12 12 11 18 29 21 19 16 14 13 13 15 16 14 14 18 26 22
55 57 65 73 107 139 154 154 168 182 187 101 20 13 12 12 19 22 14 12 27 24 19 26 34 42 44 56 76 92 80 65 67 66 65 65 69 110 144 209 231 238 241 240 243 245 245 246 246 248 244 241 238 246 192 57 50 47 45 48 56 117 180 136 120 126 134 137 138 137 143 154 163 166 174 179 185 187 190 194 195 193 195 198 199 197 196 198 204 204 201 199 196 201 199 194 194 190 184 180 178 182 182 92 27 22 17 14 13 12 12 12 11 22 29 23 22 15 14 13 15 16 13 12 13 16 23 21
56 57 67 68 80 105 127 132 140 160 180 112 23 13 12 12 13 22 21 12 19 31 23 25 31 41 47 53 56 45 50 64 69 67 63 64 67 104 155 218 238 241 245 244 244 246 246 244 244 242 240 242 240 242 182 56 49 45 44 54 78 116 144 132 145 157 149 146 149 154 158 165 174 177 181 188 192 193 195 198 201 199 196 197 198 199 202 204 206 203 198 198 194 201 199 194 193 192 191 188 190 194 192 156 67 23 20 16 14 12 12 12 12 26 27 20 21 16 14 13 18 16 12 13 13 15 28 32
57 57 64 66 57 61 82 95 100 127 159 86 28 16 14 12 11 17 26 18 12 27 30 24 27 34 43 48 48 51 48 55 68 66 64 63 66 68 89 120 189 213 232 243 245 246 245 247 247 246 243 241 239 244 155 49 54 65 88 138 168 166 149 141 151 156 150 156 166 170 172 177 185 189 190 193 198 200 200 200 203 204 202 200 201 204 207 208 201 194 192 193 196 201 198 194 192 192 193 195 203 195 150 122 120 66 22 19 15 13 12 12 16 31 27 17 20 17 14 13 14 13 15 18 17 15 20 30
57 57 59 65 60 50 49 58 63 88 114 51 29 21 19 17 12 12 24 26 13 18 34 27 28 31 36 42 54 55 50 55 67 65 64 64 64 62 49 50 73 154 170 222 248 232 233 233 237 243 246 245 241 201 103 86 123 122 136 161 171 172 168 162 162 166 165 162 166 179 186 191 192 194 196 198 202 205 205 205 204 205 206 206 207 209 212 210 199 190 183 185 189 197 198 191 189 190 196 206 189 131 104 112 133 126 61 20 17 15 13 11 20 33 31 19 17 16 14 12 12 15 24 29 26 23 22 26
57 57 58 59 62 61 50 44 45 51 57 27 24 24 14 24 17 12 17 30 20 13 31 34 32 36 38 42 43 43 47 58 68 64 63 64 64 62 47 51 68 96 183 248 200 120 104 124 167 198 200 195 162 130 89 101 124 124 139 165 176 185 187 178 169 169 171 172 178 182 191 200 198 196 199 202 204 207 208 208 207 207 208 210 211 212 209 206 198 186 176 178 185 193 191 178 180 190 205 183 121 106 104 116 127 123 116 46 18 16 13 11 28 40 37 29 18 16 14 12 14 21 29 34 33 32 35 33
57 58 58 59 60 64 62 50 45 40 32 19 18 29 15 20 26 17 14 27 27 14 21 37 33 33 34 39 41 44 53 58 65 65 65 63 65 63 56 39 45 76 228 202 156 100 76 175 186 146 190 180 132 152 125 130 117 122 145 172 183 180 182 179 164 171 181 187 195 195 190 198 202 198 199 201 204 208 209 208 209 209 210 213 214 208 200 199 191 174 167 173 181 184 175 158 164 187 167 113 111 110 107 116 124 121 118 96 28 17 14 12 34 39 33 31 21 15 13 12 13 18 21 29 34 35 37 33
57 58 58 59 60 60 62 61 51 42 31 19 14 28 26 16 28 25 15 22 25 22 16 33 39 34 33 34 45 50 52 55 63 64 64 64 66 65 55 60 51 55 116 165 175 139 138 188 228 189 184 188 180 184 124 127 109 119 147 163 169 172 178 178 171 184 193 193 197 197 195 194 199 203 204 204 204 206 207 208 208 209 213 212 210 204 193 192 178 155 153 167 171 172 157 132 151 154 96 98 108 112 114 117 124 123 117 113 66 17 15 14 37 28 19 21 18 15 12 12 12 13 13 20 29 31 31 30
57 58 59 58 60 60 61 62 60 51 37 22 14 21 31 24 22 31 22 21 23 23 20 24 41 37 38 35 43 50 50 52 64 64 64 63 62 77 75 74 47 45 120 172 174 169 175 171 163 183 184 203 204 170 108 125 102 127 159 175 182 182 189 192 192 199 197 196 203 207 206 203 202 205 207 208 208 208 207 209 210 209 211 208 203 198 192 185 168 139 139 157 164 163 142 112 126 102 98 94 112 116 120 119 120 123 116 108 99 31 16 17 39 20 11 15 16 14 13 12 12 13 13 19 28 32 31 26
57 58 59 58 59 59 60 61 63 60 52 36 18 17 22 29 27 28 31 23 25 22 27 22 33 40 47 36 35 48 52 51 62 64 64 64 63 69 69 31 34 70 148 165 171 161 151 155 118 127 190 196 194 149 86 112 111 152 181 192 197 198 201 203 203 202 202 204 209 212 211 211 209 210 210 211 212 212 211 213 211 206 203 201 192 195 195 180 165 134 129 143 151 151 129 97 90 87 100 112 105 121 127 126 121 124 114 105 106 58 16 20 38 14 11 12 14 14 12 12 13 14 15 18 26 36 34 28
58 59 59 60 59 60 60 61 62 63 64 47 23 30 49 63 72 79 68 46 30 25 27 30 25 35 46 39 34 47 52 51 60 65 64 64 64 65 42 38 44 85 127 154 167 161 148 144 76 143 184 180 188 114 71 117 139 171 191 198 203 204 204 206 206 206 207 210 211 212 214 214 214 213 213 214 214 215 214 215 212 199 190 189 184 193 190 179 161 129 119 129 137 135 115 75 75 89 99 116 109 120 130 136 126 120 118 105 106 81 20 23 30 11 12 12 12 12 12 13 17 16 18 19 23 33 35 30
59 59 59 60 59 60 61 62 62 62 64 46 37 69 99 120 129 156 150 133 110 79 47 36 33 32 40 45 42 44 52 53 60 64 64 64 66 63 39 39 52 65 102 137 156 169 178 170 95 128 144 157 169 66 73 130 152 184 196 203 208 208 209 210 210 207 209 211 213 213 214 215 214 214 212 214 215 215 215 213 207 189 170 174 183 188 183 176 158 124 108 114 121 118 99 60 76 83 102 120 119 122 128 130 127 118 116 104 99 93 31 24 24 11 12 12 12 12 12 12 22 26 21 19 20 31 33 30
60 58 56 55 55 55 56 57 58 61 61 60 70 103 109 120 122 132 130 147 157 152 132 114 82 42 35 37 41 48 50 44 58 65 65 65 66 57 53 82 47 56 79 107 145 164 186 192 154 94 77 132 127 49 96 138 162 190 195 205 211 210 210 212 210 208 211 213 214 213 212 212 211 211 211 211 211 213 211 207 196 172 151 169 179 178 176 170 150 118 101 102 107 102 82 58 73 101 160 136 122 120 125 121 125 118 108 102 94 95 46 26 20 11 12 12 12 12 12 12 17 31 30 26 29 29 29 28
59 54 48 43 38 34 32 31 32 34 40 70 65 94 118 133 137 139 129 122 120 124 129 143 152 113 88 94 102 97 104 61 61 65 65 64 65 58 106 174 52 52 66 78 113 147 171 188 185 134 64 88 73 68 120 153 172 195 194 206 211 210 210 210 208 208 211 213 213 212 210 208 209 209 209 208 207 208 205 192 171 154 140 165 171 167 168 164 138 108 92 88 95 85 61 55 89 137 132 106 113 113 118 114 117 114 103 94 88 91 59 30 16 12 12 12 12 12 12 13 13 20 30 31 26 27 26 26
55 47 40 32 25 19 16 15 15 15 21 57 86 108 124 136 141 143 138 135 120 105 105 112 120 121 135 125 134 118 133 107 64 48 49 51 53 59 54 67 58 78 88 88 88 107 152 174 183 165 83 49 52 93 133 164 185 199 199 209 210 209 209 210 208 209 213 213 213 209 207 205 202 204 204 202 199 199 195 173 137 131 129 151 158 152 154 148 126 97 79 74 79 64 46 67 96 81 70 84 104 108 118 135 118 104 95 88 84 83 67 35 15 12 12 12 12 12 12 14 14 13 16 22 23 25 24 23
51 44 35 28 22 17 15 14 14 14 18 53 103 118 119 136 132 131 135 144 134 110 108 106 98 89 93 97 127 116 124 121 52 23 23 24 25 28 41 71 93 123 128 102 86 80 104 141 161 154 115 45 59 102 139 169 191 198 199 208 209 208 210 213 210 211 212 213 210 206 203 200 195 193 193 193 187 179 175 154 116 130 123 127 136 138 137 131 111 85 67 60 61 47 48 65 63 89 128 168 191 177 180 187 167 136 104 86 80 77 73 34 14 12 12 12 12 12 12 14 14 14 13 18 26 29 25 20
48 41 33 25 19 16 14 14 13 13 19 44 101 122 118 129 127 121 117 117 122 127 130 116 109 106 85 91 135 114 124 121 47 19 17 14 15 16 28 63 71 99 140 125 89 89 97 106 111 124 118 49 66 106 143 175 196 199 203 206 207 208 212 215 211 211 210 209 204 201 195 191 184 181 180 177 167 153 145 147 141 152 135 113 119 122 118 113 92 70 54 46 48 39 56 91 136 145 165 194 207 207 208 204 206 204 186 125 78 71 69 32 13 12 12 12 12 12 13 15 14 14 15 14 22 27 25 20
46 38 30 22 17 15 14 13 13 14 20 30 80 108 123 122 114 113 100 82 82 135 150 134 133 133 112 91 116 110 129 113 44 19 16 14 15 15 20 42 49 54 106 150 111 97 100 60 60 71 65 39 69 111 143 178 199 201 205 206 207 207 214 214 210 209 204 199 195 190 182 174 164 159 157 151 138 121 105 147 162 142 129 105 95 98 97 93 70 46 39 36 38 40 84 140 159 144 150 179 193 195 196 193 196 194 196 194 131 69 65 28 13 12 12 12 12 12 13 16 14 14 15 18 18 22 22 19
41 35 28 20 16 14 13 13 17 24 26 25 60 98 107 129 135 125 105 88 103 139 139 123 127 128 111 88 115 124 137 119 44 19 16 15 14 15 16 23 49 45 76 137 130 112 83 53 60 38 37 41 70 117 145 180 198 200 206 207 207 210 215 212 207 202 190 186 180 172 158 146 135 127 121 111 106 96 91 135 143 121 119 104 84 78 75 71 48 30 30 31 32 54 117 156 178 173 146 170 191 191 187 187 184 183 183 180 185 99 59 25 14 12 12 12 12 12 13 16 19 18 18 18 19 21 21 20
38 32 24 17 14 14 13 17 24 26 26 26 57 86 100 115 137 132 125 120 123 130 137 134 125 117 105 84 122 133 133 124 52 19 16 14 14 15 17 18 47 57 49 105 132 106 114 105 94 55 35 42 75 122 149 183 197 198 202 208 208 214 213 202 195 177 166 159 148 134 116 99 87 81 83 71 89 143 94 88 104 100 108 98 80 72 65 53 36 26 27 29 34 76 134 168 188 200 179 179 195 187 178 173 164 168 163 166 167 147 56 21 14 12 12 12 12 12 13 15 22 22 17 14 17 21 21 19
35 29 21 16 15 13 16 24 26 19 25 27 58 91 111 123 138 132 123 112 93 99 109 115 122 117 106 89 120 118 122 114 54 19 16 14 15 14 16 17 19 54 44 89 126 110 144 104 83 50 34 45 78 122 155 187 198 196 201 207 213 215 201 184 156 138 127 107 90 77 63 58 52 51 81 96 114 141 107 60 70 64 85 84 78 74 44 32 27 25 26 29 41 94 144 176 193 202 194 177 181 183 176 162 155 158 160 159 149 163 65 19 13 12 12 12 12 12 13 15 16 16 15 15 19 19 18 16
33 26 19 15 16 41 47 37 32 19 24 27 57 95 120 132 140 139 134 142 134 121 116 111 106 102 84 87 117 128 134 117 64 20 16 14 14 14 13 19 16 45 45 68 98 85 53 38 41 40 37 47 81 123 159 188 194 195 201 208 215 213 179 139 105 85 71 60 50 47 54 72 78 73 117 111 70 102 113 94 103 48 49 58 63 74 50 27 24 25 27 31 52 112 152 180 197 204 199 178 172 181 175 159 150 154 169 152 141 155 67 17 13 12 12 12 12 12 12 13 12 12 14 16 17 16 15 15
30 22 17 13 42 76 60 41 35 22 21 25 56 90 110 123 132 140 141 144 139 128 122 123 121 111 81 92 112 122 131 115 74 24 16 14 14 13 29 19 15 29 54 42 44 47 38 34 32 36 42 49 83 127 162 186 195 198 203 209 215 204 134 74 58 48 46 45 60 97 125 152 154 106 113 111 61 68 81 84 96 69 42 53 62 75 70 29 23 25 28 34 70 125 157 181 196 204 199 180 174 180 173 159 151 156 159 141 134 138 60 16 13 12 12 12 12 12 12 12 12 12 13 12 15 15 15 15
27 20 15 36 81 79 49 35 27 23 20 22 50 80 104 110 116 119 125 129 130 131 124 108 104 107 88 106 100 99 104 110 85 25 16 14 15 24 24 17 15 16 31 27 28 47 39 32 29 29 33 43 82 133 164 186 196 204 206 210 216 184 70 48 45 43 60 105 147 154 135 136 136 103 96 112 65 48 50 61 78 90 78 77 65 59 47 25 25 26 31 40 91 133 160 182 192 197 196 186 179 177 168 161 156 151 140 136 125 123 44 15 12 12 12 12 12 12 12 12 12 12 12 12 12 14 14 14
23 18 40 76 83 67 42 28 20 21 20 25 60 82 101 105 105 102 102 112 119 122 125 126 124 119 99 116 114 125 132 134 99 27 17 14 18 41 12 14 14 14 24 20 24 40 38 31 29 29 31 44 80 132 171 188 200 206 207 210 217 156 48 46 51 86 134 144 140 131 112 103 100 76 65 88 81 94 55 55 58 64 67 63 54 36 34 32 27 29 35 71 113 142 161 178 185 192 194 188 184 176 166 160 150 144 139 130 115 105 27 14 12 12 12 12 12 12 12 12 12 12 12 12 12 13 14 13
20 18 29 30 24 38 40 31 23 23 25 25 60 83 109 121 116 106 106 102 108 121 123 114 114 115 98 113 104 114 121 124 104 31 17 14 14 12 13 15 16 17 24 19 21 35 38 29 27 28 30 43 71 131 172 184 199 207 210 211 217 144 45 52 81 98 98 101 113 109 96 85 79 65 54 62 59 67 49 36 30 28 28 32 29 27 33 28 29 30 62 116 129 147 163 177 181 182 184 187 183 175 161 156 146 137 135 116 116 75 18 13 12 12 12 12 12 12 12 12 12 12 12 12 12 12 13 12
17 15 13 12 10 29 48 30 20 24 30 25 58 66 81 115 136 133 128 124 111 99 109 120 116 103 97 105 103 113 126 133 111 33 17 14 13 13 14 23 18 20 27 25 24 31 38 29 28 28 30 42 69 132 167 182 200 208 210 212 215 128 43 45 45 48 55 62 75 72 63 62 57 54 50 48 45 52 46 29 24 22 21 21 23 29 29 26 29 39 109 133 132 147 163 171 178 182 182 186 182 167 157 154 143 135 120 108 111 40 15 13 12 12 12 12 12 12 12 12 12 12 12 12 12 12 12 12
16 15 13 14 12 19 43 33 18 29 33 28 64 81 89 94 113 127 138 138 133 122 108 101 111 113 111 120 117 125 129 128 109 35 16 14 13 13 14 16 12 15 16 28 23 30 38 27 28 29 32 42 68 131 162 182 199 207 212 213 211 104 40 37 32 32 34 36 38 38 51 41 41 41 40 42 31 32 30 25 20 18 25 29 25 27 22 26 29 68 136 144 140 152 164 172 180 180 185 189 180 162 156 155 143 125 107 119 80 30 15 12 12 12 12 12 12 12 12 12 12 12 12 12 12 12 12 12
15 14 14 13 13 11 22 41 20 45 53 27 49 71 101 116 114 112 108 116 123 133 132 125 115 113 118 132 117 122 123 132 119 39 18 14 13 13 13 13 13 15 16 24 18 28 38 27 25 29 34 41 75 132 162 184 200 208 212 212 202 81 40 35 30 28 28 27 26 26 36 26 32 35 32 27 23 24 20 20 24 27 31 30 26 23 23 27 42 105 144 149 148 163 174 183 183 181 186 186 173 160 155 154 134 114 117 105 49 31 17 11 12 12 12 12 12 12 12 12 12 12 12 12 12 12 12 12
15 14 14 13 13 13 13 17 17 47 75 56 50 66 79 107 126 126 119 109 101 112 130 135 126 112 106 132 123 131 130 136 123 43 18 13 13 13 14 14 13 17 21 29 16 25 38 25 25 29 33 48 98 139 167 188 204 211 212 211 186 64 41 34 29 25 25 25 24 24 23 23 23 21 21 21 19 17 22 34 39 31 29 32 26 20 24 28 71 131 151 162 151 154 170 183 186 184 188 181 169 157 155 149 131 123 124 81 42 31 18 11 12 12 12 12 12 12 12 13 12 12 12 12 12 12 12 12
14 13 13 13 12 13 13 13 16 30 38 62 70 80 93 103 112 121 126 124 119 100 104 126 126 106 103 134 119 129 130 129 122 45 17 14 14 12 39 15 12 17 23 28 15 20 38 24 25 28 44 77 117 146 173 194 207 213 210 209 162 50 41 36 32 26 25 25 24 22 22 22 21 18 16 15 13 13 23 36 37 32 29 31 20 21 25 41 99 137 149 173 172 163 168 175 182 189 187 174 159 151 149 141 136 127 102 59 46 32 15 12 12 12 12 12 12 12 13 13 13 12 13 12 12 12 12 12
14 14 13 12 13 13 13 13 16 27 24 40 66 67 89 112 121 122 122 117 119 118 95 87 102 95 98 126 106 116 121 122 116 44 16 14 14 14 13 12 13 16 25 27 14 17 38 25 25 29 63 92 125 156 178 196 208 215 210 206 128 39 35 31 28 27 27 26 24 23 20 16 14 14 14 13 13 13 20 35 36 38 29 22 18 23 27 61 116 138 155 174 182 180 185 183 183 190 184 169 148 143 142 137 133 121 77 53 46 32 15 12 12 12 12 12 12 12 14 14 13 13 13 12 12 12 12 12
13 13 13 13 12 13 12 13 16 21 24 41 58 64 78 98 117 131 130 122 109 106 114 107 87 79 91 111 95 111 120 120 110 40 20 16 14 13 13 11 17 20 24 26 14 15 39 27 26 36 71 96 131 164 186 201 211 214 207 195 93 38 32 28 23 21 20 18 17 16 15 14 13 14 14 13 14 13 16 33 35 34 26 18 20 24 34 88 124 133 160 176 182 187 187 183 190 188 179 158 137 144 139 133 128 115 63 52 43 34 18 11 12 12 12 12 12 13 14 14 14 13 13 12 12 12 12 12
13 13 13 13 13 13 13 13 17 17 27 60 66 69 78 97 116 133 133 123 119 105 90 104 114 93 82 91 97 113 116 115 109 40 17 14 13 13 11 9 20 19 21 26 14 17 38 28 29 48 81 96 135 170 191 202 208 208 204 172 60 38 29 25 22 20 18 15 14 14 14 14 14 14 13 13 13 13 14 30 34 30 20 17 21 27 56 109 122 135 167 178 182 184 179 184 192 186 172 143 134 140 137 131 134 104 51 54 42 36 21 11 12 12 12 12 12 14 14 13 13 13 12 12 12 12 12 12
13 13 13 13 13 13 13 13 15 14 21 63 85 86 83 87 115 128 132 122 122 120 101 82 93 93 72 91 99 105 107 113 110 42 16 14 14 13 18 25 19 15 22 24 12 24 36 29 32 66 90 104 147 174 193 203 203 202 198 138 44 37 27 23 21 18 16 14 14 14 14 13 14 14 13 13 13 12 13 24 33 26 17 18 23 39 84 117 120 145 175 181 183 180 181 193 188 180 160 131 139 142 132 135 141 81 49 54 43 37 25 12 12 12 12 12 12 13 14 14 14 13 13 12 12 12 12 12
13 13 12 13 14 13 13 14 13 13 16 38 71 78 98 92 110 119 126 125 117 114 109 88 87 94 91 93 90 91 103 117 115 43 16 14 13 13 15 26 40 18 27 23 12 31 35 30 41 85 96 122 164 175 188 198 202 195 182 94 39 34 23 21 20 18 15 13 14 15 13 13 14 14 13 14 13 12 12 16 30 22 16 19 24 49 104 115 125 159 181 183 177 179 187 189 184 171 143 128 144 141 137 145 127 58 56 54 43 39 28 12 12 12 12 12 12 12 14 14 14 14 13 12 12 12 12 12
13 13 12 13 13 13 13 14 13 13 20 44 74 70 83 95 113 123 127 129 125 118 115 108 90 89 90 87 91 105 115 122 115 42 16 14 13 13 12 31 57 33 26 18 14 37 33 32 55 101 103 140 176 188 189 197 202 191 158 58 37 31 22 18 18 17 15 14 14 15 13 14 13 14 13 13 12 12 12 14 25 19 17 21 28 77 114 110 133 167 184 179 175 185 191 186 180 163 131 137 152 149 145 138 88 52 53 50 34 32 27 13 12 12 12 12 12 12 14 14 13 14 13 12 12 12 12 12
14 13 13 12 13 13 14 14 14 14 24 49 70 78 83 91 105 120 128 128 119 109 101 104 85 78 98 109 115 119 120 120 113 41 16 14 14 13 12 20 45 39 14 13 18 37 33 35 75 108 110 154 183 197 201 202 195 182 115 40 34 26 19 17 16 15 14 13 13 13 13 14 13 13 13 13 12 13 12 14 23 18 19 22 42 105 109 115 145 175 183 178 183 187 185 185 174 147 131 155 160 151 139 112 72 51 49 44 30 20 17 13 12 12 12 12 12 12 14 14 13 13 14 12 12 12 12 12
13 13 13 13 13 13 13 13 14 15 22 55 77 77 89 98 110 121 130 133 127 117 97 73 49 64 84 83 88 92 103 112 112 42 16 15 13 13 12 11 13 15 13 13 23 37 33 43 101 108 121 163 189 202 206 201 187 164 68 38 35 28 19 17 15 14 14 13 13 14 15 14 14 14 13 13 12 12 13 15 20 17 20 24 66 119 103 122 152 181 177 177 182 190 185 177 164 135 142 167 160 139 122 78 66 52 51 44 38 27 15 12 12 12 12 12 12 12 14 14 13 12 12 12 12 12 12 12
13 12 13 13 13 14 14 14 13 16 22 51 86 77 89 98 111 124 128 130 128 124 115 73 38 68 81 81 95 91 102 115 114 46 17 15 14 13 11 12 12 12 14 14 29 35 34 71 128 108 136 173 193 203 204 191 172 120 41 36 30 27 16 16 14 14 13 13 13 14 14 14 14 14 13 14 13 12 12 17 27 17 21 33 95 112 101 126 155 178 177 181 184 183 179 171 151 132 160 165 149 126 96 56 49 46 43 36 32 30 23 12 12 12 12 12 12 12 12 14 14 12 12 12 12 12 12 12
13 13 12 13 13 13 13 13 13 16 25 51 92 81 84 96 110 124 133 132 128 127 117 59 43 76 90 102 109 109 112 124 113 43 17 14 13 12 12 11 13 12 14 16 36 34 43 112 133 119 156 181 198 204 200 175 158 66 36 32 24 18 15 13 14 13 13 12 13 14 15 14 14 14 13 13 13 12 11 37 47 18 23 52 118 102 106 135 167 183 183 186 185 178 174 164 140 140 169 160 137 114 71 57 47 44 41 37 31 26 16 12 12 12 12 12 12 12 12 12 13 12 12 12 12 12 12 12
26 23 21 19 17 16 16 15 15 16 30 49 92 89 87 94 106 122 133 138 133 119 104 40 41 70 76 85 97 108 114 118 112 40 15 14 13 12 12 19 12 16 15 20 37 34 72 131 133 135 168 188 200 202 183 167 121 39 33 27 25 20 16 13 13 13 12 13 13 14 14 14 14 14 13 13 13 12 17 71 50 20 29 84 122 94 118 145 175 184 185 184 183 178 167 150 130 151 165 152 129 93 57 71 57 50 49 43 34 27 17 13 12 12 12 12 13 13 13 12 13 13 12 12 12 12 12 12
27 25 24 22 20 20 20 19 19 17 27 48 73 86 91 98 107 122 134 138 124 100 94 35 47 77 75 70 75 89 107 121 115 42 17 14 13 12 13 43 12 15 15 30 38 45 104 131 147 143 177 196 202 194 159 156 66 36 31 25 43 17 14 13 12 12 12 25 14 14 14 14 14 14 16 20 12 12 35 74 25 22 43 114 113 96 132 158 178 184 186 184 176 171 158 139 129 159 158 141 115 78 54 58 51 45 39 35 31 26 22 13 12 12 12 12 12 13 13 12 12 13 13 12 12 12 12 12
13 13 13 13 13 12 13 13 14 18 25 53 69 86 88 95 105 119 131 132 126 104 86 32 57 83 81 84 96 103 108 116 111 45 22 17 14 12 12 10 12 13 21 40 41 79 118 156 163 147 182 199 199 171 157 110 37 34 28 25 18 14 13 13 12 12 12 13 14 15 14 15 14 14 14 14 13 13 67 57 19 25 69 128 100 110 137 164 182 186 183 181 174 159 145 126 141 158 146 130 97 70 55 58 55 47 46 42 36 26 19 13 12 12 12 12 13 14 12 28 15 12 12 12 12 12 12 12
14 14 13 13 13 13 12 13 13 17 23 50 74 80 92 99 108 117 129 132 130 103 71 31 63 80 76 76 79 94 114 119 107 39 21 16 14 12 12 12 13 15 28 38 77 116 131 157 162 163 189 197 188 157 146 55 33 32 26 18 16 14 14 13 12 12 12 13 14 15 14 14 14 14 14 13 12 27 83 30 22 31 94 127 96 123 145 167 184 183 183 178 171 152 135 124 155 151 137 115 93 63 51 52 52 43 40 35 31 25 21 12 12 12 12 12 13 13 14 15 12 12 12 12 12 12 12 12
14 14 14 14 14 14 14 14 14 16 25 52 76 79 89 104 110 118 130 133 131 102 52 30 68 83 73 64 82 100 112 123 105 38 18 13 12 12 12 12 14 23 29 66 118 134 149 143 155 169 189 188 171 157 93 34 32 25 24 18 16 14 13 13 12 13 12 14 14 13 23 20 13 14 13 13 20 51 75 20 22 43 111 111 104 130 147 166 184 186 183 175 160 143 123 138 154 141 128 96 79 66 51 50 52 45 44 38 32 29 20 12 12 12 12 13 12 12 12 12 12 12 12 12 12 12 12 12
15 14 14 14 14 13 14 13 14 17 29 58 73 83 90 104 112 120 134 136 129 101 45 32 69 83 85 87 95 104 113 125 102 30 16 17 14 12 12 13 16 21 47 107 134 152 153 135 144 175 189 182 168 136 45 32 26 22 21 22 15 13 22 15 12 12 12 13 14 14 14 14 14 16 13 12 12 72 52 19 23 56 117 100 117 134 149 168 183 186 177 166 149 132 118 150 144 130 107 67 59 57 51 52 48 43 41 34 32 27 18 12 12 13 12 12 13 12 12 13 12 12 12 12 12 12 12 12
14 14 15 14 14 13 13 14 14 17 31 66 77 87 90 103 113 125 135 135 129 95 37 38 72 79 78 89 104 106 115 124 99 28 17 14 13 12 13 14 17 30 88 126 142 143 140 135 155 185 190 189 173 90 34 29 28 23 23 17 15 13 25 15 12 12 12 12 14 14 14 14 17 24 12 12 21 67 28 20 25 68 111 101 122 138 153 168 177 177 169 155 141 114 141 147 132 114 66 40 53 52 49 50 48 46 42 37 34 26 18 17 18 18 16 15 12 13 12 12 12 12 12 12 12 12 12 12
15 15 14 14 14 14 14 13 14 17 28 63 75 86 91 105 114 126 132 132 131 87 30 46 75 78 79 79 89 107 118 124 95 28 22 13 13 12 13 15 19 52 112 130 130 134 136 135 173 190 196 189 149 47 31 26 29 21 18 21 13 13 11 12 12 12 12 11 13 14 13 14 14 13 13 14 27 36 18 19 28 76 101 105 131 141 151 169 174 171 163 144 117 122 152 136 115 85 39 38 54 67 50 53 54 45 39 31 30 26 17 15 15 15 15 16 14 18 13 12 12 12 12 12 12 12 12 12
15 15 14 15 15 14 14 14 14 17 26 60 81 86 91 104 114 125 132 133 131 74 27 53 73 72 78 88 92 101 117 124 90 30 66 18 15 12 13 16 33 90 122 125 128 134 128 136 166 188 200 179 121 35 29 22 19 23 20 18 13 13 16 18 11 12 13 59 16 14 14 14 14 14 13 16 26 23 18 19 32 81 95 112 137 147 152 158 173 168 151 125 110 145 137 111 88 56 30 38 49 50 46 58 98 46 38 27 27 24 16 12 12 12 14 12 20 27 15 12 12 12 12 12 12 12 12 12
15 15 14 14 14 14 14 14 15 20 29 66 76 82 90 104 115 122 130 134 131 57 25 58 74 69 77 85 98 104 115 125 88 24 19 15 17 13 14 19 63 111 118 130 133 130 122 143 160 176 188 152 82 30 26 19 18 18 20 22 12 12 16 18 11 12 11 19 17 14 14 14 14 14 12 11 28 29 22 20 38 79 98 119 139 151 154 157 162 154 133 108 140 146 115 84 60 40 28 35 49 50 48 48 61 52 36 27 24 21 15 12 12 13 21 15 26 30 16 12 12 12 12 12 12 12 12 12
15 14 14 13 13 13 14 14 15 25 31 71 78 81 90 105 115 123 133 134 122 44 27 59 72 68 74 87 98 106 115 125 83 23 17 17 22 13 15 35 91 118 121 124 128 126 122 138 144 152 157 90 36 27 20 16 17 16 15 14 13 12 12 12 12 12 12 12 16 13 14 14 14 13 12 14 20 16 18 22 41 76 111 128 136 148 158 154 152 135 113 129 156 120 85 68 48 37 26 34 48 50 50 51 52 46 36 28 25 19 14 12 12 12 16 19 33 31 16 13 12 12 12 12 12 12 12 12
15 15 14 14 14 14 14 14 15 25 33 74 73 76 90 106 117 127 133 135 111 35 30 64 71 69 75 89 101 106 116 123 77 21 21 24 11 15 20 59 96 119 123 122 123 128 129 120 98 87 93 48 28 24 18 15 15 16 15 15 13 13 12 12 11 12 12 12 12 12 14 14 14 13 15 16 21 16 16 25 38 77 119 136 140 146 152 147 136 124 125 161 131 86 67 50 45 37 28 35 48 49 49 53 52 46 36 28 26 19 14 13 12 13 33 28 33 31 15 13 12 13 12 12 12 12 12 12
14 15 14 14 13 13 14 13 14 18 32 76 77 79 88 106 117 128 133 134 106 32 35 75 74 68 84 90 100 107 116 123 75 21 17 15 13 15 35 75 104 119 125 120 113 120 115 83 46 40 37 30 25 20 16 14 15 16 15 14 13 13 13 11 15 12 12 12 14 39 14 14 13 13 14 18 19 15 16 31 39 89 129 138 142 146 149 144 136 133 165 160 92 62 52 47 43 37 31 35 48 50 50 56 50 58 38 30 27 20 15 13 13 13 41 32 33 30 14 13 12 13 13 12 12 12 12 12
15 15 15 14 14 14 14 14 14 15 33 75 79 82 90 104 120 131 136 135 104 32 39 77 74 66 80 95 96 105 117 121 70 20 16 15 15 23 55 83 105 112 115 108 89 77 72 67 43 35 28 25 20 16 14 13 15 16 15 14 13 13 12 17 14 15 12 12 12 26 14 14 13 13 12 20 17 16 18 38 42 100 135 136 143 147 147 148 144 164 180 129 61 58 51 48 46 40 35 38 51 51 49 53 53 49 38 31 26 22 17 14 14 17 38 30 35 31 15 14 13 13 14 13 13 12 12 12
15 15 15 15 14 15 14 14 14 14 32 74 75 79 93 105 122 133 137 135 105 32 44 78 72 69 74 95 98 110 119 121 63 21 27 15 17 47 71 96 112 119 112 93 87 74 85 75 40 25 22 19 17 15 14 13 16 18 15 14 13 12 13 14 12 13 13 12 11 18 15 14 14 12 13 19 19 17 20 39 40 94 129 132 145 153 155 152 157 183 168 88 63 58 53 52 48 41 39 39 50 52 53 57 55 50 42 35 30 26 24 25 14 29 27 25 37 33 16 14 15 15 15 14 13 13 12 12
15 15 15 14 14 15 14 14 14 15 32 71 75 77 94 107 121 134 137 135 106 32 48 88 71 71 79 93 100 112 120 120 57 21 18 16 39 72 82 105 107 110 108 112 113 100 77 67 32 21 23 18 15 14 13 13 15 18 16 13 16 19 14 14 11 12 14 12 12 12 14 14 13 12 15 20 19 19 24 41 46 74 109 129 150 161 165 156 172 181 140 93 109 121 129 136 134 125 119 99 83 63 55 58 58 52 44 37 35 30 25 24 21 19 22 30 39 34 19 17 18 18 18 17 15 15 14 12
15 15 15 15 14 14 14 15 14 15 33 69 71 78 94 111 123 129 134 132 102 32 49 88 68 63 81 93 99 107 121 119 51 21 19 37 81 80 95 99 98 97 105 119 98 74 61 44 22 19 18 14 14 15 16 14 15 19 15 14 13 12 11 15 19 11 12 11 12 13 15 14 13 12 18 20 15 16 26 39 92 95 102 130 161 171 164 161 172 171 138 142 152 161 168 172 176 176 179 182 179 162 122 73 56 55 48 40 38 35 31 27 27 27 31 35 41 37 24 23 23 25 24 23 22 20 16 14
15 15 15 15 15 14 14 15 14 15 35 67 66 76 92 115 126 127 134 133 98 31 49 72 69 68 81 95 104 108 118 118 46 22 33 86 83 80 94 96 92 94 108 108 90 75 59 29 22 14 16 14 14 12 60 24 37 44 13 15 13 16 13 13 14 12 13 17 12 20 13 14 13 13 21 19 16 17 28 41 104 130 118 133 163 170 164 161 166 156 145 154 160 169 176 181 182 184 187 190 189 190 190 168 105 58 51 45 40 37 33 31 30 31 32 37 44 41 31 30 30 31 32 31 29 28 23 17
15 15 15 15 14 14 13 14 14 15 33 59 59 72 94 112 124 129 135 134 95 30 61 77 65 73 81 98 107 111 121 112 41 30 75 92 79 70 95 96 86 102 107 89 76 77 47 18 25 36 20 16 13 13 31 19 15 20 15 14 13 17 13 12 12 13 13 16 12 13 12 14 13 12 25 21 17 17 30 41 89 129 126 135 158 167 166 158 163 154 159 168 176 182 185 187 190 194 195 196 199 199 195 192 184 132 62 50 80 100 91 83 75 67 62 62 61 54 45 41 38 36 34 34 33 31 29 23
15 15 15 15 14 14 14 14 15 14 31 51 61 69 99 113 122 128 134 135 87 27 62 80 58 76 88 96 109 115 123 106 43 75 88 75 79 74 79 89 95 101 96 84 78 57 21 20 25 25 14 14 14 13 11 17 13 15 15 15 13 12 12 12 13 16 12 11 12 12 12 14 13 18 28 24 17 17 29 39 76 124 118 135 161 168 166 160 169 167 172 173 177 182 185 190 195 199 203 207 205 203 201 197 192 187 148 93 148 162 172 170 169 165 166 166 159 163 164 158 153 143 137 132 129 135 70 26
15 15 15 14 14 14 14 14 14 14 26 41 47 61 99 117 121 130 129 132 73 24 53 74 64 75 93 95 107 119 127 97 65 91 82 72 78 81 77 85 90 81 79 70 86 53 17 15 13 12 13 14 12 12 12 11 13 15 17 16 13 12 12 12 12 11 12 14 12 12 12 13 13 10 31 28 18 17 28 42 59 110 112 126 151 167 169 173 189 181 178 174 166 167 176 186 189 190 193 196 196 197 195 196 197 190 188 169 145 151 125 148 152 146 138 129 126 127 126 125 123 126 143 150 178 251 136 27
15 15 15 15 14 15 15 14 14 14 20 31 47 51 95 120 116 133 135 125 58 23 49 65 69 75 89 101 110 114 128 99 66 74 81 80 82 88 100 99 82 71 57 94 146 39 17 14 14 13 13 12 30 17 9 37 28 13 16 13 12 13 12 12 12 14 12 13 12 12 12 12 12 10 30 36 20 18 23 45 48 93 107 122 145 159 148 155 181 191 183 177 164 147 149 154 156 154 155 157 163 170 181 195 200 195 196 193 184 183 128 137 154 154 144 135 130 126 123 147 183 190 119 143 168 237 156 33
16 15 15 15 15 14 14 14 14 14 21 33 53 54 91 130 115 122 133 121 50 24 47 48 64 79 90 102 110 116 121 123 109 86 86 92 85 88 99 85 65 63 123 189 100 20 17 15 13 12 13 13 23 17 14 18 15 14 15 15 16 12 12 12 14 47 13 12 12 12 12 12 12 11 22 35 22 17 17 39 43 72 78 111 146 148 121 104 134 165 180 185 184 170 153 148 152 148 141 146 150 162 174 182 182 190 198 197 193 189 183 165 150 148 144 137 132 128 123 202 250 194 113 131 157 233 177 39
16 15 15 15 14 14 14 13 14 14 25 39 51 53 77 136 134 117 125 122 48 23 42 44 58 80 92 103 109 112 106 125 115 95 95 100 88 86 81 54 91 177 201 150 42 22 17 14 13 19 29 26 10 13 15 15 14 16 19 18 19 13 13 12 12 12 12 12 12 12 13 12 12 12 14 29 20 18 16 30 39 40 45 54 97 123 121 92 90 101 128 152 161 173 170 166 171 179 184 185 181 176 172 172 179 187 196 196 195 196 193 189 179 165 153 139 130 129 128 219 239 151 110 125 142 225 195 48
16 15 15 15 14 14 14 14 13 21 43 47 57 47 64 124 144 131 120 116 44 22 40 51 56 74 84 100 113 110 96 121 111 99 96 80 83 82 54 44 170 196 166 70 25 21 16 14 11 36 19 13 13 16 26 24 26 21 44 27 16 15 12 11 12 12 12 12 12 11 20 21 11 12 11 27 22 20 17 20 36 31 36 53 80 100 122 102 80 83 90 113 133 147 153 159 158 159 165 168 172 172 172 171 167 169 177 186 191 194 198 196 194 187 179 170 154 132 139 236 219 127 111 120 130 215 211 59
16 16 15 14 15 14 14 14 13 18 46 68 70 57 55 114 133 137 129 113 42 21 39 52 59 72 87 99 115 112 101 126 127 108 75 76 81 54 35 50 176 167 88 31 24 16 20 18 13 12 12 12 14 17 26 25 25 21 14 13 16 19 11 20 15 12 13 12 12 12 12 13 12 12 12 14 26 21 19 16 21 36 33 39 66 72 109 110 115 119 97 103 109 115 122 124 129 126 124 125 135 139 137 140 141 143 151 159 171 187 190 193 197 197 191 184 182 180 183 240 181 116 112 116 125 202 223 73
17 14 16 15 15 14 13 13 13 15 24 67 95 80 52 102 129 119 129 120 41 19 33 56 63 70 90 119 131 131 118 112 124 85 59 61 51 35 27 61 168 95 32 29 21 18 16 14 13 13 12 12 14 20 27 26 32 24 14 12 13 14 8 54 27 10 13 12 12 12 12 12 12 13 13 12 18 26 22 17 17 23 31 35 43 39 74 73 72 98 81 74 68 72 76 79 86 93 88 94 100 103 107 111 121 124 129 149 169 172 176 177 180 189 195 197 195 187 191 206 193 155 125 114 122 189 233 89
60 29 13 15 15 14 13 14 13 13 17 35 88 97 65 82 137 127 112 111 41 18 29 59 71 68 101 134 132 139 137 91 85 70 47 36 29 27 26 80 108 33 26 25 18 17 14 12 12 13 14 13 14 21 29 31 24 23 19 11 13 12 12 10 11 12 12 12 12 12 12 12 13 13 12 12 17 13 24 31 20 17 20 26 35 37 37 41 35 45 50 51 57 53 49 43 43 48 52 57 61 62 66 67 71 76 92 135 133 122 135 146 148 148 166 187 197 199 188 186 203 206 195 166 121 176 238 109
81 70 31 12 15 15 14 14 13 14 18 28 66 83 79 74 126 143 131 112 39 17 34 40 65 78 122 130 139 154 159 106 99 56 38 28 25 25 27 72 48 32 27 24 31 13 12 13 13 12 13 12 17 49 28 27 23 13 18 27 13 13 12 11 11 12 12 12 12 12 12 12 12 13 12 11 12 12 11 14 24 22 19 21 23 31 32 30 31 32 33 32 33 36 45 53 53 56 53 49 47 49 53 55 67 78 66 65 84 99 115 130 140 137 123 141 171 198 199 190 185 198 207 206 160 163 240 129
81 80 69 26 13 15 14 14 13 22 40 47 66 70 78 77 106 138 138 114 34 18 34 36 64 115 131 133 145 155 169 122 119 51 28 26 25 24 30 56 53 51 49 42 52 29 31 12 13 12 12 12 13 19 27 26 26 21 17 18 14 17 12 19 17 11 12 11 11 11 11 11 15 14 12 16 12 12 12 11 11 15 15 16 21 49 48 34 32 30 30 28 27 26 26 28 30 31 36 41 42 50 51 43 47 49 47 50 70 87 105 121 139 139 114 103 133 167 185 190 191 196 203 204 200 170 236 152
82 80 79 58 16 15 14 13 15 38 60 64 63 60 60 81 102 130 136 107 29 19 37 37 77 126 127 139 151 164 182 182 143 47 26 31 34 22 46 57 52 52 57 71 53 43 20 11 13 17 15 13 12 72 37 29 29 25 17 16 14 21 13 13 13 12 12 21 31 22 16 13 22 14 12 13 12 12 12 12 12 12 12 13 18 60 69 69 69 64 50 45 38 34 29 23 23 24 25 23 29 33 40 32 33 34 38 39 48 62 78 91 108 131 137 110 106 147 163 163 178 195 200 201 197 185 232 173
81 80 78 76 36 13 15 13 19 57 78 82 81 57 43 59 95 127 135 105 26 19 44 46 74 138 136 141 153 169 195 210 117 37 30 25 22 36 57 57 60 53 54 72 54 52 35 14 11 14 16 13 13 33 33 30 30 27 20 14 15 13 12 12 12 12 12 29 49 37 36 32 14 12 13 12 13 12 11 12 12 12 12 12 18 63 69 71 75 67 54 48 42 37 29 28 29 18 16 17 30 39 44 47 43 56 37 34 39 45 55 81 105 128 137 125 98 131 157 158 169 194 199 195 193 187 226 194
81 78 77 78 59 15 15 13 20 48 68 83 85 70 45 36 61 120 134 96 25 21 34 44 77 151 143 148 154 180 203 190 68 36 33 24 30 54 59 52 51 52 52 52 55 48 46 29 14 12 12 13 12 19 31 57 46 25 20 15 16 16 12 12 12 12 11 27 36 37 44 39 14 13 12 12 11 27 23 11 12 12 12 13 20 60 69 71 73 62 74 50 41 35 26 20 37 17 13 15 27 38 43 51 63 167 81 42 30 35 43 52 63 102 135 148 124 129 137 162 189 192 190 189 196 180 215 211
74 78 78 76 72 27 13 15 15 25 37 62 71 68 67 74 57 94 131 85 22 26 43 55 62 104 145 155 171 179 192 128 48 38 39 30 49 60 42 24 21 30 36 61 49 48 47 40 20 14 18 11 12 22 32 33 35 24 15 15 14 13 12 11 10 12 11 26 45 39 42 44 18 11 12 12 10 25 27 11 12 12 12 13 21 59 70 72 71 58 66 50 42 36 25 17 34 15 20 17 26 39 42 47 76 138 95 88 62 32 31 42 50 60 73 117 131 130 158 187 194 190 188 195 200 168 203 227
52 79 78 77 76 42 13 15 24 18 23 44 82 84 84 110 103 88 124 68 20 31 73 82 49 67 126 150 188 172 128 64 47 43 43 45 57 52 20 12 14 25 20 47 50 48 57 52 31 13 19 14 12 22 34 35 31 25 14 15 14 14 12 17 30 10 11 26 47 36 36 41 19 11 13 12 12 10 11 15 12 12 12 12 17 59 70 72 67 55 50 50 40 45 24 16 32 15 33 22 24 39 43 45 80 99 90 88 89 64 27 35 83 83 40 59 129 152 160 182 192 192 193 204 195 147 192 233
33 75 78 76 75 55 14 15 46 67 67 73 85 101 107 111 111 96 117 59 18 22 76 72 66 83 90 126 188 153 71 49 50 47 44 52 60 43 12 13 14 14 15 46 51 53 54 54 40 15 13 13 12 25 35 37 32 28 13 15 13 13 13 13 18 12 11 25 26 18 18 21 17 18 17 13 12 13 12 12 12 12 12 12 15 55 73 73 63 57 56 49 40 32 22 16 24 13 29 19 26 40 44 45 84 95 89 85 84 85 48 39 67 92 60 57 109 133 157 186 193 197 202 208 183 126 182 235
23 71 79 76 75 64 19 15 27 65 109 134 125 107 94 74 60 58 98 47 16 16 51 81 117 117 69 106 144 93 53 51 48 45 45 53 54 29 12 14 13 16 13 28 58 54 52 48 48 39 15 12 18 28 34 32 33 24 15 16 12 12 12 12 12 12 12 14 11 11 11 11 13 14 12 14 15 13 13 12 12 12 12 12 13 51 71 72 60 54 55 50 40 29 21 15 16 13 12 13 25 37 45 48 92 91 87 85 85 86 62 48 75 122 97 62 111 139 156 187 193 200 208 203 153 114 172 234
19 65 80 76 76 69 23 16 26 38 73 101 90 59 38 30 31 50 71 32 15 17 52 104 144 116 104 95 73 48 47 49 46 46 28 17 17 14 15 17 14 14 13 40 60 55 50 50 38 13 12 12 13 30 33 51 38 24 21 15 12 12 11 12 13 17 12 12 12 12 12 12 12 12 13 12 12 11 15 13 12 12 12 14 14 46 69 69 59 50 49 47 40 27 20 15 11 12 12 12 27 34 42 55 96 90 86 84 84 85 56 48 80 117 124 61 105 138 157 185 196 202 211 190 112 114 159 231
18 63 79 77 75 70 26 25 75 88 92 90 70 66 82 96 109 122 76 19 15 21 55 109 158 121 125 83 44 46 43 44 46 39 14 12 12 14 13 13 13 13 25 53 57 75 50 51 44 20 14 12 15 56 36 41 37 24 13 15 15 13 16 14 12 18 12 12 12 12 12 12 12 12 13 12 13 11 18 14 12 11 24 14 13 43 68 61 53 50 50 51 35 24 15 13 17 13 13 12 27 35 37 64 95 89 86 84 83 84 49 54 106 133 133 61 101 143 167 183 192 196 208 161 94 113 148 227
17 63 80 77 75 71 27 18 70 102 100 93 95 114 130 124 84 69 47 17 15 20 50 89 141 96 133 68 42 47 45 43 45 23 12 13 12 13 13 12 15 31 53 56 54 51 49 48 47 26 12 12 18 40 35 33 33 23 12 16 15 15 20 16 12 11 12 12 12 14 16 12 12 12 12 12 12 12 11 12 12 12 12 13 10 36 68 55 48 51 60 53 33 22 14 12 17 12 12 12 27 37 35 72 94 88 85 84 83 81 50 69 107 109 86 61 102 146 173 185 183 196 203 126 91 111 139 222
