40 43 49 52 49 53 59 52 53 50 47 54 51 49 47 43 43 44 55 54 76 57 50 52 52 59 50 60 58 58 53 75 210 130 63 54 51 53 52 48 49 56 55 57 62 60 50 42 45 52 52 40 48 50 47 61 58 35 39 40 21 19 36 64 89 60 38 30 29 36 43 40 73 71 60 59 37 39 55 61 83 79 82 75 49 44 64 84 78 67 52 57 45 44 56 65 57 57 60 64 69 83 68 62 51 50 58 100 123 128 141 146 110 48 64 65 75 65 74 90 88 91 97 93 80 59 55 35
45 45 49 53 51 49 54 48 44 46 43 46 56 50 50 42 45 42 36 37 43 49 47 55 54 44 46 49 58 60 62 79 201 141 58 57 53 53 62 59 54 55 54 46 50 55 46 47 48 51 50 42 42 55 67 78 76 36 29 21 14 19 37 65 78 55 37 29 15 23 47 44 39 50 52 44 40 50 57 61 95 98 63 64 59 60 61 73 74 66 58 51 44 36 45 52 50 50 61 64 59 73 69 57 47 77 102 121 131 143 141 139 107 116 139 143 133 110 95 90 66 58 57 49 48 43 46 34
51 51 49 56 57 53 51 49 43 52 53 41 47 68 54 49 44 41 61 67 46 49 59 64 50 66 60 55 58 65 61 75 184 145 63 59 55 59 53 52 45 41 58 48 61 56 47 50 42 38 47 47 43 46 62 47 76 39 21 18 20 29 43 62 65 47 34 25 28 38 48 29 28 47 44 42 61 74 70 93 77 72 78 72 72 66 62 52 58 80 63 45 50 41 54 67 69 76 76 79 62 66 74 64 56 92 92 90 108 94 104 137 135 126 118 123 143 130 113 105 73 76 70 70 59 63 57 60
43 50 51 56 55 62 51 54 60 58 51 53 56 50 57 48 45 45 55 74 54 51 61 55 62 69 66 65 63 62 63 65 180 170 61 54 50 53 51 49 44 37 51 39 46 54 53 45 45 46 42 41 39 38 46 42 48 41 25 22 19 33 41 60 60 49 32 20 31 49 50 68 100 89 77 64 72 97 104 89 78 63 76 87 86 69 74 61 71 83 62 56 53 65 72 73 74 76 84 90 87 75 71 60 54 69 78 117 116 94 125 134 116 73 101 121 133 142 141 160 150 136 133 104 87 75 74 64
44 51 49 49 54 64 68 63 58 52 49 53 48 43 44 47 49 54 56 62 53 46 56 53 63 63 64 73 67 66 67 60 167 173 57 50 43 53 60 62 54 37 39 50 46 46 47 42 41 49 31 32 31 36 35 36 39 33 49 29 27 32 29 58 66 60 41 24 35 51 83 83 90 82 87 77 75 84 84 82 60 78 75 85 92 84 77 67 77 60 57 62 66 54 78 89 66 76 79 55 54 70 76 63 71 70 65 113 116 97 132 138 101 81 112 137 143 148 158 141 128 126 137 125 105 72 64 66
51 51 46 53 55 52 55 57 50 49 52 53 57 60 68 61 56 70 91 90 88 77 78 63 63 63 71 75 57 59 56 47 160 167 54 56 52 51 53 52 55 63 42 39 53 63 47 46 52 43 37 29 27 28 34 47 50 26 40 34 28 21 23 55 53 50 42 22 35 51 80 67 82 75 73 73 77 89 77 75 63 65 86 91 88 80 78 70 73 71 78 59 118 146 151 149 127 96 50 51 79 104 126 110 86 75 69 82 107 101 124 111 71 99 129 128 125 134 130 113 122 94 95 97 88 67 53 49
50 54 55 59 60 65 68 60 84 81 85 87 80 79 70 74 74 60 59 70 64 62 51 48 49 59 57 57 48 56 63 57 160 179 55 48 55 59 56 48 49 68 47 38 40 50 56 53 45 35 36 41 30 31 24 20 19 18 24 17 22 18 26 48 51 54 35 26 36 57 61 71 72 76 69 70 62 67 63 71 62 69 66 69 86 86 91 90 89 104 109 109 130 121 114 120 137 131 91 117 136 145 142 146 113 79 90 87 98 91 97 87 75 109 87 105 109 114 98 107 87 82 83 97 91 89 74 53
56 63 62 75 81 60 49 55 59 57 51 56 56 59 83 83 72 75 64 67 58 52 63 60 59 54 41 44 47 52 57 63 164 185 77 60 53 47 49 53 55 54 48 33 25 26 27 41 31 23 29 40 25 13 17 21 20 18 23 17 18 28 37 53 66 70 42 26 40 56 70 72 70 87 87 96 87 84 89 101 67 87 100 98 89 87 89 114 118 111 108 112 108 106 107 104 86 70 134 141 140 144 144 145 145 115 86 80 73 56 74 88 101 100 100 103 106 78 88 105 88 86 91 90 71 64 53 36
66 62 69 53 59 50 60 52 56 57 51 57 54 56 72 60 62 58 71 69 58 46 54 69 73 58 46 55 57 52 54 50 164 184 62 66 56 57 62 67 58 44 36 33 39 35 19 24 31 34 29 26 19 24 31 29 31 24 26 29 35 33 37 62 68 69 49 35 39 57 82 72 69 81 117 119 118 129 125 107 94 92 95 87 77 80 95 108 101 104 106 91 99 107 95 83 66 91 111 139 143 141 141 123 108 98 100 76 29 42 76 72 101 99 104 103 73 55 74 86 75 66 69 60 55 67 58 57
52 54 55 58 66 73 69 57 63 65 63 55 52 58 63 65 60 63 65 66 57 57 52 58 73 58 50 52 59 60 67 66 160 188 63 63 67 65 66 58 57 49 37 37 37 36 21 30 33 24 24 19 26 54 32 25 24 24 30 26 31 38 35 67 86 67 52 81 116 113 94 108 97 90 140 147 122 116 110 83 90 98 118 130 125 140 145 144 122 114 115 97 100 93 99 128 147 142 94 109 130 115 89 85 91 87 72 57 44 58 72 87 101 106 105 89 59 85 107 103 107 62 61 67 63 70 74 69
64 71 61 65 59 70 71 60 45 61 55 68 56 58 66 52 61 75 64 60 57 53 52 48 46 60 51 52 63 70 63 69 146 187 79 80 82 70 75 52 39 40 43 27 24 34 22 31 34 29 23 17 30 46 29 26 24 24 28 27 32 39 58 100 103 102 113 152 165 160 152 152 163 159 171 157 131 101 89 72 82 120 140 163 183 185 159 137 118 124 139 132 130 129 125 121 122 122 85 84 91 70 77 89 92 94 86 79 78 67 62 96 97 67 83 85 84 109 111 116 109 86 79 72 74 74 69 57
63 73 56 58 56 58 75 64 67 73 68 93 66 70 63 61 59 69 62 64 61 51 44 50 47 64 68 54 52 51 51 52 135 205 79 64 60 51 62 52 37 24 18 25 34 32 21 29 24 22 27 24 41 48 55 48 36 37 40 36 37 63 113 109 87 126 147 132 132 129 134 143 148 156 160 166 174 175 153 134 135 148 151 138 125 137 137 130 148 125 113 111 112 118 126 125 125 131 95 73 67 62 87 89 88 89 75 45 37 59 89 72 73 75 80 82 88 83 102 116 122 101 82 84 88 87 82 71
65 53 53 56 55 51 81 67 80 80 83 100 62 47 58 52 48 48 55 57 60 49 47 49 58 58 48 53 48 50 62 56 108 218 96 60 65 62 45 40 56 39 18 18 21 37 34 31 26 27 46 47 43 42 45 62 38 45 52 49 90 129 116 85 120 128 129 122 132 139 135 132 140 145 132 130 138 119 129 120 132 129 109 83 80 115 127 152 166 153 143 141 120 139 137 133 118 121 127 70 54 57 72 82 72 48 32 25 21 27 80 88 98 112 115 122 117 106 119 132 136 137 131 129 129 124 122 114
62 40 46 62 64 66 76 58 85 72 73 86 73 64 58 60 54 49 45 48 52 50 37 44 58 58 49 54 49 54 62 67 101 213 111 52 79 82 55 55 53 41 33 26 39 59 50 37 36 27 41 64 68 50 52 67 40 56 75 116 116 133 97 87 123 121 119 129 122 129 128 123 132 143 111 114 83 88 113 93 90 87 76 73 63 89 144 161 159 159 165 173 157 125 129 134 139 141 132 127 83 54 52 39 26 22 23 24 42 61 90 123 136 131 136 124 109 118 139 135 136 129 117 108 126 137 136 136
53 51 50 61 63 60 62 56 73 80 70 69 66 69 68 68 59 54 50 53 56 49 49 46 56 52 59 53 51 53 59 60 90 199 123 45 67 71 69 48 44 42 57 51 45 42 40 42 45 42 65 63 68 60 48 42 73 112 133 128 125 93 79 100 117 120 121 127 124 131 130 131 130 124 112 82 74 87 90 92 84 81 75 62 95 133 152 156 139 155 155 161 167 125 111 116 107 118 128 138 54 41 34 33 31 35 51 81 126 131 120 131 131 123 116 106 107 124 144 134 130 130 139 135 137 125 131 111
58 50 52 53 51 64 73 53 72 79 72 90 73 68 62 66 60 52 51 54 49 46 44 49 50 54 55 55 56 57 54 52 86 212 144 56 68 66 55 39 41 43 60 52 50 57 69 70 62 67 73 52 62 70 63 79 122 130 134 139 116 68 100 116 120 118 115 128 124 139 138 125 109 112 83 72 86 79 72 70 69 56 69 123 139 147 146 141 142 152 152 157 142 106 92 99 108 117 157 99 53 92 49 84 105 120 108 107 128 147 124 124 124 121 123 102 127 141 151 140 136 132 127 122 115 126 91 68
57 57 54 52 50 64 55 53 71 74 68 94 93 75 61 66 68 61 72 61 53 50 55 57 52 54 49 53 62 58 53 44 101 237 160 56 53 66 69 58 48 51 59 62 63 64 62 67 59 57 51 48 59 70 98 144 114 120 133 147 101 99 129 100 114 116 118 134 143 146 137 132 124 89 66 78 80 81 59 38 31 73 134 143 152 159 159 152 160 155 141 115 109 95 82 79 118 155 85 82 123 123 107 117 112 105 95 96 118 139 96 92 99 122 102 84 120 140 139 106 121 126 112 117 135 113 105 78
60 58 61 61 63 55 55 72 73 57 56 80 93 69 66 72 67 70 77 63 60 58 48 52 51 52 48 64 73 65 53 50 99 216 129 52 67 74 59 48 47 74 73 75 70 72 69 62 55 43 36 47 50 70 119 136 121 128 128 125 90 104 108 109 114 132 145 150 134 136 143 129 123 87 104 97 69 54 37 42 92 133 135 152 146 148 158 149 118 110 111 126 111 111 114 155 141 90 98 116 126 88 107 127 117 89 102 101 122 102 82 77 126 117 81 103 138 130 103 82 114 117 118 122 107 105 91 69
54 60 60 57 60 53 58 75 81 71 68 81 81 60 69 70 67 79 88 83 73 59 57 54 59 49 51 50 55 51 50 45 107 202 92 57 70 65 49 44 58 81 76 74 70 68 63 60 53 46 52 47 75 110 110 119 121 118 102 102 87 113 124 137 131 138 135 140 131 130 132 129 98 108 107 75 64 62 59 109 146 145 135 153 140 121 129 110 77 88 125 127 130 145 160 122 96 112 113 123 76 108 110 109 87 90 100 112 103 92 95 88 89 82 74 119 130 136 89 63 97 70 85 97 73 76 68 62
50 60 59 64 51 57 62 83 74 73 58 68 64 60 71 72 76 79 82 89 83 84 58 40 63 63 60 61 58 51 48 46 104 174 94 62 72 61 58 77 74 71 61 67 66 66 69 70 59 60 59 58 119 124 126 112 107 110 98 74 75 115 145 146 137 134 142 139 127 118 115 104 96 110 102 92 85 97 116 128 135 147 129 128 133 99 96 113 94 91 101 109 150 158 96 94 101 113 138 80 89 102 99 79 90 84 96 96 96 83 89 110 82 63 93 118 100 83 74 88 101 123 100 80 68 47 50 53
62 63 60 59 51 59 63 75 75 83 63 59 60 60 64 68 68 86 82 83 80 79 53 48 63 58 83 76 76 57 46 43 93 165 131 75 77 68 73 78 88 66 55 63 64 68 79 74 58 56 56 107 133 133 136 109 104 101 81 65 66 118 142 135 142 139 136 133 128 110 100 81 89 90 111 124 118 110 103 90 95 112 109 108 94 94 100 122 102 92 111 158 131 87 105 103 82 120 95 67 83 91 70 88 88 78 91 83 102 78 61 65 59 82 108 92 111 116 87 73 93 84 92 102 71 79 85 78
70 64 65 63 59 63 64 76 82 72 79 86 52 57 59 70 54 57 69 82 65 67 74 69 69 55 58 77 94 80 57 53 107 164 133 77 81 87 84 75 69 62 63 65 68 67 75 66 84 91 101 132 128 122 124 113 104 98 75 70 97 134 132 138 138 124 115 123 107 84 85 108 111 110 115 119 124 125 112 91 107 107 103 87 82 91 102 123 121 151 168 109 92 114 123 128 134 97 86 106 90 104 93 96 74 81 88 83 115 79 51 52 63 112 109 133 139 102 76 65 62 77 110 100 92 77 66 56
73 81 74 66 57 57 64 77 79 60 80 74 52 50 63 83 63 75 75 71 60 59 55 53 53 71 70 68 78 61 64 57 79 128 163 83 71 88 82 71 72 95 90 76 83 100 101 113 95 88 103 118 116 118 123 117 110 106 87 83 117 148 117 131 136 108 91 96 98 104 122 130 121 119 112 118 119 119 113 77 115 132 124 111 107 90 97 122 113 130 88 95 110 115 131 146 118 79 86 97 92 92 103 77 71 85 78 112 152 102 47 40 97 124 108 85 99 124 98 67 62 64 72 83 68 50 29 25
67 71 68 61 62 58 58 54 70 64 61 81 78 86 96 81 83 71 85 73 50 69 84 72 72 69 61 59 80 64 54 65 80 117 155 117 88 92 87 87 114 120 122 129 110 119 125 137 106 66 62 96 111 114 123 121 112 100 99 105 120 131 108 108 97 93 79 85 92 104 99 118 107 78 82 86 93 105 96 70 102 113 115 113 121 101 123 149 96 89 103 106 102 123 132 92 81 96 92 88 79 82 77 75 80 87 90 105 104 83 59 64 112 112 77 78 99 97 95 72 75 84 69 58 42 29 30 16
62 69 68 59 55 52 52 53 65 61 57 73 91 99 93 93 74 63 83 76 63 77 89 61 62 70 62 59 91 109 121 106 93 116 107 106 82 74 107 93 118 119 114 148 156 128 109 104 82 63 89 91 96 110 114 98 96 99 103 110 115 109 108 97 95 82 83 73 54 67 62 78 100 100 95 98 104 103 58 84 113 108 116 117 97 134 153 101 105 116 116 121 115 136 102 80 74 75 96 79 73 75 81 66 64 94 130 102 80 58 59 77 85 87 90 89 96 87 75 65 69 73 66 69 68 55 41 25
69 63 67 60 49 53 51 50 57 57 59 64 66 78 75 74 61 64 59 53 66 76 69 69 79 78 76 93 89 124 120 86 75 74 96 87 79 78 107 123 121 128 130 126 132 110 102 103 87 77 104 101 102 136 148 145 142 136 135 120 112 117 121 107 100 102 118 111 100 102 87 78 69 70 80 77 88 87 66 99 104 122 103 96 148 145 99 115 124 128 127 144 148 98 82 83 81 80 71 75 78 72 78 66 72 91 117 100 92 53 51 102 80 87 110 106 83 66 65 53 51 87 71 82 76 61 52 50
74 60 59 60 55 59 61 55 59 57 49 53 53 85 83 75 77 84 72 68 70 76 83 98 85 71 88 115 87 109 81 101 98 96 74 75 91 120 119 130 137 138 122 109 107 106 93 77 82 101 123 101 91 134 146 144 155 156 166 163 162 147 138 118 111 118 120 129 139 124 100 94 106 124 126 132 129 128 127 117 131 106 86 131 127 106 114 109 122 156 169 166 107 83 86 82 74 92 70 82 70 61 70 72 73 71 72 73 72 57 57 63 72 89 108 126 95 67 74 74 70 89 80 72 56 44 34 28
80 73 67 59 60 66 65 64 65 62 57 69 81 96 98 81 74 64 72 64 65 50 64 94 86 76 67 57 87 84 89 116 93 100 106 104 107 121 125 127 118 98 123 135 107 95 80 81 85 100 96 91 94 119 127 145 149 152 140 133 132 140 142 121 105 118 112 122 122 111 89 78 87 101 107 98 101 93 92 90 94 115 121 86 117 134 130 150 165 177 168 105 86 85 83 63 70 114 68 72 88 101 88 96 100 108 113 69 66 68 62 74 65 80 96 108 89 67 61 58 67 66 60 56 38 29 25 15
64 70 69 77 70 64 66 70 69 61 59 56 74 76 86 74 70 69 81 78 79 86 81 90 74 109 110 77 87 92 111 123 114 111 111 119 121 127 127 112 95 104 123 128 118 109 80 102 114 110 124 103 92 98 126 145 132 120 117 102 93 120 117 110 94 93 109 108 102 98 91 82 87 96 100 95 90 91 102 101 155 140 97 103 117 134 166 179 177 165 95 82 87 82 65 43 112 106 79 95 98 126 110 98 135 135 109 65 66 67 54 58 73 103 124 124 104 57 58 100 144 78 67 54 31 22 18 15
76 72 64 74 75 65 61 64 70 70 68 57 70 77 75 72 73 64 73 71 84 88 98 94 88 108 103 87 98 102 94 104 115 101 119 135 126 112 103 102 107 109 130 119 115 108 84 109 139 121 120 93 82 95 107 137 120 110 120 110 89 90 81 67 72 73 90 99 120 114 96 77 84 81 87 79 85 86 126 178 128 114 131 126 164 146 169 188 147 103 89 90 101 64 39 91 133 98 96 92 107 114 100 140 148 134 101 83 75 65 56 59 73 97 127 139 137 93 103 126 127 80 65 57 48 28 24 39
68 76 69 62 64 75 69 57 65 74 70 61 69 69 74 76 87 87 98 73 69 80 92 94 103 100 96 91 90 100 92 92 113 123 126 128 121 112 110 101 108 114 113 128 113 71 85 109 134 130 103 84 92 103 129 132 126 111 124 127 103 88 97 118 120 111 96 105 127 103 93 81 91 80 88 74 84 141 168 114 126 139 152 157 192 187 147 128 100 107 93 74 75 74 78 115 115 93 95 101 102 96 91 115 130 165 135 140 117 76 61 69 68 71 113 140 129 115 121 121 95 76 74 61 53 44 44 33
76 69 62 59 75 78 75 73 72 70 71 70 70 93 94 87 92 85 72 71 70 72 93 109 114 107 92 93 95 83 88 82 89 101 115 102 108 122 101 98 105 131 116 123 114 92 98 112 129 116 84 78 85 90 119 138 140 129 116 118 119 129 128 114 104 87 83 76 74 85 85 76 104 94 81 86 167 169 122 139 145 162 205 175 143 153 112 83 117 119 90 46 65 98 106 123 122 94 120 121 97 88 124 140 151 141 162 137 91 65 54 72 83 90 136 142 135 116 122 99 91 76 61 69 50 50 36 25
76 77 84 79 85 78 67 80 81 95 106 100 90 88 91 91 86 87 90 77 80 87 98 89 94 95 88 103 94 84 90 85 95 94 124 133 107 112 107 125 108 109 97 100 105 102 98 97 107 108 79 60 72 73 105 136 117 107 117 134 133 106 94 75 67 80 106 61 74 81 78 99 124 98 111 177 130 105 113 154 166 180 191 193 160 96 110 96 88 68 48 52 108 107 96 112 102 112 120 101 130 116 128 151 126 146 136 124 93 84 75 61 96 105 129 114 99 129 120 95 94 87 95 75 45 46 55 66
94 99 98 109 108 101 96 92 89 94 106 109 100 90 98 92 87 89 79 94 112 115 88 83 98 91 87 96 86 84 86 87 83 89 114 135 110 110 111 146 114 112 104 104 109 103 97 104 99 106 103 105 112 82 109 134 115 112 125 103 108 94 83 75 73 105 119 71 89 78 92 107 128 163 178 114 125 141 121 138 188 172 177 145 112 131 128 109 73 54 49 86 96 91 80 97 98 111 121 123 149 132 140 122 127 172 162 134 125 77 79 48 70 74 104 107 111 110 97 100 114 126 118 110 94 104 98 66
105 104 117 116 110 104 97 86 85 95 115 108 90 93 99 86 80 86 78 92 110 106 79 74 90 92 83 87 84 90 95 94 94 97 89 94 106 118 96 94 113 110 100 135 121 102 101 126 121 127 109 106 114 91 125 139 132 127 104 75 79 72 74 81 113 115 68 69 94 105 113 110 175 160 110 135 143 154 192 176 137 161 126 104 125 156 144 66 34 45 91 95 88 86 85 108 106 124 126 145 154 159 123 122 151 190 154 96 66 51 50 47 44 49 95 111 128 115 106 127 123 116 128 110 126 147 123 122
109 113 107 110 112 108 86 78 97 103 105 100 88 86 86 73 63 65 77 109 99 82 83 84 87 80 88 93 77 79 96 96 103 108 89 86 108 95 91 96 110 118 112 108 109 93 104 136 116 112 98 83 60 112 127 127 134 132 80 78 68 84 77 65 102 109 89 94 90 94 118 186 139 115 142 145 162 197 199 194 146 116 124 120 170 145 52 34 48 85 101 100 89 88 86 92 117 126 111 133 149 147 122 145 173 141 124 95 97 49 51 65 66 68 106 140 127 109 120 138 110 129 140 174 170 183 168 157
104 113 111 112 110 103 80 96 103 95 103 108 102 92 90 73 54 70 98 113 101 85 86 89 69 72 88 89 74 78 100 105 102 101 105 90 101 86 81 89 94 137 123 87 77 84 116 128 100 94 93 84 69 114 130 141 149 89 67 79 62 47 40 43 94 152 120 101 92 131 181 121 123 144 147 170 198 201 184 123 130 134 137 175 122 42 33 43 81 83 81 82 88 97 97 94 93 113 112 118 115 110 113 145 164 119 108 70 55 49 54 68 94 121 118 141 109 105 123 165 166 163 175 193 194 187 190 191
96 111 115 112 108 108 82 98 84 98 104 100 97 86 85 71 63 89 102 107 106 111 83 73 71 84 87 88 69 86 110 100 106 105 101 104 115 91 89 87 100 111 101 95 71 93 100 108 108 94 91 79 75 118 133 136 113 93 91 64 57 58 70 99 122 100 100 102 152 173 109 127 143 151 184 201 200 160 106 96 111 115 137 80 38 34 35 65 85 77 80 95 97 83 82 96 83 71 112 110 110 121 126 107 125 128 96 77 53 59 65 81 102 112 126 138 138 136 165 177 184 188 186 184 189 191 204 205
107 92 86 108 108 109 108 71 78 98 92 91 74 78 85 83 91 97 93 91 104 96 85 84 71 79 89 81 77 83 102 100 100 107 97 101 115 88 77 82 88 117 102 96 81 98 99 105 97 91 89 80 85 96 83 71 71 66 56 62 52 59 74 102 97 99 99 166 160 116 135 143 159 197 207 184 130 97 96 96 90 72 42 31 33 34 64 81 75 83 116 124 106 84 94 95 97 73 69 77 81 116 147 116 131 130 120 82 64 93 95 98 111 107 145 162 171 181 191 182 178 180 186 190 203 191 199 200
109 109 85 81 101 97 103 82 89 94 83 83 74 73 79 86 102 104 99 88 87 98 95 96 86 77 87 83 80 85 105 114 95 89 105 96 94 77 64 81 134 126 107 99 78 95 85 84 91 96 95 112 102 117 130 114 105 116 105 93 88 100 98 99 96 114 179 135 100 140 150 157 196 200 155 104 94 97 96 85 57 35 32 31 33 60 87 90 84 90 93 92 83 82 90 83 79 47 71 72 107 110 100 94 106 92 87 95 124 111 119 106 103 98 173 189 193 193 184 181 185 190 189 194 175 143 119 94
113 105 82 96 105 95 92 87 87 75 73 80 87 90 99 102 106 107 99 86 86 86 96 90 72 85 84 86 91 98 116 108 92 92 88 101 90 81 74 105 128 109 98 101 77 91 94 77 104 101 93 112 120 131 132 111 91 99 102 102 101 104 117 109 134 176 127 115 143 128 105 142 166 122 91 96 96 92 72 43 31 52 75 71 73 85 93 86 80 87 89 84 72 72 76 81 71 95 106 105 128 150 113 97 99 86 95 100 109 117 106 111 170 178 190 200 197 192 192 178 177 190 197 204 208 163 94 81
111 107 95 100 93 92 96 94 93 95 90 98 111 117 124 103 99 105 95 94 94 92 83 79 79 91 89 88 95 88 104 97 93 89 84 87 95 96 89 91 92 75 88 100 116 117 99 83 108 104 108 123 118 105 97 91 114 102 113 99 97 98 107 155 175 99 107 127 144 138 153 136 98 90 97 97 85 57 34 32 42 77 77 87 102 95 101 98 94 90 87 86 83 84 78 74 73 94 74 78 82 92 129 106 95 87 88 92 105 106 147 183 197 205 188 181 209 190 180 194 196 203 215 208 200 154 120 147
106 94 94 95 97 87 93 93 103 110 101 103 108 114 107 108 102 98 91 88 99 102 113 120 118 103 97 94 85 84 88 78 90 88 82 89 96 102 105 100 95 99 86 93 101 96 90 95 133 112 126 147 118 132 104 106 103 107 121 96 111 112 164 151 92 117 130 122 152 159 110 89 90 96 93 72 44 33 33 39 76 90 80 88 89 94 99 91 88 81 79 81 108 112 99 64 65 64 66 69 67 71 79 111 92 114 101 115 125 140 164 199 203 186 192 202 201 182 161 188 211 208 208 212 176 157 179 149
89 79 75 78 95 93 91 95 116 119 92 81 68 74 106 131 131 124 118 108 107 114 124 130 127 128 129 117 108 99 108 90 79 87 88 85 86 103 94 86 98 116 78 104 112 71 71 96 153 129 90 109 123 123 91 94 108 108 121 114 138 173 126 95 123 132 157 170 125 89 89 92 92 83 58 38 34 34 38 68 86 86 85 86 89 100 97 91 84 81 83 77 78 77 71 71 72 71 70 71 82 105 91 112 129 133 114 160 191 170 186 184 169 151 188 191 178 159 142 187 147 182 206 192 166 158 135 128
92 99 72 76 98 94 103 117 114 106 81 56 57 77 116 132 132 128 126 120 113 112 113 100 111 125 115 108 100 100 97 105 102 98 90 93 85 101 97 83 90 83 95 112 105 87 88 106 124 129 108 113 113 57 55 56 75 102 98 131 177 116 111 130 137 155 137 94 85 90 91 87 68 47 38 36 37 36 60 76 83 85 79 89 99 98 95 97 90 86 87 86 70 72 79 77 74 75 82 86 117 110 132 146 144 171 165 137 148 163 199 196 180 176 174 158 118 105 96 154 121 131 149 171 173 152 146 103
95 89 82 90 97 91 108 112 104 105 105 90 92 92 114 124 125 123 111 112 121 110 107 110 97 106 116 125 135 133 115 109 117 121 101 85 95 101 97 95 93 84 114 130 135 136 119 119 115 126 131 123 114 74 64 66 88 101 115 174 141 145 141 126 140 102 85 88 93 92 78 53 36 36 38 40 36 54 77 79 89 95 91 100 104 92 100 104 94 88 91 81 71 67 67 74 77 81 115 142 173 170 179 184 188 200 196 192 163 134 157 191 202 184 166 163 168 164 167 125 86 74 79 98 115 101 116 96
87 76 100 111 115 111 102 92 100 102 97 101 85 99 117 122 110 108 106 95 93 104 110 109 109 124 119 114 115 110 97 103 107 117 108 83 101 106 111 101 96 111 133 136 140 139 117 120 129 129 114 111 97 110 113 123 129 128 130 135 133 103 88 71 84 87 90 92 88 65 44 39 37 37 36 51 73 89 79 83 95 99 104 110 108 109 115 104 107 108 101 84 76 67 68 81 94 122 171 193 204 205 201 200 197 197 197 199 208 195 143 116 160 182 178 174 171 181 141 105 94 76 70 78 81 74 83 78
103 103 110 112 115 97 94 95 100 99 89 90 88 113 110 108 92 87 74 64 68 101 121 115 111 121 123 106 92 88 96 108 109 95 97 91 90 97 97 96 97 136 150 140 122 123 127 121 133 125 139 135 114 139 131 130 130 127 121 104 81 53 55 73 91 88 88 75 54 44 42 42 42 41 48 94 105 114 105 93 100 102 94 104 116 123 153 149 128 117 108 89 98 95 92 96 132 173 198 209 206 208 209 204 204 200 201 202 204 205 202 162 131 139 154 178 193 180 130 80 55 61 82 103 101 75 72 67
118 111 105 102 99 86 89 95 97 89 85 79 75 61 71 96 65 43 53 55 77 99 108 106 113 110 96 96 84 105 124 117 133 129 122 110 104 108 101 106 104 129 133 124 126 140 131 131 139 135 142 144 139 137 112 111 122 118 104 89 54 57 85 86 91 80 58 42 39 41 39 40 41 42 62 103 95 103 123 108 119 136 124 125 137 131 156 160 146 147 128 110 102 149 146 157 178 208 208 217 206 210 210 208 209 204 208 216 211 207 212 203 196 175 144 133 168 213 200 169 116 107 94 92 79 63 63 62
105 96 90 96 95 91 90 93 96 104 76 88 112 93 102 117 103 67 86 91 72 93 140 123 99 88 72 87 96 109 122 119 121 137 132 107 121 113 118 104 95 115 112 126 139 139 136 141 149 140 146 150 131 120 93 95 106 104 90 83 60 71 92 86 68 45 41 62 87 97 102 92 83 78 80 104 109 113 111 91 99 127 136 148 160 178 172 161 149 161 164 145 143 165 190 186 211 211 214 218 213 212 212 210 209 210 214 216 218 210 214 219 218 219 218 190 131 178 210 174 136 99 82 111 80 60 52 43
82 86 81 96 101 96 97 94 107 122 89 87 91 97 100 109 102 91 89 90 87 102 120 122 100 59 85 94 108 111 118 116 110 120 122 110 115 120 114 101 90 99 113 124 133 138 134 140 143 143 145 146 137 132 87 99 120 123 118 113 79 64 74 56 40 47 78 98 119 121 116 106 95 108 88 97 113 95 100 84 99 111 127 127 147 176 171 169 163 179 195 199 195 197 201 197 208 215 215 216 218 215 217 215 217 221 225 223 230 226 227 223 223 219 209 200 185 123 164 200 187 155 114 87 62 60 46 36
86 83 87 107 112 112 95 87 108 106 90 90 86 89 102 106 105 94 78 86 103 124 117 116 117 107 105 105 115 115 124 126 118 126 121 120 111 113 104 88 90 80 110 131 138 133 133 138 140 136 160 166 106 84 66 108 125 119 102 99 89 77 50 44 47 82 96 91 93 118 110 90 93 96 97 93 95 107 111 104 127 130 135 147 164 173 183 199 196 196 205 212 209 206 207 213 215 218 217 218 216 216 214 217 223 222 222 219 220 224 225 222 222 222 220 176 126 115 92 134 145 157 132 83 67 47 42 35
94 83 97 105 107 111 102 63 90 86 78 83 88 100 95 89 80 85 88 87 94 92 97 102 108 106 110 118 122 128 137 128 126 129 130 116 112 126 136 119 101 100 113 126 114 130 130 135 131 138 143 85 72 56 107 142 140 132 124 114 105 119 65 74 102 102 92 95 95 106 99 92 91 98 103 101 107 109 103 110 125 157 180 193 198 199 206 215 216 213 213 214 214 218 221 218 220 220 220 218 220 221 225 227 224 227 225 225 225 223 228 228 230 229 203 191 146 96 89 74 70 67 66 66 62 47 38 31
76 80 99 107 104 99 90 70 71 73 77 81 83 68 56 50 56 104 91 106 107 98 81 100 102 108 100 122 123 129 130 134 132 128 123 92 129 147 141 131 98 114 134 133 135 140 129 132 133 124 110 90 67 66 104 116 113 98 88 71 64 60 67 104 135 134 114 123 132 114 97 103 101 111 96 106 133 143 186 187 185 209 214 218 215 218 216 215 218 219 221 225 227 225 226 226 225 223 223 221 224 228 231 235 236 236 231 229 235 236 236 236 237 237 222 202 155 108 92 72 65 54 56 45 55 45 38 30
84 94 102 102 92 99 90 77 59 76 75 64 70 51 50 43 58 92 107 116 99 92 111 104 93 109 92 117 121 125 132 126 127 121 114 87 138 145 136 125 112 121 144 137 143 144 131 129 137 127 108 96 84 84 64 54 49 44 56 48 45 50 57 98 146 155 153 145 130 122 107 90 98 112 130 161 188 210 225 222 216 218 216 218 216 217 221 217 220 223 224 228 229 225 224 224 226 226 227 228 229 232 235 238 240 237 237 240 240 240 239 241 242 242 244 246 231 206 167 101 72 71 69 75 76 53 51 41
98 94 95 77 82 95 92 87 48 59 48 66 77 85 84 91 103 104 116 97 84 86 88 98 99 105 112 125 139 137 128 130 135 122 93 98 144 136 130 124 129 129 148 137 144 145 129 134 142 123 106 88 80 70 55 50 46 68 68 45 53 71 89 116 144 177 178 149 117 114 140 140 183 205 215 230 229 217 228 228 215 221 221 223 221 220 226 226 226 225 225 225 226 224 223 226 225 229 233 234 233 236 239 241 238 240 245 245 245 247 246 245 248 249 247 244 237 224 170 110 81 75 71 68 69 67 87 77
104 98 79 70 91 95 91 93 90 67 48 73 100 101 104 100 106 111 101 96 109 114 108 102 101 89 82 110 143 130 125 129 129 106 112 116 142 133 112 131 106 101 127 142 148 149 137 137 145 113 94 87 93 91 60 49 57 85 62 45 75 100 124 157 153 176 160 153 134 174 219 226 239 243 228 224 226 221 218 220 219 219 220 224 227 229 230 228 229 229 227 227 228 225 225 227 232 230 230 233 236 239 238 242 243 243 245 246 241 200 166 157 169 165 170 176 151 102 97 95 76 73 71 70 67 71 70 67
89 92 74 80 98 95 84 90 88 97 96 85 89 89 91 96 99 104 104 118 132 124 112 113 111 107 101 80 101 118 123 126 115 111 104 106 148 132 117 98 93 109 108 144 130 139 146 138 133 100 92 93 90 102 95 57 72 88 71 69 105 100 105 125 162 156 152 170 199 223 228 229 241 243 236 227 226 227 217 214 214 216 223 225 226 229 235 237 226 227 228 227 227 226 227 230 233 235 235 234 237 238 239 241 243 243 244 246 241 216 184 181 127 73 70 64 62 70 78 72 62 65 72 70 55 58 61 55
95 75 75 91 99 88 90 82 77 93 83 91 97 95 82 110 98 103 115 122 125 116 103 108 117 117 115 113 106 100 106 109 102 116 90 111 141 121 111 108 103 111 136 135 112 100 90 85 89 87 94 91 86 77 80 82 71 71 69 77 107 104 105 111 131 179 160 190 213 223 216 217 234 239 239 229 226 225 222 223 218 220 228 231 237 233 233 234 229 229 230 231 230 231 230 232 231 234 237 237 237 239 239 240 243 242 244 245 244 246 246 219 178 149 109 107 93 76 75 75 83 70 79 75 76 66 52 59
88 76 81 84 85 84 75 73 61 54 79 84 84 88 84 93 66 106 109 106 102 92 109 116 115 108 109 122 133 123 101 101 124 119 84 115 122 112 119 104 80 87 93 86 110 59 53 58 74 90 94 99 101 89 48 73 60 55 50 72 110 128 122 113 139 198 198 210 223 222 212 221 225 226 230 221 226 230 231 219 222 226 230 233 237 235 228 227 229 229 233 234 235 233 233 232 232 233 237 238 237 239 242 245 246 244 243 243 238 241 233 217 223 228 229 227 164 109 88 64 54 65 71 53 58 50 54 59
80 74 76 85 91 85 73 74 74 78 82 75 63 74 72 86 87 100 89 85 94 111 121 118 121 112 102 113 125 132 137 90 107 136 84 110 184 130 110 92 82 82 70 88 96 67 84 98 105 106 111 110 101 77 51 56 59 70 95 116 129 147 161 167 179 204 215 214 221 221 226 228 227 231 228 223 223 228 224 219 223 233 238 241 241 236 231 228 229 231 233 235 236 235 234 234 235 236 234 237 238 242 242 242 246 243 240 240 240 241 235 157 103 114 135 122 104 79 63 57 95 117 99 65 48 53 68 51
69 70 76 60 72 90 78 78 75 63 65 69 82 70 71 92 102 99 94 102 107 112 106 106 123 117 120 117 122 108 112 115 116 110 114 168 209 124 91 88 90 91 98 101 110 108 97 97 106 108 111 100 85 71 83 90 101 104 124 156 164 146 160 206 210 221 225 227 227 236 232 234 229 226 227 224 222 225 226 226 230 236 240 240 241 239 236 230 229 230 232 235 235 233 236 237 242 243 237 236 235 233 238 241 243 225 234 242 241 241 236 200 185 196 178 166 145 94 64 98 147 116 80 71 74 74 76 70
75 78 83 75 95 101 89 74 69 59 71 67 74 82 80 98 102 109 108 107 113 102 110 109 124 107 94 123 117 117 129 129 121 108 101 184 157 93 92 95 100 104 108 103 111 104 109 110 111 115 110 104 90 96 112 117 124 123 159 195 200 196 180 201 220 228 236 233 228 232 235 233 229 227 229 226 226 230 233 235 236 234 236 237 236 237 236 233 230 232 233 236 234 240 242 237 237 241 241 238 236 233 237 240 242 241 232 229 230 233 231 234 238 237 237 231 208 125 104 124 154 130 76 81 87 76 60 50
72 75 79 75 104 91 91 80 83 61 71 68 61 74 81 101 102 115 107 105 109 117 132 123 119 116 122 118 117 125 123 120 116 114 115 120 103 102 110 108 110 109 113 116 113 108 105 104 101 92 100 104 98 107 102 105 112 158 187 204 216 221 213 221 228 236 237 237 233 239 234 232 232 232 230 231 227 227 227 236 238 237 235 237 238 238 235 235 235 234 236 237 237 240 242 235 236 235 240 242 242 239 238 241 241 241 237 234 229 234 217 217 227 226 211 229 226 197 200 183 171 163 112 68 57 59 48 50
65 66 79 82 83 84 88 84 92 73 70 64 71 68 76 85 100 116 119 119 115 114 119 125 107 130 138 129 119 123 112 108 113 116 116 116 124 116 113 116 112 113 110 109 112 107 87 88 94 86 97 100 97 91 95 100 104 114 143 206 224 223 228 234 238 241 242 237 234 231 234 230 232 233 232 229 231 226 233 238 238 236 235 235 236 238 239 237 236 231 237 237 237 238 240 239 237 239 240 240 241 238 239 241 242 241 241 236 231 226 194 221 233 231 223 221 236 233 216 171 159 134 109 61 46 50 55 55
66 65 77 93 93 77 80 97 102 97 75 62 65 68 75 94 106 119 118 122 125 125 116 100 109 120 118 116 122 120 119 123 120 112 107 106 126 121 118 114 101 104 107 114 103 63 57 77 90 83 91 96 99 90 111 120 125 150 193 217 224 229 236 234 239 239 232 231 234 232 229 233 230 229 231 235 234 236 238 240 235 235 237 237 235 235 234 237 236 235 235 237 239 238 236 241 243 243 243 239 235 238 240 240 241 239 234 237 236 228 189 169 175 165 163 158 139 135 158 172 107 73 67 67 65 59 49 43
68 77 73 97 103 86 86 85 100 100 82 77 76 75 82 93 95 109 113 125 123 124 126 121 113 122 120 118 122 121 123 117 117 106 92 99 97 112 98 100 92 87 93 99 73 62 78 72 79 87 93 103 106 111 137 162 167 168 204 230 234 236 237 234 238 242 235 231 232 230 227 227 229 232 235 235 240 240 236 240 236 238 243 242 238 238 240 242 238 236 239 239 239 239 240 244 244 242 241 240 240 241 242 242 241 238 239 240 238 235 205 122 104 119 101 103 83 59 54 61 77 77 67 70 61 50 49 42
76 73 82 94 87 88 94 99 102 92 69 69 80 78 76 86 105 112 119 128 124 122 124 124 121 117 114 124 132 127 118 114 121 123 115 102 88 83 78 95 96 92 90 88 83 90 93 79 84 87 90 112 102 130 152 144 163 184 211 227 243 244 235 236 237 231 230 231 227 225 229 225 233 233 234 232 235 237 237 236 236 243 241 243 240 240 242 240 235 240 237 239 239 243 244 246 245 242 243 242 242 240 241 242 240 239 240 240 237 207 180 160 153 168 163 147 112 106 78 58 67 58 52 45 43 42 44 55
74 74 81 79 88 92 95 111 104 95 70 68 79 70 66 94 110 114 120 126 126 108 111 123 123 117 129 130 127 122 117 121 122 123 116 114 116 112 108 120 119 113 106 115 108 105 98 98 94 85 77 82 98 130 141 163 188 200 219 232 240 237 232 235 237 229 235 226 226 226 229 229 236 234 230 230 228 233 235 237 241 241 244 244 242 241 242 242 243 243 243 241 241 246 245 246 243 242 245 242 237 241 241 239 235 234 233 231 231 227 226 226 186 183 148 100 95 113 60 72 86 84 78 75 74 70 65 72
63 68 79 96 95 85 86 98 97 79 69 77 77 72 72 100 114 118 126 126 114 98 103 124 127 122 128 124 123 116 119 128 124 113 117 118 120 128 129 131 121 128 131 130 114 101 107 102 100 97 103 99 117 133 134 173 203 221 228 237 240 233 232 237 235 232 228 228 229 225 226 231 232 231 229 233 233 233 236 240 241 241 244 246 242 242 242 243 244 244 247 247 247 248 248 247 246 246 248 245 239 239 233 232 231 231 231 227 229 229 228 222 208 201 150 94 84 77 77 73 69 75 88 80 70 67 60 67
64 69 71 89 80 76 72 79 76 80 72 77 76 76 81 101 107 120 130 122 103 104 113 118 125 125 121 119 119 115 120 121 113 102 113 122 115 125 127 111 126 131 122 128 120 98 101 92 117 126 119 122 145 179 165 194 220 228 230 233 229 228 232 228 233 231 227 229 229 230 230 232 230 230 227 232 236 233 232 237 244 243 243 245 242 244 242 244 244 246 247 248 248 247 244 240 244 240 244 235 235 236 233 233 237 233 233 231 232 236 223 198 157 110 102 116 89 95 96 89 88 84 79 70 59 56 46 45
65 65 65 69 64 70 62 64 58 68 76 82 69 71 88 114 109 122 116 109 101 104 116 120 127 124 120 119 115 123 124 112 111 105 114 118 121 129 125 121 114 115 111 116 111 110 103 107 131 132 123 145 215 208 205 217 222 229 229 232 234 235 233 232 237 232 227 225 227 232 231 230 232 230 229 231 236 236 235 235 240 243 242 242 244 246 246 244 241 243 245 247 247 246 239 239 237 232 237 233 240 239 240 238 239 234 235 235 240 244 232 229 230 198 149 133 149 131 108 112 124 114 73 64 52 49 52 52
66 62 62 63 61 62 65 64 60 66 66 76 82 68 87 109 111 114 102 94 89 107 118 122 116 117 118 112 105 113 116 115 118 110 120 118 123 131 130 125 115 112 111 104 128 125 124 125 131 163 166 208 227 230 233 233 230 231 231 235 237 236 237 237 234 228 225 223 224 227 226 228 231 230 228 233 239 239 236 238 240 243 243 244 242 239 241 237 241 241 239 245 245 243 242 243 245 240 235 235 237 243 244 237 242 238 239 241 243 235 226 230 235 237 226 166 121 107 117 101 85 90 73 67 57 54 48 42
65 64 63 58 62 61 62 67 67 66 69 64 72 77 78 102 105 100 100 93 93 111 125 121 122 120 116 105 100 96 96 118 128 124 130 116 120 125 129 132 123 113 128 145 155 167 170 167 174 204 211 219 225 226 232 231 228 228 233 234 233 237 237 233 226 229 230 228 230 224 229 231 231 234 229 232 237 239 240 241 245 247 246 244 239 240 241 242 245 243 243 243 243 243 244 241 242 239 223 220 231 241 234 239 238 237 236 215 213 198 185 165 232 218 213 210 133 108 97 79 69 72 68 64 53 44 42 41
69 69 63 61 56 54 53 56 62 64 63 59 61 72 78 95 97 100 100 102 101 106 105 106 104 104 106 97 95 94 91 110 130 132 122 111 130 132 129 127 138 150 167 178 182 192 197 209 206 216 220 225 223 223 226 224 225 226 232 232 232 232 228 229 231 231 234 234 236 231 228 231 233 233 231 233 235 239 238 242 246 245 242 237 239 241 242 245 245 243 243 240 239 242 242 241 236 229 224 228 226 233 234 241 238 236 239 236 227 217 210 211 222 218 182 166 135 93 79 72 73 65 69 65 45 39 38 34
77 73 67 64 53 51 55 54 56 60 59 57 58 69 83 100 98 99 106 104 100 105 88 86 88 83 97 99 98 103 105 117 130 135 135 130 147 164 151 150 158 169 192 193 198 207 213 216 220 222 219 221 223 223 224 225 230 227 231 232 234 232 230 229 226 227 233 234 232 227 226 226 226 226 232 234 237 237 239 241 241 244 240 238 243 241 243 243 243 243 241 241 242 244 244 241 236 230 221 219 219 223 225 228 229 195 177 179 154 143 160 140 125 128 110 140 139 107 91 66 46 45 54 52 48 51 48 40
59 60 52 49 57 80 80 76 74 77 78 91 100 91 97 95 92 99 104 93 93 94 86 85 88 94 88 92 103 103 116 125 131 129 155 173 179 181 165 158 169 187 198 203 207 208 216 215 218 219 217 219 225 226 225 227 228 228 228 232 233 230 227 226 228 232 237 236 229 222 223 224 224 225 228 233 239 242 244 241 245 243 245 243 244 241 239 241 243 244 238 242 243 242 243 242 238 235 235 228 224 213 203 215 195 168 147 109 92 101 106 86 76 104 111 80 77 122 109 96 61 48 53 47 55 59 50 49
60 90 82 82 106 113 113 109 103 103 104 100 97 102 103 101 103 96 95 87 86 79 89 92 80 78 70 84 90 88 118 129 135 162 173 160 166 171 188 193 195 202 206 212 211 213 212 213 222 221 221 223 223 226 220 226 227 228 229 230 229 232 227 224 227 230 239 241 238 232 230 230 229 232 231 231 234 244 246 246 247 244 243 243 245 244 241 242 244 245 241 238 242 240 239 241 240 238 237 234 228 220 221 208 196 201 206 166 127 122 113 101 91 95 90 85 69 68 59 61 51 56 57 54 59 57 46 50
109 105 107 113 120 129 125 116 115 114 111 116 109 100 99 97 101 98 93 95 97 76 78 90 85 82 85 92 84 105 126 111 115 157 159 147 163 194 204 207 209 209 209 212 216 217 220 218 220 221 221 222 220 225 224 225 228 228 227 228 230 232 227 225 230 234 237 241 240 237 238 237 235 237 235 237 241 245 244 245 245 243 243 244 245 244 243 241 239 240 242 239 238 239 241 246 245 245 243 240 233 239 241 230 209 208 215 196 144 148 148 139 125 108 95 85 74 65 53 47 52 59 59 64 62 50 45 51
109 101 110 118 119 113 105 117 118 115 116 120 117 101 108 106 96 94 100 83 80 75 74 85 96 88 94 106 115 122 140 129 117 142 150 177 189 206 209 208 211 209 212 213 216 218 222 222 220 221 221 222 224 228 226 225 223 226 225 226 228 228 227 230 238 237 234 238 239 237 239 239 241 239 235 240 242 240 240 244 244 244 245 241 238 238 239 237 234 234 238 235 239 240 246 247 245 244 246 242 233 239 236 228 222 214 196 199 188 168 176 162 119 128 134 105 88 93 82 66 66 71 71 58 57 55 49 57
94 97 113 98 82 83 95 95 99 100 101 101 95 99 106 108 105 102 102 101 90 101 102 98 95 107 103 103 119 131 144 142 148 150 150 174 200 204 209 208 207 213 215 216 219 220 220 220 222 224 225 224 226 226 224 225 227 225 224 227 230 232 238 236 240 242 241 238 227 235 240 238 237 239 243 246 242 241 246 246 243 242 244 239 239 238 236 236 234 237 237 239 243 245 247 245 243 242 242 242 242 236 234 233 219 212 207 182 196 213 206 167 120 142 149 165 151 105 74 61 63 58 54 56 56 59 43 40
88 87 85 81 81 95 81 88 79 77 79 81 98 111 100 102 93 91 90 88 96 96 101 100 102 96 98 119 165 168 147 140 153 166 182 194 197 203 208 210 210 212 217 218 223 222 221 224 226 228 228 226 226 224 225 227 229 229 228 232 235 238 233 239 236 240 239 229 227 234 236 234 236 240 247 247 243 246 248 248 248 246 241 239 238 239 240 241 244 243 245 246 246 246 247 244 243 243 241 236 234 228 235 237 232 222 200 200 187 185 202 205 138 79 87 78 69 58 60 58 47 45 49 52 54 57 51 45
93 87 100 100 94 84 100 104 98 86 89 82 96 103 98 100 100 97 92 101 96 88 93 91 96 101 137 151 145 159 150 154 168 176 194 197 207 213 210 210 211 215 219 222 224 223 223 226 227 228 228 228 226 228 230 230 230 233 232 231 235 238 233 238 237 238 234 228 224 225 229 231 234 242 243 244 244 247 248 248 248 246 240 241 240 240 239 242 242 244 245 244 245 246 247 246 246 247 247 242 229 222 230 227 216 172 158 154 186 193 171 166 169 99 87 75 76 53 50 47 46 44 45 41 49 51 50 46
86 95 93 92 93 91 94 104 110 95 98 82 97 101 105 98 99 98 99 95 92 96 98 117 134 134 145 137 151 160 144 168 177 182 194 207 212 212 211 214 214 217 223 224 227 229 230 231 230 228 229 232 233 238 240 239 238 234 228 229 235 232 235 231 233 228 230 232 228 232 234 232 237 239 237 237 241 245 246 248 246 237 235 242 241 240 245 242 239 243 244 244 244 243 245 246 245 242 239 237 238 232 205 181 199 186 156 132 142 151 147 145 135 80 61 81 81 49 45 46 47 39 39 36 44 51 53 55
90 87 82 82 90 92 90 84 95 99 91 102 102 99 100 102 98 96 100 98 101 107 114 140 152 152 144 153 164 172 170 183 189 194 201 209 211 210 211 219 225 231 231 231 231 234 235 233 230 228 232 238 238 242 245 243 234 231 229 231 231 234 237 225 225 225 230 233 235 234 237 239 237 236 236 237 239 241 240 240 237 236 242 240 236 241 245 246 246 247 246 245 246 245 247 246 244 242 240 231 242 239 228 204 206 215 204 147 115 101 123 129 165 108 75 82 98 76 69 54 57 75 66 43 54 64 52 52
84 94 84 90 91 85 90 78 82 96 100 102 108 100 96 95 106 109 98 104 114 116 136 136 131 133 145 166 174 186 189 192 196 211 210 212 214 215 219 227 239 242 244 240 240 237 237 234 233 229 233 237 241 239 239 240 235 235 233 235 234 237 229 227 228 230 227 233 235 239 245 240 234 238 235 237 231 230 233 238 239 234 234 234 241 246 247 244 244 237 246 248 247 245 237 245 248 242 237 213 153 187 223 179 155 187 205 131 86 98 102 81 77 92 103 86 85 82 68 69 68 74 73 65 60 59 59 58
59 74 91 85 92 90 95 95 91 84 98 87 90 97 96 97 105 105 94 99 104 126 140 149 151 161 157 175 190 196 211 221 222 224 217 216 222 224 228 241 241 244 246 246 241 239 238 237 235 232 232 236 239 241 241 241 234 232 233 236 237 235 229 229 236 237 238 244 246 247 241 236 237 241 228 231 223 224 233 234 236 227 230 227 216 223 181 159 178 185 225 201 169 179 189 170 176 173 161 143 99 108 133 107 90 97 107 85 73 68 67 75 62 63 77 88 58 69 58 59 60 54 55 79 65 62 63 47
67 56 57 64 72 67 85 92 73 72 79 82 81 82 83 84 83 77 81 87 103 113 143 154 166 165 179 191 196 207 218 225 228 227 225 228 234 235 236 244 241 240 243 246 243 239 240 238 237 237 231 233 235 239 241 238 237 229 234 232 231 223 228 237 242 243 247 246 243 244 239 240 244 244 232 225 222 227 231 228 218 222 222 214 209 181 165 146 141 130 118 112 130 178 168 78 69 61 66 69 84 90 86 81 77 92 88 80 87 72 56 58 66 60 64 73 49 40 58 72 53 51 52 54 57 57 52 48
53 56 58 64 64 67 85 74 64 74 85 79 78 76 82 88 87 88 102 115 125 155 168 173 183 168 181 199 213 224 227 232 233 232 235 237 240 241 239 243 244 241 241 238 240 237 237 236 237 236 235 235 233 236 236 233 234 229 230 225 227 221 225 234 245 246 246 247 240 238 236 236 237 238 231 224 224 223 219 195 172 198 185 209 175 159 174 179 170 146 118 146 178 203 130 61 74 73 73 102 124 81 84 86 84 90 93 83 79 81 67 60 62 71 77 70 67 60 62 50 55 76 69 64 54 53 49 53
60 60 67 67 76 88 89 88 84 80 86 81 78 79 84 104 108 122 127 154 160 166 179 185 186 193 206 215 220 229 234 236 234 235 240 245 246 246 244 246 246 241 243 238 237 236 237 236 235 239 240 238 236 238 234 235 236 234 228 224 222 225 225 237 245 241 243 244 244 240 237 240 241 238 232 224 216 205 201 193 169 172 179 192 177 183 188 214 205 184 161 192 212 229 108 63 70 59 74 94 87 82 80 80 79 79 74 69 78 90 80 62 64 84 73 69 70 70 59 47 51 58 57 56 50 51 53 48
82 85 80 87 88 93 101 106 103 95 88 92 94 97 98 122 136 153 162 168 182 180 183 191 196 206 221 225 228 234 236 234 234 235 237 239 243 244 238 237 237 232 238 237 238 239 239 238 239 240 238 239 236 235 228 226 232 229 227 222 219 228 235 236 240 243 245 240 236 244 238 240 238 237 235 221 197 201 199 201 190 199 194 200 200 203 221 229 225 162 105 126 161 193 83 68 61 57 77 86 82 82 78 75 76 79 71 62 69 81 70 55 66 55 53 51 65 63 57 58 56 40 44 37 42 60 58 50
79 96 115 110 105 109 110 115 134 126 113 121 118 122 129 130 137 162 174 188 193 195 203 205 209 220 224 228 231 236 235 234 235 240 239 242 241 238 231 228 232 233 238 242 244 245 241 241 243 241 232 231 232 231 228 226 229 231 225 223 225 226 230 231 229 231 233 235 231 237 237 235 227 230 229 215 193 194 188 202 207 217 226 224 225 229 231 228 232 137 94 109 117 98 76 68 63 65 69 62 72 79 79 75 69 70 68 70 68 67 66 60 69 55 44 40 45 50 71 55 60 60 57 52 58 50 40 34
89 95 131 141 129 129 131 153 161 152 151 164 166 168 166 159 165 179 189 199 207 209 211 215 218 225 230 227 231 236 234 236 237 239 240 241 242 237 230 233 233 234 239 244 245 244 242 243 243 244 239 232 229 229 229 228 228 235 231 230 233 226 218 220 219 213 210 222 230 234 230 232 222 222 218 214 210 215 211 213 216 218 228 232 225 220 224 226 236 212 204 176 134 106 67 64 54 74 69 65 64 68 69 70 62 49 55 68 68 65 64 62 71 71 54 48 45 49 64 60 62 65 48 46 50 39 46 42
118 133 155 142 146 144 152 186 186 186 180 192 196 196 196 194 191 202 207 205 212 215 218 219 219 227 232 230 231 234 233 237 240 239 241 238 237 235 234 236 234 232 237 239 242 242 238 243 238 238 238 229 228 229 228 230 228 230 227 225 225 226 223 221 217 215 208 217 225 222 224 225 222 215 215 215 220 227 233 237 240 218 204 208 220 222 231 235 235 214 188 200 167 120 57 62 57 69 64 54 57 69 63 60 56 51 52 56 59 57 56 72 69 50 48 60 61 62 69 60 60 78 74 55 50 48 53 47
162 170 169 167 168 180 187 192 191 181 183 193 189 186 198 203 203 200 200 212 220 221 224 223 227 228 233 232 234 237 239 242 240 239 239 238 235 233 232 235 235 230 229 233 238 240 237 234 235 235 233 234 235 233 231 232 232 231 230 224 223 224 223 222 224 227 228 229 226 228 219 213 217 217 210 217 229 229 235 236 229 213 210 225 221 203 197 218 185 140 147 147 86 69 68 67 71 57 46 55 55 71 69 63 69 72 59 59 61 70 65 63 61 43 55 70 55 52 57 57 56 60 62 50 36 39 48 41
181 184 185 186 179 178 183 186 189 179 192 194 188 190 189 199 209 210 212 219 225 227 229 230 232 231 233 231 239 242 244 243 244 236 236 238 234 233 231 231 233 235 230 230 236 234 236 235 234 234 237 243 245 237 237 236 235 233 231 225 226 224 221 221 222 223 228 227 227 225 215 213 213 213 213 227 231 229 226 224 217 217 218 219 205 194 184 153 76 67 64 64 64 59 69 63 74 71 62 66 74 58 60 60 59 59 59 67 62 52 56 58 58 57 45 43 46 55 65 56 44 41 60 48 27 46 59 48
192 200 202 206 209 201 203 200 197 192 193 198 201 205 207 211 217 220 222 223 225 230 233 234 235 233 231 234 240 242 239 239 239 234 237 234 233 230 231 230 227 230 231 230 232 230 235 234 241 239 239 244 245 243 245 241 236 234 230 232 232 230 225 220 221 220 222 221 220 223 220 217 213 216 218 225 233 233 223 225 229 228 212 197 189 181 151 85 61 59 50 46 48 54 51 53 70 69 74 72 64 54 44 44 56 52 57 62 61 56 55 53 50 41 41 45 50 50 47 52 54 55 52 45 39 42 36 35
200 201 207 217 225 226 228 226 216 210 210 214 216 223 223 227 229 229 231 231 230 231 232 233 233 232 231 234 236 237 234 233 232 236 235 232 231 228 228 228 227 224 231 236 234 230 235 239 242 242 238 244 246 248 246 241 238 236 233 229 231 229 225 223 218 217 216 221 223 220 218 218 217 221 219 221 226 229 221 224 221 210 194 174 166 155 90 65 52 48 40 38 38 47 52 66 60 58 55 47 39 47 56 56 54 50 51 55 64 58 61 55 53 49 56 54 46 42 33 40 54 64 57 54 37 32 29 38
208 205 215 221 227 236 235 232 227 223 224 225 228 229 231 237 241 239 240 239 235 234 234 235 230 229 232 230 232 233 231 233 229 233 229 229 225 227 227 228 224 223 226 228 231 230 235 236 238 244 241 241 244 244 241 237 237 238 236 231 230 226 217 221 214 215 224 234 225 220 220 223 221 221 221 225 213 211 221 213 208 189 158 140 140 81 72 63 51 49 35 37 36 42 54 59 57 46 42 48 49 58 63 67 52 48 48 49 52 62 63 53 45 52 50 47 40 49 49 51 56 48 45 51 36 32 39 36
224 218 223 222 223 228 235 233 233 229 227 224 229 229 231 234 240 243 240 237 237 236 236 235 232 229 229 228 228 232 225 227 228 226 225 226 225 224 230 229 225 224 223 226 237 231 233 232 234 236 237 241 244 243 238 241 242 238 237 227 223 220 218 226 227 222 226 224 218 224 222 225 223 219 218 224 211 206 209 196 181 155 131 151 94 61 70 62 56 48 35 33 31 31 44 49 48 44 51 46 52 78 71 78 74 56 48 46 49 61 50 50 43 39 45 39 42 37 40 44 43 44 40 42 44 55 66 41
211 218 225 224 223 224 231 231 230 229 228 220 218 222 228 231 232 236 237 236 230 233 235 232 231 229 229 230 227 227 224 221 225 225 221 224 227 231 231 230 233 230 229 234 236 235 234 233 237 241 241 242 241 242 242 243 243 244 240 232 230 229 227 230 226 223 215 222 224 225 226 226 219 226 227 226 215 200 202 193 166 157 120 127 81 71 66 59 49 39 35 33 31 28 46 68 71 70 64 62 65 76 77 72 60 50 42 45 61 49 43 46 43 46 47 32 36 45 38 43 45 40 41 41 47 64 63 51
211 216 216 214 215 225 227 227 227 226 224 222 219 223 229 235 235 232 232 232 228 231 230 231 231 231 229 230 229 225 220 220 224 227 219 223 226 233 232 234 237 238 238 238 237 239 235 236 237 240 241 239 240 241 244 243 245 244 241 241 239 238 234 236 232 226 220 221 228 232 231 221 216 224 233 218 209 201 177 171 152 135 130 97 78 74 59 55 46 37 35 33 30 36 44 35 38 45 53 60 65 66 65 59 54 47 39 45 50 44 44 50 48 50 43 36 35 39 46 50 46 42 47 45 42 47 39 38
206 209 213 212 215 220 223 226 221 221 220 220 220 227 229 232 231 229 230 230 232 232 232 234 238 238 233 230 227 229 222 219 219 222 221 221 226 230 233 239 239 240 241 237 236 236 236 238 237 236 240 244 241 241 239 240 244 244 243 240 243 244 245 237 233 229 226 225 225 227 227 221 199 202 229 212 193 180 189 162 127 117 121 100 90 67 49 63 49 35 36 32 31 36 47 35 32 49 60 51 58 60 63 52 49 49 50 59 58 48 41 40 54 50 55 51 47 49 54 53 60 53 42 47 38 30 30 38
206 207 207 210 214 219 219 216 216 215 217 220 225 226 229 227 225 228 231 233 235 235 237 238 239 236 237 234 237 232 221 219 220 224 227 223 228 230 234 240 242 245 244 238 240 238 240 240 239 237 234 229 229 229 232 238 238 236 236 237 239 238 238 229 233 235 227 229 223 218 214 220 211 220 221 215 198 166 168 159 137 97 80 104 95 68 49 61 52 35 35 31 33 39 50 45 33 41 48 56 58 45 43 47 60 77 92 89 93 65 61 58 54 48 47 43 47 48 52 52 63 64 66 62 40 32 42 43
205 207 208 205 206 209 210 212 213 216 218 218 222 223 223 224 226 229 231 233 236 238 238 238 238 234 231 236 236 228 222 219 219 222 225 225 223 229 235 237 242 247 242 239 238 237 239 239 239 237 231 227 226 227 233 234 232 232 239 246 239 239 241 236 230 228 229 230 221 220 223 218 216 220 217 209 200 184 173 155 120 85 78 127 63 59 52 63 53 34 33 33 36 45 46 37 35 28 30 55 56 37 40 38 56 82 89 81 70 56 57 69 55 49 50 41 44 46 54 56 55 48 56 56 44 34 35 25
203 202 206 206 207 209 210 212 211 213 217 218 219 221 224 225 226 230 228 234 236 233 236 236 233 234 227 229 227 222 221 222 223 223 224 225 225 225 236 236 237 242 240 237 234 237 239 240 242 236 228 234 233 229 240 234 226 225 243 248 245 242 245 239 229 232 239 244 242 235 231 225 228 224 218 207 185 180 169 146 113 63 66 103 78 55 46 50 61 44 33 28 31 38 28 30 40 36 30 51 56 39 52 51 65 78 76 71 71 73 54 49 62 59 55 57 45 39 46 54 46 49 45 37 40 35 35 42
207 207 206 209 211 212 212 214 214 214 218 221 219 221 220 218 219 218 214 217 220 218 223 234 229 219 217 222 222 224 221 224 223 223 230 232 228 227 235 235 236 237 236 231 232 240 239 237 233 228 230 235 230 229 229 232 236 240 246 243 237 238 237 237 233 227 231 233 237 239 241 237 225 224 226 217 211 200 173 151 142 97 83 89 75 59 49 49 58 65 36 31 36 34 29 34 46 58 46 43 45 41 59 65 64 66 66 57 44 36 31 34 44 41 46 52 52 36 37 47 38 39 43 48 43 42 38 42
211 208 205 206 212 216 216 217 217 217 220 220 221 217 213 211 214 214 220 219 218 218 220 220 222 221 222 221 219 222 221 222 221 221 229 227 231 234 233 235 235 227 225 231 233 232 228 227 228 230 228 223 226 228 227 230 233 233 235 228 225 227 231 229 223 218 218 219 219 218 220 222 223 218 218 211 212 205 187 161 156 153 131 100 77 57 44 46 44 61 42 34 35 30 42 45 37 48 36 34 29 60 68 48 69 57 45 53 49 48 48 47 50 41 38 38 40 40 34 40 44 38 39 39 35 53 45 37
202 207 210 205 206 207 209 210 213 214 213 211 215 213 215 211 212 214 221 219 215 217 219 217 217 212 216 211 208 208 211 212 217 217 225 224 227 227 228 225 225 227 231 235 237 236 228 224 227 228 223 227 227 224 222 220 220 225 226 232 238 239 237 212 188 183 181 184 184 177 191 180 194 202 190 186 168 160 130 103 96 88 70 59 67 55 43 40 40 43 53 42 38 31 34 40 39 47 39 32 32 43 49 47 48 59 57 57 71 70 74 71 73 72 54 57 52 47 47 76 66 55 58 48 46 51 43 35
200 203 202 199 196 198 199 205 212 212 209 212 213 206 207 209 209 209 208 207 209 208 210 211 206 205 211 208 208 207 219 218 223 227 229 231 220 219 220 221 225 231 235 237 238 234 227 220 220 223 224 219 220 220 223 220 211 220 222 228 222 190 152 134 146 141 136 129 104 92 103 105 100 114 119 119 113 92 66 60 68 75 61 45 50 52 45 51 64 46 57 54 43 45 47 48 36 48 49 48 49 49 49 53 46 62 71 70 78 70 77 84 73 66 69 78 61 60 51 47 42 44 48 31 48 38 45 25
201 194 195 193 195 194 196 204 208 210 210 209 207 202 206 208 211 208 206 204 206 200 201 210 211 212 210 213 224 220 219 220 212 216 219 218 211 220 215 218 221 223 228 232 231 226 218 215 216 219 219 215 218 221 223 230 226 225 219 204 183 163 114 76 106 116 101 86 66 74 62 65 70 64 64 54 55 52 64 71 79 74 97 63 43 43 39 42 70 64 55 80 70 70 76 79 68 56 44 50 51 47 52 60 62 74 84 68 63 56 62 82 88 72 53 55 61 65 71 70 51 51 48 49 39 40 35 20
191 190 194 196 191 198 206 205 202 203 205 208 207 209 211 206 192 191 193 185 195 197 200 206 212 222 215 215 207 189 180 188 178 189 196 198 204 208 215 221 216 217 223 224 222 218 217 213 211 214 219 225 225 216 211 197 194 190 178 162 149 127 126 87 85 94 90 96 98 90 68 60 66 73 65 49 48 46 52 56 84 68 57 44 45 48 55 63 77 73 73 78 90 71 68 77 72 68 60 55 60 57 52 57 50 60 71 64 63 54 57 72 73 77 82 71 49 52 67 62 56 52 56 56 47 50 44 34
196 195 196 203 204 204 204 203 209 208 200 189 183 176 164 173 184 193 178 178 182 183 202 202 200 208 196 185 167 154 154 184 193 193 183 190 208 212 214 209 213 213 219 226 220 206 206 213 211 205 192 158 128 135 127 119 108 89 88 84 85 74 76 71 81 83 77 75 56 53 46 53 60 63 60 47 49 54 52 53 64 66 64 70 71 86 95 83 72 64 69 65 72 82 65 66 68 64 69 67 67 65 67 61 55 54 61 62 60 60 58 75 65 63 76 61 39 32 47 55 48 52 49 42 48 52 55 45
201 196 202 204 204 208 212 205 172 125 91 77 79 94 111 162 204 215 212 208 201 184 181 178 184 182 182 180 184 190 192 197 203 204 202 213 227 227 223 218 217 216 217 224 219 206 206 213 193 147 120 94 88 99 101 91 63 56 60 64 60 73 73 67 65 64 63 62 75 61 55 54 56 57 58 49 36 32 30 36 55 64 78 94 80 79 85 93 101 90 84 77 67 69 79 69 77 66 65 59 87 83 82 89 90 78 61 74 62 66 78 69 51 62 61 52 41 42 46 41 41 49 35 35 48 39 34 42
187 188 193 188 191 177 140 94 71 73 77 75 83 118 146 152 165 186 186 194 202 196 197 194 184 193 209 201 186 193 196 203 201 203 206 211 215 221 222 213 212 217 219 217 213 216 210 152 119 113 105 95 89 87 82 71 73 72 73 83 75 72 70 62 63 64 63 62 66 66 64 66 67 75 79 75 66 55 47 40 45 57 77 74 78 83 83 84 89 85 80 74 82 72 68 71 85 72 62 70 87 85 76 77 75 75 81 65 60 50 49 49 53 56 50 36 37 31 39 51 47 38 32 35 46 26 17 15
144 124 104 96 99 101 107 94 87 90 77 87 91 85 96 94 107 127 130 142 165 170 174 171 173 189 191 197 186 186 199 200 199 197 201 202 199 210 221 204 206 222 213 201 199 197 140 56 62 71 70 69 69 68 68 69 70 72 71 67 57 51 51 46 53 65 61 65 69 74 76 80 79 78 80 78 76 71 70 62 90 84 81 75 78 84 77 75 70 65 69 87 88 82 78 78 88 83 79 86 76 79 78 70 77 87 66 61 52 45 50 41 50 57 47 30 40 42 40 42 33 41 47 57 48 35 24 21
127 125 81 63 68 63 64 69 67 75 77 71 66 65 67 63 63 63 66 66 76 86 95 107 109 125 120 124 126 114 118 136 158 160 177 162 156 165 181 171 155 108 120 107 102 90 60 58 59 50 61 75 65 66 71 71 66 53 43 41 34 36 42 59 67 62 67 65 49 44 54 52 46 49 34 36 40 47 82 82 85 81 78 78 81 73 73 77 70 82 55 67 88 73 76 71 73 79 81 74 77 67 67 62 69 71 69 64 60 56 49 46 51 47 44 42 38 37 38 42 33 26 26 28 19 16 18 40
108 126 114 72 68 73 64 60 56 56 55 53 54 54 53 60 70 62 63 59 58 55 55 57 56 59 63 62 59 60 69 78 77 88 99 98 99 104 127 113 73 62 86 76 52 49 44 47 50 72 74 78 75 68 72 70 72 75 49 38 38 39 57 75 62 63 65 55 43 35 33 31 31 40 52 45 51 62 80 78 86 83 79 79 81 80 77 81 81 78 55 54 80 75 67 52 59 64 75 66 59 58 64 67 66 66 67 58 63 52 54 54 47 48 50 50 47 46 43 44 39 22 16 16 19 37 57 63
74 59 50 53 51 68 73 71 69 76 64 57 57 63 60 54 56 63 59 60 60 61 55 52 53 56 57 55 54 53 53 54 52 49 60 57 67 69 56 72 61 50 55 59 61 55 43 38 47 59 59 54 51 45 46 47 50 52 41 37 45 41 49 57 61 57 48 55 44 41 39 42 51 68 70 62 65 66 58 53 51 48 59 66 67 80 61 55 65 70 67 72 72 76 40 47 54 48 68 69 64 49 51 61 63 66 65 66 55 52 53 48 48 46 55 44 39 48 41 31 33 27 26 25 13 22 43 70
49 52 54 63 52 54 71 99 107 99 80 56 58 73 66 51 52 60 62 63 63 63 56 55 55 57 53 55 61 59 57 70 89 81 76 70 60 64 52 52 50 40 42 44 49 47 45 44 43 47 47 48 48 48 54 56 44 49 49 47 49 53 55 52 49 50 54 52 52 55 50 62 59 53 54 62 60 71 87 87 77 71 53 36 30 43 66 70 61 42 60 79 71 71 55 67 69 53 54 67 71 58 51 51 53 57 57 62 50 48 51 48 42 44 52 52 51 52 48 46 50 39 28 21 15 15 14 34
51 53 56 55 53 50 54 72 77 91 89 56 63 67 56 60 71 75 63 60 57 78 76 64 57 55 54 53 52 54 59 63 72 82 85 92 72 75 75 70 62 55 53 48 50 49 47 43 41 45 44 50 62 79 93 85 64 55 56 58 61 64 73 82 75 82 78 73 68 73 62 54 53 53 61 71 70 80 81 82 90 91 86 70 53 58 57 62 55 47 37 58 82 63 64 75 87 76 59 53 55 61 59 52 70 62 52 48 53 45 44 42 48 52 52 52 47 47 51 47 42 28 18 25 20 10 16 25
45 42 41 40 46 44 46 46 46 69 62 53 46 44 48 83 101 111 92 87 85 87 95 83 74 60 56 59 65 83 90 57 48 47 47 47 50 51 54 65 64 58 58 56 50 55 55 57 68 72 83 89 80 82 87 82 78 68 56 50 58 67 82 85 82 83 76 67 73 76 78 81 77 77 81 75 78 79 79 74 76 65 48 39 33 44 46 44 30 27 32 38 41 56 61 61 80 74 65 69 73 64 60 53 55 52 42 43 54 50 44 48 48 45 55 56 48 45 41 42 43 19 11 15 15 14 16 20
40 39 41 40 38 41 39 41 41 44 40 45 47 42 64 117 130 124 127 131 112 107 104 93 91 107 114 82 69 72 71 55 48 49 50 54 53 58 56 52 52 52 51 56 43 51 60 76 94 92 78 79 67 81 82 73 75 74 60 55 86 81 65 62 73 87 94 91 86 89 77 74 78 83 86 83 80 73 74 63 60 57 50 52 39 36 50 48 54 45 49 60 54 61 62 73 62 68 74 74 69 58 60 51 47 42 51 50 47 52 49 49 47 52 51 40 41 44 46 47 41 15 16 26 22 11 12 12
43 41 43 44 46 40 42 48 56 57 57 56 55 49 57 72 71 64 65 67 63 59 54 49 51 56 55 44 42 45 47 47 46 44 44 43 45 46 45 45 48 64 57 56 81 91 93 88 79 66 74 84 73 71 68 62 60 73 72 48 49 48 44 51 71 75 75 86 81 93 77 68 59 70 80 78 71 77 77 71 77 70 60 51 48 46 65 63 58 51 48 44 50 56 67 77 75 64 64 54 51 54 60 60 43 45 53 58 58 56 45 46 46 49 42 42 47 42 49 46 40 27 21 28 18 10 19 25
44 44 51 51 50 57 69 71 63 56 56 61 68 77 71 62 58 73 81 72 65 67 67 64 58 60 58 60 60 61 60 59 54 52 49 52 58 68 65 60 59 57 65 85 76 84 85 84 67 72 70 67 63 70 66 54 56 58 69 65 46 45 38 42 52 50 59 63 65 71 76 72 61 54 67 60 57 68 92 87 70 74 79 56 53 60 73 64 54 54 44 41 47 49 66 61 63 55 56 64 66 71 64 63 60 57 65 65 59 52 52 42 47 48 41 41 43 38 42 37 39 33 19 24 22 10 18 26
50 46 45 47 47 46 56 66 71 76 74 71 73 75 77 72 89 106 99 86 79 74 81 81 75 74 81 82 82 83 80 84 80 79 85 84 75 78 70 64 64 50 48 57 45 52 61 54 56 54 64 71 59 79 63 34 53 58 51 68 80 91 79 64 43 31 37 45 59 61 69 78 83 64 62 65 75 76 72 74 65 61 61 59 59 61 64 73 71 75 66 47 53 51 64 66 61 54 56 57 58 65 62 62 69 59 57 59 51 48 53 53 47 36 36 37 43 41 37 37 40 32 17 28 33 20 15 17
51 53 60 57 59 62 72 78 80 75 70 75 89 91 71 72 94 105 109 115 111 94 98 104 101 103 105 93 58 50 58 58 57 56 58 62 60 60 64 62 61 54 46 47 46 46 46 43 40 40 42 42 40 43 40 33 36 38 44 55 59 60 56 68 75 62 34 30 46 41 39 44 46 47 50 70 75 72 72 67 51 32 39 49 51 61 64 65 67 74 73 68 75 61 63 70 55 65 61 63 64 73 72 74 76 64 57 61 54 52 50 53 43 49 48 43 40 43 38 37 38 30 16 28 34 23 12 14
76 85 90 88 74 70 63 64 62 57 50 47 48 52 52 51 54 56 60 65 69 80 89 86 91 99 101 77 62 66 63 59 58 61 60 60 54 47 48 50 53 51 44 42 44 47 49 49 47 45 46 44 42 44 42 39 42 44 41 38 38 37 37 36 38 43 36 34 35 35 35 36 39 45 61 101 100 89 79 67 72 50 37 43 41 55 77 54 56 50 50 56 68 74 70 69 63 63 65 76 78 78 77 76 63 58 58 52 44 42 53 51 48 51 46 46 41 41 39 47 40 27 34 33 37 42 25 31
