190 147 87 64 52 48 45 46 47 48 48 48 48 48 50 51 50 51 101 82 52 70 143 129 57 43 43 44 44 48 50 50 47 48 52 63 73 72 66 82 145 156 107 66 70 87 110 101 78 74 75 75 89 85 64 83 139 160 149 139 134 129 148 182 193 188 189 188 190 191 184 173 157 158 156 156 159 186 203 188 161 190 203 227 223 225 222 217 212 213 189 184 185 187 186 188 189 183 192 176 187 241 245 246 210 193 198 180 166 189 172 172 180 174 184 171 171 179 167 183 152 149 174 192 190 189 187 186
172 178 115 106 62 49 48 50 48 50 49 50 49 49 51 52 50 59 97 79 91 118 146 85 50 45 45 44 45 48 50 50 49 50 58 78 88 81 68 68 103 112 91 63 65 85 109 101 75 73 71 71 72 66 57 91 139 164 155 134 129 131 152 180 191 191 190 189 190 192 186 177 160 159 156 157 163 188 202 192 167 174 194 221 227 225 223 220 215 216 199 188 184 189 185 189 186 184 188 175 185 243 246 245 215 201 199 187 176 187 182 177 187 177 185 180 176 177 178 184 153 149 177 194 191 191 189 187
157 185 135 105 69 51 52 53 52 53 53 51 51 52 54 53 51 62 97 127 146 156 166 121 92 55 46 46 46 49 51 50 50 56 70 87 97 87 71 70 89 96 80 57 62 77 96 82 64 67 65 67 66 66 76 106 142 167 160 137 138 146 159 174 172 188 191 190 189 194 186 178 160 158 158 159 166 190 202 190 168 162 179 189 218 226 222 221 219 220 205 191 186 189 186 190 185 187 188 184 185 244 247 245 217 201 196 193 183 189 189 181 190 185 182 184 179 173 185 186 155 150 178 196 193 192 191 188
142 196 152 63 58 55 54 54 55 55 55 53 53 54 55 56 52 56 98 144 135 128 147 132 106 63 47 49 49 49 50 55 60 99 116 97 99 94 81 81 92 93 75 54 65 83 84 67 59 60 71 84 84 90 106 125 146 167 164 147 151 151 160 167 155 184 190 189 187 193 187 178 162 161 162 163 167 191 204 192 169 167 158 162 183 222 224 220 219 219 209 191 186 191 185 193 186 197 189 193 188 247 248 245 221 205 195 195 185 188 195 184 190 192 177 191 174 174 188 184 156 152 180 197 194 193 192 189
140 162 165 84 61 55 56 57 58 58 58 56 57 59 59 58 53 57 93 139 129 113 115 113 84 53 49 51 51 52 53 59 77 119 116 91 102 98 92 96 101 88 70 55 68 88 86 70 57 59 78 96 103 105 116 141 149 163 158 147 150 147 159 169 161 187 191 190 188 194 189 178 161 165 166 166 168 192 204 193 171 177 164 176 200 222 225 221 218 219 212 193 195 192 188 196 185 200 187 197 191 248 248 248 230 207 195 197 193 186 198 181 185 194 171 195 165 174 182 186 157 152 182 200 196 195 193 191
145 157 173 103 69 53 54 56 57 62 62 59 64 67 67 61 57 68 113 154 136 99 114 129 99 58 49 52 53 55 56 58 83 126 112 78 90 93 101 104 112 96 70 54 65 90 99 77 59 60 78 96 105 131 148 157 157 162 155 145 147 148 161 171 162 187 192 189 190 194 190 179 161 165 164 162 166 195 204 192 172 181 179 187 206 220 223 219 215 215 211 194 197 191 188 192 182 196 184 195 195 248 249 248 235 208 200 195 197 177 201 176 179 193 164 192 156 178 178 187 158 153 184 200 198 196 195 192
143 165 145 82 63 55 54 55 58 68 72 68 70 72 72 66 60 69 109 131 108 83 122 123 89 57 50 53 55 57 58 62 97 138 125 80 78 88 95 106 114 101 71 53 65 92 98 80 61 58 68 82 113 158 168 173 172 171 162 151 155 157 165 172 157 182 192 191 192 195 190 182 163 163 159 159 164 195 205 191 175 182 179 185 192 186 186 201 201 200 187 186 187 184 181 190 182 191 186 197 197 249 250 248 241 208 204 193 197 164 203 159 176 170 155 189 139 173 173 188 159 154 185 201 199 198 197 194
173 192 134 99 65 57 58 59 63 71 99 116 94 79 74 68 68 67 93 118 114 102 141 126 71 59 65 56 60 79 102 89 105 118 111 83 75 80 104 133 108 89 71 57 66 89 92 78 58 56 57 60 110 168 177 179 179 179 170 159 162 162 166 173 154 172 191 192 192 195 190 180 163 162 160 161 163 194 207 191 178 180 177 173 168 170 163 215 227 221 190 185 189 180 183 189 187 190 185 196 192 249 250 250 243 210 205 192 185 150 197 139 173 163 145 187 135 173 179 188 159 154 186 202 200 198 197 195
152 103 111 114 70 62 63 64 66 85 125 145 195 120 77 162 110 88 93 111 124 118 137 146 112 103 88 60 68 108 143 138 135 124 105 74 79 81 115 232 154 94 69 61 66 89 91 73 54 55 54 68 128 171 177 177 178 179 169 158 162 161 165 174 157 160 188 193 191 194 189 177 164 165 164 165 166 194 207 188 178 182 180 178 179 186 168 219 229 224 192 186 188 181 188 184 184 189 178 185 188 246 249 251 245 208 205 192 179 148 194 149 176 173 161 187 154 173 186 190 159 155 189 203 200 199 198 196
153 123 126 104 90 105 81 96 121 129 160 163 243 134 75 198 228 142 88 101 121 125 138 141 129 117 78 64 93 126 157 176 207 241 230 205 167 140 158 173 168 103 74 66 71 90 102 89 62 54 72 101 139 169 185 183 177 178 169 159 161 162 167 174 163 154 170 188 192 193 189 175 166 169 168 170 169 196 207 186 177 182 181 181 186 189 170 221 229 228 202 186 191 177 185 177 175 182 167 182 188 250 251 251 247 209 210 191 181 154 197 158 180 180 168 188 167 173 186 193 159 155 190 204 201 200 199 197
155 143 145 133 140 138 97 144 192 181 200 235 231 212 197 194 224 158 117 135 128 136 156 138 125 101 56 75 133 181 223 255 255 237 216 255 255 255 252 250 234 138 82 88 90 94 124 124 89 81 112 139 153 166 184 184 178 177 169 159 163 163 169 176 168 158 154 172 191 192 188 171 164 168 167 166 167 196 207 182 172 179 181 184 185 189 167 225 233 231 204 190 189 169 177 171 168 176 162 180 188 252 252 253 246 211 206 196 185 160 199 169 179 186 176 188 181 182 182 193 159 155 189 201 201 201 201 198
162 144 160 160 142 118 109 183 207 185 182 184 208 234 255 220 179 204 141 154 135 152 157 142 139 124 88 84 180 244 253 239 224 215 205 227 173 198 255 241 232 245 188 111 123 109 142 144 109 121 151 155 131 144 169 177 177 178 169 157 163 165 169 177 169 163 159 169 189 189 187 172 161 164 163 160 163 195 209 180 169 178 183 184 180 184 165 221 227 227 202 195 185 162 175 168 172 175 170 180 191 253 252 254 242 211 206 195 189 167 193 185 184 189 188 192 194 193 179 193 160 155 193 201 202 202 202 199
154 150 171 158 127 125 140 207 179 168 180 137 151 200 231 228 215 202 153 174 150 160 147 131 138 146 145 114 209 216 179 129 111 96 93 124 123 192 149 100 116 230 255 217 148 126 139 133 104 126 165 158 140 125 160 177 179 178 171 160 164 164 167 177 170 164 163 164 172 176 180 170 158 163 164 160 163 194 211 180 170 180 180 176 172 179 164 222 229 226 204 199 185 162 177 172 177 175 176 180 196 252 252 254 235 210 205 194 193 182 193 200 193 186 195 190 194 187 177 193 160 155 193 204 203 203 202 200
140 151 173 169 136 142 156 207 194 147 192 146 109 166 183 189 183 184 212 193 153 148 145 132 128 139 141 170 191 135 93 70 68 69 66 113 158 117 90 73 86 170 234 240 224 162 138 132 82 83 132 173 172 123 147 174 179 179 173 164 163 162 167 178 173 167 164 159 158 167 179 173 158 165 165 163 165 197 213 186 175 182 175 173 174 183 169 224 231 226 207 197 185 168 181 178 185 178 186 182 202 252 253 254 231 209 208 202 195 197 188 202 189 181 200 166 198 176 175 196 161 156 196 208 203 202 202 200
124 145 175 182 141 146 177 197 179 151 172 201 136 156 193 169 136 138 227 196 147 123 127 122 117 120 103 185 122 90 68 62 65 61 66 66 64 62 66 66 63 84 143 177 255 238 125 70 55 67 108 156 160 114 110 155 178 178 172 163 163 164 170 178 170 166 165 163 161 171 187 182 164 167 163 161 164 198 214 195 178 184 175 178 181 189 177 221 232 224 203 195 186 178 186 186 188 182 197 185 204 251 252 253 233 210 206 199 185 202 172 203 181 174 200 151 197 161 174 196 160 155 195 207 204 204 204 202
118 139 173 174 152 185 179 166 201 214 137 173 145 126 178 147 134 162 231 175 163 124 104 113 130 137 118 157 83 68 60 57 60 56 57 60 59 59 60 58 58 61 88 115 235 250 156 62 56 76 121 124 141 116 73 132 175 177 169 161 165 165 171 177 165 165 164 163 163 174 188 185 168 168 161 159 166 200 215 196 176 186 178 182 185 191 178 220 232 223 197 191 186 189 186 190 188 181 198 178 202 250 251 252 233 214 205 192 174 203 158 202 168 169 183 146 196 145 172 195 160 155 196 207 204 204 204 203
117 116 149 157 154 171 174 170 204 179 115 160 118 108 146 153 160 159 201 177 159 150 133 146 159 140 142 132 70 65 54 54 56 54 53 56 55 58 53 52 56 60 68 80 201 246 167 63 55 65 109 123 156 153 106 108 145 171 168 158 165 164 171 178 164 164 164 163 164 175 189 184 167 166 162 160 167 201 212 194 173 184 181 184 187 189 180 220 230 225 197 190 188 192 182 184 186 176 195 165 200 249 251 254 227 209 209 179 165 196 140 198 149 165 179 134 193 139 171 195 161 156 198 208 203 204 204 202
140 136 141 151 152 152 172 190 204 133 148 191 121 123 157 168 182 175 203 164 137 143 146 152 150 123 171 117 63 62 53 55 57 63 54 55 55 51 51 50 52 56 58 66 115 220 242 101 53 63 103 116 132 145 132 105 106 169 171 156 162 161 169 180 167 165 166 166 167 177 188 182 164 164 163 159 166 202 211 190 173 181 185 186 185 179 183 220 234 226 211 195 192 185 173 173 180 159 183 154 228 253 254 255 233 223 214 178 151 192 134 196 146 167 188 154 191 151 177 196 160 157 199 209 205 204 204 203
167 159 144 146 162 159 163 166 178 154 186 167 129 146 167 156 183 193 198 144 139 128 127 125 135 163 178 74 65 62 56 62 59 56 60 58 58 56 53 52 52 51 57 61 65 183 206 74 68 123 154 120 120 127 114 84 92 172 177 157 160 157 168 181 169 164 167 166 166 177 187 181 163 164 164 162 165 202 211 188 176 182 185 183 177 166 185 226 238 229 212 196 197 176 162 167 173 139 174 187 254 243 216 247 248 233 211 184 156 202 143 197 163 174 194 181 188 166 183 199 160 157 200 210 205 205 206 204
174 166 149 148 177 184 158 147 194 169 196 145 143 176 204 202 198 188 143 147 155 139 127 128 148 183 132 61 62 64 60 58 54 57 58 54 57 56 54 52 53 50 53 59 70 124 161 63 71 142 170 130 129 119 76 57 92 172 178 160 163 161 169 181 175 166 165 164 163 176 187 179 167 166 164 160 164 202 208 186 179 184 176 176 174 167 181 227 235 229 208 198 200 176 162 173 178 151 207 247 253 231 140 182 253 252 238 239 238 250 219 222 181 179 196 186 192 183 188 199 160 157 202 210 207 207 208 206
161 163 150 157 184 192 151 157 156 155 192 144 139 152 174 186 175 173 133 131 144 164 147 148 158 170 95 65 62 61 58 54 51 54 60 58 62 50 57 56 53 53 57 64 85 110 141 60 57 85 117 107 102 73 55 52 93 171 179 163 165 165 170 182 178 167 165 164 164 177 187 177 170 166 159 158 164 204 207 184 183 186 174 175 179 177 179 225 234 229 203 197 201 184 172 178 180 182 231 246 234 155 87 90 204 238 220 224 242 252 225 180 204 193 196 196 198 197 197 199 159 157 203 212 208 209 209 207
142 152 144 156 165 156 145 171 156 159 206 175 159 169 154 144 163 172 134 115 135 176 183 162 162 156 82 61 60 55 59 59 58 54 56 55 57 55 55 63 61 63 72 73 84 121 96 64 63 52 66 93 88 56 51 52 92 171 180 167 165 165 170 182 176 168 166 167 166 176 187 175 170 168 163 163 169 209 206 182 184 188 179 181 184 185 179 228 238 234 200 194 198 187 178 185 182 213 237 213 200 143 77 72 100 149 126 173 188 167 119 77 126 207 195 207 202 197 206 202 159 158 205 214 209 210 210 208
111 135 126 156 151 120 157 149 153 186 177 165 169 184 161 161 152 162 145 123 132 166 191 167 170 157 76 56 55 54 53 57 54 56 61 55 56 60 65 70 66 91 83 83 107 137 67 95 108 73 66 98 97 55 50 51 92 169 179 167 164 163 169 180 175 168 166 170 168 177 187 173 164 167 166 167 172 210 207 179 184 186 182 189 190 188 180 232 239 234 205 192 194 191 190 192 186 226 243 189 189 121 72 70 68 78 100 149 121 87 69 62 60 122 199 214 191 195 213 202 160 159 208 214 210 211 211 209
113 130 122 161 177 161 166 118 148 194 140 150 175 193 171 167 140 143 137 124 136 160 177 157 165 175 83 56 53 53 51 56 65 66 67 58 55 58 80 84 91 116 119 123 122 170 83 102 132 96 73 117 106 59 51 51 92 167 177 167 164 164 170 179 175 168 167 168 165 177 188 175 160 166 166 165 172 209 208 175 180 182 185 191 187 184 176 228 237 233 207 193 192 189 190 191 206 228 197 143 159 120 67 62 64 59 64 82 75 62 57 56 56 60 141 224 160 194 216 203 159 159 209 215 212 212 212 210
127 125 130 186 229 240 152 128 176 173 149 190 210 213 176 157 130 117 122 124 137 159 146 155 166 181 94 55 53 52 53 58 54 52 54 65 67 76 95 135 157 138 130 122 115 167 108 75 94 79 72 126 114 100 102 63 91 168 176 165 166 166 171 178 171 166 166 168 163 176 189 180 162 169 167 163 171 209 213 179 177 183 185 186 178 178 173 224 234 236 207 194 194 181 184 184 201 184 160 142 104 88 65 55 57 55 61 63 62 57 52 51 53 56 72 176 143 195 207 204 158 159 210 216 212 213 213 211
119 110 129 170 221 228 164 134 183 149 188 162 177 186 171 152 130 99 100 120 145 154 125 137 152 155 98 55 54 55 54 57 56 50 52 57 58 66 89 132 152 136 130 121 117 112 87 69 60 70 83 96 109 154 144 80 93 168 176 164 165 166 172 177 168 167 165 166 160 176 190 182 168 170 165 162 174 210 214 189 180 183 181 180 173 171 170 229 236 239 211 198 183 161 178 179 177 169 211 131 73 64 58 53 51 52 56 57 56 54 49 49 50 53 56 106 162 192 204 205 157 159 210 217 213 214 213 211
112 116 138 151 201 218 215 179 180 175 144 167 215 169 146 142 140 115 103 124 165 159 130 115 132 143 104 57 55 56 54 52 51 52 53 59 57 72 105 134 151 126 99 83 102 132 94 67 77 103 89 67 99 154 144 76 94 168 177 163 163 165 173 178 166 169 168 167 160 175 191 180 170 169 162 160 175 211 215 190 183 180 176 179 177 170 171 228 237 238 210 202 173 141 178 175 178 227 182 79 69 60 54 51 52 54 53 53 54 52 47 47 48 52 57 66 149 199 212 204 157 160 212 217 214 214 214 212
186 187 180 129 178 217 231 231 238 226 182 241 255 196 121 129 144 133 118 132 154 141 136 133 143 143 116 61 57 57 54 52 54 59 68 64 62 104 131 131 129 97 84 98 110 176 131 82 136 126 89 77 76 96 111 71 96 170 178 164 163 164 173 180 166 168 170 169 165 177 189 179 169 168 161 162 173 212 216 186 182 184 179 181 182 177 174 228 237 234 208 207 177 149 182 180 195 224 134 86 68 60 55 54 52 52 52 50 51 48 47 45 47 52 57 58 112 200 216 206 159 161 213 217 215 215 214 213
226 245 250 174 142 230 217 205 220 230 248 255 254 238 135 127 128 117 128 134 118 110 131 151 143 143 133 72 57 55 56 67 69 60 67 58 75 125 129 123 118 119 93 116 141 122 68 121 148 102 74 86 73 51 70 61 97 170 179 165 166 165 174 181 167 165 168 168 165 179 191 181 167 167 163 165 172 213 215 188 183 185 184 185 188 187 181 235 235 238 211 204 187 167 186 181 217 196 123 75 76 73 70 65 55 53 53 54 51 49 48 45 47 52 55 59 81 190 216 205 158 161 214 218 215 216 215 214
224 213 160 190 161 203 210 180 213 210 227 247 245 255 192 108 111 97 114 146 132 112 127 141 131 131 132 87 57 56 71 118 123 109 92 81 94 124 131 130 127 102 78 128 142 122 88 125 106 64 61 70 83 61 53 56 98 169 179 169 168 167 174 184 170 164 166 164 162 178 190 180 167 167 167 164 173 213 213 189 182 182 186 189 191 187 183 236 236 237 210 202 193 184 192 189 217 166 113 74 91 97 102 97 70 59 57 56 51 50 52 48 47 53 54 58 63 167 222 204 158 163 214 218 215 214 214 214
222 219 151 201 177 190 195 189 237 222 218 233 238 255 207 105 125 115 109 152 160 129 120 123 115 114 119 102 59 59 86 131 151 122 124 123 121 124 132 138 127 107 91 121 147 138 117 95 71 66 65 55 76 75 56 56 98 168 179 172 166 166 175 186 174 164 166 163 162 180 186 175 168 169 168 165 173 213 212 186 181 183 188 189 187 185 188 234 235 231 202 199 193 190 193 195 198 147 98 84 100 100 108 119 102 76 61 59 47 46 53 54 47 54 54 56 58 128 221 204 160 164 214 219 215 215 215 215
173 204 211 230 160 146 173 192 241 238 238 223 238 242 251 178 163 144 121 139 153 122 114 116 110 119 119 112 66 61 91 125 132 113 116 115 119 124 130 137 130 112 102 122 155 136 141 74 64 75 92 69 60 67 57 56 97 169 178 170 164 164 175 187 177 167 167 163 163 182 185 171 172 168 164 163 173 214 212 184 181 185 184 178 175 181 190 237 236 234 212 201 194 186 187 191 203 154 105 91 101 105 118 135 134 108 76 60 49 47 51 58 48 51 52 55 57 97 220 204 158 165 215 219 216 216 216 215
165 161 183 182 124 145 137 153 219 233 217 233 246 235 250 202 166 148 138 135 133 108 103 106 109 109 127 137 86 61 86 118 121 116 124 117 122 125 128 138 128 110 107 118 149 128 142 101 59 74 100 94 57 55 56 56 98 170 177 168 165 166 175 186 178 169 169 167 164 180 186 170 172 169 164 162 173 215 211 185 184 185 177 166 170 177 191 237 237 237 221 202 196 181 178 181 192 155 108 85 96 111 114 137 144 123 90 67 52 48 47 52 48 51 51 53 57 73 193 203 158 166 215 219 216 216 216 216
131 132 157 151 143 146 183 168 220 207 213 221 236 242 254 212 124 126 147 127 108 101 101 98 105 100 122 143 117 66 78 119 119 119 128 120 123 125 127 138 140 122 113 114 127 140 125 100 59 65 74 89 59 52 56 57 99 170 176 166 168 169 175 186 175 165 166 167 162 180 186 166 167 169 167 164 176 214 207 180 184 186 176 165 178 179 190 236 239 234 213 202 195 180 176 170 178 179 132 85 79 108 128 136 139 120 90 64 50 46 45 47 48 49 48 53 56 64 161 201 158 166 216 219 216 216 216 215
155 169 156 167 149 143 175 219 223 233 223 229 237 249 254 220 133 122 223 124 143 152 110 95 95 103 121 119 123 93 68 112 132 133 129 123 124 126 129 136 145 134 117 112 125 123 130 99 67 62 56 66 58 52 55 57 98 171 176 166 169 170 177 185 172 162 164 165 160 181 189 170 161 167 169 163 175 213 206 172 183 186 180 179 187 182 187 240 240 237 204 203 200 182 177 177 173 173 166 107 102 128 138 139 131 114 89 61 51 48 45 45 48 46 47 53 55 61 128 187 157 165 215 220 217 217 216 216
133 145 189 209 196 154 157 188 193 215 223 242 211 217 236 249 232 184 250 198 237 218 113 99 87 100 112 105 116 122 70 100 135 133 130 127 126 128 132 136 139 134 116 114 108 124 156 133 100 92 92 64 51 52 54 56 98 170 176 165 167 167 178 185 170 166 165 163 160 181 193 177 161 165 169 163 173 213 207 168 182 185 182 186 191 183 184 241 241 239 201 199 200 186 178 184 178 177 217 138 106 115 131 141 125 120 97 65 54 49 43 44 50 46 47 52 54 61 99 166 157 163 216 219 217 217 217 216
125 119 178 199 179 140 137 155 144 204 226 242 238 219 221 235 251 250 243 255 252 241 148 93 87 98 95 89 96 128 87 92 133 130 131 126 126 126 132 137 135 126 116 120 110 120 131 119 114 134 161 122 61 50 53 55 98 170 178 165 166 165 177 183 168 169 168 165 159 181 193 180 168 169 168 171 178 213 208 172 182 186 186 189 190 177 184 234 238 232 202 197 196 190 182 191 184 227 242 145 123 103 128 127 125 128 122 79 59 50 42 44 52 48 48 50 53 59 83 145 156 161 216 220 217 217 216 215
131 126 152 181 165 142 126 136 146 203 214 233 236 223 206 221 226 215 207 254 231 206 176 91 84 101 89 79 82 113 105 93 130 136 125 128 126 128 131 134 132 118 116 125 126 115 114 104 116 112 136 133 78 48 52 54 96 170 179 166 167 166 176 184 165 167 171 168 164 182 191 180 172 171 165 176 186 213 211 180 184 187 185 185 183 170 183 237 236 232 206 195 189 192 190 198 191 220 214 154 144 90 97 123 133 135 130 94 61 50 42 49 55 49 49 47 52 57 76 129 154 160 216 219 217 218 216 215
113 119 149 136 128 136 156 156 136 144 150 205 197 206 226 232 246 245 231 248 197 178 192 106 83 126 109 78 86 101 127 105 128 132 125 128 130 127 129 132 131 119 105 122 131 114 121 124 131 86 62 80 63 48 50 52 96 170 181 171 170 169 177 186 166 163 169 165 163 181 192 180 171 171 167 173 187 216 214 186 185 185 180 170 171 166 183 239 236 234 209 196 190 187 190 196 195 228 200 150 139 106 94 110 133 137 127 91 57 45 69 95 55 50 50 46 49 56 69 118 151 160 217 220 218 218 217 215
107 114 172 179 158 142 132 104 131 136 141 165 166 194 216 181 240 246 240 227 196 169 152 97 78 140 121 82 84 183 222 119 125 132 129 125 127 128 129 130 129 122 124 115 102 111 125 133 112 75 50 48 49 48 50 52 95 169 181 174 171 169 177 189 172 163 163 162 159 182 192 178 167 168 168 168 182 215 218 192 187 180 170 162 167 165 185 233 236 230 207 197 186 177 178 189 187 234 196 139 129 114 118 126 141 132 121 95 64 59 100 98 56 50 48 47 49 54 67 108 148 160 217 221 219 218 217 216
110 134 161 199 163 127 166 208 150 161 172 192 173 215 204 197 220 195 196 178 180 169 174 151 81 121 113 82 96 225 216 120 125 131 131 123 123 126 128 130 129 125 126 124 125 136 140 155 93 57 50 49 47 47 50 52 95 170 181 172 169 166 177 189 175 165 156 158 160 183 190 176 168 167 167 168 182 215 217 188 187 180 169 170 176 172 186 233 235 229 207 200 181 172 180 190 202 236 164 141 128 118 121 135 142 125 114 95 90 107 116 93 58 49 46 50 51 54 63 98 144 159 218 221 218 217 217 216
116 145 167 175 153 125 167 201 152 137 143 189 191 223 154 140 212 232 181 192 219 218 200 217 97 87 84 72 128 243 193 119 126 129 132 128 123 123 125 128 130 131 128 118 120 145 162 163 109 76 50 48 46 47 50 52 95 170 179 168 168 165 176 187 176 167 155 157 163 185 190 174 170 167 167 169 184 218 215 184 184 183 177 182 183 182 185 234 233 235 210 204 182 172 188 194 194 211 138 142 125 123 137 148 127 120 116 90 102 132 121 83 57 47 46 50 52 55 61 89 138 161 218 222 219 219 217 216
105 106 111 153 132 118 142 146 127 143 133 152 222 223 205 154 205 205 199 215 224 237 220 215 90 85 91 82 193 246 154 116 124 127 131 129 126 122 123 125 129 133 129 121 116 133 138 122 100 83 53 47 47 48 50 52 94 170 178 166 170 168 176 186 174 165 161 161 164 184 193 174 173 169 167 169 184 219 213 183 182 184 183 188 187 186 186 233 234 232 207 206 186 175 193 183 195 221 158 134 123 126 141 138 122 119 122 103 108 125 125 69 57 50 47 51 54 56 59 80 129 159 219 222 219 219 218 216
125 102 137 142 127 112 146 134 111 138 140 132 177 196 160 159 115 156 187 172 114 194 242 136 81 105 98 102 238 245 177 108 121 124 128 128 128 126 124 124 126 128 124 122 132 154 103 81 74 63 51 48 47 48 50 52 94 170 176 165 171 170 177 184 169 161 163 162 162 185 197 173 174 168 162 165 180 216 212 183 184 184 186 188 183 186 185 235 237 233 206 201 189 180 193 182 193 223 194 121 126 124 132 131 126 121 122 113 116 122 109 60 60 55 52 50 55 54 56 71 120 155 219 221 219 218 218 217
137 85 108 143 129 125 109 94 106 122 153 159 149 179 179 181 136 103 79 78 84 165 204 99 87 96 108 192 245 244 217 107 114 121 124 125 126 127 127 125 122 129 131 111 163 180 117 120 100 52 49 47 49 61 55 53 94 170 176 164 168 169 177 183 166 161 163 161 160 186 199 169 168 168 164 166 180 217 211 183 188 183 181 183 175 179 181 236 238 232 203 198 191 189 199 186 205 202 203 137 126 117 126 131 129 125 122 116 109 96 62 51 58 51 51 49 54 54 55 68 108 149 220 221 220 220 218 217
100 91 100 106 114 119 113 113 107 118 129 128 76 102 198 224 137 77 76 78 132 140 94 87 92 137 229 250 238 238 250 162 102 120 123 123 123 125 127 125 130 191 224 163 132 147 142 163 112 64 49 47 62 92 67 54 94 169 179 164 166 166 176 183 166 165 166 159 155 185 201 171 162 167 166 167 184 218 208 181 187 180 174 177 171 175 181 237 239 233 212 199 193 195 196 190 210 217 206 163 139 129 113 130 130 126 121 115 110 94 57 51 57 51 49 48 52 52 55 63 94 144 221 221 220 220 218 217
145 145 120 113 112 112 124 167 118 124 125 122 112 70 115 214 131 87 67 103 132 87 87 88 159 246 247 234 242 238 237 234 127 113 121 120 122 127 129 125 164 243 239 252 208 140 140 161 116 82 50 56 85 89 63 54 94 169 179 166 167 167 175 181 163 166 166 160 156 185 202 178 162 167 168 165 184 216 203 176 189 182 175 179 178 180 184 237 241 236 222 203 196 191 189 197 213 217 191 138 98 113 122 129 129 125 117 112 111 84 58 57 58 53 50 46 52 52 56 61 81 138 222 222 220 220 219 218
182 194 137 121 99 120 147 166 139 124 125 121 141 117 92 120 140 117 103 133 130 149 126 185 255 245 234 227 242 247 237 244 210 117 117 122 123 126 128 125 174 241 237 230 238 224 146 140 111 67 49 66 103 86 55 53 93 169 178 169 171 169 175 182 161 160 165 163 161 185 201 182 167 168 167 166 183 214 198 170 187 184 180 182 185 183 188 238 239 236 213 204 195 183 186 184 216 206 191 167 119 130 130 131 134 123 116 112 112 72 55 58 58 55 48 47 51 53 57 62 75 132 221 222 220 220 220 218
132 143 125 133 141 133 154 148 134 120 123 161 146 118 64 119 161 126 125 92 163 168 203 254 241 250 244 235 219 243 243 234 242 191 118 121 122 126 127 121 179 230 234 230 219 221 184 118 116 84 66 78 88 84 58 52 94 169 178 170 171 169 176 183 166 157 162 163 162 186 200 180 172 167 162 165 186 217 202 168 183 184 184 185 189 184 191 238 243 235 204 207 198 178 178 175 214 215 175 157 129 131 134 131 128 120 113 116 113 65 55 54 57 54 48 51 51 54 56 60 69 130 222 222 220 220 219 218
99 140 181 163 177 137 142 143 112 111 126 137 142 112 102 154 215 112 119 99 188 207 255 242 226 232 251 242 213 213 248 241 232 237 167 112 119 125 120 114 190 213 235 228 230 222 212 107 99 112 102 89 78 63 55 52 94 171 179 169 169 168 175 184 173 159 151 156 161 186 197 178 171 166 163 164 187 218 208 176 182 185 187 187 189 179 189 238 244 234 198 203 199 181 177 175 190 231 151 140 133 134 133 128 121 115 112 120 109 61 54 53 57 54 48 51 51 56 57 60 66 126 221 221 221 220 218 217
134 130 205 145 115 139 136 157 120 115 115 127 144 145 176 194 178 199 164 182 235 251 239 231 227 223 234 235 232 217 234 246 243 237 231 182 123 118 103 128 197 218 233 222 231 230 227 148 67 87 96 74 68 53 52 52 93 170 178 167 168 166 174 183 170 147 132 148 162 186 195 175 163 164 167 167 186 217 211 184 186 187 186 185 188 172 188 239 240 235 198 200 195 184 179 180 212 217 137 156 132 124 125 126 117 112 118 122 97 57 53 53 52 49 48 48 50 57 57 62 67 121 218 223 221 221 218 217
160 156 148 164 124 132 128 188 175 108 117 119 180 177 176 182 186 209 166 225 255 237 229 226 222 210 206 227 235 225 233 240 242 232 229 236 192 155 140 190 209 202 229 222 222 238 223 196 104 99 69 57 52 51 51 52 93 170 179 167 171 168 164 177 158 126 131 155 163 186 195 173 159 163 166 167 187 217 210 181 185 180 180 178 181 167 188 240 241 230 203 197 192 189 182 201 229 218 169 174 175 167 137 124 112 110 119 119 82 52 52 52 51 47 47 47 50 57 57 62 71 128 220 223 221 221 219 218
150 178 147 139 141 139 167 204 130 98 111 123 164 151 183 201 142 177 173 247 239 226 225 226 208 201 220 213 231 217 224 240 236 233 225 223 212 211 185 200 212 201 220 224 216 239 225 207 138 125 86 66 55 51 51 51 92 170 180 166 171 169 142 146 146 129 144 164 163 185 196 172 163 164 163 165 188 216 208 179 184 171 173 173 178 164 188 239 241 226 203 195 193 187 188 199 190 237 205 191 196 200 219 187 114 113 120 120 76 52 54 51 51 48 48 46 51 58 59 65 76 135 222 223 221 222 220 218
144 176 184 127 155 139 158 176 151 111 110 129 157 150 156 183 133 165 236 221 221 223 225 218 201 196 204 230 215 226 212 233 232 229 227 230 225 211 154 197 210 208 213 225 213 239 226 212 171 88 82 91 97 59 50 51 91 169 181 167 168 168 146 127 130 143 152 161 161 186 195 171 168 163 156 163 189 216 209 181 185 173 171 176 178 167 187 239 235 231 205 197 188 179 187 196 187 195 185 205 222 243 252 183 119 122 126 120 74 56 54 52 52 54 50 49 56 62 66 69 95 163 221 223 221 221 219 218
165 149 130 128 149 121 158 163 138 114 120 146 118 117 182 164 130 163 221 215 220 223 220 207 206 202 194 221 225 217 213 223 232 239 244 225 225 224 188 194 213 210 207 225 211 238 228 206 213 78 67 103 123 81 54 52 91 169 181 167 167 167 162 150 144 154 155 157 160 187 195 168 169 162 149 155 188 214 205 181 183 181 178 180 183 172 188 239 236 230 206 200 182 170 182 193 190 212 226 250 255 246 222 181 117 123 127 117 80 62 56 57 59 65 58 57 60 64 70 82 178 201 220 222 222 220 218 217
172 136 134 149 137 126 136 175 123 125 124 150 140 111 141 158 153 198 215 214 222 227 219 198 212 203 205 202 233 217 214 211 232 238 240 216 217 227 210 198 212 210 201 224 211 236 230 208 231 115 79 105 122 122 79 51 91 169 181 169 169 166 153 152 159 164 155 156 160 187 196 162 162 165 157 154 187 214 203 180 182 185 183 183 186 178 188 239 238 223 206 202 180 172 159 209 251 255 253 255 243 214 217 165 119 115 124 117 83 67 63 63 64 64 60 60 58 62 73 151 247 208 221 222 221 220 218 217
151 131 123 131 140 113 152 148 99 129 160 148 146 155 147 178 171 188 206 214 222 228 222 213 202 211 203 207 215 234 212 210 220 232 230 215 213 227 220 205 211 212 195 220 213 232 228 212 230 157 83 97 126 151 90 52 92 170 181 171 171 168 145 121 142 166 155 153 159 187 198 163 154 164 165 163 189 214 204 182 183 188 181 180 176 179 188 241 237 227 205 204 190 173 187 249 255 234 235 236 215 216 210 128 121 115 118 120 94 67 66 64 61 64 63 63 65 80 184 249 252 212 221 222 221 221 218 217
148 161 155 121 119 126 147 132 111 147 183 151 133 147 176 144 183 215 207 215 222 225 223 221 204 209 198 218 202 229 228 205 217 231 224 216 212 225 225 206 213 212 193 213 215 230 228 211 227 188 111 115 129 138 74 52 92 170 181 171 170 170 162 123 124 161 155 155 160 188 199 170 157 161 164 166 190 212 204 183 184 186 169 165 157 176 188 242 237 228 206 202 193 179 235 242 234 214 216 215 216 220 192 109 119 118 119 123 116 78 65 63 62 90 101 129 133 126 164 243 252 209 220 222 221 219 218 216
142 185 139 151 134 139 123 120 125 137 102 123 177 165 192 189 201 206 209 213 221 222 220 217 216 202 202 210 213 209 233 222 206 226 219 220 212 227 226 207 217 207 194 208 215 228 229 212 227 200 125 137 134 119 65 52 92 170 178 168 167 168 172 151 131 157 152 158 161 188 197 171 165 161 161 164 189 210 201 182 187 183 160 159 152 172 188 242 237 224 206 199 193 196 234 219 218 217 216 217 218 222 165 109 118 118 117 122 124 118 121 118 129 143 155 157 157 150 142 170 239 206 220 222 221 219 217 216
140 134 143 180 152 138 157 107 107 129 108 120 143 182 167 181 204 205 211 214 225 229 225 214 223 205 207 198 225 203 224 234 214 210 224 218 219 228 237 214 220 208 195 204 211 226 229 211 224 204 110 115 121 101 62 52 93 169 176 166 164 149 146 165 153 159 149 156 159 188 194 169 170 165 161 163 189 210 197 181 189 183 169 170 166 174 186 240 235 228 205 199 192 219 226 216 218 217 217 219 217 219 142 115 120 119 116 123 124 140 178 173 171 169 167 166 163 159 154 150 175 200 221 221 219 218 215 214
147 160 157 164 129 140 118 102 113 145 142 124 136 179 146 210 223 204 203 205 212 228 231 214 223 213 210 196 220 214 209 231 228 207 211 216 224 233 242 213 220 209 197 208 206 224 228 210 221 227 126 108 105 84 57 53 92 169 180 180 169 144 112 155 169 163 153 157 159 187 193 170 170 166 156 156 187 210 196 174 185 184 179 179 177 174 187 239 234 227 202 200 195 224 220 220 219 217 216 219 215 212 130 121 122 123 120 122 117 168 186 179 179 176 174 175 178 176 170 162 155 181 220 219 219 218 216 215
201 185 140 137 122 131 121 127 108 126 135 139 107 194 177 210 221 208 200 208 219 222 228 217 220 220 211 204 207 226 203 222 229 223 204 202 216 237 226 215 221 209 197 210 203 222 227 207 217 238 161 116 103 76 56 53 92 164 182 188 181 166 124 140 171 166 160 161 160 186 192 168 163 164 156 150 185 211 196 170 180 183 184 183 180 179 190 237 235 225 197 200 202 224 222 222 219 217 219 219 217 198 118 123 123 123 120 117 128 185 187 187 186 185 181 185 185 174 172 168 168 167 205 220 217 217 216 214
169 184 141 117 133 112 105 127 137 132 129 148 129 166 194 239 214 207 200 213 220 222 217 218 215 225 212 213 199 228 212 211 226 227 217 204 199 225 224 214 221 213 197 205 203 222 226 206 217 230 204 110 90 66 55 54 86 145 165 168 183 189 157 147 165 164 161 164 161 186 191 168 154 159 160 157 186 209 199 175 181 185 186 183 181 182 190 237 235 228 194 204 204 229 225 220 217 218 220 218 217 181 111 123 124 124 121 118 160 196 193 191 192 190 194 177 166 173 166 169 161 163 187 220 216 216 216 214
148 133 128 133 132 116 109 127 150 121 154 177 136 134 206 234 221 205 200 214 220 221 216 212 214 226 213 218 203 219 221 207 221 226 218 214 204 210 220 215 219 217 207 200 202 221 225 206 215 224 228 128 99 77 56 57 84 134 158 153 167 177 164 161 162 159 157 162 162 187 189 167 159 158 158 159 187 208 200 180 185 186 185 178 178 177 190 234 234 229 191 203 213 228 226 220 216 218 220 217 216 158 104 119 121 124 121 123 192 199 197 199 195 195 187 167 146 150 146 166 158 156 169 210 216 215 216 214
166 143 141 162 142 95 113 135 129 128 135 215 188 166 222 232 208 205 198 211 222 220 218 207 212 221 215 216 213 206 227 208 214 220 217 212 207 209 213 216 219 214 210 199 199 223 226 205 215 225 233 167 85 71 57 59 90 148 189 163 154 147 134 152 162 161 152 157 160 186 187 168 169 163 159 158 186 207 198 179 185 182 181 178 174 172 190 232 234 226 195 200 227 234 227 219 215 217 220 215 212 133 101 115 120 122 118 149 207 199 203 200 198 188 154 151 86 127 138 162 164 149 156 189 216 215 216 215
156 162 163 161 125 137 124 154 131 168 176 179 211 179 220 231 188 207 196 211 222 219 218 210 207 216 217 212 224 199 225 215 209 215 217 210 206 207 212 219 222 216 210 200 198 223 226 205 214 226 226 215 96 82 62 57 91 149 179 163 148 127 129 149 160 164 148 151 158 186 187 165 169 163 163 162 187 204 195 177 187 180 178 178 181 170 189 233 236 227 200 196 217 241 226 218 212 218 220 212 205 115 103 113 117 120 117 188 209 202 206 201 202 185 135 108 80 112 126 142 150 102 161 170 215 216 215 215
166 171 200 140 98 109 169 142 150 171 219 148 198 209 220 221 198 205 196 212 222 218 220 216 206 209 219 209 229 200 217 223 211 213 216 209 205 206 210 218 222 220 210 199 198 223 226 203 213 227 220 244 139 91 63 57 95 157 145 140 128 111 152 167 161 165 149 147 156 185 186 160 163 161 164 164 189 203 193 176 185 182 177 177 182 168 189 232 232 227 200 194 236 241 226 217 211 219 219 211 190 100 106 111 116 117 136 215 205 205 209 200 196 165 139 82 124 123 138 149 146 95 146 159 202 217 215 214
112 129 127 95 106 151 142 131 121 166 192 150 149 177 217 217 201 205 196 213 221 219 219 220 207 205 217 208 230 210 205 225 218 214 215 211 202 204 211 216 219 221 209 198 199 224 224 203 213 227 219 251 180 100 70 66 116 220 163 112 126 135 166 177 164 163 155 153 158 186 188 158 160 161 164 165 189 204 192 174 181 182 178 175 184 169 190 229 227 227 201 198 251 236 226 215 210 219 216 211 171 97 105 111 117 115 175 221 204 208 209 201 182 142 143 124 105 131 141 146 147 110 131 162 187 218 215 214
103 98 93 130 162 166 126 168 213 191 137 145 109 166 214 207 203 202 201 217 221 220 218 221 214 200 215 209 229 221 198 219 222 215 215 212 203 201 212 211 215 222 209 197 201 223 224 205 211 226 220 249 221 127 95 90 135 211 148 101 133 156 172 179 167 162 159 160 161 184 191 166 161 160 160 164 189 205 190 173 179 181 180 179 187 174 189 232 225 225 205 197 237 235 226 215 212 219 213 210 152 96 105 112 116 130 210 218 205 211 208 202 186 116 113 124 92 132 154 148 157 107 109 174 178 215 215 214
98 91 66 79 109 148 106 131 200 192 150 138 113 174 193 206 205 198 204 221 219 219 219 223 214 197 215 212 226 225 199 211 222 215 214 215 208 199 213 210 217 222 211 197 203 224 226 205 212 228 225 250 245 137 109 133 135 150 127 118 146 161 174 179 167 162 158 159 161 184 193 169 165 160 156 161 191 204 188 176 181 182 181 182 184 171 188 235 227 219 205 206 250 235 226 212 214 217 208 210 133 99 107 114 114 168 226 214 207 213 206 199 174 136 139 104 92 131 149 141 145 125 107 178 171 208 217 214
89 98 84 71 74 131 106 104 153 163 169 170 147 168 186 205 206 200 205 221 218 216 216 208 211 200 215 212 225 227 204 202 217 218 215 216 211 199 212 211 219 218 215 199 206 227 203 210 203 224 246 252 254 213 140 146 139 156 146 137 161 168 174 177 168 163 158 158 160 183 190 168 167 160 156 161 189 202 184 177 181 174 173 175 180 155 188 235 228 222 202 232 255 227 224 210 216 214 206 206 119 102 110 113 127 209 225 209 209 213 207 191 161 137 119 86 104 116 121 143 139 138 117 183 184 205 216 214
93 114 93 72 52 126 169 145 132 144 178 153 117 147 206 201 206 204 208 223 219 213 211 205 219 205 214 214 221 227 212 196 211 215 214 215 211 199 211 211 216 216 218 200 207 234 192 193 203 236 249 252 252 253 152 130 139 161 160 153 165 168 173 174 166 164 162 159 161 182 187 167 165 160 155 165 192 200 181 176 185 171 167 170 174 147 187 233 229 218 199 214 225 212 225 210 217 209 206 202 110 106 114 112 167 225 220 207 210 213 207 194 101 66 111 84 110 105 134 165 137 123 112 183 215 217 214 214
68 92 102 70 59 105 140 152 163 125 171 156 141 194 201 199 206 201 209 224 223 208 207 206 217 207 213 214 220 226 219 198 207 212 212 214 212 199 206 209 216 218 217 200 207 233 226 188 176 224 252 255 250 240 168 148 156 149 148 157 166 167 171 172 164 160 163 161 162 181 184 165 160 162 161 171 193 199 177 171 184 176 171 176 176 157 189 235 228 220 199 195 165 205 225 210 213 208 209 195 105 110 108 127 211 224 217 207 211 211 207 195 119 135 177 117 104 108 139 145 156 149 107 181 207 216 214 213
51 76 140 83 70 118 123 145 126 115 129 78 172 222 203 199 205 204 209 223 224 210 205 205 217 207 213 215 217 226 223 203 202 210 211 210 212 202 197 206 219 220 212 200 208 229 240 196 183 199 249 254 253 251 196 174 181 156 144 153 168 167 172 169 160 157 159 160 161 179 179 162 156 160 162 167 191 199 180 170 177 181 175 181 181 166 188 232 227 221 199 185 197 218 221 208 210 211 209 185 103 113 106 179 225 222 216 207 211 211 207 180 151 151 161 117 52 75 140 147 175 138 109 186 201 216 213 212
52 74 90 69 70 85 61 79 120 99 117 74 164 181 197 201 204 202 215 225 226 213 207 204 214 206 211 214 216 227 224 214 199 207 208 206 208 203 194 200 219 222 209 199 211 227 230 173 177 190 206 215 206 225 211 177 191 168 157 161 171 170 174 167 158 160 162 157 159 179 175 160 158 156 160 163 191 201 186 173 176 182 179 182 181 176 186 227 224 224 206 185 208 214 219 205 210 211 210 165 106 112 138 219 221 220 214 206 211 210 206 177 132 140 163 135 53 52 110 154 162 71 122 220 213 213 212 212
51 75 116 82 58 59 96 71 96 110 156 160 182 166 197 204 203 203 219 225 225 217 210 204 210 208 207 212 214 228 223 221 202 204 206 206 207 196 195 207 220 222 208 202 209 219 215 174 162 206 224 217 210 202 216 167 175 174 164 164 170 172 175 168 157 165 173 165 160 179 173 160 162 157 159 159 190 205 191 176 178 182 182 182 180 180 187 230 226 224 203 193 171 188 220 204 212 209 209 165 117 124 201 221 218 221 213 207 209 209 208 179 137 158 146 104 50 55 81 113 97 53 127 220 213 213 211 211
49 49 78 89 57 54 119 74 110 159 136 189 148 144 199 206 200 205 222 225 224 219 212 208 207 207 205 213 212 228 222 223 210 202 206 207 209 194 205 208 218 222 205 203 203 211 209 170 163 213 231 227 229 202 215 167 145 173 170 163 167 167 174 169 157 164 177 172 160 177 171 158 165 160 162 162 191 207 191 176 179 182 183 183 183 178 189 231 226 220 198 190 175 199 214 204 212 206 210 165 136 180 219 216 219 218 211 206 211 210 196 174 168 139 130 100 54 55 97 109 77 56 140 217 213 213 211 211
85 56 73 66 65 59 80 87 175 216 192 173 137 156 199 207 199 205 222 224 223 222 211 213 204 205 200 212 210 227 223 225 218 205 206 208 206 193 209 207 220 218 211 206 205 208 211 178 167 207 236 239 228 199 217 201 163 174 171 164 167 165 171 171 158 162 170 168 161 180 176 156 162 160 167 167 192 204 187 175 182 181 178 175 175 175 186 228 227 216 191 191 182 201 210 203 210 205 210 162 176 214 216 214 217 217 210 207 210 210 180 171 164 128 138 143 75 51 99 104 62 63 161 216 212 211 211 210
153 111 72 74 88 54 52 143 170 155 182 149 121 165 201 207 200 205 221 223 220 221 211 214 200 195 207 210 209 227 223 225 223 212 207 208 200 198 212 207 223 221 214 213 214 213 191 156 155 193 232 251 245 211 222 219 203 180 172 164 169 167 171 170 160 160 163 160 161 181 182 157 157 159 168 170 195 202 186 171 183 187 178 168 168 170 186 230 226 219 187 194 190 186 212 202 207 205 210 150 191 216 214 212 214 217 211 205 210 209 175 138 149 128 138 135 86 52 99 75 52 65 169 214 211 211 211 210
143 118 113 141 124 105 104 118 133 87 86 123 106 160 204 205 200 208 220 223 219 217 213 210 193 197 210 205 209 227 224 222 224 219 209 210 197 205 209 207 218 219 222 223 200 149 116 114 117 123 155 198 206 215 234 219 208 182 174 165 170 170 171 169 162 162 162 156 159 182 184 160 156 156 163 171 197 203 185 169 177 185 180 168 168 166 187 230 225 216 192 191 198 206 208 202 207 206 209 161 202 214 212 211 214 216 212 205 211 190 158 134 128 134 137 131 119 51 58 50 54 63 171 213 210 210 209 208
73 65 102 156 159 173 113 61 63 99 76 93 100 183 204 202 201 211 221 224 220 216 215 203 186 204 199 200 207 226 223 221 224 221 212 210 196 210 206 206 220 216 209 161 115 117 129 125 120 123 118 114 114 169 237 220 209 182 175 166 168 168 169 168 161 162 162 156 158 182 184 161 160 157 158 165 196 204 185 168 175 180 177 170 172 164 187 227 224 211 192 188 200 224 200 204 205 207 207 169 201 214 213 213 214 214 209 206 207 158 157 145 129 135 144 138 99 46 48 50 53 68 180 212 209 210 209 208
55 53 67 87 116 111 79 111 103 83 78 79 127 186 207 202 202 214 222 222 217 212 209 196 188 200 188 204 204 224 224 220 223 222 215 207 196 213 206 211 195 138 112 108 115 122 130 118 109 114 115 120 120 159 226 220 215 182 175 166 168 167 168 168 160 161 165 160 161 182 181 161 165 160 159 159 193 201 186 173 177 176 175 173 180 166 186 228 222 214 198 191 194 197 202 206 204 207 205 173 196 212 214 213 213 215 207 206 198 166 96 134 137 133 136 134 70 49 48 51 54 74 190 210 208 209 208 208
59 63 74 54 81 104 55 59 74 59 62 62 88 192 207 202 202 216 223 222 215 209 203 192 193 199 183 211 203 222 223 216 219 218 219 207 198 210 202 163 111 105 111 116 116 120 120 103 90 93 104 126 133 199 221 221 222 184 173 168 169 169 169 168 158 158 167 165 163 182 178 158 163 158 158 158 192 198 185 174 178 180 178 178 186 168 187 228 222 215 200 194 187 196 200 209 203 206 203 189 192 207 214 213 214 212 206 197 159 162 84 92 144 133 152 120 93 98 59 50 54 83 196 209 208 208 208 207
63 68 83 63 66 59 53 56 57 62 66 63 92 199 208 201 204 216 223 221 215 206 198 189 200 195 185 211 201 219 220 212 210 208 214 207 196 202 207 133 106 112 119 118 116 119 119 112 108 110 108 115 125 215 218 224 226 195 172 169 172 172 171 167 158 160 165 161 163 181 177 154 155 157 159 161 194 198 184 173 179 178 179 184 185 173 185 225 223 210 200 195 183 225 190 208 207 202 201 203 189 203 213 213 214 209 205 177 150 150 84 49 108 165 127 75 121 129 110 66 53 108 201 209 208 207 208 207
78 70 77 70 76 54 53 58 67 67 70 64 103 203 204 200 209 216 221 221 212 201 192 187 206 190 189 213 200 216 217 211 210 213 210 205 212 216 218 156 113 117 125 119 113 119 124 116 103 103 105 99 159 225 216 222 218 204 171 168 171 171 171 166 159 166 164 156 161 181 175 155 149 156 159 161 193 198 181 168 179 176 180 188 182 169 186 229 223 209 199 196 180 202 179 203 213 200 199 206 193 196 211 213 212 207 193 179 126 73 63 51 67 92 52 64 133 131 122 117 66 120 204 208 208 208 207 206
96 84 73 62 79 61 56 62 68 68 68 65 115 201 196 194 209 217 219 219 198 179 179 182 201 186 192 210 197 213 218 206 190 192 210 222 220 218 222 175 115 123 122 120 120 119 119 105 91 100 106 104 159 223 214 224 224 204 171 166 168 166 170 167 158 170 170 159 161 180 174 159 154 156 158 161 192 198 181 163 175 176 174 191 182 157 189 231 223 210 197 195 192 184 171 182 215 206 196 201 196 186 206 212 211 199 166 166 134 81 53 50 74 88 52 86 137 112 127 122 79 118 206 207 208 208 207 207
95 102 82 70 75 63 66 67 66 63 65 63 124 202 196 192 209 215 220 204 184 200 182 179 202 179 195 207 196 208 189 190 199 206 224 230 223 222 227 195 115 119 119 119 122 117 125 114 110 108 106 114 173 223 218 225 223 225 176 165 169 166 171 169 156 167 170 161 161 180 172 160 161 158 157 158 192 199 186 166 170 177 173 181 178 158 187 226 223 207 196 189 208 211 187 176 198 216 201 194 204 181 199 215 204 180 161 151 134 83 55 49 89 117 88 100 144 121 129 120 93 140 207 206 207 207 207 207
141 95 84 151 123 60 73 65 56 71 71 57 137 201 198 191 208 214 212 195 203 203 179 179 194 177 193 191 197 216 204 208 213 216 227 230 230 229 229 216 120 116 114 112 114 115 125 118 106 102 103 132 210 214 218 220 213 219 190 164 171 170 173 172 159 162 165 160 160 181 172 157 163 157 156 155 191 198 188 172 172 176 176 175 177 170 186 229 224 212 194 188 195 128 124 159 175 200 213 196 199 196 183 205 162 156 154 102 106 90 53 50 99 100 126 83 128 123 127 111 69 141 209 206 206 207 207 206
127 77 78 164 130 60 65 58 53 72 76 56 145 199 196 192 207 217 201 206 194 176 189 183 187 193 197 197 209 203 207 211 211 208 220 234 233 229 228 229 137 114 114 117 115 117 119 105 99 107 112 139 215 212 211 214 215 217 208 164 174 173 172 172 161 161 160 159 161 181 173 151 159 152 150 154 191 198 189 172 175 176 177 177 175 175 189 231 220 214 194 193 159 121 149 166 162 181 201 210 194 201 181 169 162 152 145 90 73 105 54 51 108 100 130 67 103 140 131 76 51 137 210 205 206 206 206 205
66 64 71 149 113 59 60 58 79 97 85 76 156 199 192 195 212 219 202 208 208 199 193 193 193 203 202 204 212 208 198 206 214 212 224 233 232 229 228 233 163 109 114 116 118 118 122 113 109 108 114 169 214 214 217 220 218 220 219 170 176 173 171 170 163 163 162 157 159 181 177 151 154 153 148 154 189 198 187 170 178 177 177 176 175 176 190 227 223 213 197 198 107 118 171 149 129 171 169 201 208 197 198 171 149 110 82 58 50 94 54 49 109 96 125 89 56 87 73 54 55 143 210 206 206 206 205 205
60 59 89 180 105 55 57 60 81 98 78 99 167 198 190 205 217 216 204 210 207 204 206 196 197 209 209 210 211 213 211 202 208 220 223 228 228 226 226 229 192 100 108 110 113 119 119 107 130 185 178 181 216 216 213 212 211 216 208 176 175 171 169 169 161 164 165 157 158 181 182 155 153 154 154 157 190 197 185 168 179 177 175 174 176 174 190 226 223 209 193 199 100 73 149 140 139 148 164 158 186 200 201 181 145 101 64 52 51 92 51 47 105 97 104 107 52 50 53 52 63 149 208 204 206 206 204 204
64 56 124 217 104 53 63 74 69 64 69 99 170 196 194 214 209 201 208 209 214 208 213 210 207 211 212 210 211 212 213 216 216 209 209 219 222 219 212 202 205 127 99 98 99 105 114 135 172 195 204 213 218 212 211 212 208 210 205 181 173 174 169 167 159 163 165 161 165 181 183 159 156 153 155 160 192 196 182 166 176 176 177 177 180 173 191 229 221 210 186 201 151 78 118 137 132 125 157 162 167 156 176 169 155 123 65 57 84 88 49 45 84 105 112 111 84 129 131 78 96 154 208 205 205 205 204 203
57 54 126 213 88 54 69 78 78 64 75 87 166 194 203 200 200 205 210 211 211 209 212 212 206 212 215 212 210 212 211 208 205 204 212 207 218 204 193 192 203 200 181 155 153 171 190 180 159 179 187 178 175 191 214 208 211 213 203 187 170 174 169 165 157 162 164 162 169 180 180 161 160 152 153 158 194 196 180 165 172 174 177 179 184 170 193 224 222 206 182 204 182 120 68 71 76 75 136 128 161 160 181 173 175 142 75 83 117 68 48 48 54 136 173 142 142 148 147 136 92 153 207 205 205 205 203 202
52 64 115 153 71 59 62 65 67 63 131 120 165 197 203 201 205 207 209 214 206 210 213 212 205 213 216 212 210 202 196 208 207 209 209 207 219 206 186 197 212 197 203 207 194 190 201 206 191 241 217 161 162 195 209 211 215 212 213 199 169 173 169 164 158 162 162 161 171 181 177 158 159 152 155 159 195 192 177 169 173 173 175 178 183 165 192 224 224 206 186 209 207 85 58 57 55 55 69 129 157 120 163 154 168 120 98 138 109 48 48 45 75 156 130 111 115 123 125 136 92 152 206 204 204 204 202 201
51 93 127 93 65 66 58 55 70 81 132 160 173 200 211 202 201 203 209 212 203 209 212 211 200 213 214 208 207 199 196 211 200 211 198 213 207 205 212 219 198 183 198 202 200 190 191 207 219 251 248 240 235 220 211 209 208 208 207 181 171 170 168 161 158 165 164 158 172 180 173 154 155 154 156 159 195 192 175 169 174 174 175 171 176 161 191 228 227 213 189 195 153 129 87 59 54 54 59 133 119 86 137 97 146 95 86 93 71 47 47 44 99 148 131 131 125 133 132 131 91 151 207 203 203 204 201 201
49 91 133 125 75 71 60 51 79 100 135 162 174 209 203 202 199 198 202 204 203 211 211 203 198 213 214 204 209 200 196 210 196 207 210 193 194 212 202 191 188 186 196 197 204 199 189 198 211 251 254 251 230 211 208 204 207 205 202 189 173 169 167 163 156 166 166 160 171 178 169 153 152 154 157 161 195 188 172 170 175 174 180 212 214 190 201 224 227 210 192 181 152 145 146 118 89 75 63 108 100 61 71 108 118 84 107 86 96 50 47 48 60 138 149 148 138 126 151 128 92 150 206 203 202 202 201 200
48 84 133 145 97 73 59 54 87 103 180 202 176 198 200 209 200 200 194 196 202 210 212 195 202 214 208 201 209 197 203 199 203 217 196 202 218 190 191 206 200 182 192 195 202 204 196 198 200 241 254 250 232 220 207 204 201 205 201 212 186 171 170 167 158 164 164 166 172 176 165 157 153 153 157 161 193 184 169 169 177 176 192 252 237 223 235 240 236 216 194 181 155 141 146 134 127 107 106 140 129 73 51 101 136 89 119 87 109 65 47 48 55 137 154 165 149 118 127 113 91 152 205 202 203 203 201 200
47 94 132 108 80 66 53 63 95 114 195 233 193 200 210 208 205 196 194 194 200 207 207 193 204 214 198 197 204 187 205 197 213 206 186 199 199 212 213 216 188 186 187 191 196 201 197 201 190 214 255 253 250 225 205 205 205 209 212 205 194 174 169 169 159 161 165 165 168 175 159 156 158 155 156 161 192 186 170 166 174 175 198 252 247 240 246 240 233 240 196 194 131 130 133 128 108 123 115 109 115 97 52 75 142 100 92 105 120 90 46 52 100 152 134 131 130 129 128 101 96 155 204 202 203 202 200 199
49 102 142 66 56 53 54 69 94 120 189 195 185 206 209 208 196 189 196 192 199 206 201 198 205 214 186 194 196 190 205 202 207 199 180 192 207 219 216 212 183 184 183 184 197 199 197 203 185 193 255 254 242 218 210 204 203 204 199 200 202 176 171 168 160 161 163 161 167 175 159 154 164 158 156 159 192 187 172 165 169 174 204 244 230 225 243 240 234 211 199 184 136 125 119 116 123 127 100 103 103 113 57 53 91 113 62 86 113 110 65 94 119 129 127 129 121 117 110 93 100 154 205 201 203 201 200 199
50 87 115 61 50 67 72 73 95 122 155 111 147 196 204 203 189 198 193 196 204 207 200 201 206 204 170 190 187 203 194 197 210 191 192 204 206 214 214 209 189 212 194 182 187 197 198 204 177 164 253 254 243 225 210 204 202 202 204 200 204 179 170 167 160 167 171 162 167 177 165 150 161 162 158 159 193 189 173 167 169 171 199 245 239 235 236 241 245 217 195 218 180 124 119 117 117 97 96 103 115 103 80 51 53 66 55 58 103 143 95 83 89 103 129 127 126 138 123 98 101 156 206 201 200 200 200 198
53 67 76 53 48 76 87 71 103 107 121 102 126 176 192 191 200 198 191 200 202 206 190 189 197 176 175 190 185 182 178 182 183 165 166 191 191 197 193 180 201 208 200 187 182 182 190 193 180 186 238 255 250 229 213 204 203 202 202 198 203 181 169 165 161 178 189 168 167 178 172 148 153 168 165 160 193 187 174 169 170 170 191 241 237 207 211 222 225 227 198 246 197 120 119 116 110 95 95 102 101 103 97 56 56 49 53 93 132 140 117 77 87 92 129 130 125 145 111 98 89 155 206 201 199 199 199 198
59 63 57 53 48 66 72 76 100 77 92 104 116 137 194 204 208 196 185 181 176 172 166 177 178 177 179 166 163 160 163 166 172 177 169 162 163 167 176 189 192 193 200 191 191 182 186 177 202 250 244 254 247 229 206 199 199 201 204 198 198 183 167 162 157 173 182 168 168 179 174 150 150 162 161 160 193 188 174 173 173 172 182 232 230 182 193 191 203 201 196 254 202 117 116 115 108 94 94 125 127 137 123 116 111 98 85 100 66 77 106 99 78 84 129 142 137 107 105 78 80 152 205 201 199 198 198 197
74 81 54 49 49 51 50 92 109 59 63 75 88 88 176 185 186 176 167 165 161 158 162 176 164 160 157 159 160 167 172 176 177 176 177 183 194 199 197 190 185 192 200 191 192 190 178 167 218 255 253 254 249 220 209 203 202 202 207 209 196 177 164 159 155 158 165 163 170 178 170 152 154 153 154 162 193 188 173 172 175 174 177 167 213 206 197 200 188 201 204 255 183 116 113 110 105 95 93 97 133 145 136 139 141 152 135 121 111 91 90 121 61 51 109 112 76 60 109 63 56 151 207 201 199 198 197 196
83 94 60 50 49 47 50 76 86 56 58 63 60 69 130 203 188 186 186 178 169 172 171 169 166 162 165 169 173 178 185 191 195 201 205 206 202 191 189 194 202 211 200 186 190 187 168 173 227 255 254 254 251 237 217 205 198 202 204 205 217 215 167 161 156 158 161 163 171 178 166 153 159 152 153 161 193 189 172 166 175 172 178 153 157 218 233 234 225 212 219 248 149 115 111 107 99 100 84 71 144 141 136 155 150 122 136 139 121 116 93 116 59 44 45 45 44 71 112 58 59 154 207 202 200 198 197 196
98 102 61 49 50 51 58 78 96 62 89 85 64 72 130 250 235 238 237 209 203 198 196 191 196 198 194 200 205 206 206 206 201 196 187 179 179 179 182 182 187 206 196 184 186 180 170 184 218 248 255 253 241 226 217 206 201 203 200 205 215 230 194 158 156 161 161 162 171 177 163 151 157 151 152 160 192 191 171 162 169 171 168 167 170 241 254 253 233 192 236 227 131 115 110 105 94 118 73 75 147 144 133 155 112 114 137 128 95 119 127 117 59 66 50 47 46 95 108 60 66 154 207 202 200 197 196 195
130 118 59 45 48 50 61 116 159 89 113 103 97 100 120 241 234 234 214 191 186 181 185 190 193 200 207 203 199 197 198 203 207 206 200 191 184 182 192 187 178 192 181 179 182 176 173 193 174 227 255 254 243 210 193 184 187 195 200 203 214 212 217 162 156 163 160 162 173 175 162 147 151 150 151 159 193 191 173 163 167 172 159 178 194 248 255 250 193 182 252 197 117 113 107 98 92 151 85 54 122 137 146 113 57 114 139 133 91 94 98 77 105 111 68 44 44 93 92 61 70 153 207 201 200 197 195 194
139 112 50 44 47 50 57 109 162 79 82 85 120 111 93 220 231 220 197 192 190 191 194 199 194 186 184 192 200 204 208 210 209 204 195 183 185 186 180 198 190 187 172 172 164 167 172 189 159 223 254 252 251 212 188 191 192 194 197 192 191 215 229 189 154 162 161 163 172 175 160 147 148 152 151 160 194 190 173 165 169 168 168 205 215 254 255 230 184 198 254 162 114 109 102 86 116 172 111 54 74 128 122 71 60 52 117 149 125 84 94 53 88 97 81 55 59 89 74 79 70 153 206 200 199 196 195 193
106 79 44 47 48 50 54 72 105 90 60 81 116 91 68 172 213 212 205 205 207 206 196 185 187 193 206 210 211 210 203 199 191 182 189 178 167 164 170 179 208 178 167 170 157 151 164 172 156 213 248 250 248 222 193 188 185 191 198 192 188 204 226 200 151 163 165 161 167 174 158 150 152 151 151 161 194 189 170 163 168 166 155 134 184 255 236 194 206 220 227 127 113 105 92 92 129 113 89 57 55 119 123 136 125 79 63 95 125 92 87 59 96 103 95 106 108 96 84 74 65 149 205 200 200 197 195 193
56 51 45 46 47 48 52 51 83 132 73 81 87 66 65 140 211 209 211 205 186 174 171 171 185 189 191 194 179 174 180 153 96 104 109 80 76 65 63 107 196 156 163 155 127 105 104 145 143 189 216 235 241 230 197 190 193 195 192 199 206 205 209 186 148 164 168 163 166 174 157 153 156 151 152 159 193 191 168 160 169 165 148 123 134 200 188 124 117 135 181 117 111 96 84 94 112 84 61 60 63 111 140 137 121 113 83 71 96 102 90 55 94 80 91 109 90 56 55 59 82 153 205 200 199 195 194 192
44 44 45 45 46 49 49 52 80 138 99 107 88 89 69 132 204 204 198 185 183 188 192 192 187 187 181 168 173 166 145 76 55 54 53 54 54 55 56 57 71 73 74 64 55 54 56 63 119 183 195 223 234 218 192 186 183 189 194 196 198 203 217 200 154 159 166 163 168 176 159 151 159 150 149 157 192 192 170 157 167 163 168 178 124 123 115 100 104 111 126 114 98 99 81 63 76 82 58 93 150 108 89 84 89 116 135 138 126 92 67 47 95 95 116 109 62 42 45 96 117 151 203 199 198 194 193 191
47 44 45 45 46 49 52 59 67 131 109 105 118 125 83 145 187 169 173 198 194 194 188 178 172 174 174 178 166 125 63 55 56 54 54 52 52 52 53 57 53 53 52 52 53 54 56 59 71 183 222 228 234 212 173 168 185 190 193 196 205 211 218 210 168 162 161 160 168 177 162 148 158 146 147 156 191 192 171 156 164 165 168 161 104 111 91 96 102 109 97 96 110 122 84 99 77 101 117 119 155 128 75 99 123 126 145 139 133 92 44 57 105 116 111 89 46 44 45 62 106 154 203 198 197 194 192 190
46 45 45 50 47 49 53 56 61 129 97 80 88 106 118 147 186 170 157 176 167 126 88 69 62 62 61 63 64 55 55 54 52 51 50 49 49 48 52 74 50 50 50 51 50 51 53 57 67 134 238 237 241 223 190 169 168 177 188 194 196 211 222 209 175 174 162 157 168 177 166 146 154 142 143 156 191 193 173 159 163 167 169 123 118 111 117 98 101 105 133 122 133 119 78 103 115 132 117 110 130 108 120 127 103 128 137 137 131 127 46 71 123 118 105 57 44 45 45 69 104 154 201 197 196 192 190 189
44 45 54 80 51 49 52 58 70 141 98 99 79 112 153 102 137 166 150 103 62 54 57 57 57 57 56 56 54 54 52 50 50 48 48 47 46 46 49 56 47 47 48 48 48 49 51 52 92 149 230 253 252 245 219 185 166 170 182 191 192 195 215 217 178 179 172 159 169 177 165 147 151 146 139 151 189 191 174 165 164 167 210 149 122 137 135 124 113 112 141 198 187 153 129 141 127 117 115 118 114 65 95 85 127 140 146 130 133 75 44 59 112 112 73 103 57 45 47 90 100 149 199 196 195 192 190 188
59 47 59 89 53 58 60 87 127 159 100 124 100 110 131 67 63 96 71 65 58 57 54 53 52 52 52 51 51 50 48 47 47 46 46 45 44 45 45 46 46 46 46 46 46 47 48 51 69 105 179 255 254 254 244 193 167 165 175 187 193 190 205 209 185 178 179 171 168 175 164 152 154 151 143 145 188 191 173 167 169 164 142 141 121 131 126 121 119 113 106 106 161 219 207 153 110 117 122 125 124 63 58 120 134 127 129 129 115 51 48 44 87 76 58 132 115 55 48 100 108 148 196 193 193 190 189 188
81 59 59 63 52 94 105 88 152 142 100 133 114 126 103 101 78 82 86 67 53 52 50 50 49 49 50 49 48 48 46 46 45 45 44 44 44 44 44 45 45 44 45 45 45 45 46 50 55 58 82 229 255 255 251 189 172 161 178 191 199 198 203 202 193 184 177 174 169 172 162 154 156 149 146 147 188 192 171 165 170 165 141 116 109 121 135 131 114 109 114 112 108 117 110 112 117 122 126 129 130 96 127 178 148 129 150 116 54 47 48 65 109 66 63 126 129 120 70 73 110 135 194 192 192 189 187 185
66 65 66 47 48 84 106 72 130 113 98 114 95 116 109 106 88 78 78 55 51 49 49 48 47 47 47 46 46 46 45 44 44 43 43 43 43 42 43 43 43 43 44 43 43 44 45 47 53 60 59 170 255 254 250 175 165 173 174 189 204 204 201 209 196 192 179 167 166 172 158 150 155 148 145 154 189 191 167 162 168 179 198 118 118 138 137 126 124 117 115 116 118 119 117 117 121 128 130 127 118 111 107 142 167 138 121 60 47 68 105 133 122 77 62 121 122 132 120 61 109 129 193 192 191 189 187 185
84 62 62 46 49 64 65 65 100 96 93 80 66 74 91 101 100 86 74 51 49 47 47 46 45 45 45 45 45 44 43 43 43 42 42 42 42 42 42 42 42 42 42 42 41 42 42 45 51 87 135 148 248 255 241 162 145 176 172 192 202 202 198 212 198 194 190 171 164 168 153 145 161 165 149 156 189 191 166 155 166 195 156 126 120 121 121 116 120 115 119 117 120 122 120 121 126 131 127 115 108 99 55 52 80 74 50 49 77 128 135 119 109 98 82 125 122 123 135 66 79 92 190 191 189 187 185 184
81 60 57 46 53 86 67 64 76 78 80 71 75 58 92 145 116 98 76 48 48 47 46 45 44 44 43 43 42 42 42 42 42 42 41 42 42 42 42 42 42 42 42 41 41 41 42 46 50 77 72 154 134 180 237 161 134 181 172 191 200 203 198 207 196 193 194 181 166 162 146 141 164 194 172 151 189 191 164 152 171 146 108 124 110 118 132 129 126 118 119 119 120 121 124 126 124 122 114 108 87 59 55 56 48 53 82 95 99 121 119 132 127 126 110 119 134 128 142 91 50 75 181 191 188 186 185 183
58 53 51 48 50 72 68 86 106 82 67 71 84 72 96 169 130 100 63 48 47 46 45 44 43 43 42 42 43 43 42 42 42 41 41 41 41 41 41 41 41 41 41 41 40 40 42 45 47 49 120 117 61 63 140 164 141 186 165 184 191 196 202 202 198 187 194 183 164 150 144 142 151 180 173 160 190 191 164 158 163 140 138 123 121 112 119 114 117 121 122 124 124 126 129 124 119 107 89 72 53 45 79 69 47 89 113 116 87 107 122 142 135 110 86 108 116 128 128 105 60 69 170 190 186 184 183 182
57 51 51 50 51 52 58 106 140 109 72 64 109 117 123 170 159 104 60 48 46 45 43 43 42 42 42 42 43 42 42 42 42 41 40 41 40 41 41 41 41 41 41 41 40 40 42 43 44 71 112 78 60 61 59 71 101 195 171 165 192 198 201 198 203 167 185 185 167 144 146 152 148 152 183 197 189 192 163 165 169 168 145 107 102 106 109 123 118 113 123 127 125 125 122 118 105 109 67 56 69 59 78 77 51 108 119 105 109 117 130 122 118 95 69 54 102 137 101 89 66 62 144 190 186 184 183 181
98 78 50 47 46 50 50 71 131 142 92 81 121 140 141 169 155 106 58 49 46 44 43 42 42 41 41 41 41 41 41 41 40 40 40 40 40 40 40 40 41 41 40 39 39 40 41 41 44 63 126 70 54 56 58 58 56 119 190 165 192 195 202 204 211 156 168 190 181 160 150 159 157 145 199 221 188 193 160 166 170 165 139 125 94 95 94 105 112 115 116 120 119 119 103 73 96 117 93 72 99 107 82 116 86 89 120 91 68 68 84 73 47 55 107 87 52 71 74 76 55 57 136 189 185 182 182 181
134 95 51 64 48 51 49 54 113 148 92 115 120 125 147 165 153 102 53 49 46 44 42 42 41 41 41 41 41 41 41 40 40 40 39 40 40 41 40 40 40 40 40 39 39 40 40 41 42 79 68 49 52 52 53 54 56 57 107 167 190 184 153 125 159 167 151 182 187 177 163 157 163 152 166 181 189 192 161 164 165 195 151 87 99 72 57 61 64 78 76 82 80 74 61 87 123 110 98 95 113 117 82 95 108 61 99 65 44 46 44 44 46 48 117 133 61 70 110 96 72 53 110 185 183 180 180 179
105 76 56 87 60 59 52 51 87 102 81 120 116 109 142 164 172 102 53 48 46 43 41 41 41 41 40 40 40 40 41 40 40 41 40 40 40 40 39 40 40 40 40 39 40 39 40 41 43 45 47 50 49 49 50 51 52 56 53 112 144 98 88 87 104 160 139 159 186 182 176 164 160 165 148 158 189 191 168 160 194 255 177 98 133 148 70 102 85 56 54 54 50 46 64 104 106 122 136 117 106 120 86 84 119 67 44 49 49 47 54 75 76 52 100 125 107 81 126 120 97 60 78 179 181 179 179 178
78 94 62 67 54 56 52 53 57 73 75 92 116 112 128 151 169 120 52 48 45 42 42 41 41 41 40 40 40 40 41 41 41 41 40 39 40 40 40 41 40 39 40 39 40 40 39 40 42 44 46 46 47 48 47 48 49 52 55 60 75 89 93 94 96 146 142 139 170 183 179 175 160 165 161 156 188 191 167 169 242 236 106 104 123 118 117 114 136 136 115 76 47 54 83 114 111 115 131 104 79 88 102 82 114 87 81 50 86 86 110 119 119 78 111 112 110 65 84 94 95 72 86 175 180 179 178 176
94 102 62 49 50 52 53 55 63 69 75 103 117 111 120 148 143 96 48 48 45 43 41 41 40 41 41 40 41 41 41 40 40 40 40 40 40 40 40 40 40 40 39 39 39 40 40 40 41 42 44 45 45 46 45 46 47 48 50 53 58 77 91 93 90 148 149 135 146 176 181 180 171 161 168 161 186 189 212 242 255 220 94 76 124 110 96 95 123 132 146 137 97 71 77 93 108 104 85 76 58 81 121 82 111 132 134 84 129 126 113 89 107 67 114 129 102 79 49 65 80 97 121 174 179 177 176 175
91 67 51 50 51 52 54 58 61 57 81 131 112 119 128 152 124 69 49 48 45 42 41 40 40 41 40 40 41 40 41 40 40 40 40 40 39 40 40 39 40 40 39 39 39 39 40 39 40 42 43 43 44 44 45 45 45 46 48 50 53 59 83 93 90 134 165 138 133 158 181 180 179 167 163 171 187 198 252 255 255 246 163 136 94 90 57 97 116 120 126 129 120 51 48 89 83 92 46 61 48 51 92 143 130 112 131 117 101 99 87 104 91 57 118 125 114 111 95 113 78 102 118 173 178 175 174 174
67 58 50 51 55 55 53 56 58 56 73 104 95 124 125 129 93 64 50 48 43 42 41 40 40 40 40 41 40 39 41 40 40 39 39 40 39 39 39 39 40 39 39 39 39 39 39 39 40 41 41 42 42 42 43 44 45 45 47 48 51 53 62 91 94 103 178 143 134 138 171 178 177 176 161 166 186 212 253 255 248 191 143 149 132 54 55 65 110 143 138 110 93 49 48 86 92 84 45 44 45 49 123 141 114 118 111 131 82 80 105 109 62 64 125 116 122 120 109 79 88 104 126 171 175 173 172 172
63 101 70 51 59 65 72 61 66 64 65 70 78 105 112 107 86 72 51 47 42 41 40 40 40 40 40 40 40 39 40 40 39 40 39 39 39 39 39 39 40 39 39 39 39 39 39 39 39 40 41 42 42 42 43 43 44 44 45 46 48 51 54 70 93 92 148 155 134 131 151 175 174 177 170 162 193 246 254 248 174 124 142 130 142 80 73 51 77 130 125 128 81 47 46 84 95 59 44 43 43 60 140 123 131 132 115 122 105 109 113 64 48 93 123 125 117 117 105 69 68 107 118 167 174 173 171 170
