117 119 122 124 125 127 129 130 132 133 135 136 137 139 140 140 141 141 143 144 145 141 144 147 147 147 148 148 148 150 150 150 150 149 151 152 152 152 152 152 152 153 153 152 153 152 152 152 153 153 153 153 153 153 153 154 153 153 153 153 153 153 152 153 154 153 153 153 153 153 153 152 152 152 152 153 152 153 152 153 152 152 152 152 151 151 151 152 152 150 150 150 150 149 149 148 149 148 148 147 147 147 146 144 143 144 142 140 140 139 138 137 135 133 132 130 128 126 125 124 123 121 119 119 120 94 22 10
120 122 123 125 127 129 130 132 133 135 136 138 140 141 141 142 143 143 145 146 147 141 146 148 148 149 149 149 150 151 150 151 151 151 152 152 153 153 153 154 154 154 154 154 154 154 154 154 154 154 155 155 155 155 154 155 156 155 155 155 155 155 155 154 156 155 155 155 155 154 155 155 155 155 155 155 154 154 154 154 154 154 154 153 152 153 153 153 152 152 152 152 150 150 151 151 151 150 150 149 148 148 147 147 145 145 144 143 142 142 140 139 138 136 134 132 131 129 127 126 125 124 122 121 120 120 47 9
121 123 124 127 129 130 132 134 136 137 138 140 141 142 144 144 145 145 146 147 147 147 148 149 149 150 151 151 151 152 152 153 153 153 153 154 154 154 154 154 155 155 155 156 155 155 155 156 156 156 156 156 156 156 156 156 157 156 156 157 156 156 156 157 157 156 157 157 155 156 156 156 156 155 156 156 155 155 155 155 154 155 155 154 154 154 154 154 154 153 153 153 152 153 152 152 152 152 152 151 150 150 149 149 148 147 146 145 144 143 142 140 139 137 136 135 132 131 129 128 126 125 124 122 121 125 64 10
124 125 127 129 131 132 134 135 137 139 140 141 143 143 144 146 147 147 148 148 149 150 151 151 151 152 152 152 154 153 153 154 155 154 156 155 155 155 155 156 156 156 156 157 158 157 157 157 157 157 157 158 157 158 158 158 157 158 158 158 157 158 157 158 158 158 157 158 158 158 158 157 157 157 157 157 157 156 156 156 156 157 156 156 156 156 156 155 155 155 154 154 153 153 153 153 153 153 153 152 152 152 151 150 149 149 148 146 145 144 143 142 140 139 137 137 135 133 132 131 129 128 127 124 124 128 65 11
125 127 130 132 133 134 136 137 139 140 141 142 144 145 146 147 148 149 150 149 151 151 152 152 153 153 153 154 155 155 155 155 156 156 157 157 157 157 158 157 157 158 158 159 158 159 159 159 159 159 159 159 159 160 159 159 159 159 159 160 158 159 160 159 159 159 159 160 159 158 159 160 158 158 159 158 159 158 158 157 157 158 158 157 157 157 156 156 157 157 156 155 155 155 154 155 155 155 154 153 153 153 152 152 151 150 150 149 148 148 146 144 143 142 140 138 137 136 134 133 132 131 129 128 126 130 66 12
126 128 130 131 133 135 136 138 140 141 142 143 144 145 146 147 148 149 150 150 151 151 152 152 153 153 154 154 155 155 155 156 157 157 157 158 158 159 159 160 159 160 159 160 160 160 161 161 160 160 160 160 160 160 160 160 161 161 160 160 160 160 161 161 160 160 161 160 160 160 160 160 160 160 160 160 159 160 159 159 159 159 159 158 157 157 158 157 157 157 157 157 156 156 156 156 155 156 155 155 155 154 154 153 153 152 151 151 150 149 148 146 145 144 142 141 139 138 136 134 133 132 130 129 127 131 66 12
128 130 131 132 134 137 138 139 141 142 144 144 147 146 147 148 149 150 151 151 152 152 153 154 153 154 155 155 155 156 156 157 158 158 158 159 159 159 159 160 160 160 160 160 160 161 161 160 161 161 161 160 160 161 161 160 161 162 162 161 161 162 162 162 162 161 161 161 162 162 162 161 162 162 161 161 161 161 161 161 160 160 160 160 159 159 159 159 158 158 158 158 157 157 157 157 157 156 156 156 156 155 155 154 154 154 152 152 150 150 149 147 146 145 144 142 141 139 138 136 135 133 131 129 129 133 66 12
129 131 133 134 137 138 140 141 143 145 145 146 148 148 149 149 150 150 151 152 152 153 154 154 155 155 155 156 156 157 157 158 158 158 159 159 159 160 160 160 160 160 161 161 160 161 161 161 161 162 162 162 161 162 163 162 162 162 162 162 162 162 162 162 162 162 162 162 162 162 162 162 162 162 162 161 161 161 161 161 160 161 161 161 161 160 160 159 159 159 158 158 158 158 158 157 157 157 157 157 157 157 156 155 155 154 153 152 152 151 150 149 148 147 145 143 141 140 139 136 136 134 133 131 130 134 67 12
129 132 133 135 137 139 140 142 144 145 146 148 149 149 150 151 150 151 151 152 153 154 155 156 156 156 156 157 157 157 158 159 158 159 160 159 160 159 161 161 160 161 161 161 162 161 163 163 162 162 163 162 163 162 163 163 162 163 163 163 162 162 162 162 162 163 162 162 162 162 163 162 162 162 162 162 163 162 162 162 162 162 161 161 160 160 160 160 159 159 159 159 158 158 158 158 158 157 157 158 157 157 157 157 155 155 154 154 153 151 151 150 148 147 146 144 143 142 139 139 137 135 134 133 131 133 67 12
131 132 134 137 139 140 141 143 144 146 147 149 149 150 150 151 152 152 153 153 154 155 155 155 156 157 157 158 158 157 159 160 159 160 160 160 160 161 160 161 162 162 162 162 163 163 163 163 163 162 163 164 163 164 163 163 163 163 163 164 163 163 163 163 164 164 164 163 164 163 163 163 162 163 163 163 163 162 162 162 162 162 162 161 161 162 161 160 160 160 160 160 159 159 160 159 159 158 158 158 158 158 158 157 156 155 155 154 154 152 151 151 149 148 146 145 143 142 141 139 138 136 135 133 132 136 69 13
132 134 136 138 140 141 142 144 145 146 146 148 148 150 151 151 152 152 153 154 154 155 156 156 156 157 158 158 159 159 159 160 160 161 161 161 161 161 162 162 162 163 163 163 164 164 164 164 164 163 164 164 164 164 164 164 164 164 165 165 165 164 164 164 164 165 165 165 165 165 164 164 164 164 164 163 163 164 164 164 163 163 163 162 162 162 162 162 161 161 161 161 160 160 160 160 160 160 159 158 159 158 158 157 157 157 156 155 154 153 153 152 150 149 148 146 144 143 142 140 139 137 136 134 133 137 68 13
132 134 136 138 139 141 142 143 145 146 147 148 149 150 150 152 152 152 154 154 155 155 156 156 157 158 158 158 160 160 160 160 161 161 161 162 162 162 163 162 163 164 163 163 164 165 164 164 164 164 164 164 165 164 164 165 165 165 165 165 165 165 166 164 165 166 166 165 165 165 165 164 164 164 164 164 164 164 164 164 163 164 163 163 162 163 162 162 162 161 161 161 160 161 160 160 160 160 159 159 159 158 158 158 157 156 156 155 155 154 153 152 151 149 149 147 145 144 143 141 139 138 136 135 134 139 71 14
134 135 137 139 140 142 143 144 146 147 147 149 150 151 151 152 152 153 154 154 156 156 157 157 158 158 158 159 160 160 161 161 162 162 162 163 163 163 163 163 164 164 164 165 165 165 165 164 165 165 165 165 165 165 166 165 165 165 166 166 166 166 166 166 166 166 166 166 165 165 165 165 165 165 165 165 165 164 164 164 164 164 164 163 163 163 163 163 163 162 162 162 161 161 161 161 161 161 161 160 159 159 159 158 158 158 157 156 156 155 154 153 152 150 150 148 147 146 144 142 140 139 137 137 135 139 72 14
133 135 137 138 140 142 144 145 147 147 148 150 150 151 151 152 153 154 155 155 156 157 157 158 159 159 159 160 160 161 162 162 162 162 163 163 163 163 164 164 165 164 164 165 165 165 165 165 165 165 166 166 166 166 166 166 166 166 166 166 166 167 166 166 167 166 166 166 166 166 166 166 166 165 166 165 165 165 165 165 164 164 165 165 165 164 164 162 163 163 162 161 162 161 161 161 161 161 160 160 159 159 159 159 158 158 157 157 156 155 154 153 153 151 150 149 148 146 145 143 142 140 138 137 136 140 72 14
134 136 137 139 141 142 145 145 147 147 148 150 150 151 152 153 154 154 155 157 157 158 158 158 159 160 161 161 161 161 162 162 162 163 164 164 164 164 165 165 165 165 165 165 165 166 165 166 166 166 166 167 167 167 167 167 167 167 167 167 167 168 167 168 168 167 167 167 166 166 167 167 166 167 166 166 166 167 166 165 165 165 166 165 165 164 164 164 164 163 163 162 162 162 161 161 161 162 161 161 160 160 159 159 159 158 159 158 157 157 156 154 153 152 151 150 148 147 146 145 143 141 139 138 137 141 75 15
134 136 138 139 141 142 144 145 147 147 149 150 151 152 152 154 155 156 156 157 157 158 158 159 160 160 161 160 161 162 163 163 164 164 164 164 164 165 166 165 165 166 166 166 166 166 165 166 166 166 167 167 167 167 167 168 167 168 168 168 167 168 168 169 168 167 168 167 168 167 167 167 168 167 167 167 167 167 166 166 166 165 165 165 165 165 164 163 164 163 163 163 163 162 162 162 161 161 161 161 160 161 160 160 160 159 159 158 158 157 156 155 154 153 152 151 149 147 146 145 144 142 141 140 138 142 75 16
135 137 138 140 141 142 144 145 148 149 150 150 151 152 153 154 155 156 156 157 158 159 159 159 160 160 161 162 162 162 163 163 163 164 164 165 165 166 166 166 166 167 166 167 167 167 167 167 167 167 167 168 168 168 168 168 169 169 168 169 169 169 168 169 169 168 169 168 169 168 169 168 168 168 168 168 168 168 166 167 167 167 167 166 166 165 165 165 165 164 164 163 163 163 163 163 162 162 162 162 161 160 161 160 160 159 159 158 158 158 157 156 155 154 153 152 150 150 148 146 145 144 142 141 139 145 76 15
136 138 139 140 142 144 145 146 148 149 150 151 152 153 155 155 155 156 157 158 159 159 159 160 160 161 162 162 163 163 164 164 165 165 165 165 166 166 167 167 168 168 168 168 167 168 168 168 168 168 168 170 169 169 169 170 170 169 170 170 169 170 170 170 169 169 170 169 169 169 170 170 169 169 169 169 169 169 169 168 168 168 167 167 167 166 166 166 166 166 165 165 166 165 165 164 164 162 162 162 162 162 161 161 161 160 160 159 160 158 157 157 156 155 154 153 152 152 151 148 146 145 143 142 141 148 78 15
137 139 140 142 142 145 146 148 149 150 151 152 153 154 155 156 157 156 158 159 159 160 160 161 161 162 163 163 164 164 164 165 166 166 167 167 167 167 168 168 169 169 169 169 169 169 169 170 169 170 170 170 170 171 171 170 170 170 171 170 171 171 171 171 171 171 171 171 170 171 171 170 170 169 170 170 170 170 169 169 169 169 168 168 167 167 167 167 166 168 166 166 165 164 165 164 164 163 163 162 163 163 162 162 161 161 160 160 159 159 159 157 157 157 155 154 153 152 151 149 148 146 145 144 144 148 79 16
138 139 141 142 144 146 147 148 150 151 151 153 154 154 156 156 157 158 159 159 160 160 161 162 163 163 164 164 164 165 165 166 166 167 167 167 169 168 169 170 170 169 170 170 170 170 170 170 170 171 170 170 171 171 171 171 170 171 171 171 171 171 172 171 171 171 171 171 171 171 171 170 170 171 171 170 170 170 170 170 169 169 168 168 168 168 168 168 167 168 167 167 167 165 166 165 165 165 164 164 164 164 163 163 163 162 161 161 160 160 159 159 159 157 156 155 155 153 152 151 150 148 147 146 144 149 80 17
139 140 142 143 145 146 147 148 151 152 152 154 155 155 156 157 158 158 159 160 161 162 163 163 163 163 165 165 165 166 166 167 167 167 167 168 168 169 170 169 169 169 170 170 170 171 170 170 170 171 171 170 172 172 172 172 172 172 172 172 172 172 172 172 172 173 171 172 171 171 172 172 171 171 171 171 171 171 171 170 171 170 169 170 170 169 168 168 168 168 167 166 167 166 166 166 166 165 165 165 165 164 163 163 163 163 163 162 161 161 160 160 159 158 157 157 155 154 153 152 151 149 148 146 145 150 83 17
138 140 142 143 145 146 147 149 150 151 153 154 154 155 156 157 158 158 159 160 161 161 163 163 164 165 164 165 165 166 166 167 167 168 168 169 169 169 169 169 170 171 170 170 171 171 171 171 171 172 171 172 172 173 172 172 172 173 173 172 173 172 173 173 173 173 172 172 172 171 172 173 172 171 171 172 171 172 172 170 171 170 170 170 170 169 169 169 168 168 168 167 166 167 166 167 166 165 165 166 165 164 164 163 164 163 163 162 162 162 161 161 160 159 158 158 156 155 154 153 152 150 148 147 147 150 82 18
139 141 143 144 146 147 149 149 150 151 152 154 155 156 156 157 158 159 160 159 161 161 162 163 164 164 165 165 166 166 167 168 168 168 169 169 169 169 170 170 170 171 171 171 172 172 171 172 173 172 173 173 174 174 173 174 173 173 173 173 173 173 173 173 173 173 173 173 173 173 173 172 172 172 173 172 172 172 172 171 171 172 171 170 170 170 170 169 169 169 169 168 168 167 167 167 166 166 166 166 165 165 165 164 164 164 164 164 164 163 162 161 161 160 160 159 158 157 155 153 152 151 149 149 147 152 84 17
140 141 142 144 146 147 149 149 151 152 153 154 155 156 157 157 159 159 160 160 162 162 162 163 164 165 165 166 166 167 168 169 169 169 169 170 170 171 170 170 171 171 171 171 171 172 171 172 173 172 173 173 174 174 174 174 174 174 174 174 173 174 175 175 174 174 174 174 174 174 172 173 172 173 173 172 173 173 173 172 172 172 171 172 171 170 170 170 170 170 168 168 168 167 167 167 167 167 167 166 166 165 165 165 165 164 164 165 164 164 164 162 161 161 160 160 159 157 156 155 153 152 151 149 149 153 86 17
140 142 144 144 146 148 148 150 151 152 154 155 156 156 158 158 159 159 160 161 162 162 164 164 165 166 167 167 168 168 169 169 170 170 170 171 170 171 171 171 171 171 171 172 173 173 173 172 173 173 173 173 173 173 173 174 174 174 174 174 174 175 175 175 174 174 174 174 174 174 174 174 173 174 173 174 173 173 172 173 173 173 172 172 172 171 170 170 171 170 170 169 169 169 168 168 167 167 167 167 166 166 166 166 166 166 165 164 165 164 163 163 163 162 161 160 159 157 157 155 153 152 152 150 149 153 89 18
140 141 142 144 146 147 149 150 150 152 153 154 155 156 157 158 159 159 161 162 162 163 164 165 166 167 168 168 168 170 169 170 169 170 170 171 171 171 171 171 171 172 172 172 173 173 174 173 173 173 173 174 173 173 173 174 174 174 174 174 175 175 174 175 175 174 174 175 174 174 174 174 174 174 174 173 173 174 174 173 173 173 173 172 172 171 171 171 171 170 170 169 169 169 169 168 168 167 167 167 167 166 167 165 166 166 165 166 165 165 164 163 163 162 161 160 159 158 157 156 154 153 152 150 149 154 90 17
141 142 143 145 146 148 149 150 151 152 153 154 155 157 158 159 159 159 161 162 162 163 164 165 166 167 167 168 168 169 170 170 171 171 171 171 171 171 172 173 172 173 173 173 173 173 173 173 173 174 174 174 174 174 174 175 175 174 174 174 174 175 175 175 175 175 175 174 174 174 174 174 174 174 174 174 174 173 173 173 173 173 173 172 172 172 172 172 171 170 170 170 170 169 169 169 169 168 168 167 167 166 167 166 167 166 166 166 165 165 165 164 164 162 162 161 160 158 157 157 155 153 152 151 149 155 91 18
142 142 143 145 146 147 149 150 152 153 154 154 156 157 158 159 160 161 162 162 162 164 164 165 166 167 167 168 168 169 169 170 170 171 172 171 171 172 171 173 173 174 174 173 173 174 174 173 174 174 174 174 174 174 175 175 175 174 175 176 176 176 176 175 175 175 175 175 175 174 174 174 175 175 174 175 175 174 173 173 173 173 173 172 172 171 171 171 171 170 170 170 169 170 169 168 168 167 167 167 167 167 167 166 166 166 166 165 165 165 164 164 163 163 162 161 159 159 158 156 156 154 152 152 150 156 93 18
141 143 144 145 147 148 149 151 152 153 154 155 156 157 159 160 160 160 162 163 163 164 165 165 165 166 168 167 168 169 170 170 170 171 171 171 171 172 172 173 173 174 174 174 174 173 174 174 175 174 174 175 175 175 175 175 175 175 176 176 176 175 176 176 175 175 176 176 176 175 175 175 175 175 175 175 175 175 174 174 173 174 173 172 172 172 172 171 171 171 171 171 170 170 169 169 169 168 168 167 168 167 166 167 166 166 166 165 165 165 164 163 163 163 162 162 160 159 159 158 156 155 153 152 151 156 95 20
142 143 144 146 147 149 149 151 152 154 155 156 157 158 159 160 161 162 162 163 163 165 166 165 166 166 168 168 168 169 170 170 171 171 172 172 171 172 173 173 173 173 173 174 174 175 174 175 175 174 174 176 176 175 175 176 175 175 176 176 176 175 175 176 176 176 176 175 175 175 175 175 176 175 175 175 175 176 176 175 174 175 174 173 172 172 172 171 171 171 172 172 170 170 170 170 169 168 169 168 167 167 167 167 166 165 165 165 165 165 164 164 164 163 163 162 161 160 159 158 156 155 154 153 151 157 94 20
142 143 145 147 148 150 151 151 153 154 155 157 158 159 160 161 161 162 162 163 165 164 165 166 166 167 168 169 170 170 170 171 172 172 171 173 173 173 173 173 174 174 174 175 176 176 177 176 175 175 175 175 176 176 176 176 176 176 177 176 176 177 177 177 177 177 176 176 176 176 176 176 176 176 175 176 175 175 176 176 175 175 175 174 174 173 173 173 172 172 172 171 171 171 171 170 170 169 169 169 168 168 168 167 167 166 166 166 165 166 165 165 164 164 163 162 161 160 160 158 157 156 154 154 152 157 94 20
143 145 147 148 149 151 153 153 153 156 157 158 159 159 160 161 161 162 163 164 164 165 167 167 168 169 169 170 170 171 171 172 172 172 173 174 173 174 174 175 175 176 176 176 177 177 177 176 177 177 177 176 176 177 176 178 178 178 177 177 177 178 177 177 177 177 177 178 176 176 177 178 177 176 177 176 177 177 176 177 175 176 176 175 175 174 174 173 172 172 172 171 172 171 170 170 171 171 170 169 169 169 168 167 168 167 167 166 166 165 165 165 164 164 163 163 162 161 159 159 158 157 155 154 153 158 95 21
144 147 148 150 151 152 153 154 155 156 158 159 159 160 160 161 162 163 164 165 165 167 168 168 169 170 170 170 170 171 171 172 172 173 174 174 174 174 175 175 176 176 176 177 177 178 178 177 177 177 178 177 177 178 178 178 178 179 178 178 178 178 178 178 177 178 178 178 177 177 177 177 177 177 177 177 177 177 177 177 177 177 176 176 175 175 174 174 173 173 172 172 172 171 171 171 171 170 170 170 170 169 169 168 168 167 167 167 166 166 165 165 164 164 164 162 162 161 160 159 159 157 155 154 153 158 96 21
146 147 149 151 151 152 154 154 156 157 159 160 161 161 163 164 163 165 166 166 167 168 169 170 170 171 171 171 171 171 172 172 172 173 174 175 175 175 175 176 177 177 177 178 178 178 178 178 178 178 177 178 178 178 179 179 178 178 179 179 179 179 178 178 179 179 179 179 179 179 178 178 178 178 177 177 177 177 177 177 176 176 176 175 175 175 174 174 173 173 173 172 172 172 171 172 171 170 170 170 170 169 169 168 167 167 167 166 166 166 165 165 164 164 164 163 162 161 160 159 159 157 156 155 154 158 98 20
147 148 149 151 153 154 155 156 157 159 160 161 162 162 163 164 165 166 166 167 167 168 168 170 170 171 171 171 172 172 172 173 174 174 174 175 175 175 177 176 177 177 178 178 178 178 179 178 178 178 179 178 179 179 179 179 179 179 179 179 179 178 179 179 179 179 179 179 179 178 179 178 179 178 177 177 178 177 177 177 176 176 176 176 175 175 175 174 173 173 173 172 172 173 172 171 171 171 170 170 170 170 169 167 168 168 167 167 166 166 166 165 165 165 164 164 162 162 161 159 158 158 156 156 155 160 98 22
146 147 149 151 152 153 154 156 156 158 159 160 161 162 163 164 165 166 166 167 167 168 169 169 169 170 171 171 171 172 173 173 173 174 175 175 176 176 176 176 176 176 177 178 178 178 177 177 178 178 179 179 177 179 179 180 179 179 178 178 179 179 179 179 178 178 178 179 179 179 178 178 178 178 178 178 177 177 177 177 176 176 176 176 176 175 175 174 174 174 173 172 172 172 171 171 171 170 171 170 169 169 169 168 168 168 167 168 167 166 166 165 165 164 164 164 163 162 161 160 158 157 157 156 154 161 100 20
146 148 149 150 152 152 154 155 156 157 159 160 161 161 163 163 164 165 166 167 168 168 169 169 170 170 170 171 171 171 172 173 173 173 175 174 175 175 176 176 177 177 177 178 178 178 178 178 178 177 178 178 178 179 179 179 178 179 178 178 178 178 179 179 178 178 178 178 178 178 178 179 178 178 178 178 177 177 177 177 177 176 176 176 176 176 175 174 173 173 173 173 172 172 172 172 172 171 170 170 170 169 169 168 168 168 168 168 168 167 166 166 165 165 164 164 163 162 162 161 160 158 157 156 156 161 103 21
147 148 149 150 151 152 154 155 157 157 158 160 161 162 163 164 163 165 166 167 167 168 169 169 169 170 170 171 170 172 172 172 173 174 175 174 174 176 176 177 177 177 177 178 178 178 178 178 178 178 178 178 178 178 178 179 179 179 179 179 178 179 179 180 179 179 178 179 178 178 179 179 179 178 178 178 178 177 177 177 176 177 176 175 175 176 175 175 174 174 173 173 173 173 173 172 171 171 171 170 169 170 168 168 168 167 168 167 167 167 167 166 165 165 165 165 164 163 162 161 160 158 157 157 156 161 104 22
146 147 148 151 152 152 154 155 157 158 159 159 161 161 162 163 163 165 165 166 167 168 168 170 169 170 170 171 172 172 172 172 173 174 174 175 176 175 176 177 176 176 177 177 177 177 178 178 179 178 178 178 178 178 179 179 179 179 179 179 179 179 180 179 179 179 180 179 178 179 179 179 179 179 179 179 178 178 178 178 177 177 176 176 176 176 176 175 175 175 174 174 173 172 173 172 171 171 171 171 170 170 168 168 169 168 168 168 168 168 167 167 166 166 165 165 164 164 162 162 160 158 158 157 157 162 102 23
147 148 150 151 152 153 154 156 157 157 158 160 160 162 162 163 163 164 165 165 167 168 169 170 170 170 171 171 171 172 171 172 173 174 174 175 176 177 177 177 177 177 177 179 178 178 179 179 179 179 179 178 177 188 175 177 180 179 179 179 180 179 180 180 179 180 181 181 180 180 180 179 180 180 180 179 180 180 179 178 179 179 178 177 177 176 176 176 175 175 175 174 174 174 174 172 173 172 172 171 170 171 170 169 169 169 169 169 168 168 167 167 167 166 165 165 165 164 164 163 162 161 159 158 157 162 104 22
147 149 150 151 153 153 155 155 157 158 158 160 160 161 162 163 164 165 165 166 167 168 168 169 169 170 170 170 171 171 172 172 174 175 176 176 177 178 177 178 178 178 178 178 179 178 179 178 179 179 179 179 183 184 145 150 178 180 179 181 180 180 180 180 180 180 180 180 181 180 180 180 181 180 180 181 181 180 181 180 180 179 179 178 177 178 177 176 176 175 175 175 174 174 174 174 173 173 173 173 172 171 171 171 170 169 170 170 169 168 168 168 167 167 166 166 165 166 165 164 163 161 160 159 158 164 105 23
147 148 149 151 153 154 155 156 157 157 158 159 160 161 161 163 163 163 165 166 166 167 167 168 168 170 169 170 171 172 172 173 174 176 175 176 178 177 178 178 178 179 179 179 179 179 179 179 179 179 179 180 178 168 140 142 156 181 181 180 180 181 181 180 181 180 181 180 181 180 180 181 180 181 181 181 181 180 181 181 180 179 180 179 178 179 178 178 176 176 176 176 176 175 175 174 174 174 174 173 173 172 172 172 172 171 171 170 170 169 169 168 168 168 167 167 167 166 165 164 163 162 161 159 158 164 106 22
147 148 150 151 152 153 155 156 156 157 158 159 159 160 161 162 163 164 164 164 165 167 167 167 167 169 169 170 171 171 172 173 174 175 176 177 177 177 178 178 178 178 179 179 179 179 180 180 180 180 181 179 170 169 134 145 151 168 181 180 181 181 181 180 181 181 181 181 181 181 181 181 181 182 182 181 181 181 182 181 180 180 180 180 179 179 178 179 178 177 177 176 177 175 175 174 175 175 174 173 173 173 173 173 172 171 171 171 170 170 169 169 167 168 168 167 167 166 165 164 163 162 161 160 158 164 107 22
147 148 149 151 152 153 154 155 156 157 157 159 160 160 161 162 163 163 164 165 166 166 166 167 168 169 169 171 170 172 173 173 175 176 176 176 177 178 178 179 178 179 179 179 179 180 180 180 181 180 182 174 174 163 143 147 151 149 176 181 181 181 181 181 182 181 181 181 182 181 182 181 181 182 182 183 182 182 182 181 181 180 179 179 179 179 179 179 178 178 177 176 176 176 175 175 174 175 173 173 173 173 172 172 171 172 172 170 170 170 169 169 168 168 167 167 167 165 164 163 163 161 161 159 158 164 107 22
148 149 151 151 152 153 154 155 156 157 157 159 159 160 160 162 162 163 163 165 166 166 167 167 168 169 169 170 171 172 172 173 174 174 175 176 176 176 177 178 177 178 179 179 180 179 180 180 181 181 179 177 184 161 141 148 150 146 160 180 180 180 181 181 182 181 182 182 181 181 182 181 181 181 182 181 182 182 181 181 180 180 180 178 178 179 178 177 177 177 176 176 175 175 175 175 174 174 174 173 173 173 172 172 171 172 171 170 170 170 170 169 168 168 167 166 166 165 164 164 163 161 160 159 159 164 108 22
148 149 151 152 153 153 155 155 156 157 158 158 160 160 160 161 162 163 164 164 165 166 167 168 168 169 170 170 171 172 172 173 174 174 175 176 176 176 176 177 177 178 178 178 178 179 180 180 180 183 180 177 179 158 138 142 150 153 148 169 182 180 181 180 182 182 181 182 181 181 181 181 181 181 182 181 181 181 181 181 181 180 180 179 178 179 179 177 177 177 176 176 175 175 174 175 173 173 174 173 173 172 172 172 170 171 170 170 169 169 169 169 167 167 167 166 166 166 165 164 163 162 161 160 159 164 109 22
148 150 151 152 152 153 154 154 156 157 158 159 160 160 160 161 162 163 163 165 165 166 167 167 168 169 170 170 171 171 171 173 173 173 174 175 175 176 176 176 177 178 177 177 178 179 178 179 183 184 169 174 182 150 140 149 157 150 153 150 174 181 181 182 181 181 181 182 181 181 181 181 181 181 181 181 182 181 181 180 179 179 179 179 178 178 177 177 176 176 176 176 176 175 174 174 174 173 174 173 172 173 173 172 171 170 171 170 169 169 169 169 167 167 166 167 166 165 164 164 163 162 160 159 158 164 111 22
148 149 150 151 152 153 154 154 155 156 157 159 160 159 160 161 162 163 164 165 166 167 167 167 168 169 170 171 171 170 171 172 172 173 174 174 175 175 176 176 177 177 177 178 178 178 178 180 185 185 180 182 181 145 141 151 147 156 151 149 156 177 181 180 181 181 180 181 180 180 181 182 181 181 181 181 181 181 180 180 179 179 179 178 178 178 177 177 176 176 176 175 175 174 174 174 173 174 173 173 173 172 172 172 171 171 171 170 170 169 169 168 168 167 166 166 166 165 164 164 162 161 161 159 159 164 114 23
148 149 150 151 152 153 154 155 156 157 158 159 159 160 160 162 162 164 164 165 166 166 167 168 168 169 169 170 171 171 171 172 172 173 174 175 175 175 175 176 177 177 177 177 177 178 178 189 188 188 194 187 188 149 148 154 148 157 153 154 151 163 180 180 180 181 180 180 181 181 181 181 180 180 181 181 180 180 180 180 179 179 179 179 177 177 176 177 176 176 175 175 175 174 174 173 173 174 173 173 172 172 172 171 171 171 171 170 169 169 169 168 168 168 167 166 166 165 165 163 162 162 160 159 159 164 112 23
148 149 150 151 152 153 154 155 156 157 158 158 159 160 161 162 162 163 163 165 166 166 167 168 168 169 170 171 171 171 172 172 173 172 173 174 174 174 175 175 176 176 177 177 177 176 183 189 179 186 180 183 185 141 144 147 147 151 152 155 156 152 171 181 180 180 180 180 180 181 180 180 180 180 180 181 179 179 180 180 179 179 179 177 177 177 176 177 176 175 174 174 174 174 174 173 173 172 172 172 172 171 171 171 170 170 170 170 170 169 169 169 168 167 167 165 166 165 164 164 162 161 161 159 159 164 113 21
147 149 150 151 152 153 154 155 155 156 157 158 160 161 162 162 162 163 164 165 166 167 167 168 168 169 170 169 170 170 171 172 172 172 173 174 174 175 175 175 175 175 176 176 176 179 194 193 190 194 187 191 179 145 148 154 153 151 161 160 159 159 163 175 180 180 179 179 179 180 180 180 180 180 180 180 179 179 179 179 179 178 178 177 177 177 176 176 176 175 174 174 174 173 173 173 173 172 172 172 172 172 171 171 170 170 169 169 169 168 168 168 168 168 167 166 166 165 164 163 162 162 161 160 159 165 115 23
147 148 149 150 151 152 153 154 155 156 157 158 159 161 161 162 163 164 164 165 166 167 167 168 168 170 169 170 171 171 171 172 172 172 172 173 174 174 175 174 176 176 176 176 176 193 192 191 203 196 188 191 164 143 148 152 155 153 161 161 156 160 152 156 178 179 179 178 178 179 179 179 179 179 178 179 180 179 179 178 178 178 178 178 177 177 176 176 175 174 175 174 173 173 173 173 172 171 171 172 171 171 171 170 170 170 170 168 168 168 168 167 167 167 166 166 166 165 164 163 163 162 161 160 159 165 114 23
146 147 149 149 151 152 152 154 155 156 156 158 159 161 162 162 163 164 165 165 166 166 168 169 169 169 169 170 170 170 171 172 171 172 173 173 173 174 175 175 175 175 176 176 182 190 191 188 189 184 180 187 153 143 141 147 147 153 148 154 155 149 145 150 162 179 179 178 179 178 178 179 179 178 179 179 179 179 178 177 178 177 177 176 177 177 176 175 175 175 174 174 174 173 173 173 172 172 171 171 171 171 170 170 169 170 169 168 168 168 168 167 167 166 166 166 165 165 164 164 162 161 161 159 159 165 115 23
146 147 149 150 150 152 153 154 155 156 157 158 159 161 161 162 163 164 165 166 166 167 168 168 168 168 169 170 170 170 170 171 172 172 173 173 174 174 175 176 175 176 175 179 188 184 186 187 182 180 189 185 148 143 143 144 143 134 141 149 150 149 147 149 154 168 179 178 178 178 178 178 178 178 178 178 177 177 177 177 177 177 177 177 177 176 176 175 175 175 174 174 174 174 172 172 172 172 171 171 171 171 171 170 169 169 168 168 167 167 167 167 167 166 166 165 165 165 165 163 162 162 161 159 159 165 117 23
146 147 149 150 150 152 153 155 155 156 157 159 159 161 161 162 163 164 165 165 166 166 167 167 167 168 169 170 170 170 170 171 172 172 173 173 174 174 174 174 175 176 176 188 185 182 185 192 181 183 193 187 148 145 143 147 148 152 152 150 145 141 147 149 157 164 175 178 178 178 178 178 178 178 177 178 178 176 177 177 177 177 177 176 176 176 176 175 175 174 174 173 173 172 172 172 171 171 171 170 170 170 170 169 169 169 168 168 167 167 166 167 167 166 166 166 166 165 165 164 163 162 161 160 159 165 116 23
146 148 149 150 151 152 153 154 154 155 156 158 159 160 161 162 162 163 164 164 166 166 167 167 168 169 170 170 169 170 170 172 172 173 173 173 174 174 174 175 175 175 185 189 185 187 188 195 194 195 193 181 149 145 137 140 143 149 150 146 149 149 148 143 149 163 167 177 178 177 178 178 178 177 178 176 174 175 178 179 177 177 176 176 176 175 175 175 174 175 174 173 172 172 171 171 171 171 171 170 170 170 169 169 169 168 168 167 167 167 167 166 167 166 166 166 165 165 164 164 163 162 161 160 159 164 117 24
147 147 149 150 151 152 153 154 155 155 156 158 158 160 161 161 162 163 164 165 165 166 167 167 168 169 169 169 170 170 170 172 173 172 172 174 173 173 174 175 174 178 190 188 183 194 199 197 203 200 196 179 145 140 138 141 143 139 144 141 146 145 140 145 145 152 144 172 177 177 177 177 177 177 176 190 195 178 168 171 178 176 176 176 174 174 175 174 174 173 173 173 172 171 171 171 171 170 170 170 169 168 169 169 169 167 167 167 168 167 167 166 165 166 165 166 165 165 164 164 163 162 161 160 159 164 117 23
146 147 149 150 150 151 153 154 155 156 157 158 158 160 160 162 162 163 164 164 165 166 167 167 168 168 168 170 169 170 170 171 172 172 173 172 172 173 174 173 175 188 188 182 190 196 198 202 191 191 196 186 151 147 146 143 138 128 133 146 150 138 143 144 150 148 131 160 178 176 176 176 176 175 181 205 203 160 155 161 173 176 175 175 174 174 174 174 173 172 172 171 171 171 171 170 170 169 169 169 168 168 168 167 168 167 167 167 166 166 165 165 165 165 164 165 164 164 163 163 161 161 160 159 158 163 117 23
145 147 148 150 151 152 153 154 155 156 157 158 158 159 160 161 162 163 163 165 165 165 166 167 167 168 169 169 169 170 170 171 172 173 172 172 173 173 173 173 183 195 185 194 195 196 201 190 194 194 202 173 146 144 148 143 148 122 137 159 137 135 145 145 142 140 140 136 172 176 176 176 177 177 199 205 193 152 149 158 156 175 174 174 173 173 174 174 172 172 171 170 170 170 169 170 169 169 169 168 168 168 168 169 167 166 167 167 166 166 165 165 164 164 164 164 163 163 163 162 161 160 160 159 158 162 116 24
146 146 147 149 150 152 153 154 154 155 156 158 159 159 160 161 161 162 163 164 165 165 166 166 167 167 169 168 169 169 170 171 171 172 172 172 173 173 173 174 181 187 186 191 194 195 193 194 198 205 209 170 150 148 149 144 144 142 149 160 135 137 138 136 141 144 142 128 148 176 175 175 175 184 195 198 178 141 146 151 152 158 174 173 173 172 173 172 172 172 171 170 170 169 169 169 168 167 168 167 167 167 167 167 166 167 166 165 166 164 165 164 164 163 162 163 162 162 162 161 161 160 159 158 157 161 117 26
145 147 147 149 151 153 153 154 155 155 156 157 158 159 160 161 161 162 163 163 164 165 166 166 167 167 168 168 169 169 170 170 170 171 171 172 172 173 172 174 190 192 198 194 195 192 190 198 200 203 204 173 151 154 151 155 150 151 147 152 131 134 140 138 143 146 133 135 135 162 175 173 183 193 194 195 170 140 142 154 155 141 160 173 171 172 172 171 171 172 171 170 170 168 169 168 168 167 167 167 167 166 167 166 166 166 166 165 165 164 164 164 164 163 162 161 162 162 161 160 160 159 158 157 156 161 117 24
144 146 147 149 151 151 153 153 154 156 156 157 158 159 160 161 161 162 163 163 164 165 165 165 165 167 167 168 168 168 169 170 170 171 172 172 172 172 172 187 191 195 194 198 193 190 200 205 199 204 206 164 156 156 159 156 156 156 152 148 144 147 149 146 152 144 126 117 129 153 166 176 192 196 198 190 170 138 146 157 157 144 140 166 172 170 172 171 170 171 170 170 169 168 168 168 167 167 167 167 166 166 166 165 165 165 165 165 164 164 163 164 164 162 162 161 161 161 161 160 159 158 157 156 156 161 116 24
144 146 147 149 150 151 152 153 154 156 156 157 157 158 159 160 160 162 163 163 163 164 165 165 166 166 167 167 168 169 170 170 170 171 171 171 172 171 185 192 192 194 192 187 199 204 205 199 198 204 197 160 157 157 158 160 156 153 155 150 153 152 152 157 149 153 139 136 158 160 156 191 195 194 191 184 161 141 146 145 148 147 141 149 170 170 171 170 170 170 170 169 168 167 167 168 167 167 166 166 165 165 165 165 165 165 164 164 164 164 163 163 162 162 162 162 161 161 160 159 159 158 157 156 156 160 119 25
144 145 146 148 149 151 151 152 154 155 155 157 158 158 159 160 160 161 162 163 163 164 165 165 166 167 167 168 169 168 169 170 170 171 171 171 171 173 194 186 186 189 193 199 210 206 202 201 202 205 190 154 164 160 164 162 158 156 161 157 154 154 159 156 158 159 154 161 164 163 160 169 191 200 189 185 153 135 143 147 151 149 144 145 152 170 170 170 169 169 168 168 167 167 167 167 166 166 165 165 165 165 164 164 164 164 164 164 163 163 162 163 162 162 162 161 161 160 160 160 159 158 157 155 155 159 116 25
143 146 146 148 149 151 151 152 154 154 155 156 158 157 159 160 161 161 161 163 163 164 165 166 166 166 168 169 168 169 169 169 170 170 171 172 170 190 199 196 201 202 199 203 205 204 200 203 199 201 179 159 157 155 159 161 156 159 158 157 154 154 157 156 157 161 158 163 161 160 162 160 175 197 189 185 149 137 141 146 151 153 147 146 142 153 170 168 168 168 167 167 167 166 167 166 166 165 165 165 165 164 164 164 164 164 164 163 163 162 162 162 162 162 161 161 160 160 160 159 158 158 157 156 155 159 117 25
144 145 146 148 148 150 151 152 153 154 155 156 157 158 159 159 160 160 162 163 163 163 164 164 165 166 167 168 168 169 170 170 169 171 171 171 176 205 196 200 200 196 201 201 201 200 201 203 201 206 182 155 158 157 159 163 159 155 155 155 157 159 155 154 160 161 157 157 161 161 157 162 159 178 188 183 140 136 140 145 141 153 148 145 147 140 159 169 168 168 167 166 167 166 165 166 165 165 164 164 164 163 164 164 163 163 163 163 162 162 162 162 161 161 161 160 161 160 159 158 158 157 156 155 155 158 118 25
143 145 146 147 149 149 150 151 153 154 155 156 157 158 159 159 160 160 161 162 163 163 164 165 165 166 166 168 169 169 169 170 170 170 170 170 201 204 189 194 198 195 196 200 200 201 202 206 203 210 179 152 158 161 159 157 159 161 157 156 158 161 157 156 162 163 160 156 159 158 149 164 160 160 189 178 145 139 152 145 149 151 153 151 145 147 138 165 168 167 166 165 166 165 165 166 164 164 164 164 163 164 163 163 163 163 163 163 163 162 162 162 161 161 160 160 160 159 159 158 157 156 155 154 154 156 119 26
143 145 146 147 148 149 150 151 153 153 154 155 156 158 158 159 160 160 161 161 162 162 164 164 164 166 166 167 168 168 169 169 170 170 169 193 207 203 192 194 203 195 199 201 202 205 207 206 203 207 172 153 158 160 160 161 160 163 155 154 158 161 156 153 160 164 159 162 165 162 160 161 163 156 165 178 136 142 151 147 150 154 152 151 146 146 142 152 167 168 166 166 165 164 164 165 164 164 163 162 163 163 163 163 162 162 162 161 161 161 160 161 160 160 160 160 159 159 159 157 156 156 155 154 153 157 118 26
143 144 146 147 148 149 150 151 153 153 154 155 156 157 158 159 159 159 160 161 161 162 164 165 165 165 166 167 168 168 168 169 170 168 181 209 208 205 196 201 203 200 195 198 204 208 210 201 207 208 158 158 158 161 162 158 163 162 153 156 157 156 154 157 152 159 159 161 155 158 154 154 157 152 152 162 136 143 151 152 149 148 149 153 156 152 152 146 148 167 166 166 165 164 164 165 164 164 163 162 163 163 162 162 162 162 161 162 161 161 160 160 159 159 159 159 159 159 158 156 156 155 154 154 153 156 117 25
143 144 145 146 149 149 151 151 152 152 153 154 156 157 157 158 159 160 161 162 162 163 163 164 165 165 166 167 167 168 168 168 169 172 201 202 198 201 204 198 201 205 206 205 206 209 210 210 220 214 156 154 155 156 154 151 160 155 156 156 159 158 156 157 156 159 158 156 154 158 157 160 158 155 161 151 141 149 153 159 147 150 150 151 153 151 153 143 135 153 167 165 164 165 164 163 163 163 163 162 162 162 162 162 162 161 161 160 160 160 159 159 159 158 158 158 158 157 158 157 156 155 153 153 152 155 120 26
143 144 146 146 147 149 150 151 151 153 155 155 156 157 157 158 159 160 161 161 162 163 163 164 165 165 166 167 167 167 168 168 166 195 210 208 206 205 209 206 207 209 209 203 206 215 208 220 225 184 152 165 167 162 160 158 164 159 159 159 157 156 155 155 157 158 160 160 173 176 170 170 163 160 158 155 147 151 151 154 154 152 148 150 151 149 151 148 142 143 161 166 164 164 164 163 163 163 163 162 162 162 162 162 162 161 161 160 161 160 159 159 159 158 159 158 158 157 157 156 156 155 154 153 152 155 119 26
142 143 144 145 147 148 149 150 152 152 153 155 155 156 157 158 159 159 160 161 162 162 162 163 164 164 165 166 166 167 167 166 179 219 215 215 214 213 207 208 206 200 203 204 211 210 217 218 217 169 145 149 154 168 173 175 174 175 169 171 168 168 165 159 157 174 178 179 180 162 156 165 160 162 166 169 155 154 153 159 156 151 150 154 152 146 157 154 145 145 139 160 164 163 164 163 163 162 162 162 162 161 161 160 161 160 161 160 160 159 159 158 158 158 157 157 157 157 156 155 155 154 152 152 151 155 119 25
141 143 144 145 147 147 149 150 151 152 153 154 155 156 156 157 158 159 160 160 161 162 162 163 164 164 165 165 165 166 166 175 207 213 206 202 204 211 205 201 200 200 199 202 208 202 203 209 208 174 149 154 153 156 157 157 153 164 159 185 157 150 161 165 171 183 164 152 154 154 153 161 162 159 167 171 159 159 145 156 154 156 144 154 152 150 153 154 148 143 135 142 165 163 163 163 162 162 162 162 161 161 161 160 160 159 160 160 160 159 158 158 158 157 156 157 156 157 156 155 154 154 153 151 151 155 120 25
140 142 143 145 146 147 148 150 151 152 153 154 155 155 157 157 158 159 159 160 161 161 162 162 164 164 164 165 166 165 171 205 213 207 199 197 194 206 203 205 199 195 200 207 202 201 202 199 192 168 150 159 153 156 155 161 162 160 179 185 135 154 142 147 152 161 154 154 160 156 154 158 157 154 155 155 148 153 153 149 153 152 146 150 150 155 158 151 146 147 146 146 153 164 163 163 162 162 161 161 161 161 161 161 161 160 159 160 159 159 158 158 158 158 157 157 156 156 156 155 154 153 152 151 150 154 122 25
140 142 143 145 146 147 148 150 150 151 153 153 155 156 156 158 158 158 159 160 160 161 162 163 163 164 165 165 165 165 191 206 211 203 191 194 188 193 203 195 186 198 200 209 201 203 209 206 201 165 154 146 155 154 151 158 156 174 195 172 128 166 148 151 164 168 153 153 159 148 150 155 151 152 150 150 150 158 149 148 146 148 152 152 151 154 154 148 151 145 154 149 143 154 164 162 162 161 161 161 161 161 161 160 160 160 160 160 159 159 158 158 157 157 157 157 155 155 155 154 154 153 152 151 151 154 121 25
139 141 142 143 145 147 147 149 150 151 152 152 154 155 156 156 158 159 159 159 159 160 161 162 162 163 164 164 163 177 204 208 206 197 191 192 188 201 197 193 194 199 204 216 203 200 213 215 206 159 153 149 162 152 158 155 167 182 195 184 133 154 168 166 155 152 145 150 155 157 154 158 155 156 153 154 154 158 146 150 149 146 152 147 146 148 150 145 150 142 150 140 142 136 157 163 161 160 160 160 161 161 159 160 159 159 159 159 158 158 158 157 157 156 156 156 155 155 153 153 153 152 151 150 150 153 120 26
140 140 142 143 144 145 147 148 149 151 151 152 154 154 156 156 157 158 159 158 159 160 161 161 162 162 163 162 175 202 204 205 201 191 193 189 183 184 187 194 201 201 213 208 213 214 213 217 195 158 160 156 164 163 155 157 187 190 194 166 132 152 147 148 143 132 133 152 155 154 151 158 151 155 150 159 149 159 155 152 151 138 149 149 145 147 147 148 148 148 148 146 143 135 145 161 161 160 160 159 159 160 159 159 159 159 158 158 158 157 157 157 157 156 156 155 155 154 154 153 152 152 151 150 149 152 119 25
139 140 142 143 144 145 146 148 149 150 150 152 153 154 154 155 155 156 158 157 158 158 159 161 161 162 163 165 198 204 204 202 201 192 195 190 191 187 191 205 208 211 214 214 217 213 213 213 186 148 155 160 158 152 150 184 197 206 188 161 133 137 164 151 125 133 151 151 159 149 148 157 153 154 153 154 153 153 148 152 147 145 142 152 145 151 151 151 148 153 147 150 142 145 133 143 161 160 159 159 159 158 158 158 158 158 158 158 157 157 157 157 157 155 155 155 154 154 154 152 152 152 151 150 149 152 121 25
138 140 141 143 144 144 146 148 148 149 150 151 153 153 154 155 155 156 157 158 159 159 160 160 161 162 161 185 204 199 204 204 196 193 192 189 190 188 198 194 197 209 206 203 204 205 200 194 166 144 155 153 142 146 173 192 196 194 186 154 136 151 147 164 158 135 143 150 149 147 155 156 152 160 156 154 150 152 149 148 156 157 141 143 146 151 148 149 145 145 144 147 144 140 137 131 153 160 159 159 159 158 158 158 158 158 158 158 157 156 156 155 155 156 155 155 154 153 153 152 151 151 144 116 143 151 121 25
138 139 141 142 144 145 146 147 148 149 150 151 152 153 154 155 156 156 157 158 158 159 159 160 161 161 167 199 196 200 199 189 189 189 190 187 187 194 187 193 181 195 197 197 194 199 198 198 163 145 153 146 157 169 188 188 194 188 181 145 145 137 154 169 141 141 135 149 157 153 153 150 149 152 148 147 159 146 151 149 157 152 147 145 147 148 136 156 148 152 153 152 148 146 143 139 138 155 159 157 157 158 157 158 157 157 157 157 156 156 155 155 155 155 154 153 153 152 152 152 150 150 144 110 141 150 120 25
138 139 141 142 144 144 146 147 148 149 149 151 151 152 153 154 155 156 157 157 158 159 159 160 161 161 185 199 194 200 197 196 191 193 190 190 187 190 191 188 193 192 192 194 197 195 198 196 163 167 147 148 156 188 194 194 200 192 176 145 144 136 138 147 149 141 134 133 160 151 147 146 155 156 148 155 153 153 163 152 155 151 152 139 136 146 155 152 149 146 151 144 139 146 137 147 143 136 155 158 157 157 157 157 157 157 156 156 156 155 155 155 154 153 154 153 153 152 151 151 150 149 145 114 139 149 120 25
137 138 141 142 143 144 145 146 147 148 150 150 151 152 153 155 155 155 157 157 158 158 159 160 159 175 194 193 201 198 195 190 184 191 191 186 190 183 187 187 195 191 199 202 195 199 198 186 178 168 145 160 176 189 185 199 200 196 174 149 143 151 161 173 148 144 148 145 150 149 142 155 158 152 151 155 163 159 158 146 152 156 150 146 138 147 151 144 150 146 153 146 142 142 139 140 146 138 142 158 156 156 156 156 156 155 156 155 155 155 155 154 153 152 153 152 152 151 150 150 149 148 144 111 137 149 121 25
137 139 140 141 143 144 145 146 147 148 149 149 151 152 153 153 155 155 157 157 157 158 159 159 164 188 197 199 200 190 188 180 182 183 191 184 188 182 182 190 199 198 206 208 198 206 196 193 165 152 158 173 188 189 183 191 195 193 175 137 136 147 154 148 148 154 141 153 143 149 154 152 158 152 156 152 158 151 155 158 151 154 151 151 142 130 148 148 150 151 152 141 146 149 139 144 143 145 140 146 157 155 155 155 155 154 154 154 154 154 154 153 153 152 152 152 152 151 150 150 149 148 147 111 135 149 120 26
136 137 139 141 142 143 144 145 147 147 149 150 150 151 152 152 154 154 155 156 156 157 158 161 187 188 185 194 190 182 180 183 181 182 189 191 181 186 191 204 211 208 208 206 199 200 202 189 153 147 157 185 182 190 191 189 186 194 165 135 149 139 144 137 133 149 140 149 140 156 147 148 145 149 151 148 158 155 151 150 149 144 154 149 137 137 147 150 148 149 142 144 145 139 146 143 144 150 146 130 145 156 154 154 154 154 153 154 153 152 152 152 152 152 151 151 151 150 149 148 148 147 145 125 143 147 121 26
136 137 138 140 141 142 144 145 146 147 148 149 150 151 152 153 154 154 155 156 156 157 157 181 192 192 188 191 187 187 181 182 181 184 193 187 189 200 199 206 214 209 204 203 199 197 193 188 162 144 176 196 185 189 192 189 187 189 153 147 146 130 154 154 155 159 153 154 148 163 131 145 155 145 152 153 152 150 148 144 145 136 143 140 142 143 130 146 158 151 154 151 152 150 152 148 147 144 143 136 130 150 154 153 154 154 153 154 153 153 153 152 151 151 150 151 150 150 149 148 147 147 145 127 145 147 121 26
135 136 138 139 141 142 143 144 146 146 147 148 149 150 151 152 153 154 155 156 157 157 163 183 182 183 187 182 183 183 176 187 176 183 181 182 188 184 195 197 201 203 201 198 197 201 193 165 147 154 187 190 189 191 190 183 187 191 147 150 140 140 151 143 141 147 155 154 141 138 131 136 147 143 160 155 149 159 151 149 153 154 155 153 146 149 149 152 149 149 149 148 148 145 148 142 142 140 138 139 135 138 154 153 153 153 153 153 152 152 151 151 152 151 151 150 151 149 148 147 147 146 144 127 144 146 121 25
135 136 138 139 140 141 142 143 145 146 146 147 148 150 151 151 153 154 155 155 156 156 166 183 182 178 180 182 180 179 184 187 181 179 174 181 180 194 202 199 198 201 198 201 201 191 185 155 157 188 177 179 183 191 190 179 185 181 137 148 143 143 137 148 144 158 152 137 137 153 137 142 141 154 153 149 161 165 155 156 156 152 152 156 155 152 152 146 131 146 147 147 143 146 150 141 142 141 140 147 148 133 144 154 152 152 152 152 152 152 152 152 152 151 150 150 149 149 148 147 146 146 144 125 144 146 120 27
134 136 137 138 139 140 142 142 144 144 146 147 148 149 150 151 152 153 154 155 153 166 183 184 187 188 185 191 188 175 187 191 181 178 186 185 189 194 198 202 198 197 195 188 198 186 187 162 181 191 188 180 184 190 185 185 189 183 142 145 135 132 138 131 138 150 152 137 148 132 144 142 126 143 152 147 157 159 161 153 155 156 152 151 152 146 157 152 115 142 149 146 142 150 149 144 145 139 141 141 139 141 132 147 154 153 152 152 152 152 151 152 151 151 151 149 150 149 147 146 146 145 143 124 142 144 120 26
133 135 137 138 139 140 141 142 143 144 146 146 148 149 149 151 152 152 153 153 161 183 182 182 184 185 186 186 183 180 183 180 178 189 186 178 187 194 199 199 205 190 185 189 205 195 186 175 194 188 187 185 189 185 187 184 190 170 139 142 132 137 138 134 143 147 154 139 141 146 157 132 134 141 153 156 165 168 160 142 142 154 133 145 150 142 152 149 114 132 140 142 141 144 145 141 145 141 142 143 145 139 142 141 149 153 152 152 152 152 151 151 151 151 150 149 150 148 148 146 146 145 144 126 142 144 117 24
133 134 136 137 138 139 140 141 142 143 144 145 146 147 148 149 150 151 152 152 177 183 188 181 180 188 185 187 186 187 188 185 187 191 191 193 191 196 206 194 198 184 198 196 194 200 188 190 189 184 184 185 184 189 188 183 189 159 139 137 143 159 150 138 144 147 154 144 142 135 142 140 143 129 135 158 162 141 158 134 133 140 126 151 148 129 150 145 135 160 146 146 140 146 147 140 143 145 147 142 145 146 137 141 138 150 151 151 151 150 150 150 150 150 150 149 149 148 147 146 145 144 142 125 140 143 117 24
132 134 136 136 137 138 139 141 142 142 143 145 145 146 148 149 150 150 151 158 180 176 180 179 196 192 191 186 185 187 183 188 188 189 195 191 200 203 190 192 189 197 199 195 193 189 194 193 188 184 182 184 187 181 181 180 187 154 130 145 143 136 130 133 145 154 150 130 137 144 155 138 137 157 168 152 178 158 153 134 135 146 142 155 157 131 165 150 155 156 129 130 148 150 147 142 148 148 151 142 148 138 148 145 144 143 150 150 150 150 150 150 150 149 149 148 148 148 147 146 144 143 142 124 140 142 119 24
131 133 134 135 136 137 138 139 141 142 143 144 145 145 147 147 149 150 149 171 177 171 174 183 193 187 182 179 179 177 182 183 185 183 190 187 196 195 200 203 194 195 202 191 177 183 188 182 182 181 181 185 177 178 174 180 189 150 130 136 126 137 141 149 151 150 143 147 144 135 159 142 126 178 173 121 169 152 133 127 113 135 157 162 164 148 155 146 140 125 123 122 151 144 140 147 146 145 146 139 142 141 145 144 156 135 141 150 149 149 149 149 149 149 149 148 148 147 146 145 144 142 141 121 139 141 118 26
131 132 133 135 136 138 138 138 140 139 140 142 144 146 147 148 148 147 157 180 171 169 173 174 178 180 177 172 173 176 187 183 181 183 184 190 201 194 201 196 193 189 196 190 185 183 176 175 186 177 184 178 171 171 177 174 179 144 130 154 130 132 152 157 146 144 147 141 138 138 145 140 121 190 181 113 145 160 162 157 163 160 171 150 156 136 133 151 146 153 144 129 151 144 140 145 144 147 149 144 142 141 143 142 147 141 126 146 149 148 148 149 149 148 148 147 147 147 145 145 143 142 141 119 138 140 120 27
129 129 131 130 125 120 136 138 127 151 166 152 148 141 138 140 151 160 177 180 176 172 177 178 173 168 170 171 177 179 183 181 182 185 188 197 204 196 201 191 180 190 186 184 183 182 180 184 182 175 176 176 178 171 180 177 178 135 139 132 132 144 150 135 145 137 135 128 153 138 137 142 114 130 153 156 150 172 200 224 229 226 233 214 160 113 102 134 134 123 137 125 149 141 140 147 145 149 145 141 140 144 141 145 141 143 133 131 147 149 148 148 148 147 147 147 146 146 145 144 142 140 139 118 138 139 117 26
138 158 171 161 140 123 113 89 67 80 100 111 112 100 54 63 79 98 105 125 148 170 180 182 172 177 174 176 166 177 187 179 185 195 197 198 199 192 202 181 179 183 181 181 175 182 173 174 174 180 180 182 180 180 178 175 165 136 137 136 145 148 147 132 144 137 137 138 147 133 122 125 175 214 239 230 221 218 234 231 232 238 232 242 199 80 117 141 141 140 145 137 163 147 141 147 145 142 147 144 145 138 140 141 140 141 138 140 137 148 147 147 147 146 147 146 145 144 144 143 142 140 139 118 136 138 117 25
114 120 128 145 138 116 112 108 46 45 44 43 44 52 88 80 86 76 108 103 151 177 182 177 177 174 173 175 174 180 178 180 190 194 193 194 201 200 197 189 184 187 185 182 189 186 172 178 178 184 184 181 178 178 182 183 163 132 148 161 131 138 149 126 147 124 130 140 122 146 154 230 184 184 242 230 206 107 204 173 238 248 204 134 119 85 138 146 152 168 153 164 160 144 154 142 143 141 144 140 135 142 140 141 143 137 144 139 134 138 147 146 145 145 145 145 145 144 143 143 140 139 138 117 136 138 116 24
103 104 101 115 116 110 118 105 41 43 39 44 41 71 147 140 159 116 181 159 175 173 180 180 181 179 178 176 177 177 178 180 191 193 196 196 196 203 198 198 194 188 185 184 185 185 177 187 177 177 180 176 176 184 185 181 161 136 150 144 123 136 138 131 140 139 138 132 135 154 157 231 140 151 233 201 219 153 166 171 224 235 196 141 122 87 120 153 156 159 134 146 145 134 150 133 144 141 142 144 141 138 145 142 141 142 138 137 138 132 141 146 143 145 144 144 146 147 142 141 139 137 135 117 135 137 114 23
110 109 101 113 119 112 128 106 37 40 39 42 38 75 141 150 165 147 177 155 171 174 174 177 179 179 177 173 174 182 179 182 188 188 191 199 193 195 180 175 172 174 178 174 175 165 182 180 175 180 182 177 174 178 178 186 154 145 148 139 137 132 142 139 141 128 130 139 144 144 160 235 233 232 209 184 209 154 190 245 224 237 225 227 195 171 133 98 104 116 117 140 145 131 127 125 133 139 151 143 143 147 143 137 143 138 143 145 136 138 130 145 145 144 143 143 146 147 141 140 138 137 134 117 133 135 115 24
112 106 99 115 116 115 125 104 36 40 41 41 37 77 154 153 162 143 169 150 168 168 176 177 173 167 168 174 174 171 172 183 178 186 182 181 196 190 149 150 155 110 149 156 149 106 180 177 176 178 179 173 178 177 179 185 147 134 137 115 145 137 130 128 147 135 149 136 153 155 162 184 192 191 167 159 162 168 172 193 163 183 184 151 178 174 120 87 117 110 105 149 134 126 130 149 126 131 133 144 144 140 140 138 134 137 140 138 135 130 137 132 146 144 141 144 141 140 139 141 141 137 133 119 132 135 118 23
112 110 107 122 115 128 107 95 36 39 40 40 37 77 152 159 161 141 170 149 176 177 179 170 175 171 176 182 181 180 179 189 194 194 199 198 196 189 157 149 164 85 162 160 143 102 187 184 184 180 180 178 177 178 175 178 141 135 167 147 157 158 155 162 171 176 176 164 167 158 158 157 160 159 161 167 166 166 163 160 162 163 158 161 159 151 146 146 153 156 150 160 166 165 166 162 161 162 153 167 164 162 161 152 154 157 154 155 140 143 150 138 147 154 154 155 152 152 146 127 121 135 136 118 131 138 124 22
111 112 110 103 114 131 111 95 35 37 38 41 39 54 98 152 149 140 152 128 158 162 158 161 139 125 149 134 139 163 178 187 195 203 201 194 195 190 156 148 143 93 172 153 133 99 186 181 175 180 177 176 174 178 176 176 164 169 178 173 166 166 171 172 169 172 168 167 166 164 161 163 165 163 163 164 165 166 165 165 163 164 161 160 160 155 154 154 153 150 155 156 157 156 158 156 157 157 155 156 157 157 153 153 153 152 151 153 157 153 152 153 151 155 152 152 151 152 153 144 133 138 136 114 128 129 113 23
108 111 108 107 114 132 115 92 34 37 38 41 36 82 145 171 132 125 181 151 176 133 166 192 81 76 79 71 69 133 164 161 167 180 182 188 185 187 176 177 161 123 171 177 162 129 177 174 174 169 169 172 171 171 170 172 173 171 172 169 170 169 165 166 165 166 165 166 163 161 160 162 158 163 167 168 165 161 164 166 169 161 158 155 155 151 153 155 152 148 151 153 150 147 149 153 152 155 153 153 156 154 150 149 153 151 153 152 150 149 150 150 149 145 145 145 146 146 147 145 145 140 136 114 130 130 107 23
103 114 114 117 114 127 123 80 35 38 39 43 38 68 140 187 150 149 198 169 195 171 192 207 90 75 77 75 71 133 161 160 157 160 161 161 162 163 163 162 155 156 159 162 164 169 163 164 167 166 168 168 170 170 169 169 169 167 164 164 164 163 168 166 167 166 162 163 158 160 158 164 158 158 151 141 157 161 162 164 162 161 163 155 153 151 149 149 147 146 148 150 166 158 151 156 153 157 156 154 152 150 150 154 153 156 156 152 147 149 149 147 147 145 146 148 147 142 141 142 140 141 137 114 131 133 110 22
119 124 145 121 113 123 122 82 36 40 41 42 42 67 138 190 193 184 195 171 208 205 208 205 92 74 76 70 65 130 160 157 157 156 154 153 157 155 152 148 133 137 147 155 158 159 166 168 169 169 170 171 174 170 173 173 172 170 170 169 168 168 168 165 167 167 166 165 165 166 166 162 164 164 162 160 159 161 161 158 158 159 159 155 156 154 157 151 152 153 153 150 164 163 168 172 161 144 148 148 149 151 151 150 147 149 153 152 148 143 142 144 144 142 145 144 141 140 148 137 147 140 135 110 127 132 112 23
130 130 144 125 121 129 129 88 38 42 41 40 40 77 141 182 178 174 186 161 198 203 197 197 100 134 138 128 109 144 158 159 159 156 159 160 161 163 163 162 165 161 164 167 163 164 166 166 163 165 167 167 167 165 164 167 167 169 170 170 165 163 163 164 163 162 163 163 163 163 163 164 164 164 163 163 163 161 162 159 159 158 157 157 157 155 158 154 154 153 151 151 148 148 146 146 148 143 146 145 144 144 145 142 142 143 141 140 141 136 134 133 136 165 172 173 173 153 149 158 150 120 125 113 119 121 101 23
136 143 147 139 139 144 145 102 60 67 70 73 77 100 126 145 146 146 164 156 158 161 162 162 156 155 161 163 162 157 155 156 160 160 160 159 163 164 156 160 160 159 160 162 160 159 160 159 160 161 164 162 160 160 173 159 163 162 160 160 158 158 158 160 163 164 162 162 163 164 163 162 162 161 161 157 158 159 160 158 158 158 156 156 155 156 157 152 151 155 152 150 151 150 149 148 147 146 147 146 149 145 146 147 149 148 144 141 142 140 137 136 149 191 190 191 192 162 116 132 125 124 128 127 124 124 104 23
139 141 142 142 145 146 146 146 150 149 148 152 156 157 155 153 153 154 154 155 156 153 156 155 160 155 158 161 160 170 158 163 157 162 156 159 159 155 159 160 162 159 156 158 158 159 158 161 162 161 165 161 163 160 163 157 158 159 159 159 160 163 165 164 162 161 164 162 161 162 163 162 161 162 159 162 160 158 158 156 155 157 157 155 156 155 155 174 122 124 154 151 150 151 147 150 149 147 148 148 147 146 145 149 151 150 148 147 146 146 146 140 147 194 190 200 195 169 118 132 128 128 125 125 125 130 109 23
133 136 134 136 138 140 139 141 144 146 144 149 150 144 149 155 149 149 153 149 150 152 152 155 155 156 157 155 157 161 153 156 153 155 152 156 156 156 154 155 155 155 154 154 154 155 155 155 155 155 154 158 160 160 157 159 160 160 159 156 153 160 158 156 156 153 157 157 156 156 155 154 157 157 156 155 154 154 153 150 150 152 152 151 147 148 150 181 108 119 150 146 143 147 145 147 146 146 148 149 148 147 146 146 149 148 147 150 148 147 145 145 153 197 158 164 160 148 122 134 128 130 129 125 122 122 102 22
131 128 128 129 136 136 130 140 144 141 144 144 142 140 146 151 148 144 153 149 152 157 154 155 153 155 156 158 156 155 156 155 155 155 154 152 154 155 156 152 152 155 155 154 152 154 155 155 155 155 155 157 156 158 154 158 158 157 158 158 157 158 158 157 155 152 153 151 152 153 154 149 152 150 148 145 148 147 147 144 145 146 146 145 145 145 144 161 124 114 123 129 136 138 138 137 137 139 139 144 147 147 147 148 148 146 143 143 144 144 144 140 148 197 171 143 91 100 122 132 131 129 131 130 132 128 108 23
133 133 141 133 141 142 140 137 141 141 140 143 145 146 146 145 144 149 152 155 156 156 153 156 155 156 157 158 157 158 157 156 156 156 156 158 156 156 158 159 157 158 159 161 160 156 159 157 158 157 159 159 158 160 156 159 160 157 159 161 160 159 159 159 161 162 160 159 154 158 157 155 155 155 156 154 151 155 154 150 146 145 144 142 146 145 149 147 150 146 143 141 140 140 137 133 133 134 130 132 134 134 135 140 143 143 149 147 144 146 142 141 145 188 151 84 143 170 119 133 132 128 133 133 131 135 111 23
132 139 137 140 138 142 141 141 143 145 146 149 145 146 148 149 152 152 151 153 152 151 148 151 152 154 152 154 154 153 151 148 149 149 155 156 155 156 155 156 155 158 157 159 161 159 156 157 161 158 160 159 163 167 161 158 159 159 160 158 160 160 159 161 157 162 161 160 161 160 162 161 158 154 152 153 155 156 157 157 152 144 149 188 148 137 137 140 141 141 144 147 152 146 145 142 139 149 149 185 154 132 132 138 128 132 135 135 135 138 143 143 146 184 144 65 133 173 119 135 134 133 130 130 129 132 106 23
127 128 132 130 134 138 136 139 142 143 143 141 143 148 149 149 149 151 152 151 152 152 151 151 148 148 146 150 145 145 144 141 150 147 147 152 148 156 161 150 157 158 156 156 156 161 156 155 153 155 156 157 180 197 155 158 159 158 162 165 159 158 160 162 186 156 159 155 163 167 171 159 165 153 161 171 160 162 156 175 166 173 177 194 152 154 167 143 150 152 149 153 184 127 150 156 163 159 155 175 147 146 149 146 145 138 136 134 129 126 140 167 149 172 201 195 190 163 125 159 134 132 131 131 133 139 129 25
127 135 131 133 136 137 137 144 139 143 143 145 143 151 147 147 146 150 150 148 152 160 155 148 149 159 168 148 163 151 150 164 184 148 161 202 157 152 162 152 157 167 142 151 159 179 156 155 201 175 149 151 166 168 145 148 148 164 160 148 149 143 147 142 187 156 152 187 187 163 151 183 158 145 152 166 147 150 154 152 168 158 151 148 145 146 141 140 149 154 152 150 154 149 153 152 150 142 148 146 143 144 138 146 149 168 166 169 139 143 140 134 144 176 193 217 199 160 120 138 134 132 127 125 126 142 111 22
129 135 136 132 133 130 148 153 136 139 140 141 143 138 125 144 140 143 144 142 148 152 142 144 144 148 145 135 155 144 140 143 138 142 147 163 147 144 153 136 141 146 138 143 150 153 142 144 155 147 153 148 145 151 152 146 147 142 146 149 146 148 149 151 167 144 137 170 158 154 161 178 196 134 150 147 152 156 146 154 155 149 151 157 152 152 152 160 157 154 163 158 152 165 153 152 155 146 150 147 144 144 137 146 145 153 156 141 138 142 144 140 141 171 181 210 190 159 119 141 136 132 127 127 128 125 100 21
123 128 146 126 128 131 144 132 126 132 137 136 138 125 122 141 140 141 143 140 139 139 141 141 144 144 146 143 143 146 146 148 156 151 145 144 151 150 148 150 142 152 156 157 151 154 155 154 152 153 150 153 149 147 150 147 154 153 154 154 152 150 151 150 159 150 147 149 161 166 167 168 178 142 153 155 158 155 150 155 154 150 150 158 150 155 157 154 152 154 152 150 149 151 152 150 148 148 151 152 150 152 149 148 148 148 148 146 147 147 147 145 147 165 174 210 183 151 123 141 134 133 133 127 129 132 105 21
119 120 126 123 126 125 131 129 132 131 137 134 134 143 138 140 142 142 142 143 148 145 139 142 146 147 149 147 148 148 154 153 151 150 149 150 157 155 152 152 148 152 156 159 158 155 151 159 158 157 158 157 162 160 159 157 158 159 157 157 156 155 160 156 160 162 160 160 158 156 156 159 156 160 158 157 155 156 154 156 158 156 157 156 158 154 155 151 152 154 153 154 152 153 155 149 149 152 151 149 151 150 149 151 151 153 149 147 145 145 149 146 145 164 171 202 182 156 115 133 128 126 124 125 118 125 110 23
125 125 127 130 131 135 135 137 136 139 143 142 141 142 141 141 146 144 145 147 151 146 140 144 149 150 151 149 148 151 153 152 154 154 154 155 155 158 158 158 161 156 158 158 162 159 161 160 159 161 159 159 159 161 159 158 157 157 157 157 168 162 159 177 163 163 163 159 159 158 159 163 162 160 162 159 159 156 155 155 155 153 151 155 155 154 151 151 154 154 152 154 150 157 151 147 149 152 149 144 150 151 151 148 147 146 145 144 145 142 141 127 129 156 162 160 142 141 84 72 89 101 97 109 113 121 100 21
130 128 131 134 134 135 138 139 141 142 144 141 145 144 145 146 145 145 148 147 150 148 151 151 153 154 154 157 155 157 158 157 157 157 159 159 160 159 160 160 160 156 158 157 157 155 156 154 156 155 156 159 151 151 153 156 154 151 148 151 178 150 148 165 160 156 154 156 151 151 151 153 153 154 154 154 149 152 152 151 152 150 152 151 155 150 148 153 152 151 147 147 152 151 150 149 152 150 149 148 149 148 141 143 149 153 150 149 152 152 146 145 149 149 142 132 126 141 139 136 137 138 121 146 116 129 101 17
131 134 136 140 141 142 143 145 147 146 150 151 151 149 151 155 156 158 160 159 155 154 151 153 155 158 159 159 161 159 157 156 157 157 155 158 158 158 157 161 159 159 159 160 156 153 152 152 152 154 155 159 151 152 148 156 154 154 151 153 152 154 152 153 153 153 152 153 151 153 152 150 151 147 148 151 145 150 150 156 151 150 148 148 154 147 143 147 150 144 143 145 146 147 146 144 148 148 150 149 149 151 140 140 145 148 148 148 146 141 141 142 141 142 144 141 145 140 136 132 134 131 130 127 112 119 95 19
133 133 136 139 141 140 143 142 143 146 146 144 139 146 148 148 147 148 149 151 150 151 149 153 150 146 151 154 155 154 157 154 157 159 159 160 157 157 156 155 155 156 154 153 153 152 152 155 148 149 152 151 150 152 147 147 145 152 148 153 152 156 154 152 153 151 150 151 152 155 153 152 152 154 151 154 153 152 152 152 148 151 152 151 147 149 149 145 149 149 150 146 147 148 148 146 147 148 149 148 146 142 145 147 145 147 144 137 138 140 142 142 137 138 141 137 140 139 134 128 135 129 123 126 125 125 93 18
124 128 131 133 135 136 137 138 138 136 138 138 136 140 144 146 145 143 141 145 143 144 146 148 145 148 149 150 149 146 148 151 147 151 150 151 146 148 149 147 149 146 151 147 150 152 153 149 151 150 150 149 147 155 154 154 153 153 155 156 154 155 151 153 152 155 155 154 150 154 155 155 153 152 149 154 152 150 150 153 151 151 152 153 150 149 152 146 148 149 149 145 146 147 149 139 144 145 142 145 141 145 142 139 141 141 141 140 142 141 143 129 137 138 137 136 137 137 129 125 128 126 125 122 119 123 91 18
123 121 126 128 132 131 132 131 132 132 136 132 130 111 110 97 124 121 140 142 139 139 144 143 147 151 150 150 145 143 148 145 147 146 148 154 151 153 154 154 152 151 152 149 150 156 156 156 153 155 155 152 153 154 153 156 156 152 155 152 156 156 153 152 148 151 152 150 147 142 148 148 144 145 146 146 149 145 142 146 147 141 142 141 141 145 142 145 141 148 149 143 143 145 145 142 136 143 143 146 144 145 145 143 143 139 138 141 141 140 132 133 135 137 128 135 131 125 124 127 118 119 122 121 116 118 84 16
120 121 125 125 129 131 130 129 129 133 136 134 137 133 131 126 140 141 145 146 145 144 148 147 150 148 147 147 149 147 151 148 150 151 150 145 147 149 151 152 148 146 159 195 185 152 150 149 148 151 152 149 148 148 147 147 145 151 146 142 147 150 146 149 143 145 149 144 149 147 151 145 143 139 144 136 143 139 145 144 140 149 147 140 140 144 142 141 148 140 137 139 135 140 139 139 132 136 143 141 139 131 137 140 138 135 138 133 141 139 134 121 127 119 115 126 125 118 113 105 117 116 113 113 114 121 86 15
127 127 130 131 134 134 134 135 137 141 139 144 142 142 141 143 141 142 142 147 143 139 142 146 145 147 144 141 141 146 147 148 150 149 148 158 146 146 149 146 149 146 167 216 198 152 146 143 141 144 145 137 149 141 142 140 145 129 138 138 135 134 132 136 137 141 142 134 142 141 150 138 134 138 141 133 131 138 145 140 133 144 136 134 130 128 137 140 135 145 139 136 115 125 133 132 136 137 127 132 123 128 129 129 126 135 132 121 132 121 127 123 115 116 122 123 115 112 115 110 115 117 106 105 104 110 81 14
123 124 125 129 129 129 133 131 132 134 134 141 136 136 134 134 135 133 131 131 139 134 131 138 139 136 144 151 139 142 145 142 133 134 139 157 134 129 139 133 144 131 124 147 137 129 134 130 133 134 137 134 141 129 138 120 126 131 136 142 140 134 139 134 143 136 129 136 139 144 144 131 123 132 142 143 144 138 137 143 139 126 133 130 136 132 138 140 140 145 136 131 126 129 124 129 127 122 126 132 121 116 120 119 125 124 121 117 128 117 127 118 108 124 118 111 114 122 104 112 112 107 106 106 102 107 84 14
110 105 113 106 110 108 113 118 113 118 119 121 114 128 112 122 128 120 118 114 118 115 117 110 113 103 138 138 125 126 116 128 108 124 124 130 126 110 127 115 128 132 120 127 126 121 130 129 127 137 132 131 122 127 132 125 125 126 129 124 129 135 139 139 130 130 120 138 132 136 130 132 130 126 131 139 137 125 128 134 137 129 132 132 130 125 121 134 130 125 115 126 131 128 129 127 127 125 131 125 124 125 129 126 127 121 127 127 122 124 128 128 120 117 118 110 106 110 105 101 99 107 99 100 93 96 78 12
101 86 102 108 105 103 105 107 96 137 119 113 120 123 104 123 118 119 109 117 116 111 115 112 117 116 124 123 123 113 108 110 114 126 129 134 125 122 126 127 111 119 129 128 129 122 127 129 131 146 130 131 114 121 123 131 128 125 132 129 124 116 124 115 131 129 128 133 112 117 132 127 124 120 123 127 130 129 130 126 129 129 126 123 118 133 136 128 126 131 127 127 124 128 130 125 132 131 129 128 142 131 128 131 120 121 130 128 118 115 114 108 111 108 115 109 100 113 97 96 101 112 106 105 104 109 67 11
97 92 97 102 103 107 106 104 118 106 112 106 113 120 116 117 122 119 118 111 117 121 123 119 118 127 113 110 132 120 126 119 123 125 117 138 129 129 137 126 110 122 122 122 122 125 129 133 131 133 124 128 120 130 130 135 137 133 134 138 125 131 127 124 124 141 127 134 139 121 132 132 123 122 137 136 140 140 138 137 137 133 132 131 128 125 135 134 132 127 131 134 137 132 134 130 119 123 130 134 137 130 126 132 130 134 124 121 114 101 106 119 117 120 123 109 106 99 96 107 94 100 102 99 104 106 49 11
