105 119 118 118 119 119 119 119 117 117 117 115 115 114 114 113 113 113 113 112 113 113 114 115 117 117 118 119 119 119 121 121 122 123 123 123 121 122 123 123 122 123 124 123 122 122 123 122 121 121 119 118 117 116 115 115 115 116 117 118 120 121 122 122 123 122 123 123 123 123 123 124 124 124 124 124 124 123 124 122 124 123 122 121 121 119 118 116 116 115 114 113 112 111 113 91 73 106 102 112 134 149 125 103 99 99 105 118 115 116 117 121 100 89 98 85 95 91 88 85 100 98 51 59 101 98 97 97
116 118 119 120 120 119 120 119 120 118 118 116 117 116 114 115 115 114 115 114 113 115 115 116 118 118 119 120 121 121 121 122 122 123 124 124 123 122 124 124 124 124 124 124 124 124 124 124 123 122 121 120 118 117 116 117 117 117 117 118 120 121 122 123 123 123 124 123 124 124 124 123 123 123 124 123 123 122 123 122 122 122 121 121 120 119 117 117 116 115 114 114 112 112 112 96 84 96 97 104 115 124 128 104 104 109 112 115 108 92 96 121 96 96 91 95 103 96 88 86 90 90 60 55 98 98 97 97
117 119 120 120 121 121 121 121 120 119 119 117 117 116 116 116 116 116 116 115 115 117 117 118 118 120 121 121 122 122 122 122 123 123 124 124 124 124 124 125 125 125 125 125 126 126 125 126 125 125 122 122 120 119 119 118 117 118 119 120 121 122 123 123 124 123 123 124 125 124 124 124 123 123 123 122 122 121 121 121 121 121 120 120 119 117 117 116 115 115 115 114 113 112 114 87 78 97 91 105 107 96 114 105 115 117 112 103 102 97 95 109 89 93 96 103 110 100 79 84 94 86 69 72 98 98 98 97
118 121 121 122 122 122 122 122 121 120 120 120 119 118 117 118 117 116 118 117 118 119 119 121 121 121 123 123 122 122 123 123 124 123 124 124 125 125 125 126 126 127 126 128 128 128 128 128 127 126 124 123 122 120 120 119 119 119 120 122 123 123 124 124 125 124 124 124 125 124 124 124 123 123 122 122 121 120 120 120 120 120 120 119 118 117 117 115 115 115 115 114 114 112 115 90 82 95 96 104 98 96 97 120 123 122 112 105 94 97 116 96 90 108 108 117 110 101 81 90 96 83 74 76 100 97 98 98
122 121 122 122 123 124 123 124 123 122 122 121 118 119 119 119 118 119 119 120 120 120 120 121 121 122 123 123 123 123 123 123 123 123 123 124 126 125 126 127 126 128 129 129 130 131 130 130 128 127 126 124 122 122 121 121 120 121 122 123 124 124 126 125 125 124 125 124 124 125 125 124 123 122 121 121 120 120 119 118 118 118 118 118 117 117 117 116 116 115 115 114 114 113 110 88 72 102 94 98 100 94 103 116 120 120 110 96 101 99 126 92 110 116 107 108 96 103 84 99 93 93 71 80 100 98 97 98
123 118 124 124 124 125 125 125 125 124 123 122 115 120 120 121 121 121 121 121 122 122 122 121 122 122 123 123 123 122 123 123 123 123 123 125 126 125 127 128 128 130 131 131 132 134 133 132 131 130 128 127 125 124 123 123 123 123 124 125 125 125 126 125 125 124 125 124 125 126 124 124 123 122 122 122 120 119 118 117 117 118 117 117 117 116 116 116 116 116 116 115 115 115 104 78 64 90 99 103 101 102 120 109 104 113 112 103 112 113 105 106 117 111 106 101 82 85 94 106 92 93 64 86 100 98 98 98
134 116 125 125 125 127 126 126 125 125 126 123 123 123 122 122 121 121 122 122 123 123 123 122 123 123 123 123 123 122 122 122 122 123 123 125 126 127 127 129 130 131 132 134 134 136 134 135 134 133 131 130 127 127 126 126 126 126 125 126 126 126 126 125 125 125 124 125 125 124 124 124 123 122 121 120 119 119 118 116 116 117 116 115 116 116 117 116 115 116 115 115 114 116 102 71 76 85 90 108 117 120 112 110 108 116 112 108 119 113 108 107 109 92 112 91 83 81 98 92 100 86 78 91 99 99 98 98
144 116 121 127 127 127 128 128 127 126 125 124 124 123 123 122 122 122 123 123 123 123 123 123 123 123 123 123 122 123 122 123 122 124 124 125 127 128 129 131 132 133 134 136 136 138 139 138 136 135 134 132 131 130 129 128 128 128 127 128 127 127 126 126 125 125 124 124 124 124 124 124 122 122 121 119 119 118 118 117 116 115 115 115 115 115 115 115 116 115 116 116 115 117 98 91 94 84 93 119 129 116 103 109 104 106 110 110 112 108 106 114 113 84 115 99 96 93 88 90 94 94 86 88 99 98 98 97
147 127 118 130 129 128 129 128 128 127 125 125 124 124 124 123 123 123 123 123 124 123 123 123 124 124 123 122 122 122 122 123 123 124 125 126 128 129 131 132 133 135 136 137 138 139 139 138 137 137 136 134 134 132 132 130 129 129 129 129 128 128 127 127 125 125 126 125 124 125 124 123 122 121 121 120 119 118 117 115 115 115 115 114 114 114 115 115 115 115 116 116 116 118 86 94 89 80 91 115 106 108 109 119 104 102 111 113 106 111 107 113 115 107 111 92 93 99 86 87 96 102 68 84 100 97 97 97
147 135 121 127 129 130 130 129 128 128 127 125 124 124 124 124 123 124 124 124 125 124 123 123 122 122 122 121 122 121 121 122 123 124 124 127 129 131 132 134 135 136 137 138 138 140 140 139 140 138 137 136 135 133 132 132 131 129 128 128 128 127 127 126 125 125 125 125 125 125 125 123 122 121 120 120 119 119 117 116 115 115 115 114 114 115 115 115 115 115 116 117 116 117 75 99 91 103 112 104 103 113 104 116 106 98 107 112 115 104 105 113 112 107 114 93 99 99 97 97 103 95 60 92 99 97 97 98
149 131 118 119 132 131 131 130 130 129 128 126 126 126 125 125 126 127 127 125 125 124 124 123 122 122 122 121 121 121 121 121 122 122 125 127 129 131 132 134 135 136 137 139 140 141 141 141 140 139 139 136 135 133 132 131 129 128 128 128 127 127 127 126 125 125 125 125 125 125 125 123 122 121 120 120 119 118 117 116 116 115 115 115 115 116 115 115 116 117 117 117 117 117 90 97 82 94 108 108 101 105 104 115 109 105 103 113 101 91 101 121 119 102 106 101 100 99 104 101 92 102 68 95 98 98 98 98
154 144 131 118 132 133 132 132 131 129 128 128 127 127 127 127 128 127 128 127 125 125 124 123 122 121 121 120 120 120 121 121 122 123 124 126 128 131 133 133 135 137 139 140 141 142 142 142 141 140 139 137 136 134 132 130 128 127 127 127 127 125 126 125 125 125 125 125 126 125 124 123 123 121 120 119 118 117 117 116 116 116 115 115 114 116 116 117 117 117 117 117 118 118 106 98 91 90 99 93 95 116 111 109 111 105 113 104 95 91 98 113 114 102 99 105 102 96 89 93 82 76 72 101 98 99 98 98
155 152 135 115 123 135 133 133 132 131 131 129 129 128 129 128 129 128 128 128 128 127 125 125 125 122 121 122 121 121 121 121 121 122 124 126 128 130 132 134 136 137 139 141 142 142 143 142 143 141 139 138 136 134 131 129 128 126 126 126 125 125 125 125 126 125 125 125 125 124 124 123 122 122 120 120 119 118 117 117 117 116 116 115 116 116 116 116 117 118 118 118 118 117 103 97 102 101 99 89 101 105 111 104 119 125 122 121 115 103 113 104 103 108 102 104 101 92 88 88 78 54 74 101 98 100 99 98
151 141 141 122 113 133 134 134 133 133 131 131 131 130 129 130 130 130 130 130 129 128 127 126 124 124 122 122 122 121 122 122 122 123 125 126 127 128 131 133 135 138 139 141 141 142 142 142 143 141 139 137 136 133 131 129 128 126 126 125 126 126 126 125 126 126 126 126 126 125 123 122 122 122 120 119 120 118 118 117 117 116 117 117 118 117 117 117 118 119 118 117 118 118 94 99 111 113 103 103 110 100 110 108 115 123 110 113 113 114 113 112 110 117 110 108 95 96 94 92 77 64 82 101 99 99 99 98
157 152 145 136 123 123 136 135 135 135 134 134 132 133 131 131 131 132 131 131 131 130 128 127 126 124 122 123 123 123 122 123 123 124 125 126 127 128 131 133 135 137 139 139 142 141 142 142 142 141 139 137 136 134 132 129 128 127 126 126 126 126 126 126 126 125 125 126 126 125 124 123 121 121 120 119 119 119 118 118 118 118 118 118 118 118 118 118 118 119 119 120 119 118 96 102 114 114 96 100 102 99 91 101 117 105 101 116 130 118 108 117 112 121 134 108 92 98 96 98 73 73 85 101 100 100 99 98
169 161 152 148 131 114 133 138 137 137 136 136 134 134 134 133 133 133 133 133 132 131 129 128 127 126 125 124 124 124 124 124 124 125 125 126 127 129 131 132 135 134 122 136 133 143 146 145 145 140 139 137 136 134 133 130 129 127 127 127 127 127 126 126 126 126 126 126 126 125 124 123 122 121 120 121 120 120 119 118 119 119 119 118 119 119 118 119 120 119 120 119 120 117 94 106 114 110 109 103 96 101 83 107 107 87 103 118 116 113 116 111 112 108 101 107 80 86 91 92 73 56 81 103 101 100 99 98
169 160 148 152 139 122 127 139 139 138 138 138 137 136 137 136 135 135 135 135 133 133 131 130 128 127 126 126 126 126 126 126 125 126 126 127 127 128 130 132 138 103 40 54 40 80 101 63 101 146 143 143 140 134 133 132 130 128 128 127 128 127 127 126 126 126 126 125 125 125 124 123 122 123 123 121 121 120 121 120 121 120 121 120 120 120 120 121 121 121 120 120 120 115 93 106 105 109 107 107 105 90 91 114 117 85 101 112 109 117 115 109 122 102 100 108 79 88 94 88 75 50 74 104 101 101 100 98
161 156 157 150 140 137 126 135 141 140 141 139 139 138 139 139 139 138 137 137 135 134 132 130 130 129 128 128 128 129 128 128 128 127 128 127 128 128 129 132 140 76 23 21 18 20 20 18 22 97 133 79 110 139 134 133 131 130 129 128 128 128 127 127 126 126 126 125 124 125 124 124 124 124 123 122 122 122 121 121 121 121 123 122 122 122 122 122 122 122 121 121 120 115 90 101 101 110 98 110 107 96 97 115 105 102 115 125 116 113 103 115 103 85 104 101 78 83 92 90 75 42 84 103 101 101 99 99
141 147 144 148 143 142 126 118 142 141 141 141 141 140 140 141 140 139 139 138 136 135 133 132 130 130 130 129 130 131 131 130 130 128 128 128 128 129 130 132 140 73 22 22 17 17 18 19 16 23 38 23 47 134 137 133 133 132 130 129 129 128 128 128 128 127 126 126 126 125 125 125 125 123 123 123 122 122 123 122 123 124 124 124 124 124 125 124 124 124 123 122 123 108 92 105 110 107 109 110 94 97 108 121 97 127 126 112 106 105 104 102 95 108 109 107 86 94 85 80 69 49 90 104 102 101 101 100
130 140 140 146 143 150 139 116 130 144 143 142 141 142 142 142 141 141 140 139 137 137 135 133 132 131 132 131 132 133 132 132 131 130 129 129 129 129 131 133 140 84 21 19 16 16 16 16 16 16 16 22 28 109 144 138 139 134 131 130 129 128 127 127 127 128 127 127 128 127 126 126 126 125 124 124 125 123 124 124 124 125 126 127 127 127 127 126 126 126 125 124 126 101 95 101 105 101 99 110 95 88 120 111 113 136 124 111 107 114 109 105 103 94 103 101 86 89 84 78 60 40 91 105 102 102 102 101
133 136 144 151 153 144 145 127 121 144 142 142 142 143 142 143 141 141 141 138 138 137 136 133 133 133 133 133 134 134 134 133 132 131 130 129 129 130 131 132 140 97 21 18 16 16 15 16 15 16 16 18 23 97 134 113 95 122 133 131 130 128 128 128 127 128 128 128 128 128 128 128 127 126 126 126 126 126 125 126 126 127 128 128 128 129 128 128 129 127 126 126 127 100 100 97 109 95 102 109 97 91 119 114 115 131 112 102 114 112 112 94 103 95 109 85 79 92 94 79 65 61 102 104 103 103 103 102
135 131 142 145 155 148 148 132 120 136 144 143 143 144 144 143 143 141 141 139 138 137 136 135 134 134 135 134 135 135 135 134 133 131 130 129 130 131 132 134 141 110 24 19 17 16 15 15 14 14 16 15 16 29 37 21 18 51 131 133 130 129 129 128 129 129 129 129 129 129 130 129 129 129 128 128 127 128 128 128 128 129 130 130 129 131 131 131 129 129 128 127 128 103 102 98 105 101 101 100 94 100 124 106 117 110 112 121 111 112 116 107 97 97 110 99 94 98 91 75 78 66 106 106 104 104 103 102
142 132 137 138 146 149 151 138 133 124 144 144 144 144 144 143 143 142 141 138 138 137 135 133 133 134 135 135 135 136 135 135 134 132 131 131 131 131 133 134 140 120 26 17 17 17 15 15 14 16 16 15 15 13 13 16 19 20 111 138 131 131 130 129 129 129 130 129 130 130 131 130 130 131 131 130 131 130 131 130 131 132 132 132 133 132 132 132 131 130 129 128 130 100 100 114 98 107 107 100 98 116 116 108 121 106 105 111 116 117 102 112 101 90 104 99 92 87 91 85 83 76 110 107 106 105 104 103
143 134 130 138 153 131 121 124 134 124 135 146 144 144 143 143 142 142 140 139 137 136 135 135 134 135 135 136 136 136 135 136 134 133 132 132 132 132 134 136 142 130 37 34 17 18 16 15 16 17 15 14 14 14 15 17 17 15 60 134 138 133 132 132 130 130 130 130 130 131 132 132 132 132 133 132 133 134 133 133 134 134 134 134 133 133 133 133 131 130 130 129 128 91 101 115 114 102 91 108 98 103 113 108 108 107 105 114 115 115 111 115 107 100 108 93 81 88 89 87 87 76 112 108 107 106 105 103
143 141 128 135 142 145 146 140 134 124 124 146 144 144 143 142 142 141 141 139 138 137 136 135 136 136 136 136 137 136 137 136 136 135 134 134 134 135 137 139 142 149 74 95 31 21 17 16 16 16 14 14 14 14 15 17 15 17 18 71 116 134 135 132 132 131 131 131 131 131 132 132 133 133 134 134 134 135 134 135 136 135 135 134 135 134 134 134 133 132 131 132 119 86 103 110 105 102 102 115 101 112 119 103 95 97 107 126 115 106 110 108 105 112 110 89 90 99 78 82 78 80 112 109 108 107 105 105
143 142 135 134 138 146 153 146 138 138 121 138 145 144 143 143 142 141 140 138 138 138 136 136 136 136 137 137 138 138 137 137 137 136 135 135 136 138 140 142 143 154 149 142 88 24 18 16 17 17 14 15 15 14 17 14 15 15 17 19 33 84 138 134 133 133 132 132 132 130 131 133 132 133 133 135 135 134 135 135 136 135 136 136 136 135 136 135 134 133 133 134 113 82 107 104 99 96 109 101 120 130 124 98 106 99 110 118 125 115 113 117 109 105 104 91 97 97 78 76 74 93 114 110 109 107 106 105
141 139 141 127 146 144 147 150 144 136 126 123 145 142 143 143 142 141 139 139 137 137 136 137 137 138 138 138 140 139 140 139 139 138 138 138 138 141 142 144 145 152 186 189 118 31 23 17 18 18 15 14 14 17 25 14 15 14 17 18 19 53 138 137 135 133 133 132 132 132 132 133 134 133 134 135 135 135 135 135 136 136 136 136 135 136 135 135 135 134 133 135 114 87 113 98 90 89 107 98 123 110 110 106 104 93 103 110 130 119 117 107 104 110 93 94 97 99 81 73 72 103 113 110 109 108 107 105
143 141 143 135 136 143 142 154 142 129 127 116 141 144 143 142 141 142 140 139 138 137 137 138 138 139 140 139 140 140 140 140 140 141 140 140 140 142 144 145 147 152 186 200 109 34 25 19 24 19 14 15 15 15 17 15 14 15 17 18 18 58 143 138 138 136 135 134 134 135 134 134 135 134 135 135 135 135 135 134 134 135 134 134 134 135 134 135 135 134 133 135 110 94 100 98 93 84 95 99 105 116 110 103 98 104 93 103 111 107 103 112 109 106 88 93 106 98 92 76 78 110 112 111 109 108 106 106
142 141 143 142 135 139 134 140 144 133 131 113 126 146 143 142 142 142 140 138 139 138 139 138 139 140 140 140 140 141 141 141 142 141 142 142 143 145 146 147 148 153 187 197 120 44 27 21 31 19 14 15 16 17 18 14 15 16 17 19 20 85 147 140 140 138 137 137 138 137 136 136 137 136 137 136 136 135 135 135 135 135 135 134 134 134 134 134 133 133 132 128 100 101 99 98 96 92 104 122 120 123 111 102 117 127 111 120 113 97 104 103 98 101 91 97 98 93 98 83 81 110 111 111 108 108 107 106
143 142 143 145 135 134 133 131 140 134 137 122 114 144 144 143 142 141 140 140 139 139 140 140 141 141 141 142 142 141 142 142 143 143 144 144 146 146 147 149 149 155 188 177 158 108 41 25 34 18 15 15 16 19 18 15 16 18 18 19 52 138 146 143 142 141 141 140 140 139 139 138 138 138 138 137 137 137 136 136 135 136 136 134 135 134 134 133 133 132 132 128 95 96 92 91 101 108 100 105 111 120 117 118 119 122 127 116 113 95 98 101 104 104 96 96 100 93 79 89 91 111 111 110 109 109 108 106
144 142 143 145 141 123 139 137 138 128 119 130 105 132 146 143 142 142 142 141 141 141 140 141 141 141 142 143 142 142 143 145 144 144 145 145 147 147 148 148 148 158 186 165 179 172 59 35 39 17 16 15 18 22 17 14 16 18 19 37 127 151 146 144 144 143 144 143 142 141 142 140 140 140 139 138 138 137 137 137 135 136 135 135 134 135 134 132 132 133 132 125 95 92 86 87 100 105 100 103 106 104 112 108 108 122 126 123 119 99 100 110 101 101 89 90 93 92 77 84 93 112 111 110 109 110 109 107
144 142 144 144 146 126 139 144 135 142 128 141 122 122 145 144 143 143 142 142 142 142 142 142 143 143 144 145 144 145 145 146 146 147 146 147 148 148 147 147 147 161 175 168 188 157 44 41 36 16 16 16 22 24 15 29 34 23 37 120 152 146 146 146 146 145 145 145 144 143 144 142 141 141 140 139 139 138 138 138 138 137 137 136 135 135 134 134 133 131 132 116 90 94 88 89 91 104 112 106 110 127 107 104 110 118 117 128 120 106 101 102 92 103 97 99 94 108 87 77 90 113 110 111 110 109 108 108
145 143 144 145 146 138 132 137 140 142 142 140 123 115 140 146 145 145 143 143 143 142 143 143 143 144 144 145 146 146 146 146 147 147 148 147 148 147 149 148 148 158 157 168 184 133 40 39 32 15 16 18 31 24 16 96 91 50 111 151 146 146 147 146 147 147 146 145 145 145 144 144 142 142 140 140 139 139 138 138 138 138 137 136 135 135 134 133 132 131 132 120 91 86 95 97 95 95 112 102 119 134 118 120 114 101 110 117 102 109 103 109 105 98 100 98 100 97 92 83 86 113 111 110 110 110 109 108
146 144 144 144 145 146 131 139 147 149 141 144 142 121 119 147 145 145 145 144 144 143 143 142 144 144 144 145 145 146 146 147 147 147 146 146 146 147 147 148 148 151 139 155 140 72 34 57 72 54 16 21 37 19 34 112 91 120 148 144 145 145 146 146 146 146 147 146 145 146 144 144 143 142 141 140 139 138 137 138 137 137 137 135 135 134 133 133 130 130 131 118 85 88 93 92 95 103 118 110 101 112 120 132 120 107 106 109 94 115 106 108 103 95 83 95 91 89 95 99 90 114 110 110 109 109 109 108
146 144 143 145 145 146 139 130 146 157 164 149 130 118 107 142 145 145 144 144 144 143 143 143 144 144 144 144 145 145 147 147 147 147 145 145 146 146 146 147 146 143 124 81 46 34 30 58 84 77 35 18 29 16 47 106 123 145 142 142 144 144 145 146 146 147 146 146 146 145 144 143 143 142 140 140 139 138 138 137 137 136 135 135 133 132 132 131 130 129 130 108 87 102 94 98 88 110 118 109 97 98 102 116 115 106 113 111 100 107 96 93 103 94 97 93 86 90 97 79 84 115 111 109 109 109 108 108
147 144 145 146 145 146 146 131 145 143 164 154 130 117 105 129 146 144 144 144 144 143 143 143 143 144 144 145 145 145 146 145 146 145 145 144 145 145 146 146 143 138 87 43 32 29 29 26 71 93 61 16 18 20 70 117 140 139 140 142 143 143 144 146 146 146 146 146 145 145 144 143 143 142 140 140 140 139 137 136 135 134 133 133 132 131 131 130 128 127 128 97 98 105 100 105 94 121 112 118 108 101 107 112 111 104 106 108 95 119 100 88 101 101 100 104 94 90 102 61 85 115 110 110 109 108 108 106
147 146 145 146 146 146 147 139 133 141 156 149 137 131 121 113 141 143 143 144 144 143 144 144 143 144 144 144 144 144 145 144 145 144 144 144 144 145 145 145 149 111 48 33 24 21 24 20 57 71 70 23 17 28 90 132 138 138 139 141 142 143 144 145 145 145 146 145 144 144 144 143 141 142 140 140 139 138 136 135 134 133 132 132 130 130 129 128 128 127 110 85 100 109 100 89 98 107 110 127 106 111 113 120 118 111 114 108 96 119 97 82 97 97 92 102 94 95 98 67 102 113 111 111 110 109 108 108
148 146 145 146 144 146 146 145 126 133 136 144 143 151 126 108 115 142 142 142 143 143 143 144 144 144 145 145 144 144 144 144 144 143 143 144 144 145 143 154 135 55 38 28 23 23 21 17 48 68 86 41 15 49 115 138 136 137 137 140 141 142 144 145 145 145 145 146 145 143 142 142 142 141 140 139 138 136 135 133 133 132 131 130 129 129 128 126 126 127 107 81 102 105 102 84 95 107 96 107 114 101 103 106 121 115 125 111 88 121 106 89 94 101 95 92 87 90 86 74 115 112 112 111 109 109 109 109
144 143 143 146 145 146 145 145 137 126 135 155 150 150 132 112 106 134 143 142 144 143 143 144 145 144 145 144 145 144 144 144 144 143 143 143 143 144 147 138 59 41 42 27 20 19 19 18 45 82 86 52 17 65 130 136 135 136 137 138 140 140 142 143 144 145 145 144 144 142 142 141 140 140 139 138 137 136 135 134 132 132 130 129 128 127 127 126 125 125 121 86 97 101 98 92 92 121 98 86 101 109 98 94 102 104 104 82 92 117 90 94 99 103 99 98 82 81 73 83 118 113 112 111 110 110 109 105
146 143 145 145 145 145 145 144 145 121 131 160 156 133 135 121 110 118 145 143 144 144 144 144 145 145 145 145 145 145 144 145 143 143 144 143 144 145 145 72 40 47 36 21 19 18 17 17 25 54 70 48 22 90 136 133 134 135 135 137 139 141 142 144 144 144 144 144 143 142 140 140 140 139 138 137 136 136 136 135 133 131 130 128 127 126 125 125 124 124 119 83 93 95 96 90 89 114 102 86 87 109 111 108 114 112 114 94 103 108 86 98 94 102 100 94 77 77 58 93 118 114 114 113 111 111 110 102
145 144 145 144 145 145 144 144 146 132 119 140 155 141 137 126 117 108 139 145 144 146 146 146 146 146 146 147 146 146 145 145 144 144 144 143 144 149 108 40 50 41 28 22 17 18 17 16 20 22 26 37 37 117 134 131 132 133 135 137 139 140 142 143 144 144 145 143 143 141 141 140 140 139 138 138 138 137 136 135 133 132 129 128 126 126 124 124 124 124 113 88 88 95 92 92 91 123 109 98 111 132 123 116 118 122 129 95 98 112 87 92 97 102 104 91 79 77 57 87 121 116 116 113 113 112 111 95
146 144 144 145 145 145 144 144 145 144 126 137 148 158 144 133 119 112 121 148 147 147 148 147 147 148 148 147 147 147 146 146 145 146 146 145 148 138 53 48 45 24 24 20 15 17 16 16 17 17 18 21 70 133 132 132 132 135 135 137 139 141 143 144 143 144 144 143 143 142 141 140 139 139 139 138 138 137 137 135 133 131 129 128 127 126 125 124 124 125 99 96 89 96 94 85 91 126 107 102 122 133 135 120 121 117 102 115 104 93 88 96 95 97 103 101 93 76 57 85 123 118 117 116 115 113 113 103
146 144 145 145 145 145 144 145 145 146 136 132 141 152 144 150 138 120 118 142 149 148 149 148 147 149 148 149 147 148 147 147 147 146 148 149 150 82 41 53 29 21 22 17 25 22 17 17 17 18 18 18 73 136 132 132 134 135 136 138 140 142 143 144 145 146 145 145 145 144 143 141 141 140 140 139 138 137 137 135 133 131 129 128 127 126 126 125 125 122 98 102 102 99 101 90 97 122 105 110 122 114 128 129 139 117 95 96 108 88 92 105 102 101 103 97 90 71 72 99 124 120 119 118 116 115 113 108
146 145 145 145 146 146 145 146 146 145 146 133 132 141 154 137 128 128 121 127 152 149 150 149 148 149 148 148 149 149 149 148 148 149 149 150 107 41 53 39 22 25 40 77 89 54 15 19 18 16 36 27 43 130 133 133 134 135 136 139 140 141 143 145 146 145 147 146 145 146 144 143 143 142 141 139 139 138 137 135 133 132 130 129 127 126 126 125 127 116 99 105 100 98 100 94 117 105 117 118 113 113 120 125 135 112 90 93 110 84 82 109 110 102 103 102 88 68 84 113 124 121 120 119 119 117 115 112
147 145 146 146 146 146 147 147 147 147 149 140 133 135 143 146 140 135 127 117 150 151 150 149 150 149 149 148 149 149 150 150 151 147 131 123 54 44 51 26 51 86 120 148 128 60 25 19 17 16 24 31 25 106 137 132 134 135 136 139 140 142 144 144 146 147 147 147 147 147 146 145 145 143 142 141 140 139 138 136 134 132 131 129 127 127 127 128 129 101 100 105 108 101 90 96 124 113 121 115 109 122 119 126 123 111 106 96 106 90 106 108 110 98 106 106 92 71 81 121 124 123 121 120 120 119 117 110
146 144 146 146 146 148 148 149 149 149 150 146 132 151 154 151 149 135 135 113 132 155 151 151 151 150 150 150 152 154 156 154 141 130 119 65 40 48 36 81 127 139 158 152 93 58 43 19 22 18 18 21 24 80 137 134 135 136 138 139 140 142 144 145 146 147 148 148 149 148 148 148 145 144 143 142 141 139 139 136 135 134 132 132 129 129 129 130 123 88 96 100 96 92 88 102 131 109 112 108 112 118 120 114 120 100 110 88 96 112 111 113 110 101 112 101 97 65 70 123 125 123 123 122 121 120 119 108
146 144 144 146 147 148 148 149 150 151 151 152 150 147 148 143 133 141 138 125 107 153 157 157 156 155 156 154 144 131 112 109 128 133 95 40 42 44 74 131 147 146 123 74 43 43 26 21 22 16 22 20 32 67 127 137 137 138 139 141 142 143 145 146 147 147 147 149 149 150 149 148 146 145 144 143 142 140 139 137 136 134 134 132 131 131 130 133 113 81 86 95 106 107 90 107 133 109 109 104 116 117 117 122 129 109 117 94 96 119 116 105 109 113 107 88 91 76 70 119 125 124 124 122 121 121 119 111
144 143 145 145 147 147 148 150 151 151 152 153 154 139 135 139 120 127 106 97 89 99 130 130 121 117 108 101 101 110 123 126 136 122 58 46 58 106 139 134 88 62 32 21 17 15 17 17 17 18 21 18 31 94 113 141 139 141 141 143 144 145 146 147 148 148 148 149 150 150 149 148 147 146 145 143 142 141 140 138 137 136 135 133 133 132 132 134 105 76 87 106 117 114 97 123 127 111 121 117 130 121 121 129 117 111 106 109 105 117 122 111 114 111 93 89 78 71 77 126 125 124 124 123 122 122 120 102
144 142 144 145 146 147 150 151 152 151 152 153 152 142 135 147 145 149 142 137 120 95 75 71 87 110 135 151 159 163 147 104 116 94 76 86 101 137 78 43 24 20 19 18 17 19 24 24 18 18 23 20 21 76 127 141 142 144 146 146 148 149 148 149 150 150 150 150 150 151 149 149 148 146 144 144 144 142 140 138 138 137 136 135 134 133 133 135 97 83 103 102 102 94 98 119 118 107 106 111 126 128 134 131 124 110 94 116 92 103 115 120 112 118 104 92 82 67 91 126 124 123 124 124 123 123 121 105
144 142 143 145 148 148 150 151 152 152 152 152 153 153 126 133 115 102 118 118 98 79 81 92 153 163 161 160 160 153 97 94 119 68 108 111 107 54 21 18 18 18 22 21 21 21 27 28 25 17 20 19 21 35 121 145 147 148 149 149 151 151 151 152 152 151 152 151 150 150 150 149 148 147 145 143 143 142 141 139 138 137 136 135 135 134 134 134 97 96 110 92 102 91 124 123 117 115 107 107 106 115 130 140 135 116 109 117 107 107 111 113 112 113 85 87 93 77 100 126 125 124 125 124 123 123 119 102
144 142 143 146 146 148 149 150 152 152 152 153 153 155 130 108 126 130 143 141 122 106 96 136 163 161 161 162 165 130 76 100 75 28 46 57 34 17 18 18 17 19 21 30 28 20 19 21 43 19 17 19 21 23 80 150 150 150 152 153 153 154 154 153 153 153 152 152 150 150 150 148 148 147 145 143 143 142 140 141 139 138 137 137 136 135 137 127 93 97 99 104 100 97 125 110 108 124 121 119 99 100 113 119 127 113 117 114 112 114 111 107 113 100 84 84 81 74 97 127 124 123 123 124 123 123 121 109
144 142 143 144 147 148 148 150 151 151 152 153 154 154 154 125 143 157 142 153 146 131 118 140 164 162 162 163 168 109 70 90 48 20 28 18 16 18 18 18 18 19 22 30 29 30 25 20 29 25 18 18 22 21 39 134 156 153 154 155 154 155 155 154 154 154 154 153 152 151 149 148 148 146 145 144 143 142 141 141 140 141 140 140 138 138 139 113 90 99 104 106 97 96 125 103 102 118 127 124 117 113 118 125 121 117 127 117 114 112 105 100 108 105 79 90 76 64 88 127 123 124 124 123 123 124 121 123
143 142 143 145 147 148 149 150 151 151 152 152 153 153 157 139 132 142 150 146 138 126 114 117 160 164 164 164 166 76 65 106 41 20 19 19 18 19 17 18 22 21 21 27 37 44 43 27 20 24 17 19 20 21 25 98 161 155 156 156 155 155 156 155 155 154 153 152 151 150 149 148 147 146 145 144 144 143 143 143 143 142 143 142 141 141 142 120 96 101 107 103 95 97 131 104 98 107 139 118 109 109 128 133 126 112 116 114 109 104 104 111 108 88 81 85 79 65 85 128 124 124 123 123 123 123 111 132
142 142 143 146 147 147 149 149 150 150 152 152 153 154 155 155 126 140 144 140 142 140 127 119 144 167 165 167 157 54 54 83 31 19 19 19 18 22 19 17 18 22 23 23 33 51 42 33 23 40 21 23 21 20 22 70 162 156 157 156 157 155 156 156 154 154 153 151 151 150 149 148 147 146 146 145 145 144 145 145 144 145 144 144 143 143 143 130 100 117 123 94 90 101 112 103 99 100 117 114 105 114 126 121 129 132 106 96 95 98 102 99 86 83 93 75 81 71 78 126 125 125 123 124 124 124 113 126
143 142 144 145 147 147 149 150 150 151 151 151 152 154 155 158 144 135 136 137 147 153 125 123 115 164 165 169 156 54 39 33 25 19 18 20 22 19 17 21 23 24 30 32 30 41 33 28 23 34 29 31 22 21 23 55 157 157 157 157 157 157 155 155 154 153 152 151 152 151 149 148 147 147 145 145 144 145 145 145 146 145 146 145 145 144 146 123 103 116 116 96 92 92 111 103 90 94 110 119 117 126 131 116 122 124 124 112 98 104 109 100 87 85 85 71 74 67 65 126 127 124 124 124 124 124 115 123
143 142 144 146 147 148 149 149 150 150 151 152 152 154 156 157 158 133 135 148 160 165 135 124 107 132 171 168 151 55 49 29 23 19 19 19 22 19 16 18 23 27 34 29 22 35 38 31 33 44 46 28 28 32 27 40 148 160 158 158 157 157 156 155 154 153 152 151 151 151 150 149 147 147 145 144 144 144 145 144 145 145 145 144 145 145 144 101 87 108 112 99 97 92 111 98 92 119 125 123 122 116 116 118 115 112 114 113 108 113 103 94 88 93 96 72 75 82 67 127 127 126 125 125 125 125 117 128
142 142 143 145 147 148 149 149 151 151 151 152 153 155 157 159 162 144 131 146 145 153 156 142 119 108 159 171 149 105 77 30 24 18 19 20 19 17 16 23 27 33 34 34 27 41 42 45 36 32 36 30 28 41 31 29 128 164 158 159 159 159 157 155 155 155 153 153 153 151 150 149 147 147 146 145 144 143 144 144 144 144 144 144 144 143 146 116 87 115 119 104 96 102 117 129 109 120 101 98 100 108 112 114 115 117 114 112 122 125 101 99 91 83 101 78 80 87 72 132 128 127 127 126 125 125 124 132
144 142 144 145 147 148 149 149 150 151 152 153 155 157 157 158 160 153 129 140 148 143 140 158 134 105 116 170 146 124 103 34 25 19 25 23 22 17 17 25 38 34 33 37 38 40 40 34 31 22 23 25 25 21 30 28 106 167 158 159 159 158 158 156 156 155 154 153 152 151 150 149 146 146 145 144 143 143 143 142 143 142 142 142 142 141 144 143 101 110 113 99 96 94 105 116 115 107 109 94 93 115 113 106 103 115 115 115 120 118 92 98 92 85 91 89 86 75 88 133 128 127 126 126 126 125 125 138
142 142 144 146 148 149 148 149 149 150 152 153 155 156 157 158 159 163 150 128 148 147 146 148 131 109 91 143 142 112 124 49 31 22 29 30 26 20 24 29 52 40 39 47 40 35 34 25 23 22 19 17 18 20 24 24 82 163 161 158 159 157 157 156 156 155 154 153 152 150 149 147 146 146 144 143 144 143 142 142 142 141 140 140 139 140 141 142 100 92 104 118 102 89 92 94 112 127 96 96 92 104 110 94 110 123 106 117 122 118 87 109 85 81 88 82 88 75 92 131 128 128 127 127 126 125 121 141
143 142 144 146 147 149 149 149 150 151 152 153 154 155 157 158 160 162 163 129 127 136 146 150 147 125 105 93 128 75 131 90 45 25 23 29 35 45 45 46 65 58 50 48 47 35 31 25 19 18 21 16 22 22 24 27 30 74 148 164 158 157 157 155 155 154 152 152 150 149 147 146 144 144 143 142 142 141 141 141 139 139 138 138 138 138 139 142 110 88 121 114 101 92 93 91 117 125 93 122 104 88 96 99 104 111 101 99 104 118 93 91 99 85 94 95 90 80 91 130 127 128 126 126 126 127 109 111
143 142 144 146 147 148 149 150 151 151 152 153 154 155 156 157 145 149 151 142 117 126 132 135 141 142 121 93 63 72 111 142 61 27 27 30 42 60 67 69 80 69 55 52 48 39 29 24 21 22 23 17 29 31 28 30 31 30 47 119 162 157 155 155 154 153 151 150 149 147 145 145 144 142 141 141 141 140 140 139 138 138 138 137 137 138 139 142 118 87 107 126 112 101 100 89 106 134 97 104 96 97 117 118 108 110 109 107 92 109 91 92 100 82 84 102 93 69 88 130 127 127 127 128 128 125 105 124
143 142 144 146 148 148 149 151 151 151 152 154 154 155 157 144 124 130 121 121 120 125 120 112 122 127 121 124 69 54 108 133 134 71 42 38 54 84 81 67 75 58 55 52 48 51 43 44 46 49 45 24 21 24 24 42 43 40 35 33 93 156 157 154 153 152 151 149 148 146 145 144 142 141 140 140 139 139 139 138 137 137 137 137 137 137 138 141 122 85 94 118 110 108 107 105 98 115 83 94 112 105 116 115 113 108 115 125 106 114 105 87 101 91 82 93 100 68 85 130 128 128 128 129 129 127 119 148
142 141 144 146 147 149 150 151 151 151 152 153 154 153 155 150 137 136 147 144 153 152 150 137 125 122 113 124 98 45 74 141 153 172 141 107 100 122 114 93 81 65 53 48 49 61 59 53 55 52 35 27 35 23 19 30 46 49 49 44 34 81 158 155 152 151 149 148 147 145 144 143 141 140 139 138 138 137 137 137 136 136 136 136 137 137 138 141 123 88 91 111 110 104 99 92 91 118 92 98 114 100 107 112 108 114 120 113 114 98 105 111 99 100 75 81 108 79 80 131 129 129 129 130 129 126 115 153
143 143 144 146 148 149 149 151 151 151 151 152 153 153 154 156 157 143 138 149 162 153 153 156 158 148 148 135 123 73 38 92 166 176 182 184 177 176 175 155 93 67 43 34 35 45 51 48 32 30 33 24 27 27 17 21 39 60 69 56 49 34 98 159 151 150 147 146 146 144 143 142 140 140 139 137 137 136 136 136 135 134 134 134 134 136 136 140 118 83 89 111 125 117 106 99 97 99 120 96 107 89 98 113 121 123 109 97 109 100 111 109 103 98 81 83 95 77 83 132 129 129 130 130 129 127 119 132
144 143 146 146 148 149 150 150 151 150 150 151 152 152 154 155 156 159 159 155 135 141 146 149 165 144 148 149 128 91 47 38 107 178 178 169 166 156 135 98 64 44 36 28 27 32 48 62 38 45 68 51 47 36 24 28 35 55 56 49 58 41 35 129 155 149 147 146 145 144 142 141 140 139 138 138 137 136 136 135 135 135 134 134 133 135 135 138 123 90 95 103 117 106 110 114 100 88 97 124 94 95 101 120 131 122 97 96 103 108 109 104 106 91 85 89 105 78 79 135 130 130 130 131 130 129 112 119
145 144 145 148 149 150 151 151 151 151 151 151 153 153 154 155 156 156 158 159 154 137 129 147 151 136 154 154 152 113 75 38 39 83 110 96 79 84 70 68 52 37 35 27 28 46 51 75 60 62 71 75 70 53 46 56 59 67 63 54 64 38 26 64 153 148 147 146 144 143 141 141 140 139 139 138 138 138 137 136 135 136 135 135 134 135 135 137 122 76 93 106 118 112 109 107 97 95 99 126 94 91 108 112 114 113 107 115 99 102 95 84 86 89 99 98 104 70 71 135 132 131 131 131 131 130 109 117
145 145 146 147 149 151 151 151 151 151 152 152 152 154 154 155 156 156 156 156 159 159 153 139 144 153 147 160 155 141 102 55 30 37 52 65 57 57 52 65 52 45 39 35 48 56 54 74 56 68 65 57 53 54 44 60 55 46 56 66 77 50 36 29 117 153 147 145 143 142 141 141 140 139 139 140 139 138 138 137 137 136 136 136 135 136 136 139 122 76 80 98 116 109 108 102 92 95 90 121 107 91 106 107 97 99 107 110 87 108 109 78 94 86 95 94 105 58 70 136 133 131 131 131 131 129 101 113
145 144 146 148 149 150 151 152 152 151 152 152 153 154 154 155 155 156 156 156 158 159 161 153 129 136 143 160 166 157 138 118 62 27 34 39 52 54 51 52 61 60 58 55 61 62 61 66 59 56 59 43 41 57 18 80 43 19 19 46 64 50 46 26 83 154 147 144 144 142 141 140 141 141 141 141 141 140 139 138 138 138 137 137 137 136 137 138 129 83 82 111 115 101 116 118 100 98 89 108 122 100 101 109 109 107 124 109 92 109 109 82 88 88 89 98 106 48 81 137 132 133 133 131 130 130 118 110
144 144 146 148 149 150 151 152 152 152 152 153 153 153 153 154 154 156 155 156 157 158 158 159 144 136 144 149 164 164 147 126 110 67 26 36 52 63 66 60 51 65 61 61 64 65 61 56 52 58 58 53 41 50 55 46 30 24 17 20 46 50 50 41 100 153 146 144 143 143 142 141 142 142 142 143 142 141 141 140 140 140 139 138 138 138 137 138 135 90 82 103 111 103 110 112 104 110 110 106 113 112 105 100 112 116 124 132 101 126 102 90 85 96 93 97 90 48 97 137 132 133 132 131 130 129 120 114
144 144 145 147 148 150 150 151 153 152 153 153 153 153 153 153 153 153 155 155 156 156 155 155 157 142 134 146 156 164 154 135 102 91 66 43 38 42 48 50 57 55 59 57 47 45 52 54 59 55 62 56 54 55 48 48 38 27 23 20 44 63 57 64 139 149 146 145 144 145 144 143 144 145 145 145 145 144 144 143 143 142 141 141 140 140 138 138 135 85 80 104 112 109 112 116 117 117 106 95 123 103 89 87 108 120 114 120 108 98 112 99 85 101 92 91 88 61 86 135 132 131 132 131 129 128 122 111
146 144 146 147 149 150 151 152 153 153 153 153 152 153 152 152 152 153 153 153 154 154 153 154 154 155 137 134 151 148 159 143 119 96 77 69 67 37 30 33 50 47 54 60 53 51 44 42 34 31 46 53 59 51 44 50 61 39 32 19 33 54 48 94 153 148 148 147 146 146 146 146 147 148 148 147 147 147 146 145 146 145 144 143 142 140 139 140 134 88 91 103 110 104 111 112 109 100 98 91 108 100 84 100 118 133 124 109 116 96 109 89 84 95 100 103 86 57 67 128 131 130 129 129 127 126 122 120
147 145 146 148 150 151 152 152 153 153 153 153 152 151 151 151 151 151 151 151 151 150 151 150 151 152 152 132 141 152 148 147 144 125 112 98 148 111 40 90 76 61 55 55 50 55 59 60 69 69 57 51 66 63 54 51 73 72 48 33 34 41 39 117 152 148 148 148 148 147 148 148 150 149 150 149 149 149 148 147 147 146 144 144 143 141 141 142 129 97 102 96 112 109 117 118 108 94 108 93 97 122 95 98 112 119 122 113 101 86 105 89 91 108 120 111 88 63 67 128 129 129 128 127 125 124 119 121
148 147 148 149 150 151 152 153 153 154 154 153 152 151 150 150 149 149 149 149 149 148 148 148 148 150 150 146 133 144 150 159 162 144 120 109 113 134 50 137 148 143 137 132 130 128 133 138 141 143 140 134 131 134 128 114 82 52 46 62 83 71 71 144 149 148 148 148 149 149 150 150 151 151 152 151 150 149 149 148 147 147 146 145 144 142 141 141 137 91 95 119 105 95 107 119 113 99 105 99 107 138 98 77 105 111 122 110 88 89 105 90 99 94 104 98 96 100 64 127 125 125 126 125 124 123 116 119
148 147 147 149 151 152 153 152 152 152 152 152 151 150 149 148 148 148 147 147 147 147 147 146 147 148 147 150 140 134 146 158 161 154 132 111 95 114 56 112 146 140 139 139 139 138 137 137 137 138 140 143 143 145 146 145 138 115 73 49 64 87 104 142 146 147 147 148 149 149 151 151 152 152 151 152 150 150 150 149 148 148 146 146 145 143 141 140 141 86 86 125 114 101 102 110 104 98 93 81 100 142 87 96 110 119 130 123 101 82 103 103 91 88 98 91 89 102 60 119 124 123 123 122 122 121 120 125
145 145 146 148 149 150 151 151 151 151 151 151 150 149 149 147 147 147 146 146 146 145 145 145 146 146 147 146 147 135 147 159 161 173 165 115 107 96 50 89 141 141 140 139 138 137 137 137 138 139 140 141 141 143 144 144 145 148 140 99 51 48 79 141 144 145 147 147 148 149 151 152 151 151 151 151 150 149 150 148 147 147 147 145 145 143 143 142 137 87 77 97 126 96 99 108 111 108 84 101 92 131 96 102 117 126 121 132 109 91 98 91 83 98 103 75 90 105 57 99 123 121 121 122 121 120 116 134
144 142 144 146 148 149 150 151 150 151 150 149 148 149 148 147 146 146 146 146 145 144 144 144 144 145 144 145 146 137 142 155 153 158 169 139 119 101 75 69 114 146 142 140 139 139 138 138 138 139 140 141 143 144 145 145 145 145 145 150 99 63 62 133 145 143 145 146 147 148 149 150 151 150 150 150 148 148 148 147 147 147 147 145 145 143 143 143 137 81 80 97 119 102 102 111 126 103 101 127 95 104 104 107 127 127 108 94 105 86 91 103 92 99 94 75 87 95 65 92 123 120 120 120 120 119 111 123
141 139 142 145 147 148 149 149 150 150 150 149 148 148 147 147 147 146 146 146 145 144 144 144 144 144 143 143 144 145 139 140 154 163 157 150 125 118 103 70 105 135 141 141 141 140 139 140 141 140 141 142 143 144 145 145 145 144 143 143 143 103 104 129 143 142 144 145 146 148 149 148 149 148 149 148 148 147 147 147 147 146 146 145 144 144 143 143 136 87 80 93 116 106 106 106 117 99 106 141 95 93 109 120 127 122 102 86 106 94 103 107 96 106 94 71 72 78 80 88 122 119 120 120 119 118 115 120
139 139 141 143 144 145 147 147 148 148 148 149 148 148 147 147 146 146 146 146 145 144 143 143 143 143 141 143 144 145 143 138 149 154 148 158 139 113 89 72 113 101 140 145 142 143 142 141 142 141 142 142 143 143 144 144 144 143 142 141 142 137 125 137 141 141 143 144 145 146 146 147 147 148 147 148 148 147 146 146 145 145 145 145 144 143 143 143 140 95 85 90 98 114 108 96 99 87 107 133 99 110 122 123 127 113 96 92 98 93 91 90 105 102 98 75 67 81 68 81 121 118 118 119 119 119 122 134
137 137 139 141 142 143 145 145 147 147 147 148 147 148 147 147 146 147 146 146 146 145 144 143 143 143 143 143 144 144 146 137 142 142 133 130 123 98 101 109 122 139 146 145 144 144 143 142 143 143 142 142 143 143 144 143 143 142 140 140 138 139 138 138 139 139 141 143 143 144 145 147 147 147 147 147 147 146 147 145 146 146 144 144 144 143 142 142 142 103 83 117 108 113 100 91 91 91 115 108 110 123 122 121 125 119 103 90 121 94 95 93 109 94 100 87 70 71 70 91 118 118 118 118 119 120 110 119
133 134 137 138 139 141 142 143 144 144 145 146 146 146 147 147 146 147 146 146 146 145 144 143 143 143 143 143 144 145 146 140 133 149 155 154 145 129 119 105 115 150 146 147 145 145 145 143 144 143 143 142 142 142 142 142 141 140 140 139 137 136 136 136 136 137 139 141 142 143 143 145 146 146 145 146 146 146 147 146 146 144 144 143 142 142 141 140 140 102 86 111 112 99 101 105 105 99 113 93 111 116 123 126 111 104 116 111 109 103 87 88 113 97 93 94 74 66 60 79 113 117 118 118 119 119 130 119
130 131 134 135 136 137 138 139 141 142 142 144 145 145 147 146 146 146 146 145 145 144 143 143 143 142 143 143 144 144 145 146 135 145 137 133 136 136 128 121 100 140 150 147 148 147 146 144 143 143 142 142 141 140 140 140 140 139 138 136 136 135 134 135 135 137 137 138 140 141 142 143 144 144 145 145 145 146 145 145 145 144 143 142 141 141 140 139 138 108 86 104 101 107 110 97 101 97 107 97 113 114 110 107 96 101 114 127 100 112 100 82 107 94 83 89 75 69 62 72 112 117 117 117 118 115 128 138
129 128 132 133 133 134 136 137 139 139 140 142 143 144 145 145 144 144 145 145 144 143 143 142 141 142 143 143 143 144 145 146 139 138 151 154 157 146 139 134 116 112 149 149 148 147 146 145 144 143 141 142 141 141 139 140 139 138 136 136 134 134 133 134 134 134 136 137 137 138 140 141 141 143 144 144 144 144 143 144 143 142 142 140 140 139 139 138 138 111 84 108 109 104 106 93 90 103 121 96 113 111 116 107 110 120 119 97 96 103 90 81 109 100 89 94 80 84 66 57 106 118 116 117 117 114 124 130
126 126 128 129 131 132 134 135 136 138 140 142 143 143 144 144 144 143 143 143 143 142 142 141 141 141 142 142 142 143 144 145 146 136 149 164 156 152 141 140 130 104 121 152 148 147 146 145 144 143 142 142 141 139 139 139 137 136 135 134 133 133 132 132 132 133 134 134 135 137 138 139 140 141 142 142 142 142 142 142 141 142 140 139 138 137 137 138 136 110 82 106 105 99 109 98 88 111 117 99 124 125 116 105 100 111 118 104 120 115 81 69 89 115 135 105 71 87 64 60 85 118 116 116 115 118 125 134
123 123 125 127 129 130 131 133 135 136 138 140 142 143 142 143 143 143 143 142 142 141 142 140 141 141 141 142 142 143 144 144 146 138 132 151 154 159 153 149 145 122 100 141 151 147 147 145 144 144 143 142 141 140 139 137 136 135 133 133 131 131 131 131 130 131 132 133 134 135 136 137 138 139 139 141 141 141 141 140 140 140 139 138 137 137 136 137 135 97 80 96 109 95 106 102 105 120 110 108 125 132 106 106 113 102 104 111 113 95 70 71 104 108 106 79 88 101 68 55 74 118 116 115 115 119 124 133
122 122 125 127 128 129 131 132 133 136 138 140 140 141 142 142 142 142 142 141 141 141 141 140 141 140 141 141 142 142 143 144 144 144 135 139 144 156 157 148 145 124 105 107 141 148 147 145 145 143 143 142 141 139 138 136 135 133 132 131 129 129 130 130 130 130 131 132 133 133 135 136 136 137 138 139 139 139 139 138 137 137 137 137 137 135 135 136 130 90 90 96 104 95 99 104 101 116 122 117 121 108 101 114 117 106 99 104 104 93 67 97 115 123 90 56 91 94 77 62 74 119 116 115 115 116 119 122
121 122 124 126 127 129 131 132 133 134 136 138 139 140 139 140 141 141 140 141 141 141 140 140 139 140 140 140 140 141 141 143 143 143 144 131 144 157 156 151 146 138 129 113 100 143 148 145 145 144 144 142 141 139 137 136 135 133 132 130 129 130 129 129 129 129 130 131 131 133 134 135 136 136 137 137 138 137 136 136 136 136 135 135 135 134 133 136 116 82 89 89 104 98 92 156 138 103 116 111 128 120 101 105 103 97 96 102 107 102 76 106 100 96 73 83 89 90 77 69 67 94 116 117 120 122 138 136
122 122 124 125 126 128 130 132 133 134 135 137 138 139 138 138 139 138 140 140 140 139 139 140 139 139 139 139 139 138 139 140 141 141 142 139 136 151 154 159 147 147 147 128 108 119 147 146 145 145 144 143 141 139 137 136 134 133 131 130 131 129 130 129 129 129 130 131 133 133 134 135 135 136 136 136 137 135 135 134 134 134 134 134 134 134 133 136 109 84 76 89 110 97 97 123 177 103 103 103 130 119 105 109 123 117 111 108 108 90 89 127 112 79 78 97 95 91 79 63 58 96 120 120 112 115 126 126
123 122 123 125 126 128 130 131 132 133 133 135 135 136 136 136 136 136 138 138 138 138 138 138 137 137 137 138 138 138 139 139 139 139 140 142 134 140 163 170 166 158 156 139 123 109 126 147 145 145 144 143 141 139 137 135 133 133 132 131 132 130 130 130 130 130 131 131 133 134 133 134 135 134 134 135 135 135 134 133 133 133 132 133 133 133 133 134 102 81 77 77 108 106 102 98 161 143 112 98 110 103 105 109 104 115 116 115 106 99 86 116 105 87 102 105 100 93 69 57 52 105 122 121 110 127 134 128
123 122 123 124 126 127 128 130 131 131 132 132 132 133 134 134 134 135 135 135 136 136 136 136 136 136 137 136 136 136 137 137 136 137 138 137 137 130 146 155 166 164 154 150 135 121 105 131 145 144 144 143 142 140 138 136 135 134 133 132 132 131 131 132 131 131 131 132 132 133 133 134 134 134 133 134 133 134 132 132 132 132 131 132 132 132 133 129 100 135 138 126 115 111 104 102 160 152 114 96 88 92 93 87 86 98 99 102 98 85 76 103 115 109 115 118 112 92 82 63 51 101 123 123 117 135 139 126
123 122 123 124 125 127 127 129 129 130 130 130 130 131 132 132 133 134 133 133 134 135 134 135 135 135 136 136 136 136 135 135 134 135 135 134 134 134 130 143 157 164 159 162 138 121 110 102 133 144 143 143 142 141 139 137 136 135 134 133 133 133 132 133 133 132 132 133 133 133 133 134 134 134 134 134 134 133 133 132 132 131 130 130 131 131 133 123 77 91 141 140 116 110 131 149 187 171 116 103 98 87 82 92 79 60 78 101 100 95 77 82 105 104 115 114 111 103 92 54 38 94 126 119 120 133 135 127
124 123 123 124 126 126 127 128 128 128 128 129 128 130 131 131 132 132 132 133 134 134 135 135 136 135 135 135 135 134 135 134 134 133 132 132 132 132 132 134 126 138 158 162 150 135 128 108 109 140 144 143 142 142 141 139 137 136 135 135 134 133 133 134 134 133 133 134 134 134 134 134 133 134 135 133 133 132 131 131 131 130 129 129 130 129 134 114 73 67 78 112 133 119 127 131 173 125 99 90 83 77 76 70 73 73 66 69 81 83 72 78 82 88 92 91 110 101 98 58 38 104 126 112 125 136 128 123
124 124 125 126 126 126 127 127 128 127 128 128 128 129 131 131 131 132 133 134 134 135 135 136 136 136 135 135 134 134 133 132 131 131 131 131 131 131 132 129 125 157 149 142 166 171 140 121 105 109 140 143 142 141 141 139 138 137 136 136 135 134 134 135 134 134 134 135 135 135 135 134 133 134 134 133 133 135 140 129 131 129 128 129 129 129 132 116 105 87 72 69 106 128 139 159 122 90 78 79 84 71 63 72 71 83 76 51 54 61 61 79 63 70 88 100 105 103 90 63 52 121 118 103 118 136 129 121
126 126 127 127 127 127 127 127 127 127 127 128 129 130 130 131 132 132 133 135 135 136 137 136 136 135 135 135 134 133 132 132 131 130 130 130 130 131 131 132 135 149 157 162 156 168 157 131 118 104 114 142 142 141 140 140 139 137 137 136 135 136 135 135 135 135 136 136 136 135 136 134 134 134 134 134 134 129 147 147 128 129 128 128 128 129 132 141 134 96 79 74 90 84 109 123 110 73 49 95 105 108 68 80 73 66 65 65 62 51 60 72 51 60 71 78 93 72 59 57 36 95 113 115 111 115 116 102
129 128 129 128 128 129 127 127 127 128 128 128 129 130 130 131 132 133 134 135 136 136 135 135 135 135 135 133 133 131 130 131 130 130 131 130 130 131 133 133 131 132 145 165 179 171 165 142 131 120 103 113 141 140 141 140 139 138 138 137 136 136 136 136 136 136 137 137 137 136 135 135 135 134 134 131 127 128 109 157 138 134 132 134 132 136 126 120 124 118 133 95 85 103 115 116 103 84 30 66 109 107 96 80 72 66 63 68 71 58 55 58 47 46 55 68 81 51 46 45 36 90 119 135 149 131 124 92
131 129 130 130 130 130 129 128 128 128 129 129 130 131 131 132 133 133 135 136 136 136 136 136 135 135 134 133 132 131 130 130 130 130 131 130 131 132 133 134 133 133 133 146 168 193 168 172 157 127 128 109 124 141 140 139 139 137 137 138 138 137 136 137 137 137 138 137 138 140 142 133 131 129 128 121 132 147 120 127 160 138 131 140 150 133 112 127 114 110 131 124 91 111 111 111 108 76 69 66 80 93 103 86 79 77 63 66 67 55 53 56 51 55 70 67 59 48 36 71 79 100 123 128 141 124 125 112
132 131 132 131 131 131 130 130 129 130 130 131 131 131 132 132 133 134 136 137 137 137 136 136 135 135 134 134 133 132 132 131 132 131 131 131 132 133 133 134 134 133 133 130 150 170 175 178 176 141 140 137 115 125 141 139 138 138 139 139 138 137 138 138 138 138 139 145 147 138 145 132 124 119 119 121 124 131 123 135 155 172 143 146 139 112 127 131 96 95 116 129 121 115 104 93 87 93 104 79 63 84 90 73 77 77 67 65 59 61 62 61 69 72 63 52 48 35 76 71 100 146 131 140 140 135 119 116
133 131 132 132 132 131 131 131 131 131 131 132 133 133 135 134 134 136 136 138 138 138 138 137 137 136 136 134 134 133 134 133 132 131 131 131 133 132 133 133 133 133 133 133 134 150 151 157 148 162 147 126 119 111 123 141 138 139 139 138 139 144 140 140 142 136 133 124 123 122 107 92 74 80 82 95 81 94 133 138 151 140 164 165 133 128 148 90 93 99 119 120 151 126 120 101 88 80 97 104 87 97 93 79 75 75 69 69 66 67 63 55 58 72 77 80 86 84 89 34 114 165 152 133 129 122 104 123
132 132 131 132 132 132 131 132 131 132 133 133 134 135 137 136 137 138 139 140 140 140 140 139 138 137 137 136 137 136 135 135 134 133 132 132 132 132 132 132 133 134 134 136 133 134 139 152 149 141 124 125 117 121 115 134 139 138 137 140 140 143 134 135 130 115 96 95 110 103 109 100 89 84 87 75 78 122 121 140 143 130 114 129 165 159 94 80 103 155 124 102 163 117 90 69 67 79 75 81 95 99 89 85 81 73 77 79 70 70 55 49 36 59 97 105 122 120 94 72 123 135 163 145 140 112 112 127
132 132 133 133 133 133 132 133 133 133 134 135 135 136 136 137 139 140 142 141 141 142 141 142 141 141 140 140 139 138 138 136 135 134 134 134 133 133 132 133 134 134 135 136 135 132 136 141 129 133 152 148 141 127 110 111 135 140 139 143 142 132 120 132 125 93 98 94 103 80 102 104 107 102 81 68 85 128 124 149 141 121 108 122 102 127 155 151 152 165 124 118 157 98 80 71 81 95 80 69 85 90 83 77 72 61 52 56 49 57 66 80 73 90 106 115 106 120 129 116 143 143 157 157 150 110 117 127
133 133 134 134 134 133 133 133 133 133 134 135 136 137 138 139 139 141 142 143 143 144 143 143 143 142 142 143 142 140 139 139 138 137 136 134 135 134 134 134 135 136 135 136 136 137 129 128 139 174 178 158 131 119 123 105 116 137 141 142 135 114 100 90 90 111 111 77 90 75 81 83 92 82 81 93 116 117 141 152 147 129 101 101 90 104 130 160 168 152 153 169 149 91 86 71 68 91 87 61 72 79 71 60 49 45 33 41 62 79 98 115 103 104 118 104 104 110 121 112 133 131 163 174 120 108 116 126
134 133 134 134 134 134 133 132 134 134 134 134 135 137 138 139 139 141 142 142 144 145 145 144 144 144 145 144 144 142 142 142 141 141 139 138 138 137 137 136 137 136 135 136 135 135 135 134 137 183 150 145 157 158 160 126 114 111 131 123 112 106 97 84 83 87 102 80 89 83 81 87 82 78 100 122 115 111 143 149 144 134 116 87 87 95 125 133 150 142 124 129 136 118 110 79 55 71 82 43 51 72 58 76 75 85 105 112 104 111 112 109 108 98 112 109 119 131 121 117 144 157 193 155 110 102 126 125
135 135 134 134 135 134 133 133 133 133 133 134 134 135 137 138 139 140 141 142 143 144 144 145 145 145 146 146 146 146 145 144 144 144 143 143 141 141 140 139 139 137 137 135 135 134 133 133 135 159 150 146 162 154 166 133 119 103 115 115 118 128 119 108 91 81 86 100 125 108 70 74 79 100 126 121 121 123 136 143 142 146 132 105 108 86 116 137 148 153 132 113 135 114 129 129 101 93 101 91 114 133 147 152 156 165 184 145 110 143 115 119 131 125 129 152 134 140 127 118 107 154 156 137 109 116 127 125
135 135 135 135 134 134 133 133 132 132 132 132 133 134 135 136 137 139 139 140 141 142 143 144 146 145 146 147 148 147 146 147 147 146 145 145 145 144 143 142 140 139 137 137 135 134 133 132 132 140 148 135 138 151 155 139 141 129 104 125 113 112 99 114 106 97 92 103 104 114 110 112 119 128 138 135 130 133 133 138 134 139 133 131 143 145 145 146 146 152 156 148 150 150 169 158 136 143 148 136 161 181 183 180 161 134 145 126 113 132 114 107 112 117 132 141 107 80 112 91 119 159 150 136 104 118 125 123
136 134 135 134 134 133 132 132 131 131 132 132 132 133 133 134 134 135 137 138 139 140 142 143 144 145 146 147 149 148 148 149 149 148 148 147 147 146 145 144 142 141 139 138 136 135 134 133 133 132 137 152 152 160 161 161 144 125 117 126 129 103 104 103 116 123 126 138 130 113 104 108 115 121 138 138 130 139 145 153 153 153 161 162 174 176 182 191 188 171 174 179 186 191 182 176 157 130 165 198 202 240 210 199 167 166 138 125 92 86 86 86 81 104 108 85 69 79 108 99 128 148 136 125 101 124 123 122
137 136 136 135 135 134 132 133 131 131 130 130 131 130 131 131 132 133 134 136 136 137 139 141 143 145 146 146 147 148 148 149 149 150 149 148 148 148 147 146 144 141 141 139 137 136 135 135 134 133 133 140 144 147 170 159 148 113 91 99 111 97 79 68 71 67 98 79 69 78 94 105 121 122 120 134 152 162 168 159 148 152 162 158 164 166 169 155 161 181 196 202 181 175 168 167 157 150 166 221 210 191 167 133 176 156 84 83 71 67 70 81 94 93 99 102 107 72 117 117 119 139 138 115 108 125 123 121
138 138 137 137 136 135 133 133 131 130 130 129 129 128 129 129 130 131 132 133 133 135 137 139 142 143 145 145 147 147 148 149 150 149 149 150 150 149 149 147 146 143 141 140 138 136 137 136 135 135 134 135 131 137 152 159 154 148 100 104 89 69 80 115 79 72 79 108 108 94 102 121 142 139 140 153 170 177 177 162 182 183 190 160 157 173 166 166 173 183 173 168 174 169 158 138 149 149 191 182 157 153 149 156 178 101 65 75 86 76 90 114 115 103 78 69 64 76 106 127 138 142 141 113 108 123 121 121
139 139 139 138 137 135 135 133 131 129 128 128 128 127 128 127 128 128 129 130 132 133 134 136 139 140 142 143 145 146 147 148 149 149 150 150 151 149 150 147 146 143 142 141 140 137 137 137 137 136 136 137 130 123 142 140 152 145 128 107 109 87 124 97 85 83 100 148 138 117 123 129 140 134 135 133 156 182 184 179 175 175 233 189 163 183 205 179 189 192 182 163 170 149 152 137 128 142 176 144 120 108 147 194 184 103 115 121 103 96 101 90 63 92 104 69 64 76 96 134 152 141 134 104 115 122 120 120
140 139 139 138 137 135 135 133 131 129 128 128 127 126 126 126 126 126 127 127 129 130 131 134 135 138 140 142 144 145 145 147 148 149 150 151 151 150 149 148 146 145 143 141 139 138 138 137 136 137 137 137 136 122 140 141 150 175 154 131 136 136 129 112 96 69 72 78 144 150 113 127 178 169 141 153 159 184 191 159 152 177 215 173 167 171 174 176 172 182 190 161 155 172 170 146 149 134 134 135 116 93 163 184 132 103 127 106 106 97 104 105 104 123 108 73 75 66 125 182 141 139 128 97 121 120 119 119
139 139 140 139 138 136 135 133 131 130 129 127 126 125 125 125 125 124 125 126 126 127 128 130 132 135 137 140 141 143 143 145 147 148 149 150 149 150 149 149 147 145 144 142 140 139 138 138 137 136 136 137 136 136 137 138 155 166 161 148 133 142 102 116 146 129 106 88 142 161 67 85 105 151 143 113 113 124 150 175 172 165 163 177 173 172 167 169 161 176 182 151 146 154 141 139 122 146 141 124 108 108 142 149 86 79 101 98 104 109 102 120 115 97 82 97 103 88 149 167 154 151 125 102 122 118 118 117
140 139 139 138 137 137 136 134 132 131 129 127 126 125 124 123 123 123 123 124 124 124 126 128 130 133 135 137 139 140 142 143 146 146 147 149 149 149 149 148 147 146 144 143 141 140 139 138 138 137 137 136 135 134 133 139 153 156 150 158 156 128 137 133 120 141 165 135 121 148 109 102 94 80 92 112 124 117 121 154 140 129 133 124 132 140 150 160 159 160 139 149 160 160 135 128 138 126 117 130 138 136 126 142 135 122 124 135 138 155 116 137 122 94 96 89 85 122 177 159 168 170 127 104 121 117 116 116
141 139 139 139 139 138 136 135 134 132 131 129 127 124 123 123 122 123 122 123 123 124 124 126 128 131 133 135 136 138 140 142 143 144 146 146 146 147 147 147 147 145 143 143 141 140 139 138 137 136 137 136 135 134 135 132 143 162 162 154 164 146 149 133 141 125 123 116 120 129 147 136 139 137 127 105 129 129 125 155 145 119 119 115 107 100 103 116 130 164 170 164 153 160 144 159 135 112 111 154 153 134 146 136 144 150 150 137 121 138 98 119 122 93 69 81 112 110 177 197 184 150 111 109 120 117 116 115
141 141 140 140 140 138 138 136 135 134 132 130 128 125 124 123 122 122 122 122 122 124 124 125 126 130 131 133 135 135 137 139 139 142 145 144 145 146 146 146 145 144 142 142 140 139 138 138 137 135 136 136 135 134 134 134 136 151 163 162 195 169 157 132 126 133 122 119 118 108 152 150 130 142 166 168 173 184 177 183 201 159 140 136 128 126 136 155 151 143 146 133 143 143 141 132 141 165 169 159 147 188 203 161 134 111 101 83 103 110 105 128 113 104 110 114 98 141 170 175 160 116 103 114 118 116 114 113
143 141 141 141 140 139 139 138 136 135 132 131 129 127 125 124 124 123 123 123 123 124 125 126 127 129 131 132 133 134 135 137 138 140 142 142 143 144 144 144 143 143 141 140 139 139 138 136 136 135 134 135 134 134 134 134 134 133 142 174 197 137 155 140 124 136 100 105 119 108 114 173 133 126 138 161 156 146 141 174 187 197 191 207 182 191 190 193 192 182 173 151 140 145 138 135 150 187 174 155 167 185 182 171 116 106 112 113 123 121 124 131 129 128 118 97 112 153 147 149 126 107 101 116 116 115 113 112
143 142 141 140 140 139 138 137 136 135 133 131 128 127 127 125 125 125 125 125 124 125 125 126 127 128 129 131 131 131 133 134 136 138 139 140 142 142 143 142 142 141 141 139 138 138 137 135 135 134 134 134 134 134 134 134 135 133 131 157 190 138 159 171 123 135 102 79 117 118 125 121 148 116 116 134 129 127 111 124 126 151 133 144 157 166 177 173 171 171 161 151 146 156 158 141 175 187 178 171 175 196 174 161 122 116 114 143 147 155 131 124 123 111 101 118 134 102 119 139 106 101 104 116 115 114 113 112
144 142 141 141 140 139 138 136 135 134 134 132 130 129 128 126 127 126 127 126 126 127 127 128 127 129 129 130 130 131 132 132 134 136 138 138 140 140 141 141 140 140 140 138 136 137 136 135 134 133 134 135 135 135 136 135 137 138 132 146 176 144 172 177 134 150 112 80 98 84 103 95 107 135 114 114 118 101 120 133 105 122 134 111 113 114 129 147 143 160 164 162 149 164 146 144 178 181 162 124 157 179 153 137 123 138 148 137 130 119 122 110 102 93 102 123 113 100 113 110 89 87 103 116 115 113 113 112
144 142 142 141 139 138 138 136 134 134 134 133 131 130 130 128 128 128 127 127 128 128 128 128 129 129 128 129 130 130 131 132 134 135 135 137 138 138 138 139 138 139 139 137 137 136 136 134 134 134 135 134 135 136 137 136 138 138 138 128 137 140 149 170 150 135 133 133 132 91 119 106 90 128 116 86 102 112 122 152 154 147 176 124 134 148 136 144 145 168 165 145 139 141 141 156 190 179 189 183 160 155 130 124 133 117 109 130 124 117 127 101 106 119 124 109 89 109 110 92 103 87 110 116 114 113 112 111
143 142 141 139 138 138 137 136 135 135 134 133 132 131 132 130 130 129 129 129 129 128 128 129 129 129 130 130 129 129 130 131 132 133 134 135 135 136 136 136 137 138 137 136 136 135 135 134 134 135 134 135 135 136 137 137 138 138 139 133 130 141 151 177 152 140 165 181 171 134 119 125 130 120 152 112 95 110 146 157 160 199 182 151 145 139 137 144 148 150 147 145 152 138 143 169 173 176 150 199 182 121 139 131 148 121 113 129 133 124 106 107 92 102 113 95 80 144 124 90 110 88 117 114 114 114 113 112
141 141 140 139 139 139 137 137 136 136 135 134 134 134 132 131 130 131 130 129 129 130 130 130 129 130 130 130 130 130 130 131 131 131 133 133 133 134 134 134 135 135 135 135 135 134 135 134 134 134 134 135 135 136 137 136 137 137 138 139 132 156 174 159 155 153 155 158 138 104 94 131 130 102 120 138 108 104 141 192 188 173 195 177 139 142 142 138 130 168 166 163 178 153 156 163 159 165 184 171 156 144 175 175 152 105 112 117 120 113 106 113 94 96 100 92 90 149 111 83 95 104 117 115 115 114 113 112
140 138 138 139 139 138 138 137 136 136 136 134 134 134 132 132 131 132 131 131 131 131 131 131 131 131 131 130 130 130 130 130 130 131 132 132 132 133 132 133 134 133 134 134 134 134 134 133 134 134 135 134 135 135 136 137 137 137 138 140 129 161 195 165 167 151 163 171 149 103 71 86 115 127 110 131 138 105 110 133 162 152 198 241 194 199 207 180 181 196 159 152 199 169 143 146 151 163 187 174 137 120 148 180 157 118 104 127 101 107 116 115 77 110 93 69 104 141 104 85 91 110 116 115 115 114 115 114
138 138 137 139 138 138 137 137 136 136 136 135 134 134 133 132 132 132 132 132 132 132 132 132 132 133 132 132 131 130 130 131 131 130 132 131 132 133 133 133 133 132 134 133 133 134 134 134 134 134 134 134 135 134 136 137 138 139 139 140 140 138 151 165 156 140 134 149 121 127 101 81 114 124 118 138 175 144 148 151 105 115 182 228 219 189 131 113 149 149 126 123 135 159 169 162 174 205 219 213 159 116 146 149 127 121 108 126 92 104 111 77 67 127 96 98 119 133 98 89 82 108 116 114 115 115 115 114
138 138 138 137 138 138 138 138 137 136 136 135 134 134 133 133 133 132 133 133 133 133 133 134 133 134 134 134 133 132 131 132 131 131 133 132 133 133 133 133 133 133 133 132 133 134 134 134 134 134 135 135 135 135 137 137 138 138 139 140 140 142 140 135 157 135 111 130 126 139 118 107 110 116 110 119 167 223 191 120 107 111 128 131 183 246 193 186 194 150 102 113 130 154 182 131 188 209 202 182 134 135 151 143 96 100 100 128 137 94 96 76 107 132 102 141 136 129 97 85 90 109 115 114 115 114 114 114
138 139 139 139 139 139 140 138 138 137 136 135 135 134 134 134 133 134 134 133 134 135 134 134 134 135 135 134 134 133 132 133 131 133 133 133 134 134 133 134 134 133 134 134 134 134 135 134 134 135 135 135 135 137 137 138 138 138 139 141 141 142 142 141 132 151 123 121 123 121 117 112 100 107 123 118 110 158 133 129 136 127 118 116 117 177 195 200 178 142 134 130 171 149 141 148 149 155 170 148 134 151 152 142 102 150 163 144 119 109 105 121 116 116 100 130 162 125 116 88 86 115 115 114 115 114 114 114
137 139 139 140 140 140 139 139 139 137 137 136 136 134 134 134 134 135 135 135 135 136 136 136 135 136 136 135 135 134 134 134 134 134 135 135 135 135 135 135 135 135 135 135 134 134 135 136 134 136 135 134 135 136 137 137 138 138 139 140 140 142 142 143 128 138 127 93 113 129 116 115 111 150 134 140 133 158 152 169 191 196 189 184 154 121 118 163 135 145 141 149 143 138 133 127 118 131 150 138 124 166 171 112 97 129 146 98 123 121 110 105 105 105 99 141 144 113 108 84 83 114 114 114 114 114 114 113
137 138 139 140 141 141 141 141 141 139 138 137 136 136 135 136 136 135 136 136 136 136 136 136 137 136 136 136 135 136 135 135 135 135 136 136 136 137 137 137 136 137 136 135 136 135 135 134 134 134 135 135 136 136 137 138 138 138 139 140 140 141 143 145 136 122 111 101 116 125 136 115 129 149 169 127 167 130 169 153 132 170 195 194 171 160 102 134 122 150 142 142 128 128 130 128 129 131 158 118 120 140 159 103 88 98 120 118 152 118 90 92 105 129 96 117 142 128 83 94 78 116 114 113 113 114 113 112
138 138 139 140 141 141 142 142 141 140 140 138 138 137 137 136 136 136 136 136 137 137 137 138 138 138 137 137 136 136 136 136 137 137 137 137 138 138 139 139 138 136 136 136 136 136 135 134 134 134 135 135 136 137 137 138 138 138 139 140 141 142 142 144 140 134 117 109 124 113 142 126 114 116 145 115 108 98 100 95 92 133 120 135 123 147 125 123 114 128 138 122 124 122 129 123 133 131 134 165 140 127 161 106 77 93 118 125 108 81 110 76 98 141 91 118 158 129 90 79 96 115 113 113 113 113 112 113
138 138 139 140 141 140 141 142 141 141 140 139 138 138 137 137 137 137 138 137 138 139 138 139 139 140 139 138 138 138 138 138 138 139 140 140 140 140 140 140 139 138 138 137 136 136 135 135 134 134 136 137 137 137 138 139 139 139 139 140 141 141 142 143 143 145 135 103 140 136 169 174 166 133 113 112 125 107 111 116 112 118 131 144 158 187 158 137 123 147 153 123 132 119 120 137 143 129 138 166 150 130 99 73 67 118 138 137 102 95 142 107 122 97 99 128 143 113 97 84 101 104 114 113 113 112 111 111
137 138 138 140 141 140 141 140 140 140 140 140 138 138 138 138 137 138 138 138 139 141 140 141 141 141 142 141 140 139 141 141 141 140 142 141 142 141 142 141 139 139 139 137 138 137 136 136 135 135 136 137 138 138 140 139 139 139 138 139 140 140 142 143 142 151 138 124 114 133 136 145 115 119 104 87 106 115 122 117 139 139 141 156 135 120 117 136 134 160 161 142 119 119 130 154 151 139 134 137 150 142 99 92 114 128 159 145 101 81 109 105 125 109 103 118 141 106 93 80 102 113 114 113 112 112 112 111
137 138 138 139 140 140 139 139 141 140 139 139 139 139 139 138 139 139 140 141 141 142 143 142 143 143 143 144 143 142 142 141 142 143 143 143 144 143 142 142 141 140 138 138 138 138 137 137 136 136 136 137 138 138 139 139 138 139 139 140 139 140 140 142 143 143 137 146 125 112 92 119 113 93 116 78 69 106 127 135 133 117 131 124 142 122 94 126 166 171 130 137 136 127 131 131 148 135 141 149 152 148 116 105 112 126 133 109 90 93 107 111 146 102 89 126 120 99 81 91 115 115 113 114 113 111 111 111
