31 32 33 33 33 34 33 33 34 34 34 35 35 35 35 36 35 35 36 36 35 36 36 36 36 37 37 37 37 37 37 37 37 37 38 38 38 38 38 39 38 38 38 38 39 39 39 40 39 39 39 39 40 40 40 40 40 40 40 40 40 40 40 40 40 40 41 39 39 41 40 40 40 40 39 39 40 40 40 40 40 40 40 40 40 40 40 39 39 39 39 40 40 40 39 39 39 39 39 38 39 39 38 38 38 38 37 37 38 38 37 37 37 37 36 36 37 34 36 67 133 146 158 107 95 109 99 44
33 32 33 33 35 34 35 35 34 35 35 35 36 35 36 37 36 36 37 37 37 37 37 37 38 38 38 37 38 38 38 38 39 38 39 39 39 40 40 39 39 39 39 39 39 40 41 40 40 41 41 40 41 41 42 41 41 41 41 41 42 42 42 41 41 41 41 41 41 41 41 41 41 41 40 41 42 41 41 41 41 41 41 41 41 41 41 41 40 41 41 40 41 40 41 40 40 40 39 40 39 40 39 39 39 39 39 39 39 39 39 38 39 38 37 37 35 49 112 120 124 154 159 99 103 122 99 18
33 33 34 34 35 35 35 36 36 36 36 36 37 37 37 37 37 37 38 38 38 38 39 38 38 38 39 39 39 39 39 39 40 40 40 41 40 40 41 41 41 41 41 40 41 42 42 42 41 42 42 41 42 43 42 42 43 43 43 42 43 43 42 43 43 42 42 42 43 42 42 42 42 42 42 43 43 42 42 42 42 42 42 42 42 42 42 42 41 42 42 42 42 41 41 41 41 41 41 40 41 41 41 41 40 40 40 40 40 40 40 39 39 39 39 40 33 85 142 146 136 138 155 90 87 121 84 19
34 34 35 35 36 36 36 36 37 36 37 38 38 39 39 39 39 39 39 39 39 40 40 40 39 39 40 40 40 41 41 40 41 41 41 41 42 42 42 42 42 42 41 42 43 43 43 43 43 43 43 43 44 44 43 43 44 44 44 44 45 44 44 43 44 44 44 43 44 44 44 43 44 43 43 44 44 43 43 43 43 44 43 43 43 43 43 43 43 43 43 43 43 43 43 43 43 42 42 41 42 41 41 42 41 41 41 41 41 41 40 40 41 41 41 41 35 95 106 127 161 183 127 113 145 106 42 33
35 35 36 36 37 37 38 38 37 37 38 39 39 39 40 40 40 40 40 40 40 40 41 41 41 41 41 42 41 42 41 42 42 42 43 43 43 43 43 43 43 43 43 43 44 44 44 45 44 44 44 44 45 44 45 45 44 45 45 45 46 45 45 45 45 45 45 45 45 45 45 45 45 45 45 45 45 45 45 45 45 44 45 45 45 45 44 44 44 44 44 44 44 44 44 44 45 44 43 43 43 43 43 43 43 42 43 43 42 42 42 41 42 41 41 40 44 76 81 132 161 162 127 107 95 82 23 60
36 36 37 37 38 38 39 39 38 38 39 40 40 40 40 41 41 41 41 42 41 41 42 42 42 42 43 43 43 43 43 43 42 44 44 44 43 43 44 44 44 44 45 44 45 45 45 45 45 45 45 45 46 46 46 47 47 46 46 47 47 47 46 47 46 46 47 46 46 47 46 46 46 46 46 45 46 47 46 46 46 46 46 46 46 46 46 46 46 46 46 46 46 46 46 46 45 45 45 45 45 44 44 44 43 43 43 43 44 44 44 43 43 42 42 42 43 100 136 125 124 145 134 80 135 102 42 114
37 37 38 39 39 40 40 40 40 40 41 41 41 42 42 42 42 43 43 42 43 42 43 43 43 44 44 44 44 44 44 44 44 45 46 45 45 46 46 46 45 45 46 46 47 46 47 47 47 47 46 47 47 48 48 47 47 48 48 48 48 48 48 48 48 48 49 48 47 48 48 48 48 47 47 48 48 47 47 47 48 47 48 47 47 47 48 47 47 47 47 47 46 47 47 47 47 46 47 47 45 46 46 46 46 44 45 45 44 44 45 44 44 44 44 39 82 131 115 151 167 138 73 71 122 109 42 133
38 38 39 40 40 41 41 41 40 41 41 42 43 42 43 43 43 43 44 44 43 43 45 44 45 45 46 46 46 46 46 46 46 46 47 46 46 47 47 47 47 46 48 48 48 48 48 48 48 48 48 48 47 49 50 49 49 49 49 49 49 49 49 49 50 49 49 49 49 49 49 49 50 48 48 48 49 48 48 48 49 49 49 48 48 48 49 49 48 48 49 49 48 48 48 48 48 48 47 48 47 47 47 47 47 46 46 46 47 46 46 45 46 45 45 42 70 125 130 129 113 128 95 137 131 79 64 140
39 40 40 41 41 42 43 43 42 43 43 43 44 44 44 44 45 44 45 45 45 45 45 46 46 46 47 47 47 46 47 47 47 47 47 47 48 48 48 48 48 48 48 48 49 49 50 49 49 49 50 49 49 51 50 51 51 51 51 51 51 51 51 52 51 51 51 51 51 50 50 50 50 49 49 50 50 50 49 49 50 49 49 49 49 50 50 49 49 49 49 50 49 50 50 49 48 49 49 49 48 48 48 48 47 48 47 48 47 47 47 47 47 46 46 45 49 118 129 109 83 80 97 119 60 23 110 115
40 40 42 42 43 43 43 44 44 44 44 44 45 45 46 45 46 46 47 47 47 46 47 47 47 47 48 48 48 47 48 48 48 49 49 49 49 50 50 50 50 50 49 50 50 51 51 51 52 51 51 51 51 52 52 52 52 52 52 52 52 52 53 52 53 52 52 53 51 52 52 52 51 51 51 51 51 51 51 51 52 50 51 51 50 51 51 51 51 51 50 51 51 51 51 51 50 50 51 50 49 49 49 50 49 49 49 48 49 48 48 48 48 48 48 45 66 130 143 101 87 104 114 59 12 30 155 130
42 43 43 43 44 45 45 45 46 45 46 46 46 47 47 47 47 47 48 48 47 48 48 49 48 49 49 49 49 49 49 50 50 50 50 50 50 51 52 51 51 51 51 51 52 52 53 52 53 52 52 53 52 53 53 53 54 54 53 53 54 53 53 53 54 53 54 54 54 53 53 53 52 53 52 53 53 52 53 53 53 52 52 52 53 53 53 53 53 53 52 52 53 52 52 52 52 51 51 51 51 51 51 51 51 50 50 50 50 49 50 49 49 49 49 47 57 142 112 47 72 99 89 23 8 77 173 164
44 44 44 45 45 46 46 46 47 47 47 47 48 48 48 49 49 49 49 49 49 49 49 50 49 50 50 50 50 51 51 51 51 52 52 52 52 52 52 53 53 53 52 52 53 54 54 54 54 53 54 54 54 55 55 55 55 55 55 55 55 55 55 54 55 54 55 55 55 55 54 55 54 54 54 54 54 54 55 54 54 54 54 54 54 54 55 54 54 54 53 54 54 54 54 54 53 53 53 52 52 53 52 52 52 52 52 51 51 51 51 50 50 50 50 48 61 148 138 98 92 93 55 14 16 134 168 168
45 44 44 44 46 49 48 47 48 48 48 49 49 49 49 50 50 51 51 51 51 51 51 51 51 51 51 52 52 52 53 52 53 52 53 53 54 54 54 54 54 54 54 53 55 55 55 55 55 55 55 55 56 56 56 56 56 56 56 56 56 56 56 56 57 56 56 56 56 56 56 56 57 56 55 56 55 56 56 56 56 56 56 55 55 55 55 56 56 55 55 56 55 55 55 54 55 54 54 54 54 54 54 54 54 53 53 53 53 52 52 52 52 51 51 46 84 135 117 98 88 72 29 12 42 156 155 158
47 47 58 72 65 37 50 51 48 50 50 50 51 51 51 51 53 53 53 52 52 53 52 53 53 53 53 53 53 54 54 54 54 55 54 54 55 55 56 56 57 56 55 56 56 56 56 57 57 57 56 57 58 57 58 58 58 58 58 58 57 58 58 57 58 57 58 59 58 58 58 57 57 58 57 57 56 57 57 57 57 57 57 57 56 57 57 58 57 57 55 57 57 57 57 56 56 55 55 55 56 55 56 56 55 55 54 54 54 54 54 54 53 54 53 51 135 162 130 112 90 55 24 8 77 169 147 141
23 52 73 90 74 11 27 58 80 46 53 50 52 52 52 52 54 54 54 54 54 54 54 54 54 54 54 55 55 55 55 55 55 56 56 56 56 57 57 57 58 57 57 57 57 58 57 58 58 59 58 58 59 58 59 60 59 60 60 59 59 59 59 59 60 59 59 59 58 59 59 59 59 59 58 59 59 58 58 58 59 58 58 58 58 58 58 59 59 58 58 59 58 59 58 57 58 58 58 58 57 56 57 57 56 56 56 56 56 56 55 55 56 55 50 93 183 159 133 93 72 31 23 11 109 147 158 148
11 40 81 110 61 14 13 36 81 22 38 77 64 63 58 58 54 55 55 56 56 55 55 54 54 55 56 56 57 57 56 56 56 57 57 58 58 59 59 59 61 58 58 57 60 60 59 60 60 61 60 60 61 60 61 61 61 61 62 61 61 60 60 61 61 60 61 60 61 61 60 61 61 60 60 60 60 60 60 60 60 60 60 59 59 60 59 60 60 59 60 61 60 60 59 60 60 60 60 59 59 58 58 57 57 58 57 58 58 57 56 56 56 56 51 109 179 132 74 27 21 65 67 8 101 144 162 158
11 52 111 104 68 27 17 31 33 27 14 28 26 52 49 97 47 62 70 63 58 55 58 70 59 55 57 58 58 59 58 57 56 59 58 60 61 57 61 56 48 57 61 60 60 60 61 61 62 60 61 62 62 62 62 63 62 63 63 63 63 62 62 62 62 61 62 62 62 62 62 62 62 62 62 62 62 61 62 61 62 61 61 61 61 62 62 61 61 62 61 62 62 62 62 62 62 61 61 60 60 60 60 60 59 59 60 60 59 59 59 58 58 58 52 100 178 123 60 15 43 139 46 5 113 149 136 120
11 44 80 109 73 48 12 42 13 15 16 44 19 6 59 89 59 55 64 78 44 81 80 95 56 54 54 58 55 56 55 66 75 59 67 69 53 59 43 33 26 27 28 42 67 62 68 73 65 79 68 63 64 63 64 65 65 64 64 64 65 64 64 64 64 64 64 64 63 64 64 63 63 63 63 64 63 63 64 63 64 63 63 63 62 63 63 63 63 63 63 63 63 63 63 63 62 63 62 62 62 61 61 61 61 61 61 61 60 61 60 60 60 58 54 104 112 61 19 13 44 110 21 42 99 143 136 138
10 48 82 133 83 42 9 74 46 28 14 20 16 10 94 84 67 39 20 21 20 96 88 75 31 84 57 71 139 127 113 117 75 20 79 39 72 63 51 54 47 25 46 25 25 60 73 58 56 100 63 59 69 76 65 63 68 66 67 67 66 66 66 65 65 65 66 65 66 66 66 65 66 65 65 65 65 66 65 65 65 65 65 64 64 65 65 65 65 65 65 65 65 65 65 65 64 64 64 64 63 64 63 62 63 62 63 63 62 63 62 61 61 60 58 76 37 22 20 33 146 132 90 31 87 144 142 137
10 58 47 79 90 30 25 74 36 26 32 25 25 27 88 62 65 17 25 17 39 58 86 100 49 95 88 82 61 113 121 44 41 116 66 44 94 64 92 71 49 34 49 20 12 83 84 30 47 59 65 72 90 52 60 37 63 73 70 66 66 67 67 68 67 68 68 67 67 67 67 67 67 67 67 67 67 67 67 67 67 67 67 65 66 66 66 66 67 67 66 67 67 67 66 66 66 66 66 65 65 65 64 65 64 64 64 65 64 64 64 63 63 63 62 60 60 116 145 179 184 147 86 7 38 119 135 145
55 71 24 11 67 53 26 39 14 22 36 51 34 67 85 92 56 20 21 16 19 14 71 54 87 111 69 76 21 15 66 88 186 214 116 147 81 39 77 38 36 24 29 24 48 104 77 18 20 51 72 49 41 14 34 16 17 33 55 88 84 71 69 66 74 72 70 70 69 69 69 69 69 69 68 68 69 69 69 69 69 68 67 71 66 68 68 68 69 69 69 68 68 69 69 68 69 67 67 67 66 67 66 66 66 66 66 67 65 65 65 65 64 64 63 57 110 190 192 189 174 156 69 6 18 106 132 131
75 75 31 15 70 75 54 24 17 18 34 63 34 84 79 64 21 22 18 17 18 17 24 58 116 91 98 84 27 14 46 52 65 119 177 163 59 46 94 59 31 40 19 16 93 91 58 32 15 39 74 8 14 28 48 14 16 12 15 46 69 68 100 118 96 47 57 66 72 69 68 72 72 71 71 71 72 72 71 71 71 69 80 117 82 62 70 71 70 71 71 71 71 71 70 70 70 70 69 69 68 69 68 68 68 68 68 67 67 67 66 66 66 65 63 57 127 178 191 191 183 168 100 9 132 176 133 155
61 81 50 9 62 91 57 47 42 80 206 143 98 89 84 27 17 17 18 18 17 18 8 77 63 54 99 77 33 19 84 61 19 14 32 103 105 100 130 46 22 33 28 52 90 88 82 23 20 37 75 12 13 59 48 13 25 27 21 11 51 62 58 87 95 44 101 63 61 95 102 64 64 84 76 65 60 71 74 73 71 71 90 95 113 68 64 73 72 73 73 73 73 72 72 72 71 72 71 72 71 71 70 70 70 70 69 69 69 68 68 68 67 70 85 108 147 179 189 178 148 181 118 61 168 175 157 184
79 80 92 58 99 135 89 58 32 127 240 202 113 106 117 22 16 17 17 17 19 19 14 65 76 59 75 68 44 15 75 42 12 22 19 75 62 82 126 66 71 51 85 146 106 141 97 21 20 20 70 18 13 57 47 12 41 59 18 32 18 56 56 64 83 109 82 90 93 133 107 116 89 50 31 62 45 41 76 82 94 116 112 100 124 98 63 77 78 76 74 74 74 75 74 73 74 73 73 73 73 73 72 73 72 71 72 71 71 71 71 71 65 108 118 135 146 133 178 156 144 185 152 101 166 175 172 165
114 160 114 91 87 146 83 71 45 105 77 122 102 124 102 29 16 18 17 16 18 17 15 34 84 82 126 72 34 35 35 22 15 39 54 74 38 22 35 57 29 57 165 251 181 116 90 42 20 18 56 22 14 66 37 11 50 77 24 44 36 46 73 56 91 69 60 96 88 148 108 102 103 84 81 99 63 45 98 65 41 115 89 109 111 103 65 61 80 58 78 75 78 78 77 76 75 75 75 75 75 74 73 73 73 74 74 74 73 73 72 71 77 138 114 133 165 132 171 163 167 160 169 146 172 178 164 183
161 147 94 92 78 124 114 84 80 63 39 29 55 123 78 43 17 17 16 18 20 16 22 27 56 73 106 47 47 34 39 32 17 45 61 78 27 27 19 20 24 49 180 241 196 95 107 23 24 21 28 18 16 65 33 43 28 40 24 26 36 54 46 48 95 63 47 64 52 47 65 55 69 69 95 73 72 81 110 36 3 103 119 136 127 145 87 16 17 33 90 125 69 80 80 78 78 77 77 77 76 76 76 76 75 76 75 75 75 75 74 72 84 145 141 145 129 151 169 172 178 142 167 163 173 176 180 174
58 81 68 71 74 70 43 83 63 20 45 46 66 132 69 31 16 17 17 19 20 19 39 61 104 121 103 64 48 39 37 24 23 53 43 51 18 16 30 42 32 28 114 188 137 129 104 23 21 30 13 16 16 62 28 34 32 46 29 18 22 44 56 34 88 50 40 48 17 21 72 68 86 39 39 63 122 155 108 79 132 163 123 148 148 143 97 50 10 14 34 60 37 55 50 77 82 80 79 79 79 78 79 78 78 77 78 77 77 77 76 72 101 128 145 171 163 148 122 121 155 121 173 166 172 171 187 176
83 63 70 77 102 43 42 108 42 14 62 29 67 103 21 26 17 20 17 19 14 60 47 53 190 209 102 119 71 33 27 30 23 33 46 36 24 19 22 41 22 32 41 42 111 126 122 21 22 40 13 15 22 70 36 18 23 34 38 19 28 62 78 20 56 28 25 48 26 15 84 34 40 57 22 38 50 58 118 189 183 165 116 107 125 106 77 79 40 25 14 17 70 21 12 26 56 71 83 84 82 81 81 80 80 80 80 79 79 79 78 74 129 136 171 160 156 120 141 136 170 135 189 180 180 182 182 168
149 91 59 78 71 65 69 100 49 40 71 37 122 58 35 18 18 17 25 24 64 104 41 81 210 205 113 96 42 20 21 29 46 129 85 23 26 19 16 20 39 44 37 28 20 49 79 130 158 60 51 26 26 64 42 21 34 62 45 16 30 17 23 37 82 43 15 26 38 32 56 64 25 55 53 25 48 63 80 45 100 150 142 106 127 127 76 56 81 55 32 40 26 24 23 13 16 21 42 61 74 86 84 83 82 82 82 81 81 79 79 74 126 161 189 175 143 141 128 158 167 162 176 179 177 175 186 182
101 67 66 72 90 97 96 90 53 91 79 23 84 58 45 16 18 17 40 72 68 67 48 203 251 198 75 77 36 24 40 58 103 197 95 20 23 19 17 15 33 42 35 51 45 12 20 120 181 174 190 56 53 102 90 31 141 91 58 44 52 34 21 41 56 57 26 21 31 45 40 73 46 48 84 34 59 72 70 57 14 79 165 138 125 133 94 51 68 66 20 69 27 22 44 49 19 14 13 15 23 43 71 83 86 84 84 81 80 96 91 98 157 164 189 186 147 163 151 155 151 189 182 178 154 184 184 167
73 66 71 76 88 91 81 99 90 63 60 16 88 71 37 21 17 28 100 73 22 15 84 144 227 115 110 58 60 31 102 141 166 221 94 29 19 17 16 17 15 16 45 29 27 16 16 15 46 116 119 63 61 63 82 100 208 116 56 75 53 39 35 68 74 52 80 48 134 119 117 105 88 63 90 84 80 74 75 69 32 60 81 142 149 129 103 58 91 64 55 116 53 38 98 102 75 53 20 16 17 14 16 35 76 107 97 125 154 157 87 60 146 162 189 183 169 168 179 181 163 187 183 162 169 188 185 173
101 69 66 78 69 77 67 89 62 47 13 85 118 68 54 36 107 204 144 74 33 95 132 115 122 103 92 83 119 126 201 225 219 163 119 20 27 17 17 17 17 15 23 25 66 35 15 16 33 22 67 103 80 102 177 189 203 87 54 74 73 65 63 85 73 114 194 158 157 194 235 223 221 194 207 173 181 199 149 98 82 93 103 131 166 133 94 79 111 92 93 104 72 84 116 113 85 57 36 15 17 17 18 15 24 49 45 51 108 166 73 89 143 177 185 187 175 180 174 134 162 186 188 165 185 189 178 176
120 70 74 83 71 75 118 175 128 88 60 173 92 69 56 133 243 193 87 97 67 141 64 72 101 116 88 55 115 205 249 218 212 112 93 16 21 16 17 19 18 16 26 29 51 34 14 17 26 17 18 79 92 75 140 222 214 167 125 143 178 162 124 183 181 177 202 233 226 231 236 241 236 239 241 245 250 229 193 169 116 111 105 123 154 152 168 164 175 138 130 128 74 89 115 116 130 70 17 16 20 20 18 18 16 13 40 37 17 78 98 132 159 182 176 187 151 104 73 60 162 184 183 168 182 189 177 177
127 89 62 69 103 109 154 202 225 202 197 246 184 126 142 245 255 208 143 50 102 102 79 99 109 72 52 33 40 67 160 135 128 82 44 32 47 23 16 17 17 16 25 38 26 24 37 30 67 34 28 93 120 124 172 202 223 225 222 208 228 243 237 239 236 203 142 244 233 205 222 226 239 242 243 243 241 235 241 246 234 224 164 165 169 121 130 164 210 246 250 242 209 137 131 133 133 110 93 60 23 17 15 19 18 17 14 34 44 87 112 129 170 177 164 129 85 56 49 83 183 181 190 176 189 185 181 180
102 145 116 97 167 177 185 144 215 220 218 228 244 251 255 252 248 255 186 161 189 133 122 100 122 63 20 53 145 109 125 143 122 80 34 56 42 32 17 18 19 17 16 27 23 20 63 33 96 51 38 128 125 124 126 83 137 163 230 235 236 243 247 244 221 234 205 175 168 127 136 149 146 179 119 137 232 247 236 201 147 171 149 197 219 144 134 110 126 145 153 224 251 236 154 127 131 134 116 100 82 73 51 13 16 18 21 20 33 66 119 166 172 157 122 102 60 78 97 176 181 172 189 184 182 179 175 184
64 189 199 191 210 223 216 177 160 159 192 204 235 248 249 247 245 251 255 255 212 122 121 103 105 78 54 171 193 137 134 144 93 35 31 50 31 23 21 21 18 17 18 25 45 48 120 65 147 164 162 177 125 125 118 103 114 90 127 227 248 247 245 245 242 210 236 223 129 105 108 115 139 101 116 83 179 147 127 113 112 104 191 179 147 128 134 117 130 121 114 136 168 184 150 138 120 133 126 103 110 119 111 75 51 34 32 37 34 60 159 156 134 153 121 126 148 155 181 191 173 180 187 189 180 178 179 196
126 202 209 228 227 233 212 228 204 158 187 236 242 247 245 247 250 252 254 245 231 168 135 107 101 80 161 159 148 139 107 122 61 12 23 35 78 40 33 36 19 19 35 51 66 108 225 234 254 255 246 212 136 126 127 130 134 125 117 131 183 208 220 234 232 231 229 220 202 108 81 96 80 123 126 129 196 158 154 96 104 156 208 232 200 156 140 122 119 132 130 127 125 108 137 161 164 126 120 122 125 133 115 113 114 103 88 69 52 46 102 216 105 133 178 187 194 178 187 197 187 179 188 189 177 179 182 196
222 202 233 236 231 183 121 185 187 132 183 249 249 249 248 249 251 221 194 235 251 214 165 97 80 67 117 160 127 116 105 105 50 42 51 43 60 32 52 75 61 146 185 210 183 176 232 228 251 232 203 185 189 143 133 124 118 127 106 111 92 112 111 123 186 235 235 226 235 216 177 169 114 113 107 202 240 212 135 143 176 238 250 253 253 162 139 132 149 129 121 120 117 128 120 123 146 189 141 115 112 146 158 155 151 133 152 133 122 133 92 123 163 164 198 168 198 181 186 197 191 186 185 175 180 164 176 187
232 218 236 247 234 223 198 179 177 158 100 156 218 240 246 247 250 247 224 252 202 163 99 83 92 108 95 121 134 148 136 112 93 99 147 136 107 118 186 202 237 255 235 195 163 180 199 182 243 211 173 169 153 148 141 128 123 116 115 119 107 114 105 98 115 173 196 229 229 237 206 179 157 160 153 189 193 208 208 214 219 228 246 251 243 151 147 182 146 115 145 134 126 134 140 139 125 137 144 144 133 123 143 179 171 160 140 115 103 126 124 85 122 184 188 185 171 183 192 201 197 183 185 177 171 171 190 175
130 107 151 149 153 187 197 214 210 162 142 167 182 202 181 232 248 237 233 161 148 169 154 126 124 92 73 114 135 171 208 163 76 78 165 210 223 233 237 255 253 224 137 109 98 140 124 131 167 210 220 201 173 154 146 138 128 120 117 115 101 111 109 120 137 116 165 195 210 234 222 196 186 153 182 225 219 182 90 137 149 118 156 200 244 239 218 179 134 173 172 157 148 151 137 129 142 137 122 124 145 135 123 129 143 179 163 160 122 91 83 94 170 196 180 195 179 192 186 198 188 185 191 174 187 180 184 184
97 81 75 113 72 91 96 110 98 100 152 176 162 147 146 127 163 217 146 101 169 195 144 132 168 93 75 103 154 161 205 190 142 135 119 164 235 245 249 250 248 172 142 149 142 163 154 130 124 153 175 158 148 156 151 139 119 120 119 133 125 123 115 123 156 180 196 186 192 223 226 239 245 255 238 196 151 137 133 103 90 74 97 79 148 245 244 226 221 234 236 243 236 193 211 194 207 217 199 156 147 126 135 140 126 156 160 159 152 145 112 124 210 197 189 173 176 186 183 187 181 194 187 182 184 180 170 179
86 110 93 88 119 98 113 77 88 100 93 76 64 105 105 97 105 90 136 161 148 156 149 146 128 92 83 85 182 209 200 214 242 230 198 133 196 198 223 243 248 216 233 202 199 200 210 171 187 146 160 153 185 188 185 213 172 152 179 191 187 124 133 158 140 88 119 188 156 151 197 216 172 185 229 252 235 214 213 205 196 156 155 184 160 176 166 148 139 146 189 220 189 200 210 226 197 179 172 160 138 135 113 106 131 129 153 176 176 146 134 165 198 198 191 165 194 190 190 189 190 184 180 190 187 183 171 156
94 107 59 62 114 85 90 75 80 91 112 68 80 87 98 67 98 86 146 222 186 136 137 119 152 104 153 123 82 164 193 226 248 204 234 241 218 165 188 216 240 238 254 252 186 147 154 189 221 164 144 153 164 155 191 224 166 150 212 216 187 173 147 150 173 176 145 138 142 147 183 213 203 182 191 182 214 152 124 128 122 147 152 137 148 159 180 124 87 66 69 72 66 103 127 139 182 157 82 82 70 93 90 68 58 110 134 145 157 163 138 179 189 200 195 181 185 184 193 185 174 194 196 184 183 174 175 164
86 108 93 89 126 86 87 104 91 84 119 90 83 85 72 86 98 129 140 150 118 110 131 124 121 214 202 169 101 93 102 100 157 192 235 245 231 208 248 250 235 248 255 251 235 212 191 223 153 134 196 211 152 109 120 117 166 193 122 112 138 161 175 166 199 206 153 129 157 158 145 201 182 143 152 165 186 205 192 181 85 80 71 72 114 146 142 139 135 109 90 47 46 66 40 42 65 164 144 103 103 130 72 97 101 82 77 74 128 164 165 175 180 178 173 178 174 187 196 183 189 193 200 186 179 183 191 185
166 131 104 86 84 70 105 107 94 93 100 69 98 105 88 108 93 74 113 74 100 79 97 78 144 169 143 150 145 95 104 68 84 92 121 171 187 208 199 234 211 167 180 178 240 242 230 188 164 142 150 121 138 153 112 106 143 221 202 178 147 134 153 172 196 199 219 197 179 141 113 147 154 122 114 129 123 146 171 242 213 173 131 79 65 81 88 110 126 83 52 74 46 57 33 49 51 39 100 138 104 140 98 60 71 84 99 89 63 101 175 196 187 168 157 181 186 206 200 183 194 187 188 193 190 189 180 176
106 156 154 108 113 96 95 103 99 106 100 91 114 117 104 97 93 70 84 75 94 80 97 111 98 114 105 161 139 104 107 116 106 134 73 72 66 107 98 97 149 207 158 187 255 229 204 180 150 163 231 207 119 136 103 116 191 217 200 198 193 157 211 231 244 236 242 231 191 110 187 151 139 110 100 114 138 170 133 176 199 202 227 227 221 184 182 189 134 68 57 75 53 50 54 46 72 50 35 149 168 91 49 28 44 55 54 49 44 22 123 189 187 167 151 171 183 197 194 200 203 186 183 189 179 182 190 199
170 214 198 187 181 153 100 132 97 111 94 77 102 97 51 115 55 88 81 110 74 84 104 55 115 153 126 127 154 140 121 110 101 86 93 44 60 73 64 107 157 178 130 143 236 209 216 189 158 176 128 190 176 130 107 122 128 119 164 178 175 145 147 171 212 229 250 251 200 139 141 130 118 106 131 114 115 159 182 127 96 141 149 95 108 177 241 250 225 148 116 82 44 58 59 33 108 138 98 143 235 197 91 47 35 49 34 24 34 50 172 190 180 151 160 185 177 194 193 203 193 171 197 196 157 175 189 197
106 194 199 174 214 231 159 112 99 95 89 112 94 86 97 114 84 84 138 104 97 75 122 64 133 134 116 140 159 138 145 119 123 115 108 90 95 54 39 29 81 82 124 197 209 169 122 181 190 161 150 234 250 141 122 114 119 107 138 91 129 157 175 166 127 162 187 241 245 206 158 119 130 131 96 108 138 93 93 163 156 114 75 58 63 64 80 113 172 226 215 177 170 235 201 116 97 204 228 250 240 232 146 72 62 25 16 22 25 74 187 188 181 174 180 179 191 200 191 180 168 185 201 184 170 187 188 191
61 73 157 152 161 221 223 140 119 117 99 112 91 52 117 68 140 87 52 94 130 101 84 109 158 159 157 164 147 124 111 120 151 139 64 103 76 47 35 20 22 23 109 154 136 182 243 212 151 160 133 194 248 194 141 148 132 104 99 87 99 85 87 89 79 79 94 225 243 240 252 225 161 119 137 93 88 98 87 172 236 225 111 104 71 73 49 51 43 64 154 222 209 158 119 115 76 65 119 143 183 206 224 204 159 71 72 99 86 151 171 186 187 200 199 179 196 201 191 192 186 194 193 171 179 190 184 179
48 56 73 49 124 206 221 215 152 101 110 101 87 65 79 63 131 107 102 98 130 122 78 125 71 92 138 144 132 111 125 136 109 88 78 62 68 70 49 33 23 34 26 45 82 145 172 211 158 124 119 87 109 185 185 119 108 115 95 87 87 77 98 66 85 66 102 203 243 234 230 176 143 127 105 104 87 89 119 128 106 150 202 152 164 149 89 50 55 69 166 190 220 222 196 173 145 77 45 41 83 115 133 180 232 224 200 191 166 163 196 184 200 200 201 182 192 189 187 200 203 184 187 166 183 195 176 146
79 53 56 32 22 46 123 217 222 159 122 107 104 101 102 97 126 125 82 100 72 114 151 118 98 130 118 146 117 90 118 129 115 110 118 103 99 78 86 95 51 30 26 21 39 95 149 226 140 132 115 102 98 90 86 87 112 112 104 90 94 108 90 94 81 66 77 132 248 229 223 206 203 149 103 122 118 91 77 128 148 138 104 65 68 162 224 151 70 78 70 204 171 192 217 219 241 198 163 142 151 129 115 128 211 239 227 197 228 193 180 194 208 199 186 185 198 179 189 197 191 172 176 172 190 199 196 178
119 96 103 47 26 22 54 117 141 130 181 109 96 110 120 110 100 102 94 85 98 93 133 87 113 102 138 140 98 100 114 96 68 123 102 115 87 88 89 74 41 43 52 22 46 89 214 230 178 150 138 118 134 125 103 126 197 157 123 123 102 77 83 67 80 100 62 110 175 176 177 136 101 94 128 121 150 129 155 91 117 144 117 93 97 63 83 164 206 177 153 197 142 98 182 220 240 255 255 255 255 247 221 201 169 202 203 105 123 180 187 172 195 182 181 172 184 180 198 199 189 196 186 183 184 198 188 179
39 57 97 60 74 23 32 29 22 42 134 222 214 131 108 106 94 92 92 99 149 57 54 48 132 99 88 106 126 104 105 121 91 77 92 105 78 52 52 41 38 24 31 39 27 69 157 206 223 211 136 100 80 132 134 230 244 169 141 128 114 110 93 102 115 128 115 244 217 131 109 91 85 118 243 184 125 134 147 109 109 75 82 100 114 100 76 51 98 112 133 168 203 236 175 113 101 125 137 192 236 247 245 255 194 105 119 78 109 182 198 180 184 183 182 173 197 190 186 188 191 189 176 182 181 173 181 179
43 55 41 35 88 75 25 15 33 24 50 151 193 195 142 117 77 98 71 59 107 89 74 98 113 110 91 113 116 113 111 115 119 73 106 90 39 47 60 80 66 49 80 75 29 20 40 152 200 165 183 134 106 124 178 165 151 129 138 120 125 139 141 115 80 97 141 157 135 111 120 102 69 67 155 213 152 99 81 148 122 97 96 89 90 112 121 76 70 71 112 98 147 180 242 207 143 66 33 94 175 232 245 249 194 140 113 99 97 181 192 197 190 194 182 180 200 203 186 190 190 191 184 188 188 165 178 169
54 51 42 48 66 50 49 20 21 23 17 130 167 181 147 119 96 104 68 77 91 88 96 108 104 110 124 129 122 119 111 120 114 91 91 107 93 71 65 82 93 97 101 91 61 16 53 103 116 74 142 205 198 234 196 137 132 138 133 118 122 129 140 125 118 113 87 83 148 149 100 142 110 124 110 89 122 94 55 98 153 128 194 203 124 94 89 81 78 72 57 106 102 81 153 245 244 210 79 49 94 96 164 231 170 152 115 148 151 186 186 190 188 185 203 200 190 195 184 186 188 194 185 177 187 182 175 157
63 35 56 68 63 54 29 39 31 20 15 42 209 239 206 135 129 117 106 79 123 124 121 126 125 142 136 144 117 108 124 103 118 107 102 85 104 111 92 92 120 119 79 79 87 58 60 65 72 173 135 191 225 229 147 141 151 146 136 125 114 117 109 135 124 142 108 21 31 105 190 224 186 223 227 131 115 74 67 94 108 116 125 167 181 155 139 125 99 102 80 75 105 87 89 178 243 243 239 178 154 141 65 98 121 100 98 101 170 197 200 188 182 180 193 195 186 185 168 187 199 195 196 194 186 188 195 164
76 55 63 38 62 85 20 37 53 25 15 23 98 210 212 126 104 119 109 88 120 123 126 100 111 132 141 104 70 111 158 153 92 116 98 125 142 111 127 116 117 108 83 126 120 102 106 72 27 32 112 212 193 185 236 205 214 209 153 142 137 129 122 137 164 142 112 78 37 52 53 139 193 204 182 96 88 87 76 81 90 90 110 76 74 122 163 206 190 159 182 96 40 75 53 53 184 211 232 250 250 236 137 72 58 105 174 108 188 197 199 184 186 187 194 188 190 167 183 188 198 185 192 190 184 184 186 174
60 69 95 55 63 52 55 36 44 55 25 19 22 60 198 153 130 114 131 126 119 149 127 185 186 147 140 124 113 126 128 167 68 109 103 127 162 87 88 173 133 125 126 139 80 114 151 96 113 83 58 107 159 174 213 197 214 231 211 165 126 129 134 118 116 146 138 152 126 50 40 25 32 76 106 98 79 92 89 57 63 71 93 94 121 109 113 163 167 152 102 45 38 52 71 104 109 93 100 111 115 170 120 85 159 233 200 122 191 201 193 177 194 180 181 198 190 189 182 185 192 177 185 176 182 185 182 182
34 116 137 85 70 34 48 20 17 22 63 29 16 15 165 234 184 140 112 121 117 114 123 133 133 196 159 123 130 117 109 168 140 119 116 76 138 81 119 128 121 155 142 99 166 134 119 124 127 118 94 77 111 203 182 120 127 194 248 242 198 143 148 140 132 137 129 153 161 66 39 28 27 42 32 58 92 100 75 76 69 63 78 129 206 195 140 122 109 111 117 88 83 81 43 37 58 75 49 58 42 38 49 144 237 255 216 150 199 193 187 196 194 179 183 185 178 187 177 198 192 190 184 188 192 188 194 154
22 80 199 101 113 46 45 27 16 21 39 91 23 23 85 178 170 146 144 156 107 138 117 138 117 208 170 150 131 163 109 144 159 148 137 105 162 137 129 115 102 152 138 129 145 136 137 130 126 114 107 83 65 76 118 110 175 181 249 242 253 184 146 134 149 145 120 122 119 133 173 78 27 44 27 62 123 103 95 82 94 92 103 117 113 151 137 143 110 116 112 105 76 55 56 73 53 27 28 35 38 41 30 49 126 216 234 191 201 180 175 190 197 190 189 186 188 170 191 193 188 190 199 187 187 181 192 182
23 46 198 89 73 76 42 50 19 19 18 89 37 17 21 118 210 219 168 153 147 162 137 120 133 168 155 138 143 135 109 149 125 165 131 97 153 118 121 110 146 133 113 92 95 90 111 161 80 94 96 87 76 59 63 82 122 157 162 204 190 226 192 140 137 145 156 123 134 133 155 197 114 40 25 77 181 202 158 172 179 169 212 204 185 209 167 106 114 114 182 198 144 101 59 40 78 62 15 24 20 25 53 45 33 55 70 185 183 177 179 197 199 191 182 186 183 176 190 192 197 187 182 187 187 185 185 185
29 13 94 89 59 36 20 55 42 22 20 29 32 51 105 202 240 224 204 153 64 87 115 106 149 135 125 155 163 108 137 132 115 98 119 100 116 91 104 89 104 106 95 114 110 54 87 68 22 35 59 83 69 64 70 75 66 78 87 136 149 176 188 177 166 130 161 136 125 129 123 134 168 124 86 58 62 106 114 127 231 235 240 252 255 255 202 120 119 119 194 252 234 187 171 48 33 45 22 33 26 23 34 79 37 35 59 191 195 192 185 190 180 170 195 191 175 166 188 184 189 203 189 184 188 197 183 181
23 19 26 68 81 41 13 40 60 22 19 21 29 73 223 163 169 137 138 95 140 154 201 194 188 146 135 133 137 144 131 129 132 116 123 144 107 120 121 108 101 78 45 107 83 49 82 55 87 79 78 98 56 105 69 88 63 52 48 83 107 163 131 203 188 160 157 171 137 119 104 121 140 162 166 146 99 34 32 49 114 174 138 127 112 127 145 159 128 108 106 191 95 97 68 58 58 43 34 62 49 32 38 58 36 34 128 192 194 177 168 178 182 181 189 171 178 188 190 181 186 204 185 181 185 182 184 192
31 12 49 70 24 46 15 11 24 22 18 23 27 96 226 183 146 129 169 103 110 116 185 224 220 214 144 148 136 134 132 131 132 119 125 139 143 124 128 120 119 76 89 119 94 83 78 79 81 73 76 106 100 109 83 69 82 86 55 85 84 97 101 175 219 230 181 179 151 131 133 140 130 139 157 136 104 58 19 30 53 44 72 156 89 52 95 112 124 114 121 187 131 47 43 31 24 24 41 45 33 41 59 18 73 85 164 198 197 161 171 189 193 186 202 183 176 185 186 182 204 193 179 196 194 195 185 178
52 24 74 131 84 23 43 73 39 18 17 34 95 214 233 226 189 153 115 132 117 114 121 101 169 236 159 135 164 135 147 146 145 147 153 148 125 133 125 127 110 89 91 109 125 114 54 82 95 118 87 118 99 104 97 102 84 118 101 63 57 69 106 82 163 159 113 121 155 144 140 151 119 138 116 82 99 64 39 33 25 26 34 147 191 102 77 103 127 92 155 223 213 75 49 43 33 31 31 39 37 40 39 40 53 154 176 191 205 163 173 189 182 183 208 186 192 195 197 203 198 183 190 180 188 206 196 186
38 77 52 65 108 56 32 113 164 130 137 161 152 138 167 164 161 111 99 70 129 85 72 151 161 111 199 163 141 139 141 145 151 139 124 122 109 122 69 116 118 101 89 110 102 94 97 139 86 74 117 100 113 66 88 103 98 93 102 90 88 104 121 165 221 235 177 124 107 166 153 108 145 132 74 31 49 70 30 27 41 40 36 29 66 70 63 107 119 116 131 164 106 110 62 38 26 40 57 27 61 44 61 60 75 156 187 196 206 181 186 193 185 187 192 195 195 186 193 186 196 199 185 177 189 192 187 165
34 30 107 40 53 65 68 171 215 214 222 240 218 182 140 134 106 105 100 115 118 98 151 138 127 161 221 163 147 144 144 146 128 128 106 101 122 99 63 114 120 122 96 113 105 97 114 98 87 122 131 101 97 84 103 112 105 110 117 109 97 115 147 200 199 139 182 131 128 150 138 143 158 151 155 140 60 19 22 19 27 49 51 24 28 32 40 52 118 140 126 114 103 64 73 64 76 69 49 42 81 27 58 63 111 155 192 199 198 175 181 194 191 193 200 193 190 195 196 193 199 198 189 172 175 162 169 185
55 63 193 150 120 152 219 232 228 228 240 248 212 137 79 156 136 149 149 95 103 120 109 96 144 168 188 232 180 155 133 138 139 91 133 121 102 126 126 129 126 100 122 118 110 116 110 108 102 109 109 102 46 89 98 85 102 119 119 109 107 174 244 215 211 220 170 161 161 150 143 180 128 144 151 140 111 59 31 20 23 34 46 63 45 27 25 23 41 83 144 136 121 113 102 111 118 52 63 67 47 48 74 76 143 173 188 201 195 177 179 189 186 197 199 172 197 198 203 203 201 183 173 192 172 146 182 194
171 217 227 241 233 240 232 228 245 247 202 173 94 56 98 120 118 129 123 116 93 113 157 139 151 116 120 221 207 146 134 139 158 124 86 113 130 121 119 112 118 93 105 129 106 101 109 139 103 125 116 99 116 138 117 88 111 113 113 103 143 188 255 255 254 255 234 156 143 152 169 150 168 178 145 151 149 102 32 30 23 18 37 59 35 38 26 33 50 81 91 118 119 124 142 132 76 47 77 66 47 75 96 107 157 179 184 192 194 182 185 198 192 191 194 189 201 200 201 182 183 165 176 177 169 148 188 201
213 211 224 228 227 237 215 200 169 212 160 65 111 109 122 104 121 122 99 115 109 131 166 109 83 79 99 90 129 129 128 168 153 110 53 115 124 120 112 110 100 85 107 137 91 77 116 121 147 129 112 112 114 115 111 102 121 103 122 184 158 125 196 241 255 252 203 135 159 154 139 152 176 193 184 144 156 133 128 84 55 37 39 30 29 40 27 26 30 81 142 166 149 111 36 65 37 89 123 65 52 95 104 147 170 184 195 193 198 188 182 195 192 189 201 201 197 197 191 193 189 178 154 154 178 136 139 203
207 218 226 233 242 205 165 202 162 128 89 103 131 119 128 93 116 121 110 136 115 100 132 133 107 116 131 99 80 110 156 164 148 105 137 148 119 120 98 149 154 118 137 131 94 106 114 126 124 179 151 146 146 161 204 146 139 157 136 225 141 73 40 70 137 178 182 157 165 140 114 130 164 180 160 127 139 140 105 40 39 31 26 21 24 26 50 65 29 16 59 108 147 72 50 27 22 47 120 143 111 126 84 151 184 190 189 197 183 184 191 196 194 196 185 191 204 191 190 193 193 177 174 157 160 126 168 176
221 224 226 233 235 224 168 134 122 120 122 127 97 104 120 106 118 117 130 109 144 148 115 114 107 109 115 101 120 104 117 107 102 126 105 98 105 64 110 143 157 127 120 113 119 143 125 134 138 118 126 152 171 182 203 137 104 87 61 95 44 39 27 14 22 45 66 150 110 74 60 72 68 46 42 50 35 49 91 79 58 61 33 30 35 32 23 27 31 20 40 44 73 44 27 34 47 27 23 57 119 159 139 160 178 191 187 190 180 180 188 186 199 192 182 192 203 187 177 176 197 200 198 175 165 159 182 180
226 207 218 240 222 192 163 108 159 171 126 138 120 121 146 135 121 121 124 122 127 129 85 80 82 85 100 115 103 98 94 104 102 104 91 101 98 86 104 95 110 92 120 107 127 113 124 134 142 143 134 106 92 70 106 71 75 23 25 68 58 14 23 25 35 31 29 46 121 113 84 67 77 40 46 29 29 28 23 35 31 50 41 34 28 15 18 16 18 25 65 77 68 58 15 39 99 107 61 16 18 55 170 177 185 193 198 171 185 195 190 192 193 192 203 192 192 189 178 175 190 192 188 173 171 164 175 176
141 124 169 168 132 141 175 113 148 178 134 164 126 139 144 130 128 126 133 84 72 117 85 90 96 111 93 85 103 115 97 123 111 97 110 124 106 75 63 102 92 96 105 106 98 89 102 94 94 112 104 78 73 37 46 43 74 49 68 80 52 77 80 67 113 75 30 24 44 49 45 70 75 75 68 46 33 71 86 30 29 47 41 66 70 39 25 20 21 18 50 151 166 159 111 62 56 73 79 75 91 51 146 188 182 185 202 188 173 189 188 188 188 197 196 185 183 173 193 192 177 172 194 191 190 175 135 130
178 181 202 182 210 195 129 127 125 113 128 116 122 120 122 132 103 90 65 51 63 99 115 110 103 97 93 111 113 120 126 123 135 102 116 116 68 53 75 115 77 124 124 113 92 94 99 108 96 98 82 69 75 103 99 94 90 87 97 86 87 93 84 106 101 80 56 59 30 23 25 57 39 33 65 104 79 40 81 44 22 24 30 20 38 54 41 29 18 30 17 38 73 139 165 172 122 85 42 37 42 22 146 186 185 186 197 200 188 182 188 183 191 195 197 205 187 171 181 180 194 177 186 193 181 168 163 182
130 71 124 208 110 129 115 131 123 116 146 112 107 122 100 105 104 79 76 101 113 129 109 105 104 118 103 127 118 113 165 181 133 108 114 96 94 98 114 95 113 117 119 81 88 80 109 115 95 97 84 76 86 84 80 77 87 100 79 83 72 82 116 101 110 123 35 95 64 23 24 42 42 100 107 79 78 49 19 43 73 64 22 21 35 50 26 21 26 49 51 51 57 17 84 72 90 128 126 73 68 45 148 194 186 181 184 200 191 195 191 181 195 192 188 203 194 185 176 170 183 177 181 190 192 160 186 189
74 82 116 150 111 109 125 110 120 100 108 117 97 95 129 80 82 102 115 135 125 129 105 114 112 120 102 126 122 117 113 108 112 118 119 102 92 106 113 109 112 114 97 107 123 80 103 120 120 51 70 95 73 79 86 110 61 90 92 77 69 95 111 83 60 74 99 63 84 82 64 84 43 76 147 80 61 45 61 101 73 85 76 43 33 78 50 37 36 45 58 100 104 84 98 79 91 57 117 112 109 126 180 180 185 194 190 211 194 189 194 197 204 193 191 192 198 188 168 128 174 178 175 179 140 154 184 174
108 98 122 129 118 126 105 112 87 74 133 156 93 161 189 183 129 155 123 136 139 146 103 104 150 139 92 105 113 105 124 123 122 114 120 85 114 107 123 124 111 91 114 100 95 51 96 124 91 107 78 91 90 99 95 103 53 89 77 56 96 108 94 84 98 105 85 66 88 93 86 105 66 77 61 43 81 49 49 96 42 44 113 81 55 98 111 91 18 23 18 33 65 85 98 107 92 120 140 129 126 153 190 195 188 190 199 200 197 181 174 193 204 189 194 199 188 182 145 187 182 173 178 153 149 180 177 180
105 92 82 89 96 93 112 101 71 89 136 106 68 120 103 150 124 111 91 90 75 56 141 135 198 154 82 127 158 135 132 131 69 105 110 95 106 124 125 121 120 103 104 94 111 132 125 91 107 104 127 98 119 99 92 103 115 94 89 92 110 107 107 105 104 91 99 113 104 90 97 90 88 115 98 86 38 14 17 22 28 16 57 90 147 109 61 105 68 14 14 14 37 73 85 114 159 168 137 142 157 152 192 189 188 199 209 182 177 184 188 190 191 181 199 172 175 152 167 188 176 183 167 147 177 179 188 199
92 93 90 78 84 112 96 145 151 121 111 82 99 145 114 88 107 98 89 94 122 84 81 92 134 112 65 72 110 129 112 95 118 155 187 146 172 160 108 121 115 110 123 116 112 129 126 103 111 119 105 133 132 98 114 129 99 122 72 108 93 108 109 111 110 105 109 125 81 56 92 92 98 109 94 123 97 83 47 82 99 103 77 35 74 155 142 118 65 40 68 47 33 63 122 105 167 178 149 182 152 170 189 179 192 207 216 199 187 185 182 177 179 178 185 169 144 150 195 193 166 165 141 170 191 171 177 196
99 118 102 93 93 115 126 110 142 131 95 86 100 125 80 72 94 92 52 71 107 76 73 100 98 92 64 124 115 107 97 100 138 123 154 170 213 195 216 196 153 125 199 152 114 127 126 118 123 115 109 126 120 120 125 102 110 101 109 86 118 134 119 114 122 125 88 91 103 88 85 98 93 106 90 91 102 104 101 153 114 83 145 186 138 126 99 57 119 133 100 84 62 77 91 97 169 206 203 229 169 169 178 178 195 204 208 200 194 181 173 182 186 188 172 178 164 163 185 175 164 144 158 186 170 172 189 178
129 112 138 103 91 98 124 93 122 116 131 117 136 110 105 102 109 91 47 86 166 86 117 82 78 65 77 102 106 113 108 94 112 139 176 167 131 107 204 242 229 202 229 159 103 155 185 147 110 119 145 174 140 132 119 120 129 86 133 175 173 178 116 113 116 120 97 91 115 114 78 142 124 73 88 113 97 105 159 173 162 156 217 248 243 203 103 100 122 129 89 106 53 34 38 39 152 109 101 144 148 172 187 190 198 198 206 197 194 190 175 185 189 185 169 172 140 162 169 153 143 139 186 177 180 196 202 172
117 116 136 141 155 107 113 111 131 114 133 149 199 238 233 193 119 112 133 134 98 73 69 90 94 88 109 112 87 125 100 106 82 110 115 115 113 116 127 166 165 224 198 105 131 142 190 214 135 160 224 235 224 152 143 138 122 115 151 169 184 192 143 143 107 125 89 78 99 72 96 90 98 89 151 188 167 147 106 107 126 147 159 206 178 186 202 232 145 114 85 75 44 63 79 108 134 89 122 146 169 182 186 187 198 192 199 189 192 191 178 187 180 162 168 159 141 197 177 146 118 159 201 182 189 190 206 174
106 119 121 140 147 197 202 214 176 146 215 236 235 231 186 154 121 85 140 166 126 111 76 69 88 109 102 91 103 100 129 121 76 96 88 94 96 95 66 89 80 143 182 193 145 121 178 187 135 112 121 153 125 90 138 148 116 117 118 97 131 106 136 132 78 114 99 129 103 90 108 152 136 110 172 255 255 201 118 80 116 137 118 99 108 162 210 203 188 171 63 64 54 95 65 88 92 39 45 124 170 183 191 178 198 197 192 193 189 191 184 177 177 171 182 149 119 187 184 167 146 197 200 177 196 188 154 177
93 102 144 158 163 200 226 254 209 192 150 137 97 143 140 117 152 140 123 79 55 110 91 106 111 79 113 89 69 75 87 81 85 111 138 89 96 135 136 159 208 203 202 235 245 236 155 93 87 76 111 77 54 78 92 105 104 133 124 120 102 114 113 87 129 145 153 148 118 131 201 210 175 168 161 164 160 146 116 88 91 67 71 90 119 124 121 156 195 185 159 142 139 116 72 78 84 43 104 187 148 184 184 186 207 200 194 193 184 191 199 170 186 181 181 148 151 186 150 139 183 165 176 189 187 175 133 180
178 182 160 202 222 175 169 195 127 158 112 105 50 91 138 138 128 136 138 132 66 65 68 119 136 104 118 80 66 70 89 72 101 108 111 87 112 178 213 199 208 202 199 173 188 227 153 84 95 67 99 79 63 78 75 121 122 132 100 107 132 100 97 107 115 103 103 121 131 137 131 137 117 138 144 138 134 154 118 142 154 141 137 153 136 129 118 114 91 100 96 92 106 103 95 101 85 64 142 190 148 181 196 204 199 195 179 190 186 199 201 171 160 185 172 175 175 160 138 173 189 171 168 181 184 167 104 167
234 239 242 212 133 135 162 153 128 78 109 92 95 104 78 75 101 128 130 135 133 111 100 106 94 74 64 135 127 106 77 62 77 85 110 111 100 93 105 124 111 122 124 115 115 129 137 131 131 125 114 125 101 110 95 112 107 109 123 139 136 156 130 163 139 135 118 100 119 136 150 125 134 142 106 136 144 127 130 142 119 106 113 119 129 130 115 131 143 117 113 139 131 120 119 128 127 118 175 170 164 174 194 204 191 186 171 193 192 201 202 189 146 188 163 172 203 154 129 195 185 181 183 180 179 171 144 174
201 207 170 127 113 180 169 136 94 79 71 78 76 53 46 38 46 64 64 60 82 76 68 74 60 82 78 78 85 110 105 118 129 135 131 145 130 146 132 132 145 141 135 142 152 122 159 157 135 121 123 139 153 129 138 142 140 157 148 141 161 140 114 137 126 137 114 124 132 123 117 147 130 140 139 138 142 124 133 109 101 114 116 125 130 117 138 124 119 120 120 112 118 117 110 114 101 138 184 182 175 181 198 209 195 189 181 187 196 190 199 171 117 179 177 169 108 144 177 199 177 188 184 180 178 185 194 185
160 156 161 153 174 194 165 112 93 107 96 90 86 64 20 32 49 45 45 75 93 89 77 76 114 120 125 123 137 117 131 128 121 115 119 136 118 120 107 129 138 115 127 132 141 140 123 133 117 129 133 142 131 138 142 141 135 139 138 127 122 127 115 137 121 119 121 114 129 114 117 123 121 99 107 115 119 106 108 105 117 100 94 96 109 104 103 102 99 108 95 99 95 95 81 99 88 132 180 179 181 186 190 195 200 191 197 183 187 196 197 183 173 178 155 174 160 179 175 186 185 188 186 170 179 192 202 181
105 104 99 112 122 116 105 94 84 74 63 54 24 27 44 135 78 94 107 97 122 120 123 145 141 129 149 132 136 113 92 138 131 111 110 136 123 127 113 109 136 114 124 138 134 113 115 131 120 128 108 101 106 117 117 115 105 124 110 113 119 91 116 99 104 93 97 101 110 102 95 105 107 89 91 104 102 86 103 106 104 86 88 93 94 88 82 87 84 88 85 87 88 72 75 80 70 150 178 183 178 198 200 187 189 182 190 169 192 195 206 191 177 170 139 169 183 182 170 177 187 180 173 163 183 190 191 179
42 75 69 37 69 59 63 46 45 58 37 23 22 81 107 145 128 119 111 106 98 132 155 120 115 122 142 140 106 110 133 143 114 113 117 124 149 125 115 131 117 107 114 121 103 107 125 105 104 98 102 101 108 97 92 88 87 109 109 108 79 85 106 98 92 87 88 93 74 94 101 93 92 85 90 88 76 93 89 92 82 85 82 86 84 88 83 70 67 69 70 73 77 67 70 72 67 146 178 167 160 192 192 181 168 119 121 166 176 190 205 198 189 172 151 193 189 189 170 185 181 173 176 161 185 190 192 194
51 68 79 89 82 89 71 58 70 70 66 34 76 135 107 86 91 105 115 134 136 141 132 110 127 142 134 106 72 96 135 133 123 111 107 118 127 110 129 112 108 106 115 124 98 110 97 104 118 107 95 120 95 85 85 94 98 94 92 117 92 88 94 100 93 84 69 80 81 81 90 82 78 85 84 82 79 86 74 76 82 77 72 79 76 71 62 67 57 62 64 74 65 61 68 67 66 160 171 165 186 190 176 168 160 178 145 175 164 190 194 201 202 160 189 200 184 181 188 194 187 186 137 172 180 184 181 189
92 77 55 64 40 45 44 55 77 49 56 25 10 35 60 81 108 111 127 121 128 114 117 129 109 130 134 138 116 140 138 123 117 100 122 124 104 99 126 133 108 100 120 114 126 101 107 104 109 102 100 89 94 103 101 117 102 86 92 76 89 82 79 94 102 78 69 77 85 77 78 80 72 80 78 79 82 70 68 65 79 77 68 70 65 71 67 55 52 67 66 69 63 65 69 62 66 173 186 181 193 190 155 117 120 157 154 184 189 189 187 205 201 181 181 196 175 183 191 195 191 167 155 173 162 182 184 179
89 53 12 20 18 22 14 12 23 9 10 34 85 90 102 114 94 135 138 112 102 121 162 141 140 128 130 138 146 139 132 127 138 111 96 133 107 131 121 105 107 111 114 94 109 101 107 114 90 95 110 92 112 102 93 103 97 96 92 107 93 72 77 84 75 83 78 77 86 79 76 74 81 81 77 76 74 73 72 76 64 68 77 78 73 70 74 68 69 67 62 65 63 57 61 56 93 191 189 181 185 183 164 164 94 59 107 196 194 193 201 197 194 196 183 190 176 189 183 193 189 156 167 150 165 179 174 184
83 53 19 29 22 37 14 15 23 55 72 94 130 133 121 127 127 158 168 145 134 140 153 158 134 122 136 152 130 139 139 121 117 120 129 119 100 107 113 106 101 116 106 98 91 107 110 100 100 110 97 89 101 104 92 97 76 87 91 91 90 83 78 80 79 76 72 74 77 75 67 64 73 77 74 72 73 77 72 71 70 69 76 70 69 69 68 64 66 64 60 60 60 59 58 57 146 194 184 179 182 176 140 111 122 56 154 190 195 194 203 192 206 200 180 183 180 187 183 193 179 172 185 172 177 178 179 175
105 98 83 73 85 93 101 104 90 118 108 94 124 148 130 127 136 143 145 144 128 153 160 159 124 128 139 141 130 151 132 122 133 117 121 128 130 115 100 116 114 111 101 99 103 115 110 101 100 99 108 90 92 89 93 115 80 88 75 70 95 91 81 82 79 91 86 76 82 73 75 68 70 65 70 69 65 67 69 61 63 67 64 66 65 63 61 57 63 63 67 60 62 60 55 93 192 189 181 177 159 143 96 100 92 96 194 182 190 199 198 201 186 189 178 179 176 196 196 174 170 190 181 177 178 186 181 174
144 155 141 120 129 143 131 143 128 128 143 155 168 142 124 133 143 156 136 139 139 139 155 144 129 120 136 136 124 121 142 120 113 104 130 113 106 113 109 126 120 106 117 118 100 112 114 102 91 103 102 82 85 82 91 98 97 119 106 81 103 98 87 90 81 78 85 78 78 77 73 67 66 61 58 70 64 48 56 54 61 66 66 73 73 66 70 69 65 69 62 64 60 59 62 149 189 183 186 173 132 111 89 79 87 144 202 188 196 178 188 168 178 178 200 180 186 201 185 175 151 194 189 182 180 169 185 186
142 128 138 147 145 141 156 160 143 129 132 150 151 143 129 131 136 135 140 130 122 127 133 128 132 122 120 130 125 115 129 113 130 131 118 106 111 127 117 127 118 99 120 119 95 108 130 110 88 121 99 91 108 107 108 109 107 96 105 100 111 96 86 87 100 91 90 88 86 86 83 76 77 72 75 80 80 74 74 69 67 73 68 69 73 66 74 79 72 68 70 66 61 53 87 179 175 183 181 170 91 65 98 71 82 156 197 185 195 180 176 168 158 161 207 186 182 184 160 173 165 180 176 158 155 155 184 179
145 125 122 132 152 149 139 129 145 163 153 130 153 136 140 152 123 123 127 129 133 118 119 123 122 110 123 135 124 122 128 114 109 108 148 128 104 119 102 113 113 118 108 114 111 113 129 116 86 97 120 106 100 117 110 103 95 109 99 122 128 90 93 100 99 104 95 95 99 90 90 87 75 83 85 83 85 78 78 77 83 78 76 73 76 79 73 72 75 74 71 66 69 61 135 184 174 181 184 173 76 64 58 123 184 190 195 178 184 192 205 147 171 175 189 187 179 185 167 148 156 170 94 92 126 135 181 187
136 129 132 140 144 151 131 127 159 143 109 126 160 136 141 150 141 124 129 145 128 134 128 123 132 130 114 125 128 121 107 123 125 118 123 103 123 125 105 111 133 129 104 109 115 130 119 117 122 110 96 107 120 106 100 97 113 97 113 103 103 117 97 104 99 96 98 103 101 87 94 89 88 90 89 96 93 78 85 90 81 78 76 78 78 69 73 72 70 68 67 72 67 70 165 180 172 192 193 131 82 71 132 188 179 180 182 175 185 192 189 193 182 170 183 181 184 194 180 161 158 155 47 54 110 139 201 199
140 147 133 138 126 135 146 140 158 148 133 148 150 136 126 158 143 137 146 134 125 134 141 138 127 147 135 155 113 130 131 129 116 135 131 117 115 110 113 116 107 108 114 111 117 115 113 123 115 122 102 97 114 114 106 97 96 100 109 100 105 111 92 98 94 99 89 97 100 96 110 86 76 92 88 92 93 91 81 81 74 75 78 78 76 65 62 68 67 61 60 63 62 94 183 180 174 201 178 121 48 125 203 182 183 187 188 178 173 189 193 179 179 172 177 165 189 178 176 181 184 136 15 28 79 129 194 189
148 141 134 120 133 174 148 140 144 135 154 163 155 145 143 152 134 141 135 122 138 168 148 138 157 154 133 122 146 164 112 126 150 132 127 133 143 132 124 128 121 116 114 117 107 106 126 119 115 111 118 109 106 103 104 113 95 101 113 107 85 100 98 88 80 91 92 96 91 81 88 101 81 88 85 87 85 78 83 79 73 78 72 74 68 68 68 66 65 60 58 57 52 111 189 170 180 194 159 68 102 195 190 163 169 171 183 180 186 188 188 181 181 174 184 186 173 181 179 176 174 154 48 16 69 133 167 181
143 131 128 164 169 152 116 120 146 153 158 154 148 132 147 146 144 162 161 159 157 134 117 130 162 163 131 138 149 126 125 133 140 137 120 134 125 114 126 127 114 116 122 120 118 99 120 127 99 101 114 125 88 84 97 106 100 101 96 100 87 105 103 90 93 87 95 82 94 91 80 106 97 73 81 93 76 82 82 78 62 68 77 73 66 67 67 60 59 59 58 57 53 99 175 164 190 200 116 58 179 197 185 172 172 178 192 177 181 193 178 180 166 170 193 199 186 168 171 182 164 157 82 16 81 143 161 176
127 131 128 111 136 172 134 108 120 131 94 79 95 101 100 70 79 81 87 78 54 64 104 117 93 106 99 123 156 182 113 129 160 143 122 122 108 123 130 128 104 126 131 125 111 118 120 122 107 110 120 106 105 98 103 115 102 86 86 110 109 86 94 101 91 79 83 87 77 90 90 83 81 76 77 83 80 81 71 69 64 65 79 72 68 64 67 60 62 59 61 63 53 104 175 154 199 148 51 99 190 183 178 182 157 192 168 179 188 187 183 177 174 184 173 176 173 167 154 175 170 132 62 21 89 137 142 177
167 125 99 126 155 114 90 95 89 53 45 36 45 43 42 43 54 52 49 45 52 40 54 76 102 139 109 120 133 140 129 121 140 135 104 125 126 124 113 115 116 122 123 126 121 130 122 123 123 113 111 112 127 111 110 106 99 98 92 112 96 101 90 90 108 96 83 91 76 71 78 77 81 72 71 84 81 73 62 75 68 66 64 65 70 64 62 62 66 61 59 63 54 126 170 176 195 136 82 151 195 176 168 175 166 185 160 178 186 185 172 181 170 183 171 172 178 171 178 179 178 118 49 19 71 130 179 168
135 108 95 102 108 107 85 73 92 96 94 100 91 75 86 89 86 90 101 93 113 146 129 108 150 158 131 135 131 109 124 151 131 132 138 147 137 138 137 131 138 142 131 139 132 115 126 141 125 107 95 101 130 107 95 110 105 118 92 101 101 84 90 100 87 89 89 83 76 73 84 84 81 76 71 75 74 72 77 78 75 62 67 69 69 70 62 62 60 61 64 59 67 151 154 185 169 121 95 189 191 182 175 179 172 176 169 194 187 179 180 175 189 183 179 196 184 191 198 182 171 122 47 16 41 126 167 125
87 105 119 134 110 101 98 131 128 144 153 135 123 139 132 103 123 119 108 123 147 169 152 146 121 135 140 141 138 89 103 143 106 99 124 141 116 123 145 143 155 140 130 140 139 132 106 107 121 129 117 120 102 101 92 88 96 104 94 90 83 86 95 95 88 95 93 93 80 78 86 77 83 71 65 67 84 83 73 75 77 67 68 82 75 69 67 77 78 71 76 68 94 176 169 190 142 106 128 177 178 170 173 152 167 178 164 179 174 190 181 157 171 185 180 170 173 173 187 184 164 124 38 10 44 129 96 61
114 76 45 79 103 103 133 166 135 118 107 110 162 162 160 146 138 133 151 147 156 136 133 157 149 140 126 139 138 128 144 141 132 125 136 129 132 143 145 137 125 127 120 126 116 116 106 115 102 94 104 111 96 97 115 104 97 90 99 93 85 87 88 91 110 93 96 86 85 80 85 74 76 81 80 77 70 80 88 72 80 84 74 85 83 80 76 67 67 77 77 72 132 185 163 167 140 85 137 184 171 166 170 176 170 155 186 188 179 178 171 150 153 184 174 154 165 188 184 175 165 91 21 14 47 116 119 106
51 41 51 49 84 91 125 120 115 113 133 135 109 133 141 141 150 145 123 119 137 105 89 100 147 139 130 125 110 127 151 137 138 131 138 132 122 118 128 135 112 118 124 127 127 103 114 105 98 99 99 106 107 110 125 101 94 106 117 126 111 109 89 77 85 84 77 81 94 81 82 79 84 76 78 82 76 74 78 69 78 80 79 81 75 85 74 67 65 69 76 68 140 171 145 183 155 95 177 169 174 180 149 179 179 165 169 176 164 171 153 153 149 170 179 159 176 174 167 184 162 71 14 16 30 118 168 151
21 20 32 59 47 47 56 73 86 109 122 113 134 132 145 135 116 121 139 149 142 112 140 127 139 138 137 112 126 138 143 138 144 124 140 142 135 143 164 142 117 107 122 122 116 118 105 101 111 118 106 95 103 121 118 116 92 98 87 94 100 102 90 77 76 88 84 81 75 78 79 75 75 78 76 73 72 84 78 85 72 73 79 94 77 66 79 77 68 68 65 59 164 169 134 189 135 153 172 169 178 170 162 165 165 144 176 182 164 160 157 163 155 171 174 170 172 153 161 170 140 47 12 11 67 167 168 150
70 70 66 43 35 33 22 47 101 115 95 107 124 110 132 157 132 118 116 130 121 131 146 137 132 153 148 130 137 142 124 125 120 141 150 146 140 142 132 121 112 119 116 104 126 155 114 86 95 117 108 106 103 105 108 98 84 105 102 90 106 102 91 96 103 91 88 79 86 69 73 81 76 77 69 75 80 68 74 90 82 80 75 77 67 71 82 75 76 87 75 94 178 163 135 164 112 178 155 159 170 165 176 171 149 143 192 163 159 163 158 155 154 167 162 177 161 183 184 185 108 25 14 9 104 187 175 122
64 70 51 44 49 52 45 85 108 92 86 105 139 136 137 133 144 138 125 147 105 138 125 138 137 129 142 144 127 142 136 129 113 104 118 132 140 126 125 112 114 122 137 144 125 110 105 108 117 123 104 89 101 104 107 103 99 95 104 101 96 111 102 90 89 90 93 88 80 74 80 86 73 67 72 68 74 68 80 73 82 76 70 70 81 72 65 76 78 86 83 114 172 159 140 157 145 169 171 154 152 152 181 173 123 133 197 174 172 168 164 161 162 160 160 177 169 186 190 174 93 21 14 12 123 195 155 95
36 34 33 37 50 24 30 35 42 73 71 67 99 107 104 113 115 113 119 144 113 120 136 134 134 111 124 131 127 118 130 134 133 119 115 127 116 125 127 128 132 132 132 120 125 134 116 116 108 106 127 120 100 103 107 106 124 106 120 115 112 100 117 97 102 105 91 85 74 76 82 73 72 86 87 73 71 73 77 81 71 73 74 83 80 99 88 89 87 78 90 125 179 159 156 179 166 165 167 171 165 121 137 116 62 103 181 176 160 173 172 162 163 152 163 175 173 168 187 153 85 30 13 26 158 196 141 102
79 53 27 26 46 46 38 28 30 36 38 64 60 47 70 105 111 90 96 118 119 111 116 113 118 120 111 118 127 113 118 113 117 99 96 114 124 99 102 115 111 130 132 120 111 111 123 113 104 114 113 124 129 95 87 102 110 115 105 111 111 106 117 120 121 96 87 95 98 97 91 90 98 89 83 83 86 89 81 77 90 93 96 93 109 111 99 93 85 78 87 163 180 152 162 175 179 155 166 180 172 159 105 80 48 71 165 150 163 170 165 159 162 149 168 160 166 155 179 142 93 36 12 54 180 172 120 81
30 37 53 72 85 91 66 37 34 27 36 36 28 30 27 45 56 79 97 87 97 101 115 102 96 106 101 106 101 90 93 95 111 106 106 102 109 116 112 114 101 109 130 138 123 116 114 119 116 112 115 115 128 121 97 98 116 115 96 108 128 119 107 105 114 104 99 108 99 106 111 95 91 111 107 90 87 100 107 103 99 94 107 96 87 85 106 94 76 77 114 174 166 153 172 172 181 144 136 170 157 161 134 89 57 94 191 161 165 166 153 152 175 157 151 164 169 175 172 134 92 31 12 75 181 136 87 46
25 51 36 32 42 62 39 45 43 41 25 32 41 21 18 21 33 35 41 50 67 62 58 55 64 79 76 76 76 88 69 64 84 78 91 103 92 101 111 102 104 120 109 118 122 116 111 125 122 119 121 122 114 112 92 87 115 123 100 106 103 94 94 102 90 105 120 124 133 111 111 102 97 116 111 98 94 82 83 75 76 81 90 91 77 63 60 54 47 50 156 191 165 149 167 176 171 156 153 147 153 171 116 77 71 94 188 168 156 173 175 151 157 158 167 157 179 162 132 119 52 16 17 92 154 97 59 23
15 23 23 19 24 25 22 19 17 17 17 26 49 24 17 16 22 18 17 28 34 36 31 25 35 49 57 58 67 80 88 83 83 98 104 101 110 86 66 98 108 111 100 86 96 109 108 133 121 103 107 128 152 132 123 123 117 110 120 117 112 102 89 100 104 105 88 82 101 104 105 105 91 101 92 92 87 72 71 58 37 29 29 25 22 21 18 15 8 55 191 188 172 136 163 176 167 148 152 126 131 125 91 61 63 73 169 160 177 169 168 162 159 160 166 166 168 138 101 84 42 14 30 124 100 75 37 15
16 21 33 28 28 21 21 21 25 20 17 17 23 33 44 36 17 15 16 15 14 15 15 14 16 26 25 30 43 51 68 98 92 83 89 97 89 77 70 101 102 89 75 86 108 138 126 130 126 114 125 144 129 119 126 144 149 140 124 131 141 138 125 124 131 106 70 98 103 77 81 79 80 73 61 54 37 20 18 14 14 14 14 15 15 15 16 16 7 104 186 173 165 127 176 179 165 139 144 128 78 56 93 75 55 76 162 162 170 164 184 166 169 166 154 161 150 93 52 56 30 15 36 112 80 44 17 15
15 31 29 23 31 31 30 30 27 29 36 44 43 32 29 36 39 33 22 14 13 12 16 16 16 15 15 18 18 19 28 38 49 61 76 77 81 78 65 78 73 68 71 71 85 90 97 99 113 122 134 131 120 121 104 119 126 119 112 119 109 101 114 109 103 101 87 85 77 65 47 32 29 18 13 13 14 15 16 16 16 16 16 16 16 16 16 15 21 165 181 168 160 147 182 181 160 145 142 73 58 68 128 135 81 118 162 169 170 182 175 174 176 165 158 158 118 38 24 32 17 14 36 82 47 16 15 16
14 31 29 20 20 18 20 25 41 46 45 48 39 25 22 19 30 33 33 41 41 53 23 13 15 16 16 16 15 15 15 13 13 24 19 22 22 30 24 27 31 28 27 36 36 36 42 47 57 67 91 101 106 108 96 107 109 108 110 102 103 94 80 61 46 34 27 25 18 14 13 13 14 16 16 16 16 16 16 15 14 16 16 15 15 15 14 8 66 181 177 146 131 165 166 169 144 123 123 73 70 83 177 154 141 123 162 183 168 184 176 171 166 178 167 145 69 18 16 16 16 13 52 54 18 16 16 16
17 14 20 25 27 24 33 26 26 31 35 28 24 24 24 21 23 24 30 43 56 72 39 34 26 17 16 15 15 15 16 16 16 15 15 15 15 14 15 15 14 15 14 14 14 14 14 15 14 14 14 19 26 30 27 26 34 35 27 19 20 18 14 15 19 16 14 15 14 13 19 17 12 14 15 15 15 14 14 24 26 15 18 24 26 28 30 30 106 184 167 136 159 182 170 139 124 138 126 85 37 121 187 137 140 129 163 179 158 167 170 172 167 181 157 113 52 21 15 16 16 16 62 21 15 16 16 16
25 19 19 20 28 26 22 20 22 23 27 24 20 20 17 18 23 30 37 49 40 31 34 43 57 51 41 27 19 24 20 16 16 15 21 14 14 14 15 15 16 16 16 16 16 16 16 16 16 16 16 15 15 16 20 18 16 14 14 15 16 16 18 17 21 19 19 18 21 77 85 93 58 37 29 26 30 34 42 52 49 48 48 52 54 59 51 37 126 177 167 153 176 176 167 137 144 140 92 74 46 175 169 131 133 139 158 171 167 172 180 167 169 173 161 113 56 15 16 16 14 27 59 14 16 16 16 16
49 33 35 38 44 38 34 35 40 46 38 40 34 37 38 37 39 46 52 48 29 26 17 19 20 18 17 19 18 25 23 19 27 29 31 38 49 26 23 23 20 17 18 17 17 17 16 15 16 16 15 17 17 18 18 22 17 19 22 15 15 18 36 27 19 18 18 16 28 57 52 55 51 48 39 40 36 32 26 33 41 44 57 53 74 85 88 63 149 166 169 169 162 167 158 141 166 127 90 67 112 167 136 129 114 123 153 163 182 162 176 178 169 168 166 115 42 13 16 16 15 36 36 14 16 16 16 16
18 16 15 15 14 19 26 38 51 45 17 27 55 37 32 42 42 38 35 29 21 22 20 18 17 17 16 17 15 17 20 24 37 45 51 58 62 60 55 59 49 52 48 43 47 36 38 36 27 32 35 17 20 19 20 27 16 42 64 43 36 50 44 29 26 21 18 17 15 15 23 44 54 45 37 39 46 39 31 41 42 38 52 72 90 88 96 95 155 157 134 156 166 161 152 144 150 97 83 130 148 132 119 130 89 114 166 173 159 160 171 167 165 174 183 110 36 14 16 16 21 53 22 15 16 16 16 16
15 17 15 17 24 27 45 52 59 26 14 16 25 43 79 57 30 37 30 23 15 15 16 40 29 11 17 17 18 17 17 35 56 61 63 66 72 73 68 65 61 64 69 69 70 54 38 41 39 28 26 17 17 17 16 34 17 20 40 46 39 31 26 17 22 28 21 17 17 30 66 107 72 58 58 49 52 63 55 52 50 53 41 33 46 41 41 87 162 161 164 142 179 165 164 166 144 126 165 174 139 150 172 150 132 148 170 178 179 165 172 158 161 161 175 113 36 14 16 17 32 51 15 16 16 16 16 16
57 55 55 55 63 54 57 50 56 44 37 42 45 56 77 37 13 43 82 41 66 55 43 29 97 80 18 17 17 19 23 39 47 54 61 48 30 47 67 65 62 63 56 51 49 51 30 26 33 30 23 16 21 18 17 23 17 17 21 35 51 44 37 24 22 16 16 17 19 32 31 19 29 39 35 35 41 52 40 28 29 52 68 88 81 72 43 127 186 172 167 160 167 170 177 157 153 182 191 176 175 183 162 133 128 162 170 170 182 171 174 179 169 165 156 100 26 14 17 22 45 31 14 16 16 16 16 16
47 51 56 61 57 58 52 52 49 43 48 51 54 62 54 43 28 26 33 28 55 52 40 40 120 105 13 17 17 22 25 39 43 39 51 63 43 43 53 49 37 31 28 30 35 39 42 42 44 42 34 17 25 21 16 17 18 17 17 17 57 70 66 40 31 19 21 22 32 42 16 16 31 44 36 48 63 41 47 105 100 75 62 71 65 61 43 137 181 164 137 146 169 166 165 173 180 186 186 183 151 146 116 118 105 174 184 175 179 171 158 180 163 177 165 90 21 18 27 25 30 17 16 16 16 16 16 16
68 103 101 56 59 59 68 61 57 51 44 49 48 37 40 39 40 41 42 48 42 38 33 46 91 45 21 30 38 43 36 29 21 24 42 37 24 21 24 30 36 35 34 31 26 31 37 48 54 58 34 19 18 16 17 18 20 16 15 36 93 77 82 57 49 51 36 25 47 51 15 15 29 73 70 51 54 32 38 129 126 60 55 54 46 48 44 137 176 158 121 160 158 152 167 177 166 188 175 172 138 159 153 151 151 169 177 142 168 167 158 159 176 176 178 91 33 50 33 19 22 15 16 16 16 16 16 16
