107 139 149 139 141 153 152 154 157 154 157 157 153 150 156 159 150 152 155 153 153 156 155 155 158 157 155 160 159 156 158 157 156 158 157 158 160 157 159 153 156 158 156 156 161 159 159 160 160 159 158 160 161 160 160 161 161 158 161 164 160 158 157 154 153 158 161 160 158 152 155 159 160 164 161 158 158 158 159 155 163 158 155 156 160 159 155 153 157 159 156 156 156 158 158 155 154 155 152 154 155 153 151 150 152 149 150 150 149 145 151 152 149 147 144 145 142 143 145 144 143 146 139 135 124 106 83 59
171 174 173 174 173 173 174 174 173 174 173 174 175 176 175 176 176 176 177 177 177 176 177 176 176 176 179 177 178 178 178 180 180 179 179 179 180 181 180 180 180 180 180 180 180 181 181 181 181 181 181 181 180 182 182 182 182 182 182 182 183 183 182 183 182 183 183 183 183 184 183 184 183 183 183 183 183 183 182 183 183 182 182 183 183 183 183 183 183 183 183 183 182 182 182 183 182 182 182 182 182 182 182 181 181 181 181 180 180 180 180 180 181 180 179 180 179 179 179 179 179 179 178 178 180 179 173 141
172 171 171 172 171 172 171 171 171 173 173 173 173 173 174 174 174 174 174 175 174 175 175 176 175 175 176 176 176 176 177 177 178 177 178 177 178 178 177 178 178 178 178 179 179 179 179 179 179 180 179 179 179 180 180 180 181 181 180 180 180 180 179 180 180 180 181 181 181 181 181 181 181 181 181 180 181 181 181 180 180 181 181 181 181 181 180 180 181 180 180 180 180 180 180 180 180 180 179 179 180 180 179 178 178 178 178 178 177 177 177 178 176 177 177 178 176 176 176 176 175 175 175 174 176 176 177 180
171 172 171 172 171 172 171 171 172 173 173 173 174 174 175 174 174 174 174 175 175 176 175 175 175 175 175 176 176 177 177 177 178 177 177 178 177 177 178 178 178 177 178 178 180 179 179 179 179 179 178 179 180 180 179 180 180 180 180 180 180 180 179 179 180 180 180 181 180 181 181 181 181 181 180 180 181 180 180 180 179 180 181 180 180 180 180 180 180 180 181 180 179 179 180 179 180 180 179 179 180 179 179 178 177 178 178 177 178 178 177 177 177 176 176 177 177 176 175 175 175 175 174 175 175 176 176 176
171 172 171 171 171 171 171 172 172 173 174 174 174 174 174 175 174 174 174 175 175 175 175 175 174 175 175 175 177 176 175 176 177 177 177 177 178 177 178 178 178 178 178 178 179 178 179 179 178 179 178 178 179 180 179 180 179 180 179 180 180 180 179 180 180 180 180 180 180 180 180 181 180 180 180 180 180 180 180 180 180 181 180 180 180 180 180 179 179 180 180 180 180 179 180 180 179 179 178 178 179 178 178 178 178 178 177 177 178 178 177 177 176 176 176 176 177 176 175 175 175 175 174 175 175 174 175 175
170 170 170 171 171 171 172 172 173 172 173 173 174 175 174 174 174 174 175 175 174 174 175 176 175 175 175 175 176 176 176 177 177 177 177 178 177 177 177 177 178 178 178 178 178 178 178 178 178 179 179 178 178 178 179 179 178 179 180 179 180 180 180 179 179 179 180 180 180 180 180 180 180 181 180 180 180 180 181 180 179 180 180 180 180 180 180 179 180 179 179 180 180 180 180 179 179 179 179 179 178 178 178 178 178 178 178 177 177 177 176 176 177 176 176 176 176 175 175 175 176 175 174 174 174 175 175 175
171 170 171 172 171 171 171 172 172 172 172 173 173 173 174 173 174 174 174 174 174 174 174 175 175 175 175 175 176 176 176 176 176 177 177 177 177 177 177 177 178 178 177 177 177 178 178 178 178 178 178 178 178 179 179 179 180 180 179 179 179 179 179 179 179 180 180 180 180 180 180 180 180 181 180 179 180 180 179 180 179 180 180 180 180 180 179 180 179 179 179 180 179 181 179 179 179 180 178 179 178 178 178 177 178 177 177 177 177 177 176 177 176 177 177 176 175 175 175 174 175 174 174 174 175 175 175 175
170 170 171 171 172 171 171 171 171 172 172 173 173 173 173 173 173 174 175 175 174 174 174 174 175 174 175 175 176 175 175 176 177 176 177 177 176 177 177 177 178 177 177 177 177 178 178 178 178 178 178 178 178 178 179 179 179 180 179 179 179 179 179 179 179 179 179 180 179 180 180 180 180 180 179 179 180 180 180 179 179 179 179 180 180 179 179 180 180 179 179 180 180 180 179 180 179 179 178 178 178 178 178 177 177 177 177 177 178 177 176 176 176 176 176 177 175 175 175 174 174 174 173 174 174 175 175 175
170 171 170 171 171 171 171 170 172 172 172 173 173 172 173 173 174 174 174 174 174 175 174 174 175 175 174 175 175 175 176 176 177 177 176 177 177 176 177 178 177 178 178 178 178 178 179 178 178 178 177 178 178 178 179 179 179 179 179 179 179 179 179 179 179 179 179 179 180 179 179 179 180 179 180 179 180 180 179 179 179 180 179 179 179 180 179 179 179 180 179 180 179 179 179 180 179 179 178 178 178 178 178 178 177 177 178 177 177 177 176 176 177 176 176 176 175 176 175 174 174 174 174 174 174 175 175 175
170 171 170 171 171 171 171 171 171 172 172 173 172 173 172 173 174 173 174 174 174 174 175 174 174 175 174 174 175 176 175 176 176 176 176 177 177 177 177 177 176 177 177 177 178 177 177 178 177 178 177 178 177 178 179 179 178 178 179 179 178 179 178 178 179 179 178 179 180 179 179 180 179 179 179 180 179 180 179 179 179 179 179 179 179 179 179 179 179 180 179 179 179 180 179 179 179 178 179 178 177 178 178 177 177 177 177 176 177 177 177 176 176 176 176 176 176 176 175 175 174 174 174 174 174 174 174 175
170 170 171 171 171 170 170 170 171 171 172 173 172 172 173 174 173 173 173 174 174 175 174 174 175 174 174 175 174 175 176 176 176 176 176 177 177 177 177 177 177 177 176 177 178 178 178 177 177 178 178 178 177 178 178 177 178 179 178 179 178 178 178 179 178 179 179 179 179 179 179 179 180 180 179 179 179 179 179 179 179 179 179 178 179 179 178 178 178 180 179 178 178 178 178 179 179 178 178 178 177 177 178 177 177 176 177 176 176 177 176 176 176 176 176 176 176 176 175 175 174 174 174 174 174 174 174 174
170 170 170 170 171 170 170 170 171 172 172 173 172 173 174 174 173 173 173 174 173 174 174 174 174 173 174 174 174 175 176 176 176 176 176 177 176 176 176 176 177 176 177 177 176 177 177 178 178 177 177 178 177 178 178 178 178 178 178 178 177 178 179 178 178 177 178 179 178 179 178 179 179 179 179 178 179 178 179 178 178 179 178 179 179 179 179 179 178 179 179 178 179 180 179 179 178 178 178 177 178 178 177 177 177 176 177 177 177 176 176 175 176 176 176 176 175 175 175 174 174 174 174 174 173 174 174 174
169 170 170 170 170 170 170 170 171 172 171 172 172 172 172 173 173 173 173 174 174 175 175 174 173 174 174 174 175 175 176 175 176 176 176 176 176 176 176 176 176 177 177 177 177 177 177 176 177 177 178 178 177 178 179 178 178 178 178 178 177 177 179 178 178 178 178 178 178 179 178 179 179 179 178 179 179 179 179 179 179 178 178 178 178 178 179 179 179 179 178 178 179 179 178 178 178 178 177 177 178 178 177 177 177 176 177 177 177 176 176 175 175 175 175 175 175 175 175 174 175 174 174 173 174 173 174 173
169 169 170 171 170 170 170 170 171 171 172 172 172 173 173 173 172 173 174 173 173 174 174 175 174 174 174 174 175 175 175 175 176 177 176 176 176 176 175 175 176 177 177 177 177 177 177 176 177 177 177 177 178 178 177 178 177 178 178 178 178 178 178 178 178 178 179 178 178 178 178 178 179 179 179 178 178 178 179 179 178 178 178 178 179 178 178 178 178 178 178 179 178 179 178 178 178 178 177 178 177 177 177 177 177 176 177 177 176 176 176 175 176 175 176 175 176 175 175 174 174 174 173 174 174 174 174 174
169 170 169 169 170 171 170 170 171 172 172 172 172 172 172 172 172 172 172 173 173 174 174 174 174 173 174 174 174 175 175 175 175 176 176 176 176 177 176 175 176 176 177 176 177 177 176 177 177 177 177 177 177 178 177 178 177 177 178 178 178 178 177 177 178 178 178 178 178 178 178 178 179 179 178 178 178 178 178 179 178 178 178 178 179 178 178 179 178 178 178 178 179 179 177 179 178 178 177 177 178 177 178 178 177 177 177 177 176 177 175 176 176 175 176 175 175 176 176 174 174 174 174 173 174 173 174 174
169 169 169 169 170 170 170 170 171 172 171 172 172 172 172 172 172 172 173 173 173 174 173 174 174 174 174 174 174 174 176 176 175 176 176 175 176 176 176 176 176 176 177 177 176 176 176 177 177 177 177 177 178 178 177 177 178 178 177 178 177 177 178 177 177 178 178 178 178 178 177 178 178 178 178 178 178 179 179 178 178 178 179 178 178 178 179 179 179 178 178 178 180 178 181 180 178 178 178 178 178 177 178 177 177 177 177 176 176 176 176 176 175 175 175 176 175 175 175 174 174 174 173 174 173 174 174 174
170 169 170 170 171 170 170 170 171 172 171 172 172 173 172 172 172 173 172 174 173 174 174 173 174 173 174 174 174 174 175 175 175 176 176 176 175 176 176 175 176 176 176 176 176 176 177 176 177 177 177 177 177 177 177 177 178 178 178 177 178 178 177 177 178 178 177 177 178 178 178 178 178 177 179 177 179 178 178 178 178 178 178 178 178 178 178 178 178 178 179 178 177 176 153 156 181 177 178 178 178 178 177 177 177 177 176 176 176 176 176 176 175 175 176 176 175 176 174 174 174 173 173 174 174 173 174 174
168 168 170 170 171 170 170 171 171 171 171 172 172 172 172 172 172 173 173 173 173 174 174 173 174 174 174 174 174 174 174 175 175 176 176 176 175 175 176 176 176 176 176 177 177 176 177 176 176 176 177 177 177 177 177 177 178 177 177 177 177 177 177 177 177 177 177 178 177 178 178 178 177 178 178 178 178 178 178 178 178 177 178 178 178 179 178 178 178 179 178 178 177 156 144 175 179 178 178 177 177 177 177 178 177 177 177 176 177 176 176 176 175 176 175 176 175 175 174 174 174 175 173 173 173 173 173 173
168 169 169 169 170 170 170 170 170 171 171 172 172 173 172 172 172 173 173 173 173 173 174 175 174 174 173 173 174 174 175 175 175 176 175 175 176 176 175 175 175 176 176 176 177 176 176 176 176 176 177 177 177 176 177 177 177 178 177 177 177 177 177 177 177 178 177 178 177 177 178 177 177 177 177 177 178 177 177 177 177 177 178 178 178 178 178 178 178 178 178 179 176 135 179 179 178 178 178 178 178 177 177 177 177 177 177 176 176 177 176 176 176 176 176 175 175 175 174 175 174 174 174 173 173 174 174 174
169 169 169 170 170 170 170 170 171 171 171 172 172 172 172 172 172 172 173 173 172 173 173 174 173 174 173 173 173 174 174 174 175 176 176 175 175 176 175 176 175 176 175 176 177 176 175 176 176 176 176 178 177 177 176 177 177 177 177 177 177 177 177 176 177 178 177 178 177 177 177 177 178 177 177 177 178 177 177 176 177 177 178 177 178 177 177 177 177 178 178 179 177 152 183 178 178 178 177 178 177 177 177 177 177 177 177 177 176 176 175 175 175 175 175 176 175 175 175 175 174 174 174 174 174 174 174 174
169 169 169 169 170 170 170 170 170 172 172 171 172 172 173 172 172 172 172 172 173 173 174 174 173 173 173 174 173 173 173 174 175 175 175 175 175 176 176 176 175 175 176 176 176 177 176 177 176 176 176 177 177 177 176 177 177 177 177 177 177 176 177 176 177 176 177 177 176 177 177 178 177 177 177 177 178 177 176 177 178 177 178 177 178 178 178 178 178 178 178 179 173 128 172 179 178 177 178 177 177 177 178 177 177 177 177 177 176 176 176 176 176 176 176 176 175 175 175 175 174 175 174 174 175 174 174 174
168 169 169 170 169 169 170 170 171 171 172 171 172 172 172 172 172 172 172 172 173 173 174 174 173 173 172 174 174 173 175 174 175 175 175 174 176 176 175 175 175 175 176 175 176 177 176 176 176 176 176 176 177 177 176 177 177 177 176 177 177 176 176 176 176 176 177 178 177 178 177 177 177 177 177 177 177 177 176 177 177 177 177 177 178 178 177 178 177 178 178 180 153 98 142 182 177 178 177 176 177 177 177 177 177 177 177 176 176 176 176 176 176 176 176 176 175 175 174 174 174 174 174 173 174 174 174 174
169 169 169 170 170 170 169 170 170 171 171 172 172 172 172 172 171 171 172 172 172 173 173 173 173 173 173 173 174 174 173 175 175 175 175 175 175 175 175 175 175 176 175 176 176 175 176 176 176 176 176 176 177 175 176 177 177 177 176 177 177 177 176 177 177 177 177 177 177 177 177 177 177 177 177 177 177 176 177 177 176 177 177 177 176 177 177 178 177 177 178 179 135 112 129 180 178 178 177 176 176 177 177 177 177 177 176 176 176 176 176 176 175 176 175 175 176 175 174 174 174 173 174 174 173 174 174 174
168 169 170 169 169 169 170 170 170 170 171 171 172 172 172 172 172 172 172 173 172 172 173 173 173 173 173 173 174 174 173 174 174 174 174 175 175 175 175 175 175 176 175 176 176 175 176 175 175 176 176 177 176 177 176 177 177 177 177 176 176 177 176 176 176 177 177 177 177 177 176 177 177 177 176 177 177 176 177 177 177 177 177 177 177 177 177 177 177 178 178 174 116 102 109 169 179 177 176 176 176 176 177 177 177 176 177 176 175 176 176 176 175 176 176 176 175 174 175 175 174 174 173 174 173 174 174 174
168 169 168 169 169 170 170 169 170 170 171 171 171 171 172 171 171 172 172 172 172 172 172 172 172 173 173 174 173 173 174 174 174 175 174 175 175 175 174 174 175 175 176 175 175 175 175 176 175 176 176 176 176 177 176 177 176 177 177 176 176 176 176 177 177 176 177 177 177 177 176 176 177 178 177 176 177 176 176 177 176 176 177 177 177 177 177 177 177 177 177 160 107 101 97 153 181 177 177 177 177 176 177 177 176 176 176 177 176 176 176 176 176 176 176 176 175 174 174 174 174 174 174 174 173 174 173 173
168 169 169 169 169 169 170 170 170 170 171 171 171 172 171 172 172 172 172 171 172 172 173 173 172 173 174 173 174 174 174 174 174 174 175 175 175 174 174 174 175 175 175 175 175 175 176 176 176 176 176 175 176 176 176 176 176 177 176 176 176 176 176 176 176 176 176 177 176 176 176 176 177 177 177 177 177 177 176 176 176 176 176 176 177 177 177 177 177 176 177 142 106 102 97 134 182 177 177 177 177 176 177 177 177 176 176 177 176 176 175 175 176 176 176 176 175 175 174 174 174 173 173 173 173 173 173 174
168 168 168 168 169 168 169 169 169 170 170 171 172 172 171 172 172 172 172 172 172 173 173 173 173 173 173 173 173 174 173 174 175 174 175 175 175 175 175 175 175 175 175 175 175 175 175 175 176 175 175 176 176 176 176 176 176 176 176 176 176 176 176 175 177 177 176 176 177 176 177 177 177 177 176 176 177 177 176 176 176 176 176 176 176 176 176 177 176 174 176 126 108 100 99 115 179 177 177 177 177 176 177 177 175 176 176 176 176 176 176 176 176 176 176 176 175 174 174 174 174 173 173 173 173 173 173 174
167 168 168 168 169 169 169 169 169 169 170 170 171 172 171 171 172 173 173 171 172 173 173 173 173 173 173 173 173 173 173 174 174 174 175 175 174 175 175 175 175 174 174 176 176 176 175 176 175 175 174 176 176 176 176 176 176 177 176 175 176 175 176 177 176 176 177 177 177 176 177 176 177 176 176 176 176 177 177 176 176 176 177 176 176 176 177 176 175 176 167 117 112 101 101 105 170 179 176 176 176 177 176 177 176 176 176 176 175 176 176 176 175 176 175 175 175 175 174 174 174 174 174 173 173 173 173 173
167 168 168 169 168 169 168 169 169 170 170 170 171 171 171 171 172 172 171 172 172 173 173 173 173 173 173 173 173 174 174 173 173 174 175 175 174 175 175 174 175 176 175 175 176 175 175 176 176 175 175 176 176 176 177 177 176 176 177 175 175 176 176 176 176 176 177 176 176 176 176 176 177 176 176 176 176 176 177 176 176 176 175 176 176 177 176 176 174 179 151 115 112 101 102 99 155 180 177 176 176 177 176 177 176 176 175 176 175 176 176 176 176 176 176 175 174 174 175 175 174 174 173 173 172 173 173 173
167 167 168 168 168 168 169 168 169 170 171 170 171 171 171 171 171 172 172 172 172 172 172 173 173 173 172 173 173 174 173 173 174 174 174 175 174 175 175 174 175 175 174 175 176 175 176 176 175 175 175 176 176 176 176 176 176 176 176 176 176 175 176 176 176 176 177 176 176 176 175 176 176 176 176 176 177 176 177 176 176 176 177 176 176 177 176 175 175 176 134 120 113 102 102 100 136 180 177 176 177 176 176 176 177 177 176 176 176 175 175 175 175 175 176 174 175 174 174 175 174 173 173 173 173 172 173 173
166 167 168 167 169 168 168 169 168 169 170 170 170 171 171 171 171 172 172 173 171 172 172 173 173 172 173 173 174 173 173 174 174 175 174 174 174 175 174 175 175 175 175 175 175 175 176 176 175 175 175 175 176 176 176 176 176 176 176 176 176 176 175 176 176 176 177 175 176 176 176 176 177 177 177 176 177 177 177 176 177 176 176 176 176 177 176 173 177 169 122 125 112 105 104 101 119 178 176 176 176 177 176 176 176 176 176 175 176 175 175 175 175 175 175 174 175 174 175 175 174 173 173 172 173 173 173 173
166 167 167 168 167 167 168 168 168 169 170 170 170 171 170 171 171 172 172 171 171 172 173 173 172 172 173 173 173 173 173 174 173 174 175 175 175 174 175 174 175 175 175 175 175 176 176 176 176 175 176 175 176 177 176 175 175 175 175 176 176 176 176 176 177 176 176 176 176 177 175 176 176 177 177 176 176 176 176 176 176 176 177 176 176 177 174 176 178 158 117 130 111 106 104 104 105 170 176 176 175 176 177 176 176 176 176 176 176 175 175 176 176 175 175 175 175 174 175 174 174 173 173 174 173 173 173 173
167 167 167 168 168 167 168 168 168 169 169 170 170 171 171 170 171 172 172 171 171 172 172 173 172 172 173 173 173 173 174 174 174 175 175 175 174 174 175 175 174 175 175 175 175 175 176 176 175 175 175 175 176 176 176 177 176 175 175 175 176 175 176 176 176 176 177 176 176 176 176 177 176 176 176 176 176 177 176 176 176 176 176 176 176 176 170 172 172 138 117 131 110 107 105 104 99 155 178 176 175 176 176 176 177 176 176 176 175 176 175 175 175 176 174 175 174 174 174 174 174 174 173 173 173 173 172 172
167 167 167 167 168 168 168 167 169 169 169 169 170 171 170 170 171 171 171 171 171 172 172 172 172 173 173 173 174 173 174 174 174 174 174 174 175 174 176 174 175 175 175 175 175 175 175 176 176 175 175 175 176 176 176 177 176 176 176 176 175 175 176 175 176 176 176 176 177 177 177 176 177 176 175 177 176 176 177 176 176 176 176 176 176 175 173 177 165 110 115 125 107 106 104 105 99 136 179 175 175 176 176 176 176 177 176 175 175 175 175 175 176 176 175 176 175 174 174 174 174 174 173 174 173 172 172 173
166 166 167 167 168 167 167 168 168 168 168 170 170 170 170 170 171 171 170 171 171 172 171 172 172 172 171 172 173 173 173 174 174 174 174 174 174 174 175 174 174 175 175 175 175 175 175 175 175 175 176 175 176 175 176 176 176 177 176 176 175 176 175 175 176 176 176 175 176 176 176 176 176 176 176 176 176 176 176 176 176 176 176 176 176 176 174 177 145 119 147 133 106 106 105 107 104 122 178 176 175 175 176 176 176 176 175 175 175 175 175 175 176 176 175 176 175 174 174 173 174 173 173 173 173 172 172 171
166 167 166 167 167 167 167 167 168 167 169 169 170 170 170 170 170 171 171 171 171 171 171 171 171 171 172 172 173 173 172 173 173 173 173 175 173 174 174 174 175 174 175 175 175 175 175 175 175 175 176 175 175 175 176 175 176 175 175 176 176 175 175 175 176 176 176 175 176 176 176 176 176 175 176 176 176 176 176 176 176 176 176 176 176 175 174 173 128 145 195 184 169 148 128 118 114 119 171 174 175 176 177 175 176 176 175 175 175 175 175 175 175 175 175 175 174 174 174 173 173 172 174 173 173 173 173 171
166 167 166 166 167 167 167 167 167 168 168 170 170 170 169 169 170 170 171 171 171 171 172 171 172 172 172 171 172 173 173 174 173 174 174 174 174 173 174 174 174 174 174 175 175 175 175 175 175 175 175 175 175 175 175 175 176 176 176 176 176 174 175 175 175 176 176 175 176 176 175 176 176 176 176 176 176 175 176 176 176 176 176 175 176 174 174 166 125 156 196 187 195 203 199 185 162 136 157 168 175 176 175 176 176 175 175 176 175 175 175 175 175 175 174 175 174 174 174 173 173 173 173 173 173 172 172 172
165 166 166 166 167 166 166 167 167 168 168 169 169 169 169 169 170 170 170 171 170 171 171 171 171 172 171 172 173 172 173 173 173 173 174 174 175 173 173 174 174 174 174 174 175 174 175 175 175 175 175 174 175 175 176 176 175 176 176 176 175 175 175 174 175 176 176 174 176 176 175 175 175 176 176 176 175 175 176 176 176 176 175 176 176 173 171 158 127 163 188 173 178 181 188 199 205 203 189 182 173 176 178 176 175 176 175 175 175 175 175 175 175 174 175 174 173 173 174 173 173 173 173 173 173 172 172 172
166 166 165 166 166 166 166 166 167 167 167 168 169 170 169 169 169 169 170 170 170 170 170 170 170 171 171 172 173 173 172 173 173 173 173 173 174 174 174 173 173 174 174 175 174 175 175 174 175 175 175 174 175 174 175 176 175 176 175 175 175 174 175 175 176 175 175 174 176 175 175 175 175 175 175 175 175 175 175 175 176 175 176 176 176 167 169 143 95 158 194 178 173 175 175 148 136 186 209 203 188 162 158 173 178 176 175 175 175 175 174 175 174 174 174 175 174 174 174 173 173 173 173 173 172 172 171 172
165 165 166 165 166 166 166 166 166 167 167 168 169 169 169 169 169 169 170 170 170 170 170 170 170 170 171 172 171 173 171 172 172 173 173 173 173 173 173 173 173 174 174 173 173 174 174 174 174 174 175 175 175 174 176 175 175 175 176 175 174 174 174 174 175 174 175 174 175 175 176 175 175 175 175 175 175 175 175 175 175 174 176 175 175 171 169 128 123 168 194 182 177 174 176 172 140 121 162 206 204 197 174 146 156 176 177 175 175 174 174 175 174 174 174 174 173 174 174 173 173 173 172 172 172 172 172 172
165 165 166 166 166 166 166 166 166 167 168 168 169 169 168 168 169 169 169 170 169 170 170 170 170 171 170 171 172 172 172 172 172 172 173 173 173 173 173 173 174 173 173 174 174 173 173 174 174 174 174 174 174 174 175 174 174 175 176 175 174 174 174 174 174 175 175 174 175 174 175 175 175 175 175 175 175 175 175 175 175 175 175 176 173 172 162 126 136 176 195 182 178 175 175 173 171 138 119 143 203 203 198 191 158 138 161 176 175 174 174 175 174 174 174 174 174 173 173 173 173 172 172 172 171 171 171 171
165 165 165 165 165 165 165 166 166 167 167 168 168 168 168 168 168 169 169 169 169 169 171 170 171 170 171 171 171 172 171 172 172 172 173 172 174 173 173 173 173 173 173 174 174 173 173 174 174 173 174 174 174 174 174 175 175 175 174 175 174 174 174 174 174 174 175 174 175 174 175 175 174 174 174 175 175 175 175 174 175 175 175 174 173 170 149 132 147 183 195 181 177 176 174 172 172 165 136 120 131 197 201 194 195 178 141 143 170 175 174 174 174 174 174 174 173 173 172 172 172 172 171 171 171 171 171 171
165 164 165 166 166 166 164 166 165 167 167 167 168 169 168 168 168 169 168 169 169 169 170 169 170 170 171 170 171 171 172 172 172 172 172 173 173 173 172 173 172 173 173 173 173 173 173 174 173 174 174 173 173 174 174 175 174 174 175 175 174 175 173 173 175 174 174 173 174 173 174 174 174 175 174 174 173 174 174 174 175 175 174 171 175 168 136 138 150 188 197 179 176 174 172 172 170 169 157 133 111 127 194 200 192 190 188 160 135 159 174 174 174 173 173 173 173 173 173 173 172 171 171 170 171 171 171 171
164 165 164 164 165 166 166 166 165 167 167 167 168 168 168 168 169 169 168 169 168 170 169 170 170 170 170 171 170 171 171 172 171 171 172 173 172 171 172 172 172 173 173 173 173 173 174 173 174 174 173 173 174 174 174 175 175 175 175 174 174 174 173 173 174 174 174 173 174 173 173 174 175 173 174 174 173 174 172 172 174 174 173 172 174 164 126 146 153 188 194 178 174 174 171 171 169 167 169 144 127 102 131 197 198 191 189 187 175 138 146 169 174 174 173 174 174 173 172 172 172 171 170 170 170 170 171 171
164 164 164 164 164 165 165 165 165 166 166 166 167 168 167 168 168 168 168 168 168 169 168 169 169 170 169 170 171 171 170 171 171 171 171 172 172 171 171 172 172 172 172 172 172 172 173 173 174 173 173 173 173 173 174 174 174 174 174 174 173 173 173 173 173 173 173 173 174 174 173 173 173 172 173 173 173 173 173 173 174 174 171 174 172 152 125 152 155 181 183 173 171 170 169 169 168 168 168 162 132 116 99 138 198 198 189 187 183 180 142 136 165 172 174 172 173 172 172 172 171 171 171 170 170 170 170 169
164 164 164 164 165 165 164 165 165 165 166 166 167 167 167 168 168 168 168 168 169 168 168 168 169 169 169 169 170 171 170 170 170 170 171 171 172 171 171 172 171 172 172 172 172 172 172 172 172 173 173 173 173 174 174 174 174 174 174 174 173 173 173 172 173 173 173 173 173 172 173 173 174 173 173 173 173 173 173 174 174 171 172 174 169 136 134 155 155 172 172 166 166 166 164 166 166 167 167 171 143 121 107 100 148 202 196 186 183 178 178 144 128 159 171 174 173 172 171 171 171 170 170 170 170 169 170 169
164 164 164 164 165 164 163 164 164 164 166 166 167 167 167 167 167 168 168 168 167 168 168 168 169 168 168 169 169 170 170 170 170 171 171 170 171 171 171 171 171 171 172 172 172 172 172 173 173 172 172 173 172 173 174 174 174 174 174 173 173 173 172 172 172 173 173 173 173 173 173 173 173 173 173 173 173 173 172 173 173 169 174 172 167 129 144 155 153 165 165 162 161 162 160 163 162 163 164 167 160 119 113 102 100 158 199 189 180 176 173 174 141 119 155 168 173 171 171 170 170 171 170 169 169 169 169 169
163 164 163 164 164 163 164 164 165 165 165 165 166 167 167 166 167 167 167 167 167 168 168 168 169 168 168 168 169 169 170 169 169 170 170 171 171 171 171 171 172 171 172 171 172 172 172 172 172 172 172 172 172 173 172 174 173 174 173 173 173 173 172 172 173 172 172 172 172 173 173 172 172 173 172 172 173 172 172 174 170 172 173 168 161 126 150 155 152 159 160 158 158 158 158 159 159 159 161 162 163 129 112 102 100 103 169 194 181 174 171 167 169 132 111 151 167 172 171 170 171 170 168 169 168 169 169 168
163 163 162 163 163 163 163 163 164 164 164 166 166 166 165 166 166 166 167 167 167 168 168 168 168 168 168 168 169 170 170 170 170 169 170 171 171 171 170 171 170 171 171 171 171 171 172 171 172 171 171 172 172 172 173 172 173 173 172 173 172 172 171 172 172 172 172 171 172 171 172 172 172 172 172 172 172 172 172 169 167 172 173 169 148 131 153 157 151 155 156 155 155 155 155 157 156 157 159 158 160 144 106 105 98 97 108 180 185 174 169 165 162 164 116 107 147 166 171 170 170 170 169 168 168 168 168 168
163 163 162 163 162 163 163 163 163 164 164 165 165 166 166 166 166 166 167 167 166 167 168 168 167 168 168 168 169 169 169 170 170 169 171 170 171 171 170 170 170 170 170 171 171 170 170 171 171 171 172 172 171 171 172 172 172 172 173 172 172 171 172 171 172 172 171 171 172 171 171 171 172 172 172 171 171 171 172 165 165 165 163 162 132 138 152 156 150 153 153 153 153 153 153 154 154 154 155 155 155 149 110 104 98 97 93 122 184 174 168 163 160 159 154 98 107 146 167 171 170 169 169 168 168 168 168 167
162 163 162 162 163 162 161 163 163 164 164 164 165 165 166 165 165 166 166 166 166 167 167 167 167 167 167 168 168 168 169 170 170 169 170 170 171 170 170 169 170 171 170 170 171 170 170 170 171 171 171 171 170 171 171 171 172 171 172 172 172 171 171 170 171 172 171 171 171 171 171 171 172 172 172 172 171 171 171 170 173 173 167 158 121 140 144 147 145 150 150 150 151 150 150 152 151 152 154 152 152 150 117 102 98 94 94 90 142 177 164 161 158 156 158 132 89 111 146 167 171 169 168 168 167 167 168 167
162 161 162 162 162 162 162 162 162 163 164 164 164 165 164 165 166 165 165 166 166 166 167 166 167 167 167 168 167 168 168 169 169 169 169 169 169 169 169 170 169 170 170 170 171 170 170 170 170 171 171 171 171 171 172 171 172 172 172 172 172 171 171 170 171 171 171 171 172 171 171 171 171 172 171 171 171 171 169 171 172 171 165 150 127 150 155 155 148 147 148 148 149 149 149 151 150 150 151 150 151 151 123 106 97 92 92 90 96 161 163 157 155 154 152 153 103 90 115 148 169 170 168 168 167 167 167 166
162 162 162 162 162 162 162 162 163 162 164 165 165 165 165 165 165 165 165 166 166 166 166 166 166 167 167 167 167 168 168 168 169 168 169 170 170 169 170 169 169 169 169 170 170 169 170 170 170 171 171 170 171 171 171 172 171 172 172 172 171 171 171 170 170 171 171 171 171 170 171 171 171 172 171 171 171 171 168 171 172 168 167 136 136 151 156 156 148 144 146 147 147 147 147 148 148 148 149 149 149 151 126 109 102 90 89 88 85 117 164 154 152 151 149 152 130 85 96 120 153 171 168 167 167 167 167 167
161 162 162 162 163 162 163 162 162 164 163 164 165 164 165 165 165 165 165 165 166 166 166 166 166 167 166 166 167 168 168 168 169 169 169 169 170 169 169 169 169 169 169 169 169 169 169 170 171 170 171 170 171 172 170 171 171 171 171 171 171 171 171 170 170 170 171 170 171 170 171 171 171 171 171 170 171 169 169 172 171 163 167 126 145 151 157 155 147 142 144 144 144 144 145 146 146 146 147 146 147 148 128 107 109 94 87 86 86 88 147 154 150 149 147 147 145 94 85 103 126 160 170 167 167 166 166 167
161 162 162 162 161 162 162 162 162 163 163 164 165 164 165 165 165 165 164 165 166 166 166 167 166 166 166 167 168 167 167 168 169 169 170 169 169 169 169 169 169 169 170 169 169 170 170 169 170 170 170 170 170 170 171 171 171 172 172 171 171 170 170 170 170 169 170 170 170 171 171 170 171 171 171 171 170 167 170 171 168 165 159 127 150 151 157 156 139 142 142 142 142 143 143 144 143 144 144 144 145 146 128 107 109 104 85 85 84 82 115 154 148 147 146 144 146 112 82 91 108 136 167 167 166 166 166 166
161 161 161 162 162 162 162 161 162 163 163 163 165 164 165 165 164 164 166 166 166 166 166 166 166 166 166 166 167 167 168 168 169 168 169 168 169 169 169 168 168 168 169 168 168 169 170 170 170 170 170 170 171 170 171 171 171 171 171 171 170 170 170 170 170 170 170 170 170 170 170 170 170 170 170 170 168 168 171 169 167 169 141 132 148 144 145 139 135 142 140 140 141 141 141 141 141 142 141 142 142 144 128 106 107 108 89 82 82 82 92 147 146 144 144 142 143 129 82 83 99 114 152 169 165 166 166 166
161 161 162 161 162 161 161 161 162 163 163 163 164 164 164 164 165 165 165 165 165 165 165 166 166 165 166 166 166 167 167 167 167 168 168 168 168 168 168 168 168 168 169 168 168 168 168 170 169 170 169 170 170 170 170 170 171 171 171 171 170 170 170 170 170 170 170 170 170 170 170 169 170 170 170 169 167 169 170 168 165 170 121 106 106 106 108 107 127 142 138 138 139 139 139 140 139 140 140 140 141 142 127 105 106 106 97 80 80 81 81 134 146 144 143 142 142 138 87 80 90 103 128 165 167 165 165 164
161 162 161 160 161 161 161 162 161 162 163 163 164 164 163 164 165 164 164 165 165 164 165 166 166 165 166 165 166 167 167 167 167 168 167 168 168 169 168 168 168 168 168 168 168 169 168 169 169 169 169 169 170 170 171 170 171 170 170 170 170 170 170 170 170 170 169 170 170 170 169 169 170 170 169 168 167 169 168 170 165 164 122 139 146 149 153 154 137 139 137 137 137 137 138 138 137 138 138 138 139 140 125 103 106 103 101 80 78 79 78 120 146 143 144 141 140 141 95 78 84 98 109 151 167 165 165 165
161 161 161 161 160 161 161 161 161 161 163 163 163 164 164 164 164 164 164 163 164 165 165 166 166 165 166 165 165 166 167 167 167 167 167 167 168 168 167 168 167 168 168 169 169 168 168 168 169 168 168 169 170 170 170 170 170 170 170 171 170 170 170 169 169 169 170 169 169 170 170 169 170 169 170 166 169 167 169 167 167 150 130 151 153 152 155 140 133 138 136 136 136 136 136 137 135 136 136 136 136 138 123 102 105 104 101 84 76 70 67 109 147 142 143 142 140 143 103 78 81 96 99 134 167 165 165 165
161 160 162 161 161 161 161 161 161 161 162 162 163 163 164 163 164 164 164 164 164 165 164 165 166 165 165 165 165 166 166 167 166 167 167 167 167 167 166 166 167 168 168 168 168 168 168 168 169 168 168 169 169 169 169 170 169 169 170 169 170 169 169 169 168 169 170 169 170 169 169 169 170 169 168 167 168 167 170 164 170 134 138 152 153 151 155 146 136 137 136 135 134 135 134 134 134 134 134 134 135 137 120 100 102 102 101 87 75 67 67 97 129 144 128 121 139 138 107 78 79 94 96 121 160 164 165 165
160 160 161 160 160 161 160 161 161 161 162 162 163 163 163 162 163 163 163 164 164 163 165 164 164 164 165 165 165 166 166 166 166 167 167 167 166 167 167 166 166 167 167 167 167 168 167 168 168 168 168 168 168 169 169 169 169 169 169 169 169 169 168 168 168 169 169 169 169 169 168 169 169 169 166 168 167 169 169 163 167 125 139 142 144 143 147 140 137 137 135 133 134 133 133 133 133 133 133 133 133 135 118 100 101 99 100 88 75 71 70 95 114 124 129 118 132 113 103 72 77 92 96 114 152 165 164 163
160 160 160 160 160 160 161 160 160 161 161 161 162 163 162 162 163 163 163 163 163 164 164 165 164 165 164 165 164 165 166 165 166 165 166 166 166 167 166 165 165 166 166 166 167 167 167 167 167 167 168 168 168 168 169 168 168 169 169 169 169 168 168 168 168 168 168 169 168 168 168 168 168 168 165 166 168 168 165 166 154 130 150 152 155 149 151 135 136 135 133 131 133 133 132 133 132 132 133 132 132 134 115 99 100 98 98 89 74 76 75 98 138 135 130 108 131 111 98 66 76 91 95 111 146 165 164 163
160 159 160 160 161 161 160 160 160 161 161 162 163 163 163 162 163 163 162 163 163 164 163 164 164 164 164 164 164 164 165 164 166 165 166 166 166 166 166 165 166 166 166 167 166 166 166 166 167 167 167 167 168 168 168 168 167 168 169 169 168 168 167 167 167 168 168 168 168 168 168 168 169 166 166 167 168 168 162 169 139 137 151 152 155 152 156 136 138 133 130 129 131 131 131 133 131 132 132 131 131 133 112 98 98 97 97 87 73 73 73 101 147 141 140 139 136 125 93 68 75 92 94 111 141 165 163 163
159 159 160 160 160 160 159 160 161 161 161 162 162 161 162 162 162 162 162 162 162 163 163 164 164 164 164 163 164 164 165 165 165 165 165 166 165 165 165 165 165 165 166 166 165 166 166 167 167 166 166 167 167 167 167 168 166 168 167 168 168 168 168 167 168 168 167 167 168 168 168 168 168 164 165 168 168 167 162 168 129 144 152 152 156 153 153 137 140 134 131 128 129 129 129 130 128 130 130 128 130 132 106 98 97 96 97 83 71 68 68 97 122 139 140 139 137 141 93 74 76 93 93 114 136 162 162 162
159 159 160 160 160 159 160 159 160 160 160 161 161 162 162 162 161 161 162 162 163 162 162 163 163 163 164 164 163 164 165 164 164 165 164 164 165 165 165 165 164 165 166 165 164 165 165 166 166 166 167 168 167 166 167 167 167 168 168 168 168 167 167 167 167 168 167 167 167 167 167 167 166 163 166 167 167 163 164 158 128 148 153 154 154 154 151 138 137 133 130 130 129 130 131 130 129 129 129 129 130 122 99 97 95 94 96 78 70 68 67 102 106 129 110 119 139 135 82 75 78 94 93 118 135 163 161 162
159 159 160 159 159 159 159 159 159 159 160 161 161 161 161 161 162 162 161 162 162 162 163 162 163 163 163 164 164 164 165 164 164 165 164 164 165 164 164 164 165 165 165 165 165 165 165 165 165 166 166 166 167 167 166 167 167 167 167 168 167 167 167 166 167 167 166 166 167 166 166 168 162 165 166 166 166 161 167 144 134 150 151 155 154 156 145 138 136 132 130 131 129 129 130 129 130 130 130 131 124 102 99 99 98 98 90 73 71 69 72 88 109 131 95 116 140 124 75 74 82 93 96 122 135 163 161 161
158 158 159 159 159 160 159 159 159 160 160 161 161 161 161 161 162 162 162 161 161 161 162 163 163 163 163 163 163 163 164 164 164 164 164 165 164 164 164 164 164 165 165 166 165 165 165 165 165 165 166 166 166 166 166 166 166 166 167 167 167 166 166 166 166 166 166 166 166 166 168 162 157 165 165 166 165 161 168 131 141 151 151 155 154 157 140 138 134 130 130 130 129 129 128 129 130 130 130 126 102 99 99 99 99 90 75 74 75 73 102 137 132 129 100 130 139 108 73 74 87 92 103 122 137 162 161 161
159 159 159 159 159 159 159 159 159 159 160 160 161 161 161 161 160 161 161 161 162 162 161 162 163 162 162 163 163 163 164 164 164 164 164 164 164 164 164 164 163 164 163 165 164 164 165 165 165 165 165 165 165 165 165 166 166 166 166 167 167 166 166 166 165 166 166 165 165 166 167 160 162 162 159 160 157 159 159 126 147 152 153 156 155 157 137 138 134 131 130 129 129 128 129 129 129 130 127 103 99 100 98 100 88 74 74 75 73 105 141 139 140 139 139 136 138 91 73 76 91 90 113 120 143 162 161 160
159 159 159 159 159 159 159 158 159 159 160 160 161 160 160 160 160 161 161 161 161 162 162 162 162 163 162 162 163 163 163 163 163 164 163 164 165 164 163 163 163 164 163 165 164 165 165 164 165 165 165 165 166 166 166 166 166 166 166 166 166 166 166 165 165 165 165 166 166 167 166 162 167 166 166 165 159 162 140 122 141 144 147 150 150 147 135 137 133 130 130 129 128 128 129 129 130 127 104 98 99 99 100 87 74 75 75 75 111 142 139 139 139 141 138 138 139 92 70 78 90 95 120 119 151 162 160 160
160 160 159 159 159 159 158 159 159 159 160 160 160 160 160 160 160 160 160 160 161 162 162 162 162 162 162 163 163 162 163 163 163 164 163 164 164 163 162 163 163 163 163 164 164 164 164 164 164 165 165 165 165 166 166 166 165 166 166 166 166 166 166 164 165 165 166 166 166 165 163 162 165 165 166 164 160 165 131 137 147 149 152 152 155 140 136 136 133 130 130 128 128 128 128 130 127 104 98 99 100 100 85 74 75 74 76 116 142 139 139 141 141 122 139 138 140 102 70 78 88 100 120 122 157 161 160 160
144 153 161 160 159 159 158 159 159 159 160 160 160 160 159 160 160 160 161 162 161 161 161 161 162 162 162 162 162 162 162 163 163 163 163 163 163 163 163 164 163 164 163 164 164 164 164 164 164 165 164 165 165 165 165 165 165 165 166 166 166 166 165 165 166 165 165 165 165 165 162 164 166 165 165 162 160 163 122 141 149 152 154 154 154 134 136 134 132 130 129 127 129 129 130 126 104 98 100 100 99 83 74 75 73 81 122 142 139 139 141 139 100 81 135 138 140 108 69 78 87 107 119 131 161 160 160 160
134 133 140 152 160 160 159 157 158 159 159 160 160 159 159 160 160 160 161 161 161 161 161 162 161 162 162 162 162 162 162 162 163 163 163 163 164 163 163 163 163 163 163 163 164 164 164 164 164 164 164 166 165 165 165 165 166 165 166 165 166 165 165 165 165 165 165 165 165 164 161 164 165 165 164 159 162 149 126 137 145 153 154 155 143 133 136 135 129 128 127 129 128 130 125 102 98 100 101 97 80 73 75 74 87 130 141 139 139 142 132 91 74 74 122 139 139 111 70 80 88 113 118 146 161 159 159 159
132 129 128 129 139 157 160 158 158 158 159 159 160 159 159 159 160 160 160 159 161 161 161 161 162 162 162 162 162 162 162 162 163 163 163 163 163 164 163 163 163 162 164 164 163 163 164 164 164 164 165 156 159 165 165 165 166 166 166 166 166 165 166 165 165 165 164 165 165 163 162 164 165 165 162 159 165 136 139 143 139 150 157 155 133 135 137 133 129 127 128 128 130 124 101 99 100 101 94 77 74 75 74 98 136 141 139 139 143 123 82 74 75 72 106 140 138 111 69 82 91 118 123 159 160 159 159 159
127 126 125 125 123 129 152 161 158 158 158 159 159 160 159 159 160 160 160 160 160 160 161 161 162 162 162 162 161 162 162 163 163 163 163 163 163 163 163 163 163 162 163 163 163 164 163 164 164 164 166 139 162 166 168 166 166 165 165 166 166 165 165 164 164 164 164 165 165 160 163 164 164 165 158 161 164 124 129 129 118 114 122 121 132 137 137 131 128 127 128 129 120 100 98 100 101 89 76 75 74 78 111 141 140 139 140 141 112 76 74 75 73 71 92 139 137 106 70 84 100 117 141 161 159 159 159 159
123 121 120 121 121 120 122 146 160 158 158 158 159 159 159 159 159 159 160 159 160 160 160 160 161 161 161 161 160 161 162 162 163 162 163 163 162 161 162 163 162 162 163 163 163 163 163 164 163 164 160 118 123 121 140 162 167 165 166 165 166 165 164 164 164 164 163 163 163 160 164 164 164 161 159 163 157 112 111 116 113 119 114 117 137 139 135 127 127 128 130 119 99 98 101 100 86 77 77 74 89 127 142 139 140 142 137 98 73 74 74 72 71 70 85 136 137 97 72 86 109 124 158 159 158 159 158 158
119 118 117 117 117 117 117 119 147 160 158 158 159 158 158 159 159 159 160 158 160 160 160 161 161 161 161 160 161 161 161 162 162 162 162 162 162 162 162 163 162 162 162 162 163 163 163 163 163 166 142 153 138 152 114 105 143 168 165 166 166 165 164 164 163 163 163 164 162 161 164 164 163 159 160 163 145 134 148 151 147 154 135 130 138 140 130 128 128 130 116 99 99 103 97 81 78 78 82 114 142 141 138 141 143 124 85 72 73 73 72 69 70 70 81 135 135 83 77 95 117 145 160 158 158 158 158 158
116 114 114 112 112 113 114 115 119 152 158 158 158 158 159 158 159 158 159 159 160 159 160 161 161 161 160 160 161 160 161 162 161 162 162 162 163 162 162 161 162 161 162 162 163 162 162 162 163 165 131 212 141 173 166 108 105 131 159 164 166 164 164 164 164 164 163 164 160 163 163 163 161 160 160 163 132 139 143 146 145 142 125 137 142 134 127 129 129 113 98 100 101 91 78 78 78 98 137 152 150 145 143 137 104 75 72 73 72 70 73 70 69 69 83 136 122 73 84 108 133 159 157 158 158 158 157 158
113 112 111 110 109 110 110 111 111 123 157 158 158 158 158 158 158 158 158 158 159 159 159 159 160 160 160 160 160 160 161 161 162 161 162 162 161 161 161 162 161 162 162 162 162 162 162 163 162 156 135 216 145 156 198 128 102 96 110 143 159 164 165 164 163 163 162 163 158 164 163 161 161 160 160 159 127 144 146 150 151 131 131 144 138 126 129 128 109 98 102 98 84 77 77 88 123 151 153 151 154 153 121 84 73 74 73 71 70 78 90 77 68 68 95 140 98 76 96 123 156 158 158 158 158 157 157 157
110 109 108 107 107 107 107 107 109 109 142 158 157 157 157 157 158 158 157 157 158 159 158 159 160 159 160 160 160 160 160 160 161 161 161 161 160 161 161 161 161 161 161 161 162 162 162 161 164 137 152 202 132 137 184 156 99 97 94 95 127 153 163 164 163 162 163 161 160 164 161 161 160 160 161 150 131 148 149 154 142 126 142 143 127 129 126 105 98 101 92 79 75 82 111 144 152 151 155 153 131 96 78 77 74 72 71 73 86 95 90 82 69 68 117 129 78 87 113 149 160 158 157 157 157 157 157 157
106 107 106 105 104 104 105 105 106 107 123 158 156 157 157 157 157 158 157 158 158 158 158 158 159 159 159 159 159 160 160 160 160 161 161 161 161 161 161 161 160 161 160 161 161 161 162 160 164 121 176 186 115 123 165 164 105 94 92 91 90 119 150 163 163 162 163 158 162 162 162 163 159 159 163 137 137 146 151 155 129 136 145 129 130 124 102 99 99 85 76 78 102 137 151 152 154 151 129 98 79 78 79 78 74 72 80 92 95 91 88 83 67 82 136 97 80 105 142 160 158 158 157 157 156 157 157 157
104 104 104 104 104 103 103 103 103 105 111 153 157 157 156 157 157 157 157 158 158 158 158 159 159 159 158 158 159 159 160 160 160 160 161 160 161 161 160 160 160 160 160 160 161 161 160 160 153 117 195 165 111 118 154 161 118 90 91 87 88 87 121 152 164 162 161 157 162 160 162 160 160 158 162 128 139 137 143 135 130 145 130 129 120 100 98 93 79 76 94 129 149 151 152 145 123 93 79 78 79 78 77 78 87 96 96 94 93 89 88 81 67 114 122 78 98 135 160 158 158 157 156 157 157 156 156 156
103 103 102 103 103 102 101 103 102 103 105 147 157 156 156 156 156 156 157 157 157 158 158 158 158 158 159 159 159 159 160 160 160 159 160 160 160 160 160 159 159 160 159 160 161 160 160 164 128 117 198 149 109 112 147 155 127 89 89 87 84 85 88 132 158 163 158 159 160 161 162 159 159 159 154 129 150 147 149 125 141 133 129 117 98 96 84 74 88 120 146 152 150 139 112 87 78 79 79 78 77 81 89 101 107 106 100 93 92 88 88 76 85 132 87 92 131 158 157 157 158 157 156 156 156 156 155 155
101 101 101 101 102 101 100 101 102 102 103 143 157 156 156 155 156 156 156 156 157 157 157 157 157 158 158 158 159 159 159 159 160 160 160 160 159 160 159 159 159 160 160 159 160 159 160 160 112 131 194 136 105 106 140 150 132 88 87 85 81 82 81 102 147 162 157 159 159 162 161 158 158 163 142 138 148 151 131 134 135 128 113 96 90 77 82 114 143 152 147 129 102 81 76 78 79 78 79 86 96 104 107 106 106 105 104 100 94 88 86 73 123 102 87 129 157 158 157 157 157 157 156 156 156 155 155 154
101 100 101 100 101 99 99 100 101 102 102 143 157 155 156 156 155 156 157 157 156 157 157 157 157 158 158 159 159 158 159 159 160 160 160 160 159 159 158 159 159 159 159 160 159 159 161 149 113 150 184 125 102 104 137 146 134 88 85 83 80 79 81 85 133 158 155 159 160 161 158 158 157 162 131 146 146 141 127 135 126 110 92 81 78 105 140 152 142 119 92 78 76 77 78 80 85 94 104 108 108 107 106 106 105 106 117 136 125 89 79 102 116 86 126 159 158 158 158 157 156 157 156 156 155 154 155 154
100 100 101 100 101 100 99 99 100 101 102 146 156 156 156 155 155 156 156 156 157 157 156 156 157 157 157 158 158 159 158 159 160 159 159 160 159 159 159 159 158 159 158 159 158 158 161 132 121 157 172 118 99 101 133 142 134 87 84 82 78 78 80 78 119 152 156 161 160 161 158 157 159 157 128 151 143 128 134 124 109 94 80 96 134 150 136 108 84 75 75 77 80 86 94 102 106 108 108 108 107 105 105 109 120 136 145 143 142 98 95 123 91 127 157 158 157 157 156 156 156 156 155 155 154 154 154 154
99 100 99 98 97 97 97 99 99 100 105 152 156 155 155 155 156 155 156 156 156 156 156 156 157 157 158 158 158 157 158 159 158 159 159 158 158 159 158 158 159 159 159 159 157 158 157 119 129 157 163 112 94 99 134 140 128 84 80 79 77 77 79 76 111 137 157 159 160 160 157 156 162 146 133 152 129 130 123 108 93 98 121 142 127 97 78 74 77 82 88 95 101 105 105 106 105 106 107 108 111 119 131 141 146 145 143 142 144 114 137 106 131 158 158 157 158 157 157 156 156 155 155 155 154 154 154 154
99 99 99 96 86 87 86 96 99 99 114 156 155 154 154 155 155 155 155 155 156 156 157 157 156 157 157 159 152 142 157 160 158 159 159 159 158 158 158 158 158 158 159 156 158 159 146 118 132 152 148 99 94 111 139 140 104 82 75 71 71 72 74 71 106 137 156 154 155 153 153 149 161 133 146 141 125 124 106 95 112 129 118 96 76 77 84 91 97 101 103 102 102 103 105 108 113 121 129 137 143 145 145 146 145 146 144 143 142 138 111 132 158 157 157 157 157 156 156 156 156 155 155 155 154 153 153 153
99 98 98 94 88 89 89 97 100 98 128 157 154 155 155 154 155 155 155 156 155 156 156 157 157 157 157 160 136 128 150 143 160 159 159 158 159 158 158 158 158 158 158 154 156 159 127 121 131 150 130 92 94 129 140 124 84 83 73 71 74 69 69 66 101 147 160 159 159 155 149 147 143 119 138 126 122 110 108 120 118 99 92 96 96 98 100 101 103 105 110 115 121 127 134 139 142 145 145 145 145 145 144 146 146 145 145 145 135 111 137 159 156 157 157 157 157 156 156 156 155 155 155 154 154 153 153 153
97 98 98 98 98 98 99 98 98 101 146 155 155 155 154 155 154 155 155 155 156 156 155 156 156 157 157 157 133 134 160 137 126 158 159 158 159 158 158 157 157 157 157 158 157 152 110 122 128 149 108 90 110 138 134 92 82 81 81 81 78 74 71 70 104 156 159 159 157 156 148 158 144 123 131 119 111 112 115 106 96 99 104 106 110 114 119 125 131 135 139 141 141 141 142 143 143 144 145 145 145 145 144 145 144 144 145 144 118 144 159 156 157 156 156 157 155 156 156 156 155 155 155 154 153 153 153 153
97 97 97 98 98 97 98 98 96 116 155 153 155 154 154 154 154 155 154 155 155 155 155 156 156 156 157 147 114 132 140 163 103 117 154 158 158 158 157 157 157 157 156 157 158 141 123 144 143 141 92 97 133 139 101 82 82 82 81 80 78 78 76 71 119 162 158 159 156 154 150 158 129 118 103 110 109 110 107 112 114 120 124 127 128 133 138 138 139 141 141 141 141 141 142 143 144 145 145 145 144 145 145 144 144 143 144 145 150 158 156 156 155 156 156 156 155 156 156 155 155 154 154 153 153 152 152 152
96 97 96 97 97 97 98 97 99 142 154 153 154 154 154 153 154 154 154 154 155 155 156 156 156 156 158 123 98 120 125 153 120 84 121 154 157 157 156 156 157 156 156 156 158 128 140 139 153 113 89 126 143 110 81 82 82 81 79 79 77 77 75 74 119 158 158 157 155 151 152 157 115 99 75 103 111 116 117 123 123 130 130 130 129 132 138 139 139 140 140 140 141 142 142 143 144 144 145 145 144 145 145 145 143 142 145 154 157 156 155 155 155 155 156 156 155 156 155 154 155 154 153 153 153 152 152 152
100 96 97 98 97 98 98 95 121 155 153 153 153 154 154 153 153 154 154 154 155 154 155 155 155 156 151 102 95 115 117 142 123 82 91 138 157 156 156 157 156 155 156 156 151 125 147 146 138 89 118 151 120 83 82 82 81 80 79 78 76 77 72 90 124 127 160 157 154 148 156 125 91 109 111 112 111 116 116 123 122 129 130 130 130 132 138 138 140 140 140 141 141 143 143 143 144 145 145 145 146 146 146 145 143 141 152 156 155 155 155 154 155 155 155 155 155 154 154 154 154 153 153 153 152 152 152 152
105 99 97 98 98 98 97 106 148 153 152 153 152 153 153 153 153 154 153 153 154 154 154 155 155 158 136 96 92 110 114 138 121 80 81 123 153 157 156 156 156 155 156 157 138 134 147 150 96 111 150 119 84 86 86 82 79 79 77 75 74 76 70 120 135 100 150 155 153 146 153 111 105 108 91 81 86 93 101 111 121 131 130 129 129 131 138 138 138 139 140 141 142 142 143 144 144 145 145 145 145 146 145 143 142 147 155 155 155 155 155 154 155 155 155 155 155 154 154 154 153 153 153 152 152 151 151 151
107 105 98 97 98 98 101 139 153 151 152 152 153 153 153 153 153 153 153 153 153 154 154 154 155 154 125 88 97 110 131 124 89 78 76 116 152 156 156 156 154 155 154 157 127 143 150 107 109 146 113 83 86 87 87 86 81 78 75 74 73 73 91 139 133 91 140 148 150 145 154 109 142 141 110 102 95 89 85 81 84 99 118 128 129 133 138 139 140 141 141 141 140 140 141 143 143 145 145 145 144 144 144 141 138 153 155 155 154 155 154 154 154 155 154 154 155 154 153 153 152 152 153 152 151 151 151 151
107 109 104 97 98 98 128 153 151 151 152 152 152 153 153 152 153 153 153 154 153 153 154 154 155 138 116 84 102 122 132 89 78 75 72 106 156 155 156 155 152 154 154 152 119 142 111 116 140 100 83 85 86 86 86 87 85 79 76 74 72 78 135 144 136 94 137 141 144 156 142 107 140 124 108 113 113 112 108 113 130 119 107 107 115 129 135 135 136 138 140 141 141 142 143 142 143 144 145 144 145 144 142 140 139 153 155 155 155 154 154 154 154 153 154 154 154 153 153 153 152 152 152 152 151 151 150 150
107 108 109 102 97 115 152 151 151 151 151 152 152 152 152 152 152 153 152 153 153 153 153 153 155 134 99 92 116 132 94 77 77 74 71 122 154 164 160 149 153 153 157 131 115 114 122 126 89 84 87 87 87 87 85 84 89 116 129 77 74 84 98 114 133 139 136 136 147 158 128 115 129 108 111 111 112 114 129 149 156 154 152 149 139 131 133 139 138 138 140 139 140 141 142 143 144 144 144 144 145 145 142 142 144 154 154 154 154 154 155 154 154 154 154 154 154 153 152 152 152 152 151 151 150 150 150 150
108 109 109 108 103 140 151 150 151 151 151 152 152 152 153 152 152 152 153 152 153 153 152 152 152 115 90 119 134 95 77 76 74 72 79 140 142 152 156 136 129 151 157 118 112 122 109 84 85 87 86 85 85 88 101 125 150 160 152 88 87 81 77 74 72 91 109 146 151 157 117 114 117 109 111 113 104 131 153 152 153 152 151 152 153 147 150 149 142 141 138 143 143 141 141 141 142 143 144 144 143 142 141 140 145 154 153 153 154 153 153 154 153 153 153 153 153 153 152 152 152 152 151 151 150 149 150 149
108 108 108 108 120 151 150 150 150 151 151 151 152 153 152 152 152 152 152 152 152 152 153 154 136 92 120 123 89 80 79 77 80 69 121 128 134 124 141 115 122 144 148 94 114 94 81 84 84 86 93 106 124 143 156 161 160 154 147 122 157 136 110 91 78 72 94 152 156 149 92 100 115 115 115 130 147 149 149 152 153 152 154 154 152 145 150 151 147 142 112 113 126 144 143 142 142 141 142 142 142 140 141 139 149 154 153 153 156 139 142 157 153 152 153 153 152 152 152 151 151 151 151 150 149 150 149 149
108 109 109 107 138 151 149 149 150 151 151 151 152 153 152 152 151 152 152 152 152 152 152 154 115 114 101 78 78 84 99 129 114 100 158 131 137 128 129 119 127 153 103 60 65 87 100 110 124 137 148 155 158 159 160 161 157 153 147 148 123 155 158 151 138 110 137 140 152 129 84 103 129 129 116 135 153 152 150 154 153 153 153 153 152 149 154 149 149 145 117 102 106 154 150 148 149 146 144 143 141 139 141 145 153 153 152 154 138 111 109 124 149 154 152 152 153 152 151 151 151 150 150 151 149 149 149 149
109 109 107 117 150 150 149 149 150 150 150 151 151 151 152 151 151 151 152 152 152 151 156 120 93 88 88 103 122 140 151 151 129 151 156 143 139 146 137 136 141 114 58 66 73 105 147 146 146 146 145 143 141 138 129 112 139 156 158 128 73 108 147 158 163 151 150 115 128 107 84 113 145 118 101 138 157 154 155 157 156 156 155 156 151 152 154 151 150 147 123 99 115 153 151 154 155 150 149 152 150 148 150 153 153 153 153 145 100 100 93 87 100 150 152 153 152 152 151 151 150 151 150 150 149 149 148 148
107 107 109 140 152 150 149 150 150 151 151 151 151 151 151 151 151 151 151 151 151 153 132 69 74 118 136 139 138 132 122 146 152 153 156 112 128 144 132 132 131 119 88 79 65 76 93 91 91 91 90 89 87 84 80 74 96 125 107 118 160 99 91 150 141 151 151 155 152 98 87 126 141 102 89 136 167 158 161 160 160 158 157 157 148 154 154 153 149 150 121 81 125 155 154 153 152 147 153 153 153 152 153 153 152 152 154 137 109 113 103 101 94 141 153 152 151 151 151 151 150 150 150 149 149 149 148 147
115 122 135 142 141 141 141 142 141 142 143 146 148 148 148 149 149 149 149 149 149 143 127 97 82 93 103 107 108 105 124 152 151 153 154 127 128 109 101 117 152 121 129 157 134 133 131 114 98 89 83 81 79 77 74 96 113 97 115 138 102 80 116 155 125 154 150 148 127 89 83 112 129 99 98 115 166 159 164 164 165 165 163 161 152 157 153 152 152 148 107 78 139 155 153 153 147 152 153 153 152 152 152 153 152 152 153 136 121 127 130 119 118 150 151 152 151 151 150 150 149 150 149 148 148 148 147 147
123 123 127 131 121 123 123 126 129 128 126 127 127 126 127 127 127 127 127 130 130 102 94 128 154 131 98 84 86 100 130 131 131 133 135 119 123 127 111 128 127 105 139 157 169 165 161 161 159 150 141 127 117 107 105 118 141 159 155 136 113 105 135 143 148 149 145 143 107 92 80 114 129 99 98 95 117 134 152 160 162 160 159 154 156 163 160 156 151 139 114 84 147 161 153 149 150 154 154 153 153 153 150 148 152 152 154 133 127 137 138 127 138 153 151 151 151 151 150 150 149 150 149 149 148 148 147 147
116 117 123 121 118 118 119 118 119 124 123 124 121 122 121 122 123 122 121 118 116 127 124 128 122 128 119 108 111 121 125 128 123 125 126 105 100 107 103 103 108 128 117 113 122 136 144 146 149 146 138 154 168 121 107 123 81 102 87 111 131 120 127 126 127 124 126 122 108 106 98 100 140 101 92 91 105 115 113 116 123 132 139 145 148 143 148 147 145 132 119 94 161 149 141 138 145 143 142 142 143 144 139 145 145 146 146 127 144 143 141 132 145 145 145 145 146 146 146 146 147 147 146 146 146 145 146 146
106 106 104 105 105 105 106 105 107 108 108 108 111 109 110 111 115 113 119 126 126 125 104 97 104 109 112 112 117 113 111 113 114 115 115 88 88 143 165 131 117 109 103 121 111 113 118 114 92 87 77 82 120 92 70 83 74 93 91 121 129 123 124 127 117 117 121 111 94 90 110 114 145 120 95 97 124 132 131 129 123 118 111 107 107 104 107 109 114 118 107 106 157 122 121 125 129 129 128 129 131 132 141 145 132 128 129 130 130 138 144 118 125 126 126 126 127 126 127 127 126 128 127 126 126 126 126 126
99 104 104 105 103 100 110 108 112 106 105 105 111 111 111 107 120 122 128 136 111 100 91 89 104 123 114 99 98 98 100 104 108 102 128 126 116 133 163 116 82 77 90 104 103 126 131 132 121 101 73 75 97 98 81 97 81 87 78 135 122 112 128 118 107 133 114 116 117 119 89 98 129 95 83 107 111 108 110 112 113 117 123 120 125 121 115 117 111 98 102 106 103 109 120 121 120 120 123 126 122 122 135 132 128 125 110 104 123 129 121 118 123 122 123 123 123 122 124 122 122 122 121 122 121 121 121 120
129 115 106 111 107 106 108 103 102 103 106 108 103 104 102 107 105 104 107 108 122 114 114 121 110 99 101 98 92 96 99 115 107 108 116 106 103 104 102 107 77 79 84 90 92 101 113 110 119 143 139 137 104 96 91 96 57 81 80 126 108 109 132 136 143 150 135 124 159 198 116 108 95 71 71 86 95 98 106 106 107 105 108 112 105 109 110 107 105 110 112 110 107 108 104 108 111 114 119 124 110 113 107 113 119 123 123 111 111 115 101 104 108 109 107 107 106 107 108 106 106 108 106 109 105 107 106 107
113 99 98 97 101 107 106 102 98 97 99 102 97 97 101 103 100 101 94 98 113 112 110 112 104 95 97 89 82 79 81 101 97 91 94 98 98 98 102 107 85 83 86 97 91 91 93 98 97 102 94 98 91 93 89 89 76 91 97 115 106 138 201 135 99 116 122 126 186 157 119 81 61 65 78 74 61 89 91 116 124 118 108 102 104 99 98 97 100 103 93 90 103 106 107 105 96 88 99 104 106 106 105 108 108 110 108 103 100 103 104 108 108 104 104 100 103 106 104 100 105 108 100 99 103 104 105 106
93 95 103 114 109 107 106 105 105 107 108 104 107 106 105 107 105 107 110 108 107 113 115 114 114 106 103 102 105 102 102 104 107 109 112 112 108 105 106 106 102 100 101 109 106 106 107 109 106 100 73 90 73 62 55 49 49 50 53 56 62 67 73 65 57 61 60 63 82 84 96 95 67 75 74 42 54 97 102 102 102 110 106 108 112 105 101 108 102 100 96 92 92 95 95 96 83 83 89 93 95 90 97 102 102 99 97 99 105 108 103 101 98 98 95 98 95 87 90 95 100 106 109 104 103 104 103 102
99 96 108 103 117 125 128 117 111 110 104 100 103 98 108 109 105 97 97 97 96 100 108 108 111 111 107 105 99 101 106 105 105 106 109 110 107 107 104 101 102 106 110 112 110 110 108 106 95 75 67 75 57 48 45 42 42 42 40 41 43 44 47 53 49 59 48 45 40 39 40 44 45 52 47 29 51 80 89 102 96 113 114 113 115 110 110 111 106 109 111 111 113 112 113 111 110 109 106 107 109 110 110 110 111 109 112 115 112 109 107 105 104 104 102 100 101 97 98 95 96 99 106 105 101 100 102 100
90 87 89 85 86 92 97 96 96 98 92 93 99 100 100 99 87 78 87 92 98 101 109 105 98 107 111 104 99 105 103 108 113 115 120 121 122 122 117 117 115 114 113 113 110 110 114 114 115 110 91 63 50 47 48 46 51 54 53 46 48 82 70 72 91 109 96 76 48 35 30 29 32 30 29 32 43 54 64 101 98 108 109 107 105 107 107 105 105 100 104 104 109 102 101 101 99 100 109 106 109 110 112 110 109 103 98 101 106 107 111 108 105 101 106 105 106 106 107 109 109 100 101 105 104 104 104 105
81 79 85 92 90 93 96 103 108 105 105 106 108 107 108 106 102 105 116 116 115 105 109 113 112 118 118 100 106 117 114 110 107 104 97 97 101 102 116 116 119 113 115 124 124 130 118 121 115 114 119 101 75 72 68 66 61 55 57 60 83 109 92 82 73 62 64 61 64 65 41 39 40 38 38 45 46 50 58 68 103 132 127 116 111 115 117 111 115 112 115 116 118 119 123 117 111 109 111 111 112 111 118 114 115 112 107 106 104 110 119 115 111 106 109 112 114 115 117 111 105 105 103 99 98 104 103 102
96 92 92 94 99 97 95 98 98 103 106 113 108 111 125 126 127 132 118 109 105 101 101 108 107 99 93 93 94 101 103 105 105 101 103 106 104 103 104 105 112 101 98 99 101 99 91 96 98 99 104 111 89 89 87 86 81 78 79 100 104 91 78 70 77 81 69 60 58 68 57 52 48 46 44 47 53 58 66 87 102 110 97 119 116 119 123 129 129 129 133 133 119 115 123 121 136 138 126 123 133 106 112 124 126 129 139 130 122 134 132 120 111 104 110 113 102 99 111 95 83 86 79 87 87 93 99 102
107 99 98 101 100 97 84 85 77 83 90 90 94 99 102 105 103 111 126 122 126 106 91 92 91 90 87 87 81 80 89 94 97 98 103 111 111 103 108 122 116 95 86 86 85 82 81 82 73 71 72 79 83 94 86 86 91 83 80 80 73 68 65 59 53 49 43 38 40 52 65 74 66 53 51 49 56 63 60 65 71 72 73 94 122 120 102 100 86 101 105 114 105 96 92 91 98 118 136 141 158 172 174 180 180 184 196 192 191 191 177 160 140 127 105 99 97 98 97 111 102 91 85 88 88 84 83 89
97 101 102 108 108 104 105 104 100 109 110 106 105 104 108 102 108 117 115 115 141 129 118 112 106 100 93 100 105 109 105 112 117 115 114 121 126 123 117 107 96 93 99 102 95 93 95 101 99 93 84 89 92 88 88 89 103 96 92 97 94 93 90 84 75 70 67 63 64 68 77 88 78 63 60 66 74 82 83 83 81 79 77 81 86 90 82 78 80 80 87 93 90 92 95 87 85 87 94 102 98 102 109 111 111 114 117 124 122 115 110 115 114 112 98 95 92 86 86 91 83 81 81 78 73 80 88 86
85 84 83 89 90 95 92 87 92 100 105 104 102 99 93 90 89 88 91 87 84 90 86 94 91 91 96 94 90 89 85 90 95 99 103 104 102 105 111 108 97 103 104 101 95 96 90 98 92 84 86 86 85 89 95 94 93 98 92 95 96 94 97 97 100 106 112 112 100 91 87 91 89 93 95 97 95 96 91 95 88 85 88 88 81 84 80 76 80 80 78 76 78 79 85 86 79 84 89 92 89 86 87 91 96 96 96 98 100 94 101 110 107 112 111 104 104 104 105 108 96 86 94 99 94 93 98 97
84 88 88 86 84 88 89 91 95 96 93 93 90 88 92 89 88 92 93 94 91 89 91 83 85 94 92 90 93 93 93 95 96 91 88 86 83 83 87 88 87 93 98 100 102 102 101 95 97 96 90 85 88 90 94 93 92 90 85 82 89 87 91 93 93 93 97 100 90 86 89 92 93 98 98 99 91 79 69 82 88 87 90 89 84 85 83 81 82 87 82 82 79 78 76 83 85 81 77 77 80 80 80 76 78 81 80 80 88 94 85 93 91 93 97 98 97 94 90 93 100 95 102 101 98 95 98 102
98 97 93 85 79 96 104 104 107 103 104 106 100 94 92 90 95 103 101 97 89 97 99 98 103 108 106 103 115 114 110 114 103 97 95 93 97 103 103 96 93 99 105 107 103 100 98 102 104 98 94 100 101 94 90 93 97 92 90 84 83 83 87 82 81 91 94 91 90 97 102 93 88 91 93 90 87 86 87 91 94 92 85 87 87 85 89 86 89 90 84 81 80 81 83 84 80 81 81 84 88 85 83 81 85 83 79 79 80 80 78 77 78 80 81 82 81 82 85 84 86 81 76 72 79 89 92 93
108 99 92 91 94 104 102 103 105 103 104 109 110 114 110 109 100 97 105 106 102 106 105 99 103 99 97 96 104 111 114 118 110 111 110 105 104 103 98 97 95 91 91 100 106 112 114 115 121 122 121 121 119 110 102 102 97 93 89 87 87 91 95 99 96 99 99 101 100 101 102 100 86 92 94 90 91 90 93 92 89 86 84 85 86 84 85 82 75 74 74 76 79 82 88 88 89 88 88 88 91 84 85 83 85 87 85 83 83 84 82 82 79 81 84 82 81 79 79 81 82 83 79 76 72 78 79 79
107 107 110 107 103 105 98 93 91 99 110 102 97 95 101 99 94 95 86 85 83 81 87 98 104 103 105 104 101 106 110 109 109 110 108 112 110 104 104 102 98 96 93 94 92 95 88 86 87 97 104 102 109 109 111 113 110 106 105 106 109 107 103 106 99 92 97 106 106 103 102 103 98 94 87 87 95 93 90 94 96 97 95 96 96 98 97 98 94 95 96 98 98 98 96 97 100 94 91 89 83 82 84 79 86 87 87 82 85 88 91 91 88 92 96 97 94 92 87 90 88 85 90 90 90 87 85 82
103 107 114 101 102 104 103 108 106 93 89 95 85 86 84 75 82 87 92 96 95 97 99 99 101 113 115 115 112 110 102 95 94 98 100 101 108 110 107 103 103 98 103 115 117 109 103 103 103 101 96 90 94 100 105 105 111 99 101 110 105 99 96 96 97 96 96 92 81 78 83 99 107 106 102 103 107 96 86 90 88 89 93 93 97 101 100 100 99 96 95 94 96 98 95 96 98 96 93 94 96 96 94 92 94 95 97 96 95 95 96 92 93 97 99 97 95 88 78 84 84 85 92 101 104 99 96 90
115 111 106 105 99 95 95 92 85 83 83 88 94 101 100 98 99 103 108 112 111 119 117 100 95 94 99 105 106 98 100 92 90 93 91 87 98 100 104 108 112 112 114 114 107 100 94 94 102 106 104 107 108 110 110 110 113 115 112 107 104 103 98 93 91 92 94 93 89 89 86 90 99 101 104 98 102 100 94 99 101 96 90 87 90 83 87 92 92 97 94 93 95 95 97 98 97 96 97 96 96 95 92 90 91 92 91 91 94 95 100 94 95 96 95 92 92 96 96 98 93 93 94 94 94 96 99 103
90 83 84 99 106 99 85 88 94 103 97 99 94 93 98 99 98 100 97 95 93 96 88 79 80 85 90 88 85 87 88 87 89 91 90 87 80 75 75 82 89 97 105 115 115 105 104 96 97 104 103 105 107 108 107 109 113 116 111 105 99 95 89 89 91 92 91 99 103 97 92 91 94 98 105 107 105 96 96 98 100 99 101 91 96 98 97 95 91 87 88 91 97 97 98 97 98 100 98 96 96 93 89 88 87 87 85 91 89 91 96 98 93 90 89 94 93 93 95 97 97 101 97 95 97 100 103 103
100 96 96 95 90 89 85 83 88 88 85 88 87 89 88 94 100 100 99 98 96 96 98 101 96 97 102 107 111 113 114 112 109 103 97 98 93 94 94 100 101 95 96 94 81 72 75 79 83 92 97 98 105 98 103 97 94 96 104 108 111 111 109 112 113 112 102 103 105 105 110 110 108 106 99 97 98 99 98 97 102 105 103 104 105 104 104 100 99 102 103 105 103 99 94 93 95 100 99 98 98 99 97 95 96 100 95 95 97 101 101 102 100 101 98 98 100 99 90 87 88 97 97 96 96 100 102 101
100 101 100 100 105 106 103 102 108 109 107 101 100 105 111 109 104 99 102 102 99 102 110 117 114 114 113 112 114 116 112 111 109 108 107 102 100 99 98 104 101 91 82 77 73 69 70 73 75 73 71 69 69 69 77 73 68 77 83 83 89 94 103 111 106 108 105 103 109 112 112 108 107 97 84 75 82 87 85 86 88 91 93 97 96 102 105 111 106 104 107 105 92 90 90 90 99 106 111 109 109 110 109 104 105 103 102 104 107 103 99 97 97 98 97 94 98 94 95 103 106 101 98 101 101 89 89 89
89 89 90 94 103 107 103 106 104 107 105 105 102 104 114 110 100 104 111 115 112 108 110 115 114 110 106 105 105 101 99 97 89 92 97 101 102 105 98 97 93 86 86 84 83 82 86 87 89 92 92 90 86 87 92 94 96 96 90 91 93 92 94 95 91 93 99 99 101 102 107 115 109 93 93 99 105 108 105 102 100 98 98 95 95 96 90 89 93 93 86 79 73 74 75 75 83 97 96 94 85 91 98 101 105 102 108 109 107 106 98 96 100 102 102 98 95 91 93 98 106 108 104 103 102 94 93 89
92 93 93 96 97 102 109 99 86 95 111 118 118 115 113 113 106 106 97 100 101 104 110 114 114 111 112 111 103 105 107 100 93 89 87 96 101 101 100 97 93 93 94 93 89 87 84 90 98 98 97 94 96 97 97 93 88 85 81 80 80 79 76 73 73 73 76 78 82 86 93 103 106 108 108 114 114 115 115 108 109 109 106 104 110 101 96 100 102 100 99 95 97 96 95 95 94 97 103 104 100 98 96 98 99 102 102 107 102 99 99 102 100 100 99 97 98 102 103 99 94 93 97 96 93 97 98 101
90 88 84 84 90 94 99 93 91 95 97 99 104 103 98 94 91 93 95 98 100 99 101 105 101 101 103 102 102 100 103 104 99 100 95 101 103 95 103 102 97 102 99 97 101 101 96 98 105 108 107 104 98 95 95 95 96 99 98 98 98 98 98 98 101 102 97 100 99 96 100 103 100 100 100 100 102 99 103 108 114 110 106 102 104 103 104 109 109 105 105 104 107 107 107 105 107 105 101 103 103 105 96 96 98 101 93 97 103 102 101 102 107 104 98 101 102 106 103 101 94 93 97 96 87 85 83 86
