114 120 125 135 143 188 191 190 184 186 170 182 220 219 228 238 231 224 222 213 231 239 246 247 239 237 233 222 217 196 189 203 193 187 187 187 186 186 186 186 185 185 185 206 200 210 244 248 248 225 195 200 206 190 205 192 186 187 186 183 188 186 189 187 176 198 202 190 192 193 239 249 245 243 234 215 223 221 214 200 201 212 240 245 244 243 243 240 235 224 206 197 188 189 236 248 247 243 240 239 235 234 223 230 243 237 234 233 231 231 227 227 230 226 204 187 184 201 197 201 190 122 114 138 134 101 87 82
119 124 129 135 147 163 168 186 189 186 188 179 208 194 208 211 206 198 196 196 221 228 239 245 221 213 202 194 195 194 192 192 191 191 191 191 190 189 189 191 189 188 196 233 238 245 250 250 246 229 211 219 217 193 210 210 208 202 190 190 204 194 190 194 206 221 222 207 226 236 249 249 245 243 239 239 242 227 221 216 208 231 241 242 243 242 240 236 229 208 191 187 212 240 249 249 248 245 241 238 238 238 229 232 238 236 233 230 231 229 229 234 229 219 206 218 223 230 230 213 181 135 155 140 125 99 91 86
123 127 132 137 143 157 161 163 206 213 221 205 181 185 187 192 194 195 195 196 203 212 210 209 201 197 197 196 195 195 196 195 194 196 195 194 193 193 194 194 193 198 216 224 248 248 249 248 240 232 230 235 222 214 227 232 232 227 212 200 224 209 196 212 234 234 230 238 247 250 249 249 246 242 239 240 242 232 215 217 200 221 237 234 235 236 230 224 218 193 194 222 247 250 249 250 249 249 246 241 238 239 237 235 235 233 229 228 229 230 233 233 227 220 230 238 243 242 225 203 174 163 160 163 135 104 103 93
127 131 137 141 147 153 160 164 202 224 212 199 188 188 193 195 196 197 197 199 199 200 200 200 202 209 207 200 199 199 198 198 200 201 200 198 198 198 198 199 205 183 121 100 186 250 243 239 235 231 230 235 238 244 234 210 224 225 231 214 230 227 227 238 243 233 236 249 250 250 249 248 248 246 241 237 237 231 213 198 194 209 226 222 221 223 203 197 210 221 246 249 249 249 249 250 249 249 246 238 236 237 236 235 232 230 228 228 230 233 243 245 238 238 242 238 244 247 213 188 173 165 160 175 152 134 122 112
132 136 142 147 154 158 166 171 195 195 187 190 192 194 196 199 199 201 200 203 204 204 206 207 205 148 160 210 204 203 203 203 204 206 195 207 203 202 203 213 178 108 100 97 117 228 236 229 229 227 229 232 241 234 216 207 224 226 229 228 229 228 239 240 238 239 247 250 250 250 250 248 247 245 242 238 235 220 202 196 196 204 206 199 199 199 196 193 228 250 250 249 250 250 250 249 245 248 241 236 234 235 234 231 229 228 228 230 234 239 247 250 249 246 241 240 245 242 203 182 170 162 166 180 156 141 136 130
136 140 146 152 158 165 171 175 181 184 188 192 194 196 200 201 202 204 205 206 206 208 209 215 189 114 112 173 210 208 208 208 214 178 98 156 215 205 212 183 102 106 106 102 103 136 162 217 219 226 225 227 236 226 212 218 227 232 235 231 214 220 235 230 237 250 250 250 250 250 250 248 244 239 236 234 230 214 201 199 198 199 202 210 226 211 198 222 250 250 249 250 250 250 250 249 250 246 238 237 233 229 229 229 231 230 229 229 231 236 240 247 245 243 238 244 245 221 190 176 178 203 226 198 157 148 138 135
139 145 152 158 163 170 175 180 187 190 193 197 199 201 204 205 206 208 208 208 209 216 210 231 199 148 102 104 204 219 216 216 216 140 94 97 177 220 212 125 95 101 97 97 101 94 102 158 211 221 220 233 238 243 224 217 219 230 232 223 217 216 226 226 243 249 250 251 250 250 248 245 241 235 232 231 228 216 200 201 201 216 239 244 243 230 222 249 251 250 250 251 251 250 250 250 249 243 237 234 231 230 229 231 231 230 228 228 228 231 234 238 236 235 232 239 225 195 180 168 191 231 212 169 156 146 135 132
145 151 157 162 169 176 180 186 191 195 199 202 204 206 206 209 209 212 212 213 218 187 119 176 222 134 89 105 134 127 156 241 186 112 96 90 113 162 163 104 93 94 101 97 93 114 108 114 148 219 221 224 237 248 222 207 213 224 224 229 225 214 212 232 252 251 251 250 251 249 246 243 236 231 230 228 232 236 218 236 237 244 252 249 245 249 250 250 250 250 250 250 250 250 250 249 247 241 234 231 231 230 228 229 226 225 225 225 226 227 227 227 228 229 226 215 197 184 173 163 178 207 165 151 155 148 127 118
151 157 161 166 174 181 186 190 196 199 203 206 209 209 210 212 212 215 216 217 199 126 96 157 209 98 102 111 107 84 92 192 125 113 95 90 92 95 97 96 95 95 98 110 101 116 108 95 116 160 219 232 247 245 226 218 215 229 242 238 224 213 215 245 252 251 250 250 250 246 244 239 232 230 230 229 239 244 246 251 250 245 238 245 249 250 250 249 249 249 250 250 250 250 250 247 241 235 230 229 229 224 224 225 223 220 218 217 216 214 216 214 213 215 206 198 194 183 171 165 181 168 146 150 159 136 121 116
161 166 167 173 180 186 191 195 200 204 208 213 214 213 213 214 215 218 204 168 171 115 87 117 122 94 102 93 110 93 89 90 100 105 92 92 92 96 98 98 95 95 97 97 96 102 95 100 103 103 166 205 175 206 219 229 230 236 238 225 213 213 230 251 251 251 250 251 249 246 241 237 234 234 232 231 237 241 248 251 246 233 226 246 250 250 249 249 249 249 249 250 250 250 248 241 234 230 228 224 219 214 215 214 211 211 210 207 204 204 204 204 202 198 191 191 189 181 175 174 166 152 146 148 151 130 120 114
96 141 179 179 184 191 198 205 211 215 212 189 200 219 224 222 221 222 155 132 124 97 87 94 92 89 92 85 100 102 91 90 95 94 92 93 91 91 95 95 92 92 95 95 93 92 103 99 98 101 107 120 154 144 219 220 230 229 217 214 217 232 248 251 251 251 250 250 246 242 240 237 234 237 230 230 232 241 247 246 235 230 235 248 250 250 250 250 250 249 248 249 249 248 243 236 230 225 218 211 209 212 209 202 198 195 195 193 191 190 189 188 189 190 183 182 179 174 173 161 157 153 148 141 137 130 124 118
64 72 130 192 200 200 199 189 171 137 129 102 108 126 170 183 179 149 113 90 90 87 89 96 90 100 87 83 86 97 85 87 96 92 89 90 88 89 91 93 91 90 94 95 93 92 99 93 98 95 122 165 139 104 199 230 240 233 226 228 237 246 250 251 251 251 249 245 241 240 239 237 233 236 230 229 232 240 248 247 243 242 244 247 246 249 250 250 248 247 246 245 242 239 233 228 224 214 209 207 206 205 201 198 194 188 189 188 185 185 184 186 189 188 181 178 174 172 174 178 181 162 151 142 136 132 127 121
61 78 77 110 155 148 127 108 96 99 117 99 102 99 96 97 118 155 110 86 103 86 97 111 94 126 85 102 106 96 126 111 100 99 112 92 84 90 91 92 95 91 94 95 92 94 97 96 96 97 103 121 107 107 175 235 247 241 244 241 246 249 250 251 251 249 245 241 238 238 237 234 234 239 240 234 238 240 247 249 249 245 246 244 243 247 247 244 239 238 234 232 230 229 227 225 221 214 208 206 210 214 214 209 219 222 221 222 220 218 218 218 207 193 185 182 190 203 198 188 173 159 151 145 140 134 129 124
64 90 85 77 82 133 101 91 90 102 106 105 105 103 100 109 129 130 92 101 101 83 102 100 90 106 85 128 136 127 132 102 109 121 100 85 85 88 91 104 121 94 93 95 93 91 101 103 95 97 108 100 96 123 114 199 254 243 249 248 250 251 251 251 250 248 245 242 241 239 238 237 242 248 248 244 246 244 244 245 245 244 242 241 242 243 238 235 232 229 227 226 224 220 217 211 208 206 207 207 207 209 221 214 217 219 222 230 234 230 223 216 214 213 219 225 220 197 179 173 168 161 154 149 142 137 130 126
67 79 72 70 65 84 72 68 64 73 82 79 79 91 116 139 105 96 94 117 88 83 94 86 115 122 80 105 140 128 105 101 94 102 89 85 86 88 88 87 104 104 96 91 97 96 95 99 96 118 119 94 94 107 111 149 230 237 247 249 250 251 251 250 248 246 247 244 241 238 241 245 248 249 248 246 245 244 242 246 247 245 242 243 248 248 242 239 234 229 225 221 217 217 222 227 225 224 228 229 229 226 220 221 229 223 225 229 225 221 228 235 239 237 232 230 218 201 193 181 170 166 159 154 146 140 134 129
82 68 63 68 59 65 72 65 65 59 59 61 73 65 80 128 110 119 116 96 82 88 114 109 126 114 90 104 106 102 109 89 100 104 88 82 82 85 82 98 110 105 116 132 114 116 111 109 111 115 131 102 102 145 186 105 137 228 248 251 251 251 250 250 251 238 219 245 243 247 249 250 250 249 246 244 244 243 237 239 242 242 241 242 246 246 247 246 237 229 228 228 229 228 227 235 238 241 240 238 237 234 219 214 214 215 224 225 227 239 246 248 247 235 230 230 225 212 200 187 181 170 163 157 150 146 139 137
89 62 60 63 81 81 66 61 62 59 58 63 74 71 62 60 85 119 102 87 97 104 119 121 124 97 80 83 113 137 99 87 96 90 89 81 81 86 87 100 103 167 232 200 137 143 104 100 119 99 107 129 151 113 112 105 112 191 255 251 251 250 249 252 244 204 167 227 249 250 251 251 250 244 239 237 239 239 234 231 233 236 236 238 243 246 250 250 246 243 236 233 231 225 228 239 241 239 238 236 233 231 237 230 213 229 228 225 241 246 245 246 244 231 234 239 227 220 228 223 218 194 175 171 175 169 154 198
55 48 62 64 72 92 69 65 64 62 60 60 61 64 62 60 60 85 108 112 108 119 128 109 89 79 78 103 144 99 91 101 87 88 85 81 81 83 87 133 187 206 147 171 144 108 96 119 172 113 128 108 103 96 103 109 110 132 247 251 250 248 250 249 173 187 163 202 253 253 252 251 250 243 237 235 236 235 234 230 231 232 233 234 236 239 246 249 245 240 235 233 225 225 235 247 248 243 240 235 236 239 236 240 233 234 227 233 245 241 239 241 237 233 239 234 230 218 212 213 216 202 208 189 183 166 196 216
37 50 70 62 56 71 59 57 57 59 60 58 57 61 61 59 60 65 116 120 106 99 93 98 81 92 88 106 102 92 97 108 86 86 83 80 75 94 196 196 123 128 175 137 95 106 99 144 137 99 103 98 99 103 105 105 128 169 230 252 251 250 246 190 151 219 221 132 176 242 254 251 251 244 239 236 232 231 231 228 228 228 228 229 229 231 236 238 232 227 227 234 245 242 240 246 246 242 238 230 239 239 231 236 234 224 227 237 241 239 238 236 234 239 239 237 226 208 203 204 204 196 198 185 182 177 202 192
40 53 88 69 50 53 56 59 60 58 59 59 58 59 59 59 59 58 93 99 82 106 121 104 84 88 84 109 94 88 99 112 91 88 83 74 75 93 145 96 118 152 111 108 105 93 139 152 119 110 117 91 98 99 107 170 239 255 251 251 255 218 202 186 227 248 189 96 96 141 243 254 246 240 236 231 228 226 226 226 224 221 223 224 223 223 224 225 232 237 243 250 250 241 237 241 236 236 234 235 247 240 231 234 233 232 234 242 239 238 239 235 235 242 244 232 223 212 203 194 194 192 184 183 183 180 184 175
44 49 72 53 49 52 54 61 64 53 55 57 58 59 59 60 61 61 61 74 140 189 111 81 80 78 97 113 88 84 85 104 96 84 90 84 82 83 76 97 116 85 93 106 97 101 144 130 121 150 134 116 98 109 190 255 213 220 223 255 237 152 152 217 237 194 122 94 99 90 142 236 250 240 233 229 227 227 225 224 223 221 224 228 231 225 225 229 239 244 249 252 247 237 239 238 236 239 243 247 248 237 235 242 245 245 246 250 249 247 247 244 243 238 234 229 224 210 196 193 195 194 189 185 179 171 165 159
38 40 50 61 70 60 52 52 55 55 65 68 59 61 61 63 64 65 63 66 97 104 85 82 80 79 99 105 86 96 108 99 98 117 122 84 80 79 92 84 80 84 89 104 101 124 135 107 108 140 132 134 120 116 211 203 198 212 212 204 215 211 215 235 200 145 97 96 95 96 94 131 229 237 235 231 229 228 227 227 227 226 228 230 233 230 245 246 241 249 248 246 243 236 241 241 237 244 246 244 243 235 235 248 248 242 243 248 251 249 247 247 237 231 227 225 220 209 211 204 202 202 202 195 187 182 176 173
62 44 59 73 69 70 59 54 55 59 57 82 70 62 63 66 64 66 65 65 64 72 83 86 83 83 84 107 96 123 108 125 135 138 86 78 81 106 107 96 82 84 91 93 111 123 144 138 142 127 125 129 114 106 180 223 255 249 186 223 248 246 221 188 172 116 97 94 95 94 94 110 156 166 236 234 230 227 228 229 228 228 228 227 228 234 249 248 249 250 243 240 239 239 242 238 238 241 246 242 240 237 242 249 245 240 241 247 246 239 235 231 230 227 225 228 228 227 229 231 229 229 230 226 221 215 201 202
50 45 47 56 76 76 71 73 62 61 58 77 85 74 64 73 64 67 71 62 62 63 69 87 84 82 83 101 97 115 125 135 147 126 92 82 89 103 93 88 85 83 81 88 147 156 157 148 119 121 126 107 114 96 214 255 220 160 190 204 233 231 161 147 132 133 97 97 95 90 94 99 97 108 224 242 236 235 235 234 234 233 230 229 241 246 246 250 252 250 244 243 244 246 248 238 238 237 241 240 238 238 241 246 240 236 235 236 233 229 228 232 231 233 238 240 241 241 240 238 236 235 231 229 227 228 230 227
58 48 52 52 82 79 68 71 78 71 63 76 76 68 63 63 61 60 66 64 62 63 63 74 85 84 85 96 143 127 125 144 138 94 97 86 107 105 89 85 89 86 107 175 239 188 161 119 116 104 101 118 114 89 156 193 158 151 150 191 245 185 134 121 137 100 98 94 92 96 94 95 94 87 167 247 239 238 236 234 233 231 229 231 248 251 245 251 250 246 242 238 238 249 241 232 232 229 229 230 231 230 232 234 234 231 232 238 235 228 226 229 231 234 243 243 242 241 240 237 235 231 233 235 235 234 227 235
48 49 53 57 75 81 73 65 62 57 58 58 60 58 59 60 60 60 60 63 63 65 65 65 80 80 110 144 120 85 97 119 84 106 117 98 108 93 93 85 81 87 164 205 211 167 139 109 94 103 115 103 95 96 107 165 144 131 199 233 206 131 128 139 123 98 95 92 94 100 90 92 93 92 102 226 239 236 236 237 240 242 241 240 249 250 250 247 240 236 233 230 229 237 228 225 228 226 228 229 234 240 238 233 234 237 236 236 237 237 235 234 234 236 236 234 234 234 231 228 226 231 240 240 237 232 228 229
43 50 50 51 83 76 57 59 60 56 59 55 60 62 62 57 60 62 61 61 60 63 64 60 101 158 151 109 83 80 108 104 105 121 97 101 98 86 83 83 84 80 79 86 87 86 86 90 103 115 97 100 123 125 103 145 160 240 248 226 137 146 163 130 116 96 95 94 94 98 89 92 91 93 86 145 248 244 244 245 246 243 241 242 249 250 244 237 231 229 229 224 223 227 232 234 239 242 241 241 242 242 234 233 235 235 235 233 233 233 230 230 229 228 228 226 226 238 241 224 229 238 240 239 234 228 218 204
40 45 49 56 79 60 55 60 61 54 60 56 61 63 60 58 59 59 59 58 60 60 61 59 101 140 122 112 88 109 118 103 111 111 108 92 82 84 89 90 84 84 85 87 90 91 85 95 109 89 104 135 123 102 85 170 255 255 217 135 131 144 115 124 96 96 95 91 95 94 87 90 90 90 90 100 231 250 246 246 245 244 242 243 248 246 238 234 235 237 237 233 234 237 238 242 248 246 236 235 236 233 232 235 233 232 234 232 228 228 225 226 225 224 225 225 236 244 243 241 244 236 237 238 229 215 202 190
43 45 47 52 61 59 61 61 55 53 57 53 57 57 57 57 57 59 58 59 62 61 62 63 62 91 120 97 96 119 107 108 116 118 99 82 78 78 83 81 83 81 81 83 87 88 85 81 83 113 134 112 92 96 93 95 143 201 126 112 128 116 148 106 97 97 93 91 92 91 94 90 102 90 94 88 151 250 244 242 243 242 240 239 238 237 238 238 234 233 235 238 241 241 241 245 244 238 235 235 235 237 238 237 236 236 236 233 233 228 227 230 230 230 231 234 239 236 235 244 242 235 237 230 216 215 201 183
43 44 49 49 51 54 56 54 50 52 52 52 52 56 57 55 56 60 60 62 65 62 64 66 67 88 102 90 114 110 112 109 109 118 93 83 80 79 82 78 79 83 84 82 83 85 79 82 81 106 105 99 102 103 91 89 90 117 122 115 99 128 116 95 94 94 93 90 89 99 109 89 101 93 92 91 89 198 247 237 239 239 239 241 242 243 244 240 238 243 245 244 246 245 242 246 240 239 239 238 238 236 235 236 236 235 232 234 242 233 241 245 244 244 244 247 245 240 236 243 243 240 233 230 228 223 201 195
42 42 45 48 48 49 49 50 50 50 54 57 55 58 53 48 52 58 59 59 65 66 65 64 66 70 84 100 118 113 101 107 114 90 79 80 79 83 80 79 84 83 81 81 84 82 83 84 82 83 86 120 106 104 90 88 86 103 154 110 95 100 96 95 92 92 92 91 90 138 115 90 93 91 91 90 89 102 194 249 247 249 249 248 247 246 244 239 239 246 241 239 242 239 241 243 238 238 237 237 239 240 241 240 238 243 245 246 247 244 249 248 249 250 250 249 246 246 244 248 247 241 233 231 220 201 196 211
41 44 43 46 52 48 49 51 53 46 54 57 50 54 50 48 49 58 60 61 58 59 61 60 64 63 78 110 118 111 122 128 91 75 80 81 78 78 79 82 82 79 80 79 81 83 84 86 82 81 87 135 105 94 90 86 88 85 108 102 100 96 94 94 91 92 92 90 118 116 92 90 90 94 115 92 91 86 128 223 220 252 248 248 244 244 241 239 241 243 243 242 241 239 240 242 239 240 240 241 244 243 242 241 247 250 250 250 243 245 248 246 245 247 245 245 243 241 243 245 241 236 231 232 230 223 221 203
41 44 48 48 56 54 47 48 53 46 46 54 45 48 50 44 51 65 82 68 65 63 64 61 63 66 64 93 122 134 129 102 78 79 78 79 81 78 78 80 78 78 80 81 86 87 85 83 80 80 82 95 97 109 92 85 87 87 86 87 121 103 94 91 90 90 91 106 130 99 92 90 84 105 123 91 88 90 98 168 189 244 242 241 239 240 239 242 244 242 244 243 245 245 245 246 246 246 246 245 246 245 242 243 245 245 245 242 241 242 244 246 248 248 246 246 240 237 241 238 237 240 240 236 198 197 198 176
42 45 52 55 57 56 44 45 51 49 41 45 44 41 49 48 68 63 61 60 60 62 65 62 64 68 62 101 138 112 103 84 76 78 82 80 78 79 78 79 79 81 85 83 81 82 79 81 80 79 80 83 117 98 82 91 93 85 87 86 102 99 103 96 88 89 104 108 143 104 99 90 97 89 98 89 88 88 85 124 185 236 245 245 244 246 248 249 249 245 244 245 247 247 247 246 246 246 247 248 247 245 245 245 244 244 243 241 243 245 250 251 250 245 244 242 237 237 241 241 237 200 235 172 125 140 164 158
47 47 50 58 55 55 44 42 58 69 58 52 48 41 47 61 62 56 66 76 63 64 67 66 63 66 65 79 99 96 93 84 80 80 79 77 78 77 78 79 83 82 81 81 78 81 78 82 80 80 80 80 81 84 84 89 93 85 86 86 84 89 96 94 86 99 109 118 134 87 94 116 145 92 88 89 87 87 90 89 121 228 251 248 249 249 248 247 247 246 247 247 247 247 247 246 247 249 250 248 243 243 246 245 246 245 242 242 247 249 250 250 249 246 247 246 242 235 238 229 181 143 177 141 136 128 142 135
45 44 40 54 55 54 51 49 52 76 85 64 63 51 47 51 45 53 68 70 64 65 65 66 63 65 68 68 96 94 83 82 77 76 76 76 78 82 78 80 82 80 81 78 75 80 83 81 80 80 80 76 80 83 83 86 93 83 86 85 84 83 91 86 86 107 99 122 97 87 98 147 135 89 86 90 86 88 87 89 84 182 255 248 248 248 248 247 247 247 247 247 246 246 246 245 247 250 246 240 242 244 244 243 243 243 247 250 250 249 247 248 246 246 245 241 237 238 234 219 172 147 146 140 134 127 161 164
39 36 34 41 57 55 57 70 49 50 64 70 63 64 56 61 63 57 59 63 65 66 61 64 62 63 66 62 68 77 74 73 72 75 79 82 81 82 80 80 81 81 79 77 77 79 80 80 80 79 78 77 80 80 81 87 95 81 82 81 84 84 83 79 79 85 93 114 102 91 100 137 95 86 84 88 87 86 86 86 87 119 240 252 246 246 249 249 244 245 246 246 245 245 245 244 245 247 243 240 242 242 242 242 242 244 247 246 245 244 241 241 239 243 243 241 242 240 230 235 231 199 155 141 144 179 190 162
34 34 36 36 55 55 59 75 72 50 55 64 66 59 65 73 73 60 59 64 62 62 58 60 60 59 59 60 60 72 77 73 74 82 83 83 83 81 79 77 76 78 76 78 78 78 79 79 78 77 78 78 79 81 80 79 82 84 79 79 82 84 81 79 81 81 87 116 103 86 124 120 89 89 88 87 94 88 85 85 88 86 136 248 245 244 246 246 242 244 245 246 245 245 245 244 247 248 241 241 242 245 246 242 241 243 244 245 242 244 245 246 246 245 246 233 217 191 176 187 200 216 181 186 208 195 195 167
33 34 37 36 50 73 84 91 77 56 66 54 62 56 60 57 59 57 57 60 59 59 55 57 58 58 59 61 62 65 73 80 74 79 81 80 79 79 76 76 76 79 77 79 79 78 78 78 74 76 75 78 79 79 78 78 77 82 81 77 81 86 82 83 81 80 81 89 98 85 127 98 89 88 99 95 85 92 86 86 85 89 88 209 253 247 249 246 245 245 245 246 243 245 244 247 244 243 244 242 244 245 241 240 244 243 246 236 219 230 245 247 236 230 214 191 193 176 182 192 167 187 175 165 194 175 158 170
44 40 36 36 57 77 66 62 58 56 60 60 58 55 54 55 55 57 57 59 59 61 56 57 59 59 59 60 61 63 65 74 75 77 78 76 76 77 79 76 79 79 80 80 78 77 78 79 73 75 76 79 78 77 79 77 77 82 83 77 77 84 97 94 81 80 81 81 80 94 107 86 85 107 117 98 84 84 85 86 86 87 86 123 242 248 249 245 248 245 242 243 245 243 243 245 242 241 243 243 243 241 240 243 244 242 241 221 218 229 227 242 245 225 204 201 214 182 200 192 178 169 180 160 139 134 167 149
48 42 39 47 59 53 51 50 49 51 50 56 55 54 55 55 55 57 59 58 58 59 58 55 57 58 62 62 60 59 61 58 66 73 75 71 73 75 78 77 79 79 78 79 78 79 77 79 75 74 75 75 78 76 75 75 76 79 80 77 80 84 92 101 88 79 80 81 83 94 100 88 91 101 106 98 86 86 84 84 86 87 88 83 168 253 248 247 246 244 245 246 245 243 243 244 244 243 242 244 244 241 239 242 239 237 225 221 214 212 219 223 218 202 187 180 162 166 172 162 157 169 152 127 122 140 128 125
43 46 49 50 49 45 49 51 52 51 49 54 54 56 55 55 55 58 59 58 60 59 61 59 58 56 56 59 60 59 54 56 55 58 71 72 74 76 77 77 77 78 78 80 78 80 78 79 75 72 74 76 78 75 73 73 73 72 77 76 77 82 90 94 83 81 100 92 83 82 97 88 90 100 110 101 86 86 82 82 84 86 90 87 91 179 227 221 231 248 247 243 243 243 244 244 244 243 243 242 241 237 227 235 235 225 225 225 220 209 215 217 183 181 196 184 162 164 150 153 146 137 124 122 121 122 113 108
43 45 50 47 46 49 47 47 50 53 50 53 55 58 56 56 56 56 55 58 63 59 58 56 57 53 48 50 56 55 49 52 55 49 54 65 73 77 76 77 77 78 78 80 78 78 78 76 78 77 75 75 78 79 72 70 70 70 72 74 74 77 81 110 99 85 88 95 87 78 82 85 84 101 125 97 91 88 84 83 82 84 87 88 87 90 155 171 182 204 236 243 241 241 243 243 242 242 240 241 235 228 228 228 232 226 230 229 227 223 223 214 188 214 199 168 157 158 150 143 133 125 124 123 118 111 108 105
40 41 46 47 44 53 48 48 52 51 48 46 54 55 55 54 56 57 60 58 61 61 58 58 56 60 53 48 51 55 58 48 53 52 46 51 56 65 71 75 78 77 77 79 76 77 80 77 74 74 78 76 76 79 70 69 70 72 72 74 77 75 79 87 102 87 85 87 83 78 75 78 90 126 107 94 96 88 85 84 82 83 86 91 89 88 87 96 162 177 190 232 242 234 239 240 238 237 233 234 230 231 231 227 219 228 224 222 220 224 210 186 190 211 188 148 147 144 138 132 128 125 122 118 116 112 106 103
38 37 37 39 38 53 52 56 59 62 53 43 50 54 54 54 56 56 55 51 56 62 60 60 62 51 50 52 53 49 57 59 53 56 52 48 47 49 53 59 69 77 78 78 77 77 79 77 72 72 76 75 74 80 70 70 70 72 71 75 79 77 76 84 93 87 90 84 84 80 77 76 82 120 117 96 95 89 85 84 82 83 84 85 91 107 88 86 105 172 178 183 222 233 232 236 234 232 231 226 225 225 223 221 216 212 212 208 195 175 160 159 160 175 160 146 172 158 135 133 127 125 121 121 115 109 106 102
32 32 33 33 38 55 95 85 75 70 57 49 50 49 57 52 49 49 49 48 56 61 57 56 59 51 46 47 49 50 48 55 63 62 54 49 48 49 50 49 52 61 75 81 80 75 73 79 73 71 72 76 76 76 70 70 72 73 73 75 77 76 76 78 81 80 83 82 81 83 84 82 78 82 94 94 89 89 87 88 89 83 84 82 82 99 104 87 86 99 156 176 178 211 228 231 228 227 226 224 221 219 218 220 218 208 206 191 169 159 158 156 151 162 180 180 205 157 139 141 129 129 132 128 113 111 108 104
32 31 32 33 40 65 87 61 50 47 52 55 51 46 44 43 46 55 56 61 53 57 56 50 49 46 46 48 48 49 50 49 52 52 52 50 48 49 49 49 50 50 53 67 79 79 77 79 74 73 75 78 75 76 72 70 71 72 73 74 76 76 74 76 76 80 82 80 78 89 91 84 83 79 78 86 94 102 90 84 97 96 84 82 84 82 91 97 87 84 89 160 182 178 190 209 221 226 228 226 222 220 224 221 222 214 209 174 158 156 155 154 152 163 164 165 167 133 136 141 138 136 137 118 114 110 108 105
32 36 40 41 47 49 50 52 55 52 50 47 47 43 40 40 44 50 46 45 43 45 56 56 47 46 46 47 49 49 50 54 53 48 49 49 49 48 54 51 51 52 51 51 59 75 79 81 83 82 74 75 76 77 70 71 73 71 74 73 75 75 73 75 78 77 78 80 83 84 89 83 79 79 79 79 113 112 98 85 91 102 102 94 88 88 84 93 93 87 85 97 151 176 181 180 186 194 202 204 208 217 211 204 196 181 165 156 150 142 159 160 165 167 156 159 141 132 136 142 140 130 120 117 115 114 113 113
37 41 38 39 42 42 55 48 48 48 48 49 52 46 46 42 40 40 40 42 43 42 45 53 46 48 49 46 49 50 51 50 50 50 49 50 48 53 59 62 57 54 51 51 53 58 67 73 72 77 76 75 81 75 72 71 71 71 71 71 71 72 71 72 78 77 74 76 81 82 89 87 80 86 81 77 91 122 109 85 86 103 110 106 99 94 95 101 98 93 87 85 85 112 145 172 182 186 186 184 185 184 170 143 137 141 150 156 150 160 187 175 168 157 159 152 131 132 131 134 134 125 122 121 120 118 112 105
32 33 32 33 33 35 56 61 44 39 47 47 48 49 48 39 40 40 42 41 44 43 44 48 50 48 50 49 47 45 52 56 51 49 51 53 47 58 62 64 58 61 66 57 55 58 56 66 64 66 70 80 84 75 72 70 69 71 69 69 70 73 73 71 76 75 71 70 77 81 87 92 82 80 78 75 75 95 116 109 90 94 97 104 109 97 95 95 96 101 90 86 85 84 98 121 137 156 167 169 160 139 131 133 134 133 130 131 139 169 176 156 147 146 144 131 126 132 140 135 127 124 119 116 112 110 105 100
33 36 34 32 33 32 53 92 67 57 47 48 43 41 40 38 39 41 43 41 42 45 45 46 48 48 51 59 62 71 78 78 70 60 54 61 50 48 57 64 63 65 65 63 57 62 63 63 63 63 64 69 74 81 81 78 71 70 70 70 72 73 75 70 72 74 73 71 70 71 74 81 79 78 78 74 75 78 84 100 107 93 81 91 99 99 94 95 94 94 91 89 89 87 82 86 98 112 125 128 131 133 135 134 132 130 128 126 124 125 150 162 154 143 136 132 145 133 128 124 125 133 121 111 109 108 105 100
35 32 33 33 32 37 57 86 71 69 70 83 72 58 51 43 39 39 41 47 52 53 46 42 43 56 71 78 81 76 64 58 67 69 68 74 67 59 55 61 66 64 63 64 65 67 62 63 61 64 65 65 62 68 74 78 79 80 76 72 72 71 72 72 70 73 72 72 70 69 70 73 74 82 77 72 76 83 83 84 124 173 142 106 89 85 87 90 90 94 94 94 99 104 94 82 83 88 97 115 127 128 128 129 129 129 131 138 145 155 168 173 160 149 126 124 133 126 122 121 136 128 126 112 106 104 101 104
50 38 31 33 34 36 48 83 77 62 69 83 78 69 64 67 58 47 64 77 82 85 78 78 81 83 84 76 68 64 70 71 75 70 65 62 68 69 60 57 65 61 61 64 67 63 62 66 60 60 63 66 66 64 67 66 67 69 78 80 76 68 66 71 68 71 71 72 71 70 70 71 70 75 81 75 75 78 85 84 87 122 177 190 170 147 137 123 103 93 91 95 97 98 101 97 98 94 85 87 101 118 128 127 125 126 130 137 133 135 134 131 127 121 122 128 130 133 125 131 129 127 136 113 104 98 95 95
58 54 43 32 32 34 39 69 84 62 67 77 88 83 72 72 77 84 90 70 75 86 85 80 80 68 61 56 66 67 73 72 73 75 70 59 63 64 61 53 61 65 59 62 63 59 63 60 61 61 62 67 67 64 65 62 65 65 71 69 76 74 73 68 69 70 71 71 70 69 73 71 70 73 77 79 79 84 86 89 83 76 97 161 190 192 179 182 149 113 104 93 92 95 95 95 97 94 95 98 98 98 106 116 126 128 123 120 118 116 117 120 120 136 129 121 115 120 139 131 132 137 120 103 99 97 94 92
74 65 65 57 48 51 58 68 93 66 65 70 73 85 83 80 75 72 79 84 81 83 71 63 66 77 80 84 82 69 63 64 66 73 76 70 66 65 68 62 64 69 66 65 64 57 58 54 58 59 63 62 63 63 64 65 65 67 69 67 65 66 73 80 72 72 71 69 70 73 74 70 68 70 70 70 79 88 90 90 85 81 77 83 107 153 170 157 133 120 120 115 100 91 90 90 92 93 96 96 95 96 95 98 104 114 119 117 116 113 114 116 114 180 135 114 115 121 126 115 112 108 102 101 100 97 95 92
69 73 73 71 70 75 68 67 87 73 65 67 72 75 78 82 90 84 90 92 81 74 78 82 84 90 86 85 80 77 71 64 63 65 68 65 68 70 72 72 72 72 66 64 67 61 59 58 59 62 61 61 64 65 64 70 68 67 70 68 69 66 65 69 76 81 73 71 71 73 80 79 72 77 78 78 81 85 87 87 89 82 76 75 92 110 128 135 120 120 119 126 120 114 88 83 86 92 94 94 95 93 89 92 93 96 102 111 121 136 119 111 109 113 112 107 109 107 106 124 133 116 110 102 96 94 93 90
68 70 71 75 71 73 68 67 69 73 66 66 70 74 74 76 81 81 82 76 78 72 74 75 77 77 79 72 70 67 73 71 66 63 65 65 69 68 67 69 74 71 70 64 61 63 60 59 63 62 60 60 63 65 62 65 68 72 71 70 69 68 65 63 63 74 78 81 80 75 80 83 80 80 84 83 81 81 84 80 81 74 74 74 87 97 96 101 111 122 115 114 114 107 101 86 85 88 93 93 94 93 90 87 87 91 94 94 105 130 126 106 106 106 104 105 106 104 102 103 104 102 123 159 139 102 91 85
71 63 66 68 55 58 68 66 66 68 66 61 64 68 70 73 78 81 82 78 82 80 74 77 86 92 87 75 73 72 69 66 67 68 63 65 68 66 66 66 67 66 70 70 57 57 64 61 62 57 54 58 64 61 61 64 68 69 67 66 68 67 66 67 67 69 64 73 77 85 85 85 82 82 84 82 79 81 80 73 73 72 71 75 89 91 91 90 93 106 118 115 112 103 108 103 91 89 93 91 90 89 91 91 88 88 91 91 93 94 96 98 100 102 100 100 100 102 102 99 99 98 94 103 134 151 135 121
73 70 67 73 68 59 59 56 58 68 70 60 55 63 71 74 76 73 72 79 85 82 80 82 92 90 83 87 87 72 61 59 63 63 65 64 59 58 62 66 65 68 67 71 68 67 67 68 67 61 56 61 57 62 65 69 69 64 69 70 68 66 68 72 69 68 72 72 72 76 81 83 85 86 85 85 81 81 78 73 72 71 74 75 87 91 89 89 87 83 87 122 118 107 107 108 107 98 92 90 91 91 89 88 89 92 92 90 91 95 97 96 96 97 96 97 94 96 98 97 96 92 94 92 88 103 130 121
67 65 65 66 67 65 65 61 52 58 68 65 55 56 66 79 76 79 71 73 76 73 70 68 72 80 83 92 93 87 66 60 60 62 65 63 62 61 64 65 62 61 64 66 69 71 73 71 67 68 67 64 63 63 64 65 68 70 70 64 69 67 73 69 70 69 70 71 71 74 75 80 83 85 81 85 85 84 81 79 73 74 76 73 84 88 86 85 81 83 84 85 95 112 120 113 107 109 104 90 85 85 87 80 86 90 90 88 89 92 93 94 94 95 94 91 93 93 91 91 95 118 110 100 97 90 85 83
60 55 51 52 53 59 64 56 56 56 58 62 68 61 55 73 78 74 76 71 68 61 67 73 80 82 87 86 89 87 74 60 56 64 69 70 66 67 64 61 62 67 70 64 66 64 70 73 67 62 72 70 71 69 69 64 64 67 70 69 68 69 69 74 72 71 70 72 70 76 80 83 83 80 77 78 83 81 84 86 87 86 83 80 86 90 86 82 79 78 85 88 87 91 107 117 122 118 113 104 90 83 85 80 88 89 90 88 88 88 94 94 95 97 96 92 93 94 93 93 89 101 104 108 112 105 93 85
47 51 52 58 63 64 64 66 65 60 50 52 52 57 59 57 63 62 65 70 62 66 76 76 79 79 86 95 92 84 81 74 64 68 68 65 64 68 64 63 64 72 65 57 60 59 61 64 67 67 66 65 70 66 65 67 66 64 68 68 71 71 70 71 74 78 78 80 81 83 80 81 79 78 81 80 81 79 80 81 82 84 88 89 89 89 89 90 89 88 89 92 92 92 90 93 101 111 119 129 117 113 93 80 84 84 85 85 83 97 99 92 91 86 86 90 91 93 93 90 90 90 86 85 85 85 82 81
57 67 67 62 57 51 50 48 50 58 51 50 44 49 52 53 52 60 69 76 78 77 77 73 69 66 67 66 75 76 71 75 79 81 70 59 51 59 64 56 64 65 63 66 57 59 58 59 61 63 66 57 57 61 68 68 65 64 66 63 68 72 71 71 72 73 77 77 80 80 82 80 75 76 81 81 82 81 79 80 82 83 87 84 85 85 88 86 86 88 88 89 90 91 91 91 90 91 90 88 88 91 92 90 88 90 94 103 102 117 117 94 93 112 135 106 87 88 87 89 90 88 86 82 77 75 81 76
65 59 50 44 40 36 42 47 43 51 55 49 43 47 48 53 54 55 60 74 86 79 73 70 64 64 67 75 86 90 92 101 106 93 66 64 61 56 60 57 60 57 55 58 55 62 60 53 50 57 63 57 58 60 62 67 68 65 63 64 67 64 70 73 74 76 73 75 71 70 76 78 79 81 83 79 81 83 83 81 83 84 83 80 83 84 86 86 87 87 86 89 88 87 87 88 85 87 86 82 83 79 80 79 81 86 85 88 87 85 83 82 86 110 116 89 87 88 88 88 86 84 83 82 81 78 75 74
51 48 49 47 49 47 49 52 48 51 49 52 50 49 49 56 55 58 61 63 65 71 66 60 65 73 64 77 93 101 97 109 107 100 82 65 60 63 67 61 57 52 58 55 49 52 56 46 55 55 59 58 64 66 63 65 67 67 68 65 67 66 72 72 72 73 72 75 74 76 74 73 72 79 79 83 81 78 81 82 83 84 82 81 82 83 86 87 86 84 85 86 84 81 83 85 82 85 83 80 80 77 79 81 82 78 76 76 77 78 77 68 71 75 78 80 92 86 86 87 83 85 84 82 81 78 75 73
41 41 47 46 46 45 43 43 43 50 50 46 58 58 53 57 54 55 60 59 57 58 63 61 60 60 57 58 64 80 85 94 96 100 94 82 66 59 63 65 60 59 55 49 53 49 56 57 53 56 57 52 58 63 61 66 65 65 67 67 67 67 68 71 70 71 75 74 74 74 78 75 76 76 77 78 80 82 81 80 77 80 82 81 80 81 82 85 85 81 82 82 83 82 81 84 82 79 81 78 76 81 82 84 85 86 85 83 82 81 82 78 71 65 86 145 125 83 83 81 81 81 79 78 75 72 70 68
38 37 36 38 34 41 40 41 51 53 57 49 51 55 48 51 56 54 54 52 53 53 56 57 66 52 56 60 61 63 72 83 96 98 100 95 93 74 62 58 57 57 55 49 51 43 58 57 52 54 59 53 54 61 65 66 64 64 69 67 65 68 69 69 70 69 70 70 75 74 74 74 76 78 78 78 78 81 82 81 81 81 78 76 77 78 81 83 82 81 82 82 77 76 77 79 77 77 80 75 81 84 87 85 82 81 82 76 78 74 75 74 73 70 65 105 95 78 77 76 78 75 76 75 72 71 70 68
32 34 37 35 34 47 42 49 52 55 55 52 48 48 50 53 51 49 53 50 47 54 47 52 54 56 54 62 60 54 56 64 81 91 97 91 88 88 61 52 61 58 45 53 59 51 66 58 56 62 59 52 54 57 58 58 66 64 63 70 66 63 68 68 69 68 71 74 72 75 73 71 75 74 73 76 79 79 76 78 80 84 80 80 80 81 84 82 81 82 83 83 80 75 71 72 75 72 72 76 82 84 83 77 76 76 76 77 77 70 69 66 66 73 76 67 85 82 77 77 79 79 77 72 73 71 70 66
34 37 36 34 41 53 48 48 50 58 57 43 40 48 54 49 49 49 52 49 46 51 48 43 44 48 59 52 54 56 49 52 63 92 94 84 72 79 86 67 60 60 53 58 62 62 61 59 62 62 61 55 56 50 56 60 68 63 64 65 67 70 72 70 72 73 72 73 68 67 67 72 77 76 75 78 77 77 76 78 77 80 79 82 83 83 81 83 84 83 78 74 77 76 72 72 77 81 91 92 86 81 81 78 78 77 75 73 69 65 63 61 61 61 61 72 129 118 82 77 77 77 76 71 71 67 66 63
36 34 35 39 43 49 38 42 43 49 54 49 45 48 50 51 49 49 51 43 49 46 47 49 39 38 50 50 47 55 54 49 50 67 79 67 60 80 90 82 61 62 64 59 60 58 57 59 60 56 59 64 59 54 61 60 63 60 60 61 66 65 68 70 73 70 71 72 70 68 73 71 73 74 71 75 76 78 77 76 74 75 80 80 81 81 78 79 76 73 75 63 66 61 82 130 158 179 193 152 82 79 78 75 71 69 73 68 69 68 65 70 75 73 65 65 77 110 76 72 73 74 74 71 70 67 63 62
33 32 41 37 38 42 37 43 45 44 43 58 54 46 44 48 52 52 49 53 50 44 49 45 39 36 46 48 41 41 54 51 52 48 53 52 53 84 91 73 60 63 61 58 64 66 59 55 55 57 59 60 62 65 65 61 59 56 55 63 68 62 67 67 68 67 73 71 65 66 69 71 73 73 71 75 75 75 77 73 77 77 77 76 78 77 75 77 72 67 61 58 62 98 162 204 213 215 220 140 77 82 80 81 78 77 77 75 75 73 77 76 79 81 79 80 75 83 78 76 79 77 77 73 67 63 63 64
29 33 38 34 39 44 46 46 42 46 46 44 53 50 46 50 56 51 51 50 49 44 52 45 40 36 42 37 41 36 50 50 41 41 45 46 42 70 89 83 83 90 64 55 53 56 52 50 49 55 47 48 52 65 58 60 55 54 57 60 67 66 61 62 64 67 70 70 66 69 69 71 72 68 67 69 71 73 70 68 72 75 75 78 77 75 75 76 71 64 56 86 155 211 220 216 215 216 221 156 92 88 86 83 79 81 74 64 66 65 71 74 80 78 79 75 72 73 76 75 75 74 74 71 69 68 67 67
26 29 36 39 44 55 40 45 39 40 41 42 42 47 42 45 56 58 48 49 48 48 45 47 44 43 35 45 44 35 44 44 37 38 46 49 40 48 75 92 89 98 99 71 49 44 49 54 56 52 47 55 49 55 48 60 60 56 61 57 67 63 54 62 69 69 67 69 72 68 74 74 70 74 73 72 66 73 72 63 66 68 70 70 76 74 70 68 62 64 108 186 220 216 215 216 216 215 216 208 164 115 89 81 82 75 73 66 69 70 77 75 78 71 76 74 73 66 60 70 67 64 66 62 67 68 63 59
29 31 31 33 36 46 37 43 37 40 42 40 38 43 50 49 51 49 47 49 44 48 41 45 38 42 34 36 41 39 46 48 45 41 47 46 45 40 55 80 98 109 110 105 72 44 51 50 49 45 56 53 47 50 47 56 64 62 66 54 59 55 56 62 64 60 64 64 69 67 72 71 68 73 69 65 70 74 68 71 85 96 106 130 139 137 134 135 145 174 208 217 216 216 217 216 216 216 215 215 212 186 131 90 82 78 73 62 75 75 77 73 72 72 76 77 73 72 58 55 63 66 69 68 66 68 65 62
26 29 36 39 35 39 44 42 34 43 40 52 43 45 58 52 54 47 46 42 41 51 47 42 42 39 38 35 38 38 39 51 51 45 44 44 47 40 44 50 85 100 96 81 73 58 58 51 45 48 56 49 43 50 50 63 62 68 65 54 57 58 59 58 60 55 59 64 65 61 59 66 67 69 73 92 113 130 145 168 187 197 201 203 202 198 199 202 208 215 215 215 216 216 216 216 215 216 215 215 212 211 193 152 113 93 86 112 109 89 93 83 75 72 74 69 67 67 67 67 72 68 68 64 64 65 65 62
27 27 35 40 39 41 51 42 46 52 44 59 51 53 52 41 51 45 43 46 43 46 40 39 41 35 42 35 33 40 35 45 47 47 41 47 45 46 45 47 58 65 76 56 53 62 60 55 49 47 54 53 47 47 55 64 61 63 64 58 62 55 54 55 52 53 54 52 54 68 93 127 156 171 185 197 203 203 206 208 208 208 208 208 209 208 210 211 212 214 215 215 216 216 215 216 216 215 215 215 213 211 212 207 193 178 177 191 186 167 166 171 157 156 133 110 84 68 69 71 70 68 65 65 63 64 62 60
32 27 32 40 49 49 46 41 52 46 47 50 44 47 45 49 49 52 43 44 42 43 42 43 48 36 38 33 33 34 36 39 46 50 48 42 44 49 48 49 51 55 69 57 53 59 60 61 45 44 48 46 49 54 59 64 63 59 60 64 54 54 50 51 51 50 56 91 146 181 198 204 205 205 205 205 205 205 207 207 207 209 209 210 210 211 211 212 213 214 215 215 216 216 216 216 216 215 214 213 214 212 211 208 209 206 206 208 205 200 189 183 181 182 184 194 182 152 91 67 64 64 65 64 61 61 57 56
33 30 35 40 45 44 43 46 50 46 47 40 45 44 38 42 41 51 42 39 41 37 47 42 45 44 46 39 38 33 35 38 47 45 42 41 46 47 43 42 46 52 52 52 55 52 55 54 45 43 43 54 50 53 57 57 60 60 57 59 56 50 49 49 55 86 144 190 200 201 199 200 202 203 204 205 205 206 207 207 208 208 209 210 211 211 212 213 213 214 215 216 215 216 216 215 216 214 214 214 214 213 212 208 210 211 211 211 211 209 203 201 197 194 189 188 179 166 113 80 70 68 71 66 66 61 58 57
29 30 35 36 43 44 42 41 42 49 43 37 41 37 36 38 47 44 45 45 39 42 42 48 46 50 41 45 43 33 34 35 40 44 42 40 44 49 43 41 41 46 52 52 55 51 53 72 62 51 45 59 54 55 57 59 60 54 51 52 50 48 53 82 147 193 203 200 199 200 200 200 202 204 203 204 204 206 206 206 207 208 208 210 210 211 212 212 213 213 213 214 214 215 215 215 214 214 214 214 214 213 211 211 211 211 210 210 210 209 207 207 205 201 200 200 189 157 104 83 71 72 69 63 62 60 57 56
31 32 32 33 43 52 44 40 40 48 42 41 46 43 48 40 53 47 54 49 52 50 43 47 47 42 40 45 45 35 34 34 44 47 48 38 44 49 53 42 41 38 48 56 65 74 67 82 83 64 55 57 59 62 56 65 60 57 51 49 48 52 78 158 199 201 201 201 201 201 201 202 202 203 203 203 205 205 206 206 207 207 208 209 209 211 211 212 212 212 213 213 214 215 214 215 215 214 214 214 213 212 212 211 211 210 210 211 210 210 209 208 207 205 207 192 117 84 68 69 66 65 65 60 61 59 55 52
33 36 30 39 46 43 42 34 37 47 40 41 50 48 51 38 49 57 52 50 49 45 42 45 46 36 48 41 42 40 33 34 39 42 44 46 50 49 53 52 50 44 50 56 57 80 90 91 92 88 61 54 51 58 51 61 57 53 49 48 51 69 119 191 203 202 202 202 201 200 201 202 203 203 203 203 205 205 206 206 206 207 208 208 209 210 211 211 212 212 213 213 214 214 215 215 215 214 214 214 213 212 212 212 211 211 210 210 210 209 209 209 208 209 191 131 69 66 64 66 65 64 62 62 57 59 54 52
34 38 38 34 37 40 44 39 43 43 47 44 53 45 48 41 41 50 40 55 49 47 43 44 48 37 44 42 40 38 36 34 34 38 45 50 46 45 47 58 53 50 49 54 59 69 84 87 94 93 79 58 51 60 57 65 56 48 47 49 78 140 191 203 202 201 200 201 200 200 201 202 201 203 203 204 204 205 205 205 206 207 208 209 209 210 210 211 212 213 213 214 214 215 214 213 214 214 213 213 212 212 212 211 210 209 210 209 210 210 209 209 208 213 144 76 70 70 63 64 61 60 61 59 59 56 57 54
35 42 38 30 32 44 44 39 42 44 48 48 43 43 38 42 34 43 37 44 45 45 43 43 42 42 49 36 41 43 39 34 34 36 44 47 43 48 50 52 53 49 50 54 53 63 86 89 102 99 97 83 65 59 63 52 48 49 65 124 183 205 204 202 202 201 200 200 200 201 201 202 203 202 202 204 204 205 206 206 206 206 208 209 210 210 210 211 212 213 214 214 214 215 213 213 213 213 213 212 212 212 211 211 210 209 210 210 210 210 209 209 208 190 105 74 71 67 63 63 61 59 59 59 60 53 56 50
35 44 39 36 34 47 39 37 39 42 43 46 38 35 36 35 32 36 43 35 45 44 46 48 46 41 48 40 42 38 35 35 37 38 41 38 47 51 51 51 53 58 57 60 58 55 70 97 100 103 105 107 94 70 50 47 61 101 162 201 202 201 202 203 201 202 201 200 200 200 201 202 202 202 202 203 205 205 206 206 206 207 208 208 209 210 211 211 212 213 213 214 213 213 214 214 212 212 211 212 211 211 211 210 209 209 208 208 208 209 210 209 208 170 96 78 68 62 64 65 63 63 68 63 62 60 57 52
35 41 37 37 36 47 39 40 39 34 34 40 41 34 35 34 39 34 35 38 44 41 46 51 52 47 45 39 44 40 33 35 35 37 37 43 46 45 48 55 51 52 69 75 74 84 82 87 97 102 101 86 73 85 91 130 160 193 203 199 200 201 202 201 201 200 201 200 200 199 201 200 202 203 204 204 204 205 205 206 206 207 208 209 209 209 210 211 213 213 213 213 213 213 213 213 213 212 212 212 210 210 211 209 210 209 208 207 207 207 209 209 189 112 80 73 67 66 66 63 66 63 65 60 59 61 54 55
37 41 38 33 35 38 35 37 33 37 35 36 42 34 40 33 38 34 34 35 39 50 51 43 51 53 47 45 39 40 37 41 34 40 38 44 48 49 46 56 48 47 65 64 61 54 58 65 73 80 80 96 122 158 187 198 201 198 199 199 200 202 201 200 199 200 200 200 200 200 200 201 202 203 203 204 205 205 205 206 207 207 207 209 209 210 211 212 213 213 213 213 213 213 213 212 212 211 211 211 211 211 210 210 210 210 209 209 208 209 210 200 159 82 75 68 68 70 66 66 64 64 62 58 57 55 51 56
31 42 36 31 30 30 37 35 31 34 35 35 39 40 45 34 35 35 37 36 41 50 53 49 52 51 44 52 46 36 40 44 36 38 41 40 46 55 49 56 44 50 60 60 52 47 44 48 59 106 159 183 193 195 196 197 198 198 199 199 201 201 201 201 200 201 200 200 200 201 201 201 203 203 204 204 205 205 205 206 206 207 208 209 210 210 211 212 213 213 213 213 213 213 213 213 212 212 211 211 211 211 210 210 209 210 210 210 209 210 209 201 187 124 82 75 75 68 66 64 64 63 62 62 59 55 56 54
33 38 33 31 33 27 34 39 32 37 35 33 36 43 41 40 36 39 40 40 43 49 53 44 49 46 43 42 44 39 35 37 35 35 38 42 40 50 54 49 43 46 58 61 71 81 108 141 168 186 194 192 193 194 195 196 197 198 200 200 201 201 201 201 201 201 201 201 201 202 201 203 203 204 205 204 205 205 205 207 207 207 208 209 210 211 212 211 213 213 212 213 213 213 213 212 212 211 211 211 211 211 211 210 212 213 212 212 212 211 210 197 178 151 101 80 72 68 67 68 65 62 65 60 59 54 51 48
32 31 32 30 30 28 30 36 35 36 37 34 33 38 37 38 33 36 44 42 38 43 55 45 43 42 42 44 39 38 35 34 35 37 39 41 44 48 46 56 62 72 93 124 156 177 189 191 192 192 193 194 195 195 195 197 199 199 199 200 200 201 202 201 202 203 202 202 202 202 202 204 204 205 204 204 205 206 206 207 207 208 209 210 210 211 212 212 212 213 213 213 213 213 213 213 212 211 212 211 212 212 211 214 159 143 177 207 192 199 210 195 170 162 94 70 72 73 66 69 62 63 62 58 55 50 52 45
31 31 35 34 32 30 30 35 33 36 37 35 33 34 34 32 35 36 43 37 36 40 54 36 36 41 41 44 44 37 35 36 37 38 39 41 42 48 84 124 147 167 182 185 187 185 186 189 192 192 193 193 195 195 197 198 201 202 202 202 201 203 204 203 202 202 201 202 203 203 203 203 204 205 205 205 205 206 207 207 208 208 208 208 210 211 212 212 211 212 212 212 212 212 212 212 211 212 212 211 211 213 219 194 119 75 100 118 101 175 215 210 201 175 100 70 69 67 63 67 56 59 59 58 52 49 51 42
29 30 37 31 32 29 33 30 33 30 30 32 35 29 36 37 38 33 38 38 35 37 48 37 42 42 40 42 38 37 36 37 39 40 40 44 71 118 161 180 180 181 182 184 185 187 190 192 194 196 196 199 200 200 200 199 201 200 201 202 202 202 202 202 202 202 201 202 202 202 204 204 204 205 206 205 206 207 206 207 208 208 208 208 207 211 213 203 191 180 213 214 212 213 211 211 212 212 213 212 211 211 204 168 103 74 69 81 164 218 213 212 213 195 147 102 65 65 68 66 59 60 54 53 51 54 48 43
29 27 29 29 30 29 28 31 35 36 34 31 32 32 40 37 38 33 31 37 37 35 41 38 40 40 35 36 36 38 40 40 43 48 75 119 159 177 178 177 180 182 183 184 187 190 194 195 199 199 200 199 198 198 198 198 200 199 201 201 201 201 200 202 202 202 202 203 202 202 203 204 205 205 206 206 206 207 207 207 207 208 209 209 198 182 162 145 130 101 132 161 199 204 213 214 214 213 214 214 214 217 127 92 93 70 49 120 210 214 212 210 213 209 166 130 79 77 73 65 64 59 54 50 50 51 46 45
29 27 29 27 29 29 28 30 33 38 34 29 32 39 34 32 34 40 36 41 43 36 34 38 35 35 36 37 39 42 42 45 60 101 155 176 177 176 178 180 183 186 188 191 194 197 197 196 197 195 196 196 196 197 197 199 199 201 200 201 203 203 202 203 202 201 203 203 203 204 204 203 206 205 206 207 207 208 207 208 208 209 208 207 159 117 81 79 77 74 76 78 112 130 170 197 214 217 216 216 217 207 173 93 74 62 49 119 210 211 212 216 194 145 197 165 109 81 72 66 64 59 60 60 49 51 48 45
27 27 29 29 28 31 29 29 32 34 35 32 34 36 37 34 35 38 41 38 38 38 36 37 39 40 40 40 42 46 76 115 147 168 174 179 181 184 188 191 192 195 196 196 195 195 193 194 195 195 194 196 197 197 198 199 200 201 201 202 203 203 203 202 202 203 203 203 204 205 205 205 206 206 206 207 207 206 207 208 210 201 149 139 100 75 74 74 75 74 73 74 69 70 97 108 167 195 215 220 221 153 96 110 78 50 61 146 211 209 185 166 110 154 218 201 136 110 74 70 62 57 62 61 56 55 52 47
27 27 27 29 28 30 30 30 31 30 33 34 33 33 40 37 41 37 37 36 40 38 39 40 40 41 46 58 92 135 166 178 178 180 184 189 191 194 194 194 193 192 192 191 192 192 194 193 193 195 194 196 197 197 199 200 201 201 202 203 202 202 202 203 204 203 205 205 205 205 206 206 206 206 207 207 206 206 207 207 205 156 81 80 79 81 75 73 71 74 72 74 73 69 67 69 95 102 172 204 213 203 111 73 72 62 149 148 136 144 86 70 171 216 214 211 179 136 115 97 71 62 67 58 55 58 52 50
28 27 27 28 30 29 30 30 30 31 32 33 34 35 39 35 39 38 38 37 38 38 42 52 77 108 137 163 179 181 181 183 186 188 190 192 191 190 190 190 191 190 191 191 192 193 193 194 195 195 194 197 198 198 199 200 201 201 201 203 204 204 204 204 205 206 206 206 206 206 206 206 207 207 207 206 206 207 210 184 159 90 79 78 74 78 73 71 71 72 75 71 71 70 67 72 71 71 73 100 132 177 157 82 67 67 143 179 95 58 68 154 210 200 202 206 195 164 130 114 83 72 66 55 51 50 52 55
26 27 27 28 29 29 30 31 32 32 33 34 35 39 37 36 36 37 43 60 73 97 128 148 174 184 183 182 182 183 183 183 185 185 186 187 186 188 189 189 189 190 192 192 192 194 193 194 196 196 196 198 198 198 199 199 201 202 203 205 205 205 206 206 206 205 206 206 206 206 207 207 207 207 206 206 206 207 215 146 92 76 79 72 74 70 70 72 70 72 73 65 69 67 69 71 71 76 67 70 73 80 100 84 74 82 124 96 73 69 133 204 176 168 172 186 156 159 128 119 95 66 65 54 60 55 54 50
26 27 27 29 30 31 32 32 33 34 36 37 38 37 45 66 89 112 136 163 174 178 181 179 178 178 179 179 179 180 179 180 181 182 184 186 185 187 188 188 189 189 193 193 193 195 194 195 196 196 196 197 198 199 200 203 203 205 205 206 206 206 206 206 205 205 206 207 207 206 206 206 207 207 206 206 208 205 199 112 77 71 76 69 74 65 72 66 70 66 70 68 61 67 69 68 69 71 70 72 67 65 64 84 96 80 70 89 93 105 125 106 97 127 105 118 93 140 94 95 107 69 72 57 59 55 47 49
26 28 29 30 31 32 33 34 34 34 38 50 79 116 143 161 172 177 177 174 172 173 173 173 174 175 177 177 175 176 177 178 180 182 185 185 187 188 188 189 190 190 192 193 195 195 195 195 197 196 198 198 200 203 203 205 204 205 206 206 206 205 206 206 206 207 207 207 206 207 206 206 205 205 206 207 206 171 123 80 76 73 78 65 71 65 71 68 66 67 71 66 57 68 66 65 65 69 69 71 66 64 65 92 162 90 87 71 63 52 77 87 104 83 68 68 65 95 68 68 84 61 58 57 57 52 48 50
28 29 30 31 32 33 35 44 70 104 120 147 167 171 170 168 168 167 168 167 168 169 170 170 171 173 174 174 175 177 177 177 179 183 185 187 187 188 188 189 191 193 192 193 194 194 196 198 199 201 202 203 204 205 204 205 205 206 206 206 206 206 207 207 207 206 206 206 206 207 206 205 205 206 206 175 170 109 80 73 72 77 73 60 67 67 67 64 62 68 65 64 70 68 67 64 70 69 68 70 74 84 78 105 158 120 90 66 86 103 70 76 75 67 60 62 60 63 63 63 63 62 57 57 51 51 50 49
29 30 31 32 38 62 100 131 155 166 168 166 163 163 162 163 163 163 163 164 167 167 167 168 169 170 172 174 174 178 180 181 181 183 185 187 188 188 188 189 190 191 192 193 195 197 200 203 203 204 204 204 204 205 205 206 206 206 206 207 207 207 207 207 206 206 206 206 205 205 205 205 207 209 200 118 104 76 70 72 72 71 66 63 70 71 64 64 68 69 67 68 67 72 72 71 69 72 74 68 77 92 79 98 148 105 98 64 73 76 66 73 59 67 65 68 60 63 62 56 59 59 56 55 50 49 49 45
28 31 38 59 101 132 155 157 156 157 158 158 159 159 159 159 160 162 162 163 164 166 167 168 169 170 172 175 175 178 180 181 181 184 185 185 187 188 188 189 190 193 196 198 201 201 204 204 204 204 204 204 205 206 205 205 206 206 206 206 207 207 206 205 205 206 205 205 205 205 206 204 193 176 142 83 77 75 73 71 72 74 76 70 68 69 75 72 72 74 72 71 65 70 74 74 71 71 71 67 68 80 80 91 129 94 117 64 94 84 62 58 55 67 65 64 59 58 61 49 61 57 57 51 50 48 49 46
59 84 110 133 146 148 150 150 151 153 154 156 156 157 158 158 160 161 162 163 164 166 167 168 169 171 174 175 177 178 180 181 182 182 186 185 186 188 190 192 196 199 201 202 203 203 203 204 205 205 206 206 204 203 204 205 206 206 206 206 206 205 205 206 205 205 204 205 205 209 197 152 124 95 86 76 76 73 75 71 74 70 71 71 71 71 69 68 73 75 71 70 67 73 71 69 70 64 70 64 64 74 81 91 96 76 94 88 81 72 71 47 57 60 61 61 52 56 57 52 61 59 58 53 51 48 50 44
126 133 136 138 140 143 147 148 151 152 154 155 155 156 157 157 158 160 162 164 165 166 168 169 170 172 173 175 178 179 180 182 181 183 185 187 190 193 196 198 200 200 201 202 203 202 204 206 206 205 204 203 204 205 205 205 205 204 205 205 205 204 205 205 204 205 204 206 202 180 140 78 80 74 76 70 70 68 69 65 67 61 69 71 69 75 70 73 72 75 74 69 69 72 69 66 66 59 67 65 61 65 64 92 90 73 83 89 94 74 60 58 61 53 57 58 56 59 52 57 66 62 55 55 54 46 50 39
123 128 131 134 139 142 145 148 148 151 153 154 155 156 157 158 159 162 163 164 166 167 168 169 171 173 174 175 178 179 180 182 185 189 191 195 198 199 200 201 202 202 202 202 205 206 207 205 203 203 202 202 203 205 205 205 204 204 204 205 205 205 205 204 204 205 207 201 181 95 79 76 78 74 72 68 66 64 63 64 68 65 72 75 71 70 70 66 70 71 70 68 67 67 69 63 63 64 75 60 59 67 56 95 103 69 127 97 83 64 54 63 55 60 60 58 63 57 51 58 69 59 56 53 50 45 46 36
122 127 130 134 138 141 146 149 152 153 155 157 158 159 160 161 162 163 163 165 166 168 170 170 172 173 175 177 179 182 185 188 193 196 196 198 200 201 202 203 203 204 206 207 207 206 202 201 202 202 202 203 204 204 204 204 204 204 204 205 204 204 204 204 205 209 189 127 113 73 72 76 68 77 66 66 68 68 70 66 72 66 72 75 69 66 73 70 71 68 67 69 67 63 68 67 68 70 69 55 69 66 56 90 107 77 84 66 55 60 59 57 50 60 62 57 60 56 57 60 65 49 49 51 44 47 44 38
120 125 130 134 138 143 147 149 153 155 156 159 158 158 159 160 160 162 164 164 166 168 169 170 171 174 178 183 185 189 192 194 196 198 199 199 200 202 203 204 206 208 208 206 203 201 200 202 201 203 203 204 204 203 203 203 203 204 204 204 203 205 205 208 199 168 115 72 77 70 70 74 60 72 61 64 65 75 71 71 74 57 71 73 67 70 67 69 72 71 73 71 73 65 68 70 63 69 67 58 72 63 60 91 108 65 68 65 56 57 58 49 49 70 67 57 54 61 57 60 61 44 46 45 45 46 39 33
121 125 130 134 138 142 147 150 153 155 156 158 157 157 158 159 160 161 163 163 165 169 172 174 177 181 185 189 191 194 194 196 198 199 200 201 204 205 206 207 207 206 203 199 200 200 200 200 202 202 203 203 202 203 203 203 203 204 205 205 204 205 201 184 128 86 75 73 77 65 68 71 61 71 60 62 69 72 65 70 66 59 70 61 70 68 65 66 67 65 71 73 73 65 64 72 63 66 65 58 68 60 59 104 121 54 67 63 54 66 77 71 78 76 70 61 51 63 57 59 59 41 50 42 45 46 37 31
120 125 128 132 137 140 145 149 152 155 156 156 157 158 159 160 161 163 166 168 171 174 179 182 182 186 190 192 194 196 195 196 198 200 203 206 207 208 208 207 203 198 197 197 198 198 199 201 202 202 201 201 202 202 203 203 203 204 206 204 188 145 142 101 76 75 72 66 74 64 68 67 69 67 60 64 64 65 60 61 60 61 66 59 68 65 67 69 67 61 69 73 74 64 64 70 59 57 63 58 67 59 57 111 142 97 69 58 61 77 89 91 84 76 64 74 56 63 58 52 54 42 48 41 41 45 38 36
119 124 127 132 137 141 145 149 153 154 155 158 158 160 162 165 167 170 173 176 178 181 185 187 187 188 190 192 194 195 196 199 200 203 206 207 208 206 205 201 196 194 196 196 196 199 201 201 201 201 201 202 201 203 204 204 208 189 187 153 143 89 81 71 76 71 64 65 71 69 68 69 72 68 68 71 66 58 60 62 58 63 66 58 68 62 64 71 66 64 64 73 73 67 62 66 50 56 67 64 65 53 56 111 96 68 71 71 67 77 80 75 70 69 59 74 60 63 57 51 61 46 53 44 44 49 41 38
118 124 127 132 137 141 144 148 153 156 159 162 165 168 170 173 174 177 179 181 183 184 186 187 189 189 190 194 196 198 200 203 205 206 208 207 203 202 200 196 194 194 196 195 197 198 201 201 200 201 202 203 204 205 194 195 170 151 116 77 74 68 72 72 68 66 60 69 70 70 71 68 71 72 71 71 69 63 56 67 65 67 66 63 67 57 66 66 58 64 60 70 70 70 65 62 45 54 68 65 65 55 62 125 139 116 69 82 89 92 102 61 41 48 47 42 54 56 49 54 72 58 55 47 48 49 40 40
119 124 128 133 136 142 147 154 159 163 166 169 171 173 176 178 179 181 182 183 185 189 188 189 191 194 195 198 199 201 203 204 206 207 205 201 201 200 197 196 195 194 194 195 197 200 199 199 200 202 205 196 183 201 155 112 87 88 70 70 64 64 72 72 66 66 60 67 68 72 66 63 76 70 68 67 66 66 63 67 67 65 60 64 57 54 64 65 53 63 61 67 63 66 58 61 49 56 67 64 61 58 64 153 115 123 147 116 110 99 72 73 77 69 51 51 65 50 47 62 75 61 57 51 45 46 43 40
120 125 129 136 142 147 153 158 162 168 171 175 175 178 179 181 182 182 184 186 189 191 190 192 195 196 197 200 200 203 206 207 206 202 202 202 200 197 195 195 195 194 196 197 198 198 200 200 203 198 193 186 151 159 129 70 72 68 66 72 66 63 70 65 65 67 63 66 71 71 63 65 72 61 57 54 64 68 63 63 67 68 58 61 55 68 64 65 66 61 68 71 55 67 66 59 52 57 69 66 63 60 62 143 102 85 92 112 86 86 64 69 72 79 67 53 55 46 47 66 67 60 56 45 49 54 50 40
123 128 134 138 144 150 156 161 166 170 174 177 178 179 182 182 183 185 187 189 191 192 193 194 196 199 201 202 205 206 207 204 199 201 203 200 196 194 194 195 195 196 197 199 199 200 201 203 202 179 133 122 101 92 77 70 68 60 71 69 71 64 62 62 61 73 63 65 65 65 64 67 68 54 62 63 63 67 60 62 64 70 60 67 59 73 63 70 72 60 70 67 51 67 64 59 60 58 68 65 66 61 74 145 109 92 90 94 88 91 93 81 59 68 55 57 55 45 47 68 66 54 54 44 51 55 43 42
124 128 135 142 146 152 158 163 167 171 175 177 179 181 184 185 184 188 189 191 193 194 195 196 198 201 203 205 206 204 200 200 200 202 200 199 196 192 194 194 194 196 198 198 199 202 203 202 138 140 74 75 72 65 62 62 65 59 70 68 69 65 59 63 66 73 68 68 63 59 64 65 69 52 59 64 61 69 63 65 63 67 63 67 63 74 64 72 70 58 68 72 63 66 61 62 61 56 64 65 59 85 140 88 86 67 84 89 69 74 69 57 60 55 71 71 52 37 46 71 73 66 53 42 43 52 45 41
126 131 136 142 147 152 156 160 166 171 174 178 180 182 186 187 186 189 191 194 194 196 199 200 202 204 204 203 200 198 200 201 201 199 197 195 193 194 193 195 196 196 197 199 201 205 177 121 75 100 59 68 68 68 64 58 66 62 64 63 66 65 60 58 66 69 72 71 66 62 65 58 66 60 54 53 56 68 63 66 59 62 63 69 68 79 58 66 67 58 64 72 63 65 64 56 59 78 179 134 95 185 152 89 71 88 85 80 61 65 69 59 62 56 63 56 83 122 78 70 69 61 61 44 46 52 48 43
126 130 136 141 146 151 155 159 165 171 176 178 180 184 186 187 189 191 193 197 198 198 201 202 201 200 197 197 198 200 200 198 197 194 193 191 192 193 195 194 194 194 197 202 205 163 113 66 64 70 62 66 61 64 66 58 65 65 58 63 65 64 60 62 68 63 70 71 68 66 63 60 62 66 53 45 58 65 66 67 65 62 58 66 73 77 54 57 58 58 72 70 62 60 61 67 56 153 205 127 168 178 145 111 70 67 99 119 133 94 100 90 126 125 54 61 116 121 101 86 73 58 54 46 46 51 45 38
124 129 134 139 146 150 153 158 164 170 173 178 180 185 188 190 192 193 195 195 198 197 197 197 196 195 197 198 198 197 195 194 191 190 189 190 190 193 194 196 196 198 199 199 167 98 67 69 64 66 64 58 55 59 65 64 61 60 56 66 64 62 66 68 64 62 70 65 66 64 56 62 57 66 56 54 63 64 65 64 70 67 60 64 74 71 57 62 57 59 67 66 78 115 168 227 173 221 209 106 115 208 192 120 185 126 69 85 117 117 111 86 131 165 161 157 158 157 137 141 156 140 104 75 56 59 65 68
123 127 132 138 144 147 151 156 162 169 175 180 182 186 191 192 193 192 193 195 195 193 192 192 193 194 196 194 193 192 190 188 187 187 188 190 191 191 193 195 196 200 200 153 103 69 67 65 65 62 62 54 56 53 61 66 63 60 60 66 64 59 68 67 63 61 69 53 63 64 53 59 53 60 58 60 61 62 66 61 67 69 63 63 66 69 60 61 59 62 64 95 214 217 214 218 214 191 217 167 160 222 173 173 221 197 155 185 196 135 60 103 159 164 198 195 188 198 176 146 131 163 163 164 133 121 126 119
122 126 131 137 143 145 150 155 162 170 176 180 184 187 189 190 189 189 189 188 188 191 191 192 191 191 191 190 189 188 186 185 187 187 189 190 189 191 192 194 197 199 183 83 62 58 66 63 59 55 60 54 63 55 57 59 59 63 67 59 65 63 64 68 62 59 67 46 62 61 59 53 60 63 57 62 63 62 64 61 59 69 72 51 69 69 54 68 69 55 74 204 238 194 211 185 173 156 236 217 224 223 224 226 156 127 109 106 110 79 68 83 124 152 169 172 163 169 159 152 143 132 130 129 129 118 108 106
119 125 130 135 142 146 150 156 162 168 174 178 180 182 184 186 184 184 184 186 186 188 190 190 189 187 186 185 185 185 184 185 186 187 188 189 189 191 193 199 189 162 126 70 60 58 62 59 54 60 59 60 63 58 61 62 56 63 62 63 66 62 54 64 61 66 65 54 64 60 62 49 57 59 64 54 62 63 67 62 58 69 71 48 66 73 107 194 135 111 183 241 224 222 232 223 192 199 194 216 231 231 236 215 193 205 200 172 170 138 94 86 89 58 93 130 135 134 139 148 140 136 133 126 124 117 108 100
119 125 130 135 141 145 148 154 159 165 168 172 176 179 179 179 181 181 183 186 187 186 186 187 185 182 181 181 183 183 183 184 185 185 188 189 189 192 195 163 125 90 70 66 59 58 60 60 56 63 64 62 59 59 66 58 51 62 64 67 60 66 56 62 61 69 59 56 68 64 62 51 59 60 67 57 61 65 66 58 59 68 71 48 81 170 231 198 152 248 244 241 200 211 226 230 217 233 222 208 232 230 224 212 222 233 224 219 225 222 197 173 161 117 84 92 78 79 81 91 96 76 79 89 85 99 104 98
118 122 127 131 137 143 146 150 157 161 164 168 170 171 175 178 181 181 183 183 184 186 184 181 180 179 177 179 182 182 183 183 184 185 187 188 190 191 181 136 87 61 60 63 54 61 63 59 62 66 64 64 62 62 66 48 55 66 65 64 49 66 57 59 58 68 55 57 65 66 59 53 63 60 71 60 61 65 60 55 61 64 77 107 164 206 192 185 227 247 242 224 226 218 229 235 234 229 235 229 225 225 216 210 212 211 203 207 205 206 201 189 184 184 162 152 134 102 80 66 65 64 62 66 58 58 59 52
114 119 124 128 133 139 144 147 152 156 159 162 163 170 173 176 181 180 180 181 181 182 180 176 175 176 177 177 179 180 180 183 183 185 187 189 188 172 135 98 70 59 61 60 56 61 62 59 66 64 60 59 62 58 59 52 60 65 61 56 45 62 60 59 53 63 59 58 60 65 54 53 58 58 63 59 61 64 54 61 64 98 157 177 205 214 195 237 247 246 197 143 210 227 220 229 219 218 216 220 218 208 213 212 207 205 194 192 189 187 180 181 176 176 170 165 155 149 145 135 132 129 123 117 115 108 101 89
111 116 121 125 130 136 138 141 147 151 154 159 164 168 171 176 156 168 180 180 179 176 174 174 174 174 176 176 178 179 179 183 183 184 186 170 163 146 76 58 60 58 57 59 59 64 62 59 64 59 57 59 58 60 60 58 57 58 59 49 50 60 59 49 45 62 57 60 58 62 52 59 58 61 60 54 58 57 55 62 125 190 192 214 204 229 201 201 224 223 201 201 193 181 207 212 193 205 214 214 214 211 209 210 207 201 191 190 187 181 178 172 166 165 155 156 150 148 143 139 135 130 124 118 112 106 99 94
108 112 117 122 125 129 133 137 142 146 152 157 162 164 167 175 125 154 178 176 174 171 171 172 173 173 174 175 176 178 180 176 183 185 180 147 117 83 62 56 59 55 59 56 56 64 61 62 54 58 53 57 53 63 56 56 54 52 62 50 62 60 56 49 48 64 59 64 61 62 60 61 60 59 63 57 62 63 79 163 210 206 211 218 221 223 201 210 209 211 221 216 208 204 203 203 209 212 207 206 211 204 206 210 205 194 194 191 188 184 177 172 168 160 155 146 143 138 136 129 129 125 116 112 107 101 96 90
104 109 112 116 120 125 129 134 138 144 149 152 155 160 164 168 118 154 173 170 169 170 170 170 171 172 174 174 175 177 180 131 170 183 160 104 84 55 62 55 55 58 59 52 53 57 57 63 54 57 48 53 54 64 48 56 51 57 61 58 61 58 57 61 52 66 60 63 58 63 60 62 60 58 62 62 63 73 176 207 199 218 233 216 222 224 224 211 213 218 205 211 215 214 214 210 208 208 205 205 197 200 203 202 195 187 192 184 179 179 178 172 162 158 155 145 141 138 129 128 124 118 114 107 102 98 93 86
99 104 107 112 117 122 127 131 135 139 141 148 152 158 141 164 120 145 168 167 168 168 169 170 170 171 172 173 175 173 169 105 129 136 131 71 65 56 65 57 54 55 56 54 54 54 56 61 49 55 49 52 53 56 42 54 54 54 52 55 59 59 59 61 50 60 64 61 54 68 58 52 56 57 61 61 61 146 194 184 205 232 227 222 236 212 200 221 214 210 204 208 203 217 209 202 206 209 218 212 207 203 200 196 187 189 185 171 179 179 172 160 155 154 148 144 146 137 129 127 121 117 109 105 99 94 89 81
