53 62 59 64 58 47 60 78 39 40 56 52 52 57 52 69 55 56 33 52 75 70 52 63 55 38 45 84 81 53 72 128 193 186 146 116 78 66 83 190 198 178 171 186 202 205 194 184 186 179 134 138 116 77 67 63 60 62 67 77 55 67 113 185 187 172 191 185 170 127 123 131 141 176 195 87 52 61 74 72 60 68 68 64 54 57 45 54 66 52 44 53 62 64 116 90 42 47 49 53 60 136 100 119 161 177 200 173 177 177 181 219 209 193 208 226 183 137 139 163 146 92 90 87 78 86 92 89
44 66 48 45 70 55 50 64 48 49 53 53 63 78 55 66 87 51 37 44 49 75 72 61 57 39 42 54 84 95 60 54 120 172 169 131 123 119 103 73 100 204 190 128 147 167 173 176 182 152 77 57 62 63 65 71 100 158 201 209 161 172 194 233 234 202 200 195 208 182 160 174 174 172 193 170 79 63 60 78 60 62 63 66 62 53 44 51 64 73 55 45 50 52 56 97 100 62 45 50 55 73 141 90 79 172 169 180 159 171 179 201 196 216 186 159 150 121 151 155 95 88 88 89 90 108 128 102
54 45 56 38 51 68 58 66 61 73 59 47 43 52 64 42 56 73 63 42 43 66 56 62 70 69 50 39 41 67 87 64 65 125 152 154 200 167 213 152 77 79 126 99 91 95 88 74 68 60 63 58 68 104 146 160 182 190 194 201 208 204 203 216 203 182 193 194 185 199 178 187 164 152 172 199 156 81 74 71 55 66 74 66 60 58 56 48 52 61 77 65 50 48 52 49 74 109 64 44 56 58 62 143 85 87 176 195 175 162 170 175 201 195 173 193 192 157 161 145 140 142 142 142 156 159 145 140
67 44 55 57 39 52 66 66 63 57 70 59 52 45 47 59 42 49 51 61 60 68 40 42 49 78 69 57 47 45 61 81 72 69 161 211 198 183 208 227 185 127 66 58 63 61 58 51 57 73 98 126 182 215 213 208 199 204 201 195 201 197 194 190 192 191 193 198 200 217 212 182 171 182 186 196 205 137 79 77 58 54 83 74 66 63 68 58 49 55 57 66 60 52 46 58 42 63 104 101 56 53 52 78 192 84 74 181 200 174 184 211 224 203 184 172 185 186 160 160 159 157 157 156 156 156 152 152
106 57 43 62 66 48 52 61 63 53 53 59 61 57 47 47 56 53 63 51 62 82 70 43 41 54 60 52 65 65 67 49 67 77 89 160 169 153 156 186 185 220 165 83 62 64 74 96 139 196 222 228 226 223 219 191 179 217 215 210 212 209 208 210 210 206 209 211 207 209 236 213 195 203 213 199 206 225 119 61 75 60 65 83 68 65 66 68 61 51 55 56 56 60 59 58 46 46 53 96 136 64 49 54 145 217 85 70 184 199 181 195 200 201 173 173 172 185 168 162 164 162 159 158 159 158 157 155
219 112 52 46 63 71 47 56 81 52 45 58 61 54 55 49 56 45 46 68 58 51 62 75 52 43 60 66 49 55 68 80 55 55 70 91 140 161 163 191 178 215 244 218 186 203 216 237 248 244 238 238 239 235 216 186 214 234 233 231 225 224 224 223 223 223 224 222 214 215 223 231 214 213 215 212 215 212 208 98 65 65 59 63 73 58 64 66 65 66 59 51 49 55 59 67 62 49 46 48 86 69 70 46 74 132 173 87 109 214 178 178 176 181 177 187 189 175 186 188 179 175 175 174 171 171 168 163
228 210 99 64 48 59 57 56 105 87 46 45 58 62 55 58 51 51 48 45 54 66 51 55 71 63 47 69 74 57 44 55 78 77 58 58 76 150 213 202 219 246 241 238 255 255 252 249 252 254 247 242 242 244 234 235 237 237 243 243 235 227 230 231 232 234 238 235 220 218 226 235 220 211 210 212 213 225 239 188 73 66 54 54 70 58 65 55 61 66 72 76 53 50 51 52 57 64 77 65 51 59 172 104 43 75 131 163 103 145 207 186 190 189 187 188 219 207 194 203 191 183 185 182 179 178 180 178
235 237 197 91 56 53 54 53 77 106 67 44 47 56 59 53 56 54 56 48 42 49 56 66 70 72 75 60 60 67 74 51 48 56 75 79 59 70 132 187 243 231 190 227 247 247 249 247 246 248 248 241 243 248 249 246 242 243 243 242 240 236 240 240 239 236 224 213 218 228 246 233 214 206 213 220 221 221 227 228 129 64 72 52 65 72 75 60 57 67 63 77 73 60 61 56 49 51 65 68 52 47 64 164 95 44 72 113 167 118 138 208 207 199 196 199 202 200 196 200 207 202 193 190 187 188 189 186
237 233 239 221 121 65 58 56 61 92 82 63 42 51 55 54 51 57 56 61 46 45 54 59 74 64 59 87 65 57 68 76 86 61 47 67 91 67 65 131 192 223 222 239 254 247 253 253 252 252 251 245 239 244 252 254 249 243 238 242 245 240 236 234 233 217 202 198 219 251 232 216 221 230 236 234 201 212 220 225 225 114 68 70 52 68 74 73 59 58 66 70 78 66 71 64 63 55 52 50 54 59 45 97 160 124 48 58 97 162 153 155 214 219 207 209 205 201 211 212 209 218 204 192 188 189 191 188
242 239 243 246 248 143 67 59 57 64 70 72 44 49 65 61 57 52 61 65 56 51 50 52 54 69 60 52 68 70 61 63 78 94 74 52 59 81 89 73 98 206 242 242 254 255 253 253 254 254 254 250 245 249 252 250 247 240 238 244 246 240 237 236 234 222 216 232 228 225 238 234 233 237 234 235 218 225 225 229 241 216 88 77 91 75 64 73 71 54 60 71 67 62 54 60 72 63 53 54 50 61 63 44 51 131 163 72 45 80 218 194 148 208 208 191 194 196 200 203 198 207 213 193 190 190 189 190
237 233 237 242 246 243 171 76 61 52 58 74 60 42 56 60 59 53 60 61 59 60 44 53 53 51 63 71 54 64 65 62 77 88 90 84 72 51 63 86 77 77 170 238 255 252 250 249 252 252 252 253 253 251 249 246 245 240 235 239 244 242 237 235 227 213 226 227 224 225 233 228 227 227 221 217 210 212 218 215 209 215 181 66 73 84 65 59 70 68 55 57 72 79 57 48 60 72 56 50 54 50 63 65 49 45 110 180 94 45 80 183 210 181 183 207 193 204 206 203 193 205 205 194 196 197 194 193
226 231 237 242 241 233 237 208 122 63 59 62 73 46 51 59 60 60 59 60 62 66 52 54 51 53 55 54 62 60 77 68 66 75 78 73 70 78 68 53 67 91 73 152 247 255 247 250 251 245 241 246 249 247 248 243 232 226 222 222 232 243 247 240 236 238 239 239 236 237 237 236 234 236 236 233 224 223 225 222 221 218 222 138 62 70 71 61 54 66 64 64 58 70 75 77 62 65 65 50 54 50 52 63 67 55 43 68 154 137 61 51 187 181 145 216 217 207 203 197 193 188 191 191 194 200 194 189
237 239 242 243 245 247 246 252 246 141 68 68 70 62 45 57 61 61 64 55 57 61 56 46 50 51 53 55 58 48 57 75 80 63 74 91 80 71 77 76 55 64 92 71 110 217 251 244 250 246 244 245 244 244 247 246 238 238 243 244 245 247 245 243 245 241 241 245 242 237 241 241 233 236 238 235 236 241 242 243 242 241 242 228 97 72 64 72 64 59 70 67 75 65 65 65 78 77 66 60 56 55 52 56 59 83 92 61 50 106 167 90 92 167 124 214 238 210 193 197 211 190 190 192 188 188 185 183
233 227 231 238 241 238 242 246 248 252 158 73 71 73 53 49 59 66 64 65 63 63 81 65 50 54 55 54 55 58 51 50 64 78 74 79 63 79 92 79 61 51 75 102 81 87 170 244 255 250 243 234 230 233 239 250 251 242 231 232 237 247 241 246 251 244 235 232 232 228 234 239 233 234 242 240 236 240 245 239 238 241 239 236 193 80 73 62 74 71 69 62 72 77 65 55 56 68 73 76 64 57 49 53 60 49 77 114 89 45 76 167 126 152 95 143 238 239 196 185 181 171 171 173 180 181 171 170
212 202 204 215 223 229 235 232 233 232 236 190 85 63 75 54 49 56 69 67 62 62 66 65 65 48 55 53 53 56 60 63 55 54 65 78 86 82 80 75 93 77 50 67 102 85 74 134 227 255 251 239 230 236 238 243 244 230 216 225 231 237 227 234 243 234 229 235 242 241 224 218 212 209 214 216 215 202 205 206 207 214 219 214 225 144 66 77 62 70 76 68 60 58 63 68 60 67 64 67 71 67 58 62 64 53 55 59 107 132 68 49 130 239 134 67 148 233 242 190 160 170 185 187 192 199 188 174
236 225 226 234 242 246 245 241 244 245 245 254 218 104 61 71 55 48 61 64 65 73 56 57 70 66 45 61 57 53 56 55 60 60 50 53 73 108 108 86 74 85 86 56 57 87 95 83 98 185 244 232 229 231 220 215 218 225 234 225 215 212 217 221 218 212 203 209 193 135 100 101 117 122 129 144 188 223 224 215 209 214 216 218 219 210 89 82 68 62 63 76 69 59 58 73 59 74 73 67 56 67 71 54 58 56 51 58 55 79 150 88 47 114 194 137 97 107 190 253 209 198 211 209 203 204 202 191
246 240 242 247 249 248 249 254 255 254 254 254 255 242 140 59 67 59 51 62 59 72 66 57 56 73 67 49 56 53 53 52 65 61 65 50 60 58 87 102 86 72 78 89 74 58 63 98 102 79 146 245 252 242 230 218 213 226 241 241 227 206 213 233 212 142 96 79 60 52 61 61 70 86 109 135 164 211 246 249 239 227 222 227 228 236 179 63 64 66 55 67 92 61 54 72 62 63 75 68 68 54 60 66 69 64 53 52 56 53 74 161 99 41 91 198 186 148 94 169 247 230 216 214 211 207 205 201
244 240 243 247 248 250 252 254 254 255 255 255 254 255 255 165 64 75 68 55 58 65 83 72 63 63 73 70 47 54 56 57 57 56 64 70 58 77 60 71 89 93 66 67 92 102 75 54 82 95 87 115 216 255 252 236 237 248 251 252 249 239 241 225 91 72 63 72 98 85 76 72 60 67 78 113 152 194 228 250 251 240 237 241 237 234 240 130 57 75 58 56 64 72 82 58 67 60 67 73 67 60 58 56 59 68 57 51 51 59 49 58 140 125 48 106 200 183 181 107 138 250 223 212 205 207 204 202
246 244 246 252 254 252 255 254 251 255 255 253 252 248 250 255 177 65 80 81 72 56 69 67 67 68 74 88 78 49 56 53 52 52 54 59 64 52 63 64 62 74 79 76 65 78 99 87 70 53 83 103 85 169 249 239 233 236 233 238 239 241 245 160 60 60 60 60 112 207 180 154 115 92 98 112 147 213 201 222 242 236 241 231 230 229 225 224 107 62 65 58 51 57 72 75 62 59 54 61 64 67 58 54 55 51 57 66 52 60 56 52 53 141 162 76 58 173 182 214 90 128 242 238 211 205 204 201
239 235 238 242 249 247 246 242 245 245 244 246 247 243 243 249 255 195 71 76 92 65 50 65 75 73 78 84 84 53 50 59 55 52 55 56 79 72 50 60 77 73 72 82 89 59 86 92 85 86 58 65 99 86 119 220 250 244 244 248 240 236 234 123 83 93 89 80 70 136 215 221 232 176 127 184 157 172 240 239 234 203 223 236 233 234 223 239 210 67 74 65 55 57 57 60 67 62 62 56 61 66 64 53 57 57 54 64 67 66 55 48 55 54 109 175 83 59 172 196 213 104 131 243 208 209 209 198
228 224 232 238 244 244 240 235 240 240 244 251 251 246 243 249 250 255 212 85 62 69 52 57 70 85 80 81 73 85 53 68 67 53 57 58 55 71 75 52 53 63 82 80 84 78 56 95 86 77 99 77 57 85 82 91 184 251 255 254 248 248 244 172 178 188 173 151 117 76 84 141 184 240 207 185 193 143 191 240 229 208 182 234 242 238 232 230 240 148 56 76 63 58 60 58 54 61 66 59 53 58 67 68 61 50 52 60 54 65 71 53 48 56 59 84 156 81 76 176 168 240 119 100 202 211 209 176
244 240 243 248 252 251 249 248 246 251 253 254 255 252 246 242 243 247 255 224 106 62 69 61 60 66 77 80 75 71 69 68 68 67 52 58 57 59 69 66 45 49 67 67 76 80 68 62 88 77 68 91 89 63 75 93 79 123 209 255 255 255 255 235 179 178 170 157 144 126 96 73 101 185 211 228 211 182 162 212 240 213 186 191 249 231 231 234 238 238 96 57 65 61 61 61 56 49 59 71 59 52 67 68 65 70 64 53 55 58 70 74 54 47 56 62 74 147 67 117 184 211 224 108 103 160 221 204
243 238 244 251 251 250 249 251 254 254 254 255 255 254 252 252 254 254 251 255 239 144 77 72 67 73 72 70 80 75 72 72 68 67 64 52 58 63 55 66 67 48 52 53 56 59 77 74 67 85 84 59 71 87 79 79 96 79 102 155 244 255 241 233 177 171 165 160 149 145 131 114 92 148 212 208 205 221 221 229 234 235 220 166 221 244 239 236 239 244 211 65 62 62 60 55 55 58 56 59 74 78 53 55 64 57 73 68 55 58 54 64 76 53 48 60 59 75 140 69 155 160 228 225 127 110 206 199
239 237 244 252 253 253 255 255 253 254 255 255 255 254 251 254 252 251 253 254 255 255 193 83 73 81 88 95 80 71 63 67 62 66 64 61 55 66 69 60 71 67 44 55 56 57 63 68 73 69 80 87 71 51 76 75 83 80 82 96 107 208 247 219 148 161 150 122 106 117 113 109 113 105 114 153 183 155 188 245 251 242 233 203 197 235 236 227 226 226 235 154 50 62 70 65 62 56 58 56 56 73 75 61 59 51 55 63 69 52 51 61 66 73 65 47 54 58 78 144 56 148 168 249 200 159 179 151
244 242 249 249 252 254 254 254 254 254 254 255 255 254 253 254 254 254 254 252 252 255 255 213 100 63 57 60 67 70 67 68 74 65 68 69 57 53 71 62 59 81 67 51 51 64 70 58 66 71 79 76 86 79 50 88 92 92 83 75 89 81 159 228 158 122 142 111 92 87 91 116 135 121 104 82 83 143 94 120 190 211 225 234 224 228 232 227 224 226 225 223 106 55 70 62 60 59 53 56 57 56 71 77 68 55 54 61 62 70 56 61 54 63 105 94 47 54 55 87 131 69 175 174 246 136 213 218
250 249 249 248 253 253 254 255 255 255 255 255 255 254 250 249 254 255 255 254 255 255 254 255 238 121 72 62 54 75 79 71 78 70 69 71 64 51 57 71 68 63 92 84 52 50 59 67 55 60 67 77 70 78 87 60 69 91 82 83 67 70 66 127 217 171 159 133 149 151 156 152 135 119 107 97 78 83 100 90 93 145 190 239 248 241 242 241 241 239 231 225 197 58 70 52 71 71 71 55 59 59 51 59 78 67 49 57 64 68 67 78 56 51 64 128 85 46 55 50 131 122 126 177 219 204 88 219
249 246 248 245 249 250 253 251 253 255 255 251 246 247 249 252 253 254 254 255 255 255 254 253 255 250 184 91 60 54 76 83 73 64 70 93 118 91 56 58 70 66 70 84 67 52 50 56 71 54 56 70 77 70 91 102 59 72 95 64 84 74 58 64 97 190 153 130 134 162 156 135 122 115 113 111 92 71 78 100 107 120 162 200 250 251 247 246 248 247 252 248 237 108 59 66 56 68 65 62 54 67 54 55 71 91 63 52 49 57 67 60 72 60 52 73 102 68 46 53 80 144 55 184 198 196 85 144
244 239 238 243 248 251 253 254 254 255 253 248 250 252 250 250 251 252 249 252 255 255 255 254 254 255 255 227 119 64 59 73 77 69 84 103 108 118 103 75 55 59 61 69 69 72 55 54 59 62 57 70 74 67 63 72 90 80 72 88 57 81 94 76 84 129 148 129 125 142 133 126 119 120 122 115 94 78 79 62 64 70 124 206 244 251 249 243 247 253 253 253 255 224 82 83 64 67 53 57 56 61 64 59 58 75 80 62 66 62 64 55 55 65 62 67 80 108 45 50 52 141 83 94 216 101 133 72
246 242 246 251 254 254 254 252 248 252 254 254 255 253 253 255 255 255 255 255 255 255 255 255 255 254 254 255 246 144 74 68 63 62 73 85 89 77 96 92 77 63 58 61 67 71 84 56 47 55 58 67 66 61 70 60 73 89 82 73 97 58 72 90 91 75 105 127 106 100 117 132 118 120 118 104 91 94 89 72 69 104 81 119 211 253 249 241 234 251 251 250 251 255 179 58 72 62 67 52 64 54 59 71 60 52 64 64 72 76 67 58 55 59 60 69 66 94 57 47 49 83 146 44 140 105 112 114
254 253 246 245 253 251 249 248 240 236 248 253 252 252 254 255 255 254 254 254 255 254 254 255 255 254 254 254 255 254 165 62 65 68 100 77 76 84 78 86 107 78 47 53 64 64 72 71 62 50 46 50 66 76 65 84 65 66 92 77 81 91 71 71 92 69 59 91 131 130 143 134 117 105 94 92 101 104 88 73 77 88 97 73 104 185 234 248 248 248 249 247 246 250 241 97 58 58 73 55 54 63 51 57 66 52 54 59 65 69 72 79 52 57 57 57 69 71 113 51 51 51 124 92 59 164 67 159
250 248 245 251 255 254 253 254 253 244 242 248 244 247 254 253 248 244 249 253 254 254 254 253 254 254 255 255 255 255 255 172 63 63 69 96 59 72 67 77 87 103 81 50 54 56 68 81 76 72 64 51 52 67 73 59 74 82 66 81 82 86 82 89 73 61 102 127 156 144 125 102 85 78 90 100 106 104 111 102 118 109 79 65 77 120 195 230 247 251 250 249 249 246 254 164 61 58 69 59 59 57 78 47 60 62 52 58 66 72 67 76 63 51 57 58 61 55 114 82 44 52 79 108 44 96 111 95
250 248 246 248 252 252 252 253 254 252 251 250 249 252 254 253 251 247 252 255 252 253 254 254 254 253 253 253 253 253 252 255 166 59 70 88 82 51 65 78 64 79 97 86 54 52 67 67 72 78 81 76 49 51 59 66 55 70 68 59 64 78 79 88 71 117 174 153 140 135 110 63 63 77 92 112 138 145 140 144 135 152 134 77 49 95 201 235 243 249 252 252 251 241 246 206 75 61 53 70 56 51 72 58 54 59 61 53 58 62 66 66 79 55 48 54 58 53 73 122 45 49 51 88 105 80 101 77
248 246 245 248 249 249 254 255 255 254 254 252 254 255 255 255 255 255 255 255 254 254 255 255 255 255 249 239 246 253 255 255 251 135 63 70 91 70 57 68 76 73 68 77 86 66 71 60 56 64 71 82 70 53 56 58 60 51 86 116 109 115 133 123 145 195 198 178 126 75 113 101 62 85 97 116 161 172 143 141 136 161 161 98 47 64 143 208 246 253 250 251 252 250 243 235 108 63 55 58 70 67 57 59 53 47 61 75 46 59 61 63 79 81 44 51 54 58 61 93 96 47 52 51 92 167 70 153
243 241 246 249 251 252 255 255 255 254 255 253 249 247 250 255 255 255 255 255 255 255 255 255 255 255 254 253 254 254 255 255 255 254 203 92 61 84 86 72 61 75 78 70 74 74 82 74 75 56 56 63 81 63 63 60 68 155 175 161 136 134 143 147 150 184 205 188 144 91 97 95 76 90 99 95 160 172 149 141 176 201 166 83 65 62 69 75 144 211 234 249 245 246 252 255 175 56 67 59 46 66 75 66 58 49 47 76 50 55 54 61 77 79 47 49 54 56 62 67 101 47 50 56 72 192 79 131
245 240 248 249 250 254 252 248 251 250 253 250 246 249 250 253 254 255 253 252 252 255 255 254 255 255 255 255 255 255 254 255 255 255 255 239 110 63 77 78 74 55 69 80 72 70 60 59 76 65 51 71 74 55 50 107 185 180 154 133 126 123 136 140 131 185 179 163 152 105 98 116 114 101 79 107 169 169 154 161 227 239 145 73 76 75 82 92 101 114 152 225 255 241 244 250 216 65 61 72 58 51 57 70 63 54 47 59 62 50 59 64 72 90 54 48 48 54 55 73 123 44 53 51 55 184 89 132
247 242 251 255 252 253 253 250 250 247 252 254 252 254 255 255 255 255 254 251 252 253 254 253 253 252 251 253 255 255 254 253 254 252 254 255 228 100 69 74 75 76 61 61 72 77 60 52 60 63 63 61 73 70 128 199 189 167 139 143 125 102 168 169 169 157 141 130 132 104 88 117 119 94 121 121 143 183 203 221 244 241 103 72 83 84 103 149 166 187 183 187 183 194 201 233 249 145 50 72 71 73 54 52 60 58 51 52 76 48 54 60 72 93 75 53 50 48 55 69 135 52 46 48 51 152 125 78
248 247 253 249 248 253 254 255 255 254 254 254 251 251 253 254 255 254 252 253 254 253 253 248 240 235 236 248 253 255 253 249 252 253 254 254 255 232 106 74 73 68 76 71 67 69 61 62 61 64 85 59 67 159 196 174 156 149 133 135 136 110 164 161 154 139 137 125 110 101 75 97 115 120 113 78 116 176 190 250 255 255 198 82 75 87 130 154 139 157 148 147 161 203 209 189 239 220 75 60 86 73 64 50 51 53 56 49 56 59 54 58 62 69 71 49 59 49 55 67 90 49 49 49 49 110 156 56
249 244 242 239 241 246 250 254 255 255 255 253 245 242 250 255 255 253 247 250 254 255 253 251 248 251 253 255 254 254 255 255 254 252 246 250 251 255 233 127 80 66 68 64 76 90 76 57 72 64 59 96 191 185 160 176 149 135 156 140 166 163 161 168 127 133 102 108 120 90 60 71 81 77 73 65 113 195 200 194 255 255 253 202 108 109 146 150 158 173 201 240 254 255 255 249 225 229 108 56 62 100 64 59 54 70 55 51 51 61 61 51 59 62 60 46 60 52 52 73 63 44 52 50 52 69 157 56
251 249 245 248 252 252 253 254 253 252 254 254 252 250 253 253 253 254 254 255 255 255 255 254 249 253 255 254 253 252 252 254 255 254 254 253 253 253 255 255 209 143 75 62 61 77 84 77 60 71 98 182 194 162 146 163 128 138 170 137 155 151 143 145 139 115 118 85 99 78 79 94 91 75 83 91 106 175 160 145 240 252 241 255 185 143 155 143 176 224 235 248 253 254 254 254 254 253 119 52 56 82 88 60 55 72 58 54 54 57 69 53 53 59 70 52 55 53 52 75 64 48 50 51 51 50 156 121
253 251 248 246 247 252 252 254 243 237 246 248 244 243 246 249 246 244 244 243 246 250 251 247 232 238 250 255 252 252 251 255 255 255 255 255 255 250 249 254 255 255 176 77 65 66 68 80 115 133 177 166 143 114 120 134 151 176 141 145 145 127 128 121 120 122 114 68 79 93 110 113 98 84 102 105 119 161 174 147 216 250 251 255 249 160 160 180 212 226 231 237 236 254 250 254 253 247 108 54 56 60 86 61 49 64 59 56 54 61 59 59 56 56 72 56 59 52 55 62 62 53 50 49 53 50 140 176
243 241 243 249 250 249 248 252 252 250 253 252 248 245 235 231 246 248 245 225 226 249 254 252 241 234 242 254 254 250 254 255 255 255 254 245 243 249 247 254 254 251 255 179 71 74 64 119 160 123 141 134 130 166 155 156 169 173 142 130 127 117 116 116 119 112 102 91 104 113 122 114 91 100 120 126 117 156 179 164 148 220 239 254 255 198 156 155 164 166 176 193 204 241 251 252 252 248 122 55 58 57 68 72 60 58 58 65 64 60 52 82 51 48 64 57 51 52 49 67 67 46 51 48 50 50 89 127
250 246 249 254 253 254 250 239 246 253 255 251 249 254 253 246 253 255 255 246 239 249 255 255 254 250 244 246 251 254 255 255 254 255 255 249 244 250 255 255 255 252 253 255 154 64 82 171 159 173 162 136 167 158 134 154 159 148 125 115 119 124 130 119 103 95 98 115 117 122 121 118 91 126 131 130 105 128 171 174 126 190 229 241 255 246 200 211 211 186 150 174 202 234 238 232 240 242 165 53 71 53 61 59 57 67 60 60 71 59 69 68 73 42 59 61 46 58 50 58 67 47 48 53 50 52 58 57
252 245 245 250 250 253 251 248 250 251 254 248 248 253 253 250 253 255 255 254 254 254 253 253 254 252 254 250 247 253 253 249 252 255 255 255 253 247 253 255 255 252 249 254 227 86 84 190 180 140 125 148 177 144 139 153 139 128 115 125 134 128 121 108 105 113 136 123 122 127 121 102 120 144 128 136 124 120 163 162 164 139 208 247 249 255 238 169 176 236 246 255 255 251 244 252 237 243 236 77 85 62 52 47 62 75 81 50 74 60 78 54 75 47 53 74 48 49 49 56 69 51 49 52 47 52 55 59
242 239 241 245 250 254 255 255 252 243 251 254 254 255 254 252 250 253 251 253 254 250 248 253 254 248 249 255 254 255 254 251 253 254 252 254 254 253 254 255 253 252 248 250 255 221 145 199 168 144 155 184 158 127 126 122 124 129 129 131 125 119 117 104 111 131 132 116 128 122 120 116 142 145 139 143 140 120 150 161 170 153 139 190 237 252 251 240 162 137 193 244 255 251 248 251 234 242 232 70 73 78 46 48 62 52 84 55 66 69 59 63 59 58 44 60 65 51 50 53 65 59 47 52 47 49 53 63
247 245 241 237 244 244 233 219 234 252 254 254 254 254 252 252 251 249 237 218 239 254 252 248 251 254 252 253 255 252 249 255 254 254 249 253 254 252 254 255 255 255 255 255 254 255 243 188 168 154 150 158 123 120 127 134 137 127 123 123 122 121 100 88 128 134 125 111 125 119 120 134 147 139 137 145 145 112 148 153 159 159 148 139 224 191 186 202 239 187 143 168 248 255 255 252 245 247 222 59 60 89 59 50 53 49 61 64 55 80 63 83 52 62 53 44 70 54 49 50 62 71 47 48 51 45 49 61
234 242 250 247 248 252 247 233 228 240 241 249 254 253 248 238 236 235 234 209 197 213 227 211 219 248 241 230 221 218 233 253 254 255 255 255 255 254 253 255 255 254 255 252 251 254 248 201 159 138 147 146 145 140 138 135 126 119 122 116 112 104 86 111 131 131 111 111 122 135 123 142 151 133 149 148 139 103 144 159 146 159 160 153 135 148 171 160 229 199 216 178 181 255 254 250 246 237 189 52 54 73 80 49 45 55 56 60 52 81 69 67 57 66 66 51 63 57 47 54 56 75 52 46 49 45 48 57
249 241 237 245 245 236 240 240 237 249 253 255 255 254 249 231 218 237 250 247 238 238 242 217 205 237 242 242 242 241 240 234 232 234 234 246 251 243 232 238 247 254 254 253 251 249 247 222 167 161 163 144 143 133 121 126 120 116 108 110 103 77 99 126 131 126 108 123 130 134 128 155 152 135 152 146 135 99 119 164 149 145 160 159 140 132 134 157 233 175 203 239 165 249 254 246 237 238 110 48 57 54 72 57 41 51 53 65 50 73 75 66 60 57 57 44 52 67 48 47 49 79 57 51 48 44 50 54
224 219 221 232 233 228 231 232 222 221 236 229 226 223 208 205 226 248 252 245 242 248 235 213 198 219 234 225 222 223 240 232 225 227 219 234 239 241 246 237 231 252 254 255 255 249 250 231 166 155 140 135 129 126 124 129 115 107 98 81 59 98 120 133 128 124 111 130 137 136 139 157 151 135 151 142 121 104 98 140 168 144 147 157 148 139 132 144 175 156 174 248 229 251 249 247 241 214 70 51 54 49 54 63 48 45 54 65 51 59 61 61 61 61 62 48 46 74 59 48 46 62 66 43 50 45 54 44
220 234 239 229 240 255 248 248 249 234 224 227 231 235 215 201 231 242 241 245 247 246 239 229 222 230 252 255 255 223 208 213 223 219 194 191 196 209 221 224 234 253 255 255 255 255 236 218 184 146 143 136 127 120 119 114 101 102 90 63 98 126 124 139 128 121 114 146 148 136 152 150 140 139 143 129 114 115 101 91 152 157 144 150 132 142 151 153 128 119 119 163 228 230 213 235 229 119 54 50 53 47 47 55 65 42 47 60 44 64 58 61 59 52 60 57 42 58 64 51 45 50 68 49 44 48 48 36
233 222 239 244 247 255 255 255 255 255 255 255 255 255 253 253 253 248 243 244 235 208 202 223 241 247 247 241 234 226 190 178 188 203 209 225 235 224 212 202 209 222 236 245 249 246 229 227 239 195 137 118 108 101 105 109 97 87 89 94 133 127 124 132 125 119 125 147 146 132 153 155 133 140 139 133 109 118 105 71 111 161 169 149 133 149 145 129 130 117 126 209 204 158 209 232 180 61 46 48 53 46 47 41 64 52 43 61 45 62 61 53 65 62 47 64 45 49 69 59 47 46 51 52 46 42 38 38
250 243 242 245 252 253 254 255 255 255 254 251 246 229 228 250 255 253 247 237 210 201 209 216 219 226 216 211 198 219 239 227 212 222 212 195 199 191 192 214 241 236 209 183 185 203 221 249 251 225 201 180 159 99 115 145 94 92 117 135 142 125 133 137 132 115 141 152 138 142 155 151 126 152 134 121 107 123 108 79 83 152 166 158 150 131 129 118 122 150 205 243 102 79 189 240 136 40 44 51 50 47 50 41 41 65 53 58 43 58 71 54 59 66 51 63 61 44 54 56 53 49 49 43 52 49 40 42
250 250 252 253 251 250 244 251 255 250 247 249 250 248 250 253 252 251 247 251 246 248 250 254 255 254 248 246 238 238 232 234 244 244 240 247 248 250 253 255 248 238 230 213 224 251 250 218 206 212 218 212 209 184 174 154 118 144 131 153 141 123 140 138 137 129 150 152 138 145 151 151 127 148 135 126 110 127 108 87 78 114 151 160 155 131 122 111 131 224 189 131 151 133 124 130 102 37 42 45 46 43 49 43 40 54 64 49 42 50 66 62 50 63 49 50 64 50 49 60 54 49 50 45 52 50 42 50
249 243 234 228 236 241 238 237 226 216 227 243 251 249 242 243 244 242 245 254 242 230 232 245 254 255 255 255 253 251 249 242 235 211 175 204 226 236 240 233 218 227 238 239 247 244 234 226 208 201 196 198 204 196 194 144 159 144 152 144 142 123 147 142 135 141 161 147 130 159 153 132 131 141 139 118 120 124 114 93 95 85 104 144 134 121 109 117 170 116 64 131 111 134 144 181 152 110 71 47 43 40 53 47 40 43 42 52 58 47 55 70 53 62 58 48 44 50 47 61 60 51 46 41 47 56 56 55
231 227 214 202 212 236 242 236 238 247 253 253 253 251 245 240 230 225 214 203 202 214 212 206 207 209 210 221 233 246 246 228 201 183 191 209 214 213 213 208 200 210 212 200 197 206 226 248 251 243 238 243 234 193 164 156 178 136 159 147 142 128 153 150 136 156 160 151 134 156 145 134 131 141 135 112 134 126 113 99 110 100 107 162 193 128 79 68 54 52 60 104 87 63 109 102 104 147 182 132 87 49 44 44 44 40 37 57 68 47 42 62 56 52 69 51 54 50 53 65 50 48 45 39 44 54 64 56
211 236 246 251 251 251 252 251 249 250 247 244 249 253 251 243 239 243 242 234 231 235 227 202 195 180 152 174 195 197 196 210 217 202 192 201 205 210 217 221 242 252 227 208 194 163 169 217 237 236 234 217 199 182 147 185 165 141 159 158 131 148 154 153 142 161 159 133 149 145 143 123 144 145 138 111 139 139 126 101 115 124 171 206 157 50 51 50 50 85 73 60 76 56 47 52 61 62 63 60 63 56 51 52 46 39 35 45 69 57 39 53 63 51 55 64 53 51 46 68 52 50 48 36 49 56 68 56
148 173 215 231 222 228 240 241 237 232 224 239 245 236 225 216 213 202 189 196 195 183 205 233 241 240 208 188 184 175 170 187 198 178 155 148 150 150 151 152 169 190 193 195 184 162 161 190 208 215 222 214 187 157 169 167 140 163 161 151 133 171 163 146 153 162 154 130 152 137 131 123 151 140 135 128 149 142 130 107 135 184 222 141 52 51 56 53 48 73 67 65 62 56 52 53 50 59 64 70 52 55 59 55 56 51 45 37 51 56 39 44 64 54 49 65 51 47 40 58 53 40 46 51 55 60 64 54
235 236 238 216 221 237 233 223 220 212 207 227 248 247 244 238 239 242 233 219 211 197 196 220 236 235 230 224 220 216 205 196 196 197 181 170 164 152 150 151 147 147 149 150 152 150 151 153 157 161 188 200 175 157 179 166 133 169 165 156 162 164 160 138 161 157 148 132 152 137 132 128 149 153 135 135 157 141 132 137 217 190 97 47 49 48 52 56 52 59 66 57 51 47 54 57 50 52 59 72 78 53 55 64 66 58 60 58 43 46 40 41 54 53 47 55 49 51 43 46 59 50 50 42 47 61 62 52
251 247 238 236 238 240 244 243 244 246 248 247 244 245 247 238 233 236 229 229 232 224 205 194 201 208 215 216 218 218 217 214 208 202 188 176 167 149 145 149 151 152 156 155 157 157 152 153 152 183 197 188 161 175 165 146 155 174 171 143 172 164 152 144 166 151 145 136 147 134 126 140 153 154 132 157 152 145 189 215 162 73 49 59 59 54 53 50 48 50 58 62 55 51 48 64 75 60 49 56 69 75 61 68 64 71 53 56 56 59 47 36 41 48 45 46 46 50 46 43 52 43 37 41 54 60 58 53
232 226 228 241 250 248 246 238 236 232 233 235 247 251 251 243 251 253 247 237 230 234 225 222 215 201 184 161 160 150 155 175 166 163 174 193 209 185 181 179 168 163 167 176 189 194 171 165 183 205 194 167 164 171 172 144 168 166 153 143 170 163 132 143 150 154 131 133 140 141 129 140 158 157 138 149 153 185 255 184 107 68 53 58 61 71 69 59 52 50 45 52 56 54 53 49 54 71 68 61 53 56 57 58 62 68 69 58 57 61 52 45 45 41 47 43 41 50 49 45 45 43 51 52 56 60 60 53
234 221 219 224 225 238 241 245 245 244 240 233 227 227 232 245 249 250 245 235 232 248 250 244 241 246 245 228 206 192 207 209 172 162 183 216 226 236 243 223 230 241 211 211 237 224 223 215 214 190 185 159 174 166 159 146 175 163 149 157 172 157 138 158 155 150 131 149 146 145 129 163 165 158 158 182 201 250 255 214 152 122 62 50 54 59 60 54 57 62 69 52 50 54 67 58 45 45 61 72 64 69 63 57 53 63 71 87 65 50 50 51 50 47 48 48 47 51 57 67 62 52 46 53 58 60 58 49
251 246 240 238 232 243 241 224 208 223 232 225 220 231 238 249 242 238 248 243 231 218 197 204 208 240 253 244 229 219 226 234 239 238 235 248 250 250 249 244 253 253 249 248 247 238 242 223 194 186 168 164 171 168 149 147 167 172 143 155 167 157 134 165 159 158 131 154 150 150 125 161 173 158 166 218 248 236 235 243 226 169 83 46 49 49 47 47 50 50 53 48 47 53 57 56 53 52 57 56 70 74 83 65 67 53 62 61 82 78 63 56 51 48 51 54 53 49 58 54 50 51 45 48 53 66 65 53
246 236 236 242 253 255 253 252 254 253 254 252 254 255 254 252 247 247 252 252 249 244 244 241 241 245 250 255 255 245 242 253 255 251 246 238 235 248 242 238 237 242 243 244 233 222 234 209 189 187 159 174 158 158 137 168 164 158 141 170 146 156 140 165 149 143 137 160 148 133 138 175 172 149 179 209 225 182 161 192 170 173 102 44 46 45 44 50 49 45 46 48 49 53 71 69 63 49 56 50 48 49 76 82 70 71 58 58 78 77 69 63 57 55 49 48 46 61 57 53 53 54 50 49 46 54 51 52
246 252 253 251 253 255 254 252 254 254 254 244 243 253 254 254 250 248 253 255 254 250 253 255 251 238 238 252 251 234 229 232 239 251 246 240 243 238 237 249 245 240 243 246 252 222 217 186 191 183 149 176 157 163 141 170 166 160 133 162 152 161 138 156 157 144 136 150 151 140 141 179 175 144 149 156 159 141 143 169 156 164 125 41 44 45 47 48 49 48 64 58 59 57 63 58 60 66 67 67 61 57 57 72 82 72 87 67 63 71 58 59 75 63 55 52 51 51 57 57 56 70 53 43 46 46 48 49
248 245 245 249 243 235 244 253 252 248 251 248 244 251 250 253 252 253 252 252 252 250 253 250 252 255 255 251 248 252 252 254 251 254 255 255 255 255 255 254 252 245 242 237 248 253 219 173 190 162 152 164 163 155 153 176 164 145 137 165 162 144 147 152 150 138 143 148 158 132 157 185 163 140 154 134 138 143 129 144 147 132 100 41 46 48 55 59 53 61 67 64 59 69 61 62 65 64 72 51 52 55 65 77 87 60 73 87 73 58 71 52 52 66 61 54 57 46 46 54 52 64 64 45 49 47 51 52
251 247 238 242 245 240 237 251 250 247 247 245 240 240 244 246 246 253 250 250 249 250 254 248 252 254 255 252 248 251 253 254 251 254 254 246 246 253 248 252 247 252 255 247 244 248 193 179 185 158 160 175 163 150 153 161 153 135 139 160 155 141 143 160 156 138 142 150 154 135 170 183 158 135 143 126 133 128 140 144 126 125 73 47 49 50 48 50 52 55 59 67 57 62 64 57 60 62 82 55 45 44 51 71 90 59 46 59 93 74 48 67 60 52 68 59 56 54 47 50 56 51 66 51 47 53 53 51
242 236 239 244 251 255 251 251 250 245 244 246 247 247 251 252 253 250 235 235 250 250 243 245 250 251 253 254 251 251 253 254 253 254 253 252 253 253 249 250 254 254 254 250 251 232 170 183 187 147 169 153 151 129 157 152 154 132 158 159 156 129 154 152 147 124 148 152 153 132 175 173 136 142 133 117 127 126 128 140 122 111 46 46 48 49 47 47 46 46 52 64 54 53 58 54 57 61 59 53 62 65 74 59 72 62 47 49 69 92 55 47 70 69 66 67 52 51 62 50 57 51 52 47 49 46 50 54
241 237 232 234 251 251 252 251 249 254 251 253 255 253 253 254 255 254 254 249 251 253 247 235 232 255 252 252 252 253 254 254 251 249 243 251 254 250 253 253 254 252 244 252 250 201 161 192 177 144 167 161 163 136 152 159 155 135 149 158 158 125 151 154 144 124 155 152 155 142 183 170 132 144 133 122 124 124 137 139 124 110 46 49 50 53 53 50 48 52 46 48 53 53 75 72 61 54 55 66 54 51 58 53 64 59 47 51 64 93 77 62 48 62 62 53 48 50 53 50 64 48 60 49 46 48 48 57
248 243 242 243 249 241 236 240 245 254 250 252 254 254 254 255 254 254 253 253 254 255 247 234 245 252 252 249 252 253 238 245 253 252 250 254 252 252 254 254 255 255 249 250 246 176 164 181 171 156 178 158 160 135 163 158 147 127 157 153 147 124 156 153 138 129 156 166 141 159 181 158 128 148 115 123 129 122 132 137 127 88 43 52 51 56 62 55 55 59 50 60 61 50 48 56 81 51 52 71 68 49 49 51 63 75 71 52 60 82 80 54 42 49 57 54 46 52 48 67 61 46 58 47 44 49 57 78
250 253 249 253 253 246 240 246 248 254 251 248 243 236 248 254 253 254 250 248 252 253 244 251 253 248 244 254 254 253 250 250 255 252 252 255 250 244 255 255 252 242 244 242 228 174 178 188 168 156 165 159 149 131 165 161 151 129 161 148 144 129 154 147 140 137 165 168 137 176 180 148 128 136 115 119 132 123 131 135 128 88 38 42 43 43 48 51 56 53 51 65 78 56 54 48 52 50 50 56 64 76 71 55 53 60 70 73 55 64 74 65 46 47 53 54 51 53 50 53 45 51 52 46 48 72 95 90
247 245 245 250 251 252 254 244 239 248 253 249 250 239 235 245 244 252 254 245 251 251 248 237 237 248 254 255 254 254 255 253 252 247 245 247 246 240 240 250 249 238 244 255 234 165 178 183 154 163 153 152 137 152 150 149 137 138 150 152 131 137 151 152 135 149 167 156 144 178 169 140 133 132 107 120 129 120 133 132 124 107 42 43 43 42 43 45 46 48 49 49 51 56 59 65 48 46 47 48 48 52 68 78 76 58 55 70 65 76 111 87 58 44 56 49 49 49 50 43 43 55 52 61 94 107 95 110
244 241 240 247 254 255 254 252 251 254 255 255 255 246 239 247 253 255 255 254 250 252 252 236 233 248 254 251 252 252 249 253 254 252 248 250 253 252 250 253 244 248 255 255 234 178 189 183 180 168 160 163 158 164 155 146 146 147 151 145 140 153 152 147 139 161 157 147 167 172 155 135 138 130 115 117 124 124 134 130 114 91 47 52 52 44 41 45 51 45 48 53 47 48 49 51 57 54 48 48 52 55 56 61 71 76 62 68 79 87 98 102 68 54 49 50 45 49 54 41 42 56 72 100 107 102 114 124
253 255 253 245 239 249 254 253 247 242 241 243 251 255 255 254 250 244 240 234 234 246 253 255 254 255 255 249 240 246 254 250 255 255 254 253 254 253 254 254 253 253 254 255 242 202 182 151 132 114 110 113 111 121 124 128 139 140 144 141 147 151 154 154 157 169 169 173 180 162 156 146 141 138 120 122 117 111 119 108 106 55 41 46 55 61 67 51 54 51 48 46 46 46 49 45 54 59 50 50 50 56 58 66 59 46 55 82 84 90 97 96 68 53 44 57 54 47 51 48 63 84 101 104 106 116 128 123
254 254 253 246 245 251 253 253 254 252 248 246 250 255 255 255 253 249 245 244 249 251 251 250 253 253 254 253 241 234 239 243 243 235 243 255 253 251 255 254 252 252 253 254 221 115 94 80 71 66 63 59 57 54 52 52 52 52 56 57 60 69 71 75 78 82 84 87 86 77 82 88 110 126 115 121 123 117 110 114 75 41 45 46 48 50 59 65 55 47 53 49 48 55 61 47 53 57 60 61 55 48 57 61 67 60 50 69 81 64 75 103 93 58 48 58 59 55 55 75 103 102 88 108 125 121 126 119
249 249 253 253 245 242 243 248 252 254 255 255 255 255 255 255 255 255 255 253 253 254 251 249 252 252 253 253 252 250 251 249 242 243 248 252 254 244 245 253 254 255 255 254 240 127 94 84 75 71 67 63 61 58 56 53 51 49 46 42 41 48 52 53 52 52 51 49 48 49 47 46 48 55 59 64 71 77 66 68 45 41 44 46 49 51 46 59 51 44 56 60 49 50 55 46 52 51 55 78 61 49 56 51 61 64 62 52 57 81 89 90 90 63 51 54 53 46 81 111 127 128 113 120 117 124 138 119
252 252 254 254 254 253 251 252 251 249 249 254 250 243 241 236 238 236 243 248 253 255 255 255 252 246 247 252 250 248 251 251 252 253 254 253 255 254 254 254 255 255 254 253 252 143 92 83 74 70 67 63 59 56 55 53 51 49 47 43 41 49 54 56 56 57 56 56 55 53 52 52 54 53 52 51 50 49 36 34 37 42 44 46 44 50 47 67 58 40 45 52 51 50 52 52 60 55 53 49 55 55 52 57 57 54 57 63 65 97 117 97 67 59 56 73 74 86 119 118 129 122 129 129 129 135 140 123
247 245 253 255 255 254 253 250 249 235 228 243 248 246 239 242 243 234 234 238 240 249 255 255 251 238 247 255 236 229 222 229 252 252 251 239 235 239 241 251 255 255 255 254 254 145 88 81 74 69 65 62 58 56 54 52 51 48 46 42 41 49 53 55 57 58 57 55 54 53 53 54 53 52 52 52 51 46 34 35 35 39 45 44 44 48 52 63 50 36 55 56 48 51 54 50 49 61 72 55 58 63 60 63 64 66 63 66 67 68 75 77 61 69 84 85 95 131 136 134 127 139 140 139 146 139 146 116
251 249 246 247 252 253 251 251 250 250 250 250 253 251 249 253 250 243 241 236 237 248 254 254 246 234 244 251 251 252 241 240 253 254 253 253 253 251 250 254 255 255 254 255 254 141 87 79 72 68 64 61 58 56 54 52 50 49 46 41 40 48 53 55 57 56 56 55 53 52 52 53 53 52 51 50 49 41 39 37 35 37 45 47 48 48 52 48 48 39 54 50 47 51 61 51 51 61 55 51 53 69 73 55 60 69 59 63 61 59 63 63 66 70 101 108 115 120 145 149 143 146 144 155 157 162 124 103
254 253 235 222 238 245 241 247 246 248 246 242 250 254 250 252 251 249 254 252 248 247 253 252 248 243 249 252 254 255 255 255 255 246 250 254 255 255 255 255 252 239 238 243 247 132 86 79 71 66 63 60 58 56 55 53 51 49 46 40 41 47 52 55 56 56 56 53 52 52 51 51 52 50 50 49 43 39 38 40 36 36 42 46 50 52 48 48 47 51 51 50 51 59 62 48 57 64 57 45 45 51 55 48 60 65 62 59 59 60 56 57 69 103 115 110 122 137 157 159 155 170 169 141 158 127 115 100
247 234 233 232 228 225 232 239 237 242 239 250 250 253 245 237 234 239 244 245 238 237 247 251 251 252 253 253 249 247 248 248 246 252 249 244 249 249 251 253 255 251 244 244 245 121 84 77 70 66 63 60 58 55 54 52 51 48 45 39 42 47 51 54 55 56 54 52 52 52 51 51 50 49 48 47 36 37 40 41 35 36 45 63 66 45 44 60 55 55 53 64 72 68 61 63 58 58 55 49 44 44 54 50 63 55 55 57 57 58 74 96 130 130 108 114 132 135 161 167 159 167 145 137 119 116 118 99
248 244 240 244 237 230 237 248 249 250 246 246 240 252 251 242 237 242 243 234 232 243 248 249 250 252 248 242 229 226 229 235 236 250 248 249 254 252 251 242 240 243 238 242 240 113 83 76 69 65 62 60 58 56 54 53 51 48 44 37 42 47 51 52 54 54 53 52 52 51 51 50 49 47 46 41 47 47 51 48 36 41 50 67 54 45 48 51 51 49 58 75 77 60 65 69 57 56 49 45 53 47 58 51 56 64 67 69 67 81 85 106 125 137 141 117 129 149 150 130 123 125 116 118 116 113 117 98
239 237 249 251 251 249 247 239 231 224 223 216 240 254 245 238 237 232 236 249 250 255 251 249 251 241 236 235 237 247 249 253 254 254 253 245 247 249 247 242 243 247 246 251 239 107 82 75 68 64 60 59 57 56 55 53 50 48 43 38 42 47 50 51 53 53 52 52 51 50 50 50 49 47 38 38 54 55 48 46 41 51 50 54 57 52 40 52 54 55 65 76 61 54 62 62 74 65 55 52 62 51 51 52 65 71 68 61 54 66 81 91 116 146 129 113 135 138 106 110 126 101 107 119 114 113 106 72
240 228 236 223 216 225 224 230 235 228 215 223 245 253 254 252 249 247 249 255 254 252 245 233 222 220 228 229 226 240 245 242 247 252 252 250 247 247 245 243 238 235 233 239 233 103 82 74 68 64 61 60 57 56 54 53 51 47 44 39 42 46 49 51 53 53 52 51 50 50 49 49 48 43 33 38 55 60 56 54 39 47 45 54 57 43 48 51 52 62 72 65 56 61 56 56 62 44 43 43 49 53 54 55 52 47 47 48 46 51 88 111 118 122 108 116 144 126 97 110 107 94 113 113 121 94 74 76
232 210 212 218 214 217 222 215 221 240 245 231 223 230 238 245 243 245 238 243 252 252 253 254 243 244 243 244 244 245 249 247 249 247 239 241 232 231 243 235 236 247 244 229 224 101 80 73 68 64 60 59 57 57 55 54 51 47 50 40 43 46 48 51 51 52 51 51 50 50 50 46 42 38 36 34 46 48 65 53 39 43 45 52 49 44 53 55 58 62 70 65 52 56 62 87 102 62 45 48 71 89 99 79 51 45 43 47 44 64 120 120 115 123 107 99 112 87 109 114 108 93 119 125 94 57 57 67
244 232 227 229 237 238 242 249 248 248 252 229 224 222 212 213 210 219 218 227 245 252 255 255 250 239 229 218 205 201 212 217 232 242 241 248 252 249 250 249 247 247 246 244 226 99 80 73 67 63 60 59 58 57 55 54 50 51 53 41 43 46 48 50 51 51 51 50 50 50 47 71 102 39 39 36 47 47 57 65 45 38 48 58 46 47 53 60 62 65 82 68 53 53 66 69 56 48 60 101 145 133 93 72 49 45 48 42 57 110 124 111 121 118 91 95 94 104 104 103 97 103 113 81 67 55 53 47
255 252 244 243 245 237 221 233 242 234 234 241 241 243 240 219 208 212 204 208 218 226 237 244 246 245 239 231 218 219 227 224 229 247 231 228 236 255 255 254 242 235 245 255 233 99 81 74 68 64 61 59 58 56 56 54 50 56 51 41 42 45 48 49 50 50 50 50 50 50 51 194 173 41 43 38 48 53 59 69 50 39 52 63 43 51 57 67 69 71 84 74 57 45 59 51 47 53 86 133 139 109 84 68 48 55 56 81 116 114 115 114 105 99 89 96 112 121 95 98 99 91 73 56 69 62 61 54
253 252 227 217 228 230 235 241 245 236 224 230 240 251 253 250 254 250 236 236 245 238 229 217 220 218 236 251 243 244 246 237 221 215 216 219 218 227 231 232 240 245 245 247 231 101 81 74 68 64 61 60 58 57 55 55 52 59 45 41 43 46 47 48 49 50 49 49 51 44 149 242 222 74 42 42 49 66 64 56 46 45 54 77 47 48 62 70 71 76 71 77 73 53 56 54 53 64 76 93 65 73 73 77 48 61 97 124 115 108 104 97 96 104 102 107 133 111 96 87 82 68 79 72 66 69 58 61
221 226 249 255 255 244 248 252 252 246 232 230 225 230 240 238 253 255 252 253 254 255 251 238 231 223 233 244 238 239 244 250 252 248 242 233 221 219 224 232 244 244 230 220 206 102 81 73 68 64 60 60 59 58 56 55 53 56 42 41 44 46 46 47 49 49 50 52 45 113 238 227 235 188 72 42 47 74 61 44 44 57 50 73 50 43 59 64 71 67 67 74 55 59 55 54 55 58 68 81 64 74 70 63 79 92 96 99 98 100 101 95 101 98 78 106 127 86 63 53 60 81 87 82 85 83 55 56
223 220 232 239 246 239 239 247 250 249 249 239 223 214 228 237 237 239 241 237 236 247 248 240 239 232 229 234 233 220 215 211 221 206 214 230 233 234 230 216 216 217 203 181 178 101 80 73 67 63 60 60 59 58 57 54 55 53 42 43 44 46 46 47 49 50 51 47 85 236 250 245 247 249 237 134 55 79 59 45 42 46 46 70 64 38 46 57 69 65 74 85 56 66 60 49 53 54 76 61 59 55 59 82 109 86 77 90 93 99 95 100 92 80 80 103 86 59 59 57 73 75 81 74 85 87 73 59
209 224 227 221 221 220 215 208 205 211 222 232 243 248 248 247 237 229 226 222 222 223 220 223 212 237 231 214 235 224 216 212 209 229 245 243 221 220 229 232 236 232 239 244 222 102 78 72 67 64 60 59 59 57 55 53 59 54 43 43 44 45 46 48 49 50 50 64 203 240 229 226 235 232 227 236 141 71 53 45 40 43 44 65 68 55 42 54 70 69 75 89 98 65 72 68 74 63 62 65 69 77 92 98 102 72 70 94 95 98 94 88 80 72 82 60 71 54 50 57 61 58 67 70 85 87 100 82
217 213 219 217 207 206 215 223 226 233 239 245 248 250 253 255 255 255 254 253 253 252 251 248 247 245 240 240 239 232 228 230 239 251 254 252 246 239 241 239 244 241 244 250 230 97 77 72 67 64 61 58 58 57 56 53 66 53 43 43 45 46 47 47 49 50 48 169 250 241 235 232 230 231 228 218 110 56 48 41 42 47 42 65 59 52 47 58 78 68 72 69 90 70 65 70 78 83 78 74 71 88 94 94 91 57 80 98 98 90 91 64 56 59 66 62 51 53 48 44 48 57 60 75 89 110 107 95
237 230 231 240 251 251 237 240 251 255 255 255 255 251 250 247 244 239 236 237 246 255 255 251 252 242 230 213 221 240 236 238 243 248 251 247 252 250 240 224 225 233 242 252 221 90 76 72 69 65 60 58 57 56 55 54 66 51 45 43 45 46 47 48 50 46 100 225 222 214 210 212 210 212 214 156 58 50 45 42 43 47 38 59 66 53 48 56 58 58 63 77 72 61 62 70 68 84 86 61 85 85 89 93 86 60 87 97 99 88 84 55 51 60 69 73 60 63 53 49 49 54 64 73 78 72 70 73
254 250 252 251 251 253 250 250 251 251 253 255 247 230 238 242 233 212 199 202 203 212 214 219 229 223 215 216 237 243 240 237 232 228 227 230 240 242 235 226 219 219 224 227 186 89 76 75 70 65 59 57 55 55 54 55 74 57 46 44 46 47 47 48 50 56 191 225 208 218 237 229 215 206 194 110 50 47 43 44 44 51 40 45 71 52 59 52 62 50 55 69 70 57 67 71 70 71 64 69 93 91 89 95 80 65 94 94 88 73 80 59 57 53 55 78 86 73 58 52 59 52 65 76 70 78 94 99
231 198 194 207 225 214 209 216 219 234 228 233 227 234 236 226 224 226 222 225 221 221 227 237 240 242 242 245 253 251 244 237 240 248 252 251 249 251 254 248 240 241 247 251 187 90 81 76 68 62 58 55 54 53 51 67 74 52 45 44 46 49 48 49 44 117 229 224 224 221 221 222 211 209 201 104 65 44 44 46 46 52 44 49 65 60 49 74 84 77 58 55 58 62 61 55 67 106 93 71 100 92 70 61 65 67 72 69 66 65 75 53 54 59 56 53 74 96 95 61 64 54 58 84 100 83 90 86
240 233 218 215 224 221 211 188 178 175 172 177 188 194 208 221 231 225 220 228 222 216 219 235 239 245 252 255 255 254 255 255 255 255 247 242 240 251 252 244 246 249 247 247 145 90 87 73 63 59 56 53 52 52 51 79 63 50 43 44 46 47 49 49 61 211 238 226 210 209 209 210 208 204 183 91 73 43 45 45 45 50 43 51 68 66 60 57 63 68 62 61 53 57 58 55 62 95 114 68 60 85 84 74 57 46 75 66 52 60 64 52 58 57 67 57 57 65 99 80 81 61 79 63 60 67 69 68
237 243 251 250 246 249 247 216 229 241 239 236 225 231 232 234 243 216 200 219 222 213 219 229 223 223 227 233 232 234 234 238 246 251 245 243 247 244 234 227 228 236 237 220 105 88 88 70 59 55 51 50 50 49 62 79 52 44 42 44 46 48 50 44 124 230 195 180 184 192 193 208 214 231 216 96 70 43 47 45 47 49 47 40 67 68 68 50 65 70 55 55 58 44 54 54 62 59 94 81 43 51 73 78 85 52 70 67 67 47 48 55 60 63 68 59 59 56 62 61 58 46 50 50 63 48 70 54
188 194 219 232 241 245 250 239 227 229 226 218 214 218 227 222 223 235 245 243 228 220 215 208 202 203 204 213 226 238 237 242 248 250 245 245 247 231 227 235 250 255 255 163 91 85 83 72 58 52 47 47 47 49 75 66 50 43 43 44 45 47 49 51 175 204 193 178 170 152 150 152 153 164 163 100 65 48 52 48 63 55 48 45 61 63 64 49 49 53 56 49 58 65 60 59 70 55 74 96 69 47 57 72 74 64 66 70 83 61 40 52 59 53 60 53 54 57 41 52 45 42 51 67 65 58 58 61
201 204 209 207 205 211 227 228 226 234 234 235 231 219 228 247 233 216 203 214 217 240 249 249 247 237 231 230 239 241 237 231 239 250 252 252 253 253 252 253 255 255 232 108 92 80 74 66 57 50 47 46 45 58 80 57 51 43 43 45 47 49 46 85 184 186 205 225 226 205 197 199 208 218 222 150 76 47 58 49 70 50 47 45 66 68 51 52 42 51 50 49 54 54 58 53 77 64 46 81 76 71 45 56 70 78 64 82 72 52 39 51 50 47 56 46 58 50 39 54 48 42 60 61 58 60 44 53
197 192 194 191 191 189 181 169 167 172 177 182 177 177 185 203 226 240 241 243 239 237 238 246 249 232 213 209 229 248 245 226 226 226 228 239 246 248 254 255 255 250 180 88 85 75 71 60 52 48 46 45 44 70 73 52 47 43 44 46 47 48 45 134 212 219 241 254 255 237 216 214 198 200 235 197 72 49 75 69 66 45 51 45 61 56 66 54 51 48 51 58 54 56 53 47 61 88 43 52 74 76 62 38 52 64 72 75 64 61 52 44 45 51 48 52 53 47 42 48 47 45 59 56 55 58 45 48
171 173 186 198 188 176 188 185 184 192 204 209 202 201 207 211 210 217 222 216 222 224 218 228 239 234 224 215 216 225 238 230 231 222 208 204 207 208 208 203 190 176 123 81 77 71 65 55 49 46 44 43 46 72 64 48 43 43 45 47 48 49 53 197 235 233 245 242 239 237 236 234 220 205 235 183 57 62 74 84 83 46 53 53 60 49 58 50 57 53 50 62 62 59 59 50 59 74 63 36 68 66 67 39 65 65 66 68 64 48 41 40 45 47 49 47 46 48 40 47 42 57 54 53 50 49 49 44
206 207 194 195 194 195 191 192 185 190 191 193 189 207 221 230 234 235 234 221 235 240 216 221 217 208 217 229 231 235 243 245 241 247 253 249 226 212 207 197 190 188 110 78 73 65 58 53 48 45 43 43 47 66 56 45 43 45 46 48 49 49 69 232 251 237 216 202 194 199 200 206 219 224 213 148 64 74 84 95 93 53 59 52 54 37 52 58 53 50 56 60 57 71 74 50 51 71 83 51 50 71 67 47 69 71 76 56 45 41 43 46 44 46 44 45 51 41 45 56 56 56 51 55 50 56 51 35
208 194 185 182 190 200 199 219 251 249 234 236 247 241 235 233 216 199 203 214 231 243 240 238 241 241 245 252 255 255 253 246 244 248 255 252 233 227 224 231 245 236 106 76 69 62 55 50 47 44 44 43 47 56 49 42 43 45 47 49 49 47 99 211 211 189 168 181 196 206 204 205 220 234 239 163 55 60 68 90 92 54 54 43 47 40 51 58 51 66 60 53 55 62 79 59 42 64 73 70 42 69 92 55 72 84 55 50 42 46 44 47 48 44 38 49 41 59 68 56 57 54 53 52 49 54 39 38
238 225 213 232 250 244 240 242 252 255 253 250 229 204 231 227 244 245 241 244 244 240 237 239 230 236 248 244 247 253 255 239 234 236 228 221 227 233 238 252 255 242 104 75 66 59 53 50 46 44 44 43 45 49 45 43 44 47 48 49 50 45 163 255 255 247 219 202 184 174 164 158 190 212 233 221 73 48 68 69 70 48 58 55 40 39 55 54 50 61 83 65 45 50 67 65 40 62 69 59 51 60 106 61 85 65 46 47 45 48 45 50 49 42 39 42 49 82 53 59 61 60 59 54 46 37 43 43
212 198 200 212 235 250 243 225 220 219 227 228 226 217 222 213 230 221 217 229 229 222 224 235 241 246 246 238 239 242 238 219 228 231 221 223 232 250 255 252 242 231 110 74 63 56 52 49 46 45 45 43 44 44 43 44 47 48 49 49 49 64 213 230 232 251 255 252 230 211 201 183 177 197 206 201 82 46 77 63 51 53 69 60 40 37 54 52 53 63 66 59 36 43 54 59 45 45 71 65 52 62 71 67 75 51 44 43 49 46 49 53 47 48 42 45 81 52 55 61 72 70 51 42 37 41 47 46
229 219 226 235 250 250 240 241 249 250 250 251 250 249 251 235 238 249 250 246 232 223 216 214 218 225 224 223 234 235 234 226 220 215 220 233 248 251 246 251 251 216 104 72 62 54 50 47 46 45 44 42 42 42 44 46 48 49 49 50 45 120 208 211 221 226 241 245 231 184 155 185 199 204 218 200 71 50 66 63 47 68 84 49 37 41 51 46 50 61 71 49 42 45 61 53 46 54 79 77 70 50 62 82 64 46 38 45 50 46 54 47 50 44 41 50 65 50 69 59 57 48 38 45 45 49 60 64
222 219 224 234 245 253 255 253 254 255 255 254 254 253 243 220 202 194 203 215 242 255 253 250 243 230 214 212 205 212 222 227 233 240 243 243 242 247 246 237 209 184 98 71 61 54 50 47 46 44 43 41 41 44 46 47 49 49 49 47 74 222 240 231 229 221 214 194 181 165 160 202 217 213 199 174 59 59 59 46 50 70 60 36 39 46 57 50 68 50 50 44 44 56 52 49 63 57 64 68 73 50 69 63 61 42 38 45 50 45 57 40 42 43 43 47 66 46 67 53 43 36 42 48 55 65 72 57
246 248 252 251 252 255 254 248 250 245 217 200 194 187 177 171 176 181 202 229 236 246 250 239 223 203 194 199 194 214 233 238 249 255 255 255 255 255 253 241 218 207 99 69 60 54 49 46 46 44 41 40 43 47 47 49 49 49 50 48 188 255 250 251 255 255 255 251 242 241 228 234 249 254 237 208 71 73 51 45 58 49 41 38 47 50 53 63 68 52 45 41 44 55 56 45 60 65 65 52 63 51 75 53 57 43 38 48 44 48 52 41 43 44 45 45 52 48 62 58 40 37 44 60 63 58 47 58
233 239 246 249 246 239 233 238 240 249 232 221 207 199 202 216 219 217 222 226 224 222 221 226 227 219 212 211 206 188 199 206 215 203 202 212 224 231 236 237 229 213 96 67 60 53 48 46 46 43 40 43 47 50 49 50 49 50 45 123 237 227 230 224 227 233 236 242 243 252 253 249 245 238 234 227 109 57 53 51 50 51 43 42 51 53 54 60 62 60 54 47 45 46 51 56 65 49 62 51 66 60 78 48 46 37 44 52 39 55 43 40 45 46 45 41 53 51 59 59 40 36 44 62 57 39 46 78
190 186 184 184 199 207 225 241 247 255 250 235 221 218 213 218 220 220 220 217 203 190 197 204 217 207 198 195 196 190 200 181 169 180 179 180 181 172 164 175 181 176 88 66 57 51 47 46 42 44 42 47 51 51 49 50 50 47 68 184 196 200 194 176 181 190 223 247 248 250 247 247 247 244 250 232 98 56 65 60 45 57 44 43 54 67 66 51 56 53 48 45 44 46 59 64 56 58 52 58 59 61 69 60 46 35 43 52 38 52 39 39 46 46 50 45 53 68 73 57 38 40 55 59 50 43 52 68
237 231 236 221 207 190 191 200 207 228 237 245 240 230 222 221 227 228 230 233 235 233 236 231 237 238 239 241 238 241 236 228 213 207 206 201 198 206 196 184 171 160 86 64 57 51 48 43 68 49 46 51 52 52 50 50 49 56 146 172 188 201 180 185 200 195 192 201 204 227 241 243 234 240 250 171 67 64 65 49 46 51 40 49 76 81 58 39 52 51 39 38 40 42 41 40 50 59 54 60 53 66 67 55 36 37 48 49 44 50 38 42 44 42 47 54 56 65 99 65 39 43 49 55 50 41 57 68
174 159 155 152 150 148 157 165 180 201 224 242 239 234 243 247 247 239 218 233 240 240 235 231 243 255 255 255 253 254 247 243 229 218 215 217 220 228 229 216 229 202 83 63 56 50 44 77 140 39 50 53 52 52 50 50 46 171 251 242 235 228 228 233 226 186 222 233 230 232 235 231 202 197 189 95 65 48 49 44 47 48 37 60 72 58 49 52 56 39 41 41 43 39 36 39 54 63 66 58 55 57 56 42 37 39 52 43 44 46 41 43 45 42 49 56 58 49 59 50 44 47 66 47 48 41 51 54
192 199 215 226 230 227 212 201 198 205 205 206 204 202 208 212 220 227 215 207 205 201 211 189 164 181 178 205 234 215 216 228 214 223 236 235 235 241 238 234 244 197 77 64 55 50 40 115 125 41 54 55 52 52 51 44 132 251 246 247 241 242 251 240 211 197 212 200 184 178 195 159 126 149 111 66 64 47 44 45 44 50 46 60 56 47 62 68 71 43 45 43 39 39 37 46 60 62 55 53 62 50 52 39 34 45 49 42 45 48 46 51 48 42 51 53 58 50 59 67 51 51 60 51 38 36 55 56
149 161 186 183 202 201 223 246 245 244 230 225 228 224 222 218 221 218 166 141 119 114 125 115 106 112 113 115 130 104 117 136 112 121 129 161 185 220 237 219 208 186 85 62 53 48 42 152 94 47 56 54 51 51 46 97 245 249 246 244 238 235 225 215 208 216 216 180 145 185 190 159 150 106 102 71 57 43 45 43 49 56 80 51 52 57 64 59 44 47 47 43 38 36 37 50 82 64 47 50 60 56 50 35 41 52 48 38 46 47 43 50 50 44 50 52 56 48 49 62 55 49 49 42 35 40 72 84
168 167 163 163 175 182 204 221 228 224 226 231 228 218 219 217 214 191 123 111 97 91 88 97 102 106 110 105 96 98 107 96 100 101 106 128 128 212 255 254 204 191 152 104 81 69 60 101 60 56 57 53 51 49 54 203 247 213 225 220 224 184 195 220 193 204 223 220 162 167 147 129 104 89 83 61 56 43 40 48 59 63 78 47 60 66 63 56 40 51 54 41 36 36 45 52 73 54 37 56 53 56 40 33 43 57 46 38 43 54 46 45 48 46 49 51 61 47 56 55 52 47 48 38 34 47 64 54
232 224 218 214 217 224 224 218 223 203 212 232 239 227 221 210 193 115 82 85 89 81 85 87 95 105 102 95 93 93 93 101 102 100 102 110 106 212 251 230 206 178 170 139 104 82 68 85 70 59 54 51 49 44 104 203 227 224 218 184 198 180 185 204 168 138 149 148 111 109 96 89 78 72 66 48 49 41 49 59 58 63 65 49 67 68 48 54 48 58 59 39 35 36 62 56 58 50 54 55 54 46 35 39 46 59 46 40 48 53 42 44 45 45 48 53 58 56 57 54 51 49 42 38 32 50 51 51
198 184 206 216 213 216 221 223 185 184 199 203 214 188 179 198 215 136 94 77 72 65 63 61 71 88 97 93 91 90 97 102 100 95 92 87 147 178 208 196 106 172 125 122 108 75 61 115 131 105 74 55 47 58 189 223 221 231 216 191 178 134 116 124 129 103 88 88 97 94 88 86 69 73 62 55 77 70 64 45 55 64 61 58 71 86 53 57 52 53 57 45 48 50 62 67 49 52 60 56 57 38 37 43 53 63 49 36 51 47 41 39 39 40 51 67 79 63 56 56 57 49 42 34 35 51 50 49
187 181 185 186 177 180 182 179 174 173 174 183 166 155 159 158 158 156 143 103 89 74 66 56 57 68 69 78 88 89 87 91 89 88 85 89 151 216 199 152 92 71 55 54 78 59 97 143 130 108 93 64 132 211 211 206 187 187 185 167 145 124 94 92 87 86 82 81 80 77 74 80 73 70 56 61 82 51 61 69 71 68 51 69 60 75 65 51 56 73 65 64 60 53 62 63 38 38 52 48 40 44 36 49 53 61 57 36 50 52 40 35 34 47 75 63 61 56 64 61 51 46 40 36 46 50 47 48
238 232 245 235 234 237 231 218 216 202 193 207 212 223 218 228 245 254 250 234 209 196 202 138 77 77 72 66 62 52 49 47 50 50 54 65 110 67 87 195 175 66 52 66 56 55 148 150 88 75 75 65 158 205 179 138 127 155 148 136 121 98 63 68 109 72 78 72 66 78 63 67 69 65 70 67 65 58 79 69 59 67 59 67 76 58 65 47 70 87 66 67 56 61 69 62 44 55 51 47 43 52 40 50 48 62 57 37 42 46 44 36 35 66 95 61 68 71 80 64 57 45 37 42 47 57 44 45
222 206 197 190 214 236 230 242 206 203 211 157 124 116 79 87 135 193 213 244 175 188 192 224 201 165 178 171 111 95 86 65 87 135 76 131 182 127 162 203 116 56 65 101 80 84 151 93 49 49 62 71 146 169 139 142 154 124 102 91 88 63 69 96 77 84 85 67 75 95 63 64 57 79 70 56 50 81 86 59 51 63 63 64 69 60 58 40 53 67 65 52 58 91 92 59 60 68 58 47 54 55 43 51 46 51 63 43 47 47 41 36 37 58 83 57 65 57 63 61 51 40 42 49 40 53 41 45
181 162 139 155 206 173 139 175 164 174 157 162 148 112 149 100 107 149 153 214 218 205 180 202 203 210 209 203 197 182 191 168 163 207 190 213 225 204 178 152 74 54 88 91 60 70 88 124 110 47 76 102 100 104 113 83 56 53 70 77 59 58 79 56 58 90 70 70 73 65 58 60 73 63 44 62 79 87 61 46 55 59 61 69 64 47 46 57 57 53 62 45 67 94 69 53 59 68 68 44 59 60 44 50 49 48 68 51 40 48 47 35 37 42 70 57 49 57 54 54 41 40 42 54 52 72 69 58
185 159 161 147 160 134 152 139 199 206 211 220 210 223 233 193 143 141 171 197 212 225 210 212 190 202 218 224 225 204 223 222 209 191 229 246 154 77 71 58 57 47 68 69 59 60 143 170 138 64 50 123 112 71 55 57 46 51 50 44 50 54 55 76 77 74 65 61 63 67 59 52 47 46 43 70 81 64 47 48 60 62 57 57 63 46 44 81 79 63 52 60 77 58 55 42 55 68 56 42 61 57 44 45 51 49 53 60 52 38 44 36 34 42 64 55 47 48 55 56 43 41 40 47 63 71 69 53
204 201 199 158 175 209 176 188 178 156 168 191 204 189 217 228 208 193 221 232 235 234 238 228 194 163 213 222 233 232 236 232 243 225 205 206 130 113 116 67 49 67 55 38 43 55 151 139 75 55 47 59 77 47 36 37 38 37 39 43 45 54 57 72 67 63 64 60 61 50 48 40 41 44 61 78 56 48 47 59 65 65 51 48 51 43 52 60 55 58 68 79 61 46 40 45 52 67 57 45 76 78 38 45 56 48 39 53 56 39 39 36 39 69 55 50 47 46 60 55 42 45 38 48 53 62 59 48
221 223 222 209 193 214 222 216 210 207 203 178 220 210 200 211 232 239 238 243 242 237 235 232 222 236 237 236 235 239 234 235 214 213 242 151 82 76 58 54 50 57 64 52 45 43 83 94 98 77 51 49 51 58 60 50 43 57 56 55 56 63 40 45 60 55 53 48 44 42 45 58 57 60 71 58 52 45 63 64 80 58 52 55 52 48 52 59 63 62 59 65 55 49 49 61 57 65 66 62 40 64 41 42 47 47 41 43 52 54 51 56 57 74 58 53 48 48 47 46 47 52 43 55 46 43 50 71
223 234 234 234 235 238 239 238 229 232 230 216 213 228 221 225 234 234 204 183 197 211 201 229 230 218 233 230 217 239 234 225 199 198 141 78 75 71 58 46 62 70 41 38 44 38 62 109 79 62 52 52 58 54 70 67 47 56 86 104 107 88 54 40 60 61 45 56 47 42 55 114 61 63 71 57 50 62 66 75 57 54 63 64 67 64 55 74 91 79 54 56 62 64 55 53 53 58 54 55 57 40 45 48 67 61 72 96 75 73 90 87 57 43 51 61 60 70 64 65 51 49 46 43 40 42 36 40
224 222 211 208 210 223 224 230 231 240 238 231 233 236 234 226 230 227 234 170 161 196 210 203 230 234 226 228 224 206 196 167 146 118 85 97 111 66 59 86 63 45 41 35 37 36 42 65 82 88 77 85 100 92 76 61 48 64 57 50 51 56 63 57 41 68 46 46 49 55 96 72 42 64 64 48 51 61 69 54 56 79 74 62 55 56 59 49 51 50 55 60 58 61 51 48 52 51 57 47 51 41 46 49 81 72 99 104 86 112 90 42 40 49 51 53 50 54 59 62 54 48 49 48 50 48 47 48
239 235 232 231 230 240 228 207 203 220 226 223 238 224 239 236 237 235 239 230 235 218 240 233 231 229 188 155 163 138 101 105 92 73 70 101 128 119 128 117 85 48 32 33 37 38 37 42 75 124 101 81 71 51 41 51 72 84 60 86 79 66 88 108 77 68 56 43 49 64 77 36 44 61 57 57 54 54 51 41 55 51 55 50 73 65 47 53 47 44 46 46 57 56 55 55 49 40 48 45 41 49 50 56 58 52 61 74 83 86 44 39 51 50 43 40 39 39 39 51 46 56 64 61 61 63 58 56
212 226 229 202 205 228 229 225 219 217 201 182 225 224 225 227 226 234 233 226 197 188 190 151 145 133 100 87 90 81 71 73 65 61 58 59 57 62 69 61 44 58 68 67 48 46 49 46 51 62 59 51 38 52 83 60 51 83 107 108 85 84 112 82 59 62 63 65 77 75 38 49 62 49 54 70 60 51 52 52 46 49 47 47 58 64 82 49 53 49 52 52 57 55 56 51 45 39 41 45 47 45 47 43 42 42 40 38 43 41 40 44 45 49 55 49 43 41 45 59 61 60 64 64 64 55 56 48
69 104 150 185 176 137 147 190 182 156 146 131 143 133 122 127 129 124 115 106 97 96 96 85 77 70 77 75 73 72 90 73 72 67 57 67 66 62 74 67 91 126 120 83 55 93 81 45 64 63 52 67 56 86 116 64 90 107 70 79 129 128 118 76 49 72 125 115 82 89 112 95 90 92 63 55 51 50 53 68 83 64 52 50 49 114 66 44 50 49 50 56 65 63 57 48 43 38 44 53 52 44 42 41 44 42 38 40 41 44 43 43 52 61 60 63 62 58 58 64 67 62 64 59 56 53 56 53
58 75 74 107 128 98 105 103 97 79 87 87 85 80 84 79 77 75 81 86 78 87 90 74 70 76 69 78 77 75 86 72 68 62 63 59 51 57 57 68 79 63 52 61 43 58 80 54 59 43 94 118 122 72 76 74 84 85 83 118 114 71 70 82 94 143 142 85 90 88 61 59 50 58 78 51 46 49 51 95 119 90 56 52 89 90 47 51 48 45 50 59 59 61 61 53 53 46 48 57 50 48 45 42 41 41 42 41 42 41 41 44 58 57 56 53 55 59 61 62 61 62 58 62 55 53 54 56
