72 74 89 114 129 114 108 109 114 111 103 107 109 110 115 118 113 98 106 110 116 123 130 99 74 75 90 115 114 110 113 111 104 102 97 93 91 96 98 97 92 109 119 128 123 129 132 106 93 101 142 159 156 147 129 123 130 134 129 126 133 123 129 131 133 130 118 107 121 120 122 125 122 135 95 84 91 117 128 137 125 114 117 120 127 129 126 122 120 115 115 116 116 118 124 128 125 103 109 113 102 101 102 100 85 73 75 95 128 126 105 96 92 90 87 88 88 86 89 88 88 90 89 83 85 86 88 86
71 71 94 113 131 111 101 109 112 109 105 107 108 110 115 120 113 98 107 108 115 121 127 100 76 71 87 114 110 111 114 111 105 102 97 93 92 96 98 95 96 111 119 124 119 126 136 106 92 100 139 160 156 146 132 127 136 126 125 127 135 123 130 134 136 134 115 111 121 117 120 125 123 135 95 85 88 117 126 133 125 116 117 122 129 126 124 119 117 113 113 105 113 116 121 125 123 104 111 111 99 98 99 99 81 71 75 85 132 132 102 100 90 88 84 79 80 89 88 88 88 91 88 82 85 86 88 86
71 68 83 102 120 114 101 109 110 108 108 107 106 109 115 119 116 100 106 109 113 120 128 105 76 72 85 112 111 115 115 112 103 99 98 95 92 97 97 94 98 114 119 122 119 128 143 108 92 101 142 161 156 145 137 133 146 128 111 123 129 124 130 133 137 134 114 111 124 115 121 126 123 134 97 86 90 119 127 131 127 117 114 120 129 127 122 117 116 111 120 98 110 117 121 126 118 103 110 107 100 98 99 101 81 70 67 73 115 123 99 98 98 93 95 88 83 91 89 89 90 89 85 83 83 87 89 86
68 67 101 112 105 111 103 105 108 109 113 107 105 107 114 119 116 100 107 110 113 119 130 110 76 77 85 113 114 115 113 110 100 98 97 94 92 94 96 95 98 114 121 120 121 129 138 120 114 121 137 147 142 127 119 116 112 105 96 98 97 95 92 110 135 128 120 112 117 114 124 125 121 133 96 85 90 115 127 131 130 120 115 120 129 127 122 116 118 108 120 105 111 117 121 127 118 106 110 111 109 104 103 104 95 69 59 75 107 111 97 90 113 103 92 90 93 88 88 88 90 87 84 82 83 86 88 85
65 76 120 116 95 103 99 101 107 108 110 105 105 108 114 119 117 103 107 111 115 120 126 111 77 78 83 112 112 112 114 111 103 97 98 95 94 94 95 92 99 115 123 126 130 124 112 105 100 89 86 89 91 86 83 82 81 85 87 87 82 69 69 66 85 98 106 109 118 121 121 123 125 134 97 87 92 114 126 137 131 120 115 117 123 121 116 116 120 108 116 114 111 116 121 125 114 99 111 114 110 107 105 109 115 69 57 68 101 105 95 89 102 97 90 92 93 87 90 89 89 86 87 82 84 86 88 86
66 71 111 98 90 115 97 98 109 112 112 105 108 108 113 119 118 104 106 111 112 118 127 111 79 78 82 112 114 113 111 112 103 98 98 95 95 99 92 90 97 112 124 130 114 88 77 72 78 87 85 82 78 75 77 79 83 77 79 76 77 75 72 75 75 71 68 76 91 117 121 125 124 135 96 87 89 120 131 138 135 120 115 120 123 118 115 115 118 107 115 113 111 115 123 124 110 92 101 99 97 94 93 100 98 77 70 66 93 100 94 88 97 95 91 89 89 90 91 89 88 85 84 81 86 87 89 88
66 64 91 92 90 120 112 113 120 115 114 107 107 110 117 121 117 103 105 108 112 120 127 113 80 78 82 111 116 111 109 108 103 98 97 95 95 99 94 89 102 118 124 101 73 62 61 63 60 63 76 86 81 84 80 71 83 77 87 80 67 59 61 69 76 77 72 68 67 80 106 119 119 132 97 88 88 123 129 136 137 121 116 123 128 123 112 114 117 107 110 115 110 112 122 122 109 92 98 93 88 88 86 93 82 79 78 69 95 89 90 87 95 96 88 84 84 90 89 89 89 87 85 84 87 86 88 88
67 72 96 110 102 120 128 134 129 118 112 109 107 107 115 123 118 103 103 108 111 120 125 115 80 78 81 113 115 111 111 109 102 99 99 96 98 97 98 95 105 125 109 84 71 67 68 63 62 70 73 96 93 80 82 72 76 74 78 78 65 75 96 91 89 87 81 78 78 77 83 96 108 121 100 88 84 110 126 132 135 120 117 123 130 124 112 113 118 109 106 113 107 111 117 120 105 92 95 90 85 84 82 86 80 83 85 77 90 87 87 86 92 93 85 85 86 91 88 89 90 88 87 85 85 87 88 89
67 75 95 114 124 133 136 135 136 122 115 109 108 109 115 122 118 103 103 110 114 114 122 114 82 78 78 108 113 113 112 109 102 98 96 97 98 95 97 101 120 122 88 77 72 67 66 65 66 72 90 100 97 85 87 93 94 94 95 93 89 108 116 103 91 84 80 79 77 77 79 83 88 96 103 98 86 109 122 127 134 122 114 120 122 120 112 111 116 106 104 111 101 108 113 115 100 89 92 88 86 82 81 85 80 87 90 77 101 93 85 87 90 93 85 86 93 91 88 89 89 88 87 83 84 87 90 89
68 74 94 115 121 133 134 137 147 127 112 108 110 108 116 121 119 105 105 115 118 117 125 117 80 79 78 108 114 114 112 107 99 96 96 97 97 96 94 112 131 111 87 73 71 69 72 76 77 90 98 106 113 120 123 129 135 142 146 147 135 114 97 86 80 74 73 76 72 78 80 78 81 90 92 97 96 106 119 123 129 119 111 117 115 115 110 108 109 102 99 105 99 104 113 112 98 88 90 86 87 83 81 86 83 85 93 86 104 94 84 84 86 93 84 86 96 91 87 88 88 87 88 84 84 87 89 89
70 72 95 118 120 129 128 130 138 132 112 107 109 108 112 121 116 103 101 110 115 119 122 116 80 79 78 111 117 114 115 108 101 96 96 97 97 100 100 124 129 100 79 71 64 65 72 87 108 132 159 190 196 195 192 186 182 175 175 170 160 137 117 108 96 93 88 79 76 81 79 73 70 79 87 86 93 104 116 118 127 118 106 114 111 116 106 103 104 96 95 102 96 101 110 108 96 86 87 85 90 83 82 85 83 80 94 97 111 97 87 83 83 91 86 90 94 89 87 88 88 87 87 84 85 89 92 88
70 73 94 117 116 125 126 123 128 128 113 105 108 106 111 121 118 104 99 106 115 119 121 115 82 80 77 110 115 113 115 110 104 99 95 96 95 96 106 130 116 87 76 67 62 68 97 116 157 194 221 225 220 217 212 200 192 186 183 178 167 151 135 131 122 110 101 93 85 82 82 82 75 68 73 83 84 98 113 116 122 115 104 108 108 112 104 101 99 90 92 96 93 97 101 104 92 82 85 85 89 83 82 86 82 79 90 100 113 99 89 87 81 89 90 91 90 89 86 88 89 87 87 84 86 90 91 89
70 76 96 117 118 122 122 118 123 127 118 106 107 105 107 120 117 105 101 109 114 120 124 119 83 81 75 110 116 114 112 111 107 101 97 95 94 94 131 155 115 92 71 61 54 75 115 147 195 220 227 226 224 223 217 208 202 197 193 188 173 157 146 142 132 126 117 95 70 59 56 65 73 71 66 73 76 88 108 115 125 115 103 105 102 104 99 97 94 89 90 93 88 96 99 101 93 82 87 85 82 82 81 85 82 78 80 89 107 101 91 87 85 90 91 93 89 90 87 90 91 90 88 84 84 87 89 89
71 77 95 117 118 122 118 116 120 124 121 109 106 108 109 119 119 106 102 109 117 120 119 117 82 80 75 108 116 114 111 107 103 101 97 96 94 96 160 163 128 87 59 55 50 82 122 184 219 229 233 231 229 225 219 215 207 202 195 189 177 160 149 141 135 133 129 110 79 57 46 48 59 70 73 69 70 87 108 113 121 109 102 101 100 103 98 93 89 87 89 92 86 94 96 95 93 82 85 85 82 82 80 83 82 77 79 93 104 97 93 85 88 89 90 90 91 88 88 96 93 91 89 83 82 86 88 89
72 79 99 117 118 124 117 115 118 119 116 108 106 109 108 118 116 106 99 108 116 121 122 119 84 81 73 107 117 114 109 107 100 99 95 95 94 99 138 144 112 60 57 51 51 85 149 203 225 231 232 231 228 224 221 216 212 206 198 192 178 166 155 146 144 139 131 118 91 61 44 43 49 59 69 71 68 77 104 107 113 105 97 97 97 100 94 88 88 88 86 89 85 95 94 97 89 78 84 82 82 81 81 83 80 78 78 102 103 92 91 85 88 91 84 84 93 89 85 89 91 92 88 81 81 86 90 91
71 78 104 116 118 122 116 114 115 121 112 103 105 109 110 115 114 104 98 108 111 114 122 116 83 81 73 107 117 113 112 108 100 98 97 93 92 94 105 121 83 56 55 46 51 97 167 206 224 231 231 231 229 227 219 219 218 213 206 200 190 176 159 144 144 140 129 114 100 74 45 43 53 66 72 72 68 75 100 101 109 100 94 97 94 95 92 86 85 89 85 84 83 95 92 99 91 79 81 80 82 81 80 83 81 78 81 101 103 87 87 84 87 92 83 86 93 90 85 89 93 89 85 79 80 84 88 91
73 77 102 115 117 122 116 112 112 116 109 101 103 107 107 116 113 107 98 107 108 112 118 114 85 81 71 105 116 113 112 108 103 97 97 95 93 95 90 106 74 52 50 47 51 76 169 213 227 235 238 236 231 223 220 217 217 209 197 187 162 137 125 124 127 123 119 111 102 93 58 41 42 51 64 75 82 79 95 100 105 99 96 93 91 92 90 85 81 86 83 81 84 93 93 99 88 78 80 79 82 80 79 83 81 78 83 94 103 82 82 83 85 88 87 87 89 88 86 88 91 89 85 79 81 86 90 90
76 77 105 119 119 122 115 110 109 113 110 101 100 107 106 118 114 108 98 105 109 111 110 111 90 82 68 101 115 115 110 109 104 98 95 97 95 97 76 87 66 48 54 56 50 55 146 213 202 186 180 184 187 192 204 208 205 185 146 119 110 118 134 138 133 126 115 105 106 103 79 47 52 55 53 66 74 93 94 96 102 97 92 91 87 90 88 83 77 83 80 78 84 90 92 98 88 76 81 78 80 80 79 82 82 78 80 94 106 87 88 86 82 86 86 87 86 86 86 90 89 86 83 78 82 87 90 90
76 77 105 119 117 120 115 110 109 114 109 102 100 108 105 118 115 110 98 106 106 108 109 109 88 79 69 98 113 114 112 109 103 98 96 96 94 95 75 78 65 53 55 55 50 47 128 190 201 190 157 132 117 125 170 209 208 181 135 115 107 96 92 85 78 82 102 114 118 109 92 64 69 72 58 66 67 81 94 96 98 96 91 89 89 89 86 84 79 83 78 77 81 87 88 94 86 76 80 78 81 80 77 90 87 81 80 94 104 91 90 87 81 86 82 86 87 86 87 89 90 86 82 77 82 88 90 90
75 76 104 118 116 118 114 110 108 110 110 104 110 109 106 119 115 109 98 105 102 105 113 122 90 76 69 98 113 113 109 107 103 98 96 96 94 95 81 96 69 53 56 53 51 48 133 195 170 129 102 96 110 119 144 216 225 179 127 119 106 106 105 118 91 95 131 141 132 110 96 81 77 92 74 67 69 74 88 93 97 95 91 90 89 89 89 87 82 82 78 79 85 86 87 92 83 76 81 80 82 80 80 92 88 83 81 93 101 92 92 87 80 85 81 82 86 87 87 87 89 84 82 75 81 89 91 89
75 75 102 119 120 121 115 108 109 112 111 107 130 110 105 117 117 107 97 105 104 107 122 141 104 79 68 99 115 111 110 106 101 100 99 94 92 94 98 118 72 60 57 56 57 50 134 209 171 114 108 115 150 154 168 217 228 177 131 137 155 160 156 158 162 164 162 145 127 107 95 85 89 96 84 70 70 75 88 93 94 93 89 87 89 89 86 85 84 84 78 76 86 85 87 89 81 78 84 79 84 82 80 85 84 83 82 92 102 93 93 88 82 81 80 82 85 88 84 86 92 88 83 75 80 87 91 90
74 73 98 120 120 121 117 110 112 113 110 107 132 110 103 116 118 109 96 105 108 121 144 150 101 78 68 98 115 109 112 110 99 98 96 95 93 93 109 120 81 69 65 64 65 52 112 219 229 225 211 198 191 199 219 231 229 182 132 142 157 171 178 184 188 176 157 141 120 102 92 87 98 102 78 67 70 77 87 94 94 91 88 86 87 88 85 85 83 85 77 74 83 84 86 88 83 80 82 80 83 81 80 84 82 83 84 88 98 94 95 89 85 80 79 82 86 86 84 85 92 95 84 73 80 83 88 86
74 72 96 121 122 118 117 111 110 110 110 109 135 113 103 114 116 111 100 108 113 130 140 141 100 80 69 97 115 110 109 105 101 98 98 101 97 95 115 117 98 81 76 74 72 55 77 197 231 233 231 226 225 230 234 231 230 183 135 128 154 178 183 179 177 164 148 131 113 99 91 92 116 102 54 67 72 79 88 95 92 90 91 85 85 85 84 84 83 86 75 72 86 84 85 87 81 76 78 77 86 82 80 86 84 83 85 92 95 95 96 87 86 81 78 80 87 84 83 87 88 93 87 72 79 82 85 84
78 73 98 122 120 118 115 110 109 112 111 107 133 114 104 116 119 110 97 107 118 131 129 129 100 84 70 97 115 111 107 106 105 101 113 119 101 99 112 115 115 103 103 87 73 59 56 154 218 223 224 229 230 224 207 215 235 202 146 119 123 152 172 178 172 155 139 122 108 98 93 93 81 51 56 69 74 80 88 96 92 91 88 85 86 87 84 83 83 87 76 74 88 82 85 88 80 74 78 77 98 83 83 85 83 83 85 91 94 95 93 88 86 83 77 79 88 84 84 85 85 84 82 76 82 81 85 84
76 71 94 121 119 117 117 113 110 110 110 108 125 112 106 116 120 109 95 106 116 124 128 128 102 80 73 95 114 110 106 101 103 125 137 126 106 103 110 122 129 131 139 122 95 67 58 96 195 212 221 223 219 203 169 180 181 169 114 95 117 142 156 166 165 153 137 121 109 101 100 84 52 49 69 69 74 78 86 92 90 89 88 87 85 86 80 82 82 86 75 75 86 81 84 88 81 74 78 77 98 84 83 85 84 86 87 95 97 99 94 89 88 87 79 81 91 86 83 82 85 85 77 67 81 83 90 85
74 66 87 121 118 116 116 110 108 109 109 107 110 114 110 117 123 112 97 106 109 119 125 127 103 77 72 95 113 110 106 103 107 123 112 111 106 105 102 133 138 164 155 176 128 85 58 56 160 202 211 211 204 185 185 214 203 164 129 141 146 161 168 166 160 150 138 122 112 105 104 76 49 60 67 69 65 75 84 89 90 92 90 91 90 86 79 83 83 86 76 76 86 79 86 87 81 72 77 77 92 83 81 87 88 86 87 98 98 94 93 89 86 87 80 80 95 88 86 83 87 89 83 75 80 79 86 86
72 64 84 121 119 118 117 109 107 111 109 108 107 114 111 112 117 114 101 107 107 116 125 126 101 74 70 94 115 109 114 118 99 114 114 113 104 100 98 137 152 171 161 185 166 126 71 50 116 199 201 202 195 195 216 228 218 192 179 151 125 129 131 143 158 152 142 128 118 111 103 65 52 69 62 71 63 73 81 90 92 89 90 91 92 87 80 83 80 87 77 78 86 79 85 86 78 72 79 78 80 81 82 86 89 88 85 98 98 92 95 92 85 88 82 80 93 83 86 82 86 87 83 78 74 77 84 89
74 66 84 121 125 120 117 113 108 110 112 109 108 118 112 110 117 112 98 107 110 117 122 127 105 76 67 89 114 109 115 115 90 88 100 118 108 95 94 131 168 174 159 175 185 152 137 77 72 186 207 199 197 200 165 141 126 121 117 110 101 92 98 137 161 156 145 130 119 110 90 57 59 74 65 71 70 73 80 89 90 89 91 92 92 86 85 84 81 87 76 79 85 80 84 87 80 73 80 81 83 81 82 85 85 88 86 96 99 93 93 90 84 86 82 79 91 81 83 82 86 81 79 76 76 78 86 89
80 67 80 119 120 119 115 110 108 109 112 108 107 113 108 110 120 111 97 104 108 115 117 125 102 77 67 89 115 110 115 105 77 78 93 99 108 98 92 119 172 172 159 168 177 138 152 153 89 101 210 208 207 194 173 178 160 139 122 117 110 118 142 158 157 151 139 124 112 94 65 54 61 62 67 71 74 74 82 87 90 90 90 92 92 86 84 85 80 85 75 75 85 82 84 85 79 75 80 81 83 81 84 86 83 89 88 97 98 92 93 93 87 84 83 79 90 77 82 83 84 82 82 77 75 82 90 92
84 66 79 120 118 116 114 109 109 109 110 105 105 112 110 108 116 112 96 101 108 109 118 126 100 79 69 85 113 107 119 112 75 83 86 89 93 96 94 109 159 170 161 163 166 132 137 156 152 97 138 218 204 194 199 201 189 165 164 169 175 176 168 159 150 139 125 111 97 67 57 61 57 63 65 72 73 75 81 88 89 89 92 91 89 86 83 85 78 85 74 75 85 82 84 83 78 80 80 81 87 85 85 85 86 88 88 98 102 90 91 93 91 83 83 81 90 80 81 85 82 87 88 80 77 82 93 89
84 65 80 121 119 114 115 108 106 112 112 107 107 111 111 108 114 113 98 101 110 114 116 130 106 80 70 83 114 111 133 133 96 91 91 88 82 87 93 106 147 173 156 163 172 139 135 164 152 149 146 162 179 195 199 204 210 223 223 204 201 189 167 148 131 112 100 96 99 87 54 65 60 64 62 76 73 76 82 87 89 93 93 93 92 85 81 83 77 85 73 74 84 85 83 85 78 79 82 82 85 86 84 86 86 86 88 98 99 92 93 90 91 85 82 83 92 86 83 84 82 89 96 87 80 83 97 88
85 65 78 117 120 115 118 109 107 115 112 107 105 107 116 112 118 116 98 106 112 123 119 132 108 81 72 81 112 116 141 154 120 96 93 81 83 87 87 100 129 169 152 164 182 142 132 159 167 147 131 68 85 124 153 175 194 197 177 155 159 145 122 109 99 96 100 104 109 100 53 52 55 58 60 75 71 75 82 88 89 92 94 92 91 85 79 84 79 85 72 74 85 87 86 84 77 79 86 86 85 84 84 88 85 87 90 100 102 93 94 90 94 88 82 83 92 92 85 82 83 89 97 100 90 82 93 86
84 64 76 110 118 120 121 115 111 112 113 107 108 108 114 108 115 116 98 105 109 117 117 120 103 80 74 81 116 118 133 142 126 99 89 85 86 87 87 99 103 145 148 150 181 145 125 123 163 158 143 81 71 78 88 91 92 98 99 102 97 95 96 98 104 109 111 113 114 99 51 47 51 62 65 73 68 76 82 88 88 90 91 91 89 84 79 84 81 86 71 73 83 86 83 84 79 77 83 86 87 86 84 86 86 89 90 100 103 93 99 91 93 89 83 82 89 99 83 81 81 84 92 112 90 74 91 86
85 67 76 108 116 117 116 110 111 110 111 104 110 114 111 110 113 111 99 103 106 107 114 119 105 80 72 79 116 120 124 126 123 103 87 90 87 87 89 97 93 121 144 137 165 151 128 124 140 184 175 113 89 82 86 106 86 74 73 93 117 122 122 122 122 122 123 122 122 93 40 54 61 81 69 69 59 71 78 86 84 84 86 89 89 82 79 84 82 88 73 76 84 84 84 89 83 74 80 85 89 86 83 86 87 92 91 98 103 90 93 94 91 90 85 83 88 99 83 80 81 84 90 100 86 76 95 86
93 74 77 110 117 117 114 107 111 112 113 107 108 110 108 112 121 115 100 105 106 107 117 127 111 79 70 77 108 112 119 125 121 100 91 94 87 88 87 90 96 111 127 143 150 163 138 128 121 177 208 138 101 103 90 96 108 89 84 84 117 140 142 138 135 132 131 133 128 97 54 58 94 104 101 97 95 106 111 113 111 107 104 94 86 78 76 83 81 85 70 78 85 88 86 87 85 80 79 80 85 86 87 90 87 90 91 99 104 90 94 93 93 87 85 85 89 100 84 81 83 85 87 98 82 84 91 83
95 73 77 114 119 115 116 110 106 111 112 108 106 107 112 110 120 114 97 100 105 112 123 135 115 79 71 75 107 111 118 123 122 102 91 95 91 90 86 88 96 116 137 151 132 135 150 139 113 133 205 169 94 96 102 100 103 105 93 88 97 131 147 142 137 137 137 141 134 96 78 47 77 96 114 138 138 142 144 145 146 145 142 136 122 98 78 79 80 81 71 78 83 86 85 87 85 83 84 82 84 85 87 87 83 90 90 99 106 90 95 98 93 89 88 86 92 100 82 81 85 88 86 92 76 85 86 81
95 72 79 116 120 114 117 115 106 112 112 109 107 110 112 108 113 109 95 99 107 108 119 121 108 78 69 78 107 110 117 122 120 107 93 94 91 89 91 95 110 123 112 107 114 115 115 127 125 118 146 176 123 97 101 109 107 103 102 94 91 112 137 143 137 138 143 149 142 99 93 70 74 95 95 118 147 150 155 158 163 164 163 162 159 153 135 101 72 75 70 75 81 84 85 89 86 85 85 82 85 86 87 88 84 90 90 99 109 93 93 93 91 90 92 86 90 96 81 81 82 90 101 90 74 76 82 77
99 72 76 108 115 112 115 114 108 110 112 113 106 107 106 107 108 114 98 97 108 109 120 120 106 78 69 76 106 115 116 118 120 107 92 88 96 107 108 104 105 105 102 99 103 98 96 99 112 117 121 130 144 132 117 120 118 113 110 109 103 107 128 142 145 141 148 161 162 108 101 104 77 78 103 100 120 159 159 167 169 171 174 175 175 170 164 152 117 71 63 72 76 84 82 85 82 83 87 87 92 89 84 87 84 90 90 99 109 95 95 95 89 89 93 88 85 92 80 82 84 93 110 100 104 92 78 76
105 71 74 107 113 111 112 109 108 111 114 110 107 106 106 106 110 115 97 95 106 109 121 122 109 77 67 73 104 117 115 114 119 107 95 115 134 129 126 130 153 180 182 175 163 141 113 97 99 113 118 123 130 138 137 134 126 123 119 117 114 110 122 136 145 146 145 160 175 132 104 116 89 59 108 107 104 123 164 165 174 174 174 179 181 181 175 164 151 129 70 67 75 81 79 85 81 81 86 87 91 88 85 86 88 90 93 95 109 93 92 92 89 90 91 87 90 89 81 84 88 88 95 97 81 78 77 76
107 71 72 109 112 108 111 110 111 112 110 110 109 109 106 106 110 112 95 97 109 107 113 121 114 76 66 74 107 113 113 112 113 109 139 163 161 171 179 210 241 243 232 228 221 200 175 152 103 96 105 110 125 137 142 144 141 139 133 129 125 119 102 106 132 138 140 146 158 152 126 125 111 66 108 115 110 107 130 171 175 184 174 175 180 181 179 169 162 158 95 58 77 79 80 83 84 87 88 83 89 91 91 90 88 91 94 98 112 93 93 92 88 93 90 87 96 78 80 82 85 87 88 100 77 78 76 78
107 74 73 110 114 110 111 108 107 112 108 108 106 112 106 109 109 110 96 102 111 110 115 119 112 77 67 75 106 107 114 118 115 154 184 176 200 220 246 255 255 249 241 237 238 213 204 178 145 137 102 93 91 100 106 124 135 130 131 133 134 133 122 85 82 123 135 135 139 145 144 134 117 122 117 121 117 115 110 142 179 179 191 170 176 181 182 172 174 162 132 64 76 78 78 80 80 85 89 95 89 90 92 95 94 89 92 99 112 94 94 94 88 95 92 86 97 81 78 80 81 88 98 96 74 74 83 92
109 75 74 114 120 108 110 115 111 112 111 115 107 110 104 108 105 109 102 98 111 114 115 123 113 80 69 76 105 110 117 118 153 197 204 187 222 248 255 254 253 254 249 242 231 216 205 166 168 167 124 95 87 87 93 93 116 132 129 132 132 128 129 126 97 72 97 124 132 135 120 79 73 121 135 129 123 122 119 115 155 177 186 188 162 176 179 174 183 168 156 87 68 77 77 82 78 82 91 107 91 92 92 94 96 89 92 101 112 94 92 90 86 91 92 84 98 88 77 84 81 88 99 88 76 75 90 113
110 73 73 117 128 112 108 112 107 105 110 111 103 109 104 115 108 108 103 96 109 114 112 119 116 79 70 78 106 109 113 138 181 195 192 194 229 251 254 255 252 249 244 232 218 202 164 139 125 118 105 88 99 87 87 96 93 113 133 138 143 137 134 134 128 112 86 74 88 76 72 96 126 140 141 136 132 129 126 124 122 170 171 199 176 160 169 170 186 183 161 116 61 73 79 85 76 82 94 100 87 90 95 94 93 91 93 101 113 93 91 94 87 89 92 82 100 84 78 82 79 87 91 83 80 78 90 108
109 72 69 117 125 108 109 109 106 110 116 114 106 110 102 112 109 108 95 100 107 114 113 123 118 77 70 79 106 106 115 161 178 179 209 225 245 252 254 254 255 250 237 200 173 155 161 164 152 126 127 109 107 110 85 92 96 97 113 129 132 141 142 138 139 135 122 115 97 103 132 137 141 146 146 143 140 136 134 131 126 146 176 178 201 163 158 163 186 181 166 140 69 67 79 92 77 84 99 102 85 92 95 92 92 88 92 100 114 94 93 94 88 85 90 81 85 77 79 80 83 89 90 82 80 78 91 107
107 68 63 117 134 114 112 112 110 114 114 113 116 108 99 103 107 106 96 105 104 111 110 117 119 77 70 78 106 104 125 176 172 163 233 250 244 254 254 254 254 253 244 221 219 197 202 210 216 184 147 133 119 104 102 93 101 94 96 112 128 131 139 144 138 140 139 127 100 106 102 136 144 151 153 152 148 144 144 141 136 134 179 164 191 195 156 152 171 181 170 155 88 62 73 93 88 79 98 103 87 92 97 96 92 86 92 99 114 95 88 91 90 86 86 87 80 76 80 80 86 85 90 82 80 79 89 96
102 67 64 101 126 115 112 117 116 117 112 107 106 113 99 102 108 114 102 104 106 106 118 127 118 79 73 80 102 106 140 168 160 167 244 254 239 248 254 254 251 247 246 248 251 233 213 214 223 223 177 136 122 105 89 104 108 104 96 96 106 132 126 132 147 144 134 139 133 122 91 133 143 152 156 156 153 151 148 146 144 139 177 169 173 210 176 143 156 180 172 161 112 54 68 85 93 82 97 92 90 94 98 96 91 89 92 97 110 91 85 86 88 87 85 92 90 80 80 80 88 84 84 83 82 83 86 88
102 70 63 84 120 118 113 113 119 124 120 112 103 114 102 100 108 114 101 103 112 111 127 134 118 80 73 81 103 119 145 147 141 163 221 247 251 239 250 254 253 253 252 245 247 248 242 215 209 215 207 166 116 121 102 100 119 118 109 101 96 110 137 125 131 148 147 130 147 142 125 131 140 148 157 158 154 155 152 150 148 144 183 173 172 188 193 146 148 173 173 162 132 60 66 79 81 85 89 85 93 94 93 89 92 89 92 97 101 93 81 87 90 88 82 87 86 80 83 83 85 85 87 85 84 82 83 83
95 71 61 95 139 114 109 112 110 115 118 117 119 110 105 106 107 114 100 98 109 115 126 141 124 80 70 84 103 119 139 139 145 170 238 250 254 251 252 255 255 254 254 247 246 240 249 237 211 202 199 182 134 131 126 117 120 125 121 113 108 115 115 140 130 133 151 150 142 154 149 128 127 141 154 156 163 165 157 154 152 158 183 176 174 182 187 161 142 163 171 163 146 74 59 74 77 85 92 88 91 93 98 96 89 90 94 98 101 93 85 87 91 89 85 85 84 78 82 83 84 89 87 83 84 82 79 82
95 74 63 85 107 109 104 104 113 121 119 118 114 106 100 106 107 117 105 97 106 117 133 140 136 78 61 82 105 112 125 150 155 178 252 255 254 254 255 255 255 254 254 250 250 236 239 237 239 217 188 172 158 139 141 145 138 137 125 128 123 138 126 123 144 133 140 152 148 148 166 158 150 151 158 160 185 180 170 168 176 184 173 169 183 186 183 172 145 154 168 164 154 93 54 71 75 85 93 93 92 94 94 100 91 89 93 101 109 89 83 87 92 91 95 82 80 80 83 81 85 87 86 82 77 80 83 82
103 76 66 77 110 114 102 101 119 122 120 118 114 105 97 95 103 112 108 97 109 110 125 129 139 75 55 78 104 107 119 153 156 177 255 255 255 255 255 255 255 254 254 251 251 240 239 225 231 232 212 175 173 157 158 158 150 153 139 131 139 147 151 126 133 137 135 142 152 153 161 172 172 179 196 201 198 183 174 188 184 193 177 179 190 191 186 177 153 144 164 166 159 113 53 68 72 83 93 92 90 94 91 92 88 91 91 99 111 87 81 85 92 92 91 83 81 81 84 84 83 85 86 83 78 84 84 80
108 78 67 97 142 129 112 106 128 124 118 108 121 103 97 98 107 107 104 92 102 101 104 112 118 77 67 83 104 107 127 180 161 170 255 255 254 254 255 255 255 254 253 252 251 243 242 233 228 217 218 202 187 163 162 162 173 192 160 135 133 144 161 153 123 139 136 134 142 154 160 164 167 168 184 193 194 184 174 207 209 212 193 191 196 196 188 178 165 139 157 163 159 130 57 62 69 85 92 93 95 92 94 93 90 89 91 98 109 85 86 89 91 90 85 86 83 81 85 87 83 86 84 83 81 82 85 83
113 81 69 99 145 125 114 109 122 120 122 113 118 104 99 101 112 108 104 91 96 97 104 112 115 82 69 80 102 105 156 194 143 167 253 255 255 255 255 255 255 255 253 252 251 246 243 232 231 219 209 199 192 172 155 168 188 227 204 145 125 129 148 164 135 134 142 138 135 142 153 163 170 164 176 188 185 196 192 211 212 212 206 191 199 199 192 183 169 147 148 157 160 140 68 58 68 82 89 94 95 89 91 91 91 89 89 99 109 90 86 89 93 89 84 84 81 81 82 85 80 87 82 80 79 80 84 83
122 86 67 96 135 113 113 126 120 112 115 115 113 109 106 100 113 107 109 94 99 102 111 117 121 83 71 80 101 110 158 178 149 152 252 255 255 255 255 255 255 255 254 253 249 247 245 233 230 212 207 199 191 177 152 173 203 190 177 163 148 131 151 160 153 136 154 142 144 137 140 152 175 175 171 188 212 210 203 188 214 204 207 200 204 202 195 187 173 158 141 150 159 148 83 55 67 79 89 93 88 87 91 90 85 91 91 100 106 95 87 86 89 91 86 85 81 78 82 82 81 84 83 81 78 79 85 82
125 90 69 94 133 118 110 124 121 121 122 119 118 105 110 105 110 105 110 99 107 115 124 128 122 80 70 78 102 116 140 144 148 136 243 255 255 255 255 255 255 255 253 253 250 249 243 234 224 210 210 203 200 183 150 183 166 176 204 175 179 172 200 196 195 162 171 161 134 158 149 148 149 175 176 180 210 221 205 181 208 206 207 211 205 207 201 190 181 166 144 142 154 150 97 52 66 78 86 90 91 88 92 91 86 91 92 102 105 95 89 85 89 90 92 83 82 78 84 79 79 88 81 82 81 80 86 81
125 89 69 90 133 125 117 119 123 123 121 119 123 103 110 105 108 107 110 103 107 114 113 125 131 81 68 79 103 113 125 127 120 131 233 255 255 255 255 255 255 255 254 253 250 251 240 230 219 214 215 207 202 184 154 160 194 221 235 209 204 211 229 236 235 211 182 186 140 151 161 159 155 158 179 181 196 214 202 198 208 208 205 215 209 208 204 196 184 171 150 139 151 151 108 52 65 77 79 88 92 89 87 90 86 89 91 98 105 93 86 86 88 85 87 81 79 80 88 80 80 92 83 81 81 78 82 81
123 88 70 85 129 127 118 115 120 119 117 115 120 113 115 105 107 112 110 104 108 109 115 121 131 84 70 80 102 111 113 118 118 136 223 255 255 255 255 255 255 254 254 253 251 250 243 241 228 222 217 208 193 188 156 185 219 235 243 236 229 230 241 241 238 235 202 194 164 144 153 161 164 166 170 183 193 212 210 193 201 213 209 214 216 204 200 198 185 173 158 139 147 148 116 53 59 75 81 86 94 87 88 92 84 89 90 90 101 89 83 87 93 83 82 78 76 78 85 82 78 88 88 83 81 78 83 84
119 90 70 82 124 123 117 115 121 119 113 112 115 121 116 104 112 120 113 102 105 111 123 124 125 84 70 77 101 113 110 114 117 141 197 255 255 255 255 255 255 255 254 254 252 251 244 241 231 223 208 201 195 195 156 183 222 240 249 252 252 251 246 244 241 238 216 195 160 162 147 155 163 171 171 180 187 213 215 202 180 209 207 212 218 200 202 193 186 177 161 138 139 147 121 53 54 71 83 86 88 86 84 85 92 91 88 86 98 87 84 87 94 87 82 78 74 77 82 80 76 84 86 87 81 78 80 82
118 90 72 85 123 120 120 115 110 119 107 106 110 112 102 102 113 123 115 103 104 116 124 122 125 86 69 75 98 109 112 123 114 150 175 250 255 255 255 255 255 255 255 254 253 250 247 240 232 226 213 208 201 197 153 177 224 240 249 253 253 252 246 244 240 239 224 204 166 173 161 150 164 171 178 181 184 209 213 196 180 202 203 206 216 199 203 193 187 178 161 139 133 144 124 56 51 71 80 81 85 85 83 80 90 92 90 86 93 88 83 85 87 91 79 78 75 78 82 76 75 81 81 86 82 79 79 78
119 97 75 85 125 123 122 117 111 124 109 101 108 109 104 102 117 125 116 107 107 107 116 120 122 88 70 73 95 107 111 121 114 152 148 221 255 255 255 255 255 255 255 254 254 251 250 240 232 225 216 212 200 197 165 178 223 237 247 253 253 249 246 248 236 228 214 206 192 170 183 168 165 175 178 180 186 203 212 194 199 202 197 198 211 196 201 192 185 177 162 139 131 141 128 61 49 70 80 80 87 89 83 82 87 89 88 76 80 83 86 87 86 92 77 75 76 76 81 82 74 76 80 85 81 75 82 79
148 121 73 83 122 119 114 117 117 127 113 108 113 112 108 117 121 125 117 106 109 104 114 121 120 91 70 72 97 109 112 112 112 134 137 179 255 255 255 255 255 255 254 254 255 250 250 239 234 223 218 213 202 197 172 154 212 227 241 247 249 244 243 237 228 219 208 206 199 191 182 175 174 177 179 183 183 200 217 196 189 197 193 195 202 190 194 187 181 170 154 133 132 141 132 66 47 67 78 77 84 91 81 80 86 88 87 69 73 85 89 88 85 86 80 76 75 76 85 85 73 75 84 84 79 73 79 81
143 127 73 79 118 118 109 109 113 118 116 117 116 107 112 118 118 121 117 108 113 117 117 118 131 94 69 71 95 105 109 112 112 120 125 131 244 255 255 255 255 255 254 254 254 250 250 239 236 220 219 208 202 193 179 132 181 208 228 231 239 232 232 220 222 208 201 193 185 177 173 172 174 177 179 181 184 202 216 200 177 184 187 187 193 186 189 182 169 161 144 128 135 142 136 74 45 66 77 75 81 82 83 78 88 90 89 72 82 86 87 82 80 77 78 77 76 74 83 80 75 77 88 89 78 75 78 79
130 116 73 77 113 114 113 106 105 114 111 115 109 101 118 119 106 108 112 115 112 117 120 115 132 95 69 71 96 103 111 113 110 112 102 113 210 255 255 255 255 255 255 254 254 251 249 241 237 223 220 210 206 193 184 129 150 182 201 206 219 215 222 210 213 192 192 181 179 171 173 173 175 176 182 179 185 202 205 184 169 178 179 186 185 185 181 175 162 151 130 128 138 145 140 82 45 67 78 77 80 77 82 79 95 88 88 88 77 68 83 79 76 79 77 76 79 73 83 76 76 81 92 81 78 75 80 79
130 113 68 76 115 111 117 113 111 116 112 128 112 107 120 126 108 103 112 115 116 118 115 124 134 92 69 74 97 104 112 111 116 112 101 99 160 255 255 255 255 255 255 255 254 253 250 243 238 226 218 210 207 194 187 141 134 172 181 195 196 200 199 192 191 177 178 175 174 174 173 175 174 175 179 178 183 187 189 172 177 180 182 189 180 180 176 167 156 135 123 132 142 149 145 91 47 68 77 74 75 73 74 72 89 86 84 97 80 68 74 75 76 81 80 80 76 74 88 80 78 79 82 76 73 73 81 80
128 109 71 74 113 113 121 120 119 121 117 121 111 97 91 118 116 105 113 115 124 133 123 122 133 87 69 74 95 105 113 111 115 111 104 98 118 240 255 255 255 255 255 255 255 253 249 246 239 232 221 214 206 199 189 163 140 164 163 171 160 168 163 173 170 178 176 182 176 179 178 176 179 178 177 176 184 196 186 173 186 191 190 186 180 173 169 159 140 120 130 138 147 152 148 102 49 70 75 71 70 71 69 67 79 83 76 98 99 80 71 73 73 80 83 78 76 74 85 81 76 76 80 77 73 76 82 81
125 110 77 77 108 118 128 127 118 128 126 126 129 108 100 112 118 117 116 119 129 132 128 117 134 90 70 71 94 109 114 110 114 114 107 103 98 199 255 255 255 255 255 255 254 254 251 249 238 235 225 216 203 195 184 165 120 124 141 146 158 167 172 178 179 189 185 189 186 183 184 181 181 180 177 180 195 197 184 171 193 193 187 182 176 172 163 148 121 120 136 142 148 153 147 113 52 73 73 84 102 110 122 123 119 111 115 79 91 77 67 77 76 77 82 73 75 74 77 76 74 76 80 74 78 79 81 84
126 116 79 78 109 127 129 129 119 128 127 120 135 137 107 124 120 121 116 115 124 131 131 130 140 94 70 72 92 112 118 111 113 117 112 106 98 145 255 255 255 255 255 255 254 254 250 250 241 237 224 221 207 193 185 168 138 151 169 175 189 183 194 185 195 188 194 192 193 186 189 185 183 185 183 182 195 185 182 195 197 193 187 179 174 166 154 125 117 127 139 143 147 148 141 116 55 79 119 161 183 157 139 129 110 91 86 60 72 78 75 79 77 73 76 74 73 75 75 73 78 81 79 72 80 84 82 83
127 115 81 80 116 131 127 133 127 130 126 126 132 149 132 121 117 123 121 118 120 122 140 132 136 95 70 70 90 108 115 110 112 120 118 109 107 106 231 255 255 254 255 255 254 254 251 249 243 240 234 226 209 197 185 170 140 152 176 192 198 200 200 196 200 199 201 200 195 193 188 188 186 186 187 186 192 187 200 198 194 188 182 173 169 158 133 107 119 131 137 143 145 145 138 120 109 162 193 189 148 107 124 160 156 103 81 64 64 71 88 85 75 74 77 81 77 75 76 79 82 83 79 76 78 83 81 77
133 116 86 80 117 126 127 139 129 132 131 140 142 134 115 118 119 121 126 118 118 121 145 139 133 95 70 69 88 107 121 113 124 129 122 112 116 97 184 255 254 255 255 255 255 254 253 250 249 241 237 234 226 210 184 162 134 122 140 165 181 196 199 207 199 206 201 206 199 201 193 190 188 185 189 202 189 190 194 195 191 184 178 172 162 141 106 112 122 133 135 143 143 140 132 139 169 187 173 139 141 176 189 184 163 128 107 73 55 69 83 84 78 71 85 77 76 73 73 79 78 83 82 81 77 82 79 77
140 118 85 79 116 118 125 144 129 130 134 144 141 124 116 117 120 118 127 117 115 129 141 145 142 96 70 68 87 109 123 116 122 127 126 113 114 103 135 250 255 255 254 255 255 254 254 252 253 250 251 232 206 191 183 161 138 127 134 131 149 161 181 194 200 204 206 205 204 200 199 191 189 189 190 185 181 185 186 183 180 179 175 164 148 111 98 116 124 131 134 138 141 139 147 159 165 160 156 170 188 192 172 127 74 70 87 82 49 64 79 75 73 71 83 81 74 72 79 74 71 81 87 81 76 82 78 77
145 124 87 78 110 114 127 142 132 129 135 144 138 120 113 113 124 120 128 124 117 124 135 142 147 98 69 65 85 110 115 115 121 128 126 119 113 108 104 213 255 254 255 255 255 255 255 254 255 246 230 221 228 221 203 178 154 159 155 158 155 151 169 174 195 199 207 204 207 200 196 192 187 187 187 183 182 183 181 178 182 178 168 154 123 90 104 116 125 132 138 136 138 146 155 162 167 166 169 173 171 135 90 78 97 122 130 77 51 63 74 66 69 70 73 75 74 75 83 74 73 80 87 76 79 86 78 77
142 128 88 78 106 117 129 145 137 133 138 142 138 121 115 116 124 130 132 126 117 127 137 141 147 99 70 65 82 112 116 115 125 127 125 119 112 111 107 162 255 255 255 255 255 255 255 253 251 244 244 240 227 225 207 194 198 183 188 192 176 178 170 173 179 188 196 199 200 196 191 189 186 185 184 185 186 183 178 180 179 171 159 138 87 89 106 116 126 132 135 130 143 154 161 168 180 179 172 173 162 145 151 167 171 163 155 106 62 62 57 61 63 66 72 74 77 74 81 75 75 77 82 79 74 78 79 79
138 128 88 77 105 117 125 144 145 138 133 139 135 126 123 121 125 137 134 123 124 135 135 139 143 98 68 63 77 111 114 120 126 123 127 121 120 121 109 141 255 255 254 255 254 255 255 254 251 250 238 241 242 220 214 226 188 204 215 192 190 206 196 194 184 185 189 193 186 183 183 180 179 177 178 182 180 177 178 178 171 159 144 106 72 91 106 115 128 129 126 141 151 158 168 175 178 175 174 171 172 173 168 154 137 104 83 84 62 54 54 60 63 64 67 68 72 69 80 78 74 74 79 80 74 73 80 81
145 134 90 77 107 119 119 135 146 143 131 139 132 128 126 132 131 137 138 131 127 134 136 140 148 98 67 61 77 110 113 127 126 120 125 127 135 127 113 163 255 255 255 254 254 255 254 253 251 250 253 241 220 233 237 187 205 227 195 206 197 221 199 199 198 189 194 189 192 193 186 188 193 205 195 177 167 165 171 170 160 145 128 80 72 91 105 117 120 120 137 149 157 167 172 172 171 169 173 176 170 153 123 82 59 54 57 64 58 58 59 59 62 66 76 69 67 66 80 79 76 74 75 76 73 74 78 78
143 132 92 73 102 116 111 124 143 148 140 143 132 125 127 147 138 135 148 132 128 130 141 149 154 99 69 64 77 112 118 126 123 109 120 131 146 126 128 242 255 255 254 254 254 255 254 252 254 251 233 226 245 244 190 206 234 201 203 205 210 226 193 206 197 194 201 187 188 197 184 191 194 200 223 197 191 130 122 126 122 121 106 81 80 89 99 109 121 133 143 151 158 162 168 171 170 171 171 169 165 147 120 113 111 109 82 61 61 58 60 62 62 64 68 74 71 67 75 78 75 75 79 73 74 75 78 78
144 135 91 70 103 121 115 128 139 145 146 143 132 131 141 152 138 137 152 134 129 126 145 149 149 98 69 65 81 117 111 122 117 102 125 153 143 128 112 152 165 207 255 254 254 254 254 254 249 236 238 251 249 195 205 236 217 191 220 202 223 204 200 207 199 200 205 187 190 199 186 191 194 196 211 214 202 158 100 107 107 108 104 106 102 101 102 107 127 139 146 150 154 160 164 170 171 169 169 164 166 156 138 136 120 106 83 60 57 58 62 67 65 63 66 71 71 69 71 73 76 76 81 73 74 77 77 79
143 136 89 68 104 124 124 142 144 142 143 139 133 133 138 146 138 134 146 135 128 126 145 147 145 101 69 65 87 124 110 119 117 114 120 145 141 118 111 150 128 150 222 255 254 255 255 252 247 246 253 252 205 205 237 232 186 215 212 209 223 192 207 206 198 206 197 195 194 203 187 196 195 197 207 222 198 184 107 115 115 115 114 115 115 117 116 115 119 131 142 152 163 167 170 178 177 169 167 160 151 131 105 77 62 73 75 64 59 56 61 65 67 67 66 69 69 73 71 78 78 75 81 71 72 78 76 80
141 135 86 70 103 120 130 145 138 127 137 130 132 139 135 134 135 130 142 133 123 125 146 148 147 104 69 63 77 111 110 119 122 125 117 115 132 134 140 157 142 142 135 228 255 254 254 252 250 254 253 207 203 236 243 192 204 217 207 220 205 200 208 200 199 206 191 198 197 197 193 195 194 197 206 218 199 187 113 121 123 123 123 126 126 129 134 136 138 137 137 154 172 177 179 179 173 164 147 125 98 66 48 46 55 74 77 67 62 60 62 64 64 65 63 67 73 71 73 81 74 80 77 69 74 79 79 79
139 138 95 73 99 119 127 138 121 109 129 120 134 142 135 131 129 128 140 131 125 126 141 146 153 108 70 67 82 93 108 124 130 117 99 102 124 135 140 146 152 140 128 116 236 255 252 250 252 254 211 197 232 243 199 191 210 208 209 210 190 201 198 196 199 192 196 194 196 191 193 192 191 191 207 202 201 162 116 126 127 126 129 131 132 136 140 144 148 149 144 154 166 171 169 157 140 126 98 69 53 51 54 53 61 80 79 72 67 64 65 64 65 65 68 67 70 69 79 80 75 82 74 70 74 76 77 72
139 138 100 75 96 119 124 127 115 112 112 109 132 143 141 140 131 132 141 130 121 124 142 148 153 109 71 69 85 93 106 128 146 140 104 113 132 131 156 121 98 130 90 57 100 197 242 239 246 214 179 214 242 195 170 193 192 192 194 181 188 188 186 188 188 189 190 186 185 184 181 182 183 183 203 189 190 123 117 123 122 122 124 126 130 133 140 145 145 150 151 151 149 138 128 112 102 105 66 50 57 58 57 56 65 81 83 78 69 67 68 63 68 69 69 70 72 70 81 82 78 76 72 72 71 74 75 77
145 138 100 76 95 117 121 117 113 116 107 108 123 144 144 139 131 133 144 132 124 128 141 140 149 108 70 66 83 102 110 127 141 163 131 119 144 181 192 102 120 133 59 60 109 189 197 205 188 136 156 219 190 134 151 155 164 171 160 165 172 173 174 178 181 182 177 175 175 175 174 176 173 195 188 186 142 111 118 118 119 120 123 123 126 131 134 135 136 137 134 125 115 106 107 114 123 126 76 55 62 62 59 59 69 82 85 74 71 70 67 68 68 67 66 69 68 69 81 76 80 75 73 79 72 74 77 80
138 135 100 77 95 122 122 115 113 118 114 116 121 141 140 138 135 135 147 132 127 131 139 141 151 106 69 66 82 105 116 125 136 154 129 155 162 135 91 101 140 75 58 66 157 157 88 108 125 74 131 150 88 91 114 133 137 135 147 154 157 163 166 165 167 165 166 168 168 168 169 166 186 184 171 152 108 112 112 109 109 109 106 103 100 98 97 99 100 105 104 110 118 127 136 140 140 135 81 56 64 66 67 61 72 81 85 74 71 69 65 71 68 65 66 67 70 71 72 79 75 78 78 81 73 77 80 81
135 134 100 79 94 121 119 117 118 124 124 118 119 137 140 138 137 134 142 133 130 132 142 148 149 109 70 66 82 104 114 122 131 134 134 205 178 190 103 138 135 59 58 117 211 135 114 115 109 84 78 76 54 91 77 51 94 97 70 81 93 103 109 116 121 125 128 130 131 131 137 148 150 135 118 75 72 69 71 85 66 57 68 65 64 65 74 92 102 122 127 139 145 152 154 156 151 141 83 57 66 69 72 65 75 81 86 76 72 72 67 73 70 71 69 71 75 68 69 79 75 82 80 76 74 78 81 80
136 132 99 77 93 120 114 122 122 135 130 123 118 134 139 135 137 132 138 133 123 128 141 150 145 109 72 66 90 111 112 127 119 130 142 147 121 122 111 160 89 64 68 169 179 168 171 167 87 88 85 109 73 77 103 79 157 76 47 46 45 42 42 48 60 54 48 52 57 57 66 60 55 61 46 43 46 46 72 57 53 50 63 67 68 70 88 115 125 145 151 164 164 169 169 168 159 144 81 57 69 70 73 69 77 79 88 77 73 72 71 71 73 71 70 71 77 72 72 79 76 79 86 72 71 76 76 77
135 135 101 79 94 121 115 124 129 140 135 126 119 119 141 138 133 133 143 131 119 122 137 149 149 108 71 63 96 108 110 129 131 210 187 131 143 101 132 111 61 63 113 196 112 95 132 108 92 106 107 147 85 69 110 173 108 51 54 52 52 50 45 49 74 50 48 65 52 69 52 46 53 51 55 54 56 66 65 42 59 50 58 66 69 71 98 128 141 160 166 176 176 181 176 174 164 146 77 57 71 71 72 71 77 81 88 74 74 72 72 70 76 74 74 68 79 77 79 80 82 76 81 90 72 75 73 77
136 139 102 80 93 116 118 127 134 140 139 133 118 114 141 142 133 136 145 132 122 116 133 143 141 105 72 70 97 103 113 130 153 205 165 155 96 114 176 77 61 81 190 217 188 152 154 116 68 98 92 97 85 66 111 195 97 55 57 59 56 49 49 57 70 45 50 69 48 58 51 54 61 48 49 49 52 66 83 57 63 54 63 67 66 72 107 136 154 174 175 183 187 189 187 178 167 145 72 58 72 77 73 73 74 81 88 74 75 75 72 74 77 77 73 68 76 80 82 76 79 78 78 110 86 73 74 76
135 135 101 77 90 116 119 128 138 143 145 138 119 120 137 150 133 130 139 127 123 117 130 141 137 105 74 70 91 110 135 146 150 142 104 157 96 141 106 65 62 125 162 142 161 206 96 111 74 79 92 94 73 75 143 80 63 53 57 51 54 53 50 60 68 44 54 64 57 58 49 56 54 49 43 45 54 62 112 83 64 59 61 71 67 70 111 142 165 187 190 194 196 195 191 181 167 141 67 57 73 84 75 75 74 81 89 73 74 74 71 77 77 80 77 73 75 80 87 78 81 78 80 81 92 76 77 78
137 133 99 75 87 118 122 132 144 150 149 138 123 118 132 146 134 131 141 130 128 126 132 135 138 110 74 71 86 132 151 219 185 68 82 99 119 126 64 59 105 176 117 98 141 144 94 98 85 98 116 76 60 152 178 144 76 50 53 46 50 55 48 69 65 45 57 56 61 55 46 56 56 59 56 54 58 72 94 89 61 58 63 72 69 65 112 145 173 192 198 202 201 198 195 182 168 136 61 57 72 82 75 80 74 79 88 79 78 73 74 76 78 81 77 80 75 81 83 78 83 77 80 79 78 78 81 84
139 132 96 72 85 121 130 136 149 156 154 145 134 120 129 143 125 130 147 136 132 134 133 128 143 117 75 68 97 123 152 189 91 79 133 104 159 103 60 66 162 232 219 188 181 93 97 90 101 73 129 87 92 145 146 200 88 46 51 52 54 52 51 78 63 50 64 49 60 53 49 63 53 52 46 54 64 83 51 91 73 56 61 69 69 63 113 149 179 197 201 204 204 199 194 183 167 129 55 56 71 74 75 82 76 79 88 80 77 77 73 72 75 80 75 81 77 78 84 76 80 75 77 78 77 80 81 84
138 127 93 69 83 119 132 140 153 161 161 150 144 127 120 137 121 129 141 137 133 139 134 126 152 123 74 79 112 143 153 133 142 153 101 119 123 61 60 119 178 140 145 205 119 94 96 145 145 85 95 104 129 80 64 155 89 47 49 52 51 51 58 75 57 49 59 43 50 57 56 68 51 47 46 49 76 66 60 64 71 46 61 68 69 63 108 153 181 201 204 206 207 198 192 182 170 123 54 59 70 69 74 81 77 78 86 82 73 82 75 70 79 81 76 83 79 80 84 73 79 76 75 77 77 79 86 83
142 131 92 63 81 116 129 144 155 162 168 158 149 133 119 132 120 134 138 128 134 140 130 134 154 120 74 112 136 215 187 84 155 157 90 147 95 67 70 172 150 102 116 161 68 101 96 133 108 102 69 163 191 158 132 184 69 53 54 53 45 46 54 69 48 54 54 58 64 53 60 68 48 45 47 57 79 101 81 59 78 44 62 70 69 65 97 158 190 209 214 213 210 203 192 176 165 119 55 60 68 69 70 77 73 79 86 85 73 78 74 76 85 81 78 80 82 82 76 71 79 79 72 74 78 80 94 81
144 137 96 66 82 113 131 145 161 163 166 162 152 136 125 127 122 129 144 131 137 142 131 142 150 117 93 132 152 180 108 54 82 109 117 145 71 60 112 214 226 194 185 123 91 78 119 91 87 80 77 149 128 152 175 151 44 50 49 45 44 46 63 62 44 64 48 76 64 55 60 63 42 43 43 58 75 118 75 62 85 42 61 73 66 64 102 174 209 221 226 227 223 217 206 187 168 133 61 59 64 69 72 77 73 80 88 79 69 76 75 80 91 87 77 74 83 74 77 75 78 76 71 76 82 82 103 77
148 139 98 74 84 109 131 148 161 161 168 167 158 146 140 126 123 125 141 133 137 142 131 143 149 125 136 159 162 157 61 70 120 97 140 100 61 63 149 153 157 155 176 83 97 84 94 93 78 63 108 122 74 80 136 66 51 54 55 46 47 49 74 52 48 80 46 76 60 48 57 54 45 49 46 67 85 64 77 68 61 44 64 74 68 64 89 137 154 168 168 170 173 183 190 188 176 143 62 58 63 68 73 80 77 76 87 70 63 72 75 82 91 85 78 74 76 73 81 75 70 71 70 76 82 83 102 79
145 142 107 75 87 108 128 151 161 163 171 171 159 150 147 127 123 125 141 136 142 147 138 150 151 135 132 196 211 113 104 162 116 112 147 62 61 111 160 109 106 122 124 105 90 83 112 112 67 65 182 159 145 145 99 40 56 59 56 50 45 54 77 50 51 80 43 50 53 51 55 47 52 49 54 74 52 47 57 85 65 43 62 72 70 64 66 81 124 145 146 141 131 119 112 106 105 109 58 59 64 68 72 79 77 77 86 69 63 70 76 84 86 79 81 71 76 75 75 78 70 71 70 78 83 80 99 80
143 141 111 71 84 108 128 153 163 168 168 168 164 150 147 128 126 129 141 133 142 147 141 154 147 126 139 155 128 157 213 121 95 124 91 63 69 148 220 190 163 164 94 90 105 112 73 121 79 120 133 125 136 152 48 52 47 49 50 57 53 70 67 45 51 50 54 60 57 58 54 50 46 45 54 103 61 79 61 89 55 44 62 67 72 66 62 81 133 152 154 152 143 131 119 102 72 53 56 62 67 71 72 78 75 77 84 71 66 68 70 80 89 78 83 79 68 67 72 75 75 78 71 76 79 81 92 79
145 143 118 70 80 112 133 157 164 165 172 166 169 159 155 127 126 132 142 133 143 147 143 154 137 130 177 158 128 135 176 90 110 117 72 59 105 180 143 156 192 137 100 90 138 151 74 83 101 122 75 72 138 89 45 55 49 47 54 55 52 68 46 45 62 47 76 54 55 69 53 52 51 55 58 97 118 66 63 87 51 48 59 62 72 68 62 77 136 157 161 159 150 134 121 106 75 52 58 61 67 72 76 77 75 78 85 75 65 66 82 85 85 75 77 85 69 65 77 77 80 84 76 75 80 83 86 76
145 142 120 75 76 114 134 157 167 165 173 169 171 165 152 132 132 134 144 131 141 140 140 146 129 169 218 115 98 62 139 107 132 116 60 66 143 162 90 106 169 97 86 97 115 125 84 70 127 188 166 168 176 53 53 49 50 54 51 48 71 60 49 62 68 52 70 55 55 55 48 51 54 56 87 103 88 82 66 104 54 50 55 57 72 65 60 81 145 167 170 168 154 139 126 113 79 51 57 61 67 71 75 78 74 77 85 83 65 66 71 83 77 73 69 81 74 64 82 83 79 88 77 77 82 87 86 77
142 142 121 78 75 108 133 155 169 169 169 170 167 162 147 138 141 131 143 137 139 135 140 143 141 140 152 136 62 120 132 117 148 75 66 92 200 199 175 157 178 97 70 104 86 88 98 76 124 106 111 171 136 45 51 52 53 52 54 60 81 57 49 66 49 62 52 51 61 50 45 42 47 62 84 48 48 62 74 96 48 45 76 70 70 67 57 91 150 176 174 168 158 141 126 113 84 56 57 61 68 72 74 78 74 78 85 88 69 79 79 73 70 73 66 79 81 64 83 83 81 91 74 71 81 87 88 77
141 141 122 81 76 105 129 157 168 169 170 171 169 173 153 147 142 131 142 140 140 132 141 153 161 169 112 137 151 152 98 127 118 63 65 121 195 155 173 214 120 102 79 84 93 90 80 92 132 91 82 168 79 53 55 58 49 42 48 60 57 47 51 50 43 51 50 62 62 60 56 55 52 67 78 40 87 61 86 87 45 53 65 55 71 65 76 126 162 180 178 165 152 138 124 112 83 55 58 61 67 70 73 75 75 77 83 90 75 89 82 71 66 70 68 71 84 77 83 82 84 82 73 75 83 89 89 81
142 138 119 84 76 100 123 155 166 169 169 168 169 171 149 151 143 129 140 137 142 137 137 119 170 184 108 179 228 110 95 133 116 58 71 197 158 94 116 183 108 96 95 80 129 91 62 128 168 157 165 132 44 52 52 48 47 47 55 78 49 45 63 42 58 52 59 60 56 59 54 59 59 73 117 107 96 62 90 74 45 55 59 52 69 84 133 160 178 179 172 162 148 134 117 109 78 55 59 61 66 69 72 72 72 75 84 85 81 91 79 75 70 68 71 71 88 89 83 78 83 78 74 78 82 87 89 83
144 139 114 80 76 99 120 153 164 167 166 163 163 163 146 155 144 128 136 138 140 139 131 124 135 152 120 94 139 111 107 131 71 56 85 211 192 160 161 164 84 92 102 111 99 117 84 129 106 116 188 72 52 57 62 52 53 53 62 76 45 49 54 51 77 52 62 65 45 45 47 51 63 69 145 136 52 71 84 67 45 56 49 59 103 145 160 178 183 174 166 159 145 131 112 105 68 55 59 61 67 69 72 71 70 77 84 74 76 86 76 79 74 65 72 73 87 88 80 76 80 76 74 78 82 84 90 87
140 137 111 73 76 98 120 151 162 164 165 167 159 168 151 153 145 130 135 134 134 133 126 140 190 151 71 56 112 114 104 117 65 63 137 210 122 131 179 102 91 101 155 148 81 115 109 102 74 104 154 50 63 69 66 58 49 51 62 62 44 52 44 63 61 49 62 58 45 48 50 53 66 129 87 130 61 71 91 64 48 48 50 97 150 163 171 179 174 168 160 153 140 125 109 94 59 56 61 62 66 69 71 70 67 75 85 78 76 94 79 79 75 69 74 71 80 86 75 78 81 76 80 79 83 82 91 86
135 135 110 72 74 95 122 152 163 163 164 170 161 164 148 139 142 129 137 133 131 134 115 160 177 133 116 55 121 101 117 104 57 64 158 186 103 102 143 83 115 89 120 95 85 90 168 128 124 157 107 45 51 53 51 54 54 48 64 48 44 57 43 67 48 46 67 51 39 46 45 61 76 88 38 88 77 72 107 69 49 56 90 145 168 172 168 165 162 161 151 141 129 116 103 81 56 57 62 65 68 70 71 70 68 74 84 88 89 90 84 76 78 70 74 74 72 81 75 76 83 77 83 84 83 83 89 84
131 132 110 71 68 95 120 147 162 167 165 166 163 162 151 139 142 128 139 134 131 137 130 163 132 112 172 144 151 97 133 87 56 90 203 203 188 173 135 90 83 108 86 90 87 89 145 91 95 166 73 53 58 47 51 53 49 57 64 42 45 48 46 45 50 65 75 43 44 44 46 70 88 82 40 121 73 76 112 59 51 59 118 161 167 160 157 160 158 151 139 124 120 106 97 71 57 59 65 67 69 72 71 69 69 74 86 86 95 77 80 79 77 76 78 78 71 72 79 75 82 77 83 90 82 81 90 82
133 131 111 74 70 96 121 147 159 169 165 167 161 162 161 142 141 132 138 135 136 143 136 194 191 103 149 190 89 105 124 70 57 90 209 117 121 156 106 95 89 97 112 93 71 102 117 90 92 150 49 49 53 47 52 55 52 64 50 42 50 45 56 49 50 68 60 47 54 49 54 76 70 98 123 89 65 83 111 59 47 66 128 154 148 151 155 153 149 144 125 121 108 97 84 62 58 59 67 69 69 74 71 68 70 74 85 85 86 79 75 79 80 82 80 80 79 64 79 77 84 78 79 90 82 80 88 84
137 133 113 78 73 94 122 144 156 166 171 171 161 157 168 149 144 137 137 136 141 140 121 137 163 116 86 145 145 99 142 66 58 121 206 122 117 136 108 97 112 74 108 104 62 155 168 158 182 127 45 51 52 49 53 53 59 69 48 43 58 48 74 52 50 62 48 50 50 48 54 76 90 155 189 96 64 77 103 58 44 81 126 116 134 151 151 145 141 131 119 114 96 88 67 62 59 59 69 70 70 75 73 66 68 75 84 83 82 85 79 80 77 84 84 75 87 73 82 79 82 81 78 86 86 82 87 80
136 134 112 81 73 92 119 144 158 165 172 173 160 154 169 153 146 141 136 140 145 136 144 140 158 76 51 105 107 102 135 62 63 137 209 185 186 159 93 100 96 108 71 119 91 168 90 99 124 89 50 54 56 50 45 53 65 73 46 42 58 50 74 49 48 63 55 49 49 56 54 79 124 65 83 99 72 78 104 54 49 85 72 85 142 151 144 140 130 124 117 97 87 71 63 63 62 62 72 72 72 75 72 67 68 74 83 80 82 87 85 84 77 83 85 75 84 87 86 80 79 82 78 82 87 85 86 78
134 129 112 84 73 87 111 142 155 163 166 172 163 151 170 152 141 134 133 135 132 128 164 217 189 103 100 160 89 97 99 59 62 162 146 93 141 120 98 91 133 146 90 68 130 168 105 100 127 60 54 52 51 49 47 45 70 69 42 44 56 58 65 46 51 64 54 59 57 59 62 94 82 44 53 100 77 82 92 47 56 58 43 98 135 143 141 131 127 126 105 89 73 64 65 65 63 64 70 71 73 76 73 68 68 75 85 90 85 87 90 88 79 82 81 74 80 91 83 79 74 82 76 81 87 87 84 78
128 122 109 84 74 87 105 139 153 161 163 170 167 157 170 155 141 136 132 131 132 128 132 117 137 126 210 104 86 108 114 57 65 195 180 118 148 130 80 115 95 87 83 61 108 149 136 155 135 49 58 61 64 48 50 46 79 56 46 51 53 55 50 51 70 63 49 50 52 50 67 92 107 38 77 86 73 94 92 44 53 49 51 101 134 142 129 125 131 122 94 82 59 66 67 68 65 65 68 70 75 77 73 67 66 76 85 97 96 88 88 86 81 81 80 79 78 90 82 83 77 81 75 85 85 84 81 81
128 120 112 83 77 92 104 134 151 158 163 163 159 157 167 156 145 143 135 134 130 129 144 124 143 99 136 142 82 107 111 57 74 186 198 201 196 98 78 76 91 88 92 66 114 80 73 122 102 48 55 54 54 53 47 48 73 47 42 54 48 66 51 50 72 56 49 42 47 51 78 79 154 109 145 80 78 101 73 46 52 56 51 103 135 137 116 120 130 115 64 57 59 68 71 69 67 67 70 71 73 77 70 63 61 73 85 96 95 82 79 89 86 80 80 88 76 86 77 82 80 78 80 86 84 79 78 81
122 115 114 84 77 95 105 130 149 156 162 166 155 155 166 156 145 142 134 132 123 119 205 212 185 64 63 92 89 99 85 56 88 156 99 133 187 79 102 84 124 104 82 65 164 138 118 160 71 48 49 45 49 54 47 51 77 47 41 52 48 68 49 45 65 53 60 58 55 56 88 70 115 148 132 61 77 104 61 45 52 57 59 102 133 134 102 99 103 72 49 55 61 68 73 73 69 66 66 71 71 76 65 63 63 70 85 94 94 81 76 86 86 80 81 89 80 73 75 82 78 75 80 84 81 76 78 82
119 109 119 86 73 90 105 129 149 155 159 160 152 154 170 153 140 137 130 134 126 119 130 115 133 70 79 131 91 112 100 51 104 205 145 166 150 95 99 81 89 133 90 84 164 159 162 163 50 47 52 50 52 52 49 70 75 52 47 56 51 67 48 51 57 49 49 50 58 63 82 108 91 49 171 85 68 140 64 51 54 56 64 93 134 132 98 80 67 59 55 58 63 69 75 73 69 62 66 72 65 72 69 68 68 72 85 93 92 81 79 84 84 82 82 89 79 67 78 82 72 71 78 83 79 73 76 76
121 109 123 85 73 88 104 123 144 152 157 154 147 145 157 153 137 133 126 136 130 109 128 99 133 107 164 104 94 96 73 52 95 207 221 218 99 90 91 117 78 111 96 99 101 68 93 117 47 46 48 50 52 51 57 80 62 54 53 61 48 52 50 62 62 44 45 47 48 57 94 90 40 56 96 68 70 100 50 51 63 66 52 84 128 132 96 64 67 61 58 59 63 69 75 73 72 67 64 74 65 74 74 74 76 75 83 90 87 76 80 75 82 82 81 81 70 71 86 81 67 68 77 82 78 74 75 79
119 111 119 81 72 93 105 118 142 148 153 151 145 137 142 146 135 129 124 132 130 100 189 186 194 115 169 85 93 87 80 57 99 139 120 179 88 108 137 158 99 71 113 156 132 119 130 104 50 50 50 48 45 55 58 89 53 53 53 49 55 59 50 60 61 43 46 48 53 69 88 143 64 130 94 72 78 95 48 47 75 81 46 77 118 122 90 64 68 62 56 59 66 70 77 74 71 69 65 75 72 78 73 73 81 78 82 89 84 75 77 74 82 83 78 82 71 75 89 77 68 68 74 79 77 76 77 83
110 106 119 80 69 90 95 115 141 143 147 147 142 136 136 140 131 124 124 127 128 106 125 94 128 106 103 96 90 93 91 57 83 173 149 181 83 118 101 101 85 90 75 166 182 175 197 71 49 52 49 46 44 48 59 86 45 54 59 43 68 55 51 66 58 41 42 40 56 84 72 126 171 123 52 80 95 113 48 43 83 89 54 77 111 107 82 64 67 64 58 62 70 72 77 76 72 74 73 76 74 80 75 75 79 76 80 88 85 75 73 78 77 76 78 82 79 77 78 71 75 71 73 78 78 76 77 75
107 105 119 80 70 83 91 115 138 140 145 146 141 132 126 132 125 120 120 127 124 106 116 106 129 128 83 92 85 92 74 51 70 178 227 164 97 91 98 86 96 93 93 112 79 83 127 51 51 54 55 45 48 45 65 78 47 51 66 42 71 52 47 64 52 45 48 41 60 81 108 146 78 163 71 73 98 80 48 50 53 87 55 75 114 108 71 66 69 64 59 64 72 75 79 77 75 75 78 79 74 80 75 75 78 73 79 88 85 75 72 74 73 76 79 81 81 79 70 68 70 69 76 79 77 77 78 84
104 107 120 78 73 79 96 113 137 142 144 144 139 123 116 123 122 120 115 125 110 113 156 164 173 149 143 88 70 95 69 55 82 141 160 148 95 82 105 95 88 69 117 124 91 104 118 44 58 63 60 49 44 44 69 64 46 52 67 42 56 47 52 68 48 49 53 49 63 81 124 65 43 74 68 73 102 67 47 52 91 104 54 75 110 91 66 72 71 69 63 68 76 75 77 76 75 76 82 81 77 80 75 77 78 70 79 84 84 73 74 62 64 80 74 73 73 72 62 68 66 71 76 76 76 78 75 88
110 112 116 80 73 81 100 109 135 142 138 138 136 115 110 118 118 116 113 122 113 108 80 86 87 189 145 63 81 96 67 53 81 168 180 143 94 92 103 133 93 64 148 179 177 188 96 43 50 53 50 48 49 43 77 55 44 59 51 47 56 57 56 61 48 45 47 49 59 95 135 46 54 126 77 75 113 56 46 52 111 110 60 78 96 75 67 71 71 67 63 69 75 75 75 78 76 74 84 79 78 80 72 77 76 69 79 79 77 71 73 64 73 88 74 65 66 62 67 71 65 71 72 76 76 78 73 82
119 120 115 81 74 82 101 108 131 136 135 131 128 117 106 113 114 113 113 117 115 82 88 114 109 185 118 66 80 98 62 52 82 153 191 100 108 130 97 109 115 70 123 78 100 141 71 47 55 43 46 51 51 52 76 49 43 66 42 62 66 54 63 62 52 47 47 49 62 87 147 111 121 98 75 77 87 51 44 61 58 83 63 70 92 70 69 71 70 67 67 70 74 72 72 76 76 74 83 81 78 80 73 76 75 67 77 78 70 66 69 69 80 80 70 62 58 71 76 73 71 71 74 76 75 78 74 82
134 117 116 84 71 79 95 107 123 129 133 127 121 121 109 109 112 115 108 112 126 81 99 169 167 156 98 69 79 100 67 49 93 131 113 114 106 178 125 87 115 100 114 92 87 152 56 47 50 46 48 51 45 58 67 46 45 67 43 72 54 51 69 56 53 52 55 52 78 79 127 122 163 73 82 75 101 52 49 70 98 104 70 58 66 62 68 74 72 68 66 74 76 70 67 75 78 74 80 79 77 78 73 73 73 65 75 77 68 61 67 62 73 65 57 62 65 78 74 75 72 71 73 76 76 78 75 83
145 127 120 85 72 79 98 101 111 122 133 129 118 123 117 111 111 114 103 111 114 106 90 93 78 94 103 67 77 89 59 55 85 159 154 103 101 111 88 88 102 151 166 166 191 148 43 47 45 49 51 50 49 64 57 48 55 53 51 74 55 52 63 48 44 44 50 50 89 108 127 44 96 86 77 81 95 50 43 65 126 125 71 58 57 57 65 74 72 66 63 75 73 68 66 72 79 75 78 78 77 76 71 71 69 63 75 78 71 59 65 63 64 63 64 62 70 73 75 75 71 71 73 78 76 79 76 82
142 124 116 83 67 75 102 100 100 118 129 124 115 128 125 116 107 108 101 118 138 99 98 118 121 117 117 64 72 81 58 52 79 158 178 123 92 88 96 105 85 89 83 92 153 114 43 48 49 44 49 51 58 63 52 51 51 41 65 70 45 55 68 47 47 45 49 57 92 85 57 45 73 73 72 88 79 45 45 68 70 75 75 62 64 58 59 70 70 70 67 72 68 67 66 70 76 74 78 78 76 76 70 67 66 63 74 80 74 61 65 66 69 56 63 59 69 74 75 73 72 71 78 76 75 77 76 82
119 103 112 80 66 72 97 98 98 117 124 122 120 125 126 116 106 105 96 111 134 84 89 130 127 150 103 64 72 96 72 46 101 158 95 112 91 123 98 85 74 104 84 78 181 76 48 51 50 44 42 47 57 75 50 52 47 37 68 52 51 56 61 55 56 60 57 64 90 132 73 54 131 70 67 95 64 46 47 84 86 87 69 72 69 63 57 63 66 69 71 68 66 66 69 68 71 71 76 79 77 76 68 66 64 63 73 80 76 59 61 63 65 43 50 59 58 69 68 71 70 70 77 76 73 75 74 79
105 92 109 79 66 74 95 98 100 117 119 124 128 122 127 115 106 108 95 106 99 90 80 103 76 103 103 66 72 93 60 46 89 188 155 120 89 142 116 68 102 181 175 164 178 49 49 49 50 47 47 49 69 74 45 51 59 41 74 55 53 63 49 49 46 58 65 77 80 146 169 149 96 65 75 97 55 45 54 78 129 118 66 78 71 66 58 63 65 62 70 64 67 66 71 65 68 71 77 80 75 76 69 66 65 63 73 81 81 63 60 59 58 55 42 64 65 60 58 71 66 69 77 77 74 76 76 81
91 90 106 78 64 83 95 97 104 117 117 127 134 131 131 112 111 109 94 102 116 97 72 114 176 119 97 69 72 91 55 52 98 177 134 118 110 98 134 79 117 110 116 148 130 46 55 59 58 47 49 46 80 61 47 63 64 50 77 51 59 75 45 44 47 52 46 76 75 148 170 169 52 74 77 90 52 46 58 80 72 77 60 78 75 68 62 64 65 55 53 58 68 66 70 67 69 70 77 78 76 75 69 66 61 59 74 79 80 61 63 60 59 63 53 62 71 72 72 74 70 73 74 75 73 77 75 84
79 95 103 76 61 83 97 98 108 120 119 131 135 139 137 111 119 117 96 99 83 92 85 106 140 97 97 69 73 91 48 48 100 170 96 104 171 123 108 107 123 87 79 146 98 51 62 60 59 48 45 44 84 49 45 71 54 59 67 57 53 64 45 46 52 48 55 86 122 165 49 120 64 77 80 97 45 47 58 73 70 78 64 82 81 75 64 65 66 59 51 52 67 70 71 67 69 71 75 73 74 73 69 69 72 61 73 78 76 61 69 58 59 63 63 62 67 70 75 73 70 73 71 74 74 73 74 76
80 107 102 74 62 80 97 100 110 126 126 130 132 140 140 119 121 124 97 92 115 86 80 104 147 124 131 68 80 88 45 50 124 182 155 156 131 109 94 118 162 159 114 185 65 49 49 48 48 48 46 50 82 41 44 79 48 69 61 48 53 64 44 40 45 43 59 85 99 76 42 71 66 75 83 85 48 51 67 73 122 118 65 89 84 79 68 65 60 59 52 52 67 70 71 67 70 72 75 74 74 72 68 66 70 59 73 80 74 61 62 57 62 60 63 64 57 65 67 65 67 69 71 76 74 71 73 78
92 119 106 74 63 82 104 102 109 127 130 129 127 140 143 127 120 123 95 94 132 106 68 73 168 159 82 73 84 75 44 45 104 141 83 128 113 101 88 107 102 102 112 179 51 56 53 44 46 49 48 62 64 45 47 81 47 65 45 50 64 63 43 44 46 44 67 80 113 86 47 118 64 71 82 72 44 48 56 70 84 81 64 85 85 80 68 64 57 55 53 53 68 72 70 66 72 72 74 74 73 69 65 63 65 61 71 84 79 62 61 57 61 62 64 67 57 56 60 63 64 65 68 73 72 71 73 76
102 125 112 76 61 83 109 104 109 128 133 132 127 137 141 133 120 120 97 93 92 85 76 77 118 124 127 66 89 88 45 45 119 168 111 114 123 103 82 126 102 85 135 145 45 48 51 46 50 51 47 77 57 45 49 68 46 66 44 53 63 58 45 53 51 51 73 86 69 122 150 95 52 71 87 99 47 45 67 86 75 70 64 89 86 78 66 61 59 54 56 57 71 70 68 64 72 72 69 75 72 70 66 65 64 58 69 86 85 64 61 65 63 68 67 67 72 65 53 67 63 65 67 71 71 68 72 76
