117 119 120 124 126 125 123 127 129 126 123 121 122 121 120 120 121 121 121 120 119 115 118 122 125 125 128 126 126 130 132 136 139 142 147 151 154 155 156 156 135 115 100 94 76 105 131 123 123 121 25 13 11 11 11 11 12 39 49 27 11 11 15 16 12 24 91 133 135 132 134 136 134 136 137 136 138 140 141 143 144 144 140 134 133 136 136 136 137 140 142 132 131 140 139 134 133 134 132 135 119 41 10 12 12 12 11 11 11 11 11 11 11 12 12 12 12 13 17 22 30 27 14 11 22 32 20 10
120 119 118 117 121 121 125 128 125 125 123 122 121 119 117 121 122 123 123 119 118 118 119 122 121 125 127 126 129 128 130 132 137 140 145 151 152 151 152 152 153 155 156 156 153 142 136 137 131 127 37 13 12 11 11 11 11 38 47 25 13 12 13 14 14 55 120 134 132 132 133 133 131 131 133 135 135 137 140 142 142 144 141 137 136 136 136 137 137 140 140 127 124 138 142 139 136 135 136 142 126 42 10 12 11 11 11 11 11 11 11 11 11 12 12 12 12 12 15 25 32 34 21 11 17 36 35 15
122 123 124 124 121 121 123 119 125 122 117 119 117 118 118 120 120 123 120 121 120 118 120 122 124 124 121 126 125 129 131 135 138 142 147 148 147 145 146 145 145 145 145 144 144 145 146 144 145 146 54 12 12 12 11 11 11 35 46 16 17 13 12 12 34 95 128 128 128 129 128 129 125 125 128 131 128 128 131 134 137 141 140 136 137 136 135 136 137 136 136 130 129 138 142 140 136 134 139 146 125 40 13 12 12 12 11 11 11 11 12 11 11 12 12 12 12 12 12 21 22 25 25 17 12 19 26 20
125 120 121 124 119 124 125 126 127 123 114 120 120 120 117 121 124 123 122 122 119 117 119 123 123 125 120 125 129 127 130 135 142 144 146 145 143 143 144 143 144 143 142 141 140 137 139 140 142 156 85 14 13 12 11 11 11 32 31 12 17 14 12 27 86 123 129 130 131 132 131 130 127 127 130 132 127 125 130 132 134 137 137 134 135 136 133 134 137 133 134 136 135 137 138 134 131 138 142 145 133 54 14 12 12 12 12 11 11 11 12 11 12 12 12 12 12 12 12 17 21 20 20 21 14 15 23 22
114 123 119 117 121 122 120 121 120 111 117 122 117 115 117 121 123 123 122 117 116 119 121 122 123 124 123 128 129 130 132 134 140 143 142 142 140 141 142 141 141 141 140 141 139 139 137 137 139 150 136 24 13 12 12 11 12 17 14 11 13 13 20 77 127 135 137 139 138 139 136 136 137 134 136 135 132 129 133 137 135 135 137 137 137 138 133 135 139 136 136 134 133 136 139 135 133 142 143 142 139 55 12 12 12 12 12 12 11 12 12 12 12 12 12 12 13 13 13 13 19 21 19 24 23 18 20 22
119 116 122 117 118 114 122 116 117 117 122 118 119 119 118 121 126 124 121 120 119 121 122 122 123 123 124 126 127 131 131 138 139 140 140 141 140 138 137 138 138 141 140 144 144 144 144 138 135 141 155 61 12 13 12 11 12 12 11 12 12 19 70 122 138 136 141 143 141 139 130 133 142 139 136 134 133 129 131 134 135 137 141 140 139 141 140 144 143 142 141 138 138 139 142 141 143 146 144 143 145 71 15 13 13 13 13 12 12 12 12 13 13 13 13 14 15 14 14 15 15 20 21 28 31 21 21 19
119 112 122 121 115 117 119 117 119 118 111 114 122 117 115 120 123 123 121 119 119 124 121 123 124 122 124 126 130 132 133 135 139 140 139 139 136 136 136 137 137 139 143 143 145 145 145 145 135 135 152 135 44 11 12 12 13 12 12 11 19 66 121 137 136 129 135 141 139 134 112 122 140 142 138 136 134 136 134 135 136 138 141 143 144 145 144 148 147 147 147 144 147 145 144 142 143 146 147 146 148 97 23 13 13 15 14 13 13 14 14 14 13 13 12 12 13 14 16 17 15 16 24 33 28 25 26 24
115 117 116 119 120 120 115 120 116 113 119 124 115 115 117 118 124 123 118 118 122 122 120 122 121 121 123 128 131 133 133 134 136 138 136 134 134 133 134 135 137 139 142 142 144 144 141 145 146 141 140 161 94 13 12 12 12 12 10 21 68 117 137 138 137 130 134 141 140 134 107 126 140 143 143 136 136 142 141 141 141 141 142 145 146 146 146 145 144 149 151 150 149 149 147 143 141 145 149 148 150 123 34 18 15 17 17 15 15 12 13 21 36 50 65 73 65 44 27 15 14 15 17 25 26 27 27 30
114 120 118 118 116 116 119 119 118 120 121 116 119 118 116 122 126 122 119 119 119 119 120 118 118 118 123 130 132 135 134 135 136 136 135 136 135 133 134 135 136 140 140 140 140 139 139 140 143 150 147 148 151 45 11 13 12 10 21 71 117 133 136 139 141 137 137 141 143 143 122 138 144 144 140 131 134 141 145 146 145 144 144 146 148 147 147 145 144 148 152 153 153 152 153 149 146 148 152 153 154 144 51 19 19 21 17 13 23 59 103 135 152 159 164 164 163 157 140 109 63 26 14 14 19 22 25 28
113 119 118 120 118 116 118 122 119 118 119 121 123 119 114 123 121 122 119 118 119 119 120 119 118 121 127 132 133 135 135 136 137 136 134 134 134 133 129 132 134 138 135 135 135 134 133 137 139 142 150 153 161 73 11 15 13 25 56 103 125 132 138 137 138 134 129 132 127 136 130 133 140 143 137 133 135 143 149 149 148 149 148 145 149 148 148 151 149 147 148 154 157 154 154 153 151 152 153 155 156 158 85 16 30 30 33 80 136 162 164 159 156 154 153 152 152 156 162 166 162 141 95 50 27 22 22 32
118 115 118 120 120 118 122 120 120 122 122 121 121 114 113 125 126 122 120 119 120 122 124 121 119 120 127 134 134 135 136 137 136 134 133 135 128 126 126 131 136 134 132 132 128 125 131 134 134 137 142 150 156 105 18 19 33 62 80 97 110 124 131 129 127 122 114 114 106 119 131 129 133 141 142 138 138 146 152 151 150 151 151 150 155 158 158 158 157 154 153 153 154 154 153 152 150 151 153 155 154 157 126 66 94 120 146 164 158 149 148 146 146 147 145 147 150 149 150 152 156 162 167 160 144 132 127 142
120 119 121 118 119 121 119 121 125 122 119 115 114 115 118 122 122 120 120 119 119 122 125 120 116 123 130 133 135 136 137 136 134 133 131 126 126 124 121 127 133 132 128 126 124 123 128 132 130 131 136 143 149 154 67 32 58 85 87 91 100 110 115 116 114 109 105 102 103 112 123 129 133 138 141 144 147 152 156 155 156 157 156 156 155 157 158 158 159 159 160 161 161 159 160 160 159 157 155 156 155 155 158 162 165 162 156 150 146 145 143 142 142 142 141 144 142 143 144 146 151 152 156 159 163 163 162 160
119 120 117 113 118 119 119 126 123 121 118 117 122 120 121 120 122 126 121 117 122 123 123 122 119 127 131 134 135 136 136 135 132 132 129 126 125 124 124 128 133 129 125 123 122 123 124 127 127 130 132 138 143 156 134 50 62 96 93 88 92 103 106 106 107 105 106 109 110 112 116 123 134 147 152 152 152 151 150 151 150 150 151 147 148 149 150 150 151 152 152 153 154 153 153 155 156 157 159 157 157 155 155 155 154 151 147 144 140 138 139 138 138 140 135 137 137 138 141 141 146 147 150 153 155 156 157 156
121 120 117 118 121 117 124 124 124 123 117 121 121 121 122 122 123 122 120 119 122 124 123 118 120 128 133 135 137 138 138 136 133 130 131 129 125 121 124 124 125 126 122 118 119 120 121 121 123 127 128 132 138 147 155 93 60 95 96 83 81 95 100 99 101 94 103 118 115 111 121 139 148 147 145 144 144 146 145 145 145 142 142 141 139 141 144 148 151 149 149 150 150 148 148 148 150 150 150 151 150 151 151 145 141 143 144 142 137 134 130 135 135 131 130 133 132 134 135 138 139 142 145 145 148 151 154 153
119 116 117 119 118 117 124 124 124 117 118 124 122 118 119 118 121 125 123 120 118 121 123 118 123 131 135 136 137 137 138 136 134 132 130 127 123 122 125 125 122 120 121 115 119 120 120 116 120 124 126 128 134 139 149 138 73 85 88 82 80 90 95 98 95 85 96 112 114 128 147 148 145 141 138 137 140 142 141 141 142 140 139 141 143 144 150 155 157 156 156 153 158 147 145 143 145 146 146 144 145 141 140 142 143 142 139 140 136 133 135 133 130 127 128 132 131 131 130 131 137 140 141 142 143 145 146 147
117 118 120 120 119 119 122 123 121 119 121 122 122 116 121 121 125 124 121 118 120 125 124 118 126 131 134 136 136 136 132 133 132 131 126 122 118 118 122 122 118 120 115 116 119 120 117 112 117 121 123 128 125 130 141 151 113 86 84 82 87 96 98 101 100 91 94 115 142 149 139 133 132 133 134 134 136 135 136 137 137 138 136 135 142 144 146 144 143 142 137 135 148 155 143 143 144 144 141 142 142 141 138 136 138 141 139 131 126 131 129 129 131 123 126 126 128 125 126 129 132 134 140 140 141 142 142 145
120 121 119 119 119 116 123 124 124 121 118 117 118 118 121 123 128 125 121 119 119 120 120 121 126 131 135 136 136 136 133 131 130 126 126 121 121 122 118 118 118 117 115 116 116 116 115 115 115 115 119 122 120 125 134 145 141 92 83 80 89 99 99 105 108 99 116 141 136 129 123 120 123 129 127 130 132 132 134 134 135 135 135 131 133 132 136 134 134 132 131 130 131 153 145 139 142 138 141 138 138 135 136 137 136 132 128 130 131 130 126 127 130 122 128 127 122 124 124 131 132 131 135 135 135 136 138 138
123 121 121 118 118 120 126 121 121 121 117 113 119 121 125 125 126 127 123 117 115 119 121 123 131 133 134 136 136 136 135 130 129 128 127 121 121 121 120 121 120 114 111 113 115 111 113 115 118 113 114 117 119 122 128 137 149 117 86 87 95 97 94 101 107 121 141 128 114 117 119 115 118 123 126 128 130 132 133 131 132 132 131 127 126 127 135 129 125 124 111 100 121 146 145 140 139 142 137 139 138 136 133 130 130 125 130 129 127 125 124 127 120 127 126 127 126 126 128 129 128 129 134 135 133 134 136 138
121 122 122 121 123 120 126 122 122 116 116 119 121 119 128 129 129 127 124 118 120 119 121 125 127 133 137 135 136 136 133 129 129 128 117 120 121 119 118 119 116 114 114 112 111 108 109 110 114 114 111 114 119 122 124 129 140 141 92 92 97 98 99 98 109 140 122 100 93 101 115 111 115 120 125 127 128 130 130 130 130 130 125 126 125 126 127 120 117 100 66 85 126 142 142 143 143 138 137 139 137 136 133 130 129 128 125 126 125 125 123 128 123 129 124 127 126 127 127 128 128 132 129 130 136 133 135 132
122 125 121 117 119 120 124 125 124 121 116 118 121 122 125 132 132 128 123 116 116 119 119 123 127 134 136 136 137 136 134 130 129 121 122 120 115 118 116 117 115 112 115 111 106 106 107 106 109 111 109 109 116 120 122 123 130 150 117 95 101 104 103 106 128 124 98 67 81 101 112 109 116 120 124 125 129 131 130 133 132 130 125 124 126 127 131 128 101 65 88 116 132 140 134 138 139 137 139 137 133 137 130 129 130 127 126 125 122 125 125 127 122 119 124 125 128 130 131 125 131 128 132 135 134 133 134 133
121 122 118 117 124 123 126 124 123 118 118 115 119 124 129 133 132 130 123 118 118 119 119 123 131 135 136 139 138 136 134 133 130 127 129 125 108 110 115 111 117 113 110 110 106 106 106 101 99 103 107 110 117 121 121 119 124 143 144 106 109 110 111 131 106 98 70 23 39 90 107 109 116 121 124 126 128 129 131 132 130 130 130 132 126 129 136 136 85 87 126 128 136 134 127 137 137 140 137 138 137 133 133 129 124 127 123 121 122 122 128 118 125 129 123 123 128 127 128 130 125 125 130 128 132 130 132 134
121 122 122 120 126 123 126 125 125 120 116 119 118 121 130 131 129 126 123 116 116 117 119 123 130 134 138 137 136 135 141 139 135 131 125 125 114 108 99 108 115 114 112 108 107 106 105 99 97 101 105 106 110 119 121 119 121 133 154 131 119 116 124 99 66 87 48 15 24 80 101 107 115 120 123 126 126 128 127 129 130 133 129 131 129 129 135 130 99 115 128 133 135 126 136 138 138 136 137 138 136 135 131 130 127 125 121 120 123 123 121 120 128 129 130 126 126 129 132 130 126 132 129 130 132 133 129 128
122 122 122 120 125 122 125 124 123 119 117 120 119 121 126 129 128 124 122 116 113 116 119 124 131 137 138 137 135 138 140 136 130 128 119 123 118 108 104 107 113 117 112 110 108 109 104 105 101 103 103 104 109 115 119 118 120 129 143 142 123 124 103 86 84 96 70 44 54 89 99 107 115 119 123 126 124 126 127 127 123 124 127 129 132 131 136 125 109 117 127 134 119 123 136 138 138 137 139 138 135 135 132 130 128 125 120 117 118 125 118 124 120 122 131 130 126 131 126 128 129 128 129 130 124 132 133 133
123 119 123 125 125 126 122 124 123 119 117 120 116 120 126 130 130 128 122 115 113 118 120 123 130 135 138 137 139 139 131 127 128 124 120 118 119 107 100 99 110 115 113 113 111 110 104 105 106 102 100 102 108 110 115 118 116 122 131 147 131 100 88 96 100 95 90 85 88 98 103 107 116 119 119 124 125 127 129 128 129 130 133 123 130 133 134 125 131 130 127 118 115 129 137 139 136 139 136 135 136 134 134 130 127 122 120 119 117 126 122 119 129 127 126 133 131 135 130 130 129 128 126 128 130 124 127 130
122 118 123 123 125 123 123 124 123 119 120 118 117 122 127 130 129 123 119 116 116 118 119 120 129 137 139 138 140 139 135 117 118 127 125 120 117 100 98 98 110 113 115 117 113 108 103 106 107 102 101 100 101 106 115 117 118 120 125 143 124 83 94 99 98 94 93 94 100 104 106 112 118 121 122 125 127 126 128 123 125 126 132 133 135 132 131 131 134 130 123 122 130 139 138 138 139 137 136 136 135 135 133 131 127 125 122 120 121 121 120 130 128 127 131 128 125 125 132 130 125 130 132 132 135 135 132 127
120 118 121 124 125 124 123 124 119 121 120 119 115 122 127 129 123 123 119 115 115 117 119 119 125 135 139 138 140 139 140 129 105 109 128 128 121 107 92 95 112 114 116 119 115 110 107 105 106 106 103 100 96 101 114 113 114 119 122 134 120 86 93 95 94 94 96 101 105 103 109 116 120 121 123 126 126 127 124 123 124 129 131 131 135 131 130 132 130 126 120 130 134 136 138 138 138 138 138 138 135 135 134 132 130 125 123 117 118 126 118 128 124 124 131 129 133 132 131 131 129 125 133 130 125 128 132 131
118 119 118 123 122 123 123 121 121 120 121 119 117 124 129 125 124 121 116 115 117 119 118 117 125 133 137 138 138 139 139 138 124 110 97 121 128 119 100 102 114 117 122 121 117 113 108 98 101 104 100 102 99 95 104 110 111 119 123 130 109 87 89 90 93 93 97 100 105 104 110 115 120 122 121 123 126 127 125 125 127 127 126 132 135 133 132 127 129 130 131 135 136 137 138 136 138 138 135 136 134 134 133 134 129 128 124 121 122 116 125 125 132 129 132 131 132 132 132 131 128 128 126 130 130 131 128 128
120 118 120 123 121 124 122 121 119 120 121 120 118 126 128 127 123 116 114 115 116 115 115 118 122 131 135 136 137 136 137 139 135 128 99 113 123 115 97 107 118 120 118 118 120 115 115 105 104 101 100 98 101 95 98 109 110 119 123 125 96 85 88 87 92 97 101 99 103 107 112 117 118 120 122 123 125 125 123 122 125 127 124 131 136 131 128 126 134 134 135 137 138 136 139 138 137 138 136 134 133 134 136 134 134 128 121 121 113 124 124 126 129 127 129 128 127 131 131 130 130 128 128 131 133 134 130 131
118 120 123 117 122 121 123 121 120 119 118 120 122 127 128 126 122 118 112 112 116 115 116 114 120 128 133 136 137 136 139 136 132 130 116 116 127 124 108 110 119 120 119 121 121 116 115 112 105 97 101 101 103 95 96 102 110 117 118 117 91 81 86 86 93 98 102 101 103 108 111 115 116 118 123 125 125 125 125 122 123 125 122 129 131 128 126 130 136 132 138 135 138 136 137 138 136 134 134 137 129 132 136 131 134 129 125 119 124 122 118 131 126 129 128 131 128 129 126 127 128 132 128 130 131 129 129 127
117 121 124 121 121 123 122 122 121 122 119 120 123 128 127 126 122 115 112 112 113 118 115 114 118 128 134 135 136 135 136 137 137 130 125 122 126 114 106 110 120 123 121 123 121 120 118 114 112 107 107 108 106 102 107 107 108 115 115 115 89 78 82 90 96 99 100 102 108 111 113 114 118 117 121 124 125 126 126 122 123 123 126 132 130 125 130 134 137 130 141 137 137 137 135 136 136 137 136 136 134 133 134 136 131 129 124 124 117 126 131 130 129 131 127 128 129 132 132 129 127 126 122 130 130 129 129 130
121 120 125 125 123 124 121 122 121 120 118 119 123 129 130 126 121 118 113 110 113 115 117 114 113 124 133 135 136 137 137 137 138 131 129 126 132 121 118 117 124 122 124 127 125 123 123 120 116 111 108 111 111 113 113 108 106 108 113 121 94 77 82 89 95 99 101 101 108 112 112 115 117 122 120 125 127 126 126 123 121 121 128 130 129 127 131 136 136 133 138 140 138 137 137 131 134 135 135 134 136 137 136 135 130 129 122 119 116 126 132 130 128 126 125 126 129 128 128 128 126 125 131 131 132 131 129 129
121 122 125 125 123 124 122 122 123 119 119 117 124 130 129 126 122 116 110 113 113 115 117 115 113 119 130 134 135 137 137 139 136 135 130 132 131 128 124 123 127 126 125 127 126 125 123 122 118 114 114 115 116 114 113 110 114 109 109 116 118 75 84 89 92 99 102 103 109 111 113 116 118 122 123 123 126 126 126 125 122 125 127 128 129 128 131 137 135 136 134 138 132 138 138 137 132 132 133 132 133 138 139 129 131 132 127 121 126 123 121 128 128 128 125 126 128 129 127 129 128 125 125 125 129 130 131 132
121 123 124 123 122 123 123 122 120 120 117 114 125 131 128 125 122 113 115 113 111 116 115 116 113 114 128 134 135 137 138 139 138 137 134 133 132 134 128 128 129 129 127 129 128 126 127 125 121 118 114 117 117 114 116 109 118 110 109 106 131 94 74 83 90 95 99 103 107 112 114 117 118 122 122 123 125 128 129 126 123 124 121 130 127 128 133 138 136 139 127 140 133 138 137 135 135 135 133 135 130 133 135 132 132 129 126 125 119 126 128 131 134 131 129 128 126 131 131 130 128 128 128 131 129 133 133 128
118 121 124 123 123 124 124 122 120 120 117 113 123 132 128 123 121 119 118 115 114 116 116 113 113 112 120 132 135 137 139 138 139 139 139 134 137 136 131 131 132 131 131 132 129 127 129 128 125 123 117 119 118 111 99 99 112 105 107 112 123 121 58 78 87 93 96 101 107 110 113 116 118 120 122 124 125 128 127 125 124 124 120 128 127 128 133 137 139 137 128 139 135 135 137 135 134 135 132 135 134 131 134 130 133 130 126 124 126 124 128 131 122 130 119 126 129 129 130 132 129 129 128 127 127 128 130 132
118 121 123 122 122 124 123 121 120 118 115 112 124 131 127 124 123 120 117 115 115 116 117 119 116 112 115 126 134 137 139 140 140 139 138 136 137 136 135 134 134 134 132 134 134 132 132 129 128 125 122 122 115 102 90 86 104 94 100 111 112 139 80 73 82 89 94 98 107 109 108 114 120 121 121 125 126 127 128 127 123 123 121 125 125 128 133 133 139 137 131 137 138 136 136 138 135 135 133 133 136 136 130 130 133 128 128 122 131 124 126 127 123 121 133 126 126 129 130 134 131 131 128 128 128 130 128 130
119 119 123 121 122 123 123 121 121 119 117 116 123 130 127 125 123 121 119 118 115 118 117 117 115 112 115 122 130 135 138 140 141 140 139 138 137 136 136 134 135 137 134 137 136 135 135 132 129 124 126 126 108 92 60 89 110 84 88 98 108 124 112 47 50 68 86 99 104 107 105 113 119 121 119 125 128 126 127 127 124 124 123 130 125 128 132 133 136 137 129 137 139 134 137 136 135 135 136 130 134 134 133 137 132 131 128 125 126 130 125 128 132 121 120 132 127 132 131 130 131 130 131 131 126 132 132 131
119 118 122 121 121 124 123 122 120 119 119 118 122 130 125 125 124 120 121 118 119 119 119 118 117 115 114 119 126 131 134 137 140 141 139 138 138 136 136 134 135 137 137 138 137 136 135 135 133 128 128 129 76 71 102 122 113 89 81 89 110 109 131 63 35 45 73 89 102 108 108 109 114 119 123 123 126 126 127 125 123 125 125 128 123 131 131 132 134 138 132 134 136 136 135 137 136 132 135 133 137 134 135 132 128 128 126 129 127 125 130 126 122 124 126 131 130 129 128 130 133 131 128 129 131 127 129 127
118 117 120 121 123 124 124 123 120 118 121 118 123 130 127 122 120 119 121 118 121 120 120 117 115 115 114 115 121 128 131 134 138 140 138 138 136 137 134 133 133 136 140 141 139 137 138 135 134 132 131 135 129 127 129 115 112 94 80 88 106 108 117 137 136 58 54 79 100 107 105 106 112 116 119 123 125 126 126 124 124 126 126 125 122 130 130 131 134 134 135 133 133 137 136 136 136 134 135 132 134 131 133 130 132 128 128 126 127 124 125 128 119 125 129 130 131 135 134 134 126 129 128 129 128 131 131 134
117 113 120 120 123 122 124 122 120 120 123 120 123 128 129 123 122 120 119 120 121 121 119 116 117 115 114 114 117 124 130 134 135 138 139 138 137 137 138 138 136 139 140 140 141 140 139 136 137 135 135 134 137 135 128 119 112 98 86 85 101 106 108 132 159 104 23 67 100 107 111 110 114 116 119 121 123 125 124 122 123 124 126 126 125 130 125 132 133 130 136 134 134 135 135 134 135 135 136 134 135 134 133 131 130 130 130 129 128 130 127 125 125 125 131 131 131 133 130 132 132 131 132 127 128 129 126 131
116 113 118 120 121 124 125 122 119 122 123 121 121 126 128 125 124 120 119 118 121 120 120 116 117 112 114 115 116 120 126 130 134 137 137 140 139 138 139 141 141 141 141 142 142 141 139 138 138 138 137 137 137 136 130 123 115 103 93 88 89 98 102 115 140 98 16 57 100 110 113 110 113 118 121 121 124 126 125 125 124 124 125 127 128 127 125 131 130 132 134 134 136 135 136 135 134 136 133 137 133 135 134 132 128 127 129 130 128 124 128 122 124 127 132 133 135 134 134 130 134 129 129 131 128 130 130 132
114 116 115 118 119 124 124 122 120 125 125 124 125 127 128 125 125 121 118 117 120 119 119 117 116 114 114 115 113 114 122 126 129 132 135 138 138 138 137 137 138 143 144 143 143 142 141 140 139 140 138 135 133 132 132 125 117 109 96 91 82 84 96 101 118 108 32 53 95 104 115 115 116 120 122 123 125 127 128 127 126 124 125 126 127 126 128 131 129 133 133 135 134 135 133 135 135 136 135 137 135 135 130 131 129 126 129 123 130 126 126 124 120 126 130 132 131 134 134 131 131 130 129 128 128 129 131 130
113 117 115 117 120 125 124 121 121 123 126 123 120 126 127 124 124 122 119 118 117 119 118 116 114 117 115 117 115 116 119 125 128 129 131 132 134 136 134 133 132 136 143 146 144 143 141 138 137 140 139 136 132 129 128 126 118 110 97 88 79 74 92 101 101 109 59 45 91 105 113 119 122 125 126 127 128 129 128 127 128 127 126 126 127 126 128 130 130 132 133 131 135 136 134 135 136 132 135 136 134 134 132 131 125 129 131 122 125 126 123 125 125 123 128 131 133 132 131 131 131 130 128 129 128 126 129 131
114 118 116 117 123 127 122 122 122 124 124 125 126 124 126 124 124 124 119 116 118 116 117 115 116 118 119 120 119 122 124 127 130 133 133 132 133 134 135 134 136 139 141 145 146 143 137 130 127 131 137 136 133 129 127 125 121 113 104 94 83 75 84 97 100 96 60 48 94 107 114 122 127 128 130 130 131 132 131 130 130 130 129 128 128 127 129 130 130 130 133 131 135 133 135 135 136 134 136 136 134 133 134 131 129 129 130 128 124 125 126 123 125 128 130 129 134 134 134 130 128 129 128 128 128 129 132 129
118 119 113 116 124 126 123 121 123 126 128 126 125 127 126 121 124 124 118 119 116 116 115 115 117 118 120 123 122 125 124 125 130 134 136 138 138 139 140 139 141 144 148 152 152 147 140 135 130 130 135 139 136 132 128 126 121 113 109 101 93 81 80 90 96 95 52 55 96 107 118 125 128 131 132 133 133 134 134 134 133 132 131 130 129 128 129 130 130 130 132 131 134 131 134 134 135 135 135 134 135 135 133 130 129 129 126 128 124 126 125 124 124 122 127 131 131 134 131 132 129 127 127 126 125 129 129 131
118 118 114 114 125 127 123 121 121 124 127 126 125 123 123 123 125 121 122 121 116 117 116 116 117 118 120 125 124 118 115 120 123 120 124 131 139 139 139 143 146 154 160 163 165 161 150 142 137 133 136 138 132 127 128 127 125 114 111 104 100 84 77 83 82 90 39 68 105 111 121 127 129 132 134 135 135 136 136 136 135 134 134 131 128 130 130 131 131 131 131 132 132 132 133 134 134 135 136 134 135 134 130 129 129 127 127 123 125 125 124 121 124 126 128 132 133 133 131 130 130 128 126 127 128 129 130 130
116 117 115 115 127 127 123 121 121 123 123 126 122 120 123 124 123 123 123 119 120 118 118 116 117 120 123 127 112 107 113 117 118 114 114 118 125 130 131 142 154 167 169 169 170 170 165 153 143 140 138 137 133 115 114 126 127 119 112 108 106 95 84 85 80 68 36 82 112 118 126 129 132 136 138 138 138 140 140 141 139 137 137 134 131 132 132 131 132 133 132 132 132 133 132 134 134 135 135 134 134 134 130 129 129 128 127 124 126 125 125 117 125 128 129 134 132 135 132 131 129 127 129 125 127 130 128 130
115 116 114 115 126 125 123 122 122 122 127 127 126 124 121 124 123 123 120 120 121 118 117 117 120 123 128 127 102 103 110 113 115 112 114 115 117 122 127 144 162 170 167 167 168 169 170 164 157 154 154 155 147 107 63 102 125 125 114 110 109 104 99 99 91 43 52 100 116 122 129 134 138 141 145 144 144 145 146 146 145 143 141 138 136 135 134 133 134 135 134 132 132 133 133 134 133 134 135 135 133 133 129 130 126 127 126 125 127 127 123 122 127 125 129 129 132 133 133 131 129 128 129 127 127 130 131 128
115 114 113 115 125 124 121 119 122 121 124 126 126 119 123 122 121 122 122 121 121 121 117 119 122 126 131 121 99 103 108 110 113 112 114 116 118 122 130 146 165 168 168 168 169 169 168 169 169 169 170 170 167 126 40 53 102 118 112 109 112 115 113 89 49 40 77 113 125 129 135 143 148 156 160 157 154 155 156 156 156 154 150 145 141 139 137 135 135 135 134 134 133 132 133 133 133 134 134 133 134 133 128 130 128 126 124 125 126 125 121 125 125 124 127 129 133 133 134 132 130 127 127 124 128 131 129 131
115 113 113 117 124 122 117 116 119 123 126 128 125 123 120 121 122 122 122 121 121 122 120 119 123 128 130 111 98 105 106 110 110 112 115 116 119 124 134 149 167 169 169 169 169 170 169 170 174 175 173 172 170 162 84 37 88 104 102 105 116 131 121 80 55 73 107 125 138 144 149 159 165 169 170 168 166 166 167 167 169 168 165 158 153 145 141 139 136 136 135 135 134 133 132 132 133 134 134 132 134 131 129 129 125 126 125 127 126 123 123 126 123 122 125 130 132 133 132 128 129 128 127 125 126 129 131 131
116 115 113 117 123 121 119 115 116 121 126 126 123 121 120 120 122 123 120 120 120 122 121 122 121 131 128 103 100 103 106 109 109 114 116 117 120 127 135 152 169 170 170 170 170 170 170 170 172 172 171 174 173 173 156 71 58 74 90 139 156 167 160 128 106 116 135 151 166 169 168 169 170 170 171 170 170 170 171 172 175 176 175 171 168 157 150 145 140 139 137 136 135 133 133 132 132 133 132 131 134 131 130 130 124 126 124 125 125 124 125 124 124 124 125 129 131 132 134 135 129 124 124 124 127 128 131 129
118 117 114 119 121 120 117 114 117 121 125 121 122 120 121 120 123 120 119 119 120 119 120 124 126 132 125 99 101 103 107 109 111 113 115 117 122 130 138 156 170 171 170 170 170 171 171 171 171 171 170 173 173 172 175 166 126 125 158 175 173 171 171 174 169 167 170 172 170 170 171 171 171 171 171 171 172 172 172 173 177 177 175 174 175 172 167 157 150 143 140 138 137 136 134 132 131 132 131 132 130 130 130 127 125 125 124 124 124 127 127 125 124 124 125 129 131 132 133 134 130 130 124 122 127 127 129 132
123 121 118 120 118 117 114 111 113 120 123 126 123 122 121 120 120 120 120 120 120 118 119 123 128 133 120 97 101 104 106 108 111 113 115 117 125 132 141 159 172 171 171 171 171 171 171 171 172 172 172 171 171 172 172 172 175 175 172 170 170 171 171 171 172 173 174 175 175 175 176 176 174 174 174 174 174 173 172 172 174 174 174 174 175 176 176 170 163 153 146 144 140 139 137 134 132 130 131 129 128 128 128 126 126 124 123 124 127 126 125 125 126 124 125 125 132 133 132 134 131 125 121 124 126 128 131 127
132 131 124 122 115 114 113 113 116 120 121 123 122 122 118 119 122 121 119 121 120 120 120 124 130 135 113 97 101 103 105 108 110 113 115 119 126 134 145 162 173 172 172 171 171 171 171 171 172 172 171 171 172 172 171 171 172 173 173 173 174 173 176 176 175 177 180 180 179 175 174 177 175 175 174 173 174 172 173 173 173 173 173 172 173 173 174 173 172 164 157 155 149 146 140 137 135 131 130 129 126 125 124 127 126 124 123 124 128 126 126 125 126 124 127 129 131 131 134 133 132 127 120 123 126 128 131 128
147 150 140 131 114 108 109 112 118 121 119 119 121 121 120 120 119 121 119 119 120 118 121 124 132 133 106 96 100 102 104 108 110 114 117 119 126 136 147 164 172 172 171 170 170 172 173 172 171 171 171 172 171 172 172 176 179 180 176 176 179 179 179 178 174 178 180 179 178 176 176 178 175 173 175 174 174 173 173 172 172 172 173 173 174 175 174 172 171 170 167 165 163 159 149 143 138 134 132 131 127 127 123 122 123 123 123 125 125 126 126 124 124 123 127 127 131 131 134 134 130 124 120 124 125 125 129 127
162 163 158 146 115 103 107 116 118 121 119 119 123 121 121 121 117 123 119 118 119 117 121 124 134 131 99 92 96 100 104 109 110 114 116 120 129 137 150 168 172 171 171 171 171 172 171 171 172 173 173 174 173 173 174 177 177 176 177 178 179 179 177 176 176 176 176 175 175 175 175 179 178 175 173 173 174 169 171 172 172 173 175 175 177 176 176 173 172 173 172 171 170 170 162 156 146 141 137 135 132 130 126 120 118 121 126 126 123 124 127 126 125 125 128 129 131 132 133 134 132 125 121 124 129 127 128 129
165 164 162 149 117 107 111 117 117 119 119 119 118 117 117 119 122 121 119 121 119 120 122 126 135 124 92 91 96 100 104 108 110 114 117 123 131 140 152 170 173 172 173 173 173 174 174 173 176 176 174 175 174 174 173 175 175 176 179 178 177 176 175 174 175 174 174 175 174 174 174 175 175 175 175 176 175 174 175 176 176 178 177 176 177 175 174 175 174 173 173 173 174 173 172 167 162 157 153 146 138 133 130 126 118 123 127 126 125 124 127 127 126 127 126 129 130 131 134 135 132 122 121 124 127 129 124 128
165 160 152 143 120 111 115 117 120 121 119 118 117 118 116 119 119 118 121 121 121 122 124 127 137 115 89 91 96 100 104 109 112 116 119 125 131 142 158 174 175 177 178 176 174 176 174 173 174 175 174 175 175 175 176 176 177 177 175 175 174 175 175 175 176 176 176 176 176 175 176 176 176 176 176 177 177 176 176 176 176 177 176 175 176 176 175 176 176 176 176 175 176 176 175 175 172 171 169 167 156 148 138 133 128 127 127 127 126 128 127 126 126 126 127 128 131 132 134 134 131 124 122 124 125 127 128 125
168 164 159 146 123 114 116 117 120 119 117 120 118 117 118 116 120 119 119 119 121 123 124 129 132 109 88 90 97 101 107 110 113 116 120 125 133 145 161 175 174 174 174 170 175 173 174 175 175 175 176 176 176 176 176 177 177 176 177 178 179 176 176 177 175 177 175 174 177 178 179 178 176 177 178 178 177 176 176 175 177 177 177 176 176 177 177 177 177 178 177 176 176 176 176 176 176 175 175 175 173 173 155 139 137 131 128 128 127 129 127 126 127 126 128 129 131 131 133 132 129 122 123 125 127 126 128 128
169 166 164 151 116 114 118 118 121 120 121 120 117 115 112 117 118 118 120 120 121 123 123 131 135 105 87 91 98 103 108 110 114 116 121 127 135 148 165 175 174 176 173 167 177 174 174 175 176 177 176 176 177 177 177 179 182 183 178 179 182 179 177 176 171 174 172 171 172 175 177 177 176 178 179 179 178 177 178 179 180 180 181 182 180 179 179 179 178 179 179 179 178 177 177 177 176 177 176 176 176 177 167 142 139 135 130 128 129 128 128 127 127 126 127 128 130 132 133 131 129 123 122 125 127 126 127 127
168 166 162 146 116 118 120 118 121 121 118 117 116 116 116 116 114 120 120 120 123 124 124 133 134 100 86 93 100 105 107 111 115 118 123 129 138 150 169 176 176 178 164 165 165 175 175 175 177 177 177 176 177 177 178 179 181 181 180 180 182 181 182 181 178 175 176 177 175 176 177 179 179 177 177 177 175 173 177 180 180 181 180 180 180 179 178 178 179 180 183 183 183 182 180 179 179 179 178 177 177 175 170 147 139 138 132 128 129 130 128 129 127 126 127 129 129 132 133 130 127 122 124 124 124 127 128 127
170 167 165 146 117 116 120 120 119 120 119 119 118 117 115 114 117 119 119 121 123 125 127 134 129 94 87 95 99 103 106 110 115 119 124 132 143 154 171 174 173 177 162 161 163 178 177 178 177 177 177 178 178 178 179 179 180 183 182 184 183 182 181 180 181 181 180 178 175 174 176 181 180 181 179 179 181 179 179 178 179 180 180 179 179 179 179 179 180 180 181 182 182 181 180 181 182 181 181 178 176 171 176 154 138 137 134 131 129 130 127 130 127 127 128 128 130 131 130 130 127 126 127 126 125 127 129 128
165 165 161 138 113 117 120 121 121 120 120 117 117 114 112 114 115 119 120 121 122 125 128 135 122 91 88 94 97 102 105 111 116 120 126 136 148 166 171 170 173 178 166 159 172 178 178 179 179 179 179 179 179 179 179 179 179 181 181 182 181 181 181 180 180 181 179 176 172 176 182 183 180 180 181 181 182 180 181 180 179 180 180 180 181 180 180 180 181 182 183 183 183 182 180 179 176 181 180 180 181 171 178 164 138 136 135 131 129 129 129 130 128 127 129 128 131 130 130 131 125 126 127 127 128 127 128 128
167 168 160 145 120 119 120 122 120 121 119 118 116 114 114 113 113 118 120 122 121 125 128 135 117 89 89 95 98 103 107 112 117 123 129 139 153 175 178 179 179 181 168 155 170 176 177 179 179 180 180 179 180 179 179 179 181 176 167 179 178 175 182 180 180 182 181 178 174 180 182 181 181 181 181 182 182 182 182 181 180 180 180 180 181 181 180 181 184 167 176 182 181 182 180 180 170 169 176 177 179 163 176 170 142 135 136 132 129 129 128 129 129 127 128 129 127 127 127 128 125 125 127 127 127 127 127 129
170 169 163 152 129 119 121 121 120 122 120 116 116 117 117 114 114 117 120 122 122 126 128 135 115 90 93 98 99 103 107 113 119 125 134 142 159 179 180 180 180 176 163 142 171 178 176 175 175 176 178 179 180 180 180 181 183 177 167 165 156 180 183 173 179 183 181 172 176 179 183 181 182 182 182 181 183 183 183 182 183 182 181 181 181 182 181 180 165 174 155 176 181 180 180 180 179 165 178 179 178 156 168 175 149 135 135 135 129 130 127 130 128 128 127 128 126 125 127 127 121 125 126 126 127 128 126 128
171 168 167 152 133 117 121 121 121 121 119 118 119 116 117 115 114 116 121 124 124 128 129 132 108 93 96 98 100 105 109 114 121 129 138 146 165 176 176 175 176 174 153 138 170 180 181 179 178 179 180 181 180 181 183 183 181 179 172 184 149 170 183 180 169 180 182 176 166 173 180 178 174 173 174 176 168 168 176 181 182 183 182 182 181 179 182 182 153 144 157 151 184 180 182 181 183 179 173 183 182 162 160 182 156 137 133 135 130 130 128 128 128 127 126 125 126 127 126 127 126 124 127 127 128 129 126 127
173 171 162 155 124 121 120 118 121 122 119 118 113 115 115 114 116 117 121 123 124 129 131 126 100 94 98 99 102 107 109 116 124 133 140 151 173 178 175 177 175 173 157 139 149 173 180 180 178 179 181 181 181 182 182 180 183 180 171 186 156 156 182 180 164 160 168 176 156 146 167 171 166 164 165 163 164 129 138 181 184 184 184 184 143 135 186 182 177 149 122 161 179 175 182 181 181 183 172 180 187 162 155 163 163 139 134 136 133 130 129 128 127 125 124 124 125 126 124 124 127 125 124 126 127 128 128 126
169 163 151 135 116 118 118 116 121 121 120 118 112 116 115 115 116 119 121 122 125 127 131 117 95 96 96 100 103 105 110 119 128 135 141 159 178 179 178 179 179 167 169 155 119 166 180 181 177 175 181 181 183 186 185 174 182 173 165 184 153 168 186 181 167 164 153 155 159 170 147 168 176 175 178 173 175 143 123 171 175 178 150 116 118 132 185 180 183 167 118 169 177 177 181 181 182 180 179 168 180 153 153 139 159 145 134 136 134 132 128 127 126 125 123 123 122 124 125 122 123 127 125 127 128 128 128 127
130 145 151 131 117 119 117 114 119 120 117 115 113 116 114 116 116 120 121 123 128 128 125 106 94 95 96 101 103 106 112 123 130 135 141 167 177 179 179 179 178 171 168 181 106 139 177 177 175 175 181 182 182 184 183 181 182 183 173 182 170 174 184 185 184 187 183 165 159 171 175 171 179 181 182 182 182 184 176 168 175 182 164 157 189 134 172 184 185 162 137 173 174 182 182 181 175 173 169 156 166 161 173 159 165 150 136 136 135 130 129 128 125 124 124 121 123 123 124 122 122 123 126 127 127 129 130 128
154 145 151 134 118 118 116 111 117 119 116 116 112 114 113 114 115 118 122 125 130 130 116 99 94 95 100 102 103 107 115 125 130 135 148 164 159 165 168 175 166 163 153 176 157 117 154 176 167 172 181 177 172 174 176 180 186 188 175 187 186 182 185 183 178 175 169 147 141 163 179 179 180 181 183 185 185 186 187 184 182 184 188 186 187 176 163 186 186 139 181 180 178 185 172 150 167 173 173 169 169 177 176 173 171 153 136 135 136 130 129 127 126 124 124 121 123 124 122 124 125 125 125 127 128 127 128 126
164 152 152 141 118 117 114 112 114 117 116 114 111 112 110 113 115 117 122 125 131 129 107 94 93 97 102 98 102 110 115 123 130 134 158 179 180 175 175 172 160 170 167 173 166 170 138 173 167 152 178 179 178 180 185 150 177 192 176 188 188 190 168 179 186 182 180 178 183 183 182 184 185 186 187 187 186 184 183 174 175 181 183 186 184 187 181 163 129 154 183 183 183 181 174 172 181 178 177 178 178 179 171 163 165 155 138 133 137 133 129 126 127 124 123 120 120 121 119 120 121 125 123 125 127 127 130 125
162 157 156 138 115 116 114 109 113 112 112 112 110 113 110 113 115 119 122 126 131 122 97 94 97 99 96 96 105 109 116 123 133 139 172 178 180 173 175 172 160 183 177 175 160 188 180 181 182 182 184 181 183 185 184 147 137 174 170 181 185 190 143 175 187 185 184 183 185 187 187 186 186 186 186 183 180 176 174 168 169 175 178 176 179 179 185 165 149 178 178 179 179 182 183 180 178 177 178 176 175 182 178 169 165 160 141 133 137 134 128 126 125 122 121 120 120 119 118 120 118 121 124 125 125 126 128 128
169 170 164 124 113 115 112 111 112 111 111 110 110 110 110 113 115 120 122 126 132 112 94 93 95 95 92 101 105 110 119 123 134 153 165 168 181 164 180 183 183 183 184 186 156 184 187 185 183 178 180 179 178 181 179 163 151 141 167 176 182 184 151 179 183 177 176 163 169 184 183 184 180 183 173 169 167 165 164 166 171 176 174 169 176 181 182 183 184 179 180 178 177 181 177 176 181 177 180 181 183 186 183 175 166 163 145 133 136 135 128 126 124 120 122 121 121 116 116 122 121 120 123 126 125 125 127 127
162 160 147 117 114 116 113 112 111 112 111 109 109 109 111 112 114 119 121 128 131 102 91 92 93 94 96 102 105 113 121 125 137 158 162 164 181 172 185 183 183 187 187 187 165 176 176 174 176 179 178 174 174 178 172 161 138 149 158 167 176 161 143 170 172 179 180 142 165 176 179 177 172 177 167 165 164 161 158 168 174 176 173 174 177 179 180 181 176 167 167 170 180 180 175 173 183 183 182 186 183 183 182 172 172 172 155 134 134 134 128 124 123 123 121 119 119 112 114 120 120 124 125 125 126 125 126 128
171 153 128 114 115 115 111 113 110 110 110 106 108 108 109 110 112 120 123 131 127 100 92 93 93 93 99 102 107 117 124 129 144 168 180 157 167 174 186 186 180 178 178 176 182 174 168 167 170 174 176 176 177 178 180 180 154 170 169 171 175 152 149 165 175 175 175 137 164 177 180 182 174 176 168 164 163 158 146 170 181 179 178 175 173 178 175 179 181 170 161 174 182 183 177 171 182 189 187 181 175 180 180 175 179 176 162 136 134 135 128 126 125 124 120 118 118 107 118 118 117 124 124 125 124 125 125 126
171 153 123 115 114 114 113 112 111 111 109 106 107 107 108 110 111 119 122 132 124 97 93 93 91 94 99 105 109 120 125 133 156 169 168 165 152 151 165 176 175 177 168 166 175 176 168 167 172 168 173 179 182 182 180 179 173 148 160 174 187 158 152 166 174 162 118 128 138 178 182 181 181 182 176 167 165 167 170 179 184 184 189 186 184 190 182 180 182 175 162 180 184 187 182 173 180 188 187 186 183 182 183 185 180 170 162 143 135 135 129 127 125 123 121 119 117 108 115 117 120 123 122 124 125 127 127 125
164 140 122 114 115 114 112 112 111 111 109 106 104 106 108 108 109 117 123 132 124 97 92 91 93 96 101 104 114 120 129 141 162 162 160 163 154 157 146 144 168 180 176 170 170 173 168 173 175 172 175 185 180 186 184 184 180 156 152 176 187 158 160 173 176 173 116 141 152 181 183 177 179 184 181 175 172 184 181 176 185 168 181 190 189 181 181 175 185 166 170 181 177 174 174 183 186 185 186 187 187 189 181 185 182 173 170 153 135 136 130 127 125 123 120 117 114 105 116 117 120 123 123 124 125 126 125 123
147 140 120 113 115 115 114 113 110 109 109 106 106 105 106 107 108 115 125 132 124 94 87 91 95 96 101 107 116 124 133 148 165 161 158 173 178 159 153 136 140 177 192 187 173 176 179 179 173 170 173 189 181 188 187 182 188 160 159 174 182 170 169 177 175 136 109 176 155 177 180 172 169 173 174 176 180 184 169 160 172 172 183 188 187 179 176 171 184 173 179 177 173 173 178 186 187 187 187 184 185 188 183 182 182 179 180 171 139 136 129 126 124 122 119 112 109 98 116 118 119 120 122 124 124 124 122 122
153 136 114 110 112 114 112 112 111 110 109 106 106 105 106 106 107 115 124 133 125 93 88 94 95 96 102 110 118 129 135 156 168 161 165 175 161 140 154 152 158 171 186 185 182 184 181 176 174 174 173 179 174 186 191 182 190 164 158 156 181 173 158 162 162 101 135 181 147 129 178 173 179 183 179 167 152 172 160 157 177 185 188 187 183 173 186 167 175 166 176 181 182 181 185 189 188 189 188 189 186 181 182 182 183 182 183 178 147 136 131 127 122 123 121 111 103 98 115 116 118 120 123 124 127 126 121 122
141 127 116 110 111 112 113 114 111 110 106 105 108 105 103 104 107 115 124 134 120 94 89 92 92 99 104 112 123 130 138 165 171 175 176 165 159 155 135 133 171 166 176 178 176 180 187 181 172 169 168 174 176 186 188 189 193 164 142 157 187 180 162 157 147 119 171 189 189 142 149 181 189 190 182 164 122 158 166 165 185 182 183 189 177 157 186 158 157 152 181 182 183 188 188 187 184 183 183 183 186 184 183 183 185 185 184 185 161 136 132 125 123 122 119 109 96 105 115 117 111 120 123 123 127 128 123 119
140 125 120 112 111 111 112 113 110 108 105 105 108 102 101 103 106 114 125 135 118 90 88 91 92 101 107 114 125 130 142 172 178 178 174 170 155 153 165 167 166 180 184 181 182 179 186 186 176 172 170 174 184 188 188 187 188 175 174 169 183 181 172 166 168 173 187 187 188 190 145 167 179 184 178 161 147 172 174 170 179 190 181 190 179 166 184 157 162 182 182 181 184 189 186 185 185 184 183 182 184 185 180 175 174 176 177 184 174 139 132 126 123 120 119 113 92 109 115 118 111 122 123 123 124 126 125 114
158 136 119 110 107 108 111 111 110 108 106 105 105 102 99 101 105 112 124 135 117 90 89 91 97 101 109 116 127 130 149 181 180 172 172 170 165 171 181 180 182 184 186 186 191 189 183 181 179 179 180 184 187 188 190 190 191 183 169 163 181 181 182 183 184 185 185 186 187 189 180 173 174 177 178 174 179 181 173 115 109 143 159 188 163 157 187 154 170 171 170 171 173 172 171 178 179 183 185 184 185 184 177 181 183 178 177 176 171 142 131 127 122 120 120 116 93 111 113 116 110 119 123 123 124 123 123 112
157 134 118 110 106 108 109 111 108 107 106 106 105 104 99 102 104 110 124 137 114 88 87 93 98 100 110 120 128 133 159 181 180 175 177 176 179 185 185 188 190 189 189 191 187 187 184 183 184 184 187 190 191 188 187 186 186 185 168 165 182 175 186 185 186 186 186 185 180 182 171 178 171 167 173 183 179 164 149 86 165 125 103 150 157 159 187 157 178 181 178 176 174 169 167 173 177 182 183 185 186 186 183 186 188 187 187 187 185 149 132 128 123 122 119 116 95 106 114 110 111 120 121 122 124 122 121 109
140 131 120 108 106 107 109 110 108 106 102 104 105 103 100 101 103 110 124 137 115 88 88 94 97 102 111 123 128 139 167 181 181 182 183 185 189 190 185 185 186 185 185 186 185 184 184 184 187 191 192 189 186 184 183 183 188 184 165 163 167 176 186 187 187 185 181 183 139 157 180 179 180 168 160 164 161 161 160 94 147 168 138 143 146 151 178 161 183 186 185 184 186 182 180 187 187 187 186 187 187 187 187 187 188 188 189 188 186 161 135 128 123 121 119 116 98 108 116 106 114 119 120 122 123 122 119 104
140 141 118 108 106 106 108 110 109 104 100 102 102 104 103 102 103 111 125 136 109 88 90 95 99 105 113 126 128 147 178 185 183 185 188 191 189 185 181 181 182 184 186 179 177 176 177 177 178 182 185 188 186 186 185 186 184 183 166 147 150 172 172 175 176 177 178 183 182 180 183 182 179 185 179 171 168 171 173 119 127 174 178 168 169 163 171 170 175 185 185 185 186 181 180 186 186 186 187 187 188 187 187 187 187 187 186 186 187 174 135 130 124 121 119 117 97 109 112 99 116 117 119 120 123 121 117 102
143 125 113 107 105 107 109 109 109 105 102 99 100 100 101 102 101 109 124 137 104 88 92 95 101 105 117 125 130 160 174 173 173 175 178 180 180 183 184 185 186 182 183 182 179 176 183 180 181 175 184 174 181 185 184 182 176 179 182 166 173 175 177 183 183 183 183 182 185 188 186 186 175 187 188 189 189 187 185 187 170 177 183 172 183 186 166 178 164 186 183 185 186 181 178 187 186 187 187 186 186 187 187 187 187 186 187 184 183 167 141 130 124 122 119 116 96 110 107 100 117 117 119 120 120 120 114 99
151 136 122 112 108 107 108 109 109 104 102 99 104 101 100 100 100 107 124 136 102 87 92 95 99 106 120 122 136 169 179 175 172 172 170 169 170 171 173 177 176 174 186 183 185 186 186 184 174 182 187 174 180 186 187 187 187 188 188 189 188 178 186 187 187 188 187 187 187 187 188 188 175 186 186 186 188 187 187 188 178 172 172 173 189 176 173 184 164 185 184 184 183 178 176 187 187 186 186 188 187 186 187 187 186 187 188 182 181 169 154 130 125 121 118 116 100 112 100 106 116 116 118 119 120 119 115 100
158 150 138 122 109 106 107 108 108 103 100 98 102 100 99 98 100 104 122 132 95 88 91 93 99 106 119 121 143 175 188 187 186 185 184 182 181 180 178 178 175 178 181 183 185 186 187 187 188 188 186 188 188 187 186 187 187 187 187 186 187 183 176 189 188 187 187 186 186 187 187 187 175 184 185 185 185 186 187 188 185 166 175 177 188 165 185 187 168 184 186 183 184 179 174 185 184 184 185 186 187 187 186 186 187 188 189 182 170 180 158 132 127 120 117 114 99 109 94 112 114 115 117 118 119 118 115 102
164 159 135 117 109 106 106 107 107 102 99 97 98 99 98 96 98 106 123 130 90 90 89 93 97 107 117 123 154 182 180 180 181 182 183 183 185 185 185 185 185 184 183 185 185 186 187 187 188 187 187 187 185 184 187 187 188 187 187 187 187 187 179 182 188 187 187 187 187 187 187 187 177 180 187 187 186 186 188 187 189 158 160 177 176 172 187 187 166 178 186 186 186 186 167 186 184 184 185 185 184 184 184 184 183 181 185 177 160 186 168 134 127 120 117 112 95 103 96 113 114 114 115 117 118 118 113 101
162 148 134 116 108 104 104 107 105 99 95 93 97 100 94 91 97 104 119 129 93 89 89 93 95 106 115 129 157 176 185 181 179 179 181 183 184 184 183 183 185 184 185 186 186 186 186 187 188 187 184 186 186 187 187 187 187 188 187 187 188 187 189 177 185 187 187 186 187 187 187 187 181 175 188 186 188 187 186 187 189 164 140 188 165 179 185 188 170 172 186 184 186 187 167 186 187 187 180 172 171 169 169 167 167 167 173 163 155 179 167 136 126 120 116 113 98 94 97 112 114 114 114 116 117 116 111 96
152 151 131 116 105 102 103 103 102 96 92 92 98 98 92 90 95 103 114 125 94 86 89 91 94 106 116 134 155 168 186 185 185 183 184 184 185 185 185 185 185 185 185 185 186 186 186 186 186 187 187 187 187 187 186 186 186 187 186 187 187 187 188 185 176 188 187 187 187 188 188 187 186 174 188 187 186 187 180 186 189 168 147 190 164 186 186 187 171 169 188 185 186 187 169 174 189 184 179 168 166 166 163 163 164 164 169 156 156 171 163 136 127 119 115 112 101 88 100 111 112 113 114 113 113 114 107 81
160 146 134 115 104 101 101 101 99 91 90 91 94 93 90 88 95 100 111 129 92 85 88 91 93 105 118 140 169 187 185 185 185 185 185 185 186 185 186 186 185 185 186 186 187 187 187 187 186 187 188 187 187 187 188 187 187 188 188 188 188 188 188 188 182 182 189 187 187 188 188 187 188 169 186 187 187 187 180 186 188 171 144 176 176 187 187 187 171 156 180 182 182 186 171 173 170 187 178 167 162 163 158 160 164 162 166 146 147 166 154 138 127 119 113 111 101 79 107 109 112 112 115 114 113 112 100 56
147 150 137 118 107 102 100 99 96 93 89 90 89 90 87 90 94 100 109 129 95 86 88 91 96 106 122 144 175 185 185 185 184 185 185 185 185 185 185 186 185 186 186 187 186 187 186 187 186 186 186 187 187 187 187 186 186 187 188 187 187 188 188 188 189 174 187 187 187 188 188 188 189 174 185 187 186 186 178 188 188 181 143 155 187 186 186 172 170 169 174 175 181 185 173 180 172 165 183 175 160 160 155 156 164 163 166 143 145 162 152 139 127 119 113 110 100 70 108 109 110 112 113 114 114 111 89 61
158 143 129 120 110 103 98 96 92 89 89 89 87 90 87 90 94 100 109 127 102 85 88 92 98 108 126 151 183 186 183 185 185 186 185 185 185 185 185 185 186 186 186 187 187 186 186 187 187 187 186 187 187 187 187 186 187 187 187 188 187 188 188 188 189 184 177 188 187 188 188 188 188 178 181 187 186 186 181 187 186 183 137 149 187 183 187 164 177 167 179 169 183 184 178 164 180 174 171 186 162 184 169 155 163 165 168 140 144 152 158 137 127 120 114 111 96 78 108 108 109 112 113 113 113 109 72 85
156 139 127 117 109 104 98 93 89 90 88 88 86 86 90 93 92 98 105 128 105 86 91 94 99 108 128 162 186 185 185 185 185 185 185 185 185 186 185 185 185 184 186 187 187 186 186 186 187 187 186 186 187 187 187 187 187 187 186 187 187 188 188 187 188 189 171 181 186 188 188 186 188 183 175 188 187 184 182 187 186 175 124 147 186 184 186 173 188 174 175 169 177 186 183 169 188 189 167 183 161 184 187 176 184 174 175 140 135 151 157 142 127 120 113 110 94 82 106 107 109 109 111 110 112 105 59 105
159 159 153 129 113 105 100 96 91 89 87 85 86 87 90 94 91 95 104 128 107 85 92 95 98 107 135 175 185 184 185 184 185 185 184 185 185 185 185 184 185 185 187 186 186 186 187 187 187 187 186 186 187 186 186 187 186 186 187 187 188 188 188 188 187 187 187 171 180 183 188 185 182 185 168 187 186 184 181 187 188 178 130 141 188 187 182 176 188 183 169 180 172 186 188 170 186 187 184 171 178 172 187 175 188 177 184 150 148 170 162 141 126 119 110 109 87 90 104 105 108 110 110 105 98 82 61 107
172 170 153 152 129 108 106 104 101 95 88 88 90 88 90 95 90 92 102 127 105 87 90 91 97 110 149 185 184 184 184 184 184 185 184 184 184 185 185 185 185 186 186 185 186 186 185 185 186 186 186 186 187 187 186 187 185 186 186 187 187 188 188 187 187 187 188 180 167 180 188 183 174 188 168 186 187 183 179 187 188 179 164 135 183 189 176 182 182 184 161 179 181 175 189 172 180 187 189 165 182 168 173 174 188 181 172 146 150 179 169 138 126 117 110 106 90 92 100 104 105 109 110 108 97 62 78 96
174 169 170 169 134 107 102 96 95 94 95 91 90 90 94 94 90 92 100 125 103 84 85 90 99 117 156 186 183 184 184 184 183 184 184 185 184 184 185 186 185 186 186 186 186 186 186 185 185 186 187 185 186 186 187 187 186 187 186 187 187 186 187 187 187 187 186 188 167 168 188 184 177 188 169 184 187 184 179 187 186 185 170 135 158 189 164 185 183 176 161 177 187 172 185 180 174 188 187 179 174 167 164 167 187 182 158 139 165 169 177 152 125 115 111 100 96 96 95 106 106 108 109 110 101 55 81 97
174 174 173 160 133 106 97 96 101 96 89 88 91 92 91 88 86 90 102 125 98 73 80 92 103 119 157 185 183 183 183 184 184 184 185 184 184 185 184 185 185 186 186 186 186 185 185 186 186 186 186 185 185 185 186 186 186 186 186 187 187 187 187 187 186 185 185 185 182 160 182 186 184 187 167 177 188 184 178 187 183 184 174 153 128 173 168 188 184 184 159 163 184 181 171 188 167 187 185 186 167 176 169 153 185 180 134 140 176 152 180 143 123 114 111 91 103 99 93 106 105 109 109 108 95 66 82 92
177 174 168 161 141 113 97 95 93 85 83 86 91 90 89 84 84 91 101 124 91 73 81 94 107 118 158 185 183 183 182 183 184 184 184 184 183 184 185 185 185 185 185 185 185 186 186 185 185 186 187 186 186 186 185 186 186 186 186 186 185 186 186 186 186 186 185 185 187 180 148 180 184 187 177 171 182 186 175 186 171 185 183 166 102 154 182 186 185 178 175 144 177 188 173 186 170 182 186 187 173 158 163 161 169 181 147 149 178 151 170 141 122 115 108 89 103 99 92 106 106 108 110 107 95 81 82 76
176 174 173 169 149 117 98 92 89 84 86 88 91 90 88 81 83 90 101 127 91 76 82 95 110 118 157 185 183 183 183 183 183 183 184 184 183 184 185 185 184 184 185 185 184 185 185 185 186 186 186 185 185 186 185 185 186 186 186 186 185 186 186 185 186 186 186 186 186 188 157 146 172 186 177 167 180 187 171 173 183 187 187 177 148 121 180 187 187 178 181 156 162 181 181 174 175 172 186 186 177 158 158 153 147 183 159 141 192 142 165 141 120 114 105 93 103 101 87 105 104 105 109 109 93 84 85 68
176 176 174 168 144 114 98 92 91 91 89 90 91 89 88 82 80 87 103 130 92 77 84 94 109 121 152 184 182 183 183 183 183 183 182 182 183 184 183 184 184 184 185 184 185 185 185 185 185 185 185 185 185 186 185 185 185 186 186 185 186 185 185 186 186 185 186 185 186 185 190 153 160 176 166 157 169 186 170 161 179 181 187 183 168 128 143 191 185 180 182 153 181 157 185 162 171 163 171 186 183 154 169 157 132 175 149 162 192 141 159 135 118 112 104 99 103 100 88 103 104 107 106 107 85 73 78 65
176 177 173 163 139 111 96 91 88 89 91 89 86 87 86 85 82 89 103 130 93 75 85 93 104 121 146 182 182 182 182 182 182 182 182 183 183 183 183 184 183 183 184 184 185 184 184 185 184 185 184 185 185 184 184 185 185 186 185 185 185 185 186 185 185 185 185 185 185 186 187 168 163 175 158 128 168 183 156 158 186 177 174 182 177 140 90 176 188 182 181 152 181 172 162 171 145 172 151 177 186 167 137 165 106 110 115 134 170 148 150 129 111 109 92 101 102 101 87 101 103 103 105 106 77 77 65 63
174 174 168 149 124 107 98 92 88 87 89 85 85 87 88 86 86 89 102 130 99 73 86 93 100 117 141 177 182 181 181 182 181 182 182 182 183 182 183 182 183 184 184 183 184 184 184 184 184 184 184 184 185 184 184 184 184 185 184 185 185 184 185 185 185 184 184 185 184 186 185 176 138 156 183 125 132 185 126 162 185 185 184 171 174 153 123 123 188 183 167 154 168 187 165 164 134 165 154 155 180 174 121 114 102 75 105 124 163 148 133 124 104 108 88 105 99 99 89 94 105 101 100 103 70 72 67 81
170 166 160 142 118 106 99 94 89 85 83 81 88 90 88 85 84 87 101 128 100 73 86 90 96 111 135 171 182 181 181 182 181 180 181 181 181 182 183 183 182 183 184 184 183 184 184 184 184 184 183 184 184 184 184 185 184 184 184 185 185 184 184 184 184 184 185 185 181 181 185 186 144 121 166 137 122 147 122 166 179 184 184 187 176 149 137 95 141 191 157 156 157 184 180 172 137 124 165 131 136 157 169 95 80 74 100 101 149 139 119 112 107 104 86 105 98 98 92 87 103 104 98 99 59 77 67 89
165 161 150 134 116 104 98 96 93 84 81 87 92 90 86 83 84 89 99 123 99 71 86 84 94 100 132 162 181 180 181 181 181 181 181 181 181 181 182 183 182 182 183 182 182 184 184 184 183 183 183 183 183 183 183 183 183 184 184 184 184 184 182 183 184 185 184 183 181 157 177 187 162 143 108 145 117 135 114 146 170 185 174 159 169 156 132 120 63 170 154 164 147 168 175 167 184 121 143 144 144 114 137 80 49 82 95 112 115 107 107 112 109 97 91 103 99 96 96 87 101 102 101 98 63 78 73 73
154 153 139 130 117 103 99 97 95 90 89 89 91 88 84 84 88 91 99 116 107 71 82 73 90 90 121 120 130 138 167 181 180 181 181 181 181 179 180 182 182 181 181 182 182 182 183 183 183 182 182 181 183 183 182 182 183 183 182 183 183 183 183 183 183 184 184 184 180 159 175 165 164 160 130 102 87 139 143 104 170 169 169 182 167 133 146 120 111 96 131 171 154 166 176 156 167 159 118 151 133 102 96 55 48 59 76 139 92 86 93 116 108 90 96 102 97 96 95 85 100 100 103 96 64 76 76 53
147 147 147 138 119 101 95 97 98 96 90 89 89 86 83 82 86 87 97 116 109 72 75 79 74 81 104 93 111 106 129 177 181 179 180 181 181 181 181 181 181 181 181 181 181 182 181 182 182 182 182 182 183 181 181 181 182 182 181 183 183 183 183 182 184 182 174 184 175 153 180 182 168 136 159 151 80 113 151 105 149 163 183 182 183 144 125 156 184 155 87 170 154 142 182 171 153 165 134 125 81 79 47 76 73 46 46 63 67 69 104 111 106 86 98 99 96 94 92 82 98 100 97 87 59 77 79 55
153 152 150 137 118 99 96 97 97 94 89 88 88 85 83 82 85 86 89 109 120 74 71 80 84 78 92 107 108 119 114 158 177 177 179 180 179 180 179 180 180 178 177 180 180 181 181 181 182 181 182 181 181 180 182 181 181 181 181 181 182 181 181 182 181 182 172 163 167 166 158 186 171 140 111 155 146 96 141 110 116 166 172 179 167 136 155 139 142 176 106 104 159 132 169 166 149 148 138 135 97 82 47 81 85 69 106 109 82 77 110 105 98 82 97 99 96 93 93 83 89 97 95 77 61 89 81 75
151 149 148 137 123 112 94 92 95 96 93 90 89 87 82 78 77 83 87 95 120 98 58 66 81 80 72 72 96 102 129 132 173 176 174 175 178 178 177 180 181 175 176 180 182 181 181 181 180 180 180 181 180 180 180 180 181 181 181 181 180 180 180 180 180 182 171 155 133 154 137 158 164 145 85 121 144 128 115 89 84 142 159 164 143 146 166 136 151 125 122 123 88 95 124 147 142 132 164 129 114 99 78 63 94 117 134 126 154 150 119 102 89 80 95 97 96 93 92 89 76 90 94 83 62 101 79 86
143 143 141 137 142 120 97 91 93 96 95 95 90 90 81 72 71 78 85 87 99 107 65 63 82 65 45 34 65 65 112 112 155 161 173 173 176 178 180 170 156 146 154 161 164 176 180 180 179 179 180 180 180 179 181 181 181 181 180 179 172 177 179 180 181 180 180 171 138 120 107 116 137 145 112 131 106 97 119 92 55 111 155 151 133 143 121 143 149 132 94 119 140 94 106 149 118 115 146 128 104 111 94 51 116 118 130 123 145 152 120 101 83 81 90 92 94 93 90 88 77 87 84 90 53 98 65 101
142 133 130 131 120 109 122 104 92 95 96 94 93 90 79 71 73 85 87 94 100 104 104 99 95 69 38 47 59 55 99 97 135 146 167 177 177 178 178 147 110 120 141 144 148 164 180 179 178 178 179 180 178 179 173 165 163 161 158 158 166 162 159 169 171 165 163 161 153 121 108 98 114 112 120 139 149 109 77 82 81 94 134 139 133 153 126 144 137 128 114 138 162 166 162 158 151 103 105 103 67 49 70 74 116 119 118 136 148 147 116 100 78 85 87 90 91 88 90 89 70 81 83 94 57 94 70 107
133 138 137 120 105 94 109 100 90 95 94 94 94 86 74 72 77 87 86 92 99 101 107 105 108 106 58 46 56 66 100 83 97 144 157 174 176 158 144 124 70 69 118 135 145 169 173 162 167 169 173 176 175 174 162 151 151 150 150 156 162 159 153 148 153 153 144 137 151 149 126 88 104 102 82 113 97 91 87 88 120 100 120 142 159 141 145 148 141 121 116 154 162 157 156 154 154 123 75 83 65 54 77 116 130 127 114 141 129 127 115 100 76 90 87 87 86 86 87 90 66 61 93 93 52 94 54 112
133 138 131 124 98 84 90 87 87 94 98 97 90 87 83 75 78 84 83 87 94 101 99 88 101 106 108 87 75 65 83 95 77 124 151 173 166 138 132 115 81 116 146 150 154 169 171 164 163 167 164 166 165 165 168 168 166 161 156 163 160 155 148 150 150 142 130 134 153 147 130 91 70 84 90 78 44 58 107 90 96 115 94 134 124 112 153 141 147 131 128 144 163 159 156 156 147 142 119 106 68 63 58 109 117 101 94 122 121 122 112 95 79 91 88 85 84 84 80 83 71 65 91 89 60 99 42 111
138 137 125 125 123 109 96 80 82 92 100 96 92 115 125 122 84 79 82 85 93 100 103 74 90 95 95 107 121 91 68 107 97 101 120 149 135 136 135 121 108 148 151 155 156 159 165 164 166 168 165 165 160 167 171 171 172 168 167 134 149 161 155 157 141 129 133 119 157 155 127 80 104 87 50 67 70 62 48 67 76 104 110 128 91 118 143 154 144 138 117 150 144 146 153 152 143 139 129 129 114 97 67 89 90 72 80 86 93 119 108 87 84 90 90 84 82 82 74 74 60 65 88 82 74 90 54 110
135 132 131 124 121 126 110 84 82 120 114 116 121 150 144 142 115 77 81 87 96 93 93 95 85 97 89 74 86 135 131 143 139 137 142 127 133 135 132 132 120 139 143 149 156 155 162 161 169 167 171 166 167 170 170 171 169 167 170 139 124 166 157 141 145 157 158 130 153 154 152 126 112 106 64 75 72 78 98 58 45 66 79 97 94 137 147 154 146 130 102 153 133 148 153 144 145 144 142 107 96 92 92 71 55 70 104 100 95 122 104 80 87 90 90 86 79 82 74 64 60 61 82 84 90 61 64 98
110 134 135 134 134 129 120 126 122 135 137 143 143 143 145 147 143 101 89 102 92 89 78 97 89 89 75 76 52 99 150 155 158 155 154 154 159 154 145 146 126 138 149 145 152 164 162 161 167 165 166 168 167 163 162 162 165 165 166 172 165 153 163 162 161 152 150 149 133 153 156 151 142 133 112 75 115 107 73 67 106 115 73 85 95 133 152 147 163 133 78 124 121 142 159 148 140 134 144 143 105 86 115 63 87 111 142 127 107 117 102 78 90 87 81 86 80 78 76 60 67 59 71 83 107 58 71 105
108 115 136 133 123 105 97 120 94 132 139 139 131 137 140 141 145 131 129 148 100 81 73 90 91 86 94 92 88 119 144 148 155 157 152 147 150 158 158 154 147 152 151 144 152 158 161 162 164 164 161 161 160 160 164 164 161 159 157 160 157 158 154 158 154 151 162 161 147 143 139 135 135 134 134 120 117 110 87 67 89 72 68 58 73 127 147 148 161 155 101 114 152 133 145 142 134 133 133 130 120 105 101 94 107 130 127 126 102 108 96 78 92 83 81 86 80 76 64 70 72 63 65 88 109 93 76 116
111 115 119 113 121 112 125 122 127 140 140 139 134 135 138 135 137 142 145 148 124 82 52 67 90 137 157 148 143 144 142 145 155 151 154 153 154 156 158 156 151 153 150 149 157 153 154 161 162 160 159 153 147 149 152 158 158 158 147 154 148 157 163 160 165 165 166 167 162 161 142 127 129 131 117 125 109 121 109 72 79 60 67 83 94 90 123 125 146 144 138 100 128 105 135 140 133 129 124 112 102 118 113 110 85 106 108 111 93 96 85 79 93 78 78 85 83 68 67 72 74 72 65 91 106 124 77 108
119 100 85 111 141 144 139 130 141 132 139 146 142 130 142 138 135 140 142 142 129 129 94 73 133 151 151 155 153 153 150 146 154 156 157 153 151 155 157 159 148 146 144 149 153 147 147 150 157 157 160 162 155 153 151 152 154 158 150 151 157 164 164 162 162 164 165 166 165 162 159 148 124 114 100 115 135 113 127 100 131 124 105 104 116 80 62 53 83 117 145 78 119 137 133 139 133 133 106 94 84 105 106 118 98 98 90 88 80 78 71 82 79 75 84 84 75 72 82 79 64 67 64 93 107 127 85 93
119 99 109 140 140 139 128 137 141 148 143 145 145 139 146 149 141 144 143 135 140 142 143 137 150 151 151 137 132 153 156 153 147 150 155 155 149 152 154 145 135 155 153 154 151 147 142 147 148 151 153 159 160 154 153 153 157 163 154 145 157 147 154 154 157 153 159 161 158 154 152 155 149 145 138 118 124 136 108 106 115 136 109 103 126 137 121 90 81 66 99 106 123 135 88 99 130 122 103 103 89 111 110 103 94 106 96 96 81 67 58 62 60 67 68 59 64 73 66 60 52 48 47 72 89 108 85 106
118 118 141 145 134 138 133 141 149 150 143 148 140 123 150 149 143 141 148 152 154 148 147 145 142 142 151 105 78 146 145 150 152 147 155 158 153 153 155 143 137 159 159 153 146 144 144 147 144 151 158 158 159 156 154 155 160 163 157 145 149 153 154 156 148 144 146 151 155 158 155 155 153 153 139 128 104 127 100 98 91 136 142 143 131 138 136 128 111 92 81 58 85 131 119 82 105 123 117 115 117 122 136 127 95 102 86 86 90 68 59 77 79 77 58 76 86 83 75 70 70 63 75 84 103 100 68 110
136 143 148 149 150 148 145 148 147 143 147 152 155 155 152 152 149 150 153 155 155 156 154 146 148 147 127 143 133 146 149 145 148 153 156 157 151 154 157 156 150 156 157 156 150 147 152 147 147 151 153 161 159 161 151 148 151 157 159 164 149 149 150 151 149 149 142 151 148 142 134 117 145 154 149 138 118 144 134 117 125 111 106 148 151 147 144 131 126 140 144 123 126 126 145 154 148 148 146 144 140 129 150 139 114 135 108 88 84 56 58 83 72 61 84 84 85 80 76 80 90 94 118 96 126 132 109 106
142 147 143 146 148 148 149 147 136 143 144 145 151 156 157 156 155 152 151 152 156 155 155 157 149 146 134 147 150 149 153 153 144 150 159 159 147 149 150 146 147 153 158 156 156 156 153 153 151 150 151 154 160 157 147 146 148 154 155 157 161 139 142 160 146 137 161 161 160 156 157 157 154 146 143 140 152 143 139 117 134 163 108 131 160 157 152 141 143 150 150 159 162 160 156 158 158 156 154 154 152 136 140 136 122 147 147 136 134 95 90 65 98 127 119 88 90 107 88 107 107 104 118 84 121 131 96 100
145 145 144 138 142 140 143 140 131 143 136 144 148 151 154 155 153 148 149 149 152 155 152 154 154 152 147 147 146 148 151 157 158 153 156 151 147 150 152 152 152 149 153 151 152 150 150 152 148 146 148 153 159 158 157 155 150 155 155 154 158 154 143 136 152 156 144 141 150 154 155 157 153 149 138 136 148 147 152 121 135 164 149 110 158 163 162 146 145 160 162 161 161 159 160 159 159 158 157 155 154 129 134 139 127 140 139 142 151 125 123 130 129 131 133 127 122 138 133 130 93 94 71 92 104 123 91 89
145 148 147 146 146 141 138 141 146 149 145 150 149 142 146 153 155 152 150 152 154 155 151 150 152 154 153 150 147 144 145 148 156 157 154 147 145 146 147 149 154 154 155 154 153 150 150 149 151 146 150 151 152 155 153 156 156 152 153 155 158 154 153 148 134 143 157 149 145 155 161 161 158 157 160 152 141 133 136 127 116 156 152 144 154 161 160 145 152 151 151 160 160 159 159 158 158 157 156 156 155 144 131 142 133 142 151 146 141 130 105 142 142 139 135 134 124 113 133 134 87 111 130 104 65 93 96 87
140 142 147 144 143 146 145 139 142 146 148 150 151 145 141 147 153 153 152 149 152 154 155 151 148 148 150 151 154 153 152 144 147 153 156 153 154 155 154 155 154 155 157 159 158 157 155 152 149 147 148 148 150 151 153 154 154 155 158 160 158 159 159 158 158 152 160 163 165 164 164 162 162 162 161 156 158 152 160 161 132 138 158 154 150 160 158 143 154 161 151 150 159 159 158 158 157 156 155 154 153 155 132 131 134 124 150 147 143 141 105 126 135 137 140 134 119 111 130 127 88 125 111 99 94 119 116 77
143 139 147 146 144 144 144 147 152 149 147 147 150 152 151 150 150 151 150 150 153 155 156 156 155 151 147 146 148 148 151 153 153 152 156 156 150 150 154 157 158 156 156 156 155 154 151 155 153 154 154 154 154 155 157 158 159 159 156 154 158 161 161 162 162 163 162 162 162 162 161 162 161 161 159 157 154 148 158 156 158 126 133 158 157 158 159 145 154 161 160 150 155 159 154 157 157 156 154 153 151 150 138 127 144 99 131 149 151 151 121 116 131 135 124 121 140 139 118 120 75 112 110 133 128 124 100 74
146 146 148 146 145 145 149 151 152 152 153 151 147 146 146 149 151 151 152 152 152 152 158 159 158 155 153 153 151 148 147 149 149 148 149 154 156 153 149 150 155 150 152 153 152 147 149 155 152 149 153 153 155 157 157 157 155 154 154 158 161 160 160 161 161 161 161 161 161 161 161 161 160 161 160 159 157 156 158 157 157 157 111 150 157 158 158 156 157 158 159 156 149 157 158 157 156 155 153 152 150 148 140 119 137 132 139 146 143 141 131 113 135 126 118 135 139 138 134 104 59 91 87 101 137 133 90 82
