23 37 66 71 79 82 82 83 84 86 90 93 95 98 101 104 107 113 120 122 123 125 133 142 149 153 153 155 157 158 159 158 158 158 161 160 158 154 148 142 129 122 128 141 152 159 158 162 175 188 192 191 189 189 191 192 188 182 175 169 163 157 145 130 120 117 117 120 121 119 117 110 105 103 102 103 103 105 111 121 131 134 131 125 119 113 100 84 72 71 75 78 78 81 97 109 118 123 127 130 133 130 125 120 117 117 116 114 110 100 90 78 70 68 68 71 77 84 88 88 86 88 92 91 90 88 87 84
27 46 82 85 87 87 90 93 92 92 96 100 106 108 110 113 118 121 118 113 114 124 137 144 149 155 160 164 164 165 166 169 170 170 173 171 169 168 160 152 141 137 144 157 169 177 182 186 193 198 199 196 194 192 191 189 186 182 175 168 160 149 134 123 120 125 132 134 131 125 119 113 106 103 102 101 101 103 111 124 132 133 127 116 110 105 97 87 79 77 80 82 82 84 92 106 115 121 129 135 135 132 127 122 122 123 123 119 112 102 90 79 71 70 70 73 82 90 96 97 92 91 93 93 93 91 89 86
31 53 96 99 102 104 107 107 107 109 114 121 123 121 122 126 128 121 106 99 108 124 139 145 148 151 155 157 157 157 157 155 157 159 163 166 168 170 173 174 176 177 177 178 182 189 193 197 196 197 196 197 195 192 187 180 174 169 165 159 149 139 129 127 132 141 149 150 146 139 132 127 124 121 118 113 107 108 113 119 123 124 121 118 114 109 99 87 81 82 85 87 88 91 97 110 120 125 129 132 134 135 132 129 128 126 124 121 115 105 94 82 75 72 71 73 82 91 99 100 96 94 94 94 92 92 89 86
31 57 94 93 99 104 107 109 111 110 114 119 123 123 125 126 122 111 101 104 114 129 141 148 154 157 159 163 163 159 155 155 158 163 170 178 183 187 191 191 189 189 186 183 187 191 194 195 194 194 196 197 196 194 192 187 173 156 143 138 132 126 116 113 120 128 134 134 130 124 119 120 123 126 127 124 120 117 120 123 122 118 113 110 107 104 96 87 84 86 89 90 93 97 104 117 127 132 134 132 132 134 133 132 129 126 122 120 114 106 96 84 77 73 72 73 78 85 94 99 99 97 94 93 89 89 87 86
29 62 95 92 97 102 105 107 108 107 110 114 118 123 127 126 121 119 119 123 128 137 146 156 160 160 165 171 174 168 161 160 167 174 181 186 189 191 191 191 191 191 190 189 194 198 198 197 197 196 195 192 190 190 190 186 174 156 142 138 133 124 113 109 113 120 126 129 126 123 122 127 133 137 138 135 133 132 135 135 134 131 122 114 105 96 87 81 80 85 86 86 90 99 107 116 127 133 135 134 135 137 137 134 132 127 123 120 115 106 95 84 77 74 72 75 81 88 94 100 103 101 96 91 89 90 88 87
30 64 92 93 98 103 106 110 114 115 113 116 122 127 130 130 128 132 138 141 143 146 153 158 159 161 166 172 170 164 161 163 167 173 178 181 182 181 178 183 190 195 195 196 200 200 201 199 199 196 194 190 183 183 180 175 167 156 149 145 135 123 112 111 116 121 126 130 131 133 135 138 140 143 143 142 141 138 135 135 134 133 131 124 115 102 89 79 77 81 83 81 79 87 100 109 120 129 134 137 137 138 138 135 133 129 125 122 115 105 94 84 78 74 72 76 84 93 99 101 104 102 97 92 89 91 91 89
31 54 82 88 96 102 106 109 109 107 108 112 119 124 127 128 132 136 140 141 138 136 136 136 135 140 148 155 158 158 161 167 171 171 169 170 170 171 174 183 193 198 199 202 204 205 204 204 202 201 198 193 186 178 169 158 153 150 149 146 138 130 124 126 129 132 132 132 132 130 128 124 125 128 134 138 140 138 134 132 133 133 132 126 118 108 93 82 78 80 83 82 76 78 93 107 121 132 138 140 139 136 134 131 130 127 127 126 118 107 96 86 79 74 74 78 88 99 104 104 104 101 98 94 92 93 92 90
29 53 75 81 90 94 94 92 89 90 94 97 100 107 114 119 122 124 127 130 132 132 132 133 138 145 153 162 171 177 181 182 182 179 176 170 160 156 164 178 189 195 199 201 203 205 206 207 206 204 199 193 183 167 152 140 137 136 139 143 143 146 147 148 148 148 147 145 139 128 115 106 104 106 113 124 131 133 130 127 125 125 122 118 112 102 90 81 79 82 85 86 83 86 103 118 131 139 141 140 136 131 130 130 130 129 128 128 123 113 100 89 82 76 76 80 91 101 106 106 104 103 100 98 95 95 95 93
27 55 81 85 91 92 88 85 87 96 102 102 104 104 105 111 116 120 126 130 132 135 140 144 149 153 160 171 181 187 189 189 189 188 182 174 164 149 154 169 181 189 193 196 198 199 201 203 202 199 193 187 178 169 159 154 153 152 150 153 153 154 150 146 146 146 146 144 138 130 117 106 100 99 102 108 116 118 117 113 109 108 108 108 105 97 88 80 79 82 86 88 93 101 115 131 139 143 141 137 131 126 126 127 129 130 129 128 123 114 101 90 83 79 80 86 94 101 104 103 101 102 103 101 98 97 95 95
28 58 93 93 92 91 90 91 95 104 108 106 105 105 109 119 131 138 143 145 149 155 161 164 161 161 165 177 186 188 187 190 193 194 191 180 167 153 160 176 191 200 202 201 203 203 204 203 201 198 198 195 189 183 179 177 175 175 175 176 172 165 157 154 153 152 147 140 137 131 123 111 102 97 95 93 95 99 99 98 96 97 99 99 97 93 88 82 81 81 82 88 99 113 126 137 142 142 138 135 131 129 128 128 131 135 132 128 121 110 99 89 82 78 84 96 103 110 109 107 104 103 103 100 99 96 93 93
30 65 94 90 89 88 87 91 100 108 112 112 111 112 118 130 138 142 144 148 155 164 170 172 169 168 175 182 187 190 192 195 196 190 184 174 165 161 166 181 194 201 204 205 206 206 205 202 199 197 198 198 194 190 188 186 186 186 186 185 184 181 176 174 173 172 165 157 151 144 136 122 109 100 96 94 95 98 98 98 99 100 100 103 102 99 96 92 88 85 82 85 101 117 130 140 143 142 139 135 131 130 130 128 132 137 139 132 121 108 96 87 82 80 83 98 111 116 116 115 112 110 107 102 97 93 89 88
32 66 98 96 98 97 98 103 111 116 118 123 125 127 132 138 141 144 145 150 157 164 168 170 173 175 175 179 183 188 192 194 191 184 179 176 172 166 171 181 188 193 196 198 199 199 196 193 191 189 190 191 189 186 183 183 185 187 186 183 181 178 176 175 175 176 172 166 160 154 148 134 120 110 103 103 105 108 109 109 109 111 112 110 108 104 100 97 94 91 86 87 101 116 130 137 140 139 135 131 129 128 128 128 131 135 140 137 125 109 94 84 82 81 81 93 106 116 119 118 118 116 113 109 105 100 94 89
34 62 101 104 108 108 109 116 123 126 131 133 134 135 138 140 143 148 153 159 165 170 172 175 178 179 180 182 184 188 190 190 186 183 180 176 173 171 174 180 181 182 184 184 188 189 188 187 184 186 188 190 188 181 173 169 170 173 173 171 166 160 161 165 169 172 170 165 159 156 153 146 136 125 120 119 118 117 118 118 117 115 112 107 101 97 93 91 92 92 89 90 103 118 132 136 136 134 131 129 126 125 125 126 127 132 135 132 123 106 91 81 79 81 83 90 103 114 121 123 121 118 117 117 117 115 108 98
35 63 106 108 108 111 111 112 117 121 126 126 128 131 135 138 140 142 147 153 158 161 163 168 175 178 180 184 187 189 189 191 189 186 186 186 185 183 182 184 184 184 184 183 185 188 191 193 191 189 189 191 189 183 173 167 166 167 166 161 157 152 150 153 161 164 164 160 157 157 156 152 146 140 137 134 129 125 122 118 115 109 103 98 94 92 93 93 96 97 95 95 106 122 132 137 136 134 132 130 127 126 127 129 131 134 135 131 121 105 91 81 79 81 89 102 113 120 126 126 122 116 114 115 119 118 113 106
36 66 106 108 110 112 112 111 113 117 123 128 131 135 138 143 143 142 145 150 155 159 164 173 178 180 184 189 192 193 195 196 198 198 199 199 197 190 188 190 193 194 192 190 188 192 197 199 196 188 183 181 179 177 173 174 175 175 173 169 166 163 158 159 160 159 157 155 154 154 154 151 148 144 141 137 130 125 120 115 109 100 95 95 95 96 99 103 106 107 105 103 112 126 135 137 136 137 136 134 132 130 130 132 135 140 142 137 126 108 92 83 81 82 92 108 122 128 129 126 122 116 111 112 112 111 108 106
38 74 114 115 118 119 118 115 115 122 128 134 135 138 142 145 145 144 143 147 153 159 167 175 179 181 185 191 194 194 194 195 197 199 198 195 191 185 184 187 186 185 184 183 181 183 191 193 191 182 177 177 178 177 176 176 178 177 176 176 176 177 174 174 172 170 165 157 152 150 151 150 148 146 140 132 122 116 114 112 105 98 94 97 102 108 113 116 115 114 110 113 124 136 143 143 141 141 142 141 140 136 134 133 136 143 148 144 131 111 93 84 82 82 86 101 117 127 129 127 122 119 114 113 113 111 109 108
37 80 116 117 120 122 123 122 124 128 133 135 137 140 144 146 146 145 145 150 154 158 165 169 173 178 183 188 190 190 188 191 193 195 195 191 189 187 187 184 183 181 180 180 180 180 185 187 186 179 176 177 179 180 178 178 181 182 183 185 186 187 184 184 183 183 179 170 159 152 151 150 150 147 140 129 115 109 111 117 112 107 101 103 114 124 128 127 125 123 121 126 134 142 146 145 143 142 142 142 143 143 141 139 141 147 152 147 134 113 94 85 82 84 84 91 106 119 129 131 128 124 119 116 115 115 113 111
35 73 103 104 108 112 117 120 123 123 124 125 128 132 135 138 139 142 145 150 154 158 162 164 163 162 165 169 172 175 176 179 181 185 187 187 187 186 187 185 184 186 186 188 189 191 193 193 190 185 184 185 187 187 184 186 189 193 193 194 195 195 192 189 189 191 189 181 171 162 157 155 154 150 142 129 117 110 112 119 117 111 107 111 122 132 137 137 137 140 143 144 143 144 142 144 145 144 142 141 141 143 145 145 144 147 149 146 134 112 94 85 82 87 93 99 109 119 127 130 129 126 123 119 116 114 112 112
34 73 97 96 98 104 110 113 113 112 115 119 122 126 129 132 130 127 129 134 142 148 150 148 141 131 128 131 134 136 139 144 149 152 154 155 159 163 168 170 173 177 181 188 191 191 190 188 188 187 187 191 193 191 190 190 192 192 193 194 194 194 195 193 191 190 188 186 181 177 173 171 168 165 159 153 144 141 141 142 136 125 115 118 129 139 145 149 155 159 158 155 149 144 142 145 150 149 147 143 143 147 148 149 146 144 146 141 130 110 92 83 82 88 103 114 123 128 127 126 123 123 122 121 118 115 113 113
35 78 98 95 97 101 105 107 108 110 114 117 119 124 130 132 129 119 115 120 126 131 134 131 125 116 114 117 117 118 119 122 127 130 128 129 131 136 144 149 156 161 166 170 172 173 175 178 181 182 186 190 192 191 189 187 187 188 187 189 192 195 194 192 187 183 181 180 182 184 184 183 181 180 178 173 170 172 172 172 164 156 145 140 143 148 153 159 164 164 161 155 151 149 146 148 150 152 152 150 147 148 152 152 148 145 142 137 124 106 90 83 83 86 99 115 127 132 129 123 117 117 120 121 121 118 117 114
35 79 96 95 97 101 105 107 108 111 114 116 118 123 128 131 126 118 113 114 115 115 117 118 116 119 130 131 119 109 111 112 113 116 121 125 126 122 127 138 152 164 164 159 156 164 174 183 186 189 191 193 193 191 190 188 188 188 189 192 195 196 193 191 184 179 178 178 181 184 183 183 185 185 183 180 175 171 170 170 168 162 157 153 151 154 159 164 167 164 159 155 153 154 154 152 153 155 154 152 148 146 149 150 150 148 146 137 122 101 87 84 83 82 87 99 113 123 128 125 119 116 116 118 118 118 118 116
37 81 94 94 96 99 103 104 107 109 112 112 116 119 123 124 123 119 114 113 112 111 107 105 110 128 142 143 131 111 111 110 103 105 109 115 119 120 126 144 161 169 164 157 156 167 182 189 191 193 193 194 194 194 194 194 194 194 193 192 193 195 191 186 181 179 178 180 182 181 177 174 175 181 181 178 173 169 166 161 159 158 158 156 154 157 160 163 163 161 157 155 156 158 159 158 158 158 157 152 147 146 149 152 154 152 148 135 119 99 85 83 84 83 83 86 100 116 126 129 126 120 116 115 115 116 116 114
38 85 97 94 95 98 102 103 104 106 107 109 112 117 120 121 124 123 122 121 122 125 123 117 116 126 138 135 126 122 124 120 115 115 118 121 126 134 142 150 160 165 166 166 170 178 186 190 193 195 196 197 198 201 202 201 201 202 203 204 199 192 188 185 183 180 182 184 185 180 172 164 164 171 173 173 174 175 172 170 169 168 168 165 162 160 157 157 154 154 154 156 157 159 161 161 160 160 158 155 147 145 147 152 156 153 146 132 114 94 83 81 82 83 85 92 103 118 128 131 129 124 119 116 115 114 114 113
37 89 97 94 94 99 104 104 103 104 106 107 110 116 121 126 130 133 134 133 134 133 134 131 127 123 120 119 118 119 122 124 128 134 135 137 139 145 153 157 161 167 174 178 183 185 187 189 192 196 197 199 203 205 206 206 209 207 194 147 111 105 105 112 129 149 159 162 160 163 171 172 170 168 168 170 174 175 174 172 171 173 174 172 167 163 157 154 153 153 155 156 158 160 161 161 162 161 160 158 152 148 150 155 158 154 145 130 110 92 82 79 81 83 84 89 102 117 127 131 129 126 121 118 116 115 115 112
38 86 92 92 95 103 106 107 107 110 112 111 113 119 125 131 137 143 145 143 139 136 135 136 140 138 137 135 135 133 133 140 148 152 154 155 157 162 164 167 174 183 189 192 191 188 189 189 192 195 199 202 207 207 202 195 178 144 105 63 65 79 81 80 74 73 74 71 57 61 82 110 130 143 158 167 174 177 177 173 169 167 168 166 163 159 159 160 159 158 157 158 157 160 162 164 165 165 164 163 158 154 155 158 160 156 147 132 112 94 84 80 82 84 85 88 99 115 125 129 129 126 123 121 118 115 114 113
40 84 92 92 98 103 107 110 115 120 123 122 122 124 128 134 141 150 154 153 149 144 143 146 149 149 151 148 149 153 160 167 174 175 173 173 172 172 174 176 185 196 201 203 199 193 188 187 190 195 200 195 181 165 152 137 127 98 110 145 119 86 103 111 103 101 92 87 103 117 113 106 99 85 82 89 100 121 154 167 168 164 164 163 161 159 159 162 162 161 160 158 160 163 168 171 171 172 171 170 163 157 155 157 159 157 149 134 115 96 85 81 81 85 86 93 104 115 126 129 129 126 123 120 116 116 116 116
43 94 100 100 103 106 109 117 122 123 126 127 126 127 129 133 137 145 153 159 158 155 155 156 159 161 160 161 165 171 179 184 185 186 184 180 176 172 171 177 187 195 200 202 198 192 187 187 185 179 163 149 136 140 135 109 123 138 107 118 172 170 158 167 166 168 168 163 158 141 146 167 175 169 159 136 110 82 90 125 163 174 175 173 167 167 166 165 164 163 163 164 165 169 174 178 179 177 174 171 165 159 156 154 156 154 147 132 114 94 83 79 78 83 90 96 104 111 118 120 121 119 118 114 113 113 116 119
42 101 108 107 105 107 110 116 118 116 115 118 120 123 125 126 128 134 146 155 160 163 164 166 169 171 175 178 179 181 183 186 185 185 182 175 170 167 174 183 189 191 192 193 193 191 193 176 151 137 132 137 142 134 100 95 112 111 113 120 137 177 156 154 178 168 159 156 155 163 148 139 145 156 155 168 179 167 130 75 54 70 107 150 174 169 165 163 160 161 164 166 167 170 174 177 177 174 170 167 162 157 156 152 149 143 136 125 107 90 79 75 73 76 86 90 94 95 96 98 100 102 104 106 105 105 110 115
43 104 105 102 99 99 104 109 110 108 107 105 108 113 113 115 120 127 140 149 154 157 159 161 164 170 175 178 177 176 177 178 178 177 173 169 167 169 179 186 189 191 191 191 191 192 168 132 137 127 132 145 130 93 86 91 87 107 100 82 96 131 155 137 134 156 163 152 143 127 125 142 140 129 124 113 145 171 173 169 127 62 29 44 98 152 164 154 151 156 159 160 164 165 166 169 168 166 164 161 159 156 154 146 139 132 125 118 104 89 75 69 68 71 78 83 84 83 83 84 85 88 92 97 99 97 102 106
40 98 97 92 90 93 96 101 105 106 104 102 103 104 107 109 111 113 118 123 126 131 134 137 140 144 148 150 151 154 157 159 160 162 162 161 162 163 165 170 175 178 179 180 179 157 119 133 128 129 138 131 65 71 94 79 70 71 99 100 68 64 77 105 110 75 113 140 128 138 117 100 118 148 131 94 67 113 149 156 168 166 107 41 33 70 124 160 137 138 148 150 152 154 155 159 160 161 159 156 154 150 146 138 130 125 120 114 101 87 74 66 66 69 74 81 82 81 86 90 90 90 90 89 90 91 92 95
33 79 80 80 79 80 82 88 95 99 98 95 96 100 107 111 106 97 92 94 98 102 107 109 112 113 115 118 122 128 132 135 138 145 152 157 158 157 155 157 162 168 171 178 159 112 126 128 125 137 124 62 68 83 86 82 67 59 54 67 81 76 80 86 74 40 35 63 63 71 92 91 87 108 149 131 89 47 73 125 144 123 155 127 57 57 84 143 161 128 122 130 132 135 139 148 156 156 153 147 143 139 132 128 123 118 111 103 88 74 68 67 69 77 82 85 88 88 93 98 106 106 100 92 87 91 93 94
30 71 78 78 77 76 74 80 90 95 93 93 90 90 94 96 92 85 82 84 87 89 91 91 94 95 98 102 108 114 119 124 128 135 142 147 146 149 150 151 154 160 167 164 113 117 125 126 134 126 56 55 69 77 87 97 94 93 93 89 95 106 119 131 125 118 116 107 97 80 59 45 47 57 77 116 139 98 41 46 96 130 102 131 131 56 62 113 158 165 128 117 120 120 127 140 149 148 145 139 134 132 125 115 111 105 95 84 68 59 57 62 69 79 87 90 94 96 99 106 116 120 114 104 96 100 99 96
32 73 83 87 86 82 77 78 83 89 90 90 86 82 81 82 83 82 80 79 81 82 86 89 94 97 97 96 99 103 107 111 116 120 124 127 128 125 125 128 132 136 138 112 94 114 124 128 134 73 31 53 66 69 67 64 59 61 65 71 76 79 82 82 84 95 116 125 110 97 93 77 59 42 35 40 54 104 116 75 45 61 103 106 125 89 38 78 132 164 174 147 126 125 124 126 131 131 125 119 119 116 107 98 89 82 79 70 59 52 50 54 64 72 78 82 86 88 88 91 101 108 108 101 93 96 95 90
36 74 79 89 93 87 79 77 81 83 83 80 79 80 81 81 81 81 81 81 82 84 88 97 105 107 105 103 102 104 103 106 109 114 119 118 117 112 111 114 115 117 111 91 92 111 124 131 89 30 44 57 79 107 111 103 94 83 82 84 84 97 108 130 147 146 142 143 144 144 149 160 153 138 128 112 75 46 60 107 122 81 49 88 100 108 55 45 103 146 170 174 158 127 126 126 125 117 109 100 93 91 87 81 75 74 75 71 62 54 51 57 65 69 75 80 81 81 78 73 75 79 81 80 76 77 81 81
33 66 74 88 95 88 75 73 77 78 77 75 74 75 76 75 74 76 77 77 79 82 87 95 100 100 99 99 101 100 99 102 103 102 103 104 104 102 103 107 111 111 95 87 95 118 136 114 31 34 41 41 44 53 69 84 84 83 91 102 111 121 127 134 147 152 155 159 165 170 172 173 177 179 181 180 173 158 114 81 76 109 107 58 86 88 50 35 59 112 161 165 178 153 121 127 127 120 112 99 88 83 79 76 74 76 78 73 64 56 53 62 69 70 72 81 82 81 76 69 68 69 69 68 67 71 77 81
32 64 73 86 89 84 76 76 80 79 76 71 69 70 72 73 73 71 70 70 72 75 79 82 85 88 87 87 87 87 91 93 91 86 85 89 89 90 94 98 102 99 82 88 110 129 129 53 22 25 24 31 51 68 77 81 79 83 88 89 95 108 127 138 144 152 158 161 161 161 162 160 157 156 147 141 137 140 147 144 126 92 90 117 74 70 43 36 42 84 148 166 169 167 139 118 124 118 111 102 94 88 78 73 70 72 72 66 55 44 45 55 65 69 70 70 73 73 66 62 63 63 62 61 59 59 66 72
33 69 73 79 84 88 88 88 90 89 84 79 75 74 77 76 75 71 68 67 69 73 75 77 84 90 93 92 85 83 83 85 84 82 83 86 86 87 90 94 98 86 77 94 117 130 83 16 21 29 41 47 46 51 60 66 76 88 97 104 109 111 109 117 122 122 122 125 129 133 137 134 147 158 166 165 167 169 167 162 153 143 108 87 124 80 38 34 46 73 130 168 167 162 159 112 102 99 95 95 92 89 86 81 77 76 73 65 53 42 40 49 62 69 70 69 66 65 63 62 62 61 60 57 55 51 53 55
33 71 72 76 88 97 100 95 90 90 87 86 85 84 79 72 71 69 68 68 69 69 74 81 89 92 90 87 84 80 77 79 81 83 84 84 84 86 88 92 95 78 86 104 117 112 40 17 26 31 38 47 58 73 76 80 92 97 99 103 108 114 116 122 123 129 128 127 127 131 144 154 156 156 160 167 171 174 174 172 174 170 164 157 103 99 49 32 40 85 136 165 164 167 146 129 84 87 82 80 83 87 91 90 86 81 75 68 56 45 40 47 62 70 73 71 66 63 62 61 60 60 60 56 52 48 48 50
38 81 85 92 99 106 104 94 84 81 81 87 91 88 81 72 69 70 73 74 74 70 77 90 93 89 84 83 85 84 83 84 85 86 88 88 85 83 84 88 90 77 94 118 119 115 38 17 27 36 44 50 57 60 62 64 65 64 68 77 82 94 101 103 108 116 121 132 144 147 143 138 138 140 142 146 146 149 155 162 166 164 147 141 138 84 44 31 34 92 146 157 162 163 121 149 85 75 73 68 68 75 82 86 85 79 70 63 54 45 41 48 61 69 72 69 65 62 60 59 58 60 61 57 52 47 46 46
41 98 102 104 105 107 104 95 85 81 80 84 89 89 83 79 76 76 81 83 83 76 79 86 91 86 83 91 97 96 95 93 91 95 98 96 91 83 80 84 86 81 88 118 116 111 40 20 31 41 47 52 60 65 68 71 77 84 86 92 92 93 95 92 93 87 77 66 53 47 45 48 54 61 72 83 96 100 107 113 129 139 139 131 130 125 49 31 27 96 153 159 162 164 107 141 118 63 61 58 57 59 65 72 74 74 66 57 51 43 42 45 57 67 70 70 68 65 63 60 61 63 62 57 50 44 43 44
38 90 96 98 101 104 104 99 90 83 82 84 86 87 89 91 89 88 89 91 89 81 80 77 76 74 84 95 104 105 103 101 102 105 106 104 96 85 84 89 84 84 80 102 91 102 30 33 46 50 54 59 61 62 61 60 61 58 52 49 48 45 41 38 36 37 41 48 52 53 55 58 60 63 56 47 41 34 34 38 49 64 79 96 114 121 52 25 24 88 153 156 161 163 100 118 156 63 55 52 49 47 48 56 64 65 59 54 49 44 43 45 55 63 67 71 72 75 74 72 72 69 63 54 45 40 40 42
32 76 82 90 99 103 99 97 94 94 96 96 93 92 96 102 101 97 96 96 96 94 90 85 76 77 88 100 105 102 100 102 106 109 107 103 98 92 90 94 86 72 88 97 81 88 16 21 27 30 31 29 25 24 25 27 32 37 41 43 46 49 56 63 71 80 90 98 100 94 89 92 99 120 131 121 102 90 78 57 36 24 17 28 39 41 23 20 21 73 147 154 163 163 107 108 170 85 55 54 50 47 45 46 47 47 46 47 47 47 48 51 57 61 65 69 75 81 83 82 77 70 61 49 41 38 39 42
31 70 76 88 94 96 94 93 100 106 109 104 95 89 94 98 99 97 95 95 98 98 94 86 81 83 92 98 100 95 93 100 106 108 105 101 98 93 88 88 79 78 94 90 75 81 11 12 17 15 12 13 13 21 30 34 36 39 45 55 67 72 74 79 84 87 92 95 93 96 94 89 89 94 112 123 109 93 87 90 82 75 38 18 19 15 14 17 19 64 140 153 166 165 116 101 169 118 57 58 55 54 53 50 45 40 38 42 44 46 52 58 63 64 64 69 76 79 79 75 65 58 51 43 40 39 40 44
30 68 74 85 97 96 91 90 94 101 101 95 92 88 93 95 96 97 97 94 90 87 83 82 84 87 93 97 97 94 95 102 110 113 107 99 90 83 80 85 80 93 83 83 67 100 18 25 25 13 19 15 17 26 34 39 42 49 61 66 72 84 96 91 93 94 103 110 102 98 104 105 114 112 120 123 118 113 101 91 93 88 72 22 21 20 16 16 19 68 133 146 165 171 131 103 163 145 60 59 56 57 58 56 50 41 36 39 43 47 52 60 66 66 64 63 65 65 61 54 47 42 41 40 40 40 41 45
33 69 78 91 105 109 101 97 97 98 99 94 96 100 102 103 100 100 98 94 90 91 90 91 92 91 95 99 100 97 96 102 108 112 106 96 82 77 81 81 88 86 89 75 60 100 33 23 15 14 19 13 18 29 42 50 50 49 56 66 66 71 80 84 80 78 75 77 75 72 77 86 95 106 109 114 112 110 117 109 103 96 67 16 17 21 17 15 22 72 126 143 167 175 148 116 156 155 63 58 54 55 56 54 49 40 37 39 44 49 54 63 70 67 62 56 52 48 42 38 35 37 39 39 39 39 39 41
35 71 79 90 103 112 111 107 107 106 106 103 104 106 107 108 102 99 97 98 103 109 110 104 97 95 98 104 105 101 97 95 95 96 91 86 83 82 85 78 84 78 109 82 63 102 40 21 14 16 15 13 19 36 43 47 46 44 37 43 47 45 49 54 57 68 70 49 46 43 50 55 58 65 66 60 62 63 62 68 90 90 65 15 15 23 20 18 25 80 133 152 175 178 159 129 159 158 73 62 57 54 53 50 44 39 36 42 48 53 57 65 72 71 66 59 55 50 43 40 38 38 39 39 38 38 39 38
33 71 77 82 91 100 103 101 101 101 103 103 101 102 103 100 95 95 93 98 108 117 115 104 94 98 103 111 110 108 102 99 93 85 79 80 84 89 88 75 71 97 122 96 60 97 52 18 18 17 14 14 23 38 37 34 35 28 20 19 25 34 36 37 44 53 60 49 44 53 54 39 33 32 28 26 34 55 55 44 48 71 70 19 14 21 19 18 30 79 127 159 174 171 156 130 160 164 89 70 64 58 54 49 43 37 37 44 50 54 57 65 73 76 75 69 66 62 55 48 44 44 43 41 40 40 40 38
30 69 74 78 83 86 90 90 90 92 95 101 105 104 101 95 88 86 88 89 96 103 102 97 96 106 114 117 111 105 97 95 92 83 76 80 88 95 92 72 69 116 125 106 63 82 58 17 16 16 12 18 28 41 44 40 25 20 25 36 37 35 38 31 39 50 55 62 70 69 43 27 30 30 27 21 30 62 87 82 62 63 73 28 13 19 20 19 33 69 121 165 171 169 152 129 158 172 108 87 80 71 63 53 45 39 39 44 51 58 60 67 78 82 82 78 74 71 66 60 54 50 50 51 52 50 48 45
28 70 76 80 82 83 86 91 92 95 100 107 111 113 110 102 96 93 92 87 86 90 92 94 106 120 127 120 106 92 88 88 84 80 80 83 90 98 94 67 76 115 116 124 82 78 62 15 16 15 14 25 35 45 49 42 38 39 42 59 52 46 43 38 39 47 63 94 121 101 63 34 42 49 43 41 26 25 41 60 86 84 88 41 14 18 19 21 43 63 115 168 173 168 154 134 159 171 114 101 96 87 76 61 50 42 40 45 54 62 63 67 75 83 87 84 80 81 78 71 64 59 60 65 69 70 65 58
28 76 84 85 80 78 83 92 99 103 109 111 110 109 110 111 114 116 115 109 103 101 102 103 110 123 128 120 105 96 99 100 98 96 95 95 98 101 84 66 91 115 104 125 98 92 74 20 15 14 16 29 38 45 54 54 52 48 47 48 51 59 62 50 41 53 70 108 177 130 98 79 65 83 74 70 73 86 85 82 78 95 89 48 18 16 20 25 50 55 114 171 171 168 155 137 163 165 109 101 100 95 83 69 56 46 47 53 62 67 65 60 62 69 78 88 93 93 88 85 78 72 72 76 82 87 82 74
28 80 84 78 72 69 78 94 107 116 117 111 101 96 104 118 126 132 133 129 124 121 119 117 119 127 131 125 115 113 121 124 123 121 118 110 108 106 85 73 100 111 106 118 103 102 95 37 14 13 19 33 41 45 59 63 67 69 71 73 77 80 74 53 47 60 76 97 154 136 111 112 109 79 98 101 96 95 100 106 101 106 100 53 19 15 17 33 53 50 118 173 165 167 150 142 160 151 94 89 92 88 78 66 54 47 51 58 68 74 68 55 44 47 68 86 97 101 97 92 88 83 81 83 88 91 90 82
26 71 73 70 68 69 78 97 112 122 121 112 100 100 108 121 130 134 136 137 135 133 132 132 131 135 137 134 128 125 132 139 141 140 132 122 117 119 87 72 105 104 113 118 123 107 89 53 20 13 18 38 45 48 59 71 67 66 69 67 61 62 67 50 57 60 79 133 157 119 118 99 126 106 66 78 95 108 110 99 101 101 108 58 16 16 17 43 52 49 111 168 165 168 141 143 153 141 76 73 74 70 64 55 49 45 44 52 61 64 60 51 40 34 51 73 84 91 89 83 83 82 76 78 81 80 77 71
24 60 66 68 69 71 75 87 100 104 102 101 98 104 111 117 119 119 119 120 121 119 119 120 121 126 131 131 127 125 130 136 137 138 131 121 118 126 104 81 91 97 99 116 132 113 77 52 29 12 13 37 44 49 59 71 70 63 62 74 73 66 53 50 58 59 86 157 153 123 114 98 99 113 95 73 67 77 88 95 105 99 101 57 14 16 21 53 53 48 93 154 166 169 144 145 149 134 70 71 71 67 65 63 61 58 51 47 51 57 58 54 51 48 48 57 66 71 72 67 61 60 63 66 70 71 68 62
20 57 60 64 66 66 66 71 76 78 78 80 86 90 91 94 96 93 91 92 91 89 90 93 99 106 113 115 113 112 112 114 114 112 110 108 107 102 90 89 96 83 98 97 130 117 69 48 36 13 12 26 41 48 47 64 67 69 67 80 75 59 49 55 58 67 91 157 169 128 117 107 97 106 108 97 76 75 79 81 85 86 85 41 12 18 26 59 51 48 81 128 161 169 154 136 153 134 85 89 88 86 84 85 84 79 74 70 69 72 74 75 75 74 72 70 71 71 70 64 60 61 66 69 72 73 72 69
24 67 69 72 75 76 76 75 76 77 78 80 82 80 80 83 87 86 85 84 85 87 89 92 97 101 102 102 103 103 102 101 100 104 108 101 89 80 83 82 95 75 102 86 110 108 63 49 39 14 13 14 31 42 48 56 76 69 76 84 78 55 48 51 50 65 91 129 131 108 114 119 94 118 124 114 112 84 71 71 73 63 60 18 15 18 35 58 46 48 74 114 153 169 160 130 149 133 108 110 108 105 104 103 102 100 97 94 96 98 98 97 95 94 91 91 89 88 86 81 76 76 77 77 80 81 80 77
35 94 101 103 101 97 96 95 95 94 96 98 97 96 96 97 95 95 97 98 101 104 104 105 106 105 107 107 109 111 109 108 109 106 99 100 102 99 88 74 114 63 100 85 99 105 68 47 39 15 13 12 24 39 50 55 65 71 77 80 65 48 60 64 58 58 68 80 90 111 137 139 100 82 111 121 121 112 80 66 63 59 35 12 16 15 51 47 45 46 70 110 144 174 160 127 150 132 120 121 119 115 114 113 111 109 109 109 110 110 109 105 101 100 100 100 100 100 99 97 93 90 87 84 85 85 83 80
45 115 123 126 123 120 121 122 120 119 121 124 126 126 123 119 119 118 119 119 120 122 124 124 124 123 123 123 125 125 118 112 104 100 102 99 89 73 59 69 91 77 76 102 101 112 80 49 42 18 13 12 21 37 48 55 60 66 71 52 46 52 48 42 38 34 40 38 38 54 63 68 91 86 62 97 109 104 98 82 69 57 16 13 16 18 62 34 51 45 61 103 141 179 155 129 152 129 117 120 118 115 112 111 110 110 110 110 111 110 109 103 103 102 104 103 104 104 103 101 99 97 94 91 91 92 93 91
42 114 122 124 123 122 122 124 125 126 127 128 131 133 130 127 129 132 131 131 130 131 134 137 136 132 131 131 128 119 108 106 108 105 102 95 84 73 63 67 80 103 55 106 99 111 102 57 45 20 12 13 17 34 46 55 58 61 52 50 56 56 53 53 50 48 39 40 47 50 59 89 120 125 90 60 86 96 90 88 72 33 14 13 15 28 65 30 60 43 51 97 138 171 144 130 165 178 126 113 113 112 110 109 109 109 110 110 111 109 105 104 105 106 108 109 108 108 106 105 104 103 100 98 99 101 101 100
33 92 101 102 102 102 99 96 97 105 107 108 109 111 111 111 115 119 118 117 116 116 117 120 120 121 121 119 115 114 112 110 104 101 97 91 83 69 58 68 76 98 80 72 110 103 123 68 40 19 14 15 13 29 43 52 57 47 46 57 56 53 55 56 54 63 72 72 93 113 117 124 120 117 114 84 61 80 82 80 59 20 14 15 14 37 65 35 63 42 43 96 133 164 143 129 170 192 180 129 114 116 116 114 113 113 113 113 112 111 109 109 110 110 113 115 115 116 114 114 113 112 109 108 107 107 106 104
26 79 84 83 84 86 87 87 90 93 96 100 102 102 102 102 104 109 109 108 108 111 111 110 111 118 116 109 108 105 102 102 99 96 94 87 80 70 53 69 69 88 83 54 85 98 104 66 39 21 18 17 13 23 43 49 48 39 52 52 52 53 54 55 67 85 97 87 91 98 95 92 91 92 93 90 68 61 77 74 40 14 13 16 16 45 67 44 62 42 39 96 125 158 148 140 171 178 185 183 126 114 117 116 116 116 116 115 114 114 115 115 113 113 115 115 115 116 115 115 113 112 111 111 110 108 105 102
22 68 74 72 74 75 76 78 80 80 82 88 90 90 92 92 93 103 108 107 108 114 115 113 115 119 108 98 87 87 88 83 73 74 77 78 74 66 54 66 60 89 93 63 49 77 86 52 36 22 23 20 13 17 39 45 43 38 44 37 41 45 46 48 50 59 72 77 70 67 68 64 60 58 58 71 62 62 76 66 26 12 15 13 27 50 68 48 62 45 38 91 112 151 145 144 175 187 195 199 181 127 107 110 111 114 118 117 116 115 116 116 114 115 115 114 111 111 113 112 110 107 107 106 104 102 99 97
25 66 74 77 79 80 78 80 82 85 90 98 99 98 100 98 95 104 110 110 111 109 108 110 110 96 87 78 76 73 66 61 57 57 56 65 74 62 49 63 50 61 94 73 44 51 68 42 32 23 25 20 13 13 29 40 44 36 30 25 38 40 42 47 55 53 47 62 75 98 119 76 62 41 21 42 51 66 72 44 13 15 14 15 39 54 68 48 61 50 43 87 111 145 138 149 187 195 197 198 198 187 144 107 100 108 113 115 113 108 106 105 105 106 107 103 99 100 101 100 98 99 97 98 97 97 96 94
34 87 98 105 112 108 105 112 112 112 119 125 129 135 131 125 122 126 125 123 124 121 122 117 96 86 81 79 76 75 74 67 64 63 59 53 64 67 48 58 57 44 80 110 79 42 42 38 34 27 14 12 12 12 16 31 39 38 30 37 40 40 42 43 48 56 58 61 69 65 59 51 59 63 53 41 65 62 47 17 13 14 16 20 48 65 72 52 70 51 43 82 106 145 133 156 188 188 189 187 184 187 195 179 141 100 92 95 95 92 92 90 89 90 90 87 87 89 89 86 84 83 82 85 85 87 86 86
37 99 112 115 119 115 112 115 122 114 107 111 117 127 125 116 114 109 103 105 107 109 113 97 89 91 90 87 84 86 84 80 73 70 65 52 54 71 49 47 63 46 83 128 97 55 39 38 34 36 18 14 17 15 12 16 32 37 33 40 40 37 37 39 34 30 29 29 30 37 51 63 66 77 74 60 65 49 18 13 14 16 17 30 54 71 73 60 72 50 46 82 92 143 149 170 176 177 181 175 177 178 187 190 194 174 99 68 69 68 69 72 69 64 66 65 65 68 71 71 70 73 72 69 72 71 73 73
33 96 106 98 98 95 99 98 93 93 86 85 85 74 76 73 70 69 61 66 72 78 85 81 83 87 90 93 95 93 90 85 81 75 66 57 45 65 59 50 61 58 51 121 97 48 45 38 38 44 30 22 19 19 15 11 15 29 37 41 42 46 49 47 37 37 38 39 53 75 79 83 78 80 70 62 50 18 12 15 18 19 20 46 60 94 82 68 76 50 47 84 94 144 158 170 175 174 171 162 171 174 181 184 183 189 177 73 53 57 54 53 53 43 43 47 45 51 56 59 58 63 68 66 66 68 65 65
20 59 73 66 68 73 62 68 67 65 70 63 62 53 47 50 46 53 49 46 56 58 73 68 69 70 71 74 81 83 83 85 83 81 72 64 44 48 68 55 59 67 50 75 84 45 55 50 49 51 38 15 17 21 19 14 11 12 18 29 43 48 49 44 39 42 46 49 48 66 75 71 63 45 36 43 19 12 14 17 20 21 29 61 65 109 94 80 77 43 45 83 105 146 159 163 172 171 168 161 166 170 179 182 181 177 191 148 59 59 57 52 50 46 42 45 49 51 54 60 65 67 70 71 71 74 71 69
11 36 46 49 45 50 49 49 55 52 53 54 50 51 48 50 49 44 46 42 48 63 83 72 77 83 81 78 72 72 73 76 78 78 77 71 53 38 65 46 63 63 59 64 83 59 57 58 55 56 45 13 12 13 14 16 14 11 11 13 23 30 39 39 35 38 39 36 40 50 60 60 40 19 14 11 12 15 17 21 23 23 45 69 66 114 98 84 70 37 47 79 109 151 137 159 168 162 159 162 165 166 177 180 171 176 182 192 116 49 49 44 41 39 38 42 51 56 56 59 67 71 72 71 73 76 77 76
13 52 58 56 62 59 60 64 69 71 68 66 63 71 72 68 68 61 56 55 60 82 78 80 93 97 94 91 89 90 85 79 76 73 75 71 60 43 52 58 68 52 69 65 74 83 69 59 61 56 52 21 11 15 15 13 13 12 12 12 11 12 20 23 25 26 23 21 22 23 18 14 12 12 12 12 13 17 20 23 26 26 61 71 70 116 112 89 63 36 44 77 108 152 113 154 168 156 145 162 164 168 177 179 164 166 182 186 187 72 40 42 42 43 42 39 42 48 50 55 62 69 72 70 70 72 70 70
14 58 69 63 65 68 63 63 71 70 70 75 74 79 82 75 75 70 64 58 65 86 82 82 83 85 99 113 122 131 120 111 114 124 129 111 62 55 43 67 68 61 61 103 63 55 80 71 57 58 55 33 11 15 18 17 12 11 12 12 12 12 12 13 13 14 12 12 11 11 12 12 12 12 12 12 12 19 24 27 27 35 74 74 85 121 124 90 55 34 41 73 104 155 116 161 169 153 137 158 164 165 176 176 162 161 179 183 196 141 44 44 46 50 50 48 49 50 46 46 52 58 64 70 73 71 65 62
14 51 62 59 53 58 57 56 61 58 54 62 62 61 69 65 65 60 51 51 76 89 80 84 100 113 127 137 134 139 141 134 124 119 133 135 91 68 44 60 69 72 71 65 79 67 42 50 66 55 56 50 15 14 17 19 17 12 12 13 13 12 12 13 12 12 11 12 12 11 13 13 12 12 12 13 12 14 24 29 26 48 79 71 105 120 128 83 46 36 41 67 107 152 139 170 165 146 141 157 161 167 173 175 156 162 182 186 189 189 81 48 48 47 48 47 49 48 46 42 43 45 46 50 57 60 62 64
16 56 64 65 61 59 58 54 55 60 60 53 53 54 56 55 55 59 59 59 74 73 80 89 87 87 84 84 87 88 96 110 115 103 97 106 123 123 81 48 72 73 78 64 48 80 106 64 38 60 56 58 23 14 17 18 20 17 12 13 15 14 15 14 12 13 12 11 12 12 13 13 11 12 14 14 13 22 31 30 23 71 84 76 125 105 137 82 39 41 51 67 108 152 151 169 162 142 139 157 166 166 173 171 153 165 183 185 186 195 134 57 56 50 48 50 49 45 44 42 44 47 49 47 45 43 45 53
15 59 59 58 56 51 56 56 54 60 59 56 57 59 61 62 57 55 61 66 72 73 75 73 76 75 77 77 72 67 66 68 72 79 79 77 82 101 111 55 47 64 77 76 55 37 81 136 77 35 65 59 35 15 18 18 21 20 16 13 17 16 14 11 13 13 11 12 12 12 16 13 16 19 21 18 17 34 35 22 30 91 81 93 131 88 136 71 36 45 64 68 105 157 145 167 156 139 123 150 176 171 170 161 152 167 179 183 184 188 179 81 60 59 54 55 56 55 55 54 52 55 54 51 48 43 43 46
16 56 55 55 58 57 62 75 86 88 78 75 75 65 62 65 59 53 55 69 72 68 77 91 104 108 107 105 104 99 94 87 87 87 85 82 79 65 64 71 42 45 75 81 65 52 39 87 138 65 50 71 41 17 20 21 22 23 22 19 20 16 19 31 43 24 17 17 15 18 23 22 23 18 14 12 11 25 32 15 65 104 91 113 118 88 132 53 41 59 71 68 101 155 153 163 154 139 123 138 174 179 165 158 156 174 176 176 174 181 191 127 63 65 54 50 55 58 61 58 56 57 55 51 52 56 62 66
21 50 58 68 82 84 78 75 83 91 95 98 99 93 85 77 65 53 55 68 74 91 109 108 101 96 93 93 96 98 93 88 87 84 86 78 73 81 76 54 35 29 76 82 69 64 54 62 120 107 53 109 60 17 22 25 29 35 40 43 32 19 43 69 66 63 36 32 27 26 23 33 43 37 22 13 16 19 21 27 93 98 98 115 107 90 117 41 55 68 75 70 94 144 157 157 149 135 124 134 171 174 156 152 168 177 174 168 170 181 186 142 66 68 61 55 53 56 61 62 65 70 71 69 74 79 83 86
25 75 81 92 91 87 89 82 76 77 88 99 87 87 103 113 103 95 82 78 94 102 101 100 88 83 81 76 70 81 87 87 83 81 84 84 66 64 75 82 72 41 90 107 80 70 67 67 107 100 75 118 67 32 42 44 46 47 48 56 56 52 60 66 35 41 42 29 27 22 38 64 40 39 25 20 23 15 15 62 91 89 92 116 100 91 88 46 64 74 82 76 93 142 153 151 140 135 111 125 169 167 158 151 172 172 157 166 179 182 184 179 119 74 73 70 65 65 70 75 79 85 87 86 86 89 92 91
28 76 73 73 77 85 89 97 100 91 84 86 91 85 94 110 119 118 102 80 85 94 96 100 97 97 90 81 67 62 69 76 79 79 83 87 74 54 57 68 76 51 100 121 111 91 83 87 115 76 94 120 66 41 49 48 47 48 47 50 55 59 54 74 85 55 26 25 22 28 81 48 31 34 29 32 29 13 29 94 91 95 99 121 104 96 71 63 69 85 86 78 98 141 154 157 149 137 95 118 164 155 151 154 175 147 163 179 179 180 182 184 188 111 80 82 80 82 84 85 85 87 91 90 88 90 94 93
27 72 83 81 70 72 77 92 89 82 94 104 109 109 109 106 105 101 83 70 72 81 92 97 101 105 105 100 89 66 50 57 66 71 78 86 85 57 45 55 57 50 105 120 125 119 106 98 109 69 109 107 32 35 45 47 44 49 48 49 51 55 66 63 62 55 39 36 30 77 62 47 54 51 41 40 33 15 64 114 102 111 118 127 107 83 63 70 85 98 115 111 117 129 152 162 160 140 86 121 153 149 142 162 156 159 180 176 174 176 176 179 165 102 83 77 77 81 86 86 87 88 88 86 86 90 91 87
26 64 64 73 84 83 75 74 79 91 101 103 99 93 91 92 93 82 82 82 83 78 82 90 94 100 100 101 102 95 73 53 55 61 67 73 85 79 43 43 33 47 79 86 94 93 92 88 76 78 120 70 13 23 41 47 45 45 47 48 49 48 59 81 57 28 28 23 47 114 78 53 69 68 46 47 26 19 98 119 111 122 127 118 96 66 70 89 94 119 133 129 139 123 146 167 166 127 83 129 147 145 142 161 160 170 174 177 175 174 173 168 138 74 71 64 62 70 75 77 80 83 80 78 77 82 84 80
25 67 68 69 74 90 93 94 101 106 100 94 92 95 101 103 102 105 107 107 100 94 86 83 88 89 94 94 99 99 94 78 54 54 57 64 70 82 65 29 25 42 61 63 70 80 83 73 54 97 97 29 22 19 28 40 43 44 44 46 46 45 48 70 72 38 31 23 82 138 80 54 76 62 57 49 18 54 115 106 114 123 125 114 86 76 98 95 104 129 132 133 154 120 140 166 162 110 93 130 142 142 157 165 156 166 171 165 171 171 160 174 169 72 59 57 56 60 64 64 68 75 78 77 78 80 83 84
22 60 63 61 71 88 92 88 85 89 93 96 99 92 89 103 112 116 115 112 107 106 100 96 97 100 95 91 86 91 94 96 76 59 57 54 62 66 77 41 20 41 73 82 82 83 93 63 83 103 63 29 29 26 21 34 38 40 41 42 46 45 44 49 56 59 39 30 100 117 73 72 72 65 57 30 30 92 112 106 120 124 126 101 65 92 105 105 122 111 112 133 158 154 157 159 147 128 126 126 129 143 170 159 156 167 153 161 169 162 170 177 165 63 53 56 57 60 62 59 63 72 81 83 86 87 89 86
20 61 66 71 81 82 79 80 88 93 95 91 84 68 79 91 91 94 95 94 100 100 102 100 103 103 101 100 98 92 88 90 91 80 65 59 55 59 67 69 22 36 70 94 112 109 83 90 93 89 63 51 41 31 25 23 33 35 39 41 42 43 43 44 52 88 92 51 116 111 75 79 73 52 33 22 55 106 108 110 123 125 120 70 68 98 103 114 96 46 63 87 103 121 138 146 157 160 153 143 137 141 154 144 153 150 157 163 162 174 177 179 174 101 65 53 60 65 64 62 63 68 73 79 81 85 85 84
23 67 78 82 82 77 85 92 92 91 91 85 70 63 79 82 87 89 92 90 93 97 94 94 92 90 93 95 94 91 84 85 84 86 83 73 69 65 65 74 34 32 58 65 84 92 105 93 83 96 73 64 60 46 32 23 20 27 31 36 40 40 41 41 45 56 61 48 75 67 66 67 54 50 42 39 89 107 104 111 121 122 106 51 75 93 107 114 85 58 97 114 112 99 99 107 120 134 145 145 145 148 144 145 147 154 160 150 174 178 178 179 173 171 166 104 59 66 63 63 63 66 68 74 77 78 77 80
25 79 84 76 76 81 82 84 86 86 83 78 62 71 91 98 100 100 99 98 98 97 95 91 88 87 88 86 89 86 82 81 81 81 82 80 76 72 69 75 39 28 49 40 54 72 84 91 105 100 80 64 61 63 49 32 23 19 22 26 32 36 39 42 39 45 53 37 22 30 38 40 49 50 40 62 114 110 109 112 123 122 76 62 87 91 104 115 114 85 100 117 131 128 120 116 109 108 115 122 131 142 142 139 139 141 143 153 166 175 180 182 178 175 179 134 59 67 67 67 65 64 65 72 78 74 74 74
23 64 73 76 77 78 79 81 84 82 81 77 82 104 110 111 109 104 104 100 100 95 90 91 86 87 85 82 83 85 84 80 75 77 78 70 67 67 65 69 36 24 47 51 47 53 90 106 110 111 79 66 61 62 63 54 34 24 18 20 25 30 33 40 42 39 45 56 30 16 21 27 30 34 38 94 120 114 108 117 124 114 88 114 127 128 119 97 80 94 103 105 109 112 117 126 129 126 122 110 105 113 129 145 149 146 145 146 154 169 177 179 177 178 181 155 71 66 70 69 68 68 67 72 81 81 76 72
23 69 78 82 82 87 93 92 86 80 74 75 97 103 104 100 94 89 91 94 92 92 90 89 88 85 81 81 79 79 80 83 78 77 76 70 61 58 60 63 32 40 46 38 55 93 108 105 104 113 79 67 59 61 60 64 56 37 23 16 18 21 26 31 37 40 38 47 55 32 19 26 26 23 66 107 119 115 111 119 120 102 105 113 119 117 108 83 81 105 111 111 106 99 96 101 110 119 129 127 104 91 97 108 131 156 160 158 155 157 169 175 172 178 177 182 132 66 71 72 73 78 78 77 78 83 84 79
27 77 78 80 87 91 90 85 72 53 54 89 105 103 99 98 93 94 91 88 89 84 87 85 84 85 81 78 76 75 74 74 80 81 78 71 63 57 59 46 38 36 26 36 76 98 106 103 104 112 79 64 62 60 60 60 63 58 43 20 32 20 17 22 26 32 36 36 45 53 41 35 27 48 92 121 126 119 117 108 96 90 97 101 102 102 98 72 84 103 115 117 115 113 110 104 97 98 111 128 131 114 88 84 92 102 123 144 146 140 149 163 171 171 173 176 181 121 94 82 77 84 84 78 73 75 81 83
22 75 86 83 81 88 74 53 40 35 75 99 97 92 91 91 90 88 91 91 90 88 80 82 80 79 83 81 78 77 75 69 70 72 80 71 60 60 58 27 28 21 42 61 68 93 92 86 92 101 91 56 64 56 57 60 58 58 59 45 28 38 22 13 17 22 27 29 30 45 50 35 50 82 110 126 131 117 100 87 84 91 92 79 75 90 81 58 68 68 72 79 95 112 121 123 119 105 95 98 113 124 118 101 88 88 87 93 126 133 131 137 144 162 172 174 172 168 160 92 74 82 80 77 71 67 76 85
20 69 81 83 84 73 46 34 34 66 91 90 89 89 91 89 91 86 81 85 78 83 78 77 76 72 73 74 77 77 74 73 69 67 70 73 53 56 47 21 21 20 59 80 86 84 101 94 88 94 106 56 63 53 52 57 56 59 57 62 23 16 24 28 15 15 19 23 22 29 32 47 83 97 120 128 114 92 83 86 87 87 79 57 55 72 68 69 90 94 89 77 53 51 73 102 123 128 121 112 107 114 121 120 111 100 95 91 87 103 122 132 125 138 163 166 163 165 149 63 64 77 79 74 66 59 67 74
22 75 79 82 80 75 57 36 60 85 89 90 89 87 88 88 87 91 88 85 82 72 68 67 69 69 65 62 66 69 72 72 71 70 64 70 55 48 31 14 17 29 63 75 92 90 90 93 90 97 95 45 61 55 54 56 56 58 57 60 42 21 31 53 31 12 14 17 19 17 37 89 86 107 120 104 86 80 87 88 85 79 73 56 49 58 70 83 64 72 89 105 91 54 40 44 64 95 118 128 127 117 109 105 106 103 93 86 86 84 85 95 109 112 116 140 158 170 175 94 51 72 79 71 63 59 61 65
23 79 83 85 76 67 53 54 82 86 82 81 76 71 68 67 65 69 73 78 84 83 81 74 71 67 63 60 57 59 63 66 69 71 66 67 62 39 16 21 28 36 72 80 89 96 94 91 97 98 97 50 56 58 51 54 55 54 56 55 58 27 32 33 32 16 14 14 14 17 80 95 109 109 93 83 82 84 88 86 80 76 76 57 49 52 64 102 74 45 63 96 108 79 48 43 41 42 51 67 88 111 126 126 118 113 110 100 90 89 83 81 80 80 84 88 111 152 170 151 113 78 74 77 78 79 81 81
21 71 77 77 71 66 57 70 82 80 75 73 68 69 68 66 67 69 67 71 73 79 80 85 84 81 76 74 70 63 59 58 64 69 68 67 59 24 26 35 37 36 72 75 83 94 103 85 82 90 96 51 50 54 51 50 54 52 53 53 59 41 22 28 34 23 18 18 27 68 118 118 110 91 82 83 86 86 84 81 76 76 72 53 51 52 64 107 104 65 54 73 101 93 57 45 46 48 48 44 41 50 72 100 118 125 126 124 118 108 100 89 81 74 69 79 85 81 128 157 166 127 88 93 95 101 103 99
23 67 72 73 70 59 61 75 74 75 82 87 88 90 88 87 89 80 83 74 77 74 75 81 81 86 82 79 74 74 71 64 63 66 69 68 49 18 42 48 44 40 79 98 97 85 94 100 85 98 100 50 45 53 49 48 48 47 47 49 50 60 48 24 37 36 58 87 103 110 113 106 95 89 86 88 86 83 80 80 77 75 59 48 52 51 69 103 107 83 78 64 87 99 72 50 49 50 50 48 46 40 35 36 51 78 103 114 114 111 106 97 92 81 75 72 71 76 94 146 165 155 110 100 101 102 100 97
21 69 73 66 61 65 68 68 70 79 84 81 80 79 74 79 72 75 72 70 67 64 64 61 61 64 67 78 76 69 63 69 67 66 67 68 46 21 36 53 52 46 64 101 104 91 83 95 87 83 94 47 37 46 43 46 43 43 43 44 40 51 47 45 81 107 107 98 99 106 104 100 98 94 91 87 85 83 79 78 75 64 49 47 51 51 70 106 118 89 94 93 79 94 85 62 52 51 50 52 53 48 44 38 33 29 41 69 95 103 105 101 96 91 79 70 74 66 51 67 124 141 139 105 99 99 97 99
22 68 66 68 70 70 68 63 64 68 69 71 73 71 72 70 72 71 71 69 64 65 64 64 60 53 46 49 58 69 67 60 60 64 65 66 33 23 28 46 53 56 64 85 81 83 83 84 95 93 88 41 32 43 38 39 39 39 35 40 57 82 107 113 103 86 87 100 105 100 99 99 96 96 94 88 85 83 80 77 73 54 45 45 52 51 74 105 129 96 85 108 92 88 92 78 62 56 56 59 64 55 45 42 39 34 30 31 46 66 81 91 92 88 82 77 67 66 67 45 39 53 88 111 92 86 84 86
20 64 68 68 68 67 63 60 64 64 66 66 67 71 69 73 71 78 82 81 83 83 84 90 89 89 82 78 76 78 79 77 64 54 60 58 31 33 39 42 55 62 60 72 73 72 77 76 75 82 94 54 29 36 43 32 38 50 72 98 111 104 89 75 73 91 104 98 94 94 94 93 94 91 90 84 83 82 78 77 65 49 44 49 53 48 75 106 129 105 80 101 116 93 86 75 63 56 56 62 67 66 52 44 41 40 38 37 35 36 40 53 69 82 80 76 72 63 62 75 59 40 37 68 95 97 93 89
18 61 69 67 68 65 61 62 66 65 66 64 65 68 71 74 76 75 72 76 79 80 74 74 80 77 79 80 82 84 87 90 88 69 61 48 36 46 56 52 61 64 60 59 61 61 70 72 68 69 86 67 27 33 54 75 96 108 105 92 79 68 65 82 100 102 95 89 94 95 92 94 92 84 81 83 83 78 79 74 55 44 43 52 51 44 72 99 126 123 86 81 113 121 92 74 64 57 57 62 68 69 59 46 44 43 42 43 43 44 40 36 40 50 59 65 68 69 62 62 73 66 49 44 62 102 108 100
19 61 63 63 66 66 62 66 63 61 61 63 66 66 66 63 62 61 64 62 62 64 61 63 66 69 71 77 85 88 90 89 86 85 86 81 76 62 54 49 63 57 58 60 56 60 72 83 83 86 97 79 74 99 110 107 93 79 69 61 60 73 99 103 95 94 94 92 95 95 91 91 86 79 80 82 81 77 77 59 45 41 46 55 46 41 73 94 116 136 102 70 81 120 123 78 61 58 58 62 67 68 64 49 47 46 45 45 46 46 43 40 40 39 37 41 48 51 55 54 57 72 71 69 73 114 121 118
20 61 58 62 66 69 63 58 57 56 56 56 58 56 51 45 43 42 43 46 47 49 54 61 67 76 83 86 81 81 80 79 85 90 89 91 91 91 79 60 66 73 66 69 68 62 67 84 97 107 118 117 109 92 75 65 60 57 53 66 91 102 99 95 91 94 94 92 94 89 80 78 78 78 80 82 78 78 61 46 42 40 49 54 42 41 72 84 106 134 126 73 64 88 127 109 60 56 60 65 67 67 68 58 52 49 49 48 48 47 44 42 42 45 46 44 41 42 45 44 41 51 59 58 88 109 120 119
18 60 61 59 61 62 57 53 51 50 49 46 43 44 38 38 36 36 40 47 57 66 71 72 75 74 70 69 77 75 78 78 81 80 82 83 89 91 100 102 93 94 90 73 74 88 105 117 119 109 99 90 76 63 56 58 60 67 87 102 100 91 90 92 94 98 95 92 91 81 76 81 83 80 80 78 78 70 48 46 45 44 54 53 38 38 72 82 95 114 135 105 62 66 91 122 76 56 60 66 67 67 66 65 60 55 51 49 51 51 47 45 44 44 46 51 49 40 38 38 37 36 49 65 82 96 113 110
15 56 62 62 59 54 47 45 44 44 44 42 38 35 35 41 56 74 91 98 98 91 87 81 90 97 80 66 58 57 56 61 65 71 77 81 86 90 91 94 101 106 111 109 110 114 106 96 85 77 70 63 59 62 67 75 87 100 102 96 91 81 90 91 96 96 89 89 89 84 82 84 83 81 78 82 75 51 43 42 43 48 58 54 34 36 72 78 85 98 118 134 98 68 72 115 97 57 62 65 68 66 67 67 63 59 53 47 47 46 43 39 37 39 40 43 52 56 52 47 60 59 40 45 60 82 103 106
12 46 55 55 60 48 42 42 41 40 37 35 36 49 72 87 94 99 105 105 96 91 94 100 103 107 108 113 116 105 86 67 64 69 74 74 76 84 97 108 114 114 108 98 92 84 79 74 69 62 60 64 71 77 89 98 98 95 89 91 91 88 92 93 90 84 83 89 92 85 80 82 81 78 80 82 62 45 41 40 43 54 59 50 30 33 70 77 78 83 93 111 124 117 113 129 94 60 65 69 69 67 67 65 61 59 56 49 46 45 43 42 41 40 39 39 45 56 69 73 84 104 86 32 40 60 86 110
11 22 30 42 49 46 39 40 38 37 36 50 74 80 67 68 86 99 106 104 105 110 118 124 133 138 137 130 135 149 160 148 120 92 82 87 99 111 112 105 94 88 83 76 73 69 66 63 62 68 75 82 90 99 101 92 87 89 88 91 91 89 90 95 98 94 96 98 92 86 85 90 89 85 83 72 46 41 42 46 49 59 60 50 25 33 71 75 74 77 83 90 98 111 116 103 67 63 68 69 70 69 67 64 61 55 53 52 50 51 49 46 44 43 40 38 37 41 48 56 66 80 98 52 18 37 72 99
11 20 19 19 21 41 41 41 41 45 65 77 58 42 62 88 90 88 89 95 101 104 95 88 87 90 94 98 103 111 122 135 142 139 124 112 105 98 86 81 74 69 67 66 64 62 63 71 78 86 93 101 106 98 92 87 84 87 88 90 90 90 89 97 99 99 96 94 93 94 93 96 98 93 85 57 41 40 45 48 53 63 61 49 24 31 70 72 75 81 82 84 86 89 104 89 64 66 71 72 69 67 64 59 54 47 42 40 38 39 37 36 34 33 31 33 34 35 36 39 41 45 68 62 42 42 68 105
10 20 26 31 19 32 50 53 52 70 67 50 63 88 99 94 94 95 96 93 84 81 81 83 81 81 85 93 105 117 124 125 113 102 94 88 84 77 68 67 65 61 61 62 66 73 82 89 95 100 103 98 93 86 84 83 82 86 91 89 89 90 90 98 97 96 98 98 94 93 94 95 96 95 72 43 38 41 46 46 58 68 62 51 23 29 68 75 75 71 73 80 88 96 106 90 65 66 71 71 68 66 63 60 56 50 45 42 41 39 37 35 34 32 30 30 29 29 32 34 36 44 49 55 62 62 61 76
10 17 21 23 25 26 41 54 67 53 52 90 103 101 101 101 96 93 88 94 96 101 102 102 102 106 112 116 117 111 100 91 84 83 82 77 70 65 64 65 61 60 68 78 84 89 98 103 103 95 87 88 86 80 77 78 80 84 87 85 87 89 93 95 95 96 96 96 93 93 95 97 94 83 51 41 40 44 44 48 68 72 66 50 23 29 67 74 74 75 82 86 88 91 97 87 65 65 69 66 63 60 59 57 56 53 53 50 47 46 46 43 43 40 35 32 30 29 19 18 21 33 44 48 55 59 58 58
11 15 14 12 12 11 44 72 43 42 86 98 99 101 106 107 110 115 114 111 109 111 108 104 100 100 100 95 89 82 77 75 77 75 70 65 67 66 67 68 71 80 89 96 101 104 103 99 86 77 77 81 83 80 80 80 82 86 87 88 90 91 95 92 92 97 93 92 93 93 92 91 88 63 45 40 39 42 42 54 71 72 66 47 23 28 61 71 74 79 82 86 88 91 101 84 63 64 67 64 61 58 58 56 54 50 48 44 40 37 32 27 24 19 17 20 32 20 18 27 31 34 39 44 47 53 56 52
11 12 12 10 15 53 62 37 40 78 86 91 97 104 111 114 113 110 103 91 86 84 83 87 88 84 77 72 70 70 72 70 67 65 67 70 74 77 83 84 89 96 102 106 106 97 87 85 77 76 82 85 84 85 88 87 89 91 88 90 89 88 88 84 83 86 89 88 90 90 91 93 82 53 44 35 42 42 42 63 75 72 64 42 24 29 58 65 68 73 78 85 92 95 98 76 65 65 65 64 61 58 58 59 55 52 47 39 32 28 24 21 22 27 38 52 34 23 29 34 37 36 36 38 43 47 52 51
11 11 10 25 60 60 27 38 76 78 85 92 94 93 90 86 80 76 74 75 77 78 78 76 71 68 67 67 68 71 71 66 68 74 78 82 86 91 95 98 102 104 102 97 89 81 79 84 81 81 87 89 86 87 91 91 90 91 90 90 89 87 81 83 86 87 87 91 92 93 93 90 66 48 36 39 45 43 49 70 80 73 60 34 25 32 59 70 72 75 80 83 84 95 100 71 63 63 64 65 64 62 60 60 54 50 47 40 38 38 42 43 47 55 65 41 20 27 32 34 37 37 36 36 38 43 48 49
12 9 26 63 53 27 24 69 75 78 83 85 83 79 79 78 76 76 74 76 76 73 70 70 72 73 73 73 75 76 73 76 80 86 92 98 100 101 102 99 99 97 91 85 83 79 77 78 76 80 83 92 88 85 89 92 94 92 90 91 90 87 84 88 91 89 88 91 91 90 91 85 56 39 36 45 45 43 58 78 87 79 55 29 27 34 60 70 73 77 81 83 86 99 93 64 63 64 63 63 63 62 61 59 54 50 51 53 55 56 57 60 62 69 46 18 21 24 26 29 32 33 35 34 33 36 41 44
9 30 63 46 25 21 54 78 78 76 77 81 80 81 79 75 72 72 72 71 71 70 74 74 76 76 77 77 78 82 84 89 95 101 103 101 100 97 95 91 89 86 84 77 77 78 74 76 75 80 83 91 93 90 92 92 93 94 89 89 90 92 91 90 94 96 91 90 90 91 87 67 41 33 41 45 44 47 66 80 91 88 55 29 29 33 58 71 73 76 78 80 87 102 87 62 63 63 63 63 61 56 54 55 61 63 65 65 65 63 63 64 69 44 18 20 17 20 23 27 33 32 34 35 37 36 38 40
8 34 38 17 19 40 67 71 73 72 73 74 73 74 72 72 74 74 74 72 74 74 76 76 76 77 80 83 88 92 98 101 102 100 100 98 93 86 80 75 74 74 75 75 71 71 74 81 86 89 88 95 95 90 90 89 92 92 90 88 85 92 97 91 91 96 92 85 84 83 74 51 34 36 43 43 43 52 69 81 91 90 54 28 32 34 56 69 69 74 77 82 92 102 81 60 63 63 63 62 60 58 61 70 72 73 70 69 65 65 65 68 45 19 20 18 16 16 20 21 28 37 35 31 34 37 36 37
11 15 17 21 28 57 63 65 69 67 68 72 70 70 71 69 69 69 71 70 71 74 78 81 85 87 89 96 102 102 101 98 99 98 95 87 75 69 68 67 68 71 70 72 75 79 82 86 89 89 89 90 91 92 91 90 93 92 89 87 87 91 93 94 91 94 92 86 82 81 61 38 31 38 43 42 45 57 70 79 90 90 52 28 33 34 53 67 68 75 82 87 90 95 74 60 61 62 62 62 66 70 72 75 75 74 71 70 66 68 66 39 18 20 20 17 15 14 15 17 20 30 36 33 30 36 33 34
10 16 34 30 40 57 60 64 68 67 66 68 70 73 75 75 75 75 77 79 80 84 92 97 100 102 104 103 103 99 95 90 83 78 72 66 62 61 64 66 66 69 74 80 82 81 83 82 85 89 91 93 94 94 87 88 91 90 87 85 90 97 93 92 90 91 90 88 86 77 47 30 35 38 41 42 48 61 73 83 91 93 52 28 34 34 52 63 65 71 77 82 88 94 68 58 60 61 62 65 70 72 74 74 74 74 73 71 68 60 30 13 19 22 19 17 15 13 14 13 16 22 31 37 35 34 34 32
9 21 36 34 50 56 57 58 68 75 75 74 79 83 83 87 89 94 96 99 103 104 105 106 101 98 95 92 88 79 74 70 67 65 61 61 64 64 66 67 71 76 78 78 79 80 81 81 87 89 90 92 93 95 89 87 91 88 86 87 91 94 95 88 83 81 82 79 77 58 32 30 36 39 39 45 53 67 75 87 95 89 44 29 36 34 49 61 66 70 73 76 86 91 66 59 60 63 64 67 69 68 68 68 67 67 64 63 52 20 11 16 18 20 20 17 15 12 13 12 13 18 22 31 36 38 32 29
10 19 32 40 56 58 56 51 57 71 75 73 78 83 88 90 88 89 89 89 92 88 86 85 83 79 75 72 72 68 64 63 63 61 62 64 65 65 68 72 76 77 81 82 83 81 83 84 88 89 92 94 91 92 93 91 94 89 90 91 89 87 92 92 88 82 82 89 77 35 26 33 36 37 41 49 57 70 75 83 89 82 41 33 36 34 46 58 63 66 69 76 89 91 65 59 59 63 64 65 65 64 63 63 61 62 61 46 17 10 14 14 18 20 20 16 14 13 12 11 12 14 19 26 31 37 36 25
10 17 32 47 56 58 56 52 54 61 69 68 70 75 74 70 71 71 69 68 70 70 72 71 68 67 64 64 64 62 61 63 61 64 65 63 65 68 70 76 76 77 80 84 82 82 85 88 90 88 90 94 95 93 94 91 88 83 85 84 86 89 92 87 84 85 88 87 47 23 27 33 35 39 45 51 62 71 76 81 86 79 38 34 36 34 43 56 59 62 66 76 88 87 61 56 56 57 58 58 61 61 58 58 57 57 37 11 10 12 12 14 17 20 19 15 13 13 12 11 12 13 16 20 25 33 39 27
10 19 42 50 50 54 57 58 58 56 62 59 58 60 61 61 61 60 59 59 61 61 62 64 62 61 60 58 59 58 59 59 61 62 62 63 65 67 67 75 77 80 82 83 87 88 90 91 88 87 92 95 94 91 93 92 87 80 83 85 90 88 83 81 82 85 86 60 26 27 30 32 35 44 48 53 65 72 76 80 82 73 37 34 37 34 40 54 60 61 65 72 85 83 57 54 53 54 56 56 58 58 53 53 50 29 10 11 12 12 12 13 16 19 18 16 13 12 12 11 12 12 14 16 20 29 38 32
9 23 49 54 52 51 57 57 54 52 50 50 50 51 54 55 55 58 56 55 58 58 57 59 58 57 55 54 56 55 57 59 63 66 71 71 71 72 73 76 79 82 85 87 92 91 91 95 88 86 91 95 95 92 91 90 88 87 94 93 87 81 84 84 87 89 69 29 24 28 32 33 38 48 51 57 68 73 75 75 79 65 34 35 36 34 39 52 59 59 61 67 82 76 54 53 52 53 52 51 51 50 51 46 22 10 12 12 11 12 12 14 15 17 18 16 13 12 12 11 11 11 13 15 19 25 35 33
9 24 54 50 49 53 53 51 50 49 49 51 52 52 52 53 55 57 56 56 57 56 54 52 52 53 54 56 61 62 64 69 74 78 78 75 75 79 80 85 87 88 85 84 89 90 88 91 83 79 84 85 85 83 82 82 82 82 86 88 89 85 92 93 90 79 36 20 25 28 31 34 42 49 52 59 70 72 71 73 77 57 32 36 36 34 40 50 52 54 60 68 82 71 53 53 54 54 54 55 57 60 47 17 10 12 11 11 11 11 13 12 15 17 18 16 14 13 11 11 11 11 12 14 16 22 28 34
9 23 54 47 47 51 52 50 48 47 49 52 52 50 48 48 49 50 51 51 51 52 53 55 58 60 64 64 66 67 69 72 76 75 74 74 76 82 81 83 85 89 88 86 88 88 88 87 85 80 78 84 88 86 86 83 80 79 81 86 93 95 94 90 84 51 20 22 27 31 32 38 46 49 54 61 69 70 73 75 74 54 34 37 36 34 39 50 52 55 58 69 81 61 48 50 53 54 52 51 48 33 15 12 12 12 12 11 11 11 11 13 15 17 17 17 13 12 11 11 11 11 11 12 14 16 17 30
9 25 52 44 45 48 49 51 51 51 51 52 50 51 49 47 47 51 55 55 56 56 56 60 61 63 68 70 69 69 70 70 75 78 77 72 75 85 82 78 83 84 84 82 83 81 81 83 85 85 84 84 85 81 81 84 83 81 82 86 91 93 88 81 68 29 22 25 28 32 38 44 47 51 54 62 69 72 75 75 70 45 33 37 38 36 38 48 52 52 55 64 70 51 44 45 45 42 43 36 20 13 14 13 12 12 12 11 11 11 11 13 15 16 17 15 14 12 11 11 11 11 11 11 11 12 13 20
9 24 49 44 45 47 49 48 49 50 51 54 55 57 56 51 48 49 51 54 57 59 56 59 63 62 64 68 69 67 70 70 74 75 75 71 76 84 83 81 80 77 81 82 81 82 82 84 85 84 83 83 81 77 76 78 79 78 81 87 88 90 91 89 53 21 24 28 33 37 43 48 49 53 56 63 68 71 71 71 65 39 33 37 37 36 40 45 49 50 53 60 58 44 43 42 42 41 27 14 14 16 15 13 12 12 11 11 11 11 11 12 13 15 16 15 14 12 11 11 11 11 11 11 11 11 13 15
9 25 48 43 44 47 49 46 47 46 45 48 53 56 57 55 49 49 52 54 55 56 55 58 60 62 64 67 65 63 65 67 71 77 78 75 83 87 81 80 79 77 77 76 77 78 76 77 78 76 74 73 69 64 64 65 68 71 70 79 85 86 90 80 34 23 29 34 39 41 46 48 50 54 58 62 63 67 69 68 57 34 33 37 36 36 39 45 47 49 51 57 54 42 43 43 41 24 12 14 16 16 15 14 12 12 11 11 11 11 12 12 13 13 14 15 13 12 11 11 11 11 11 11 11 11 11 13
9 28 48 44 43 45 48 46 46 46 46 46 49 53 58 60 56 49 49 52 56 56 56 57 62 66 70 71 77 74 74 78 81 86 89 88 88 83 76 74 73 72 70 69 63 66 66 63 65 63 54 52 52 53 56 54 51 50 47 44 43 39 40 33 25 29 35 39 41 43 46 50 52 54 58 59 62 65 66 66 55 31 34 36 35 34 40 45 45 45 47 55 51 42 41 34 18 11 13 15 16 16 15 14 12 12 11 11 11 11 11 12 13 13 14 14 12 12 11 11 11 11 11 11 11 11 11 11
9 28 48 45 44 43 44 44 45 48 48 45 48 51 58 60 66 60 56 55 60 62 65 69 73 73 77 75 81 83 83 86 85 85 84 81 78 75 69 68 66 63 59 56 53 50 50 50 49 45 42 41 38 36 35 32 28 25 22 20 21 23 23 24 28 33 36 40 43 45 48 53 53 54 57 60 61 66 66 64 51 32 34 36 35 34 39 44 45 46 47 55 47 36 22 11 12 13 13 14 15 15 15 14 12 12 11 11 11 11 11 12 12 13 14 13 12 11 11 11 11 11 11 11 11 11 11 11
9 28 47 47 45 42 43 43 44 44 45 45 46 48 53 55 65 65 63 61 61 58 65 76 78 76 78 80 81 82 83 81 76 72 73 71 68 63 58 54 50 46 43 42 40 37 33 27 24 20 18 16 15 16 17 18 17 16 18 20 22 24 26 28 32 35 38 44 46 47 54 57 54 52 56 59 61 62 63 64 47 29 34 38 36 33 38 44 44 44 47 53 34 17 11 12 13 14 14 13 14 15 14 13 12 12 11 11 11 11 11 11 12 12 13 13 12 11 11 11 11 11 11 11 11 11 11 11
9 29 48 48 45 45 44 44 44 43 42 42 46 47 50 48 53 57 62 71 74 70 80 85 85 85 84 84 79 75 69 67 65 64 62 60 56 52 44 42 37 32 26 22 18 14 12 11 12 12 13 14 15 15 15 15 16 18 22 23 26 27 31 33 34 37 40 46 46 51 57 56 54 52 57 58 59 62 62 59 39 30 34 35 36 34 39 44 42 41 48 39 11 12 13 13 12 12 13 14 14 14 13 12 11 12 11 11 12 11 11 11 12 13 12 13 11 11 11 11 11 11 11 11 11 11 11 11
9 32 48 49 49 48 45 45 46 47 45 46 48 49 50 52 58 60 68 75 73 71 74 75 75 74 73 68 62 62 61 60 55 52 47 44 41 39 34 23 16 13 12 13 12 13 13 14 14 14 15 15 15 16 18 18 21 26 29 30 33 34 34 36 39 42 44 46 45 53 57 55 53 54 58 60 58 58 61 57 36 32 34 35 35 35 38 40 41 42 49 22 10 12 13 13 12 12 13 13 14 13 12 13 12 12 11 11 11 11 11 11 12 12 12 13 11 11 11 11 11 11 11 11 11 11 11 11
