52 53 54 55 49 57 87 88 91 91 91 94 95 95 95 76 46 63 122 138 139 141 142 143 144 145 146 147 149 150 152 152 153 154 154 153 155 155 155 154 157 155 156 156 155 160 160 158 156 157 157 158 159 161 159 151 152 154 151 154 156 151 149 149 146 143 145 143 142 142 141 141 141 138 136 134 134 132 132 132 129 127 126 123 121 122 121 119 118 113 115 112 111 109 109 104 101 97 98 95 96 90 90 86 84 82 76 42 25 23 23 24 21 19 20 23 24 23 24 24 24 24 24 23 21 14 15 15
52 53 54 55 51 57 87 90 92 91 91 93 96 96 96 75 47 62 121 138 138 140 141 142 143 145 146 147 149 149 150 152 152 153 154 155 156 156 157 157 159 161 161 161 163 164 165 167 168 167 170 170 172 171 172 173 173 174 175 176 176 177 178 178 178 178 179 180 181 180 180 181 182 182 182 183 183 182 183 183 184 184 184 184 184 184 184 183 183 182 183 182 180 180 181 179 178 178 176 175 176 173 173 170 169 170 155 76 50 52 50 53 51 43 43 50 57 59 60 61 61 62 62 61 61 41 14 15
53 53 54 55 51 56 87 90 92 92 90 92 95 97 97 77 47 61 121 138 138 140 142 143 143 145 146 148 149 150 151 151 153 153 155 154 155 157 158 158 160 160 161 161 162 164 165 166 168 168 168 168 170 171 172 171 173 172 174 174 175 175 176 176 175 175 177 178 178 178 177 178 179 179 180 180 180 180 181 181 181 180 180 180 180 181 180 180 181 181 180 179 179 178 178 177 177 176 174 174 172 173 171 169 167 169 147 69 51 52 50 50 54 53 44 43 50 58 60 61 62 63 63 63 65 53 16 15
52 54 54 54 51 55 85 90 92 91 90 90 94 96 96 77 47 61 120 138 138 139 140 143 144 144 147 147 147 149 151 152 152 153 154 155 156 156 158 157 160 159 161 161 162 164 164 166 167 167 168 168 169 171 171 172 172 173 172 174 174 175 175 176 175 176 177 176 178 178 178 178 180 180 178 179 179 179 180 180 180 179 180 180 181 181 181 180 181 180 179 178 180 179 177 177 176 175 175 173 173 172 169 169 167 170 138 62 52 53 50 50 50 54 52 44 42 51 59 61 61 63 63 64 64 51 16 15
52 53 54 55 51 54 85 91 92 90 90 91 94 96 96 77 47 59 118 137 138 138 140 141 143 144 146 146 147 148 150 150 151 152 154 155 156 156 158 157 158 160 160 161 162 163 165 165 166 168 168 169 169 171 172 170 171 173 173 173 174 175 176 175 175 176 177 177 178 179 178 178 179 180 178 179 179 180 180 180 180 180 180 180 182 181 181 180 180 180 179 182 179 180 181 179 178 176 175 171 171 170 170 168 167 167 127 57 53 54 52 51 50 50 55 52 43 43 51 59 61 62 63 63 64 49 16 15
51 53 53 55 52 54 84 92 93 91 90 91 93 95 96 77 48 59 118 138 137 139 141 142 143 144 144 147 147 148 148 150 151 152 153 153 154 155 155 157 157 158 159 161 161 164 164 165 166 168 168 169 169 169 170 171 171 172 172 172 174 174 174 176 176 176 177 177 177 177 178 179 179 179 179 179 179 179 180 180 179 180 180 180 181 180 181 185 185 184 182 152 91 94 149 142 121 124 148 170 172 170 170 168 167 165 116 55 53 53 53 52 51 50 49 54 52 42 43 51 59 61 62 63 65 48 15 15
52 53 54 56 52 53 84 93 92 90 89 91 92 94 95 77 48 60 117 138 139 139 141 143 142 143 144 146 147 147 148 149 151 151 151 151 154 155 154 156 157 157 159 160 161 163 163 164 166 166 167 168 168 168 170 171 171 171 172 173 172 174 175 175 176 174 176 176 177 178 179 178 178 179 179 178 178 178 179 179 180 180 180 182 181 180 179 126 102 141 182 86 60 70 60 64 76 78 77 130 171 170 169 168 167 164 103 52 52 51 51 52 52 52 50 51 54 51 41 42 52 60 61 62 64 48 15 15
52 53 54 56 53 54 84 93 92 89 88 89 91 93 95 78 49 58 115 139 139 141 141 143 143 143 145 146 147 147 148 149 150 151 152 152 153 153 154 155 156 157 158 159 160 161 163 163 165 166 167 167 167 168 169 169 169 171 172 172 172 173 174 174 174 175 176 176 177 176 177 178 178 179 179 178 178 178 179 180 179 181 184 171 176 193 125 42 51 55 84 122 98 57 58 68 60 76 71 100 165 171 169 168 168 160 92 53 54 52 51 51 52 53 51 51 52 52 48 41 42 53 60 61 64 46 15 15
53 54 55 56 53 54 83 94 93 89 89 90 92 95 95 79 48 55 114 139 139 140 141 143 144 144 145 146 146 147 148 148 149 150 150 151 152 153 154 155 155 157 158 158 159 160 161 163 164 165 165 166 167 167 168 169 169 171 171 172 173 172 173 173 174 173 175 176 175 176 176 177 178 178 177 178 178 179 179 179 180 181 119 66 73 122 141 93 54 42 45 54 91 112 73 49 55 69 63 113 174 172 169 167 168 154 82 50 48 49 51 50 51 55 67 54 51 50 52 48 42 44 53 60 64 46 15 15
53 54 55 56 54 54 83 95 93 88 90 90 93 97 97 80 50 56 114 140 141 141 141 143 144 144 146 146 147 147 148 149 150 150 150 151 153 153 154 154 156 157 158 158 159 159 162 163 164 165 164 165 167 167 168 169 170 170 171 170 171 173 173 172 173 174 175 175 175 176 176 177 177 177 176 178 178 178 178 179 182 165 63 48 50 50 64 104 134 114 70 43 41 51 72 89 90 72 67 69 111 165 177 168 168 150 73 42 44 51 52 51 54 57 62 68 53 51 51 52 48 41 44 53 62 45 14 15
53 56 56 57 54 54 83 95 92 88 90 92 93 97 99 81 50 56 114 140 139 142 142 142 144 145 146 147 147 147 149 150 150 151 151 152 153 154 154 155 156 156 158 158 160 161 162 163 164 165 165 166 167 168 169 170 170 169 171 172 171 173 173 173 173 175 174 174 175 175 176 176 177 177 178 177 177 178 178 178 179 181 153 111 72 51 47 47 56 88 128 133 93 52 40 52 91 138 122 75 58 75 130 168 174 140 56 41 44 60 65 54 58 64 63 63 64 53 53 52 53 49 43 44 54 42 15 15
54 56 56 57 55 54 83 94 92 91 92 94 94 97 99 81 51 58 114 140 139 142 143 143 145 146 147 148 147 148 148 150 151 151 151 152 152 153 155 155 155 157 158 159 160 161 162 163 164 165 166 165 166 167 168 169 170 170 170 170 171 172 173 174 174 174 174 174 175 175 175 175 177 176 178 177 178 178 179 179 179 181 184 188 181 154 112 73 52 44 46 71 119 146 116 66 39 48 96 144 128 77 62 91 147 113 50 48 73 127 69 55 59 61 61 62 67 57 52 53 52 53 50 43 45 36 14 15
54 57 57 57 55 54 83 95 93 91 93 93 94 97 98 82 51 58 114 141 142 143 143 144 146 146 148 148 148 149 149 150 150 152 152 153 153 154 156 156 157 157 157 159 159 160 162 164 165 165 165 167 167 168 168 169 170 170 170 171 171 172 172 173 174 173 174 175 175 175 176 175 177 177 178 177 178 178 179 180 180 181 181 181 182 185 188 182 156 114 73 48 41 57 102 145 136 87 47 48 98 148 123 65 62 60 51 41 59 71 50 50 56 70 79 72 60 51 51 52 53 54 54 49 43 29 14 15
54 56 57 58 55 54 83 95 92 92 93 91 94 97 98 83 51 56 114 142 142 145 145 145 146 147 148 149 149 148 149 151 151 152 153 153 153 154 155 155 157 157 157 158 159 161 162 162 164 165 166 167 167 168 169 170 170 171 172 171 172 173 172 172 173 172 174 173 174 174 174 175 176 177 176 176 177 177 179 180 180 181 180 181 181 181 182 182 185 188 182 155 114 73 45 45 83 133 147 98 49 62 80 58 47 41 54 58 52 51 51 78 98 106 70 51 50 52 52 52 53 53 54 53 49 27 13 15
55 56 57 58 56 54 82 95 93 93 93 94 94 97 99 84 51 57 115 144 143 145 146 146 147 148 148 149 149 149 151 151 152 153 153 154 154 154 154 155 157 158 159 159 160 162 162 162 164 165 165 166 167 168 168 168 170 169 171 170 171 172 171 172 173 173 173 173 173 174 175 175 175 176 176 176 175 176 179 180 180 180 180 181 181 183 181 183 182 180 180 184 187 182 154 101 59 65 101 116 110 98 70 63 68 57 56 60 57 56 66 105 105 65 48 49 50 51 51 52 53 53 54 54 54 32 13 15
55 57 57 58 56 54 81 96 93 93 95 94 94 97 99 84 52 58 116 145 145 146 146 147 148 149 150 151 151 151 152 152 153 153 155 154 155 156 155 156 158 159 159 160 161 163 163 163 164 166 165 166 167 167 168 169 170 169 170 170 171 171 172 172 172 172 172 172 172 173 173 174 175 174 175 176 176 177 178 180 180 179 181 180 181 182 181 182 182 181 181 180 180 179 152 134 111 96 86 83 91 98 111 88 66 54 56 64 51 55 60 58 57 55 54 53 52 52 53 53 53 54 54 54 55 35 14 15
57 58 58 59 58 55 82 96 94 95 96 96 95 96 101 84 50 56 117 146 145 146 147 148 149 150 151 152 152 153 154 154 155 155 156 157 155 156 157 157 159 160 160 160 162 163 164 164 166 166 166 166 167 167 168 170 169 168 170 169 169 169 171 171 172 172 171 171 171 172 172 173 174 174 174 174 175 177 177 178 179 180 180 180 180 180 181 181 182 180 179 181 182 140 121 128 138 134 115 90 78 74 77 74 63 43 40 45 48 46 46 49 52 56 59 62 61 56 54 52 53 54 54 56 56 35 14 15
58 59 59 60 58 56 83 97 95 95 95 95 94 97 101 84 50 57 118 146 146 148 148 149 149 151 152 152 154 154 154 154 154 156 157 157 156 157 158 158 159 160 160 160 162 163 165 166 166 168 167 167 167 167 169 168 168 169 169 169 170 169 170 170 171 172 172 170 171 171 172 173 173 173 175 175 174 175 175 178 178 180 179 180 180 180 181 181 181 179 180 182 156 110 121 110 102 118 120 81 80 76 73 85 102 69 43 39 41 42 43 45 47 48 49 49 50 52 53 51 50 49 47 47 50 30 15 15
58 59 60 61 60 57 82 98 95 96 96 96 95 98 101 85 51 56 118 148 147 150 150 150 151 151 153 154 154 155 155 155 155 156 157 157 158 158 158 159 160 162 161 162 162 164 164 166 167 168 168 167 167 167 169 169 169 169 168 168 169 169 169 169 170 170 170 171 171 171 171 172 174 174 173 173 175 175 176 178 178 178 179 179 179 180 180 180 181 180 180 182 151 103 81 85 101 110 79 77 83 107 143 172 146 66 42 31 30 31 34 37 39 41 45 48 49 50 50 49 48 49 47 48 50 34 19 15
58 60 61 62 61 58 83 99 96 96 96 96 97 98 102 86 51 57 119 148 149 150 151 151 152 153 153 155 155 156 155 156 157 157 157 158 159 159 160 160 160 161 163 163 163 165 165 166 167 167 168 166 167 168 168 168 168 169 168 168 168 168 168 170 169 169 170 170 170 170 171 171 172 173 173 173 174 174 176 177 177 178 177 179 179 180 180 180 180 179 179 182 186 112 68 70 74 73 75 96 160 181 179 176 132 60 41 31 28 27 26 31 39 40 39 45 54 53 51 49 48 50 52 49 47 42 16 15
59 61 61 61 61 58 84 98 97 97 98 98 98 98 102 87 52 59 121 149 149 151 152 152 152 154 156 156 155 156 157 157 157 158 159 159 159 160 160 160 161 161 163 163 163 166 168 170 171 173 173 172 173 174 173 172 172 169 168 167 167 167 168 168 168 169 169 169 169 170 170 171 171 172 172 172 173 173 174 176 176 177 177 178 178 179 179 180 179 180 182 191 143 75 71 76 56 66 113 171 181 176 174 174 121 55 40 31 29 27 26 25 33 47 50 43 44 57 77 75 72 79 52 53 54 31 14 15
59 60 60 62 62 58 83 99 98 100 98 100 99 99 103 88 53 61 124 151 151 152 153 154 154 156 156 156 157 156 157 158 158 159 159 160 160 160 161 161 161 163 166 169 168 161 151 138 121 104 98 94 92 100 100 101 120 142 159 170 168 167 167 168 166 167 167 168 169 169 168 169 170 170 171 172 172 174 174 174 176 176 177 178 178 179 179 178 178 177 184 138 88 68 75 65 59 117 177 180 177 176 175 171 112 53 39 30 29 27 26 25 25 30 47 54 51 45 42 61 108 96 53 52 54 32 14 15
60 61 61 63 62 58 84 99 98 99 100 101 100 100 103 88 55 61 124 153 153 153 154 154 155 156 157 157 158 158 157 158 159 159 160 159 160 161 160 161 167 167 150 114 77 57 46 38 34 33 34 34 33 33 34 34 37 45 61 95 132 158 160 162 167 165 165 165 166 167 167 167 167 168 169 170 171 172 172 173 174 175 176 177 177 178 178 180 142 118 133 101 76 72 68 56 113 179 181 177 177 175 176 168 102 51 38 30 28 27 25 24 24 23 30 44 54 53 53 53 59 50 53 54 53 31 14 15
59 62 63 64 63 59 83 99 98 98 101 101 100 101 102 89 53 60 123 153 152 153 155 155 156 156 158 157 158 158 157 158 159 160 160 160 160 161 165 164 126 78 44 33 32 33 33 32 32 32 33 32 32 33 33 34 34 37 37 36 41 66 93 106 152 166 164 164 164 165 167 166 167 166 167 169 170 170 171 172 172 174 174 176 175 176 177 179 138 112 103 105 113 114 69 99 175 180 177 177 176 175 176 163 91 48 35 30 28 26 25 24 24 23 23 29 44 52 53 52 52 53 54 54 54 31 14 15
61 62 64 65 63 59 83 100 98 98 98 97 100 101 103 89 54 60 124 153 152 154 154 155 156 156 158 159 158 158 158 159 160 160 160 160 160 165 139 73 37 33 34 32 31 29 28 28 28 28 28 29 29 29 30 29 30 33 33 33 36 35 47 72 136 164 162 163 164 164 166 166 166 168 167 168 169 171 171 171 172 172 173 173 174 175 176 178 186 154 81 88 104 94 99 165 181 178 177 178 177 174 174 156 80 46 34 29 27 26 25 24 24 23 24 22 27 43 52 52 52 53 54 54 55 30 14 15
61 63 64 65 64 59 83 100 97 97 97 98 101 102 103 89 54 60 125 152 152 154 155 156 156 156 157 158 158 158 157 159 161 162 162 159 163 141 51 33 38 35 30 28 28 27 26 26 27 29 30 31 31 32 32 32 33 33 30 28 30 33 37 39 63 119 158 164 163 162 164 165 166 166 167 168 169 169 171 171 172 173 173 173 175 176 178 181 181 113 64 74 69 80 155 181 177 175 176 175 175 173 175 148 73 45 33 29 26 25 23 22 23 23 22 22 21 27 43 53 53 52 52 53 55 30 14 15
62 64 65 65 63 59 82 100 99 100 100 99 101 102 102 88 54 61 125 154 154 154 155 156 157 157 158 158 158 158 158 159 161 163 162 160 165 97 34 36 33 28 26 26 27 27 28 29 30 32 29 30 30 32 31 31 32 34 33 31 30 33 35 36 39 71 126 160 161 161 164 165 164 164 166 167 168 169 171 171 171 171 172 173 174 178 185 172 132 64 73 72 63 141 181 176 177 175 173 174 175 173 174 140 66 43 31 27 26 24 23 22 22 22 22 21 22 21 27 43 52 53 52 53 54 29 14 15
62 64 64 64 63 60 82 101 100 100 101 100 100 102 102 88 55 62 126 154 155 155 156 157 158 158 159 159 158 158 158 159 160 160 160 160 153 75 34 33 30 27 26 26 28 30 32 31 31 31 34 36 37 41 38 33 33 33 33 34 36 37 35 35 39 57 111 147 158 161 163 163 163 164 165 166 167 168 169 170 171 171 172 172 133 122 150 119 79 67 71 58 123 180 176 175 175 174 175 173 173 174 173 130 60 41 30 27 26 24 24 22 22 22 21 22 22 23 22 27 42 51 53 52 53 28 14 15
63 64 65 65 64 60 81 100 101 101 100 102 101 103 103 87 54 61 126 153 154 155 156 158 158 159 159 159 159 159 159 159 160 160 157 153 124 58 34 32 29 27 27 28 33 35 34 33 35 37 43 46 44 50 44 38 38 34 32 33 34 35 34 36 38 47 100 136 157 158 163 162 163 164 164 165 166 167 168 169 170 171 172 172 127 100 99 112 115 110 78 99 177 176 174 175 174 174 173 173 172 172 171 120 57 40 30 27 26 24 23 23 23 23 22 22 22 23 23 22 26 42 52 53 54 28 14 15
62 65 65 65 65 61 81 101 101 101 101 104 102 103 104 88 55 62 125 154 155 157 157 158 159 159 159 160 159 159 159 159 160 159 157 147 85 45 34 31 31 31 30 30 32 36 37 40 45 49 54 61 69 77 77 65 48 38 34 34 35 36 35 36 40 41 71 132 158 158 161 161 163 163 163 165 166 166 167 168 170 168 167 179 178 166 100 78 103 107 120 167 177 174 174 174 174 174 173 172 172 172 168 108 52 37 29 27 25 24 24 23 23 23 22 22 22 22 22 22 21 27 43 52 53 27 14 15
64 65 66 66 66 61 82 102 102 101 102 103 103 105 104 88 57 64 126 155 156 157 158 159 159 160 160 159 160 158 159 157 158 158 158 150 113 46 33 32 31 29 30 33 39 46 53 65 75 85 108 122 122 123 127 103 81 63 48 38 34 34 35 37 39 39 80 141 152 156 159 160 161 162 163 164 164 165 167 170 163 131 135 141 177 152 65 68 72 73 149 178 173 173 174 173 173 173 173 171 171 172 164 96 49 36 30 28 27 25 24 24 23 23 23 22 21 22 22 22 23 21 25 40 51 27 14 15
65 65 66 67 66 62 80 102 102 102 103 104 104 105 104 89 57 65 128 157 156 158 159 160 159 159 160 159 159 158 157 158 158 159 155 143 111 49 33 32 32 32 34 41 55 74 96 110 119 128 145 152 144 145 148 145 137 115 88 65 40 34 35 36 37 46 109 138 152 157 158 160 160 162 162 163 164 164 165 168 168 117 105 100 110 74 52 66 89 136 180 173 173 172 173 172 172 172 172 171 170 172 158 86 47 35 31 30 30 29 27 26 26 26 25 24 24 23 22 21 22 22 22 24 40 25 14 15
64 66 66 67 66 61 79 101 102 103 103 104 105 105 105 89 57 65 129 157 156 157 158 159 159 159 159 158 158 156 155 157 156 156 152 140 94 50 33 32 35 39 44 57 73 100 126 144 151 148 156 157 156 162 162 164 162 141 118 96 54 35 36 36 37 55 105 138 151 156 158 158 160 160 162 163 164 164 165 166 159 139 84 67 56 63 97 145 177 187 202 175 171 171 172 172 171 172 171 169 169 170 151 76 43 33 31 30 29 29 29 27 27 27 26 25 25 22 21 21 21 21 21 20 23 18 15 15
64 65 66 67 66 61 79 102 103 103 104 105 106 107 105 90 57 65 128 156 156 157 158 159 159 160 161 159 156 155 154 155 155 155 150 136 102 76 46 33 41 50 59 70 89 118 151 163 154 165 166 167 168 168 179 176 167 152 138 107 64 36 36 38 50 80 108 134 153 152 156 157 159 160 160 162 162 163 168 131 85 94 89 77 93 118 149 187 194 194 202 184 170 171 171 171 171 171 171 169 169 170 143 67 42 32 31 30 30 29 29 29 28 27 27 26 25 22 21 21 21 21 21 20 19 15 15 15
76 76 76 74 72 66 80 103 104 104 103 105 106 107 106 90 56 63 127 155 155 155 157 158 158 158 160 157 156 153 152 151 153 153 152 132 99 95 93 49 50 57 66 84 86 86 112 147 160 171 167 167 167 161 158 141 127 124 120 107 67 37 39 41 77 116 122 143 152 152 156 157 158 159 160 161 162 163 166 139 91 73 74 88 120 122 168 191 180 175 186 191 180 170 171 172 171 169 170 169 169 170 133 60 40 32 30 29 30 29 30 29 27 27 28 27 24 22 22 22 22 22 20 21 20 15 15 15
117 118 116 115 115 103 96 102 104 105 104 105 106 106 106 89 55 63 128 155 155 156 156 157 156 157 156 155 153 151 151 150 150 152 151 140 106 127 128 73 53 68 87 99 100 102 101 110 131 147 148 145 146 134 121 107 101 108 112 97 73 46 42 56 111 137 141 149 150 152 155 156 158 160 160 161 163 163 163 166 164 125 72 106 133 149 202 219 211 206 206 207 197 172 170 171 171 170 170 168 167 168 123 55 38 32 31 30 30 29 29 28 28 27 27 27 24 24 24 23 23 22 22 21 20 15 15 15
122 123 124 125 127 116 104 103 105 105 105 105 105 107 107 89 54 62 128 154 154 155 155 156 156 156 154 151 150 149 149 148 150 150 150 148 127 129 124 100 70 94 90 84 87 95 93 99 101 112 124 138 134 109 97 112 105 99 108 106 76 62 58 81 112 136 148 151 152 152 154 155 157 158 159 160 161 164 163 162 158 107 109 146 159 158 132 133 152 174 193 196 195 184 169 169 171 169 169 168 168 167 112 51 38 33 31 30 29 29 29 30 29 27 27 27 25 26 26 25 25 24 23 23 21 15 15 15
121 122 124 125 127 117 105 104 106 107 106 104 104 107 106 90 54 62 124 151 151 153 152 153 153 152 151 150 149 148 146 145 146 146 146 144 142 139 125 129 102 82 101 122 129 128 131 133 117 95 157 134 129 128 117 111 107 133 131 99 89 98 99 117 132 145 149 151 152 153 154 155 157 157 158 160 163 166 162 158 95 81 96 107 105 131 168 181 191 204 208 205 213 194 174 168 168 167 167 166 166 161 100 49 41 36 35 34 33 32 32 31 30 29 29 30 29 28 27 28 26 27 26 26 24 15 15 15
122 124 125 124 126 119 105 104 106 107 106 105 107 107 108 90 54 61 123 148 148 149 148 148 147 147 146 145 144 142 142 142 142 141 142 141 141 141 135 138 120 82 114 120 136 139 129 126 107 88 161 144 138 157 143 134 129 133 133 112 98 109 137 147 148 149 149 150 151 153 154 155 156 157 158 139 135 145 116 88 90 108 128 147 165 167 192 197 186 195 201 211 211 190 186 177 166 165 166 165 164 155 88 47 42 38 38 37 36 36 35 35 35 34 33 34 32 31 30 30 30 30 30 30 28 16 15 15
120 123 124 124 126 117 105 106 106 106 107 106 108 109 109 91 55 61 120 147 145 146 145 145 145 146 144 143 142 141 141 139 139 139 139 139 139 139 139 143 103 72 107 115 125 132 130 105 83 113 167 180 150 139 139 131 122 119 115 101 97 116 129 145 146 150 151 150 151 151 152 153 154 156 149 116 93 118 105 100 122 143 144 142 173 116 153 199 206 215 216 219 213 205 205 196 175 165 165 164 164 149 79 46 42 40 38 37 37 37 37 37 36 36 36 36 36 34 34 34 34 34 35 34 33 17 14 15
121 122 125 125 127 119 105 106 107 106 106 107 110 109 109 91 55 61 119 146 143 144 144 143 143 144 143 142 142 140 139 138 137 138 138 137 137 137 142 121 67 80 87 103 137 160 154 94 98 125 172 185 157 122 130 146 141 128 113 97 100 129 113 127 69 98 112 109 127 144 152 152 150 152 158 152 137 90 109 95 89 92 71 138 164 157 161 175 164 149 188 211 215 213 217 218 199 169 163 163 165 143 71 46 42 40 40 38 38 39 38 38 37 37 38 38 37 38 37 38 38 38 38 38 38 18 14 15
119 122 124 125 126 118 105 106 106 106 107 108 111 110 109 90 54 61 120 144 144 143 143 144 143 142 142 142 141 139 138 137 136 136 136 135 136 139 140 91 56 75 94 114 147 163 128 109 100 114 153 165 152 144 118 121 137 121 104 99 128 111 120 99 89 49 79 60 80 103 100 128 113 147 150 156 95 83 68 82 97 97 93 157 161 161 160 160 159 150 169 191 211 217 222 221 219 188 161 162 164 135 64 46 42 41 40 39 39 38 38 39 39 38 38 38 38 39 40 41 41 41 41 41 39 18 15 15
120 123 125 124 125 116 102 106 105 107 105 107 110 110 107 89 53 60 118 143 142 142 143 143 142 142 142 141 141 139 138 136 137 136 134 133 132 121 104 70 71 64 95 128 148 126 94 117 125 129 146 153 152 151 125 90 99 102 97 94 103 144 132 158 90 50 64 51 77 79 88 104 149 140 137 95 79 81 76 76 84 69 121 164 159 159 158 160 161 164 154 121 175 213 223 221 221 209 176 159 164 125 58 45 41 41 41 40 39 38 39 40 41 41 40 39 40 40 42 42 43 43 43 43 42 20 14 15
122 122 124 124 125 116 101 105 107 105 104 105 107 108 105 87 52 59 117 142 141 142 143 142 141 141 140 140 139 137 137 136 135 136 136 132 85 54 70 69 90 67 73 110 147 124 87 91 95 100 116 122 123 123 99 79 89 92 90 106 82 137 100 94 89 68 96 66 64 96 102 101 132 70 86 77 91 80 83 87 73 101 116 137 156 162 164 160 159 161 164 129 136 197 220 226 222 216 201 171 160 114 53 47 44 43 44 43 43 42 44 45 46 47 47 47 48 48 50 51 52 54 55 56 55 26 14 15
121 123 124 124 125 117 103 105 106 105 104 103 104 105 104 86 52 59 114 139 140 141 141 140 141 140 140 138 137 137 136 137 138 121 114 102 95 60 88 73 80 63 57 53 86 98 104 107 104 101 109 111 107 98 92 87 81 89 113 128 104 104 110 132 120 53 65 64 53 114 83 109 86 87 76 99 88 85 86 85 73 97 84 77 86 123 120 148 169 164 164 152 125 177 209 224 227 221 214 197 165 101 53 52 51 51 51 51 50 49 52 53 54 55 55 56 59 61 62 64 67 69 71 74 75 38 15 15
121 123 123 124 125 119 104 104 106 104 104 101 102 105 104 85 52 59 113 139 139 139 139 139 139 138 137 137 137 136 139 127 116 149 69 127 123 65 63 56 81 55 61 51 32 52 82 111 128 132 128 126 118 103 90 71 59 83 96 104 148 99 93 121 55 68 112 74 70 64 100 79 94 82 82 75 88 82 90 79 71 85 119 79 103 142 95 131 130 144 141 160 131 158 196 216 227 225 219 210 189 99 52 62 64 64 64 64 65 66 66 68 69 70 72 73 75 76 78 83 88 91 92 95 96 51 20 15
120 121 122 120 122 120 106 103 104 104 104 100 104 105 103 84 51 57 113 140 138 139 138 139 138 138 138 137 137 134 119 111 123 124 90 106 149 75 64 71 76 73 82 63 65 40 54 68 89 98 94 88 87 80 62 50 92 111 58 97 103 97 109 158 81 66 97 74 62 80 80 81 94 85 85 71 71 80 77 77 73 86 89 65 62 123 104 107 83 121 92 90 127 140 183 204 221 228 226 217 207 161 65 68 74 75 76 76 78 79 80 79 79 81 85 86 88 89 92 97 102 108 110 113 113 61 30 16
118 119 121 121 122 118 106 101 102 103 101 99 103 104 102 84 51 57 112 138 138 138 138 138 137 137 137 139 131 118 79 68 128 99 94 76 95 66 77 63 61 76 86 46 63 55 53 53 51 58 72 63 64 64 56 53 83 90 98 120 95 154 132 130 110 92 67 72 74 78 63 93 74 91 69 80 82 75 63 57 93 92 90 71 111 108 100 96 85 68 55 63 103 115 168 193 208 223 229 224 212 206 145 82 84 84 85 85 85 86 89 89 89 91 94 94 98 100 101 105 109 114 118 121 119 63 36 17
115 116 117 118 119 116 103 100 101 102 103 100 101 103 103 84 50 56 112 140 137 136 137 136 136 135 137 130 83 98 123 121 93 138 104 86 94 141 90 74 109 90 81 80 62 67 72 54 50 57 66 63 60 61 62 90 113 90 141 120 138 143 108 66 120 54 56 67 88 60 90 68 82 65 83 76 87 66 71 66 70 74 59 75 78 79 79 97 90 63 95 72 53 90 140 183 197 212 225 229 222 210 199 136 95 99 99 102 103 103 104 105 104 105 106 108 110 114 118 121 123 126 127 128 124 63 39 19
111 112 112 113 115 113 101 96 99 100 100 99 97 98 100 82 49 52 101 129 128 131 130 131 132 133 128 115 85 91 98 89 94 123 102 85 80 152 120 90 100 118 83 114 98 71 89 106 54 48 64 68 70 64 83 126 109 120 98 104 141 116 58 57 68 80 73 90 65 86 76 83 71 75 67 79 67 70 77 80 81 68 74 55 91 119 90 65 71 52 68 79 56 91 114 168 192 205 219 230 228 217 204 207 151 110 115 117 118 119 123 126 126 126 127 130 129 129 133 134 136 138 139 139 133 68 43 22
76 78 80 84 87 88 79 77 82 86 88 88 90 90 92 76 49 45 54 60 64 67 70 73 74 93 91 95 119 128 113 92 149 101 108 106 107 96 106 96 67 121 100 80 85 102 88 84 82 76 47 63 65 73 71 82 97 127 89 75 58 62 77 92 100 100 113 95 90 88 77 84 77 82 82 74 59 59 70 66 84 103 90 54 109 138 86 90 85 88 58 62 54 105 111 149 184 200 214 226 230 224 210 204 196 135 132 135 138 139 142 145 146 147 146 148 149 150 151 151 151 150 150 147 139 71 47 26
68 68 67 65 63 61 57 56 57 58 57 58 59 62 60 56 50 48 46 45 46 45 45 44 52 102 96 93 160 117 97 140 95 120 100 159 112 79 115 85 115 112 60 75 87 155 122 64 101 107 81 48 59 80 83 85 141 150 70 58 74 89 97 97 101 108 111 107 120 98 102 77 85 83 102 90 81 81 72 59 47 81 71 73 85 130 98 74 48 59 45 48 127 119 79 133 175 196 211 224 231 227 220 190 186 178 142 148 150 151 155 158 160 162 163 161 160 157 154 152 156 157 155 154 148 72 52 30
91 93 93 92 89 88 87 87 86 86 84 82 81 80 76 74 72 70 69 69 67 65 62 66 105 85 77 76 112 137 94 106 74 160 118 123 138 109 109 105 129 96 94 131 88 107 101 125 85 79 137 60 82 69 85 79 57 58 78 91 93 95 95 100 108 111 105 118 105 119 105 110 94 98 90 97 103 108 82 59 50 57 58 104 116 87 85 88 49 64 45 73 88 119 88 105 171 194 207 219 229 230 224 194 172 165 141 149 155 158 163 165 169 173 176 178 177 175 170 167 170 170 169 170 161 75 59 37
92 93 92 90 88 89 88 90 91 92 93 95 96 96 95 95 93 94 95 96 96 96 94 83 121 95 87 86 134 103 108 98 81 102 133 132 111 47 76 80 104 109 73 98 122 125 74 88 71 64 69 61 101 70 49 60 76 85 93 92 95 95 99 101 113 102 121 109 117 112 112 113 119 107 96 88 93 108 79 63 49 64 85 109 94 69 58 93 61 54 53 87 115 87 172 129 150 192 203 216 227 229 223 205 198 213 206 189 153 166 164 166 170 172 175 178 182 185 187 185 184 184 185 186 175 80 62 43
91 92 89 87 88 89 90 91 92 93 94 96 96 97 98 96 95 98 97 97 96 97 100 102 119 97 86 97 95 106 92 143 114 75 99 129 80 100 122 105 70 105 83 107 124 83 107 92 62 89 76 56 60 60 75 83 81 87 91 95 98 95 100 111 104 117 118 115 118 109 117 115 119 100 104 108 105 84 72 72 66 90 119 110 81 73 53 54 54 50 98 84 122 189 90 148 127 172 200 212 224 228 227 170 210 203 218 216 170 175 174 179 182 185 186 187 188 190 189 188 186 184 183 182 174 78 62 49
90 90 89 90 90 91 92 93 94 94 96 96 96 98 98 97 99 100 99 98 100 100 106 124 128 83 100 135 151 143 116 96 146 138 100 88 76 104 125 98 81 72 69 59 135 86 66 86 65 79 64 59 71 77 79 80 84 87 97 103 95 101 109 101 110 121 108 122 109 117 112 120 105 100 109 111 111 84 80 76 80 76 110 101 64 89 89 49 57 74 63 80 91 128 143 192 115 171 186 205 216 226 216 194 169 199 201 191 201 158 166 170 175 180 183 187 189 189 190 193 192 193 193 193 184 81 64 54
87 88 90 90 90 91 92 93 94 95 95 97 98 97 97 98 99 99 100 100 104 87 139 112 90 97 104 91 100 119 183 177 141 153 120 105 78 104 98 117 125 37 55 49 62 76 76 37 45 53 67 73 75 75 76 77 84 86 90 135 103 107 100 97 121 107 120 110 118 112 120 111 100 103 109 112 111 86 79 65 57 87 79 83 57 59 68 46 60 77 79 87 123 95 176 170 108 173 163 193 209 219 163 153 188 199 222 190 180 165 167 168 169 172 173 176 175 176 177 179 178 179 182 182 171 77 61 50
87 89 90 91 92 91 93 94 95 94 95 96 96 96 96 98 98 98 99 101 101 109 93 111 119 108 126 147 171 113 101 152 117 76 71 89 73 55 79 64 62 51 78 65 39 49 42 51 63 72 73 74 76 78 74 78 82 84 80 148 132 98 94 115 104 111 111 112 118 116 117 100 101 108 113 112 109 88 77 73 85 77 73 72 54 49 50 39 60 62 73 76 156 176 162 187 169 133 148 175 192 163 103 154 218 184 207 211 170 163 168 168 168 169 171 173 173 174 176 177 178 178 178 179 167 77 61 46
89 89 90 91 93 94 95 94 94 95 95 96 96 96 96 97 96 97 98 100 92 78 94 79 123 94 96 115 95 97 118 99 178 141 97 94 63 91 76 92 53 50 82 56 52 46 58 68 70 70 72 74 80 82 75 75 77 76 89 142 121 83 115 118 99 109 97 111 107 120 105 101 107 109 112 112 108 97 74 72 79 90 55 58 44 48 71 61 51 75 80 134 164 125 129 184 168 158 176 131 128 101 106 209 226 189 186 203 170 164 166 164 166 167 168 168 167 166 166 165 165 164 164 167 156 75 53 45
88 90 90 90 91 93 94 93 94 95 94 95 96 95 97 96 96 99 99 99 120 120 104 83 91 103 89 123 137 89 109 140 139 113 79 80 87 66 49 57 94 63 90 61 52 64 68 68 69 72 73 74 75 85 117 121 119 105 114 124 85 92 116 122 129 92 101 99 110 103 97 105 108 111 114 114 111 103 75 76 64 77 53 43 77 63 60 66 56 60 69 141 185 102 144 156 156 220 168 106 82 82 90 218 202 174 148 174 164 161 163 164 165 165 166 165 166 166 167 167 166 164 162 165 153 74 50 46
87 88 89 90 92 91 92 94 93 93 94 94 94 95 96 96 98 100 100 99 127 125 89 95 97 90 60 112 107 121 103 109 112 88 157 133 89 76 45 52 61 48 44 55 66 68 67 69 69 70 70 74 73 75 80 111 138 116 107 79 77 65 90 117 125 132 102 93 103 88 96 100 103 111 116 118 116 108 77 79 74 49 43 58 56 58 62 50 100 74 77 173 180 139 111 178 160 189 153 129 50 54 128 209 173 194 172 168 164 164 167 165 167 167 165 164 166 165 167 167 166 165 165 168 155 71 46 49
87 88 88 90 90 90 92 92 92 92 94 94 94 94 94 95 97 98 97 93 121 125 115 114 120 103 102 94 108 163 141 79 101 122 114 93 64 55 44 44 58 46 57 65 68 66 70 70 70 70 71 73 75 76 79 75 72 86 79 77 81 47 46 64 99 124 135 114 77 86 94 102 109 112 115 117 120 108 77 80 59 53 47 57 68 131 77 59 73 70 81 177 156 178 111 125 168 206 166 121 64 69 163 227 192 204 161 170 164 164 165 164 165 167 167 165 167 165 166 166 165 165 165 168 156 69 45 50
86 88 89 89 90 92 91 92 93 94 93 94 94 95 95 95 95 94 94 105 114 112 110 144 119 92 139 161 164 143 133 92 114 112 174 135 79 49 48 50 49 58 67 67 67 69 70 70 70 72 73 73 77 77 80 77 84 83 74 123 148 50 46 47 48 70 104 132 114 106 136 130 108 104 108 117 117 110 80 85 52 40 54 110 74 96 91 65 52 102 72 119 134 215 155 174 166 177 156 117 128 83 132 179 212 209 178 166 165 165 163 165 166 165 166 163 165 166 165 165 164 164 163 164 154 69 47 52
87 91 89 90 93 92 91 92 92 93 93 93 94 95 96 95 95 95 91 125 129 97 99 111 148 100 160 134 129 110 110 162 152 158 133 147 106 53 45 51 62 64 68 68 69 71 71 72 72 75 72 76 76 73 69 72 88 86 114 182 150 49 51 47 47 49 52 72 117 152 118 85 91 98 102 112 111 112 83 87 57 47 45 87 61 104 108 74 70 64 59 69 103 198 144 153 140 116 196 203 108 67 153 175 196 183 169 168 166 163 164 164 164 164 165 166 166 167 164 165 165 163 163 164 154 68 49 48
89 88 88 90 90 90 91 92 92 92 92 91 93 93 94 95 95 94 122 120 72 112 137 157 110 117 135 85 110 71 129 136 85 100 186 143 141 78 50 63 66 66 69 69 72 72 73 72 74 71 69 73 87 108 118 140 160 166 176 171 76 51 52 47 47 50 49 47 58 119 138 95 88 99 103 103 105 104 83 92 61 44 38 55 75 119 59 58 64 89 81 62 109 160 142 111 119 124 184 138 157 180 223 213 174 182 173 165 164 163 166 163 164 165 165 166 167 167 166 168 165 164 164 166 156 68 45 46
87 88 90 90 89 91 90 90 92 92 92 93 93 94 95 93 93 90 119 88 78 80 70 88 122 113 84 114 95 83 112 107 124 80 111 143 88 53 61 65 64 70 70 70 71 71 70 69 68 80 103 131 153 173 189 191 184 171 132 64 45 47 47 46 48 48 48 50 49 73 125 141 108 94 102 107 109 104 82 91 74 60 46 85 62 72 52 93 71 79 80 63 94 172 175 134 187 127 219 145 211 162 197 206 169 173 169 167 165 164 166 166 164 166 167 168 168 166 167 169 166 167 166 166 157 69 43 48
87 90 90 89 90 91 91 91 90 91 93 93 94 94 94 94 95 92 68 131 80 115 101 67 91 114 78 87 99 94 95 118 128 97 117 171 82 58 65 64 66 68 68 66 65 67 72 85 112 140 152 150 150 158 169 158 105 71 52 45 47 47 48 49 49 49 49 51 52 50 96 125 141 118 94 109 109 109 87 95 81 67 59 71 84 106 66 67 61 64 70 127 79 139 161 159 191 152 196 127 186 101 143 174 187 164 167 172 169 165 166 167 165 169 170 169 169 169 168 170 168 168 169 167 156 69 45 49
89 89 89 89 91 91 93 91 91 93 94 93 94 95 94 95 96 96 87 80 110 115 93 160 147 86 87 144 131 109 116 104 94 111 124 146 95 63 63 61 62 63 71 84 101 117 129 140 146 154 153 149 148 155 158 161 160 148 113 75 55 46 46 49 50 50 51 50 55 53 58 112 123 140 129 97 109 108 93 119 85 69 66 65 95 82 93 98 83 90 72 95 74 112 112 165 167 171 176 180 209 164 142 186 166 149 172 172 171 165 167 169 164 170 173 170 171 171 171 173 170 169 172 171 155 68 46 48
88 89 90 89 90 92 90 90 93 94 93 94 96 96 97 96 95 96 98 96 85 128 146 103 109 78 96 111 145 166 116 94 110 125 126 123 65 52 59 68 79 97 113 129 139 149 150 154 155 162 162 160 154 151 153 160 177 194 198 186 166 145 114 81 58 45 47 48 50 52 50 70 119 115 139 134 104 108 94 124 93 82 77 69 97 54 59 102 84 51 109 106 85 99 131 185 167 152 177 164 143 152 234 215 161 153 170 172 170 165 167 171 168 168 171 172 171 171 169 173 170 169 172 172 157 67 47 48
89 90 89 90 91 91 91 93 92 93 94 93 94 95 96 95 96 97 97 91 77 60 74 129 109 158 147 140 106 53 94 97 114 116 150 118 88 87 96 102 102 106 115 123 136 154 153 154 158 166 167 160 156 154 154 168 178 191 192 176 179 187 180 185 182 145 99 72 52 52 56 57 91 115 110 139 127 109 97 120 97 93 66 60 64 95 111 77 101 101 87 95 112 91 96 177 185 209 200 209 198 161 192 152 200 171 171 170 173 170 170 174 172 169 172 175 170 171 172 170 170 170 170 171 157 69 51 44
89 89 90 92 92 91 92 94 93 94 94 93 94 95 94 95 98 97 96 91 50 65 91 104 120 169 134 143 119 147 147 124 102 124 139 101 103 99 94 94 96 99 105 114 132 151 154 149 153 161 163 161 154 148 146 156 177 200 206 178 151 152 153 156 172 197 205 201 172 106 91 100 106 105 108 110 110 109 96 100 106 86 57 86 75 121 114 121 89 94 74 71 110 79 65 131 128 179 184 172 207 186 112 117 155 164 174 172 173 170 170 171 171 170 174 174 171 174 172 171 172 172 171 171 158 68 58 46
88 92 93 92 91 91 92 93 93 92 90 92 95 94 93 95 95 95 97 78 62 69 152 93 66 77 96 133 105 187 149 105 127 109 98 100 104 102 98 97 94 101 105 115 129 135 146 152 154 161 165 165 155 144 138 149 169 191 189 189 187 190 189 168 109 112 135 151 167 125 94 102 102 107 110 109 113 104 94 87 141 119 53 54 66 68 122 113 58 70 115 73 68 84 119 113 82 142 184 198 186 105 132 217 145 176 171 167 173 169 169 174 171 171 173 173 171 172 174 173 170 171 171 172 157 66 54 51
90 93 92 91 93 93 92 92 91 90 92 94 94 93 94 94 94 92 96 77 73 104 92 87 128 83 139 102 72 128 84 143 147 103 98 96 101 106 106 105 108 111 118 125 134 147 140 132 129 133 148 156 150 139 136 150 185 191 181 160 159 138 132 123 102 105 106 100 98 97 100 99 99 104 106 107 111 97 95 87 146 158 64 79 98 74 83 98 61 63 88 75 102 102 103 91 82 114 117 209 239 137 134 202 212 180 171 168 174 168 168 174 170 170 174 173 170 172 172 170 171 168 169 174 154 66 52 52
94 93 92 94 94 93 94 93 91 92 94 94 93 95 95 95 95 95 93 82 64 65 77 83 98 66 86 93 86 118 130 111 116 95 106 104 103 111 118 123 129 134 140 143 128 103 87 87 94 66 65 95 122 141 146 166 182 177 166 121 84 83 81 89 100 104 102 99 97 96 100 95 98 101 101 106 108 91 97 85 127 168 87 99 91 100 91 85 101 75 93 100 87 61 78 72 103 200 142 205 191 160 168 192 227 141 179 171 174 171 170 175 174 175 175 174 172 172 172 171 171 171 170 174 155 65 54 49
92 92 95 96 95 95 95 93 95 94 96 95 97 97 96 97 97 96 87 76 72 69 73 86 64 83 89 135 99 96 134 72 89 107 111 114 114 116 127 138 135 121 100 85 78 79 82 94 81 71 43 38 42 55 70 93 97 91 93 81 83 84 86 91 94 98 96 98 93 96 94 96 99 98 101 101 102 85 95 88 119 146 147 79 58 60 85 80 139 118 78 127 81 91 85 101 112 122 129 236 201 143 161 150 209 134 182 171 171 169 168 170 173 175 172 173 174 172 172 173 173 172 173 175 158 67 56 42
93 95 96 96 96 96 92 93 94 95 95 98 98 98 97 98 96 89 78 73 64 81 91 97 99 105 77 116 80 84 92 84 100 105 113 118 125 130 128 106 80 70 73 76 79 80 94 80 80 98 78 67 62 53 50 59 78 88 87 80 84 84 85 88 93 91 95 91 95 91 92 98 95 97 98 98 96 76 83 101 116 127 159 127 91 65 99 90 107 131 77 89 70 98 125 101 108 90 191 212 157 214 172 97 176 158 136 173 174 171 171 172 174 173 171 172 172 169 172 173 171 173 172 173 155 65 55 39
78 85 87 89 91 91 93 94 97 96 99 101 101 101 100 97 91 82 68 67 61 85 95 83 76 98 98 139 117 116 113 95 99 105 107 115 109 104 67 63 67 73 74 77 76 91 83 76 92 89 77 90 83 80 87 83 84 90 77 82 82 82 82 89 90 90 90 91 93 92 95 95 95 96 93 97 88 75 77 120 132 138 152 138 124 91 103 120 85 88 108 79 73 112 100 89 124 128 140 206 168 172 186 146 205 174 135 190 174 171 172 173 175 176 173 174 173 170 175 174 171 173 172 175 158 64 56 37
59 59 57 57 56 56 59 60 62 62 68 71 74 77 78 77 105 104 84 79 75 65 86 76 74 73 85 85 107 138 52 51 52 82 68 76 101 75 60 65 68 71 74 74 84 82 75 89 90 74 85 87 78 83 82 82 89 79 78 81 81 80 84 88 87 87 86 90 88 92 93 91 95 96 95 98 79 76 82 124 131 144 149 138 145 138 105 124 71 79 113 114 59 107 123 114 102 151 206 124 134 192 210 133 118 166 164 183 179 170 169 172 174 172 171 174 172 171 174 172 172 172 171 175 158 66 59 32
102 98 99 102 99 94 95 94 87 86 86 81 77 76 71 70 94 73 71 68 64 73 68 75 77 76 86 96 107 92 49 41 45 53 62 70 100 58 62 64 67 69 70 78 84 72 81 93 74 84 89 77 83 82 80 88 85 76 82 81 80 81 85 85 85 84 88 87 91 92 90 93 95 92 94 95 73 81 121 145 148 169 147 137 144 127 89 75 67 75 115 129 97 96 96 110 154 117 175 146 214 143 210 119 73 150 171 184 170 171 168 168 172 171 171 173 172 171 173 169 171 171 170 175 158 67 55 29
101 101 104 106 102 104 106 107 107 108 108 108 109 112 95 83 99 75 55 86 72 59 69 66 57 97 103 112 49 62 64 61 42 66 125 71 58 60 60 61 62 67 72 82 69 76 92 77 75 88 78 80 84 76 83 87 75 79 81 80 80 82 86 83 83 85 89 87 90 91 93 94 93 91 95 87 69 107 188 174 162 175 139 137 142 147 120 110 131 70 99 100 75 84 100 93 144 115 150 157 88 121 249 168 106 144 174 181 155 175 171 170 175 173 171 175 172 172 175 172 172 173 171 174 152 68 52 28
102 105 108 103 104 105 106 106 107 107 107 106 108 104 107 101 133 52 86 95 72 62 65 73 61 75 89 94 52 98 68 89 101 90 56 54 60 59 60 73 88 62 75 66 68 86 79 71 85 77 74 83 78 80 90 78 74 78 79 80 78 81 81 83 83 88 85 89 91 90 94 89 88 90 96 77 79 142 159 151 175 198 152 139 143 148 151 154 113 79 85 91 93 131 82 90 149 181 195 208 117 138 142 175 116 142 122 178 194 173 174 170 175 173 172 176 176 176 175 176 177 177 175 178 154 71 48 27
103 106 104 106 106 106 106 106 108 104 105 106 108 107 94 77 87 94 119 69 67 70 63 62 61 68 80 59 70 66 81 106 83 72 48 54 59 59 56 83 162 173 124 60 72 78 69 81 80 75 81 79 78 85 83 72 77 78 78 79 79 80 79 78 80 84 83 88 87 87 87 86 88 95 83 77 92 129 151 177 192 207 171 141 147 152 150 155 152 114 105 90 88 101 81 110 147 177 153 151 116 137 151 130 122 160 92 143 190 177 173 171 178 173 171 176 175 175 175 175 177 175 177 179 156 73 43 27
106 102 102 106 106 102 104 105 105 105 104 107 105 82 69 69 70 94 83 91 67 74 44 69 61 59 61 93 137 116 69 53 53 57 51 44 56 61 53 79 124 118 168 170 140 71 67 78 75 78 81 74 80 86 74 75 78 77 78 78 81 78 78 79 82 82 86 86 86 88 86 85 90 89 65 88 129 147 178 199 205 210 175 85 86 93 97 101 111 118 124 114 95 88 92 148 158 178 169 134 201 164 140 138 137 110 81 92 180 179 173 174 181 175 176 180 179 179 177 177 178 178 180 178 157 72 42 26
101 102 103 106 102 102 105 103 101 103 105 102 104 105 77 89 92 94 72 78 68 93 104 92 98 72 68 94 111 84 66 58 55 60 65 64 65 67 47 105 124 73 104 129 165 184 145 75 61 80 76 74 86 75 72 80 78 79 79 79 79 80 78 81 80 83 86 87 87 88 86 88 92 70 88 133 147 174 205 209 210 212 192 105 93 92 88 86 81 80 81 80 99 112 125 148 129 151 111 107 112 121 129 109 136 109 107 109 169 180 168 170 177 173 173 178 179 179 178 179 178 180 181 180 156 70 41 27
103 103 105 104 103 102 105 104 104 104 103 104 104 108 93 72 112 91 95 60 75 83 65 83 89 69 75 76 70 62 81 93 96 89 88 90 54 46 51 68 48 85 146 92 91 141 161 193 151 90 61 77 80 68 76 79 79 77 79 79 79 78 80 77 80 86 84 87 86 87 89 92 73 82 137 145 165 202 214 210 209 211 200 138 124 125 127 132 131 139 139 139 139 140 149 134 121 107 112 153 148 111 149 155 123 108 98 191 212 175 174 175 179 175 174 178 181 179 178 181 177 178 180 179 158 66 37 28
104 103 105 105 103 106 104 103 105 105 105 104 107 103 105 88 86 76 83 59 72 69 83 106 122 83 88 73 72 87 101 104 103 106 108 79 55 61 59 53 50 76 65 60 153 133 81 133 162 193 161 106 63 72 79 77 79 78 81 80 78 79 79 81 86 85 87 84 85 90 92 77 75 134 143 159 201 216 214 213 211 212 204 139 122 125 125 130 129 136 141 139 144 144 147 146 88 61 75 78 140 114 163 95 106 133 96 152 164 176 173 175 177 177 178 175 182 184 179 182 182 183 182 182 164 64 37 28
103 103 105 104 102 103 104 99 103 104 105 104 104 105 105 92 64 74 66 85 78 82 85 73 65 85 108 114 103 103 109 118 120 128 122 101 64 48 54 61 60 55 51 66 87 52 124 159 78 119 171 198 119 68 78 78 79 83 81 78 77 80 80 86 86 87 87 84 89 91 74 75 126 142 148 196 222 213 212 214 216 218 218 167 119 125 124 129 128 134 139 136 144 145 146 144 86 60 68 60 62 76 90 140 160 156 140 159 170 176 171 174 174 174 175 173 179 178 179 181 180 183 179 182 160 65 37 28
107 103 104 106 106 100 104 105 101 103 104 104 101 100 69 43 49 73 66 60 67 83 132 152 104 130 152 174 164 154 139 134 148 163 169 161 137 82 41 38 47 58 60 56 51 58 85 75 108 194 121 67 86 75 76 77 78 81 80 76 80 80 86 86 86 86 89 92 88 69 96 161 170 148 162 217 220 215 217 216 220 222 222 184 116 121 124 127 127 129 137 132 145 145 147 141 79 60 65 57 58 63 85 152 161 163 173 164 170 179 171 172 174 176 173 174 178 177 178 178 178 182 176 180 157 63 37 27
105 105 106 107 102 103 105 102 101 103 106 102 104 97 48 34 34 56 59 78 70 131 183 199 140 147 159 191 196 196 189 181 179 184 183 177 179 122 65 49 36 36 44 57 62 60 56 56 109 95 61 59 72 74 76 76 76 77 77 77 80 81 85 84 86 90 90 78 78 139 185 179 189 156 183 226 215 218 220 223 227 224 224 189 119 125 127 129 131 134 139 135 148 148 149 142 75 57 64 57 57 61 81 152 164 160 170 166 169 176 170 171 171 177 170 173 180 174 174 175 179 175 176 184 157 63 37 28
106 104 104 104 104 102 105 104 103 105 103 101 101 98 48 36 37 39 78 79 146 185 168 193 165 138 151 187 212 199 195 198 200 203 199 197 169 95 83 75 58 43 36 36 45 56 62 59 61 61 64 59 68 89 76 77 77 74 74 76 78 81 85 87 87 80 71 106 178 185 175 166 193 182 199 232 219 217 215 217 221 224 225 197 123 127 126 128 135 134 140 137 151 147 148 139 70 58 64 57 57 61 78 148 163 159 169 169 171 174 173 175 171 178 174 175 177 177 179 173 178 175 173 180 153 61 36 27
99 103 101 101 101 103 102 104 104 105 102 101 99 85 43 40 41 64 63 112 198 179 155 178 196 149 148 162 210 212 197 202 209 217 182 178 127 97 92 86 79 66 52 42 38 38 45 56 61 61 66 99 161 120 74 74 72 70 71 73 76 79 76 70 77 94 132 181 195 181 186 197 224 217 219 237 225 218 217 221 224 228 229 208 130 128 133 132 136 135 143 140 151 147 150 135 67 58 63 58 58 61 78 151 167 159 170 168 171 174 172 175 170 179 173 176 174 178 178 173 180 176 177 178 158 62 37 27
106 107 104 102 104 102 105 104 108 103 109 106 99 80 59 55 60 83 107 185 194 170 153 172 212 180 167 169 199 224 216 213 219 220 185 177 175 144 110 93 88 83 73 61 50 44 42 41 46 51 119 180 120 67 67 65 62 61 59 56 55 62 89 136 196 214 228 233 234 236 236 237 237 238 242 241 234 221 217 222 228 228 232 209 131 128 134 130 138 136 143 142 153 151 152 138 65 57 62 57 58 61 78 156 172 160 171 169 175 175 177 177 173 182 175 181 177 182 181 178 184 178 180 180 164 63 38 28
105 102 104 104 103 103 105 110 102 154 210 204 196 192 194 190 193 198 210 212 211 210 213 212 211 213 216 217 224 231 237 244 245 234 217 207 201 207 200 164 120 93 82 77 70 60 54 52 50 47 93 72 41 48 53 54 54 56 70 93 128 163 188 193 229 225 228 232 237 240 244 241 233 242 244 243 240 232 221 223 229 226 231 209 132 125 134 128 137 136 142 141 150 152 151 131 62 58 62 58 59 61 78 153 168 161 169 165 171 171 174 176 174 177 174 180 174 181 181 179 181 179 182 179 165 65 39 28
102 104 103 105 103 104 106 105 128 217 223 223 221 217 216 220 223 224 219 215 219 222 220 213 214 217 219 224 227 234 244 248 250 250 233 215 214 216 211 216 223 198 144 97 78 75 69 66 64 60 53 52 61 67 69 77 95 103 122 165 182 187 201 201 213 211 221 234 241 240 245 243 232 245 247 244 245 243 237 231 230 226 229 219 141 128 136 132 140 138 143 145 154 157 152 132 63 61 63 56 59 60 80 155 168 162 172 167 174 172 174 173 172 176 173 177 171 179 178 180 174 176 182 178 167 65 39 29
103 103 106 103 108 106 107 109 202 223 215 216 212 214 215 216 220 217 213 213 217 219 216 210 217 220 219 221 230 240 248 249 250 250 250 233 216 228 228 218 229 241 235 205 139 102 93 82 71 63 59 61 67 85 127 103 101 130 171 188 193 193 194 199 212 231 236 240 244 245 246 246 236 246 246 244 244 243 242 239 236 228 230 202 132 128 134 136 142 136 142 150 155 152 157 135 62 61 63 56 59 62 82 154 169 163 174 167 176 173 179 175 176 179 175 179 178 186 179 181 180 181 180 180 170 68 39 30
102 106 106 109 105 108 105 175 226 219 215 211 213 217 217 218 218 218 213 211 215 217 214 214 220 216 218 224 234 241 248 250 250 249 250 248 241 236 237 238 239 239 241 243 243 233 228 217 204 190 168 153 148 171 204 197 190 184 179 182 193 200 197 193 204 210 229 243 246 248 247 246 237 246 247 245 245 243 243 241 237 228 228 164 125 128 135 133 137 138 141 149 155 154 152 128 60 61 64 57 58 60 80 156 169 160 170 167 175 173 180 175 175 177 175 178 177 185 181 184 181 184 184 185 175 72 40 30
104 102 102 103 107 99 143 222 214 215 212 212 218 221 220 220 223 219 215 213 216 218 212 219 219 218 220 229 238 245 249 250 250 250 250 243 234 230 232 238 239 242 242 243 244 246 248 247 247 254 255 249 248 247 245 246 245 239 235 233 232 230 228 225 203 181 205 248 247 245 246 232 240 247 247 246 245 245 244 242 237 231 216 134 131 133 136 138 141 140 142 152 156 158 156 125 57 60 64 58 57 58 75 154 166 164 174 165 171 174 184 172 176 180 181 176 178 185 179 183 179 184 183 185 171 72 40 31
103 103 105 105 106 119 209 214 210 212 209 212 215 221 222 224 222 214 213 214 213 210 215 216 214 215 220 231 241 247 249 250 250 250 248 236 176 205 198 224 229 236 221 225 240 242 243 242 244 245 246 242 243 242 245 246 244 243 241 241 242 244 245 246 213 190 199 228 232 237 228 179 243 245 242 243 247 246 243 242 237 236 195 119 132 134 134 138 143 146 144 157 160 163 158 126 56 58 63 58 58 59 74 155 171 164 173 166 175 174 183 173 179 177 183 178 182 187 185 185 183 191 182 185 173 74 39 31
98 104 104 107 103 187 219 210 210 209 211 218 218 220 222 219 216 212 212 214 209 212 220 216 216 216 221 235 244 248 250 250 250 250 247 237 223 234 229 234 236 238 230 228 236 237 233 243 215 211 208 227 232 240 232 231 242 236 239 237 239 242 245 245 222 213 211 140 117 119 120 190 246 241 242 244 245 243 244 243 239 237 144 124 137 137 136 142 141 150 149 164 161 164 161 121 57 62 66 58 57 58 75 157 171 166 171 170 178 171 179 175 181 174 182 179 184 181 186 190 184 187 185 190 171 72 39 31
106 102 108 101 157 216 210 210 209 209 212 218 218 223 219 213 214 215 213 214 208 215 222 216 215 219 230 239 245 249 250 250 250 250 245 241 239 240 241 242 243 244 245 246 247 248 245 246 242 242 231 238 235 239 221 221 230 222 235 235 238 241 246 244 226 221 218 137 100 100 114 212 249 247 246 246 246 246 246 244 244 164 62 109 141 144 143 150 149 160 158 168 170 173 171 124 57 63 59 55 57 59 74 157 171 167 173 169 175 172 183 175 182 177 183 179 185 182 188 188 187 189 187 191 172 69 39 31
103 109 102 129 209 209 212 213 210 209 209 213 217 219 216 214 216 214 212 212 209 210 215 216 223 227 234 241 246 250 250 250 250 247 237 222 222 237 237 241 241 241 243 247 247 248 248 248 248 247 246 247 249 246 246 244 242 245 240 240 241 244 247 236 215 209 209 143 107 100 132 203 240 249 247 246 246 245 248 243 153 61 67 83 133 149 144 152 150 161 158 172 170 172 171 123 59 62 59 53 57 59 74 160 171 166 173 169 176 172 183 174 180 173 180 177 185 178 186 187 190 188 190 193 178 76 40 31
104 106 109 198 214 204 206 206 205 208 212 216 215 214 217 215 216 219 217 214 205 209 216 225 229 228 238 244 248 250 250 250 249 238 222 222 229 227 218 230 216 199 217 239 243 245 237 236 244 248 247 247 247 245 246 246 243 242 241 244 245 243 245 226 207 203 198 148 105 98 142 189 242 247 247 247 248 247 249 203 79 50 54 51 105 157 150 159 154 162 160 172 170 173 173 120 58 63 65 56 60 60 75 162 173 169 175 172 175 174 185 176 181 178 186 176 183 183 190 184 188 184 190 186 178 77 41 31
107 100 167 216 198 199 205 207 210 213 221 221 218 219 219 219 221 220 214 208 208 218 221 221 227 235 239 244 249 250 249 250 247 236 234 237 236 238 239 238 236 235 235 245 247 244 230 225 239 235 238 233 227 238 236 236 240 241 238 239 241 241 244 221 199 195 193 161 96 101 167 235 250 248 248 249 248 249 237 218 206 125 56 54 69 148 157 165 160 169 168 180 174 174 180 120 59 64 66 56 59 61 72 164 182 174 173 171 173 169 180 175 181 177 184 178 182 179 190 181 186 187 194 186 176 73 40 31
97 136 206 195 197 203 210 212 211 215 219 221 220 218 219 221 216 205 207 213 217 217 220 224 230 238 240 246 250 250 250 250 244 239 238 235 237 239 241 241 244 248 247 249 245 243 245 244 244 242 242 238 234 238 233 234 236 239 239 241 242 243 244 219 198 197 201 190 100 111 180 237 250 249 248 248 249 246 225 225 220 228 175 83 80 130 153 165 166 171 172 181 175 177 179 112 58 62 66 57 60 62 73 170 187 183 184 180 181 178 182 179 181 176 181 178 183 178 188 182 186 182 192 187 177 70 40 30
112 193 199 196 197 204 211 214 216 218 219 220 219 217 216 218 209 203 205 214 216 219 224 230 235 239 243 248 249 250 250 248 238 230 205 226 238 238 244 246 247 248 248 244 242 248 248 247 248 248 248 249 249 247 246 245 245 244 245 246 245 243 242 221 203 202 209 202 108 129 205 248 249 247 248 249 248 238 229 230 229 220 246 148 113 167 151 166 169 172 172 179 177 178 178 108 58 63 65 59 59 62 73 173 188 187 191 190 187 185 192 189 184 183 188 185 184 184 191 186 188 184 193 189 176 70 40 31
167 201 199 200 197 208 216 217 218 216 214 217 214 217 218 217 208 202 205 215 221 224 225 233 237 238 246 250 250 250 250 244 231 218 177 222 222 226 239 215 236 243 232 234 242 247 246 247 246 245 246 247 246 248 246 245 243 243 244 242 240 243 236 211 196 191 201 202 121 144 185 246 248 247 248 249 242 229 229 230 230 238 235 163 154 165 174 172 171 173 177 181 178 178 181 102 58 64 66 60 60 62 70 171 187 187 191 192 189 189 190 190 187 189 191 190 187 190 194 189 189 188 193 191 177 72 41 32
189 194 198 202 201 210 217 214 215 214 209 211 215 222 220 215 202 200 212 220 222 226 230 234 237 238 248 249 249 250 249 240 235 236 227 234 234 238 242 236 240 241 230 223 230 215 220 232 202 218 237 230 238 242 239 236 236 237 239 239 241 244 228 188 185 180 190 195 140 155 210 248 249 248 249 246 235 231 230 232 240 248 206 167 175 175 180 176 175 176 180 180 179 179 183 95 59 64 64 58 61 61 69 172 192 190 191 194 191 194 192 193 192 193 191 193 190 192 191 192 192 191 191 194 178 74 41 32
192 199 201 209 210 212 224 222 220 218 220 223 223 223 224 215 201 215 229 230 231 232 237 240 238 242 248 249 250 250 245 237 232 235 234 235 240 244 248 249 249 248 248 244 239 235 234 241 233 233 241 237 242 238 233 230 236 237 237 237 233 237 211 183 187 185 186 185 159 162 224 249 249 249 249 241 235 232 232 238 245 232 183 180 182 177 184 175 176 177 184 183 182 182 183 91 60 64 63 57 59 61 69 172 190 188 190 195 186 193 192 196 188 193 194 199 190 195 192 197 193 197 191 199 180 77 41 33
140 136 126 123 116 120 136 153 159 161 165 172 185 188 193 182 157 146 156 165 180 186 193 209 229 251 251 250 250 249 235 223 180 204 217 221 220 236 241 244 242 248 243 234 230 240 242 246 249 246 245 247 244 244 245 246 241 239 234 232 235 237 204 189 187 185 185 180 181 186 234 250 248 249 246 238 236 232 237 243 244 191 176 179 183 174 177 174 179 174 180 179 181 181 183 86 61 64 63 57 60 62 69 172 192 190 190 198 191 194 194 200 190 197 194 199 189 195 194 200 190 195 195 202 176 76 41 33
106 111 91 79 75 81 83 81 80 79 78 80 81 80 80 75 70 67 65 65 64 65 67 74 90 175 250 253 249 246 233 227 219 223 221 230 228 235 241 229 212 210 215 179 213 234 233 232 227 222 236 235 239 244 243 237 235 229 231 236 239 237 202 180 186 187 185 184 188 200 245 254 250 250 243 238 241 240 244 250 216 178 189 179 180 177 182 174 180 177 185 180 182 179 179 83 62 64 63 58 62 63 68 169 188 190 192 198 188 193 193 201 188 194 193 202 189 195 191 200 191 197 193 201 177 75 41 33
110 104 89 83 75 79 77 76 78 77 78 80 87 91 90 91 90 90 89 88 85 82 80 77 72 72 129 218 255 247 239 238 242 241 238 243 247 247 248 245 243 230 229 215 228 237 239 230 221 223 228 222 229 235 213 192 217 230 235 237 239 229 192 181 182 185 182 178 177 187 189 219 235 239 231 222 215 216 213 208 187 181 186 185 188 180 185 181 187 179 186 181 187 183 181 80 62 64 60 59 64 63 70 177 197 199 191 200 195 202 194 203 193 199 193 202 188 194 188 201 193 198 189 199 175 73 41 32
107 96 83 83 76 76 70 68 68 64 61 60 98 114 107 112 106 113 104 114 106 110 107 108 102 100 88 107 185 190 175 167 169 186 207 214 219 229 236 240 241 239 229 231 238 242 243 244 244 241 240 242 242 241 232 227 229 235 234 236 243 222 193 189 185 181 179 172 178 190 128 136 136 154 150 157 151 163 167 177 181 181 182 181 182 178 182 176 182 174 181 182 191 182 177 76 65 65 61 59 65 66 71 180 196 197 190 202 196 204 193 202 193 202 194 200 192 199 192 199 197 201 194 199 186 78 41 32
100 100 81 83 75 72 65 68 67 63 60 60 105 107 114 105 111 109 111 116 113 120 115 125 114 126 119 124 114 119 114 116 109 144 203 200 200 203 204 208 207 206 204 204 201 200 200 204 202 206 211 221 223 220 217 219 222 215 210 209 210 186 162 149 131 103 86 109 171 177 140 147 141 154 148 166 165 175 172 178 174 176 177 178 177 177 180 179 182 175 186 182 189 180 171 71 60 61 58 54 59 60 65 170 195 195 188 201 191 200 191 200 192 200 193 202 194 195 193 197 194 198 195 196 187 74 42 33
99 93 79 84 74 70 67 67 65 59 58 60 98 112 108 105 112 101 109 103 116 107 115 109 115 117 112 120 116 129 118 131 121 142 162 170 167 161 166 165 170 166 173 173 181 184 183 170 162 164 148 151 148 152 141 135 132 124 116 103 100 98 90 79 69 62 54 102 181 179 151 157 158 166 165 178 166 177 172 180 171 179 173 177 172 174 174 172 173 169 183 180 184 174 166 95 102 108 119 136 149 157 169 212 221 222 217 215 211 219 213 214 212 221 223 225 223 219 216 227 210 195 196 190 188 74 43 33
97 84 81 84 71 68 67 67 62 57 55 56 85 87 83 93 89 96 99 99 102 100 108 98 113 102 115 106 116 114 116 119 115 125 110 125 116 128 124 126 129 125 134 124 138 131 146 135 144 141 145 149 146 152 140 151 138 149 138 142 138 136 135 130 129 121 105 121 188 170 169 162 165 166 172 171 164 174 175 183 174 180 177 182 177 185 186 193 199 204 220 230 232 229 226 229 232 232 237 242 233 235 239 203 233 242 235 227 222 239 237 235 234 220 239 202 220 242 239 237 231 200 195 190 189 75 43 34
84 82 80 81 65 66 66 66 59 55 52 49 56 44 49 50 51 56 58 63 62 66 67 73 81 80 91 88 101 92 106 100 112 108 110 117 109 122 112 127 115 125 122 130 131 125 136 129 144 133 145 137 144 143 146 155 149 161 150 162 153 157 147 141 132 132 186 145 188 208 216 209 212 211 211 211 211 213 218 221 219 218 221 222 222 225 227 226 227 229 229 235 237 241 231 229 230 231 233 234 235 237 238 231 235 239 237 236 233 239 238 237 238 234 239 236 240 240 240 240 239 226 202 192 192 77 44 35
88 84 79 79 62 64 66 65 55 54 47 43 45 46 48 47 47 49 49 48 49 49 48 51 52 54 54 56 55 56 60 60 63 65 71 72 78 84 87 97 95 108 103 118 112 120 121 129 135 125 137 128 143 131 146 141 145 149 144 156 147 158 142 130 107 106 131 150 191 222 229 231 228 225 228 231 232 229 224 221 225 226 225 227 226 226 226 226 228 225 230 232 232 234 235 232 233 234 231 222 234 235 232 231 235 237 237 235 232 228 233 234 235 237 237 238 237 237 238 237 240 239 215 190 187 77 44 36
84 74 76 76 63 62 65 64 54 53 44 44 47 50 52 51 50 50 49 49 50 50 51 52 53 51 52 54 57 58 58 57 57 57 55 53 52 54 55 54 55 57 57 60 63 66 68 74 77 80 86 90 101 97 111 109 125 121 129 140 142 156 142 140 112 106 88 153 193 224 227 228 228 232 233 232 230 222 224 215 214 219 227 215 211 222 226 227 225 220 228 228 228 227 236 235 235 233 230 231 236 234 238 240 241 240 238 240 235 229 232 235 235 237 239 239 236 241 238 238 239 239 237 200 187 81 44 36
77 71 76 74 65 64 65 62 53 46 40 47 48 51 52 50 50 50 50 51 49 48 48 48 49 47 48 49 51 55 56 56 58 60 60 59 56 56 56 57 55 54 53 54 54 53 54 54 54 55 54 54 55 56 56 58 59 59 62 65 69 74 75 79 74 73 80 165 194 219 217 225 228 228 227 229 228 217 222 220 213 219 225 223 220 225 224 222 223 223 222 223 230 226 229 236 230 232 235 235 236 237 238 237 238 238 240 240 237 234 236 238 239 239 239 242 242 240 242 243 242 243 244 232 193 83 45 37
74 72 76 74 66 63 64 59 49 36 46 52 52 52 53 53 54 54 54 53 53 52 51 50 48 49 47 48 48 51 52 52 52 53 55 55 56 56 56 55 56 55 55 55 53 55 56 55 55 55 56 56 57 56 56 56 56 57 58 57 56 56 57 56 56 56 81 176 199 222 218 220 225 224 220 221 227 224 221 219 213 215 223 227 223 217 217 225 222 209 218 220 225 231 228 232 236 235 241 237 236 237 239 240 242 241 241 241 238 239 240 233 233 236 235 236 240 243 245 243 238 241 244 248 214 80 46 39
78 68 74 74 67 61 64 57 39 40 51 53 53 52 52 53 54 55 54 54 55 54 54 54 54 54 53 52 52 53 54 54 54 53 53 54 51 50 54 56 56 57 56 54 53 53 52 53 53 52 52 53 55 54 55 56 55 55 56 56 56 55 55 56 57 55 90 180 207 228 219 215 223 222 220 219 226 221 218 222 222 223 227 223 222 221 221 221 222 223 221 215 223 228 231 232 239 236 237 239 236 234 231 235 234 236 237 239 239 237 241 236 239 240 241 242 245 245 248 246 246 246 246 247 231 90 47 40
77 65 74 76 67 61 64 53 44 50 52 54 54 52 52 52 52 52 53 54 57 57 56 57 56 56 55 54 53 54 54 54 55 55 55 55 55 54 52 52 52 52 52 54 55 54 54 51 51 50 50 50 54 54 56 55 54 54 53 53 53 53 53 54 54 52 102 185 211 236 219 221 218 219 220 223 226 214 224 227 225 225 226 220 209 222 221 220 217 225 223 214 223 229 232 231 236 240 239 240 237 236 239 238 235 239 240 241 243 245 246 244 244 244 243 246 244 248 247 245 247 245 242 246 235 98 48 41
72 67 73 73 64 59 63 51 51 51 52 56 57 57 57 56 55 55 56 56 56 57 57 57 56 56 56 56 56 55 55 54 54 54 55 54 54 54 53 52 51 51 51 52 51 51 53 53 53 52 52 51 52 54 53 54 54 55 54 56 54 56 57 57 57 54 114 187 200 241 220 221 224 219 213 220 221 215 227 226 225 221 221 216 222 219 224 227 220 227 225 223 225 213 231 233 231 241 242 240 244 241 241 237 242 242 237 241 242 243 246 243 245 247 246 246 247 246 246 243 241 243 245 248 235 99 51 40
71 66 75 77 62 60 57 47 52 54 54 56 58 58 58 58 58 58 56 57 57 57 57 56 58 58 57 57 56 56 55 53 54 55 54 53 52 51 51 50 49 50 49 51 51 52 53 54 54 52 52 53 53 55 55 56 56 55 56 57 58 58 59 57 57 56 126 185 172 239 221 221 224 222 220 226 227 225 228 229 229 228 225 222 228 229 229 229 231 230 227 222 220 212 227 233 236 242 242 242 244 243 241 244 245 243 243 245 246 245 246 245 246 246 247 248 245 241 241 241 244 246 242 241 234 97 52 41
73 64 73 74 61 59 42 48 54 54 54 56 58 59 60 60 58 58 57 57 56 56 57 55 57 57 57 58 57 56 54 55 55 56 56 54 51 51 50 49 48 49 49 49 51 52 53 53 54 53 51 52 53 54 55 55 55 55 55 55 55 55 55 55 54 57 138 177 142 231 222 220 224 226 226 225 226 228 225 225 228 227 223 221 222 223 224 224 230 224 220 222 223 226 228 232 239 239 240 241 243 244 244 244 240 240 238 239 241 246 246 243 243 245 246 245 244 243 244 245 247 248 240 243 236 102 52 42
71 63 71 70 61 50 43 56 56 57 56 56 57 59 60 60 59 57 57 57 57 56 56 57 56 55 54 55 55 53 53 55 58 57 57 54 51 51 50 51 48 48 49 48 50 52 53 53 52 53 52 51 52 52 51 53 53 53 52 52 52 50 50 51 49 58 149 170 149 211 227 219 223 224 221 220 220 219 224 228 229 227 230 228 218 226 228 219 233 216 205 224 223 224 225 231 238 238 239 243 243 244 245 243 239 237 228 246 242 240 237 244 242 239 230 239 237 240 234 233 244 238 234 232 231 97 52 42
70 63 69 70 59 44 54 58 57 57 56 57 57 57 56 56 56 56 56 56 56 56 56 56 57 56 56 57 57 57 57 59 58 57 57 57 56 56 55 52 49 48 48 49 50 53 54 51 51 52 52 51 52 52 51 51 52 52 52 51 50 49 47 47 47 64 155 162 170 181 227 222 224 223 217 220 219 217 225 226 225 228 229 230 226 225 226 224 225 221 222 229 230 230 228 231 238 237 237 242 245 243 244 244 241 211 225 239 241 229 222 241 242 237 225 237 241 246 243 241 247 246 248 247 233 99 50 40
64 59 65 58 53 53 53 50 50 49 49 48 49 49 50 51 50 49 48 49 50 51 49 50 50 49 49 49 50 51 50 50 51 49 49 49 49 49 51 51 49 44 42 41 43 44 47 48 45 45 47 49 49 48 50 50 49 48 49 48 47 45 45 44 42 70 159 158 171 161 225 226 226 225 222 216 230 232 233 231 233 235 236 238 232 231 234 234 231 231 230 229 225 225 227 222 235 236 236 241 248 243 244 246 248 246 246 245 245 246 244 234 244 249 243 239 245 234 235 238 224 241 242 219 198 88 49 38
