123 144 158 167 192 159 136 131 77 81 73 96 91 92 86 92 140 119 114 96 104 111 138 205 176 199 176 161 117 111 145 135 113 162 177 178 156 168 175 148 126 155 181 110 116 121 113 144 128 91 87 80 82 82 80 78 74 70 72 81 86 79 88 83 79 79 104 148 151 113 105 131 107 108 162 169 172 152 167 131 142 153 169 205 210 211 241 234 198 145 158 135 113 120 173 178 155 173 184 163 137 122 142 148 152 151 202 205 209 163 163 157 160 169 171 187 221 205 206 194 230 234 173 215 211 203 149 31
138 171 166 165 192 179 148 114 64 75 77 98 78 71 68 89 113 130 131 101 95 112 165 175 122 111 167 177 130 103 132 124 125 158 187 185 155 141 180 162 117 182 205 118 96 101 127 150 108 87 91 78 78 80 83 81 82 79 79 84 86 81 81 72 73 84 100 149 152 118 137 146 121 105 152 180 176 158 168 135 141 152 164 198 236 237 233 227 208 146 195 181 161 146 188 199 167 157 179 228 165 147 135 143 149 138 161 182 187 173 163 167 148 143 166 221 208 178 166 186 237 217 193 177 178 146 127 45
138 152 154 181 191 165 138 105 87 67 65 102 92 70 94 100 95 99 103 124 128 134 140 116 115 90 121 164 147 92 104 127 124 144 193 177 148 143 177 159 128 197 169 139 111 103 127 154 107 90 90 83 76 82 84 78 80 82 88 93 92 93 81 73 98 102 94 116 129 137 150 142 130 110 151 186 185 182 168 133 121 144 149 196 245 236 242 219 184 164 223 183 194 195 183 187 181 156 190 232 188 189 158 156 131 121 139 191 192 195 161 155 154 177 221 230 200 149 145 176 207 172 161 132 149 131 116 49
122 138 135 136 161 137 146 103 82 70 77 133 134 93 105 90 98 110 114 129 140 117 120 132 130 108 121 115 123 111 91 149 141 125 191 187 152 142 171 157 143 197 146 139 119 121 119 138 113 95 88 81 74 80 81 75 77 81 88 96 93 91 84 101 116 105 125 110 105 151 161 133 129 127 147 144 145 159 150 144 148 132 161 205 221 232 232 194 142 170 157 145 168 161 175 205 166 166 195 172 164 173 143 182 134 134 172 192 214 153 139 152 158 169 236 214 139 165 191 200 145 130 145 123 133 136 124 54
128 130 128 135 125 128 175 146 120 109 110 127 136 111 98 93 110 127 104 112 109 98 107 142 125 104 126 119 107 145 93 131 138 116 160 203 169 135 157 172 192 207 158 146 132 126 121 110 95 101 91 77 72 75 76 72 75 81 90 99 94 87 101 126 95 115 172 119 93 147 228 168 173 145 139 142 141 159 140 161 186 136 175 180 221 224 234 211 155 159 128 124 139 139 152 218 232 219 174 141 150 139 156 193 167 162 140 145 212 183 141 153 137 145 222 169 176 228 246 213 124 124 148 128 114 125 152 65
109 117 133 132 145 133 106 160 225 161 111 147 179 106 78 92 115 106 85 96 101 109 97 110 120 103 114 122 94 125 134 96 114 101 130 186 156 136 157 189 215 173 179 170 123 134 145 120 96 85 77 75 76 77 74 72 78 83 91 92 89 105 122 130 108 156 184 137 93 126 232 209 179 137 130 155 158 141 122 138 207 163 194 180 212 234 231 207 178 164 122 124 130 151 208 234 247 206 154 151 138 150 137 176 153 142 130 130 172 156 162 178 192 227 243 224 205 205 210 229 162 124 138 129 124 141 152 71
86 124 120 89 117 122 120 113 141 134 126 139 172 112 76 90 107 100 86 89 114 109 91 86 115 104 116 126 94 119 183 115 107 109 117 143 137 128 156 179 189 147 183 137 126 155 162 151 161 109 73 72 76 73 72 75 80 91 91 96 110 108 99 114 129 152 166 138 100 125 202 217 151 139 126 160 177 146 125 133 206 208 184 178 181 244 212 169 159 171 129 125 153 170 180 189 215 163 148 171 158 169 133 159 152 172 145 136 156 176 234 249 249 240 207 222 184 173 213 236 202 146 139 158 139 147 150 75
85 113 102 78 94 92 140 140 105 108 151 143 167 118 80 109 122 109 109 106 124 105 78 113 111 83 81 95 94 101 133 156 111 111 103 121 131 156 136 134 151 146 146 117 136 137 156 148 122 80 70 75 72 71 75 71 84 105 107 110 87 82 91 109 117 108 126 127 102 131 179 236 163 135 124 157 159 155 138 143 188 215 160 169 167 234 200 172 165 176 136 131 172 190 146 152 177 155 178 200 161 143 142 146 176 188 152 139 182 239 250 249 242 201 195 216 199 190 208 238 214 156 153 223 152 140 150 77
96 100 86 86 91 99 121 161 140 113 125 134 152 133 95 126 122 93 110 110 100 95 87 130 98 81 71 91 98 99 101 157 150 117 100 115 112 163 161 119 109 135 121 124 131 128 193 135 74 66 72 73 68 75 73 71 101 144 108 81 88 94 93 95 115 96 125 121 110 132 181 238 178 144 134 144 142 154 147 154 167 225 151 144 157 198 187 171 175 178 146 136 168 159 125 132 182 214 177 153 142 177 188 159 160 186 196 183 211 248 249 249 240 227 197 220 235 205 208 235 224 172 168 202 150 149 141 82
110 103 88 95 93 120 121 139 159 116 110 119 118 116 91 107 168 89 107 107 111 98 132 130 70 68 77 97 99 94 99 146 176 102 101 135 113 115 161 143 86 97 108 132 129 164 181 118 93 68 69 63 72 71 69 68 86 123 111 117 114 95 96 92 108 108 132 109 112 170 241 242 176 143 131 121 114 136 161 160 135 210 222 162 143 157 199 161 177 173 146 130 147 135 129 142 171 160 138 150 164 152 168 169 130 158 176 167 215 239 240 230 220 222 202 227 247 225 213 234 232 181 169 146 139 143 132 78
102 91 92 97 105 124 136 139 141 98 114 101 118 106 87 107 129 121 125 114 122 124 122 110 107 100 88 96 104 100 101 115 177 113 98 143 122 109 126 154 91 79 84 123 127 154 134 112 102 67 56 70 101 75 72 73 86 99 105 106 95 87 96 99 113 158 135 92 114 201 254 242 167 136 132 114 109 131 165 150 127 190 224 195 135 144 229 198 194 157 133 133 149 158 143 133 129 141 168 174 193 129 117 170 129 158 169 178 229 223 200 183 185 197 206 218 247 229 203 225 232 163 160 152 138 141 157 91
87 78 91 90 97 121 129 194 156 111 92 106 139 139 149 141 84 123 128 85 110 113 85 96 103 104 108 113 106 100 109 107 167 120 101 143 141 127 126 131 111 86 85 107 127 146 113 109 88 63 65 91 108 77 72 78 88 96 105 99 87 86 93 112 118 137 147 110 134 184 252 245 158 132 122 112 109 127 143 174 188 209 191 182 143 159 225 222 173 141 137 163 173 188 129 127 125 149 178 166 170 121 125 182 128 169 178 208 239 225 189 173 185 184 205 213 245 235 198 208 220 145 147 160 143 157 194 101
87 86 102 113 95 117 114 198 153 116 100 124 155 141 132 148 107 88 105 85 83 93 109 95 91 100 119 119 101 95 142 129 130 145 114 170 166 139 116 114 123 99 91 101 134 132 102 111 78 69 79 96 91 74 69 75 81 102 116 114 103 100 107 100 107 141 150 135 156 163 219 234 167 122 113 111 110 140 120 182 216 191 176 151 156 177 224 249 211 143 182 194 166 150 125 124 125 144 147 135 144 128 131 189 134 160 169 225 233 224 189 168 183 182 192 212 236 244 227 227 214 178 147 163 167 171 188 100
106 92 132 116 97 111 130 171 126 101 88 106 126 127 110 125 118 104 109 101 92 101 139 116 106 108 108 99 88 103 183 164 98 157 193 192 153 142 119 108 130 114 104 114 143 115 103 101 70 70 84 99 79 69 64 75 93 109 98 115 123 117 115 119 139 165 121 114 118 141 150 152 157 130 108 107 118 151 123 183 191 184 167 139 157 135 167 223 230 168 163 211 160 129 169 136 143 137 114 130 138 142 122 182 137 160 171 228 234 223 187 169 181 185 178 196 229 245 245 241 170 181 183 167 176 173 179 110
149 124 128 122 134 129 163 176 131 100 106 107 109 141 108 78 117 109 124 126 88 104 134 109 91 94 100 87 97 157 128 125 98 172 245 220 165 172 175 149 123 161 134 120 137 93 105 92 69 69 92 107 77 69 72 81 97 107 94 109 113 98 93 101 110 146 119 116 121 124 131 149 159 156 114 122 134 163 144 185 192 163 156 153 163 128 162 214 231 192 148 199 145 138 174 168 166 168 146 123 142 155 133 162 139 159 175 230 234 219 183 171 178 188 168 172 220 240 236 226 160 158 163 160 171 167 159 83
148 149 118 135 142 132 135 162 144 89 119 123 108 133 91 77 118 128 127 107 84 92 135 114 87 92 97 80 132 138 97 103 104 198 228 188 150 140 150 167 122 163 170 118 116 89 90 74 64 65 93 104 77 74 74 78 96 117 111 90 91 91 90 95 102 127 125 116 136 116 112 168 171 133 144 138 165 230 221 188 175 173 160 151 162 137 159 205 237 218 147 192 132 161 181 168 159 178 170 125 166 165 146 157 140 151 182 221 225 227 183 170 172 181 172 191 201 222 235 210 162 164 182 155 172 174 141 74
130 154 154 125 152 130 109 176 148 122 139 109 111 125 82 82 120 128 140 130 85 93 104 94 93 94 92 117 152 102 99 111 103 167 175 167 140 125 143 155 116 102 162 158 119 122 80 64 65 69 95 87 70 70 73 80 113 129 122 105 92 97 92 90 91 108 127 112 130 118 142 200 168 118 126 143 206 208 191 192 198 140 150 169 152 150 165 201 226 232 183 188 131 162 186 164 159 177 154 133 166 155 136 168 153 151 192 197 222 225 180 169 186 183 207 199 202 245 246 230 188 198 186 147 156 158 132 77
183 179 162 155 171 105 132 172 163 132 129 107 109 97 86 99 124 132 160 182 142 122 101 97 96 112 106 153 121 91 104 104 99 176 158 142 134 136 120 169 135 94 117 197 166 149 101 70 59 74 125 89 62 71 70 92 115 109 98 116 103 97 85 87 90 103 136 125 130 133 159 168 190 166 186 205 190 183 171 178 210 192 148 178 154 152 170 203 214 192 168 203 158 142 170 161 148 170 134 155 175 174 154 175 188 184 191 195 240 205 172 169 201 215 206 188 231 249 246 244 202 220 180 154 151 147 133 84
150 184 189 184 156 153 169 161 199 139 130 97 105 89 91 113 132 133 216 220 153 127 135 87 94 117 118 115 99 102 101 100 116 152 122 153 152 165 133 157 123 97 104 125 138 164 104 68 62 67 123 86 62 69 77 95 124 121 103 88 81 98 95 88 94 107 137 135 131 132 125 189 213 192 179 206 207 199 180 159 157 184 191 192 155 149 164 206 220 172 156 183 176 130 159 169 140 133 132 191 196 179 175 179 204 206 176 191 241 200 193 173 198 214 203 202 237 249 243 226 209 223 185 157 148 137 136 88
119 152 178 202 143 169 150 119 180 160 99 118 115 94 90 106 152 161 242 222 147 145 141 85 93 107 107 96 139 120 95 105 133 133 117 131 150 178 159 180 160 115 127 104 111 150 108 74 71 62 64 71 72 65 81 86 103 100 119 107 94 107 99 94 92 105 135 130 144 138 116 205 199 175 175 196 199 172 171 158 144 155 195 205 140 133 192 227 207 162 188 172 166 153 139 178 135 145 162 229 209 161 162 160 209 214 159 217 223 209 218 190 193 201 215 203 231 248 249 244 239 225 213 185 149 137 154 89
112 146 173 191 138 157 145 120 157 173 119 150 152 117 92 117 126 164 185 199 144 129 130 93 93 140 130 106 143 107 98 156 223 151 111 107 121 176 131 134 165 139 118 106 117 123 87 79 71 72 62 65 74 67 77 81 82 83 107 110 107 122 96 94 94 107 131 146 139 122 120 168 189 166 186 197 180 159 151 153 148 147 191 214 165 141 194 221 217 176 206 153 132 155 190 180 158 172 186 219 178 184 191 157 195 218 190 236 227 242 221 197 194 211 233 220 238 249 233 222 203 171 170 194 194 156 173 96
109 143 186 173 113 140 143 138 165 168 130 148 147 131 101 114 105 138 126 180 136 111 142 96 95 165 138 108 109 91 180 229 190 97 89 92 118 155 116 154 124 111 114 115 134 168 90 74 71 72 67 64 67 72 72 84 84 81 99 106 129 150 98 92 104 106 125 150 126 123 128 163 180 164 184 188 184 156 148 162 161 136 161 208 213 213 181 225 205 188 188 127 124 146 189 226 183 162 163 212 144 175 201 166 203 219 249 247 231 225 223 223 226 226 217 222 246 235 189 178 192 154 151 151 175 153 161 89
116 116 132 118 95 122 133 131 166 164 128 144 133 106 119 124 142 176 129 157 115 114 149 90 100 182 139 103 139 163 203 116 94 106 68 81 126 114 99 119 124 123 123 138 177 175 89 72 71 73 72 72 65 66 68 82 88 91 97 110 135 152 120 103 116 104 120 140 124 121 132 171 166 151 154 178 186 165 140 146 155 144 139 166 186 211 178 196 193 186 162 140 154 135 123 192 174 148 161 208 153 160 189 219 238 246 248 249 238 229 246 248 246 202 224 245 249 235 186 163 176 163 150 148 142 147 144 72
110 122 99 110 92 127 155 134 156 179 113 160 131 117 122 137 187 184 140 140 100 129 151 87 101 172 208 133 144 176 134 91 111 118 72 85 151 95 100 139 143 141 175 180 178 112 94 72 75 77 78 68 66 62 61 84 85 88 91 106 124 121 133 116 107 113 138 123 114 134 148 166 138 141 144 190 190 190 152 138 140 158 152 138 148 178 190 171 194 176 160 162 147 146 144 181 164 161 162 194 171 194 211 204 210 241 243 248 240 237 244 248 242 218 247 250 238 206 162 186 184 142 138 140 141 155 138 78
119 131 94 115 109 133 155 136 117 205 116 156 139 129 148 188 189 172 116 115 93 102 108 137 171 163 236 193 145 104 109 100 107 80 73 73 97 108 141 171 175 163 201 182 146 117 101 71 71 74 79 71 76 66 61 70 78 80 79 105 118 102 109 115 100 114 166 147 133 139 153 172 139 126 168 204 191 174 174 162 125 128 151 167 161 182 211 192 225 201 176 146 143 194 189 154 169 193 174 179 175 204 174 156 217 243 234 246 220 231 242 243 229 224 241 220 186 169 164 155 147 138 139 139 137 169 165 78
140 123 103 143 134 130 140 110 108 186 98 130 145 140 192 213 181 140 110 121 95 92 109 165 220 163 155 152 135 118 80 90 99 82 71 74 85 176 188 173 189 173 195 191 153 119 85 80 73 69 77 73 71 71 66 62 67 77 81 111 125 96 113 127 106 114 180 186 142 153 187 195 131 144 193 200 171 140 160 184 147 124 134 143 163 152 196 225 241 188 144 138 175 204 169 121 149 191 172 162 172 188 160 167 236 215 239 239 208 217 232 246 225 230 208 162 153 143 141 136 135 145 144 142 144 169 170 75
204 129 121 155 132 120 133 109 124 187 160 135 158 134 174 219 182 127 151 151 97 97 141 223 195 177 171 187 116 111 90 87 94 86 80 73 121 203 219 172 181 191 158 209 211 130 80 78 79 80 82 70 71 75 74 74 80 86 85 131 113 96 127 139 116 126 165 171 180 155 162 159 136 146 177 190 148 157 166 162 151 140 157 154 164 146 161 224 219 155 129 139 194 193 138 116 134 144 159 187 151 169 154 201 203 206 243 219 227 208 204 246 201 235 200 145 139 133 123 131 141 157 181 145 136 145 141 69
185 149 161 111 106 105 103 94 98 132 203 174 205 149 170 183 166 156 145 149 116 133 211 228 132 208 201 226 143 90 79 84 93 76 83 81 132 192 225 163 183 175 167 231 232 152 80 76 76 77 76 71 67 76 77 75 80 78 82 132 100 100 124 136 128 140 185 135 161 153 131 137 129 117 164 173 146 160 145 146 139 145 148 156 198 195 170 202 204 163 133 138 190 173 123 119 129 121 143 152 121 141 192 192 182 191 232 206 247 219 201 226 193 250 201 170 142 122 124 135 138 142 183 159 130 124 142 67
147 121 191 103 104 120 102 100 96 120 170 236 216 158 137 160 128 124 123 132 148 172 199 154 208 222 132 189 135 105 82 88 100 94 82 88 140 174 196 170 160 114 129 174 199 131 78 76 82 76 79 72 71 76 76 79 78 73 100 136 93 103 108 118 123 130 157 147 124 146 161 140 131 108 167 172 163 152 145 173 126 121 138 126 159 201 188 197 209 189 143 137 166 144 121 123 123 133 142 141 130 169 174 203 206 196 217 212 247 232 233 224 220 245 230 231 209 143 137 144 145 123 157 153 139 143 135 72
128 122 147 129 94 120 111 131 127 129 156 184 187 165 133 110 104 106 108 115 118 136 159 131 162 132 115 128 95 111 95 85 104 109 78 98 169 139 171 152 109 105 129 148 207 125 80 85 83 72 79 76 79 78 77 82 87 81 112 136 94 97 99 111 122 148 145 178 147 132 141 150 122 108 167 180 161 143 168 177 147 134 130 149 161 167 168 199 226 200 149 146 153 133 129 129 131 135 121 135 180 169 146 206 217 180 193 229 229 228 237 215 219 198 169 172 182 152 140 149 148 124 163 160 136 139 131 72
142 144 130 181 148 152 142 154 147 191 152 144 151 153 127 102 100 102 107 117 111 105 129 141 105 116 144 133 98 84 88 86 99 112 78 101 122 105 127 115 98 126 122 144 170 106 81 82 84 79 77 81 80 80 83 90 84 74 89 106 110 97 94 107 136 189 178 157 131 118 115 154 149 123 176 168 151 138 153 134 135 152 161 156 153 156 165 164 226 212 132 154 146 124 133 139 143 138 129 155 173 150 153 191 209 184 183 242 215 220 219 182 223 210 190 163 149 142 138 147 137 134 180 169 154 161 151 83
125 159 140 175 234 199 200 157 161 177 184 204 192 147 114 98 104 97 105 118 117 109 109 125 148 125 89 109 116 99 79 85 78 92 93 119 112 83 98 104 108 130 119 188 140 109 89 89 81 77 78 79 77 80 97 102 81 74 85 83 118 87 77 106 145 170 194 145 128 133 146 141 124 132 163 151 136 124 149 124 114 123 158 154 152 159 178 169 199 229 163 140 123 149 145 121 123 152 166 162 139 179 183 187 169 172 205 233 210 223 210 187 237 234 210 182 159 138 143 152 129 163 176 156 148 156 166 82
148 159 145 168 220 195 217 162 169 159 200 242 134 81 94 95 102 106 106 118 114 109 108 117 131 148 133 90 94 78 80 89 87 142 142 141 106 92 97 103 122 111 160 203 121 94 83 87 71 72 84 79 74 78 108 118 90 78 87 75 109 80 77 111 151 143 141 170 129 131 183 191 157 133 138 153 125 123 139 122 122 109 138 193 146 169 182 176 169 221 204 128 123 141 129 116 139 155 153 155 143 187 201 171 165 177 197 200 213 215 196 196 246 243 216 190 164 146 149 147 135 179 180 146 136 140 192 85
192 154 136 163 203 200 204 163 177 152 214 207 97 81 98 96 98 105 100 111 104 93 98 106 121 140 147 103 89 69 76 88 96 165 164 119 94 107 99 93 119 148 221 148 113 80 69 77 78 80 92 76 74 80 109 135 112 82 89 80 98 81 80 120 151 147 149 168 141 169 158 190 190 133 134 140 121 129 136 125 127 113 116 156 152 158 162 168 171 201 203 136 155 133 126 121 170 135 152 168 148 148 171 162 182 177 201 179 215 215 192 193 243 248 225 191 156 139 152 164 147 179 173 145 147 181 184 70
203 159 137 183 222 227 184 155 165 168 221 146 80 84 110 99 95 103 98 103 90 82 86 92 103 127 144 104 90 76 79 91 115 141 110 100 109 100 97 114 135 191 187 118 102 80 77 77 78 70 70 74 68 79 111 143 136 91 102 85 94 81 77 124 143 148 145 144 140 172 162 164 129 121 133 130 117 123 135 123 118 111 107 109 133 147 165 169 170 199 212 148 129 119 125 148 168 136 164 173 147 123 143 156 180 193 198 154 195 197 211 236 248 244 228 171 141 143 165 168 148 165 164 146 165 181 141 64
203 175 126 162 240 239 174 157 153 195 200 102 75 89 104 100 82 92 101 107 93 84 88 84 90 105 140 92 80 79 88 98 106 138 100 97 128 136 125 157 123 107 131 128 87 83 90 84 84 73 73 77 73 82 113 149 149 100 108 86 93 80 74 112 139 156 131 123 145 156 145 129 125 117 126 128 118 130 121 119 115 107 106 108 116 136 164 176 165 185 211 189 131 117 140 170 136 145 178 157 126 130 143 141 177 206 185 147 188 182 227 238 246 237 200 180 146 152 173 154 138 155 171 198 202 155 129 65
178 185 131 128 217 240 199 170 181 212 151 83 77 95 103 113 88 86 97 98 100 85 84 78 85 95 123 122 81 81 99 93 89 134 89 93 172 166 142 124 120 114 115 98 82 87 90 91 96 78 78 73 70 81 98 138 128 106 119 89 94 75 72 111 143 144 131 144 155 153 125 128 150 114 119 121 115 120 116 120 114 103 102 116 125 137 152 171 165 176 204 192 134 167 170 146 130 176 163 124 116 133 141 135 168 198 163 173 191 183 229 241 229 246 194 213 197 166 158 153 134 150 168 223 184 171 140 76
178 188 141 150 182 243 241 211 210 190 94 73 86 103 102 101 92 81 87 86 93 79 71 78 82 91 104 134 79 88 99 91 117 114 82 89 131 119 123 181 115 130 152 97 89 95 83 95 83 74 78 79 72 78 85 110 89 108 130 103 89 77 79 116 143 141 158 160 151 152 134 133 153 108 115 116 112 106 111 114 109 108 107 125 133 142 150 161 161 172 198 182 136 197 170 121 148 165 120 117 138 179 164 138 147 172 152 204 185 199 224 248 228 239 202 212 204 162 164 170 153 169 203 222 217 199 148 72
188 177 154 178 151 146 216 228 206 124 72 61 82 107 100 89 85 80 76 82 88 77 101 116 79 81 91 113 87 97 96 100 131 97 113 112 136 97 117 141 111 134 136 100 84 88 82 78 77 81 76 77 81 84 105 105 78 110 137 117 88 77 84 101 123 159 174 166 140 166 139 138 134 102 113 111 103 99 102 101 109 119 124 131 145 139 140 158 168 162 184 190 140 159 133 120 138 120 106 135 175 196 160 123 131 176 174 183 191 223 234 243 244 240 235 231 188 185 199 164 186 224 211 189 203 174 153 76
128 169 178 170 157 125 156 194 172 99 75 68 85 107 101 84 79 80 78 82 86 78 92 95 77 80 85 90 107 130 89 122 120 94 117 110 133 100 130 118 126 129 115 95 74 86 88 78 82 79 91 83 80 93 124 105 86 150 177 115 76 79 105 145 171 227 207 136 121 143 126 151 156 97 109 109 101 97 99 104 101 119 135 132 133 149 135 146 157 170 184 199 136 126 119 115 127 117 122 125 144 149 133 129 139 184 212 176 215 241 251 231 214 237 197 215 198 167 173 198 224 232 209 169 171 171 189 86
120 146 145 146 167 157 158 163 136 90 60 68 95 101 89 84 83 78 79 74 77 72 71 70 70 78 78 74 98 126 103 126 100 88 108 101 142 116 111 123 134 118 98 89 83 83 91 86 75 74 77 86 80 89 97 93 87 142 130 82 78 82 139 149 166 190 200 165 143 180 160 146 150 97 108 108 104 98 99 105 105 108 118 119 109 127 126 145 151 178 185 203 139 124 136 137 137 150 150 117 139 134 136 164 194 199 204 206 228 240 249 236 211 197 187 195 181 134 182 207 187 194 210 191 194 205 208 90
131 121 148 130 152 165 191 145 104 85 57 69 89 101 79 75 84 78 73 75 73 64 62 65 62 65 75 73 86 78 96 124 90 103 106 97 136 117 102 117 154 153 94 84 94 83 85 89 93 78 71 78 77 79 85 86 89 98 81 75 79 90 142 137 139 125 124 115 139 152 166 134 117 94 104 109 104 97 98 106 102 105 121 110 105 118 121 145 165 174 174 194 148 130 131 119 128 146 138 112 122 130 134 163 190 188 205 202 205 237 211 213 220 200 228 217 159 154 184 172 171 216 218 196 204 239 205 82
141 139 120 143 137 157 170 178 103 76 63 72 81 92 84 75 68 73 73 72 72 64 69 72 70 64 63 65 70 90 102 122 91 121 89 93 107 118 107 121 191 193 123 99 91 100 87 79 89 80 72 74 80 79 82 81 92 92 79 76 78 105 150 116 129 129 122 115 153 137 126 154 121 95 107 103 95 88 93 99 101 106 116 114 114 118 128 144 158 203 197 191 168 188 153 115 158 149 135 133 134 141 161 158 158 162 183 203 225 249 212 181 220 197 175 214 179 170 186 227 196 234 201 203 205 222 176 72
170 171 120 154 133 125 117 169 96 67 68 63 74 88 77 79 71 62 76 69 71 68 70 69 70 68 67 67 65 84 148 122 93 108 81 105 101 119 139 144 221 176 124 113 97 95 80 79 75 80 72 72 79 81 84 79 96 91 81 77 79 135 132 103 120 146 122 115 117 111 116 143 157 92 103 92 93 94 96 99 104 93 105 108 110 118 124 145 143 174 184 180 196 246 221 138 135 149 122 134 139 155 145 137 137 158 159 201 231 249 219 195 209 159 163 222 190 150 163 192 177 223 195 185 180 173 180 82
166 133 89 106 83 79 123 168 92 65 72 63 60 77 73 72 74 63 64 67 65 65 71 70 70 69 69 69 74 73 110 133 117 140 90 111 104 152 130 113 188 152 108 110 103 94 79 76 74 73 84 77 77 82 83 80 97 89 80 78 88 141 118 104 113 137 116 126 125 100 135 147 122 94 98 91 92 96 96 99 102 98 92 98 102 125 126 140 152 166 164 180 208 236 198 136 121 130 124 129 154 158 183 161 147 148 151 192 221 246 216 192 169 152 182 240 153 127 136 157 188 178 172 164 167 152 196 95
135 95 76 70 68 67 106 137 105 66 68 69 61 70 75 75 77 61 61 70 64 58 62 68 71 70 71 72 73 77 94 150 101 117 151 118 170 148 100 106 165 150 169 142 89 84 75 84 84 71 81 76 77 82 79 86 94 89 77 78 119 161 122 112 147 141 132 138 119 132 161 154 112 96 94 89 92 93 92 96 96 102 97 92 98 114 128 134 158 165 161 162 195 178 167 135 129 134 150 152 148 172 204 210 150 154 148 185 206 239 179 214 182 187 208 210 143 127 130 185 184 148 151 168 156 138 161 73
91 81 71 80 103 101 112 111 103 62 62 62 63 72 69 68 65 56 68 69 66 59 60 65 69 69 66 69 70 76 81 199 155 176 188 187 199 157 141 131 218 220 240 133 91 82 77 89 83 77 76 64 74 84 78 90 86 85 72 71 178 234 134 114 148 138 143 147 133 140 135 148 114 98 92 87 91 93 95 89 95 98 93 90 95 109 125 132 147 147 172 177 192 156 152 123 146 160 145 145 139 169 167 172 151 153 163 163 226 211 178 203 182 212 231 149 141 136 185 174 159 152 163 152 150 137 131 62
68 69 62 85 112 94 95 99 78 49 49 49 53 70 73 71 68 67 67 67 70 62 61 64 64 69 66 65 71 74 74 185 208 191 217 159 109 132 127 158 221 201 170 89 86 79 75 78 70 74 68 64 76 79 75 92 101 91 70 81 209 227 159 132 137 115 142 138 150 147 102 137 119 99 91 87 92 94 93 92 97 97 89 93 95 105 125 142 145 140 169 186 184 162 169 158 146 128 137 168 160 145 151 144 149 153 171 191 204 182 186 163 173 200 198 140 155 127 196 150 151 148 183 170 152 167 140 63
61 60 75 92 103 91 95 114 83 54 57 47 41 60 71 69 71 70 65 69 69 66 65 67 63 66 70 64 71 77 76 129 192 166 179 108 112 121 106 120 144 127 87 91 98 77 76 72 76 79 67 67 110 108 107 129 129 86 68 87 175 175 169 164 143 107 114 113 144 137 110 107 127 109 91 86 87 89 88 92 95 98 96 94 93 101 110 126 149 141 152 181 182 198 197 134 123 135 143 173 158 136 148 143 143 157 158 199 146 152 148 133 167 216 187 142 168 138 201 151 155 145 126 150 179 170 154 63
62 107 93 88 86 89 101 137 85 55 50 53 50 49 67 70 73 67 65 64 65 66 67 64 63 62 67 68 72 77 77 100 194 160 137 102 94 102 93 116 117 122 94 102 89 87 78 72 75 76 67 93 142 127 119 127 87 71 68 120 151 165 154 128 115 140 107 119 149 134 128 104 163 121 87 85 89 82 84 87 91 95 103 98 100 98 111 122 138 136 148 158 178 198 196 129 116 143 150 142 138 131 140 140 139 144 191 196 177 180 126 127 154 206 188 143 177 195 186 151 149 149 137 146 163 158 185 87
92 129 105 102 61 83 107 115 69 62 47 43 52 47 67 70 76 70 65 47 49 51 59 55 59 61 64 68 72 75 76 88 195 200 192 132 79 79 99 109 99 102 93 101 90 97 73 88 90 68 69 85 99 79 99 104 75 70 80 140 141 151 121 115 151 123 93 112 112 109 116 109 163 115 87 88 90 86 88 85 92 94 95 102 99 94 109 130 131 123 134 147 181 207 208 135 125 149 151 133 142 147 132 135 140 154 185 198 217 166 126 123 181 206 134 130 174 171 170 146 132 148 144 136 140 139 144 68
111 108 101 96 64 69 100 88 65 56 56 49 43 44 65 72 67 68 67 52 60 60 45 60 60 63 61 65 73 74 80 84 135 177 155 128 86 92 101 101 104 100 92 90 86 84 79 89 81 72 69 77 83 75 95 101 75 70 92 103 124 103 106 102 165 138 95 102 137 122 115 114 104 98 85 86 84 88 84 89 91 85 93 101 90 91 108 125 139 133 133 144 175 207 203 151 151 155 137 127 137 138 132 147 167 147 163 194 166 144 132 150 214 164 123 160 179 153 149 150 127 157 163 140 126 129 132 58
102 108 94 87 72 76 82 75 63 48 37 49 51 60 69 70 62 59 65 62 50 53 44 48 58 64 65 65 69 75 79 83 111 139 134 117 86 89 94 104 122 132 94 89 84 89 76 71 71 71 69 76 77 76 88 94 76 75 97 117 124 112 120 104 164 153 114 108 143 130 129 120 104 90 89 83 84 84 83 85 83 86 95 96 93 90 103 125 131 140 161 142 160 198 226 164 149 142 142 124 131 140 147 168 176 149 215 204 155 176 176 178 203 136 120 151 158 177 142 158 175 175 152 145 129 143 149 65
97 96 94 80 81 88 65 56 45 41 38 44 44 55 69 68 63 56 59 68 51 43 47 49 56 62 66 68 67 72 80 82 106 171 197 121 80 84 112 106 136 170 106 96 88 74 69 77 71 69 71 77 76 77 83 79 75 81 88 153 147 101 112 101 139 157 156 111 92 96 110 128 97 85 90 86 91 86 89 82 83 93 88 90 99 93 101 116 123 134 147 149 153 178 225 223 178 144 168 172 157 151 166 170 152 164 172 208 176 163 172 192 161 168 166 146 202 189 159 181 163 147 132 152 137 153 186 72
77 73 80 85 89 80 73 62 52 43 42 57 49 47 59 62 58 54 62 61 58 51 48 48 40 50 62 68 69 60 77 77 102 182 181 110 94 114 164 150 113 142 92 74 73 67 75 83 70 72 76 77 74 80 78 78 77 92 99 161 149 113 110 114 89 138 137 93 96 106 117 141 79 85 89 87 87 91 92 89 86 86 83 90 90 94 102 114 116 138 142 133 163 177 208 215 211 190 180 195 190 206 201 143 140 154 182 203 149 168 208 208 171 181 175 154 200 192 177 171 152 133 131 151 133 189 187 55
81 69 76 93 80 68 69 61 60 60 54 57 58 57 57 58 55 60 62 57 64 62 57 63 54 45 42 52 57 61 78 73 93 155 110 105 148 123 120 114 83 105 70 64 73 70 74 73 69 76 77 72 70 74 76 77 80 81 94 175 194 119 108 96 94 94 130 103 119 137 169 126 78 86 94 87 85 89 87 91 87 84 87 85 87 94 102 113 126 151 138 151 168 192 200 204 212 157 156 148 140 160 196 177 135 142 213 180 182 217 227 170 159 168 161 165 174 196 183 183 195 143 130 134 134 183 144 52
92 93 77 75 73 69 66 58 59 59 55 57 57 65 62 53 51 57 51 50 67 66 64 58 62 62 50 47 54 63 72 76 94 142 115 90 134 137 107 90 85 101 78 62 65 74 69 67 67 65 68 72 71 71 77 81 88 80 83 115 190 108 107 99 99 106 219 146 130 143 185 99 78 85 93 89 88 83 88 85 82 84 87 84 94 97 105 114 117 146 135 152 184 185 199 200 232 185 135 129 124 137 177 170 197 179 221 199 232 219 186 166 165 153 150 174 146 171 202 204 228 191 135 138 151 136 122 54
95 84 87 75 59 62 63 57 50 55 57 57 57 63 54 58 57 59 49 57 65 58 60 59 54 61 63 61 55 62 62 73 99 152 117 69 96 137 127 154 105 87 78 59 54 67 67 59 66 71 68 67 71 72 77 83 84 79 82 95 151 129 108 111 109 117 198 147 170 157 154 84 82 81 90 90 91 88 95 84 80 87 84 84 93 95 114 123 114 122 133 142 164 168 194 200 224 203 133 126 122 139 157 132 191 169 173 232 250 217 163 149 164 164 144 182 188 176 177 193 243 220 145 154 140 130 135 54
83 91 88 77 55 48 48 45 30 39 43 45 44 53 53 59 64 67 67 64 56 58 54 59 62 55 60 65 59 61 67 74 104 128 98 79 89 147 161 160 126 103 75 60 56 67 75 53 56 81 75 63 69 78 88 86 90 87 81 104 180 124 114 105 118 120 150 193 181 137 108 85 84 80 90 87 84 92 87 84 88 84 84 84 87 96 115 129 131 124 121 135 144 168 192 206 215 220 140 123 121 136 150 132 166 150 186 246 240 213 162 156 166 140 154 143 192 223 166 175 224 186 156 150 148 163 153 56
74 82 74 68 64 55 39 33 37 53 41 27 21 45 63 60 65 66 61 63 66 67 62 54 63 64 58 61 58 62 71 78 84 90 84 85 91 137 164 168 138 95 93 66 64 68 69 60 57 70 73 67 66 79 92 81 75 107 92 90 165 151 131 107 118 151 218 190 146 109 94 89 86 84 93 83 83 85 82 84 81 80 90 84 88 99 119 138 134 123 115 128 159 164 176 207 213 218 164 128 126 156 184 139 166 171 221 243 204 193 176 172 173 149 186 141 176 207 165 189 217 171 157 183 201 183 157 61
73 76 71 69 63 66 63 49 44 50 47 41 26 34 54 60 63 66 59 63 67 68 64 54 58 65 64 60 55 54 69 76 72 78 82 79 101 153 207 181 99 79 79 71 69 68 71 62 59 63 73 69 67 68 76 69 72 121 95 87 99 182 195 141 140 176 139 106 94 100 94 93 87 89 92 85 88 82 83 78 80 81 86 81 83 90 129 168 130 114 127 139 143 157 169 208 215 209 200 157 125 165 203 145 180 221 230 183 188 196 164 160 172 186 171 141 175 177 165 217 209 145 146 169 197 140 173 75
94 79 69 65 62 68 63 62 51 38 45 47 31 29 44 61 62 65 61 66 67 67 63 56 55 58 62 64 64 55 60 67 69 77 83 82 103 146 212 133 74 74 73 73 76 73 70 73 66 59 62 70 68 67 71 71 71 86 65 73 95 129 212 224 163 129 119 101 83 106 95 98 92 85 88 83 86 87 90 82 85 84 79 81 81 88 122 208 149 124 133 143 135 145 185 209 216 215 213 150 122 139 165 143 206 208 198 176 161 146 135 157 212 236 207 185 225 226 216 185 174 161 139 165 202 168 187 73
89 74 73 70 65 67 55 55 58 51 44 41 31 29 42 61 64 65 66 72 65 58 58 62 61 59 59 60 66 53 54 65 65 66 78 91 109 147 165 120 69 69 79 81 79 78 76 69 64 64 49 59 74 78 85 65 62 58 58 59 72 109 201 217 133 115 118 87 99 103 97 102 96 89 86 83 84 88 83 82 89 85 84 84 82 90 113 202 180 126 133 129 131 156 184 203 215 226 226 155 115 116 125 160 219 207 205 140 135 134 135 162 238 246 242 220 231 236 248 187 168 186 138 153 179 198 219 83
79 75 74 74 66 65 50 44 48 55 58 47 27 39 37 56 68 68 68 66 54 52 53 55 61 65 61 58 60 48 63 67 66 65 84 117 106 131 175 112 80 68 69 74 82 89 89 68 77 67 55 50 78 72 67 62 64 87 90 65 92 117 148 135 144 127 123 98 120 108 96 99 99 88 89 84 85 81 79 83 84 82 84 83 88 92 95 167 189 126 126 138 139 158 177 196 220 228 235 167 120 111 139 236 218 169 188 164 157 158 185 150 199 229 239 248 248 237 228 227 197 212 159 156 171 207 236 81
85 79 75 72 68 66 55 49 45 50 47 50 38 52 37 49 63 67 65 52 45 55 55 58 57 60 62 56 48 54 69 66 69 68 79 120 120 139 152 83 98 69 86 127 146 143 130 96 87 71 65 55 66 65 56 71 68 77 68 68 94 99 133 181 144 157 140 105 117 106 96 95 98 87 88 82 88 81 85 84 85 86 80 85 86 87 92 152 193 137 132 142 140 142 170 188 227 231 235 185 114 120 171 235 202 146 140 143 147 192 222 171 161 164 195 175 203 219 196 225 234 233 202 163 201 238 210 71
81 75 84 74 66 60 59 55 49 53 44 47 54 51 42 35 60 67 62 44 44 53 58 61 61 58 60 55 48 59 67 64 70 71 98 153 126 114 113 118 130 132 139 147 145 150 146 142 134 112 87 63 54 54 56 69 67 56 50 75 72 64 104 167 126 172 138 98 121 105 98 92 92 85 83 79 83 79 87 83 91 85 86 92 87 94 101 151 201 151 122 130 133 130 167 188 223 226 226 204 113 145 219 213 174 140 138 157 178 175 225 210 174 162 171 140 144 160 168 206 233 243 245 196 214 215 163 63
68 80 85 77 63 58 58 60 58 41 41 51 52 47 47 38 49 66 62 46 49 52 62 63 61 63 59 55 53 61 65 67 71 70 115 144 148 152 145 140 124 122 125 142 140 144 142 140 134 133 145 112 80 47 61 60 77 89 72 77 72 80 81 109 111 113 114 106 114 101 103 95 87 83 79 78 75 78 83 82 89 83 92 94 89 90 86 130 203 160 111 129 143 151 177 184 213 221 218 216 133 148 225 165 148 140 144 170 159 139 204 233 174 168 167 173 171 151 154 185 228 237 250 211 187 145 131 59
74 84 76 75 64 62 56 61 62 59 63 57 52 56 46 45 48 58 67 53 53 54 64 62 60 64 67 67 61 59 61 67 72 69 98 153 153 150 136 119 109 103 94 116 142 142 151 157 148 141 139 143 153 103 67 61 64 65 72 70 69 76 103 169 139 104 82 101 112 105 103 94 91 92 89 82 75 79 75 80 81 84 86 85 91 86 86 98 171 158 111 129 149 143 161 169 213 220 214 218 154 151 206 133 135 149 168 168 146 135 190 225 187 164 179 172 172 141 167 184 216 243 218 219 199 138 117 55
70 75 73 70 71 72 57 58 62 70 70 60 64 71 67 49 45 49 63 65 48 55 68 61 58 61 64 69 71 64 54 61 71 66 113 161 151 144 125 111 108 102 94 95 140 147 163 168 173 167 152 153 161 169 146 97 63 62 66 64 63 60 81 133 191 144 75 108 125 116 104 97 94 96 95 86 78 80 83 82 82 91 86 87 85 84 84 81 134 153 114 117 132 139 154 182 213 221 218 204 139 179 209 168 148 165 152 127 131 163 157 186 188 151 205 178 158 131 147 174 215 245 170 200 209 148 115 50
52 77 99 67 67 76 56 60 67 72 60 60 70 71 69 63 59 50 55 70 55 62 69 61 67 70 64 63 67 66 58 55 67 72 119 147 145 138 111 101 107 111 104 113 139 151 160 170 179 157 143 156 138 132 140 148 122 98 73 65 67 67 86 120 157 133 94 127 132 118 106 108 104 107 101 83 77 76 83 80 84 87 82 90 83 87 87 81 108 158 112 109 117 143 163 183 204 210 198 144 142 213 187 163 140 144 130 121 135 151 145 204 182 167 231 190 135 128 125 181 239 233 163 195 205 151 128 52
53 71 79 70 65 61 59 65 71 69 57 66 71 71 71 57 53 60 56 64 63 61 60 63 66 72 69 69 62 61 64 57 60 73 121 121 129 116 87 87 103 108 103 119 126 146 159 177 176 162 164 170 133 124 144 136 130 130 107 74 72 74 107 169 159 129 108 129 134 123 112 113 109 107 106 86 77 77 81 79 82 80 78 81 81 85 85 83 89 143 116 104 126 123 144 161 167 135 122 150 205 158 127 141 134 135 134 122 140 143 150 192 203 217 229 170 135 130 120 167 237 208 158 180 172 152 131 46
64 72 67 74 74 81 65 64 72 69 64 67 71 73 74 57 44 54 59 62 63 63 61 55 61 70 69 74 72 58 65 61 60 66 114 115 125 111 85 82 91 95 107 126 132 143 157 178 182 175 142 150 142 123 121 117 136 138 138 119 75 60 74 187 210 167 136 131 140 134 121 118 109 113 110 95 80 77 78 82 74 76 79 75 80 81 83 83 82 128 123 102 113 120 129 167 151 137 183 177 172 125 121 132 131 122 135 129 146 155 166 194 221 183 206 197 176 141 122 160 189 185 161 158 147 141 127 47
62 66 72 70 72 98 101 69 71 72 65 67 73 75 77 66 49 53 58 59 63 63 69 61 58 67 69 70 71 65 64 64 66 61 96 116 121 119 96 103 94 111 136 133 145 152 154 173 164 173 179 161 158 114 114 124 136 126 132 136 138 93 69 129 140 195 152 149 148 143 125 118 111 115 115 100 79 78 78 84 79 85 84 83 85 82 89 81 80 119 120 93 103 123 136 153 170 220 210 170 161 140 118 108 134 146 136 138 150 149 149 217 200 147 193 204 199 143 121 161 166 150 142 141 143 134 126 48
62 73 90 76 68 76 107 84 70 75 71 72 76 76 82 73 60 57 53 56 61 61 63 69 67 70 74 70 74 69 55 59 70 62 81 105 117 124 112 120 120 126 136 134 153 159 162 167 146 156 193 181 190 131 126 130 116 132 143 136 143 145 110 96 170 219 148 144 144 143 126 120 118 118 122 117 75 75 76 83 77 83 77 84 79 82 83 76 79 110 118 91 112 116 127 131 165 220 189 133 145 148 131 108 139 158 131 138 147 131 140 202 171 161 194 180 166 137 121 147 150 147 129 129 149 136 129 46
63 71 85 86 75 76 110 120 86 76 79 75 79 79 88 79 63 60 50 56 60 58 57 65 67 68 70 69 74 69 61 55 69 69 67 92 101 112 128 115 125 121 120 130 151 157 169 179 149 141 147 133 137 129 144 145 125 143 140 131 137 149 148 129 151 137 126 145 136 141 129 124 121 122 109 122 75 72 79 80 79 74 72 77 78 80 78 78 78 101 115 98 104 111 113 129 153 204 182 111 125 163 145 108 139 158 133 138 145 135 151 190 162 167 200 170 145 144 108 118 127 130 126 123 151 141 130 48
61 79 107 102 67 80 92 104 120 91 83 74 83 86 91 81 53 64 49 59 60 64 51 62 69 68 69 67 72 68 65 62 63 79 59 67 98 100 121 125 129 120 123 120 131 137 154 174 144 128 127 113 96 111 133 163 168 138 136 148 129 131 137 147 137 111 121 152 142 145 137 125 121 105 106 117 86 75 79 79 80 75 77 76 83 82 81 79 72 100 117 96 94 106 121 134 148 189 182 111 113 170 177 108 133 161 134 134 147 153 160 179 162 179 178 179 143 147 108 110 117 125 118 125 137 148 130 47
64 85 106 81 74 91 91 79 85 107 90 81 85 90 93 68 40 56 48 56 60 59 52 48 62 68 71 69 72 66 61 73 60 74 66 53 75 117 152 129 134 137 137 120 117 123 135 152 135 131 133 120 106 121 112 127 161 146 136 146 123 131 142 145 136 124 123 154 146 148 137 125 118 97 101 102 94 82 78 83 80 82 81 75 81 75 80 72 68 97 127 91 99 106 123 127 143 172 161 116 109 158 202 111 114 137 139 130 126 144 141 161 180 211 222 207 164 134 107 105 116 116 114 111 120 145 149 47
58 67 73 76 71 90 86 71 69 77 85 83 83 91 87 47 40 44 49 52 56 50 54 49 46 51 60 59 68 63 64 76 72 69 73 57 74 142 165 122 135 134 147 148 124 118 126 130 139 152 136 131 117 114 105 128 141 129 130 136 137 134 131 136 156 134 107 153 148 144 119 109 113 110 121 129 116 78 76 80 74 75 73 72 72 68 73 71 66 89 128 98 105 109 113 123 141 150 116 113 111 139 192 115 120 122 127 117 118 159 172 180 215 238 206 197 179 135 109 114 123 114 112 117 117 129 144 49
83 65 37 55 72 92 87 80 78 79 84 78 78 82 60 42 46 37 48 54 63 58 58 57 57 50 56 60 61 65 69 69 75 68 76 62 70 107 101 101 124 128 124 140 128 123 131 139 146 136 132 125 111 123 120 142 132 136 143 147 144 129 135 139 150 153 112 125 126 114 100 102 99 160 173 124 102 80 76 74 68 70 74 77 72 72 66 69 65 88 120 104 94 106 104 120 149 163 106 106 117 123 187 123 125 131 123 114 119 159 204 236 235 202 173 198 185 116 104 108 113 111 107 108 115 115 142 53
130 55 33 38 65 95 87 83 87 88 85 84 75 57 35 37 50 43 49 53 66 65 60 58 66 62 60 70 64 61 70 70 77 70 75 68 59 71 78 73 100 118 108 108 123 138 132 139 159 144 111 106 120 133 110 124 130 153 135 127 130 130 138 147 144 157 146 114 111 111 116 114 147 169 109 91 105 83 76 74 80 79 81 81 72 82 71 82 69 87 117 103 89 95 118 128 153 162 105 105 108 114 174 120 116 126 116 122 133 149 169 212 199 152 186 238 174 107 102 105 111 112 107 107 110 122 128 57
107 53 36 35 49 92 85 81 86 89 86 83 67 53 49 45 55 53 44 49 64 65 64 54 64 64 57 59 64 53 67 73 78 73 71 74 59 58 67 67 81 101 100 109 125 138 143 145 158 139 105 123 114 110 113 135 132 130 108 123 128 140 150 142 146 140 146 147 127 105 109 130 145 99 102 98 89 82 74 70 72 71 78 75 73 69 70 80 63 86 117 96 92 104 114 122 144 147 104 104 101 120 191 154 110 118 117 121 126 146 170 183 192 156 207 205 120 104 103 109 107 113 110 107 110 136 186 68
65 57 36 34 38 85 87 83 87 89 85 69 60 59 62 56 57 56 48 45 62 67 64 53 61 60 55 53 57 56 60 73 78 77 72 74 69 53 51 62 78 91 99 107 114 117 129 151 158 160 116 111 103 119 139 145 124 130 128 150 134 134 134 141 144 147 147 140 143 118 103 109 101 94 115 100 100 89 76 70 66 66 69 71 75 66 70 70 53 79 114 92 84 100 100 111 125 123 106 101 101 129 166 166 124 129 126 129 126 154 184 179 226 207 218 148 115 107 102 106 108 108 117 108 128 172 204 65
61 47 37 37 33 70 87 86 85 80 65 59 60 61 58 57 59 55 52 50 61 69 68 58 68 61 59 54 52 54 59 67 77 83 79 73 75 63 49 62 74 80 94 112 114 109 111 123 126 140 124 90 109 135 129 131 138 154 130 128 114 131 134 141 131 154 147 148 148 130 104 105 111 107 103 104 115 95 79 70 69 74 74 78 77 75 75 74 62 81 120 94 83 92 98 114 128 119 109 100 104 126 144 161 118 125 126 130 136 153 183 198 234 233 186 128 116 109 103 105 103 106 113 128 158 182 179 62
75 44 40 40 35 42 61 69 69 69 60 54 55 56 57 58 58 55 53 61 58 64 68 62 68 62 62 59 52 51 58 60 75 80 81 67 75 72 52 57 63 75 87 105 108 109 117 115 117 118 118 103 108 111 125 142 137 139 112 127 122 137 120 115 123 158 153 156 155 138 113 100 99 105 107 108 136 89 77 73 68 74 70 75 69 72 69 71 61 86 132 98 82 94 109 118 129 111 103 104 111 121 123 183 114 111 114 119 140 160 177 220 243 225 165 123 115 108 101 101 102 106 112 163 179 185 176 62
86 59 42 44 35 34 32 44 60 63 53 46 49 52 57 59 57 55 55 64 61 63 70 66 72 68 68 63 53 53 58 60 67 79 75 66 66 77 51 49 58 66 79 89 98 98 111 108 110 113 117 90 91 105 126 141 121 121 128 146 119 120 119 130 136 139 140 142 161 171 152 112 93 98 107 107 111 98 76 71 67 70 67 66 67 70 63 66 58 90 132 100 87 104 107 111 121 119 111 104 114 117 105 164 145 113 114 121 142 183 179 217 242 209 168 129 112 109 103 103 106 109 167 187 185 189 170 57
86 65 45 47 37 36 35 38 44 45 40 44 38 40 54 58 62 57 55 63 63 67 71 65 74 76 76 74 62 58 60 63 65 79 71 70 69 73 57 51 56 59 73 79 87 90 90 102 106 107 115 93 100 115 107 118 132 137 128 124 111 124 139 131 123 134 149 139 121 144 178 148 122 110 103 97 115 137 76 70 69 69 70 66 70 71 66 65 63 77 119 97 84 92 102 107 125 124 111 114 131 138 122 125 159 113 121 122 132 195 209 211 222 206 174 138 104 104 100 105 96 156 199 184 187 192 170 56
114 70 41 40 43 38 43 50 49 36 36 34 35 42 46 47 60 61 57 64 63 63 70 68 81 79 83 82 72 61 65 63 66 78 70 75 79 76 66 48 50 66 71 74 77 82 71 85 99 102 114 104 93 93 100 125 154 119 105 109 133 132 123 116 131 128 121 112 111 103 131 137 136 134 122 106 97 123 92 77 74 74 76 70 74 70 72 67 69 70 122 111 77 88 99 115 125 119 113 135 181 161 132 104 148 139 123 124 141 174 224 221 227 209 165 116 101 101 106 100 121 184 195 189 186 189 171 57
124 79 45 43 41 45 79 69 47 40 34 29 28 36 40 40 48 56 63 62 64 60 70 67 82 83 84 87 84 70 66 67 67 76 70 72 77 90 72 55 56 60 60 66 61 75 65 71 90 93 113 97 85 98 111 122 119 105 117 126 143 123 121 112 130 104 103 114 122 95 104 106 114 117 118 116 113 99 85 73 74 69 69 69 69 64 75 66 60 60 112 108 80 93 102 106 115 121 135 165 194 157 131 127 140 196 151 160 160 182 217 245 192 150 128 108 108 104 106 111 172 191 201 191 186 188 171 55
95 95 69 48 58 75 69 113 83 65 37 34 30 30 26 30 33 38 50 56 61 57 59 76 78 86 87 88 90 81 76 78 67 79 72 71 68 89 73 52 50 51 60 57 57 59 61 70 80 83 106 96 89 95 94 109 115 118 134 109 117 120 140 110 101 94 124 122 101 108 124 94 95 111 108 104 107 111 89 69 64 64 68 73 71 67 65 60 57 56 101 103 86 86 98 103 121 132 147 166 185 140 140 139 124 178 204 161 168 215 210 173 167 146 113 103 103 106 115 172 196 193 199 189 183 187 163 54
84 107 99 77 79 96 59 80 95 90 60 40 39 36 29 29 29 25 27 40 51 55 54 76 71 83 84 87 87 87 81 75 65 72 75 69 69 68 72 43 46 51 55 63 60 58 50 66 74 81 84 89 91 98 93 107 114 113 117 92 116 124 124 92 111 112 129 108 104 102 103 96 81 91 103 100 95 92 92 79 74 75 74 76 73 80 69 65 58 57 92 107 87 87 96 110 119 133 138 162 181 145 127 145 117 138 197 189 197 249 179 127 160 120 100 96 102 139 193 205 188 186 186 176 178 180 159 50
88 92 106 79 88 76 56 75 105 100 70 51 47 36 35 32 32 31 27 29 36 48 51 69 75 78 81 86 84 81 76 69 64 68 79 68 81 69 61 41 46 60 60 70 59 64 47 47 54 75 80 85 92 104 103 94 102 109 113 103 119 105 102 107 126 102 107 111 104 85 94 98 79 80 87 91 90 87 88 86 78 77 73 72 73 78 73 77 65 59 84 114 95 97 100 101 112 129 138 151 178 148 122 136 121 154 180 172 197 248 181 109 100 100 99 109 165 211 233 185 174 173 177 171 169 168 160 53
89 89 94 80 71 65 69 67 94 121 87 61 48 41 45 35 33 31 30 27 27 43 50 63 79 78 80 86 87 82 73 65 70 72 80 79 76 86 75 52 51 54 51 56 68 59 42 60 68 70 83 85 96 102 98 95 97 103 107 104 108 100 107 97 96 89 106 94 88 99 93 88 89 73 56 67 94 89 87 86 76 72 70 71 69 67 72 76 66 59 77 111 97 85 94 93 110 130 141 148 177 148 120 132 114 134 161 189 207 188 120 102 108 96 122 191 207 242 216 165 168 164 167 169 163 159 155 54
92 94 104 113 101 67 57 91 138 135 91 64 53 53 40 29 31 34 28 28 30 38 50 57 73 75 79 86 89 79 75 73 72 74 85 80 84 78 83 59 52 56 48 47 51 51 45 73 70 80 101 92 92 101 102 98 100 89 97 100 111 110 102 79 85 102 99 81 92 98 82 92 85 65 65 79 84 81 83 86 77 70 74 74 71 69 73 73 67 65 66 113 91 92 89 98 113 132 139 143 175 143 117 130 117 132 152 210 224 150 104 102 98 130 197 201 213 243 195 161 164 162 163 164 156 157 159 53
92 95 107 130 98 84 69 64 95 101 83 52 58 56 34 30 29 29 28 28 33 35 48 60 64 66 72 80 83 78 74 71 72 79 93 89 81 86 68 56 54 65 60 59 51 45 49 75 61 87 132 122 100 103 99 97 105 97 94 102 108 98 94 88 101 90 88 100 108 93 90 90 79 70 74 79 69 71 82 83 78 75 72 71 74 71 74 69 67 63 60 107 92 89 93 106 114 127 139 136 159 128 107 121 130 138 147 224 220 127 103 96 124 191 196 194 230 239 195 158 156 156 158 153 148 161 175 60
101 92 96 93 86 97 73 59 58 79 94 71 55 40 34 33 31 29 29 30 32 33 49 58 72 77 74 76 80 78 77 71 73 76 91 95 84 87 87 66 56 58 55 54 54 42 49 67 64 95 156 155 138 124 108 90 90 98 92 89 101 97 103 99 92 91 99 99 97 105 94 78 76 77 75 74 69 67 70 78 83 79 74 69 70 72 77 71 73 63 62 109 117 77 96 102 112 124 135 163 136 118 112 115 131 137 141 229 187 107 99 120 184 199 188 211 243 235 201 159 149 147 147 144 144 176 169 51
99 102 98 90 80 115 91 73 80 78 118 113 57 47 39 32 31 31 30 34 31 32 47 57 71 83 78 71 78 84 80 79 73 73 82 98 91 88 87 82 59 57 49 42 44 38 46 68 65 98 162 163 155 145 127 104 91 80 81 89 100 104 101 95 95 100 99 84 92 100 82 83 104 82 77 78 69 63 68 70 82 75 73 67 66 74 72 71 73 61 61 103 118 85 94 109 108 123 141 159 112 115 116 114 122 128 143 216 158 99 135 191 209 195 192 224 245 225 200 161 146 146 141 144 155 200 187 54
87 108 112 89 82 108 102 86 86 92 107 119 79 48 37 35 35 34 31 37 34 32 44 60 64 79 78 67 77 78 79 73 71 77 75 97 94 87 91 84 64 57 59 53 42 46 42 65 79 97 162 170 161 146 136 126 103 85 62 78 94 95 99 103 111 102 87 87 88 81 80 93 85 80 86 70 70 68 69 63 80 75 69 68 67 70 69 72 69 56 58 93 117 93 94 101 110 130 140 131 107 110 116 105 112 118 147 155 122 166 203 204 196 192 195 238 238 222 195 155 146 145 137 145 152 180 191 56
95 121 109 86 86 109 103 97 94 133 89 100 103 42 32 35 33 35 34 40 38 33 37 54 61 74 77 70 79 77 76 78 72 76 77 85 94 88 90 87 68 60 60 61 71 59 53 59 53 104 170 168 156 149 140 139 123 102 70 59 79 92 92 93 101 106 94 90 80 80 87 84 86 85 75 70 78 73 67 61 80 80 72 68 75 77 70 71 65 59 55 78 124 96 95 98 116 127 131 121 100 104 108 108 112 114 137 148 187 209 213 203 193 191 215 245 234 223 176 146 144 138 136 151 150 148 167 54
121 119 111 94 86 93 90 104 99 107 101 84 126 62 33 35 36 37 40 44 39 36 38 41 50 69 69 68 80 82 77 81 84 77 78 81 89 86 90 92 72 63 61 60 57 48 57 59 61 123 171 160 153 156 149 139 131 116 79 59 62 83 86 82 90 102 96 87 89 94 85 79 88 82 75 80 76 71 72 70 78 82 74 75 77 80 75 78 68 68 57 68 127 108 93 106 110 119 131 116 98 107 107 111 127 171 201 218 221 215 217 224 218 220 242 240 232 217 163 139 139 131 135 154 149 146 154 54
115 127 119 147 83 105 103 97 118 86 121 99 89 64 35 35 37 39 44 50 44 38 41 42 34 57 69 63 73 81 77 77 78 85 79 79 98 84 83 87 80 61 60 58 49 52 48 55 65 129 178 165 155 154 151 137 131 117 84 57 59 67 78 86 83 80 83 86 91 91 91 92 78 78 86 79 72 72 75 73 76 86 79 74 75 74 73 74 68 71 62 61 115 116 96 99 108 119 125 103 104 109 145 211 236 248 248 245 222 229 247 250 249 248 239 234 225 210 155 134 136 128 134 149 145 146 167 54
134 178 144 170 90 80 101 110 104 92 97 84 108 120 38 37 35 37 46 50 48 46 46 48 36 37 54 64 70 75 82 78 76 78 81 77 87 97 91 87 81 52 44 46 40 59 57 54 72 128 173 164 156 146 146 137 133 121 79 57 59 59 59 73 83 80 83 84 83 82 91 90 74 78 80 74 79 78 68 69 74 86 84 74 73 73 72 69 71 68 59 62 109 122 99 96 104 127 123 101 115 180 243 254 247 247 243 220 224 241 248 248 246 243 233 223 217 207 151 131 133 134 149 143 134 142 205 59
136 179 143 148 91 77 91 128 85 71 84 83 87 120 50 34 36 38 46 50 49 49 49 50 43 34 46 63 72 71 79 82 79 74 80 82 84 90 92 93 97 71 52 54 46 39 49 72 78 118 171 159 156 144 138 132 128 122 75 53 58 59 62 65 73 85 84 84 90 86 81 84 91 86 74 83 77 71 65 75 74 85 86 81 81 77 75 73 75 64 61 66 102 128 95 98 106 117 127 142 212 251 250 244 237 228 199 187 191 189 223 247 240 241 235 212 211 196 147 132 137 146 140 143 142 141 202 56
121 163 136 125 104 88 108 128 85 96 76 74 79 92 75 36 34 37 48 50 50 47 46 50 43 34 37 54 68 68 73 80 80 79 81 84 89 96 88 88 93 83 61 62 58 61 61 72 66 92 167 157 150 145 134 130 126 106 72 64 54 60 76 61 62 71 83 83 82 81 86 89 84 83 87 83 73 79 75 71 70 84 83 81 78 77 78 75 77 62 68 66 90 128 106 99 110 110 147 232 248 249 248 239 218 189 169 171 178 176 200 241 241 238 230 210 204 190 152 140 146 127 123 140 141 150 173 59
122 177 170 130 130 141 133 97 82 92 75 70 76 86 122 54 34 38 72 51 51 48 46 48 51 51 37 44 62 70 70 75 80 81 78 80 91 100 98 90 101 106 75 66 62 74 70 59 59 75 159 156 145 138 130 130 126 97 47 51 61 60 56 61 59 59 67 74 82 84 87 93 89 88 86 84 81 81 73 67 67 83 86 84 78 77 75 68 72 67 69 68 81 128 114 99 102 117 148 240 248 248 242 214 189 166 164 173 176 184 203 235 239 233 223 217 207 183 160 150 140 138 135 130 146 177 135 49
112 166 178 145 165 143 84 96 115 100 88 73 81 77 120 84 37 42 99 66 49 49 50 43 50 53 44 38 56 70 74 70 83 83 82 79 83 103 110 106 96 105 85 61 59 66 66 61 65 69 146 153 143 135 130 122 121 89 47 48 47 57 61 58 61 60 62 76 95 89 85 90 94 92 90 88 91 82 69 76 70 82 87 89 80 74 67 68 76 70 70 70 72 126 114 97 98 119 144 229 248 239 205 183 171 159 165 173 175 181 213 232 232 229 218 213 199 166 159 139 122 148 129 129 146 149 115 47
122 126 144 121 135 147 92 99 102 77 84 85 104 99 105 99 46 46 105 88 53 49 50 37 64 80 52 33 48 63 68 65 75 83 82 79 83 97 111 106 109 103 98 70 56 54 61 62 64 72 136 150 137 129 129 122 116 73 44 53 51 44 55 64 57 61 66 92 92 101 98 91 92 94 93 90 93 92 87 83 71 81 85 90 83 79 72 68 70 67 70 67 66 121 124 98 108 116 136 227 245 216 184 166 156 160 163 163 173 177 193 207 227 223 213 204 178 158 154 161 123 124 130 131 164 167 131 50
121 96 128 132 123 116 118 90 77 75 78 86 86 112 107 126 64 48 99 98 73 53 46 64 117 127 50 33 43 62 68 68 70 78 80 79 81 90 104 106 100 109 100 77 56 54 54 58 59 56 117 153 134 125 131 123 107 66 46 51 52 49 46 53 61 54 71 84 82 106 113 108 96 92 92 86 88 90 90 86 78 84 86 86 85 81 78 75 72 73 69 68 67 111 133 107 103 117 134 205 208 190 165 162 157 157 158 158 168 171 166 186 220 207 196 179 161 143 147 146 159 137 127 186 192 176 172 51
129 90 120 172 137 113 103 91 82 78 86 86 78 84 97 189 95 66 95 97 83 68 46 56 101 116 47 36 35 57 65 69 65 78 81 81 75 82 95 102 102 99 102 87 56 53 55 57 54 52 97 151 134 126 132 121 96 50 45 47 51 55 61 54 53 50 68 75 77 97 111 113 109 104 94 87 87 89 91 90 82 84 91 87 88 81 80 79 73 78 72 69 68 91 143 115 102 108 141 167 180 163 152 158 156 156 152 157 165 166 176 211 208 190 167 158 136 127 133 154 190 174 150 180 161 187 167 43
98 84 132 163 120 104 83 90 79 82 88 93 87 106 135 131 91 71 97 99 80 84 53 29 44 58 37 38 31 42 60 65 62 72 79 83 79 78 87 97 96 98 93 96 70 48 49 50 49 52 86 145 132 124 127 119 81 48 42 48 54 54 56 51 49 41 70 72 76 99 111 112 110 109 104 91 87 87 88 90 85 83 91 90 92 88 84 81 73 76 69 69 68 71 141 134 107 113 139 156 154 149 155 158 146 150 155 151 157 170 207 201 179 164 158 131 109 119 117 132 126 167 159 145 175 185 122 43
88 98 118 115 98 125 88 95 112 101 93 92 99 112 110 112 107 67 81 100 81 85 59 27 33 43 32 42 35 35 51 69 62 63 77 81 83 77 77 94 96 92 92 93 86 63 51 53 50 51 74 132 126 122 121 110 65 62 43 47 51 50 48 53 58 57 66 74 89 102 112 108 108 109 106 102 101 103 88 87 83 80 90 93 86 99 90 87 81 75 68 68 66 63 123 156 120 131 129 155 156 148 151 163 145 145 152 149 152 195 201 174 158 152 133 106 108 105 97 103 109 155 182 177 216 145 118 47
94 101 113 139 125 162 104 115 134 99 116 102 89 106 107 149 164 67 62 97 85 66 35 34 35 31 34 43 39 32 40 58 64 60 75 84 84 80 77 86 96 92 93 90 92 85 57 56 52 55 60 108 116 113 113 92 52 55 51 49 51 52 48 55 57 58 63 69 72 100 115 116 116 113 114 107 114 148 98 89 85 84 86 90 85 97 90 88 86 84 82 73 67 69 93 167 131 122 135 163 147 151 149 159 148 143 152 156 174 195 173 161 155 139 101 110 113 109 103 92 117 129 158 189 151 132 141 48
111 101 114 134 151 136 105 105 94 92 108 102 86 86 85 121 130 78 59 69 66 47 30 28 29 31 34 39 40 37 34 38 51 60 62 77 79 78 74 74 86 82 79 91 98 96 84 59 54 58 57 63 102 109 91 67 62 55 59 49 54 53 48 57 57 63 63 66 70 94 112 113 117 115 112 110 111 100 89 88 86 84 89 88 86 96 95 88 89 86 87 78 67 71 71 160 152 116 140 164 149 140 159 158 157 148 154 178 187 169 165 154 133 102 97 94 105 106 103 108 105 111 113 172 173 145 154 49
113 103 100 103 108 115 109 105 108 108 100 96 92 90 93 112 126 101 80 68 60 49 33 27 28 30 32 33 36 37 36 37 39 55 60 69 77 81 76 76 77 77 73 73 87 91 95 73 57 59 59 58 63 71 60 58 64 60 70 53 54 52 53 60 65 63 63 64 65 79 103 113 115 115 114 113 101 85 84 85 91 91 92 90 91 94 99 94 91 85 83 80 72 69 67 131 172 123 144 149 165 159 159 169 185 185 185 186 165 148 146 130 98 102 99 94 99 118 145 123 112 125 116 131 185 143 146 49
100 104 102 100 100 102 103 112 111 106 105 106 90 89 100 120 122 123 111 85 62 48 31 25 26 30 30 26 28 35 39 39 35 47 62 73 78 81 82 77 73 81 74 71 74 74 81 74 47 45 51 54 59 61 53 53 58 55 63 57 49 52 59 61 64 66 66 66 67 72 89 111 113 113 112 115 98 85 85 84 86 89 91 95 95 93 103 100 93 91 88 88 84 67 69 101 180 139 146 132 156 161 139 138 168 187 180 161 148 143 129 98 88 103 99 95 100 115 123 114 109 107 113 114 173 158 133 44
84 94 96 90 97 94 99 98 94 86 91 93 87 93 99 107 116 125 119 106 63 41 27 27 26 26 25 24 26 34 35 43 37 38 49 63 67 76 81 76 79 83 79 73 73 74 80 74 50 29 31 33 43 60 60 54 54 53 53 69 53 56 59 61 62 66 68 68 69 83 100 105 113 113 112 111 90 86 86 83 80 87 90 95 97 94 100 100 92 91 89 90 94 69 72 77 160 139 121 128 154 147 127 142 128 155 154 144 138 132 110 89 88 98 93 97 101 105 101 101 113 98 103 112 146 178 121 44
82 85 94 88 87 97 101 92 95 95 80 81 93 87 90 102 130 134 123 120 84 38 28 29 29 29 29 24 26 38 40 41 47 43 47 51 63 76 80 74 81 80 81 77 79 80 76 70 64 47 35 33 33 39 54 61 58 52 54 64 54 54 58 64 63 64 66 68 70 76 86 100 112 112 113 106 85 81 81 82 79 84 88 95 117 108 94 100 93 86 83 88 91 73 70 66 118 165 117 128 146 149 139 136 131 153 128 134 142 127 98 87 85 97 94 96 101 99 95 95 112 105 102 111 119 157 122 43
78 82 90 97 91 92 90 86 90 90 83 72 84 80 80 106 124 128 132 122 92 40 31 31 31 27 34 31 25 43 54 39 36 47 46 48 53 68 82 76 77 81 75 76 73 71 74 71 67 61 54 38 34 33 35 48 64 56 55 67 56 49 56 63 64 64 65 66 72 90 99 103 110 110 108 99 80 81 83 78 75 82 88 111 123 126 113 104 102 93 85 92 85 79 69 66 88 172 133 120 141 144 129 130 132 127 121 144 141 133 97 88 86 93 95 97 104 100 92 100 102 115 102 103 101 124 152 39
83 85 82 90 92 89 88 80 90 88 89 76 80 87 96 105 106 102 108 107 88 55 30 31 31 28 40 39 24 40 56 49 37 34 48 51 51 57 73 78 80 80 71 77 77 72 73 81 65 63 64 58 37 34 36 38 55 59 58 65 62 56 58 61 64 65 68 84 102 107 102 102 109 110 106 94 80 84 80 74 77 93 110 117 120 124 132 123 102 90 90 95 89 94 72 72 73 154 142 123 129 143 120 127 115 125 128 130 135 146 141 121 98 88 89 92 103 96 96 93 101 108 101 111 108 106 141 41
73 79 80 82 90 86 90 89 85 88 98 94 86 82 93 106 107 104 90 118 100 68 35 33 32 31 39 48 27 31 50 57 52 43 42 58 53 50 60 75 80 71 68 78 79 73 72 76 73 70 71 70 55 35 35 36 58 72 60 60 62 61 61 61 64 75 97 109 110 106 102 99 104 108 103 84 82 83 79 77 84 101 117 118 121 124 131 135 109 91 87 87 93 99 82 74 76 117 170 133 134 150 117 120 112 122 113 107 126 148 158 134 137 134 125 112 107 100 104 100 112 124 122 122 125 139 128 38
72 77 77 78 81 90 92 89 83 88 94 95 96 86 80 99 121 126 115 107 106 74 51 34 33 30 40 44 24 25 43 47 52 48 47 51 58 52 50 62 69 67 70 79 82 77 67 67 71 70 63 65 59 40 37 36 92 137 61 60 72 61 61 61 82 104 108 110 112 108 102 103 105 109 98 80 83 82 79 79 89 113 118 121 123 125 131 136 124 101 95 90 92 91 91 76 72 91 172 148 132 140 116 116 108 98 100 104 109 112 114 107 110 122 135 143 145 145 143 144 152 154 156 152 148 147 126 34
78 79 84 94 79 83 89 88 85 84 90 89 93 83 70 103 120 127 136 114 95 81 63 40 34 32 40 35 28 25 41 36 49 46 48 49 53 63 57 49 56 61 61 75 87 86 73 66 87 70 60 59 57 52 41 43 78 128 52 48 75 66 63 85 108 107 106 113 116 109 106 106 103 109 92 85 85 84 83 85 99 122 124 125 125 126 131 135 139 110 97 96 92 87 112 93 71 80 145 163 132 144 122 106 101 102 112 104 104 104 103 101 103 101 102 106 110 118 127 134 139 148 148 146 146 147 121 31
74 75 78 78 75 80 81 79 82 83 88 90 89 76 68 99 111 117 133 131 105 91 68 58 36 36 40 40 25 28 37 30 45 61 57 61 57 58 67 56 56 53 58 68 88 107 82 67 64 55 51 53 49 47 43 50 61 78 85 74 116 133 129 123 111 105 111 117 120 113 113 110 105 101 88 86 88 85 99 102 111 127 128 128 127 128 132 137 139 118 99 95 91 95 114 106 81 80 113 174 154 145 130 99 106 108 108 105 106 104 105 106 105 103 107 106 108 116 123 125 125 124 122 123 126 134 113 30
71 72 71 69 70 77 65 63 76 87 88 83 77 73 68 100 104 105 109 125 129 105 77 61 52 44 51 40 27 28 29 31 40 65 72 65 63 53 54 59 51 49 54 59 75 95 80 68 61 57 53 55 60 55 93 139 130 128 146 124 131 130 130 141 145 125 117 119 123 119 119 115 107 89 82 83 85 92 136 141 158 148 132 134 135 129 130 132 133 126 109 102 98 101 107 126 109 82 96 174 168 133 145 106 107 107 104 102 108 104 103 106 107 110 111 108 112 121 123 123 121 119 118 120 125 127 103 29
67 67 63 106 75 64 56 68 70 72 85 81 74 65 80 103 106 108 104 109 113 109 96 66 77 53 53 49 37 29 29 34 49 58 68 67 65 61 51 59 57 54 54 55 59 65 70 77 76 70 63 58 57 112 198 214 201 156 111 108 118 121 120 133 149 141 130 128 128 125 118 115 105 92 79 75 83 103 164 176 218 172 123 144 149 132 127 129 132 130 110 98 97 104 108 119 121 93 91 153 169 138 154 114 102 102 100 103 105 103 110 112 116 109 107 105 113 118 119 118 119 120 120 123 124 126 106 28
48 51 57 134 92 46 57 59 59 60 64 72 79 86 88 102 107 108 110 105 101 114 92 74 67 68 57 58 51 31 29 38 55 57 62 76 70 66 62 58 64 59 65 56 55 56 59 69 78 79 76 63 62 169 220 216 172 115 107 108 111 119 119 119 128 128 131 136 133 134 127 118 108 95 86 88 95 130 167 173 175 124 120 140 151 137 127 130 130 120 93 66 67 87 104 107 125 110 78 125 163 144 148 136 120 108 102 99 100 101 111 111 109 108 109 110 116 118 119 119 121 119 119 122 125 125 104 25
46 51 51 69 60 45 55 63 59 52 49 55 68 74 80 92 97 100 105 99 98 103 99 92 70 73 74 57 59 41 30 47 58 58 60 64 75 68 64 62 59 62 73 70 58 59 58 63 75 75 73 64 79 190 224 214 163 117 111 109 116 125 124 122 124 130 127 132 123 123 117 107 93 75 66 66 79 161 146 132 118 119 121 139 147 136 127 128 119 109 102 79 75 86 100 99 121 117 80 100 160 145 130 140 127 117 111 89 89 97 102 105 101 109 114 115 119 120 119 120 120 121 123 127 126 128 84 21
57 56 54 68 59 50 53 61 68 54 51 54 59 66 76 82 93 89 95 99 98 99 106 108 88 76 81 64 62 57 34 37 52 60 62 61 62 67 66 63 62 61 67 66 66 62 58 60 65 77 67 63 82 192 222 203 155 120 114 112 121 131 126 120 116 123 127 128 126 127 127 120 100 81 71 67 94 175 122 109 104 99 103 121 133 122 116 110 105 105 103 87 76 81 85 87 102 111 95 86 138 134 138 138 122 121 109 81 75 88 97 101 106 109 117 123 124 123 123 124 122 121 116 109 114 106 71 18
58 61 67 65 59 55 52 55 74 71 65 66 60 65 75 73 73 83 88 91 107 97 95 101 101 90 74 76 67 68 49 32 44 58 63 62 57 62 68 62 64 55 61 60 69 66 63 60 59 73 64 63 76 185 219 196 150 122 117 116 116 122 126 133 127 134 138 143 146 145 142 144 128 102 95 92 119 152 122 120 115 98 100 118 138 121 108 106 103 98 93 89 76 72 69 83 87 104 114 79 124 140 132 134 118 110 87 75 75 95 89 101 110 120 122 123 123 121 117 110 111 126 142 101 93 90 60 15
