86 21 35 35 33 33 40 50 51 60 60 54 50 49 56 44 58 80 69 54 56 54 64 54 54 52 50 52 58 68 70 68 59 55 48 50 55 55 51 51 51 51 51 55 59 57 52 53 68 73 62 56 55 54 52 56 60 59 62 64 59 68 87 93 93 85 76 75 74 73 68 57 54 56 62 105 106 60 44 96 164 185 188 191 195 200 199 195 189 180 170 163 159 159 160 162 165 164 156 135 104 71 51 45 46 51 58 65 72 76 77 80 80 72 60 48 37 27 22 19 18 17 17 17 16 16 16 16
71 19 34 34 40 36 36 51 56 60 62 52 54 54 55 43 49 58 54 51 49 57 68 57 52 51 54 54 69 71 73 70 63 53 48 57 61 60 58 52 53 55 52 55 59 61 58 57 63 68 64 56 56 57 57 60 68 73 74 68 58 66 83 89 92 88 79 73 73 72 70 61 56 56 64 120 120 60 41 92 162 184 190 199 205 201 207 203 196 186 177 170 166 162 160 160 167 172 170 159 133 96 66 50 48 54 62 69 76 80 82 84 84 74 62 50 37 28 24 21 19 18 17 17 16 16 16 16
72 26 35 31 40 36 42 52 62 62 60 56 57 57 51 46 48 45 55 51 46 59 64 58 57 61 62 58 70 73 74 67 63 55 52 58 59 60 54 55 62 62 59 59 56 60 68 70 69 69 63 57 57 62 66 66 65 65 65 59 56 67 83 88 89 86 78 72 68 69 69 63 59 60 68 120 118 59 41 94 163 184 191 199 208 212 212 206 198 189 183 183 183 182 177 174 176 177 178 175 161 128 90 62 52 57 66 74 80 85 87 89 88 77 64 52 39 30 25 23 20 19 18 18 17 17 17 17
76 27 30 34 33 36 40 50 60 61 59 63 59 59 61 60 51 45 53 53 53 58 59 61 67 72 61 62 81 83 75 65 59 59 56 55 58 62 62 60 62 60 60 60 58 58 58 60 68 71 66 60 57 58 61 66 64 53 51 49 51 67 83 86 85 83 78 74 71 69 66 65 65 65 71 122 117 57 43 102 164 180 185 193 201 206 205 202 195 189 190 197 202 204 200 196 192 188 184 181 170 148 117 81 62 62 71 80 86 90 92 94 92 81 67 53 40 31 27 22 19 20 18 18 18 17 17 18
75 25 32 33 35 34 38 52 60 67 64 62 60 63 65 67 56 50 52 53 50 50 61 63 58 56 53 66 82 85 71 60 58 60 52 49 57 65 64 54 50 51 52 56 55 55 55 60 73 74 71 64 58 58 58 63 60 51 49 48 50 68 87 90 88 85 77 73 72 68 66 65 67 65 74 128 120 56 46 109 166 176 178 185 191 195 196 193 189 188 191 201 208 211 208 204 198 190 183 179 171 160 140 109 81 72 78 87 95 97 98 99 96 84 68 54 41 31 27 23 20 19 19 19 20 18 18 18
79 30 32 34 38 42 43 53 62 68 62 57 58 61 64 67 58 56 54 49 51 48 55 65 61 56 62 68 82 84 67 61 56 58 57 53 60 66 66 56 46 43 47 51 52 62 66 69 76 71 68 68 64 63 65 66 60 51 49 49 52 69 88 90 90 83 71 66 66 65 66 66 67 65 77 128 118 56 47 107 165 175 177 181 184 187 189 185 184 186 189 194 199 203 203 200 192 184 179 175 171 165 156 135 109 93 92 99 106 107 105 105 101 87 69 55 42 31 27 24 21 20 21 24 23 21 20 20
83 37 32 36 44 45 43 53 69 66 60 57 56 60 68 64 67 67 55 44 48 52 53 65 66 60 69 57 58 65 69 64 54 54 62 61 59 63 66 58 47 40 44 56 65 70 77 78 74 65 64 69 67 66 70 69 59 51 50 50 54 72 85 85 83 78 69 63 63 65 67 67 68 65 79 132 119 54 50 111 167 177 179 182 183 185 185 181 181 182 182 184 188 189 191 189 183 179 176 172 169 168 164 153 138 126 120 123 129 127 123 120 113 96 75 58 43 34 30 26 23 23 24 27 27 25 23 21
91 39 36 35 40 45 49 55 76 62 68 62 44 62 71 58 64 77 60 54 50 53 55 64 61 62 71 59 55 59 68 63 53 47 57 61 61 68 67 55 49 51 62 102 100 71 74 71 68 61 60 65 67 69 74 71 59 55 55 53 59 77 87 85 81 76 71 66 65 66 66 68 68 66 83 132 114 53 53 120 174 185 186 187 187 186 185 183 183 181 179 181 184 183 183 184 183 178 177 174 174 171 169 163 160 160 160 161 164 160 155 151 144 127 100 71 49 37 32 29 27 27 27 29 29 26 24 22
82 34 36 41 42 48 51 54 66 64 69 63 49 69 62 58 61 76 65 54 51 49 54 61 63 64 64 62 64 62 69 60 51 48 56 63 64 70 67 54 50 59 83 113 91 66 69 66 64 63 65 65 67 71 75 67 53 51 54 53 61 78 89 88 78 72 71 64 62 64 64 65 69 67 85 132 112 51 53 129 182 190 189 187 188 184 182 183 183 182 182 182 183 183 183 183 184 184 183 182 181 180 179 178 180 183 186 189 189 186 181 178 174 164 142 108 68 44 35 31 29 28 30 31 30 28 25 22
81 39 36 43 46 48 55 55 61 67 70 55 65 65 61 56 68 75 67 66 56 54 53 60 69 66 61 60 69 72 69 56 51 50 56 64 59 59 60 52 53 63 72 77 66 66 65 62 60 61 67 62 57 59 64 60 53 53 56 58 66 79 88 88 77 69 66 62 61 63 62 64 69 68 89 137 115 50 53 131 181 190 188 186 184 182 182 184 184 185 185 185 183 182 181 181 184 188 189 189 188 189 191 193 198 203 205 207 206 202 198 195 191 185 173 147 103 61 41 34 31 29 31 32 30 28 25 22
78 48 29 43 45 49 59 58 57 63 71 70 65 63 60 61 72 63 63 69 57 59 52 58 72 64 61 59 74 74 60 53 50 51 62 68 58 55 56 52 62 68 67 67 63 66 62 58 54 60 68 67 60 55 54 57 59 58 61 66 71 79 86 88 83 74 67 65 65 65 67 66 68 66 88 133 109 49 53 127 178 184 184 183 181 180 180 183 184 186 187 187 185 182 181 181 186 189 191 193 193 196 201 204 208 213 217 217 214 210 205 204 201 195 188 172 137 91 54 37 31 30 30 29 28 27 26 23
72 47 30 41 43 52 53 64 62 63 67 72 68 70 58 60 70 61 61 71 73 57 56 66 71 62 60 60 74 70 57 52 50 55 65 65 55 61 60 54 60 64 66 62 63 67 61 60 65 65 63 70 70 60 55 56 58 59 65 68 70 78 85 87 84 77 70 68 68 67 69 69 69 68 88 132 108 51 55 123 173 180 180 181 182 181 182 185 186 187 189 189 188 185 182 181 183 188 191 194 197 201 206 210 213 217 219 219 217 212 208 206 203 199 194 183 160 122 79 45 33 30 28 27 26 25 24 23
79 54 27 41 46 52 51 66 67 65 57 56 58 62 64 65 69 66 67 69 64 56 55 68 68 61 57 62 76 69 59 53 51 61 69 61 56 68 62 56 55 56 61 64 64 64 65 69 71 65 59 64 63 56 53 55 56 60 65 66 68 77 84 84 80 73 69 68 66 66 71 71 70 69 90 131 108 52 57 123 170 178 179 182 182 182 183 184 186 188 190 190 191 190 188 186 184 186 190 194 200 207 210 212 216 217 218 218 216 211 208 207 204 201 197 190 172 140 98 56 35 31 28 27 26 25 22 23
86 54 24 41 46 50 54 63 67 70 54 41 65 68 68 73 75 69 68 65 58 52 52 59 62 59 58 63 73 70 65 58 56 64 66 62 64 66 62 62 57 55 64 66 63 64 67 69 69 76 77 64 59 59 58 59 59 59 62 64 68 76 83 84 77 67 66 65 65 69 73 73 75 75 92 130 108 54 62 132 175 179 180 183 185 186 187 188 188 190 190 191 198 200 199 196 194 188 188 193 203 211 215 217 219 218 216 216 215 210 207 207 205 201 198 193 178 149 106 61 37 32 29 28 26 26 24 24
82 62 31 47 47 49 55 60 67 66 52 45 57 69 69 84 72 63 61 56 52 52 48 51 62 58 63 70 72 69 70 61 62 69 62 59 60 62 62 58 50 56 66 66 63 61 64 67 78 115 117 74 59 59 60 62 60 57 61 62 66 77 85 83 76 69 67 63 64 69 75 85 90 85 101 135 112 59 70 143 180 184 184 184 185 189 193 194 192 191 190 197 207 212 213 209 202 194 188 192 205 216 220 221 222 220 217 216 214 209 206 206 205 201 198 192 178 151 110 62 38 34 31 30 28 26 26 24
73 75 32 48 45 51 57 56 66 69 58 48 46 57 56 85 67 57 59 55 54 57 54 56 60 63 70 73 70 69 75 66 66 74 66 54 53 62 60 52 48 58 67 65 62 60 61 68 72 85 84 65 61 60 59 59 58 58 61 58 63 79 87 84 76 70 68 66 65 68 77 91 94 87 102 128 103 61 74 147 182 185 185 184 190 195 199 199 198 196 196 202 212 219 221 217 206 197 191 194 207 218 224 225 225 221 218 217 214 209 207 206 203 200 197 191 176 149 107 61 39 36 33 32 29 27 26 25
67 80 29 74 63 54 62 61 61 60 60 51 51 52 64 84 74 58 69 70 67 65 73 75 60 56 61 67 67 69 74 69 66 75 72 66 61 58 52 47 47 60 71 66 61 62 62 68 70 67 65 62 58 58 58 56 57 60 60 58 63 79 87 83 76 70 68 66 64 67 77 92 91 80 94 114 103 73 80 148 182 186 185 188 195 198 203 203 200 199 199 205 213 218 217 213 207 200 195 201 213 221 224 225 223 219 218 218 216 211 208 206 204 199 196 189 175 146 103 58 39 36 34 32 30 28 26 25
61 83 28 54 51 56 61 72 54 50 62 69 57 54 68 74 66 59 60 64 68 68 70 75 69 63 63 64 70 82 86 76 68 72 72 67 57 51 46 44 46 59 66 60 63 71 68 69 73 74 68 57 56 60 62 59 58 58 61 62 67 81 89 83 75 70 66 64 63 67 78 94 93 79 81 102 95 71 77 147 183 187 191 196 199 204 208 207 203 204 205 209 216 216 212 207 206 204 204 212 221 224 224 222 220 217 218 219 217 214 209 207 204 200 196 187 171 142 100 55 37 35 33 31 30 27 27 26
58 83 24 49 48 51 65 82 51 50 56 67 63 54 56 58 61 57 57 65 63 65 64 77 76 69 65 67 72 77 80 76 79 73 69 64 57 52 50 48 46 59 63 61 66 69 64 65 66 66 62 56 54 55 60 61 58 59 66 70 73 84 92 84 72 67 66 65 65 67 69 77 80 74 81 101 88 64 83 155 184 192 199 205 208 212 214 210 207 209 211 215 218 216 210 205 204 207 214 221 225 226 223 218 214 215 219 220 218 216 212 208 205 199 194 184 166 136 92 51 36 35 32 31 30 28 28 28
54 83 26 47 56 48 57 76 51 51 60 80 65 55 59 58 61 56 59 66 59 54 64 77 72 68 66 70 72 69 69 65 64 63 60 58 56 55 55 47 48 63 60 60 66 66 61 60 57 54 54 54 53 51 56 60 59 62 70 74 75 87 94 83 70 68 68 68 69 70 68 66 64 62 78 106 90 62 86 157 187 198 206 212 215 219 220 216 215 216 218 222 222 216 209 203 202 207 217 224 226 224 219 212 210 214 220 221 220 217 214 210 205 198 191 180 158 124 82 47 36 34 32 31 30 29 28 29
47 79 29 46 60 55 59 80 54 60 62 65 82 64 56 58 57 56 66 67 67 53 52 66 75 66 59 67 68 69 63 57 54 61 60 52 52 56 51 43 47 58 57 60 68 67 61 58 54 50 52 57 58 55 56 57 56 59 66 68 73 90 101 94 86 77 72 73 78 81 83 86 91 93 104 123 104 67 88 160 193 204 211 218 221 224 223 223 221 221 222 224 221 216 206 198 198 205 214 220 223 220 214 207 207 213 219 221 220 217 214 211 205 198 189 176 152 118 74 45 36 35 32 31 30 29 29 29
45 77 35 48 55 55 66 79 53 53 61 50 67 73 64 59 60 55 49 46 62 63 59 68 69 70 68 66 70 69 59 56 55 59 66 56 48 51 46 43 45 48 54 65 69 65 61 57 55 57 62 67 66 60 54 53 59 80 108 135 145 152 172 173 172 156 149 165 173 173 185 195 196 196 198 194 192 179 169 185 202 203 198 199 208 214 221 225 224 224 226 222 215 210 201 193 194 200 208 214 216 215 210 204 206 212 216 220 218 216 214 211 206 199 191 178 154 120 74 43 35 34 32 31 30 30 30 30
48 75 36 46 56 56 61 73 54 56 55 49 49 65 69 62 66 57 45 40 47 55 57 71 68 62 63 63 66 70 60 57 58 60 68 66 56 50 48 45 47 48 50 59 62 65 66 61 61 64 66 68 66 73 97 134 160 176 188 201 179 168 169 172 160 170 179 180 184 188 194 191 180 196 198 200 199 201 203 202 208 206 210 194 200 200 210 210 211 214 216 215 208 203 196 192 193 195 201 209 211 209 205 204 207 212 217 220 218 215 213 210 206 200 193 181 160 126 82 46 36 33 31 30 30 30 31 31
55 71 39 47 52 61 63 69 53 56 56 51 51 60 64 62 59 54 47 43 41 54 66 73 71 60 61 63 65 70 60 58 57 60 70 69 63 57 54 48 47 51 54 57 60 66 69 67 64 60 63 91 126 165 175 167 172 173 164 160 160 166 161 160 170 190 179 184 186 183 187 187 185 191 196 197 201 202 205 207 203 211 208 208 211 214 209 207 201 206 211 206 205 203 197 198 196 196 198 203 207 207 204 204 208 212 217 220 218 215 212 209 205 199 194 184 167 139 97 56 39 34 31 30 29 29 30 31
61 64 39 54 56 62 63 67 57 53 60 56 54 55 58 57 57 61 57 45 40 50 67 71 70 71 67 64 70 72 55 54 52 59 68 65 65 66 59 52 48 48 56 62 64 71 79 76 77 102 159 182 169 161 177 166 156 153 151 160 168 171 166 172 181 190 175 188 192 194 195 192 195 199 206 191 199 202 209 209 204 201 210 211 206 215 206 205 211 218 203 203 212 212 201 212 209 201 200 200 201 205 204 205 210 215 219 221 221 217 213 208 202 198 193 186 176 155 119 76 49 37 32 30 30 30 30 31
67 57 37 57 60 62 67 69 54 49 54 53 52 49 50 63 72 65 61 46 40 42 61 78 69 65 63 62 67 64 48 49 53 99 94 63 65 67 62 58 54 51 54 60 65 74 95 124 166 185 142 125 141 162 155 152 150 149 165 164 164 175 180 185 188 197 195 211 198 199 213 194 203 203 208 195 199 206 203 207 212 204 209 211 216 215 210 211 219 209 203 202 198 202 206 203 206 198 197 202 198 205 205 205 206 213 221 224 222 219 214 207 201 197 192 188 181 166 139 102 66 41 33 31 30 30 30 32
66 66 43 60 64 59 66 74 56 44 49 52 49 44 47 71 81 62 63 54 45 43 58 75 67 64 67 65 64 65 60 58 57 95 88 60 66 66 64 62 59 62 61 59 77 132 181 170 169 175 163 171 145 153 165 170 171 164 161 164 177 179 186 191 205 208 195 199 215 193 217 216 198 207 209 205 203 207 216 223 228 225 225 233 232 230 237 239 233 227 223 228 228 222 212 208 204 198 190 207 202 200 201 194 191 190 197 208 213 216 215 208 202 197 192 188 183 173 154 124 85 50 37 32 31 31 31 32
74 97 40 67 75 59 69 71 64 48 48 49 49 50 57 69 74 63 59 57 47 45 51 58 66 76 129 106 75 94 74 62 57 59 51 56 63 64 76 70 55 60 84 122 160 149 147 151 167 150 152 140 136 167 172 161 182 175 160 169 189 197 203 212 205 215 212 197 211 223 194 220 221 204 211 220 217 216 219 214 206 200 197 190 196 194 189 202 198 189 180 180 192 198 190 202 212 224 226 223 209 214 205 193 189 180 178 170 176 180 183 197 199 199 195 189 184 177 166 148 117 78 49 37 35 34 33 34
67 83 37 66 87 59 63 64 64 55 50 45 47 54 63 68 70 66 61 61 53 44 47 54 70 79 123 159 152 120 68 58 68 66 62 62 63 66 71 87 70 80 125 130 118 122 128 123 108 127 149 167 163 173 175 174 186 183 159 195 199 207 211 219 224 210 219 214 198 211 210 184 223 212 201 195 176 168 162 155 155 166 154 143 127 121 119 118 117 108 95 84 92 95 83 84 89 96 118 130 132 168 183 179 178 173 178 178 180 174 146 151 151 146 160 175 182 183 180 170 154 122 78 48 39 37 35 36
57 66 40 58 92 67 63 68 63 57 53 55 47 48 61 68 65 64 61 61 60 54 50 53 71 75 80 139 150 73 57 59 70 73 75 68 68 64 79 83 77 91 81 90 93 94 96 115 124 157 169 171 180 176 177 186 194 205 176 181 194 190 215 222 214 208 195 204 213 199 197 200 181 182 172 167 159 140 122 110 89 96 102 102 105 120 133 136 141 148 152 147 141 131 128 125 117 106 95 89 84 82 79 82 83 88 92 106 122 129 121 116 111 110 121 131 133 132 135 146 155 150 113 68 48 40 37 37
52 62 39 48 87 67 68 74 66 57 53 70 61 48 63 69 61 59 60 62 62 66 58 60 76 90 85 89 90 68 64 77 94 80 58 56 68 97 96 76 74 88 99 97 96 87 108 117 184 193 179 180 184 187 198 205 199 109 93 145 165 192 181 189 187 184 203 192 190 191 173 156 160 139 128 108 81 67 80 96 132 155 179 190 201 204 203 203 202 202 202 202 201 200 199 199 200 201 202 202 201 193 186 183 172 161 150 137 131 123 112 104 91 76 66 63 64 66 71 75 101 100 81 99 63 46 39 39
53 67 44 49 73 66 61 75 70 60 59 65 66 65 67 67 62 61 58 61 55 61 65 66 26 46 88 97 68 61 93 98 89 65 50 61 80 74 74 85 68 73 84 79 83 90 100 107 162 169 184 174 164 182 206 221 119 33 37 89 138 164 165 163 174 174 171 183 162 146 135 132 122 78 58 70 51 47 97 172 188 188 191 192 194 196 198 198 199 199 196 193 192 190 190 190 192 192 195 197 199 202 206 213 221 227 229 227 221 217 213 208 202 190 174 155 135 120 107 102 103 111 136 129 91 60 44 39
49 64 51 57 64 73 63 71 59 70 65 58 68 73 73 66 63 62 59 60 57 61 67 66 37 14 28 74 81 83 103 77 59 72 70 66 69 59 55 90 57 68 88 77 75 62 61 84 106 126 171 163 136 171 202 215 112 34 38 42 97 157 167 137 147 158 158 145 151 137 105 76 42 40 70 66 50 46 98 165 186 184 185 188 191 195 198 200 202 201 199 197 194 190 191 192 191 192 192 193 196 198 201 209 216 222 223 222 216 212 208 206 203 198 194 191 190 193 195 195 190 182 170 153 128 94 61 43
51 63 51 60 72 75 72 67 59 75 77 64 62 63 69 71 64 63 62 59 59 63 63 61 63 29 11 24 67 99 68 42 51 68 71 64 71 67 85 76 45 64 72 62 53 46 42 54 69 88 125 161 183 195 187 201 133 29 33 29 71 94 161 172 140 134 123 122 103 65 36 23 23 27 31 35 37 43 91 160 187 184 183 186 188 194 197 200 202 202 200 199 195 191 191 191 191 192 193 194 195 197 201 209 216 223 225 222 217 212 209 208 204 198 192 189 189 190 189 188 185 182 178 172 161 137 97 58
53 65 56 60 63 66 66 63 71 96 85 66 68 54 51 62 66 71 66 58 60 66 63 64 68 73 37 10 53 78 48 43 56 56 51 70 63 64 77 55 54 69 50 48 65 57 45 44 54 58 138 155 170 178 169 156 126 41 28 25 52 71 42 99 137 119 85 56 30 20 23 29 27 28 27 30 35 40 82 161 188 182 179 183 185 189 191 193 198 200 200 197 193 190 192 193 194 194 194 194 197 198 201 209 217 223 224 222 217 212 209 208 206 201 195 191 192 194 193 191 189 188 187 187 181 166 132 86
56 64 53 51 61 69 62 61 88 138 96 61 63 51 43 38 37 51 67 69 66 68 66 67 66 70 108 62 63 46 35 43 50 51 48 42 42 47 55 46 57 55 61 67 63 70 64 50 67 52 70 85 119 143 130 176 133 64 23 21 43 66 43 36 49 76 43 19 25 28 30 26 20 21 21 25 28 32 56 111 150 170 177 173 176 181 185 191 195 197 197 195 192 190 191 194 196 198 198 198 201 202 205 210 217 222 225 222 217 212 210 208 207 202 196 193 194 196 194 192 191 190 193 195 192 183 159 115
57 69 64 47 64 68 63 63 80 116 83 61 59 56 57 43 44 40 42 57 72 75 66 68 70 67 77 112 62 34 28 32 41 37 38 42 44 44 78 51 45 58 66 81 65 69 81 74 71 51 41 49 73 96 106 146 178 98 26 20 35 56 47 41 31 25 32 53 41 24 22 20 20 22 21 21 23 26 31 48 84 118 133 143 156 169 179 187 190 192 196 193 191 190 191 194 196 198 200 203 204 204 206 212 217 223 225 222 217 213 211 209 206 202 197 194 195 195 194 191 189 190 196 199 198 191 175 141
54 66 62 43 68 65 63 71 71 74 65 53 42 48 67 56 48 50 74 105 63 65 69 69 66 66 63 75 46 28 37 46 55 31 33 37 35 50 68 43 45 54 51 67 64 84 77 62 69 61 59 53 53 60 75 80 112 110 50 15 23 42 66 45 33 36 32 47 63 89 49 35 37 23 22 21 21 25 28 38 49 62 92 95 116 143 160 174 180 185 189 189 187 188 190 193 196 198 199 203 204 205 207 212 217 223 225 222 219 215 212 210 207 203 199 197 196 193 191 188 186 188 194 198 198 194 183 162
74 63 61 43 72 64 62 74 66 49 40 43 50 51 71 74 46 45 89 113 62 52 54 58 65 74 74 50 42 28 54 39 51 34 35 27 42 54 43 39 40 43 47 64 72 80 86 88 69 68 75 84 64 46 62 65 61 60 59 17 10 16 69 59 46 48 30 31 34 78 169 151 58 44 31 25 25 30 31 37 39 44 53 61 66 86 105 120 157 177 183 186 186 187 187 191 195 197 199 201 202 203 206 211 217 223 227 225 221 217 213 209 206 202 199 199 196 192 190 187 185 187 194 197 197 196 188 176
69 61 63 36 58 69 67 74 59 48 51 62 66 61 59 62 62 91 93 73 56 56 57 64 73 84 73 48 37 46 56 42 45 43 29 37 43 38 34 36 29 35 46 52 54 57 68 94 108 80 71 79 79 63 28 15 16 15 38 28 15 49 49 57 61 53 38 35 32 45 129 201 184 101 61 46 33 32 29 30 36 43 43 51 58 65 81 105 124 141 167 180 182 187 189 192 196 197 199 201 202 202 204 211 220 226 229 227 224 219 214 210 205 201 199 199 197 194 190 188 187 189 193 196 196 195 193 185
68 59 71 32 54 66 64 71 61 63 72 82 68 59 52 56 106 99 60 77 59 51 60 68 71 75 62 48 46 45 39 38 39 30 33 36 27 30 32 25 21 30 43 36 49 55 65 73 89 93 86 73 74 74 61 18 10 10 13 30 21 31 34 49 67 51 45 38 41 59 97 166 166 185 140 79 41 37 34 37 39 47 53 58 62 67 79 97 117 140 158 164 172 178 187 191 193 196 200 204 206 206 207 212 220 225 228 228 225 219 213 207 203 200 197 196 194 190 187 186 187 188 191 193 193 196 197 192
68 63 71 32 55 58 64 68 62 67 64 71 61 53 50 60 76 60 50 65 65 48 50 56 63 63 55 46 43 32 33 31 35 26 30 23 26 29 23 19 23 30 37 34 43 47 60 67 75 83 71 73 58 58 50 37 10 11 10 11 16 17 36 52 66 60 58 58 74 91 105 162 173 166 190 140 85 62 53 54 52 53 63 60 68 73 83 109 125 135 160 171 177 178 181 185 190 195 202 204 207 211 211 214 220 224 225 223 222 217 211 206 201 195 191 189 187 185 182 180 181 184 188 188 191 195 194 193
72 63 77 28 50 60 62 71 60 58 66 65 57 57 57 59 49 47 52 60 63 55 48 54 54 68 60 42 36 18 35 33 24 23 27 34 31 20 16 20 34 32 41 54 60 69 63 57 62 68 60 55 39 56 44 47 24 10 11 11 9 51 71 47 42 48 60 68 70 103 141 196 219 195 198 159 125 84 51 43 38 47 53 56 53 48 56 69 80 91 117 149 171 179 185 187 189 193 201 205 208 212 215 216 219 222 222 219 217 213 209 204 198 191 187 183 182 179 178 174 175 180 184 186 191 192 191 190
72 65 78 33 72 57 58 74 65 56 61 62 58 54 58 58 47 44 55 66 67 61 53 52 73 64 61 60 27 15 29 27 19 24 33 40 23 13 17 26 35 41 53 71 76 75 61 63 64 59 57 52 42 47 49 47 39 11 11 12 11 21 35 33 30 60 70 84 116 155 179 202 215 212 238 218 161 104 66 47 45 49 52 43 45 49 59 60 68 80 68 76 102 136 166 181 188 193 198 205 209 212 216 220 221 222 221 217 212 210 208 201 196 190 184 180 179 177 174 173 178 181 185 188 191 190 187 187
74 67 68 29 85 60 60 73 64 59 61 57 54 54 58 53 49 46 51 61 61 69 63 63 79 77 54 45 29 25 24 26 24 26 29 27 15 18 33 40 44 46 59 52 56 58 70 68 68 68 77 69 61 52 61 63 54 20 10 12 12 13 33 49 46 57 62 106 154 202 220 209 222 228 215 230 197 121 100 72 62 56 72 72 58 66 48 46 52 54 58 61 59 71 94 123 153 179 194 201 206 209 215 220 223 223 221 216 212 209 206 200 195 189 184 180 180 178 175 176 178 181 184 188 190 186 183 183
76 72 62 28 82 60 56 69 63 62 64 53 51 58 58 47 50 52 51 54 61 70 69 71 88 66 37 31 32 31 18 23 24 19 24 21 22 27 45 38 38 45 45 33 47 65 77 92 76 65 71 61 59 70 68 57 38 36 17 11 13 14 16 26 35 35 47 88 130 175 218 207 223 235 220 207 204 145 93 68 69 65 62 50 46 60 66 53 47 48 45 42 46 57 73 90 98 137 175 197 206 207 213 219 222 224 223 219 214 210 207 201 195 188 183 180 180 178 177 177 179 182 184 185 184 181 179 179
66 66 69 31 70 59 57 68 67 60 71 61 54 69 54 44 48 54 54 50 60 70 68 71 75 45 32 28 35 21 19 19 17 28 30 33 25 44 52 37 42 55 54 41 104 82 51 57 60 54 41 67 66 61 56 36 25 29 35 11 14 15 17 21 32 44 51 88 142 199 223 229 231 221 216 184 188 153 91 73 67 72 69 57 44 41 41 55 50 52 46 43 42 44 41 66 90 125 148 186 203 208 211 218 222 225 225 222 216 212 208 202 194 188 182 181 181 180 181 181 182 184 183 181 179 178 176 176
75 64 85 48 59 58 52 65 68 54 55 66 64 60 53 48 48 53 55 52 55 69 62 60 50 33 27 27 33 31 33 27 25 27 28 24 25 50 58 65 63 74 82 61 80 142 158 147 139 109 81 94 129 101 60 49 45 51 46 20 15 17 20 25 29 55 105 152 189 216 222 231 237 233 204 201 184 144 101 60 64 65 77 74 65 48 34 41 58 49 47 46 56 52 30 41 50 57 83 107 155 190 206 215 223 226 227 224 219 216 210 202 196 189 185 183 182 182 187 190 189 188 186 183 180 178 175 175
82 73 62 39 49 60 53 54 70 60 50 67 63 57 54 51 50 51 55 61 70 55 37 41 37 27 30 30 33 25 30 27 29 27 30 22 35 41 64 113 96 95 88 100 97 90 114 139 147 123 97 87 100 85 69 71 66 68 68 47 17 17 22 27 65 133 221 233 237 234 227 209 224 235 205 210 153 138 136 77 49 63 70 70 73 70 45 31 42 46 39 49 55 55 51 38 43 46 51 51 83 140 182 205 215 222 226 224 220 217 210 203 196 190 185 184 184 187 194 197 198 197 195 186 181 179 175 174
70 74 62 33 54 60 58 59 68 54 51 66 62 55 51 49 48 49 56 59 58 55 37 26 30 36 39 23 21 26 25 25 28 33 27 23 37 39 66 73 78 77 79 82 76 76 70 73 73 76 76 85 73 67 82 86 70 74 66 63 38 40 32 39 141 190 208 218 198 206 203 220 193 218 213 206 168 115 133 93 59 49 77 57 67 69 56 43 30 45 41 37 50 48 45 50 40 41 44 43 69 95 122 157 185 204 214 220 220 217 211 203 197 192 187 186 185 190 199 202 202 200 196 186 180 178 175 174
72 67 72 39 56 56 56 59 63 49 46 65 61 54 50 48 49 52 67 40 69 69 43 33 32 38 40 34 27 26 27 18 29 41 27 23 37 42 56 54 71 80 76 88 93 87 86 78 77 88 79 70 57 62 60 82 68 66 62 80 59 58 71 69 67 110 149 161 136 154 181 179 184 222 212 188 171 120 124 87 96 52 40 68 52 48 46 42 30 32 43 26 48 59 36 37 31 33 41 38 34 34 51 68 89 121 133 150 163 172 176 176 180 179 181 183 188 196 203 202 201 197 192 183 178 176 173 171
68 61 68 54 64 70 61 55 62 49 46 62 59 54 54 52 53 64 42 45 62 55 37 37 35 34 34 32 31 31 28 29 26 34 41 29 38 46 59 56 71 72 85 76 76 71 80 66 82 73 58 45 33 35 34 53 60 60 61 71 60 68 77 60 57 56 84 148 157 153 149 165 170 224 167 161 146 111 111 83 71 68 41 56 41 31 46 47 46 23 29 25 30 39 60 44 30 24 35 43 33 29 29 36 48 56 70 83 83 91 103 101 101 114 119 135 151 164 177 191 195 193 186 179 176 175 174 175
65 62 74 48 52 53 58 51 61 48 56 62 63 63 50 62 109 51 35 46 49 36 33 37 38 38 39 38 37 35 29 34 29 34 43 40 38 39 48 42 48 54 72 73 77 76 79 68 78 70 45 28 23 32 46 44 43 52 51 55 70 59 64 53 48 79 92 165 181 189 184 173 185 198 159 137 156 98 86 110 56 54 53 55 32 37 38 38 45 31 19 26 22 24 40 50 38 30 27 36 33 31 26 25 25 36 42 49 57 77 95 85 86 91 93 95 108 122 129 139 135 150 158 168 174 174 176 178
64 58 74 49 54 53 64 69 57 59 68 59 59 68 117 203 171 112 51 41 42 35 37 41 44 45 44 47 43 37 32 34 34 46 53 39 43 35 41 45 55 59 53 62 70 74 80 78 70 49 44 43 49 68 64 49 45 52 53 60 63 69 66 58 75 63 104 111 165 202 202 213 210 180 168 117 149 104 52 62 83 43 45 48 39 55 49 31 39 32 24 25 23 31 17 23 49 48 28 28 29 24 28 18 18 22 33 35 34 29 40 40 45 49 55 60 76 77 85 84 91 93 100 117 138 162 170 175
62 58 103 49 52 54 57 70 64 74 59 56 116 191 213 220 197 165 67 35 40 38 45 43 48 53 49 46 47 45 45 39 46 50 70 50 40 32 41 52 55 54 58 58 66 63 64 63 69 67 64 64 59 87 68 49 52 59 75 74 65 63 73 69 75 63 83 96 125 186 203 207 208 174 159 132 121 103 46 25 84 66 40 38 43 48 62 37 41 35 32 25 30 36 20 25 49 49 30 34 31 28 24 16 16 19 26 31 27 31 25 35 37 43 42 52 58 58 53 52 55 56 71 89 91 104 121 133
70 57 92 53 48 58 59 67 82 75 88 178 234 212 179 163 203 160 94 73 52 45 47 41 41 47 52 53 49 53 52 53 53 61 55 41 36 34 39 56 71 61 65 69 81 69 70 80 69 66 81 83 91 86 92 72 62 77 91 91 75 70 67 70 70 65 66 73 77 142 170 167 208 181 147 120 107 91 46 29 31 59 51 33 38 32 55 46 41 42 28 20 32 40 27 19 51 37 37 29 28 37 30 26 31 16 22 27 27 28 26 26 35 42 48 48 42 44 49 47 49 50 53 56 63 88 84 100
76 64 71 47 46 58 55 53 99 163 191 175 147 154 162 173 181 193 205 109 82 61 46 48 41 43 49 44 53 54 58 59 54 56 47 38 34 41 47 58 66 61 59 63 63 74 75 76 78 88 76 93 102 90 80 87 63 64 79 84 78 81 74 77 69 72 72 50 70 106 162 132 163 157 131 115 87 67 47 34 25 29 47 44 28 36 58 51 40 48 41 25 23 37 39 34 24 36 31 32 32 31 37 26 36 22 28 17 28 32 25 33 36 46 55 45 48 46 41 43 40 34 42 50 50 60 70 94
71 67 66 63 50 54 52 106 152 130 122 113 105 110 115 103 100 154 211 202 187 152 106 63 58 48 48 51 59 63 60 56 60 44 37 49 49 52 63 58 78 67 71 69 75 55 65 62 76 108 79 81 89 68 75 79 91 70 75 83 61 68 80 74 62 65 68 44 59 97 169 161 139 133 143 116 75 69 52 29 27 31 38 49 33 32 58 38 43 43 41 38 27 37 37 42 26 28 25 34 36 32 40 19 19 28 24 19 26 31 30 27 35 37 48 40 40 45 60 54 43 39 34 41 45 53 68 86
67 72 62 64 41 58 97 114 100 102 127 126 112 107 105 81 103 120 153 153 188 162 157 80 58 52 56 58 63 72 67 66 48 44 41 61 73 61 57 56 65 58 84 74 70 57 74 68 76 74 66 86 89 55 69 85 71 82 89 69 70 82 86 78 69 70 72 41 48 72 130 182 127 120 155 128 67 76 56 31 30 24 34 63 34 29 49 47 46 50 33 37 46 32 34 29 49 43 36 53 22 40 46 27 22 31 36 39 27 31 35 36 28 38 51 44 46 37 42 49 49 44 46 45 52 66 77 97
71 75 61 60 47 88 91 92 104 133 146 134 91 53 114 101 73 128 158 134 158 124 142 157 85 60 58 61 58 55 62 63 52 42 53 74 79 68 67 56 79 82 101 84 93 56 89 90 69 67 53 66 56 66 69 74 71 69 103 73 74 65 86 80 70 63 67 45 53 78 89 141 155 106 146 145 76 92 69 32 27 21 35 49 51 27 49 39 36 45 58 28 31 40 37 38 34 50 50 47 31 40 41 34 29 39 36 39 42 41 46 39 36 25 51 42 34 44 56 44 57 56 61 53 49 61 69 100
70 75 67 57 50 72 69 62 83 80 55 41 51 92 107 80 91 131 137 161 135 193 164 180 145 82 55 50 68 60 70 57 56 57 61 78 68 52 73 79 90 100 88 76 81 68 85 87 91 74 64 54 58 62 95 87 84 54 94 101 69 86 135 102 73 70 59 50 66 94 103 108 153 106 111 130 97 82 84 42 27 29 40 35 36 33 44 47 40 68 52 47 17 27 37 42 29 38 39 42 30 41 34 37 35 42 44 41 65 46 46 47 44 29 49 55 54 43 57 69 45 51 52 52 47 60 54 49
62 68 65 56 41 61 40 41 28 32 66 98 105 98 82 115 155 145 167 195 132 178 189 162 147 127 74 61 89 84 66 80 66 74 66 80 61 72 74 95 102 78 50 50 69 69 63 71 82 91 69 57 60 52 75 99 78 75 91 118 105 75 111 79 79 58 58 65 70 121 116 108 126 106 102 90 95 78 81 53 41 35 32 34 39 34 46 61 45 52 38 57 46 24 45 51 44 42 35 31 32 45 47 35 35 31 45 50 60 53 54 54 58 36 65 46 55 63 38 53 61 53 44 57 72 43 80 41
74 71 75 88 29 52 83 109 97 110 108 96 102 123 124 132 148 141 155 214 222 223 224 218 206 149 99 91 85 86 56 80 79 66 70 64 70 79 82 63 73 53 41 39 43 84 62 70 66 67 71 77 69 72 71 75 69 66 66 78 102 67 48 60 87 59 52 72 94 75 107 112 120 104 89 65 97 72 80 70 69 41 38 30 36 36 41 56 47 53 28 40 51 39 37 58 54 30 29 26 20 33 41 56 44 39 49 52 57 62 41 55 59 44 52 48 53 64 45 41 59 45 45 53 59 49 60 39
66 66 72 123 69 92 118 104 100 99 88 94 93 102 126 117 134 132 127 135 129 162 180 157 156 105 69 61 74 88 62 63 68 78 80 76 80 61 58 46 44 32 25 25 22 48 55 59 52 77 63 93 52 77 62 51 48 57 72 58 75 80 59 68 91 73 71 70 109 78 94 90 111 101 104 103 91 91 66 60 96 58 43 32 34 40 42 49 53 39 36 44 43 38 32 42 50 39 26 29 42 48 27 43 60 44 41 38 55 44 49 71 51 49 45 35 49 48 37 56 49 57 32 47 43 38 50 30
72 86 65 106 95 74 93 89 77 91 98 85 81 103 88 81 68 62 66 68 62 76 82 64 111 129 42 35 48 67 67 68 60 72 75 61 68 36 30 24 17 19 14 15 14 17 25 30 46 50 59 64 57 43 61 51 51 49 64 62 67 55 82 80 98 105 97 90 98 102 97 99 85 100 120 143 94 110 105 47 65 78 73 35 37 41 35 45 61 47 72 65 47 55 60 42 39 36 46 21 23 27 40 38 52 47 44 42 48 41 62 69 50 40 55 38 34 43 36 59 55 60 27 36 40 55 46 27
63 68 66 68 71 63 76 75 73 82 89 83 70 62 50 40 42 43 42 39 48 58 62 64 86 56 53 48 59 64 77 79 64 63 73 51 60 38 17 16 13 12 12 11 12 13 15 13 35 44 34 49 60 40 53 59 47 61 43 67 64 67 64 70 86 97 87 89 103 105 86 77 61 61 139 159 85 113 132 77 56 62 70 46 38 45 40 46 69 47 37 61 33 43 44 34 37 42 49 42 41 46 40 35 42 43 42 48 37 45 58 71 48 21 42 48 31 32 45 50 52 47 47 41 42 48 46 23
74 73 63 72 46 35 45 51 41 35 33 33 38 44 52 58 67 63 67 61 75 57 55 54 41 47 69 64 76 70 56 68 71 44 57 61 55 51 26 36 16 12 10 11 12 14 16 14 22 30 26 46 64 54 54 43 49 66 60 68 75 84 64 67 70 105 85 95 97 106 64 61 47 49 149 130 87 95 129 101 68 64 61 41 64 53 31 40 61 40 37 49 34 34 43 31 51 58 36 40 55 47 43 32 38 46 30 43 49 39 34 67 48 28 28 47 43 27 36 47 56 51 32 36 59 33 26 24
78 78 65 69 52 46 25 38 45 54 65 74 78 80 72 74 66 57 62 59 58 50 64 69 60 55 70 79 63 98 51 64 75 52 54 73 74 77 53 57 59 30 29 13 11 13 17 19 23 29 19 30 37 60 40 44 35 69 51 71 72 78 73 73 55 122 119 89 101 91 84 47 55 92 163 97 92 88 135 80 68 63 62 54 64 62 42 54 68 44 44 44 57 44 48 37 39 75 50 45 45 58 29 37 36 39 29 56 39 36 52 59 58 31 18 37 40 23 28 38 37 41 30 33 36 24 27 15
64 67 67 71 54 52 44 32 40 40 43 46 49 42 43 43 51 58 50 56 61 64 65 78 68 41 45 63 76 87 60 65 73 69 56 73 97 81 105 86 109 69 67 41 16 16 19 36 31 30 15 18 31 47 23 30 29 54 66 31 58 71 79 76 45 114 142 99 117 104 100 56 65 116 164 112 94 94 122 85 70 66 63 73 46 66 62 40 63 60 37 42 35 45 56 35 27 59 45 31 32 26 33 35 46 35 21 50 37 35 46 52 55 35 23 30 29 20 25 36 30 25 40 48 23 30 16 12
70 78 67 68 49 43 47 42 24 21 23 27 26 33 42 42 46 49 44 54 59 61 70 96 97 42 35 66 102 82 66 67 78 67 69 66 89 83 122 107 109 110 80 61 29 18 25 36 41 23 20 17 17 30 23 34 25 31 26 31 33 49 41 81 67 92 109 116 124 113 107 71 59 110 142 121 110 95 106 119 59 70 59 70 61 72 52 53 57 64 37 44 49 51 49 43 26 46 57 35 35 33 38 35 37 38 29 38 40 33 30 36 41 34 21 24 25 22 35 34 36 30 37 20 22 18 12 12
62 81 72 64 50 40 32 46 44 29 20 16 22 26 29 36 58 46 56 47 62 48 52 49 105 37 36 86 101 99 75 62 74 74 81 89 85 100 117 134 114 119 70 56 38 27 28 34 36 20 15 17 15 19 24 30 26 32 15 14 30 20 17 42 94 98 108 95 111 111 126 78 75 108 103 136 93 96 93 127 71 63 76 70 69 64 39 67 84 58 43 42 53 46 37 53 45 43 53 42 43 36 38 37 49 38 27 42 55 33 36 20 25 41 22 23 20 24 41 36 38 37 24 14 12 16 12 12
58 66 67 63 51 32 36 41 38 40 34 17 13 23 25 28 56 42 39 29 30 21 21 33 66 43 38 95 112 106 90 83 69 74 111 102 93 111 107 119 121 131 79 54 45 35 27 32 30 23 14 18 15 13 17 20 11 11 32 16 17 28 23 28 77 104 113 103 134 151 114 112 97 91 88 117 86 90 93 131 80 68 82 80 58 68 40 66 80 71 42 39 51 35 42 54 53 40 77 54 52 49 23 31 40 45 26 27 56 35 46 34 21 31 29 20 21 21 24 30 26 24 19 13 13 13 12 12
70 75 72 60 45 34 47 51 37 23 31 42 41 34 31 33 34 47 31 8 11 14 12 12 28 44 50 113 126 117 114 98 78 72 122 125 103 123 118 125 112 130 109 70 47 36 27 28 33 35 17 13 16 12 13 15 16 12 13 12 23 51 30 46 89 90 118 112 160 152 120 114 123 81 90 97 108 62 83 119 98 86 97 82 52 72 41 68 59 69 47 34 42 34 45 56 46 32 60 75 46 54 32 26 40 37 34 40 60 41 28 36 27 20 23 26 27 22 18 24 15 12 13 18 14 13 15 14
78 81 68 67 39 14 11 10 10 8 23 46 54 58 56 53 53 60 33 13 15 20 27 16 20 47 82 118 125 131 118 99 81 102 126 125 109 123 120 104 104 133 103 66 41 38 31 30 39 48 29 19 13 11 16 13 11 13 12 10 45 73 53 104 134 107 148 101 165 112 125 120 108 78 78 105 106 77 95 109 93 81 85 79 60 69 61 86 74 56 47 37 44 35 48 52 50 33 51 84 46 41 47 29 58 49 40 49 48 46 34 18 23 24 20 42 36 25 22 25 18 15 21 21 14 17 14 17
74 77 65 31 10 10 11 11 11 10 22 42 49 60 56 51 52 41 23 17 17 30 24 18 28 48 87 123 123 124 114 132 95 127 107 105 103 121 107 91 93 126 102 84 43 58 44 38 40 63 38 30 19 13 14 15 11 11 15 28 55 72 108 125 157 135 140 123 163 116 95 127 108 86 74 95 82 101 104 108 82 76 72 72 56 49 80 76 67 66 56 53 54 41 55 46 46 33 60 59 49 46 36 46 87 65 42 42 57 35 34 20 23 24 31 41 25 33 29 24 20 21 17 19 28 16 21 28
79 78 50 8 11 11 11 11 11 9 26 54 41 50 59 56 42 18 14 16 18 25 19 24 45 64 88 111 116 105 113 135 113 113 87 89 93 100 79 78 88 108 94 87 57 51 54 47 57 66 44 38 19 13 14 17 11 10 21 40 54 89 79 106 102 127 130 120 143 147 97 127 117 93 77 81 66 87 108 107 73 79 93 69 63 40 76 49 53 79 73 79 64 60 52 56 56 37 55 62 47 53 35 59 75 83 39 40 42 38 38 25 42 33 57 44 39 36 35 38 26 21 19 28 28 35 40 34
82 77 23 9 11 11 11 11 11 9 31 65 49 50 61 56 21 8 12 17 23 24 20 29 68 61 67 93 87 81 104 108 110 72 75 78 82 82 66 82 74 100 102 82 94 62 54 81 68 70 57 45 21 15 14 19 11 11 25 39 63 80 84 75 63 93 109 104 113 104 94 109 106 86 79 92 66 80 84 88 71 79 88 65 75 49 71 56 65 74 71 79 70 54 40 60 66 49 51 65 57 52 50 45 50 86 41 45 43 34 30 44 44 45 52 34 52 39 47 46 30 21 27 37 46 48 41 53
82 78 17 10 11 11 11 11 11 9 28 57 50 50 54 37 26 24 14 16 19 25 28 44 48 42 67 69 60 63 80 104 102 57 71 61 72 68 66 75 72 113 102 75 107 69 64 103 66 70 72 51 17 16 12 20 15 15 28 50 60 71 74 62 56 63 109 101 93 114 83 74 121 110 87 94 65 74 72 64 63 77 71 57 65 43 65 85 81 67 67 66 65 59 51 83 69 55 68 67 68 62 47 50 66 91 46 67 59 59 48 62 48 71 56 55 65 65 66 41 27 43 67 55 58 48 60 55
80 75 18 10 11 11 11 11 11 9 22 57 46 53 51 38 66 77 27 15 35 26 35 25 20 34 50 35 51 54 75 81 81 64 59 67 63 59 82 63 79 119 87 85 107 79 78 101 71 70 51 30 15 15 13 21 21 22 37 37 54 48 70 69 63 67 83 97 77 76 71 48 108 115 75 105 67 94 60 66 76 76 66 54 62 37 60 79 89 60 78 63 81 80 67 84 67 54 84 57 64 50 53 52 54 83 53 72 57 68 52 61 49 60 70 55 75 75 72 48 38 70 75 59 57 67 66 67
73 67 13 11 11 11 11 11 11 10 18 47 46 57 60 53 66 78 52 12 45 26 21 24 13 19 37 30 43 47 46 66 74 66 59 70 57 57 71 56 73 95 87 86 107 91 70 87 67 63 42 26 22 16 15 19 19 24 56 51 53 44 49 45 44 74 76 95 73 62 78 54 98 113 54 89 69 89 42 52 83 86 41 52 44 55 74 57 74 59 74 66 79 71 54 82 64 47 60 51 47 65 67 49 57 72 72 77 67 66 55 51 72 77 71 74 95 94 53 58 79 71 58 62 98 78 56 66
68 40 10 11 11 11 11 11 11 11 14 36 45 58 62 64 67 83 72 28 30 24 15 13 11 25 25 22 35 36 38 67 79 53 51 53 49 59 59 54 64 90 67 81 124 99 66 68 67 51 54 30 19 21 19 20 13 33 58 36 33 40 25 54 26 56 44 76 54 47 68 63 77 95 39 62 70 75 33 45 81 77 55 57 67 47 63 59 74 66 75 58 65 60 62 88 72 57 61 51 52 73 67 54 61 75 59 74 65 61 58 72 75 87 76 119 86 60 49 77 80 61 80 84 92 68 63 61
74 34 8 11 12 11 11 11 11 11 13 39 42 52 64 64 72 92 90 46 15 21 10 11 12 28 18 25 37 23 34 68 56 44 42 40 50 52 53 65 68 59 58 108 95 96 64 43 58 53 44 28 19 25 19 28 15 43 48 31 30 20 22 51 30 50 64 69 30 43 45 75 77 86 42 50 71 92 37 37 84 69 53 52 51 43 55 58 65 73 74 47 73 58 60 75 60 64 66 64 57 74 62 61 68 72 57 64 45 50 69 69 69 86 96 95 63 67 66 90 72 62 74 96 73 64 73 56
87 36 8 11 12 11 11 11 11 10 12 38 46 42 53 52 79 109 98 61 23 15 13 13 17 29 22 32 15 25 47 53 46 36 35 55 52 42 57 55 51 91 116 71 79 86 47 39 59 47 33 35 35 26 28 48 36 53 49 31 26 33 69 69 42 29 52 88 21 27 28 69 70 60 45 43 67 78 53 36 69 70 34 79 53 41 44 50 69 64 57 48 66 57 65 76 68 60 69 63 72 71 71 73 59 64 65 48 50 56 54 92 91 89 86 73 65 64 59 93 70 73 71 66 72 89 71 47
83 74 28 10 12 11 11 11 11 11 11 28 22 26 46 57 79 89 111 76 43 12 14 13 16 17 20 21 16 27 24 40 46 36 46 53 40 36 48 45 119 183 109 39 77 62 31 49 61 47 30 33 33 30 35 58 66 82 60 49 49 79 71 64 29 21 39 47 13 17 19 49 56 37 35 42 71 65 47 40 75 60 47 85 62 35 40 56 57 44 50 61 76 65 76 68 64 63 80 57 60 58 87 57 54 56 59 49 62 60 63 77 80 86 61 65 61 52 49 66 63 65 48 73 78 63 50 38
73 79 64 24 11 11 11 11 11 11 11 12 8 32 52 75 91 80 100 82 36 11 12 11 11 10 14 14 19 14 23 50 48 56 82 79 24 39 46 84 165 123 50 54 66 41 53 47 59 48 30 42 37 31 47 66 84 95 73 63 61 68 58 53 29 25 23 34 12 13 11 26 48 35 33 38 65 58 37 40 61 47 44 74 69 37 37 43 35 39 47 51 72 61 52 81 62 59 79 51 71 70 93 50 52 55 63 58 64 66 81 83 68 88 73 51 62 55 40 54 78 61 61 69 60 52 31 38
71 71 69 56 37 10 11 11 11 11 11 10 13 51 62 77 93 81 90 87 31 18 12 10 13 11 13 15 18 12 27 57 84 102 139 75 28 40 42 77 119 51 40 67 41 41 59 44 72 45 38 46 42 27 55 77 97 96 75 67 64 65 66 58 39 35 36 44 16 14 13 13 28 35 35 47 42 62 61 39 53 31 46 59 50 37 25 37 26 39 65 55 62 53 56 74 58 67 66 54 58 62 87 56 53 49 57 52 61 55 78 80 76 75 70 58 59 51 62 61 56 72 66 78 57 42 35 55
67 72 73 65 81 31 8 11 11 11 11 11 12 39 56 76 80 80 70 68 32 13 11 11 12 12 15 16 21 16 32 76 107 126 160 60 32 35 42 63 30 22 40 53 29 45 47 48 64 26 49 51 37 31 58 87 117 102 79 68 65 67 67 64 52 52 77 55 31 24 12 11 16 21 25 42 40 45 60 34 29 41 50 71 45 41 30 33 39 33 72 62 55 43 57 74 54 52 57 52 54 59 52 58 59 54 60 64 68 55 64 72 56 56 50 56 49 60 59 55 78 72 77 82 43 48 64 55
71 71 84 65 94 61 15 10 11 11 11 11 16 30 57 69 65 80 58 63 23 10 12 11 12 12 12 14 15 14 22 44 84 88 110 47 27 31 52 37 22 25 43 34 34 47 34 42 47 25 43 48 36 34 70 95 119 103 79 64 65 70 75 77 70 87 104 63 36 25 17 15 10 14 21 43 44 34 43 32 45 48 55 54 39 26 35 37 30 39 59 63 35 34 71 57 35 72 55 46 43 57 57 47 56 91 69 66 49 38 28 51 69 68 57 42 42 69 51 57 84 61 67 68 29 79 85 48
74 74 73 68 89 64 36 16 10 11 11 11 10 22 60 51 49 74 63 47 13 13 11 11 12 12 11 16 12 16 27 29 37 31 58 45 27 26 25 21 30 29 32 26 37 46 41 40 46 25 41 47 34 46 77 101 90 89 70 63 64 75 102 99 98 120 101 83 40 35 28 23 10 17 23 41 54 49 37 24 36 41 53 50 37 14 29 37 28 34 48 42 34 49 63 35 47 70 38 41 41 72 50 48 75 61 69 61 37 36 36 48 78 65 47 36 50 43 51 76 64 61 62 46 42 79 78 66
74 68 78 73 87 65 42 37 18 9 11 11 10 19 52 48 53 66 75 32 17 13 11 11 12 11 12 21 12 18 30 17 26 23 39 41 32 21 16 27 32 25 23 24 45 53 38 44 49 39 45 39 42 54 77 95 80 79 68 64 65 79 119 120 120 120 108 90 59 45 42 35 15 13 12 15 40 42 47 27 37 39 39 39 29 36 42 34 35 26 50 30 46 49 45 38 60 55 30 51 62 48 61 76 66 58 53 47 40 50 52 85 53 56 37 41 44 59 63 81 54 73 70 49 56 74 69 52
75 72 82 79 99 78 40 40 38 14 9 11 10 16 48 46 64 64 62 32 17 13 13 11 14 11 13 13 14 26 21 14 18 18 18 28 32 13 16 22 23 21 16 33 66 44 24 52 39 54 51 39 38 48 59 79 76 76 66 62 69 82 119 119 123 106 107 94 76 55 53 37 26 15 16 9 19 35 39 29 35 22 23 37 38 26 34 29 39 27 43 30 47 46 35 39 59 29 41 52 50 91 85 64 61 54 43 52 36 58 71 74 41 48 34 41 52 60 89 72 47 71 69 57 55 63 74 53
80 86 110 93 105 84 43 39 42 44 20 10 9 25 63 46 58 70 37 24 18 14 18 10 11 11 11 11 12 27 16 11 12 13 14 23 31 13 11 24 22 14 15 39 63 22 26 62 44 53 42 38 32 27 40 46 70 77 71 69 69 86 121 118 129 100 91 103 81 77 64 35 27 27 18 13 13 28 39 37 36 24 21 29 45 17 29 21 27 35 32 35 33 32 32 50 39 31 52 56 73 77 73 59 63 51 50 33 55 64 76 49 54 56 33 54 74 74 82 59 49 88 79 64 48 71 68 61
79 79 80 73 106 88 45 40 39 45 46 26 8 25 61 55 62 70 32 19 14 13 13 11 11 11 12 13 13 16 15 11 12 15 14 20 34 12 10 23 14 13 14 35 32 21 39 64 42 50 31 46 20 16 24 19 51 71 76 78 66 90 115 113 140 112 96 115 100 86 65 48 38 44 27 20 16 14 23 32 21 25 24 25 19 13 18 17 23 24 25 42 26 25 50 43 35 41 44 59 57 73 75 65 67 47 43 53 76 58 68 52 52 82 53 67 66 84 81 59 57 100 81 64 57 56 51 46
78 85 85 73 105 94 46 42 45 42 45 34 9 15 34 49 57 55 31 16 13 13 12 11 11 11 12 11 13 14 22 10 12 13 12 14 34 11 12 16 12 12 13 19 21 27 35 56 33 40 25 32 14 11 11 10 27 52 82 79 73 93 103 110 128 120 120 102 123 97 73 63 53 52 51 26 25 22 18 24 17 23 20 14 10 13 14 16 17 21 30 45 27 39 50 34 33 50 56 53 58 76 75 63 43 46 62 58 76 66 59 48 62 72 62 67 67 66 69 72 51 86 69 80 54 66 54 42
78 82 87 83 111 98 47 38 44 44 51 31 9 8 37 43 51 58 28 18 14 14 12 12 11 11 11 12 12 12 15 11 11 18 10 12 24 11 13 11 12 10 20 18 16 16 28 23 24 28 12 12 11 11 11 11 10 37 74 73 64 75 84 93 110 130 124 105 117 123 85 71 60 65 69 31 31 37 27 21 24 31 18 10 12 13 13 11 24 29 26 24 39 64 30 22 34 47 59 49 60 73 77 67 40 80 73 60 74 54 51 56 90 69 53 65 83 79 62 63 57 74 52 58 53 46 61 51
78 76 94 85 116 127 47 43 47 42 49 30 9 9 31 37 48 62 31 17 14 13 12 12 11 11 11 11 12 11 13 12 10 18 17 13 17 13 11 11 11 11 15 12 12 15 16 12 21 17 10 11 11 11 11 11 9 26 32 26 23 41 44 61 82 113 108 109 94 106 119 83 68 79 62 40 39 49 42 26 28 27 19 11 11 12 13 11 22 19 22 22 49 42 24 34 33 47 46 48 66 71 75 53 60 92 81 80 79 66 63 66 89 57 56 64 81 63 59 52 60 74 39 50 49 44 45 50
75 67 82 77 94 117 51 44 47 43 51 32 9 11 13 12 37 60 47 26 13 11 11 12 11 11 11 11 11 11 13 13 13 20 13 20 13 15 11 12 12 11 11 11 10 23 18 10 22 15 10 11 11 11 11 11 10 23 10 10 9 12 11 30 59 83 85 95 75 92 91 99 89 101 72 49 45 61 54 47 28 26 16 11 12 14 10 17 19 20 28 30 36 32 36 41 36 59 56 52 63 54 88 56 75 80 82 82 72 68 67 91 73 52 55 51 80 62 60 60 61 81 45 56 53 40 58 54
73 80 73 68 94 114 55 45 56 47 46 19 10 11 12 10 18 42 29 10 9 11 11 12 11 11 11 14 18 12 11 13 10 19 14 12 12 14 12 11 11 11 11 11 11 14 14 12 17 13 11 11 11 11 11 11 11 10 10 11 11 11 10 12 36 64 59 62 65 73 57 64 86 114 91 58 55 78 73 47 25 34 23 15 13 24 10 15 29 22 38 45 29 27 51 29 47 58 52 62 54 59 79 83 87 82 89 84 75 66 72 79 70 45 52 47 63 66 72 56 61 80 57 47 46 43 41 43
71 87 78 75 94 130 60 43 51 51 38 11 11 12 12 10 13 22 16 9 26 15 12 11 11 11 11 11 17 14 11 15 19 11 21 12 11 16 16 11 13 11 11 11 11 20 11 17 18 11 11 11 11 11 11 11 11 11 11 11 11 11 11 9 27 59 47 42 40 52 49 34 51 84 84 58 64 90 111 59 40 25 34 28 10 21 15 18 19 14 40 30 19 28 33 36 57 52 56 48 45 57 83 95 85 99 84 70 77 71 75 87 59 47 44 43 67 57 67 73 59 76 51 48 63 45 34 49
80 84 78 69 83 131 59 46 45 53 33 10 11 11 11 11 11 12 14 19 25 11 11 11 11 12 12 10 13 21 12 11 23 13 16 15 12 12 13 13 26 14 11 13 14 13 9 26 20 10 11 11 11 11 11 11 11 11 11 11 11 11 11 9 33 45 49 22 25 21 35 29 21 44 51 50 79 108 139 84 48 21 36 36 16 12 13 12 12 22 28 22 22 34 35 39 50 68 47 51 51 52 93 107 100 92 78 76 79 71 78 91 70 53 54 38 50 57 57 70 50 65 55 59 67 53 57 62
79 81 68 71 75 117 60 45 42 42 28 10 11 11 11 12 13 11 18 21 11 11 11 11 11 11 11 12 13 14 14 11 13 21 13 18 14 11 13 12 19 14 12 11 11 11 12 27 11 11 11 11 11 11 11 11 11 11 11 11 11 11 11 8 35 27 62 25 13 11 11 16 13 26 34 48 90 131 143 112 59 31 39 50 26 20 13 12 13 23 23 17 40 33 37 31 63 39 46 49 48 39 82 104 85 82 78 78 78 70 67 71 74 74 82 41 39 68 44 61 62 64 72 63 67 55 68 69
72 75 73 70 66 130 64 46 44 39 25 11 11 11 10 14 13 12 11 10 11 11 11 11 11 11 10 11 12 12 19 12 13 14 19 11 15 14 12 11 12 11 13 11 12 11 12 12 11 11 11 11 11 11 11 11 11 11 11 11 11 11 11 14 41 35 48 27 10 12 11 12 13 18 29 44 86 140 156 152 90 51 33 62 51 31 13 10 19 15 17 22 30 30 31 39 76 38 41 59 58 44 69 94 71 81 78 79 87 62 63 61 50 64 76 75 53 57 55 58 63 55 54 68 59 40 53 77
68 68 80 77 62 134 75 43 40 40 31 11 11 11 20 16 13 13 12 12 12 10 14 16 16 11 11 12 10 24 24 16 12 11 12 12 11 16 14 11 13 12 11 11 11 11 12 12 11 11 11 11 11 11 11 11 11 11 11 11 11 11 17 45 53 58 47 43 37 39 39 37 42 51 41 37 85 142 166 165 128 73 40 66 66 30 13 11 14 21 19 19 40 41 22 36 62 38 34 52 54 65 71 90 54 66 74 90 78 58 54 64 67 83 68 83 63 63 64 50 62 56 52 58 58 39 36 64
84 76 82 74 60 132 74 43 41 41 30 10 10 17 20 14 20 22 11 12 11 9 34 26 19 11 12 11 11 14 13 19 17 11 11 11 12 13 18 17 12 12 13 11 11 11 11 11 11 11 11 11 11 11 11 11 11 11 11 11 11 10 20 51 48 60 59 58 58 64 70 72 84 100 77 40 79 141 167 168 145 106 62 74 75 46 13 14 17 24 16 25 36 26 15 38 49 40 33 41 50 59 72 68 49 66 72 82 66 59 66 53 62 91 77 62 49 60 68 56 54 70 46 56 73 42 32 43
80 73 67 65 58 112 72 48 44 44 28 12 15 20 13 18 18 16 11 12 9 33 70 25 12 12 11 11 11 11 10 12 17 13 12 11 11 13 12 19 16 13 14 13 10 11 11 12 11 11 11 11 11 11 11 11 11 11 11 11 11 10 21 33 46 55 55 55 52 54 62 65 84 108 94 49 75 136 163 166 149 134 93 95 96 67 20 14 18 22 19 26 20 19 17 48 41 43 40 37 51 59 63 57 41 64 79 74 74 46 66 50 65 83 77 67 57 61 64 59 47 76 44 56 77 46 43 37
70 79 73 62 68 106 72 46 44 44 32 23 27 15 15 13 27 13 12 12 34 85 80 26 20 13 12 12 11 11 12 11 11 11 12 12 11 13 14 10 11 14 11 24 11 11 11 12 11 11 11 11 11 11 11 11 11 11 11 11 11 11 13 15 27 30 29 31 31 35 37 40 54 80 83 59 83 138 167 166 159 150 125 126 117 91 33 19 23 29 16 15 19 10 33 59 33 29 34 30 37 61 62 55 52 58 72 62 74 43 79 63 74 79 72 71 77 46 53 56 50 73 44 56 80 48 39 38
78 82 76 75 66 99 76 48 43 41 40 42 17 16 16 20 18 16 13 30 80 126 63 27 16 13 15 11 11 11 13 12 12 11 11 11 11 10 15 12 10 12 14 17 17 10 11 11 11 11 11 11 11 11 11 11 11 11 11 11 11 11 11 11 11 11 11 11 12 14 16 19 28 46 58 58 93 148 175 174 173 167 157 143 148 108 52 28 36 30 17 13 13 12 47 48 21 27 35 26 28 46 65 45 63 48 51 56 66 61 71 61 67 73 69 92 70 45 43 48 63 72 48 49 71 46 39 44
84 89 72 71 61 88 79 50 44 55 60 31 22 20 30 23 27 23 45 81 96 106 50 25 26 13 12 12 14 22 19 13 11 11 11 11 11 11 13 12 11 11 11 11 15 11 11 11 11 11 11 11 11 11 11 11 11 11 11 11 11 11 11 11 11 11 11 11 11 11 10 12 16 28 39 48 97 155 182 184 183 179 180 158 160 142 70 32 56 37 29 18 13 11 47 47 23 20 30 27 31 33 55 38 52 63 60 66 67 63 66 75 64 78 74 109 66 46 43 45 62 66 60 50 60 66 49 41
76 85 71 68 61 90 79 51 57 63 42 43 38 37 40 33 35 49 72 81 102 71 31 41 22 11 14 13 26 30 22 14 11 11 11 11 11 11 11 11 11 11 11 11 11 12 11 11 11 11 11 11 11 11 11 11 11 11 11 11 11 11 11 11 11 11 11 11 11 11 11 11 13 19 28 37 87 150 180 184 187 187 186 174 176 156 87 43 81 61 42 23 13 18 37 50 30 27 41 32 23 34 60 51 42 69 61 46 75 78 56 71 64 64 80 78 70 38 54 48 63 53 53 52 49 54 45 38
77 81 83 70 66 92 81 54 53 49 57 57 62 65 46 47 41 58 79 104 89 51 58 31 17 12 14 21 24 20 18 14 11 13 11 11 11 11 11 11 11 11 11 11 11 11 11 11 11 11 11 11 11 11 11 11 11 11 11 11 11 11 11 11 11 11 11 11 11 11 11 11 12 15 23 30 77 144 176 181 182 183 180 177 172 152 108 68 101 72 64 29 17 21 21 41 23 29 55 27 21 30 60 53 31 56 59 52 69 67 44 48 63 68 70 61 53 36 45 75 57 49 54 54 40 46 40 49
74 95 84 85 69 81 76 56 52 48 57 68 69 46 41 43 48 56 96 82 71 59 51 24 15 18 25 23 11 12 19 10 14 16 10 11 11 11 11 11 11 11 11 11 11 11 11 11 11 11 11 11 11 11 11 11 11 11 11 11 11 11 11 11 11 11 11 11 11 11 11 11 12 14 20 28 73 139 171 174 174 171 166 169 167 152 120 86 116 93 76 43 20 15 18 34 32 40 53 19 17 26 43 62 67 57 46 48 57 55 62 69 50 68 64 58 51 36 30 55 60 41 46 57 52 41 39 50
81 84 82 80 71 81 76 46 51 46 55 63 43 22 25 28 39 71 75 60 62 48 38 26 17 26 20 11 11 11 12 10 16 13 11 11 11 11 11 11 11 11 11 11 11 11 11 11 11 11 11 11 11 11 11 11 11 11 11 11 11 11 11 11 11 11 11 11 11 11 11 11 12 13 18 26 68 131 162 165 168 168 164 166 163 156 117 109 119 107 93 65 31 18 14 25 39 29 42 27 18 27 44 59 64 55 47 35 55 53 51 62 69 82 64 43 39 47 33 43 48 40 42 49 51 47 43 55
89 93 89 73 66 84 86 48 40 48 49 49 41 13 11 17 35 60 53 50 44 44 31 25 14 18 14 11 11 11 11 11 11 11 11 11 11 11 11 11 11 11 11 11 11 11 11 11 11 11 11 11 11 11 11 11 11 12 15 16 15 14 13 11 11 11 11 11 11 11 11 11 11 14 17 24 69 131 159 162 164 164 166 163 163 149 121 125 137 110 118 68 44 26 15 19 35 40 39 17 23 19 42 63 60 54 36 34 46 58 43 50 58 82 55 42 21 41 37 44 48 56 55 58 45 38 41 48
81 93 84 79 62 75 77 46 35 41 42 44 35 9 15 25 42 45 48 37 38 29 16 11 12 11 12 11 11 11 11 11 11 11 11 11 11 11 11 11 11 11 11 11 11 11 11 11 11 11 11 11 11 11 11 12 13 15 16 18 18 18 17 15 13 12 12 12 13 13 13 12 12 13 16 23 71 136 164 161 158 156 159 160 158 150 134 142 144 125 117 63 61 37 14 17 23 43 26 13 17 22 66 61 64 60 39 42 47 54 46 50 48 66 57 39 23 34 38 53 44 57 49 51 39 35 34 53
88 84 83 88 64 68 75 47 43 46 60 54 36 10 14 14 25 46 32 32 24 11 10 11 11 11 11 11 11 11 11 11 11 11 11 11 11 11 11 11 11 11 11 11 11 11 11 11 11 11 11 11 11 13 13 13 14 14 14 16 16 16 14 13 12 12 13 12 13 14 12 11 13 13 15 23 74 140 168 167 163 160 159 157 163 153 147 152 146 143 112 72 91 46 21 11 23 30 20 14 11 22 51 50 88 77 47 33 36 34 41 37 51 61 45 28 29 36 43 59 55 49 57 46 69 48 35 44
96 84 92 105 68 71 80 50 48 43 70 60 36 9 10 16 20 22 14 15 10 11 11 11 11 11 11 11 11 11 11 11 11 11 11 11 11 11 11 11 11 11 11 11 11 11 11 11 11 12 13 13 13 12 12 12 12 12 12 15 15 16 13 12 12 12 12 11 11 11 11 11 11 12 13 20 69 126 156 157 155 155 150 156 157 151 157 159 148 152 109 96 100 55 35 17 19 25 16 14 12 22 36 53 93 69 43 30 31 26 41 42 77 48 38 47 59 41 42 53 69 50 66 47 68 59 37 40
81 81 90 96 83 75 84 50 49 53 56 60 31 10 11 15 11 10 11 11 11 11 11 11 11 11 11 11 11 11 11 11 11 11 11 11 11 11 11 11 11 11 11 11 11 11 11 11 12 16 19 18 14 12 11 12 12 12 12 12 12 12 11 11 11 11 11 11 11 11 11 11 11 11 12 14 38 76 96 100 104 110 114 123 121 130 137 138 146 129 103 115 98 65 42 17 14 23 11 11 16 33 26 72 95 58 37 28 43 36 34 42 68 32 29 38 48 42 40 45 58 55 64 55 56 63 43 35
86 83 73 97 96 92 101 61 61 49 42 32 13 11 11 11 11 11 11 11 11 11 11 11 11 11 11 11 11 11 11 11 11 11 11 11 11 11 11 11 11 11 11 11 11 11 11 11 11 12 14 14 12 11 11 11 11 11 11 11 11 11 11 11 11 11 11 11 11 11 11 11 11 11 11 11 17 33 43 48 55 64 73 77 78 89 95 104 113 87 83 86 63 53 47 15 12 15 12 11 18 16 22 65 81 39 40 27 32 54 38 43 56 45 33 26 50 41 57 52 56 52 50 45 58 57 40 33
78 84 88 85 85 98 94 57 51 35 19 11 10 11 11 11 11 11 11 11 11 11 11 11 11 11 11 11 11 11 11 11 11 11 11 11 11 11 10 10 11 11 11 11 11 11 11 11 11 11 11 11 11 11 11 11 11 11 11 11 11 11 11 11 11 11 11 11 11 11 11 11 11 11 11 10 12 23 30 31 32 34 37 40 45 51 58 63 63 46 44 34 28 28 28 12 11 11 11 12 17 13 24 73 51 35 27 40 21 40 65 57 34 69 39 19 63 47 54 50 60 43 60 41 52 50 44 44
104 97 91 95 80 89 85 53 40 18 9 11 11 11 11 11 11 11 11 11 11 11 11 11 11 11 11 11 11 11 11 11 11 11 11 11 11 11 16 16 11 11 11 11 11 11 11 11 11 11 11 11 11 11 11 11 11 11 11 11 11 11 11 11 11 11 11 11 11 11 11 11 11 11 11 11 13 20 26 27 28 26 31 33 33 34 35 32 28 28 24 14 12 11 10 11 15 17 11 12 17 8 43 48 37 32 25 49 16 14 45 43 23 39 49 28 35 52 58 51 58 55 71 52 43 45 48 60
79 91 102 117 79 73 89 47 29 17 11 11 11 11 11 11 11 11 11 11 11 11 11 11 11 11 11 11 11 11 11 11 11 11 15 17 13 18 37 41 35 27 21 15 13 12 12 12 12 11 11 11 11 11 11 11 11 11 11 11 11 11 11 11 11 11 11 11 11 11 11 11 11 11 11 11 14 16 16 17 19 20 28 30 41 33 30 28 30 30 19 14 11 11 11 11 16 14 11 11 12 14 31 17 39 23 28 12 15 13 21 25 22 30 37 17 28 54 66 61 72 32 52 51 40 58 55 51
85 91 86 76 83 78 87 45 28 14 11 11 11 11 11 11 11 11 11 11 11 11 11 11 11 11 11 11 11 11 11 11 12 15 24 29 26 28 51 78 86 67 40 23 15 12 11 11 10 10 10 11 11 11 11 11 11 11 11 11 11 11 11 11 11 11 11 11 11 11 11 11 11 11 11 11 12 13 13 13 13 16 15 28 27 20 18 18 23 20 14 12 11 11 11 11 11 14 11 11 12 16 19 17 22 13 19 10 11 12 15 22 32 21 25 24 31 36 75 64 41 37 49 46 38 49 56 37
93 87 79 76 77 64 86 55 17 11 11 11 11 11 11 11 11 11 11 11 11 11 11 11 11 11 11 11 11 12 13 15 19 26 33 37 34 34 56 88 94 61 27 16 13 13 12 12 17 23 19 11 11 11 11 11 11 11 11 11 11 11 11 11 11 11 11 11 11 11 11 11 11 11 11 11 11 11 11 11 11 12 12 21 15 17 15 15 14 14 12 11 11 11 11 11 10 13 11 12 12 13 14 20 24 14 12 10 11 11 15 13 23 37 18 25 37 38 47 58 45 44 61 55 33 24 53 36
87 98 79 78 77 69 60 38 13 11 11 11 11 11 11 11 11 11 11 11 11 11 11 11 11 11 11 12 14 19 18 18 18 21 25 27 34 36 49 81 99 85 71 68 68 67 57 49 45 45 33 13 10 11 11 11 11 11 11 11 11 11 11 11 11 11 11 11 11 11 11 11 11 11 11 11 11 11 11 11 11 11 12 14 13 12 12 12 11 13 12 11 11 11 11 11 11 13 13 14 11 9 18 21 15 11 16 20 11 11 12 12 15 40 21 30 30 33 46 44 43 52 44 62 41 42 34 58
84 90 80 86 88 77 77 44 15 10 12 12 11 11 11 11 11 11 11 11 11 11 11 11 11 12 15 20 21 18 27 29 21 18 21 24 35 46 56 86 106 104 101 102 101 97 90 81 57 47 38 17 10 11 11 11 11 11 11 11 11 11 11 11 11 11 11 11 11 11 11 11 11 11 11 11 11 11 11 11 11 11 14 13 13 12 11 11 11 11 11 11 11 11 11 11 11 12 13 13 11 12 28 14 10 12 20 17 14 16 14 12 10 36 34 37 31 32 42 31 40 42 51 39 31 34 44 54
82 86 81 97 90 72 64 41 23 21 22 23 16 10 11 13 11 11 11 11 11 11 11 11 13 16 20 31 37 28 38 39 27 36 49 42 48 60 62 81 95 101 100 92 81 66 57 58 49 45 37 17 10 11 11 11 11 11 11 11 11 11 11 11 11 11 11 11 11 11 11 11 11 11 11 11 11 11 11 11 12 11 11 12 11 11 11 12 12 11 11 11 11 11 11 11 11 12 12 11 13 32 17 17 10 12 12 10 11 10 12 10 10 24 37 46 40 27 43 31 37 32 40 47 36 33 39 48
92 82 90 89 94 84 84 54 37 35 30 31 21 14 10 11 11 11 11 11 11 11 12 14 14 14 16 33 36 49 60 41 42 70 76 67 69 80 89 95 94 95 78 65 55 51 47 50 44 39 36 24 15 11 11 11 11 11 11 11 11 12 12 12 11 11 11 11 11 11 11 11 11 11 11 11 11 11 11 12 12 12 11 12 11 13 12 13 11 11 11 11 11 11 11 11 11 11 11 12 27 18 14 28 10 11 11 11 11 27 13 16 15 27 33 54 52 37 33 31 45 50 33 40 32 26 32 38
87 112 101 80 86 80 69 51 40 35 37 42 31 14 11 11 11 12 12 11 12 12 13 13 11 10 12 38 51 74 80 54 65 77 77 81 86 92 97 91 69 58 54 56 54 54 53 58 52 41 41 40 29 15 11 11 11 11 11 11 12 13 12 12 11 11 11 11 11 11 11 11 11 11 11 11 12 11 11 12 12 12 12 12 12 12 11 11 11 12 11 11 11 11 11 11 11 11 13 21 16 11 12 20 10 13 13 11 14 13 18 17 15 28 35 67 44 54 37 20 40 43 40 47 43 35 21 28
