55 56 56 56 56 56 56 56 56 56 56 57 57 57 57 56 56 55 55 55 55 56 56 55 55 55 55 55 55 56 56 57 58 58 59 59 59 59 59 58 58 59 59 58 58 57 56 55 55 55 54 53 53 53 53 54 54 53 53 53 53 52 52 51 51 52 51 50 49 48 48 45 44 44 44 44 44 44 43 44 44 44 46 48 49 50 50 50 50 49 49 48 48 48 48 47 47 46 45 44 44 44 45 46 46 46 46 46 47 47 48 48 50 51 52 53 53 54 55 55 55 56 57 56 57 57 57 60
54 55 55 55 55 55 55 55 55 55 56 56 56 56 55 55 55 55 55 55 54 55 55 55 54 54 54 55 55 55 56 56 57 57 58 57 58 58 58 58 58 58 58 57 57 56 56 56 54 54 53 53 53 52 52 52 53 53 53 53 53 52 52 51 50 51 50 49 48 47 46 45 43 42 43 42 42 42 42 43 43 43 44 47 47 48 48 48 48 48 47 47 47 48 47 47 47 45 43 43 44 44 44 46 47 46 46 46 47 47 48 47 47 49 50 52 53 54 55 56 56 57 57 56 57 56 56 58
54 54 55 54 55 55 54 54 54 54 54 54 55 55 55 54 54 55 54 53 53 53 54 55 55 55 54 55 55 55 56 56 57 56 56 56 56 56 56 57 57 57 57 57 56 55 55 55 54 54 54 53 53 52 53 53 52 53 53 53 53 52 51 50 49 49 49 49 48 47 46 44 42 41 41 41 40 40 41 42 41 42 43 45 46 46 47 47 47 47 46 46 47 46 46 45 45 44 43 43 43 44 44 46 47 47 47 47 46 46 47 46 47 49 50 52 53 53 54 54 56 56 56 57 57 56 55 56
53 54 54 54 54 53 53 53 53 53 54 53 54 55 54 53 53 53 53 53 53 54 54 54 54 54 55 55 55 56 55 55 55 56 56 55 55 55 56 56 56 57 56 55 55 54 54 54 54 53 53 52 52 52 52 52 52 52 53 53 53 52 51 50 50 49 48 49 47 46 44 43 42 41 40 39 39 38 38 39 39 40 41 43 44 44 45 46 46 47 46 46 45 46 45 44 43 43 43 43 44 44 43 44 45 46 46 46 45 44 45 45 46 47 48 50 52 53 53 53 54 54 55 55 55 55 54 54
52 53 53 53 53 52 53 52 52 52 53 52 53 53 53 52 51 52 52 52 53 53 54 55 55 54 54 54 55 56 54 55 55 55 55 54 54 54 54 55 55 55 55 54 54 53 53 53 53 53 53 53 53 52 53 53 53 53 53 53 53 52 51 50 49 49 49 48 48 45 44 42 41 40 39 39 38 38 37 38 38 39 40 42 42 44 44 45 45 46 45 45 45 44 44 44 43 43 43 43 43 43 43 42 43 44 43 43 43 43 43 44 44 45 46 48 52 52 52 52 53 52 53 53 53 54 53 53
52 52 53 52 52 52 51 50 51 51 52 52 51 52 51 50 51 51 51 52 52 53 54 54 54 54 55 55 55 55 54 55 55 54 54 54 53 52 53 53 53 53 54 54 53 53 53 53 53 53 53 53 54 54 54 54 54 54 54 54 53 53 53 50 49 48 49 49 48 45 44 43 41 40 40 38 38 37 37 38 38 38 38 40 41 43 43 43 44 44 45 44 44 44 43 44 44 43 43 43 43 42 41 41 41 41 41 41 41 40 41 41 43 44 44 46 49 50 50 50 50 50 51 51 51 52 52 52
51 51 51 51 50 51 51 51 50 50 51 51 50 50 51 50 50 50 51 51 51 51 53 53 54 54 54 54 54 54 54 54 53 53 53 53 52 51 52 51 52 53 53 53 53 53 52 53 54 53 53 53 54 53 54 54 54 55 54 55 55 54 53 51 50 49 49 49 48 46 44 43 42 41 40 39 39 38 38 38 38 37 38 38 39 41 42 43 43 44 44 43 43 43 43 43 43 43 42 41 42 41 41 40 39 39 40 39 39 39 39 40 40 41 41 43 46 47 47 48 48 49 49 49 49 50 50 48
50 51 52 50 50 50 50 50 50 50 50 50 50 50 50 50 50 50 50 50 50 51 52 53 53 53 53 53 53 53 54 54 53 53 52 51 50 50 50 51 51 51 52 52 52 52 51 52 52 53 53 53 53 53 55 54 54 55 55 55 55 54 54 52 51 50 50 49 49 47 45 43 42 41 40 39 39 38 38 38 38 38 37 38 40 41 41 42 42 43 44 43 43 43 42 42 43 42 41 41 42 41 40 39 38 38 38 37 37 37 38 38 38 39 39 40 42 44 44 44 46 46 46 47 48 47 48 43
51 51 51 50 50 50 49 49 49 49 50 50 50 49 49 49 49 49 49 49 50 50 51 52 52 53 53 53 53 53 53 53 52 50 50 50 50 50 50 49 50 50 50 50 50 51 51 50 51 53 51 52 52 53 54 54 54 55 55 54 54 55 55 54 52 51 50 50 49 48 46 43 42 41 41 40 39 39 39 39 38 38 38 38 40 41 42 43 43 43 42 43 42 42 42 42 42 41 40 41 41 40 40 39 38 38 37 36 35 35 36 36 36 37 37 38 39 41 41 42 42 44 44 44 46 45 47 40
51 51 50 51 50 49 49 48 48 49 49 49 48 48 48 48 48 48 49 49 50 51 51 52 53 53 53 54 53 53 52 52 52 50 50 50 50 50 50 49 49 49 50 51 50 50 50 50 50 51 52 52 52 53 54 56 55 56 56 56 56 56 55 54 54 53 57 52 51 49 47 45 44 43 42 41 41 41 41 41 41 40 40 40 41 42 43 43 43 43 44 43 42 42 41 41 42 41 40 41 41 41 39 39 38 38 37 36 35 35 34 34 34 34 35 36 38 39 39 39 40 40 41 42 43 43 44 38
50 50 50 50 49 49 48 48 48 47 48 48 47 47 47 47 47 47 48 49 49 50 50 51 51 52 52 52 51 51 50 52 50 50 50 50 50 50 50 49 49 49 51 50 50 50 50 50 51 51 52 52 52 54 56 56 56 56 56 56 55 56 56 56 54 58 58 53 53 51 49 47 47 45 44 44 43 43 43 43 43 42 42 43 43 44 45 45 45 45 44 43 43 43 42 42 42 41 40 40 40 39 39 38 37 37 38 37 36 34 34 34 33 34 34 34 36 38 38 38 38 39 39 39 41 41 42 37
50 50 50 49 49 48 47 47 47 46 47 47 46 46 46 46 47 47 47 47 47 48 49 49 50 50 51 50 51 50 50 51 50 50 50 50 51 50 48 49 49 50 49 49 49 49 49 49 50 50 51 52 53 54 54 55 56 56 55 56 56 56 56 55 58 64 54 55 54 53 51 49 47 47 46 46 45 44 44 45 44 44 43 43 44 45 46 46 45 45 44 44 43 42 41 41 41 39 39 38 38 37 38 37 37 37 36 35 35 35 33 33 32 33 33 33 34 35 37 37 38 38 38 38 39 39 40 31
49 49 50 49 49 48 47 47 47 47 47 47 45 45 45 45 45 45 46 46 46 47 47 47 48 49 50 49 49 49 50 50 50 50 50 50 50 49 48 48 48 49 49 49 49 49 49 49 49 49 50 51 52 52 53 54 55 55 55 55 55 55 54 60 68 56 55 55 55 54 53 51 50 48 48 47 46 45 45 45 45 45 45 45 45 46 46 46 46 46 45 45 44 43 41 40 39 39 38 37 37 37 37 37 37 36 35 34 34 34 33 33 32 32 32 32 32 33 34 35 36 35 36 36 37 38 38 31
48 49 49 49 48 47 47 47 47 47 47 45 44 44 45 43 43 43 43 44 45 44 45 46 47 47 47 47 48 48 49 50 50 50 50 50 49 49 49 47 47 48 48 49 49 48 49 48 49 48 49 48 48 49 51 51 52 53 52 54 52 52 68 70 55 55 55 55 55 54 53 52 51 50 49 48 47 46 45 46 46 46 46 46 45 45 47 47 46 45 45 45 44 42 40 40 39 38 38 38 36 37 36 36 35 35 35 34 34 33 33 32 31 32 31 31 32 33 34 35 35 35 34 35 36 37 38 30
48 48 48 48 48 47 47 47 46 46 46 44 44 44 43 43 42 42 42 43 43 42 43 44 45 45 45 46 47 47 48 49 49 49 49 49 49 48 48 47 47 48 47 48 48 47 48 47 48 47 47 47 47 47 47 48 49 51 51 51 58 81 62 52 54 54 54 54 55 54 53 53 52 51 50 48 48 46 46 46 47 46 47 46 46 45 46 47 46 46 44 44 43 41 41 39 38 37 37 36 36 36 37 36 36 35 34 34 34 33 33 31 30 30 30 31 31 33 34 34 33 34 34 34 35 36 37 29
47 47 47 47 47 47 46 46 45 45 45 44 44 43 42 42 41 40 40 40 41 41 42 43 44 44 43 43 45 47 47 47 48 48 48 47 48 48 47 47 47 47 47 47 47 47 47 47 47 47 47 47 47 47 47 47 48 48 49 54 93 60 50 52 52 53 54 54 54 54 54 53 52 51 51 50 48 47 46 46 46 46 45 46 46 46 46 47 45 44 43 43 43 41 40 39 39 37 37 36 36 37 36 36 36 36 35 34 34 32 33 32 30 29 31 31 32 33 34 35 34 34 34 34 36 36 37 28
46 47 46 46 47 46 45 44 44 44 44 44 43 42 41 39 39 39 38 38 39 38 39 40 41 41 41 42 44 46 46 46 46 47 47 47 47 47 46 46 46 46 46 47 47 46 46 46 46 46 46 45 45 45 46 46 47 47 46 85 69 46 50 50 51 52 53 53 54 54 54 53 52 52 51 51 49 47 46 46 46 45 44 45 45 45 45 45 44 44 43 42 41 41 40 39 38 37 36 36 36 36 35 35 35 34 34 34 33 32 32 31 30 30 30 30 31 32 34 35 35 34 34 34 35 35 36 27
45 46 46 46 47 47 46 45 44 44 44 43 43 42 40 39 39 38 37 37 38 38 38 38 39 40 40 42 43 44 44 44 45 46 46 46 46 45 45 45 44 45 45 45 45 45 46 46 45 44 45 44 44 44 45 46 45 44 67 87 52 47 48 51 52 52 53 54 54 55 55 54 52 51 51 50 49 47 46 46 45 45 43 43 43 43 44 44 44 43 43 42 41 40 39 38 37 36 35 34 35 34 33 33 33 33 33 34 33 33 31 31 30 31 30 30 31 31 33 34 34 34 33 33 34 34 35 27
44 44 46 47 47 47 47 46 46 46 44 43 43 42 40 39 38 38 38 38 38 37 38 38 38 39 40 40 42 43 43 44 44 45 45 45 46 46 45 44 45 45 46 46 46 46 47 47 46 45 45 44 46 45 45 46 55 71 98 80 51 51 61 56 53 52 53 54 56 56 56 55 54 52 51 51 51 49 47 46 45 45 44 43 42 42 43 43 43 44 43 42 42 41 40 39 38 37 36 35 35 35 33 34 34 34 34 34 34 33 33 33 32 31 31 30 31 32 33 34 35 34 34 33 34 35 36 27
43 44 47 48 48 48 48 48 47 47 45 44 43 43 41 39 39 38 38 38 38 38 37 37 38 39 40 40 41 42 43 43 42 44 44 45 45 46 45 46 48 49 54 53 58 55 54 52 49 47 47 49 48 53 53 61 84 65 103 68 55 69 65 53 54 57 56 56 57 58 57 56 56 53 52 52 52 51 49 48 47 46 45 44 43 42 42 43 44 45 45 43 43 42 41 40 40 38 38 37 36 36 36 36 37 36 36 36 35 35 35 35 33 32 32 32 32 33 34 34 35 35 34 34 35 35 36 27
43 46 47 48 49 48 48 48 48 47 46 45 44 42 40 38 38 38 38 38 38 38 38 38 40 40 40 42 42 42 43 43 43 45 45 46 46 49 61 65 60 70 77 81 72 74 82 59 55 76 63 65 78 75 80 104 94 53 105 82 81 87 69 65 64 61 62 60 61 62 60 59 59 57 56 55 55 54 53 51 50 48 47 46 45 43 43 44 45 45 45 44 43 42 41 41 41 40 39 39 38 37 37 38 39 38 38 37 37 36 37 36 34 35 33 33 33 34 35 36 36 36 35 35 36 36 37 28
44 47 47 48 49 49 49 49 48 48 47 46 45 42 41 40 38 38 38 39 38 39 39 40 41 42 42 42 43 44 44 45 45 46 50 55 61 63 78 99 91 115 97 110 112 108 117 89 78 114 88 98 118 106 126 150 128 74 132 121 132 98 96 109 94 80 70 72 77 75 70 62 62 60 68 67 63 56 58 58 54 51 51 50 48 46 46 47 47 46 47 46 45 44 42 42 41 41 41 40 40 40 39 39 39 39 40 39 39 38 38 38 36 36 35 34 34 35 37 38 38 38 37 38 38 38 39 30
44 46 47 47 49 49 50 50 49 49 48 46 46 44 42 41 40 40 41 41 41 41 42 42 42 44 44 44 45 45 46 52 56 58 64 69 80 88 82 114 158 168 156 155 172 181 183 173 144 144 153 158 153 167 171 175 163 126 162 176 169 150 163 158 155 121 117 111 114 90 80 76 74 81 94 83 71 81 86 80 64 59 53 52 51 49 48 48 49 48 48 47 47 46 45 44 44 43 42 42 42 42 41 41 40 40 40 41 41 40 40 39 38 38 37 37 37 38 39 40 41 41 40 40 40 39 40 32
45 46 47 47 49 50 50 50 50 50 49 47 47 45 43 42 42 42 42 42 43 43 44 45 46 46 47 47 47 47 48 49 66 97 110 98 110 132 137 169 206 212 216 216 224 224 226 228 218 218 219 220 216 217 220 218 215 189 208 209 206 209 217 219 196 179 177 165 158 136 115 111 136 139 117 123 125 140 138 117 115 98 78 57 52 55 52 50 51 51 51 49 47 47 47 46 47 45 44 45 44 44 43 41 41 41 42 42 43 42 41 41 40 40 39 39 39 41 42 43 43 44 43 43 43 43 42 31
46 47 48 49 51 50 51 51 50 50 50 47 47 47 46 44 43 43 43 44 46 47 47 47 48 48 48 49 49 51 55 62 74 97 135 161 169 192 209 220 218 216 215 219 212 210 213 226 219 219 220 229 232 227 225 233 229 230 228 225 223 233 231 231 225 221 218 225 213 206 193 210 204 184 199 193 200 181 180 170 154 116 84 86 84 73 55 52 53 52 52 51 49 48 48 47 48 47 46 46 46 45 43 42 42 42 43 44 44 43 44 42 42 43 42 42 42 45 45 45 46 46 45 45 44 43 44 32
46 47 50 51 51 52 52 51 51 50 48 47 47 47 47 46 44 44 45 46 46 47 48 48 50 50 50 51 51 53 59 71 89 118 145 181 206 206 199 198 199 200 199 199 191 195 193 199 204 203 212 212 208 218 230 231 227 229 222 220 216 214 216 208 225 221 224 229 230 228 224 220 221 232 233 239 235 229 228 214 185 182 179 159 131 76 61 54 53 53 52 52 51 49 48 48 47 47 48 47 46 45 42 42 42 43 44 44 45 44 45 44 43 43 43 44 45 47 47 47 47 47 47 46 46 45 45 33
46 48 50 51 51 52 51 52 51 49 48 47 47 48 47 47 46 45 47 47 47 48 49 51 52 51 52 51 52 58 73 92 105 121 166 202 192 169 165 179 190 187 193 192 179 177 176 166 172 174 182 186 187 192 215 215 203 209 202 205 204 197 204 203 206 210 214 216 220 214 223 223 214 225 225 234 229 238 240 234 233 228 207 164 119 78 62 57 53 53 52 52 51 50 49 48 48 48 48 48 47 46 44 43 43 43 44 45 45 45 44 45 44 45 44 44 47 47 48 49 49 49 47 47 47 46 48 33
45 47 49 50 51 51 50 51 50 49 49 49 49 49 48 47 47 46 47 48 49 50 51 52 53 54 54 54 55 57 64 78 107 141 188 164 126 114 110 127 145 163 162 163 161 160 159 170 163 168 172 177 176 181 189 189 194 194 180 179 187 184 192 200 195 197 198 197 190 179 196 206 217 223 219 211 207 210 209 219 222 215 191 164 128 96 69 54 53 53 53 52 52 51 50 50 48 48 47 47 47 45 44 44 43 43 45 46 45 46 45 45 45 45 45 46 47 49 50 50 50 50 49 48 48 48 49 35
45 46 48 49 50 50 51 51 52 51 50 51 50 50 49 49 49 49 49 50 51 52 53 54 54 55 55 54 55 55 55 55 60 99 148 117 131 116 106 100 87 92 115 115 117 139 148 156 159 160 159 166 162 166 166 163 178 174 176 171 154 154 154 181 180 180 182 188 185 185 184 203 205 206 189 185 178 178 185 193 187 182 186 183 145 101 79 64 55 53 53 52 51 51 49 50 49 48 47 47 47 45 44 43 43 44 44 45 46 46 45 45 46 45 46 47 47 49 51 51 51 50 50 50 50 50 50 37
44 45 47 49 50 51 52 52 52 51 51 51 50 51 51 50 51 51 51 51 52 54 54 55 55 55 54 54 54 55 59 84 99 117 121 114 115 127 123 95 95 99 81 80 82 90 111 131 139 151 157 150 142 149 171 175 179 167 164 172 162 168 161 175 165 163 172 172 176 168 169 178 180 166 169 167 170 164 168 160 144 124 133 158 145 123 84 57 53 52 52 51 51 51 50 49 49 48 47 47 46 44 44 43 43 43 44 44 44 44 44 45 46 47 47 47 48 49 51 51 51 51 50 50 51 51 52 36
45 46 49 50 52 52 53 52 52 53 53 52 52 52 52 51 52 52 53 53 54 55 54 55 55 56 55 55 55 55 61 75 75 65 38 28 28 38 62 97 105 99 108 102 75 68 70 81 98 112 134 151 143 148 156 141 163 181 178 167 166 164 165 166 162 166 170 171 157 140 143 150 163 161 153 149 147 148 136 127 111 103 103 115 94 67 53 52 52 52 52 51 51 50 50 50 50 50 48 47 47 45 44 44 44 44 43 43 44 44 44 45 46 48 48 49 50 51 51 51 52 52 51 51 51 51 53 38
46 47 49 51 51 52 52 52 52 52 53 52 52 52 52 52 53 53 53 53 53 53 54 54 54 55 55 53 53 54 54 54 55 79 53 60 39 30 34 57 100 104 102 104 96 88 77 94 94 87 88 139 148 134 137 128 166 208 212 190 183 171 176 175 167 161 177 207 161 132 130 150 165 151 141 124 121 106 99 97 89 82 86 85 58 50 51 50 51 52 51 52 51 51 51 51 51 51 51 50 48 47 46 46 46 46 45 44 44 45 45 46 47 47 49 50 51 53 53 52 53 53 52 51 51 51 52 38
46 48 50 51 51 51 52 51 51 52 52 52 51 51 51 52 52 52 52 52 52 52 53 53 53 53 53 53 53 53 54 55 56 64 60 49 26 26 25 18 38 73 84 93 97 94 102 110 104 93 93 128 128 118 112 133 162 209 224 229 226 208 205 190 187 191 210 211 187 132 126 142 151 137 113 89 73 89 99 109 103 84 92 110 112 96 82 87 64 52 52 53 53 53 52 52 52 52 52 51 49 48 48 47 47 47 47 46 45 45 45 45 47 48 49 50 51 52 53 54 53 54 53 52 51 51 51 37
46 48 49 50 51 51 51 51 51 51 52 51 51 51 50 51 50 50 50 50 51 51 52 52 53 52 52 52 52 51 53 54 55 61 47 20 19 10 15 20 21 31 65 94 87 79 95 110 111 101 119 132 121 127 110 124 159 187 202 228 240 231 218 202 204 211 208 206 170 134 113 125 137 106 97 92 94 106 117 106 94 110 97 52 38 42 49 50 49 51 53 54 55 55 55 55 55 54 54 52 50 50 50 49 49 50 49 49 47 47 47 47 47 48 49 50 51 52 53 54 53 54 53 51 50 49 50 36
47 48 48 48 49 50 51 52 51 50 50 51 50 50 49 48 49 49 49 49 50 50 49 50 51 51 51 51 50 50 51 53 56 58 74 36 23 21 21 22 21 50 81 89 83 83 97 116 131 132 123 132 128 124 121 154 168 191 207 221 221 203 206 210 203 173 148 160 164 129 108 103 113 102 97 113 108 100 106 116 100 97 47 40 50 47 49 49 50 52 54 54 54 54 55 56 56 56 56 55 54 52 52 52 51 52 52 52 51 51 49 50 50 49 50 51 52 53 53 53 54 53 53 52 50 48 49 36
48 49 49 48 47 48 51 51 50 50 49 49 48 48 47 47 47 46 47 48 49 49 49 49 49 49 50 51 51 52 52 53 57 64 88 100 41 27 27 36 58 74 60 72 68 89 114 120 135 150 132 133 139 134 150 185 184 152 192 212 214 245 244 242 237 226 209 204 182 141 121 114 103 106 101 105 102 92 101 102 63 23 12 38 55 53 53 53 54 54 54 55 56 56 56 56 56 57 57 57 56 55 54 54 54 54 55 55 54 54 52 53 52 52 52 52 53 53 53 53 53 53 53 52 51 48 48 35
48 49 49 49 49 48 49 49 49 49 48 47 47 46 45 44 45 45 44 45 47 47 49 49 49 49 49 51 52 52 53 55 59 74 90 99 82 58 57 68 66 60 67 66 84 100 106 122 155 168 159 147 150 167 160 105 64 57 168 209 199 232 235 232 213 209 215 225 213 169 139 131 113 111 105 95 87 81 99 81 31 12 18 51 54 54 54 54 55 54 54 56 57 56 56 56 57 56 57 56 57 58 56 56 56 56 56 57 57 56 56 56 56 55 54 54 54 54 54 54 54 53 53 51 50 48 48 36
49 50 49 50 50 49 48 47 48 46 46 45 44 44 44 44 44 43 43 44 45 46 47 48 48 49 50 51 52 53 54 56 63 94 108 134 107 59 51 52 59 74 81 102 116 126 138 159 185 189 184 188 185 171 56 37 77 157 221 230 217 211 193 211 206 194 200 208 212 207 165 128 109 121 101 83 75 65 83 74 20 18 44 57 54 54 55 54 55 55 55 56 56 56 56 57 56 57 57 57 57 58 58 58 59 59 58 57 57 57 57 57 57 57 57 56 56 56 55 55 54 53 53 52 50 49 47 35
49 50 50 50 50 49 49 48 46 45 43 43 42 41 42 42 42 41 41 43 44 45 46 47 47 49 50 51 53 55 56 64 84 110 147 159 133 84 65 67 71 103 143 157 159 154 135 137 161 176 190 199 205 196 154 128 184 228 226 209 211 223 214 173 174 188 182 168 165 180 209 171 131 128 90 68 64 63 70 68 46 52 61 57 55 55 55 55 56 57 57 56 56 56 56 56 55 56 57 58 58 59 60 61 61 61 60 59 59 58 58 57 58 59 59 59 58 56 55 55 55 54 53 52 51 49 48 33
48 49 50 50 50 50 49 49 47 46 44 42 41 40 40 40 40 40 40 42 43 44 44 46 47 49 50 52 54 55 58 69 96 129 166 158 138 103 78 68 109 144 130 93 66 60 59 65 70 76 94 108 122 130 154 167 156 155 160 167 173 168 155 132 123 123 112 93 98 120 152 168 171 151 131 65 71 65 56 55 62 59 63 60 57 56 56 56 55 56 56 56 56 55 55 55 55 55 56 57 60 61 62 62 62 61 62 62 61 59 59 59 59 59 60 60 59 58 57 55 55 53 53 52 51 48 47 32
49 50 50 50 51 52 52 51 49 47 45 43 42 41 41 41 41 41 41 42 43 43 45 46 48 49 51 53 55 58 72 98 151 201 195 161 138 111 93 93 115 82 60 80 123 139 144 122 97 69 43 32 34 47 57 61 73 81 84 96 113 97 76 69 74 83 73 59 58 67 74 94 121 129 137 109 86 73 67 93 86 76 62 59 58 57 57 56 56 57 56 56 56 55 54 54 55 56 56 57 58 59 61 63 63 63 62 62 63 61 60 60 59 59 60 60 59 58 57 55 54 53 53 52 52 51 48 33
50 52 51 51 53 54 53 52 52 49 47 46 44 44 44 44 44 43 42 42 43 44 45 47 47 49 51 53 54 65 96 144 200 226 202 175 151 115 78 72 78 109 148 153 130 128 150 172 188 183 157 112 74 54 41 38 33 29 27 30 34 35 30 36 34 59 62 42 46 52 47 57 58 78 89 94 111 77 93 119 110 99 77 66 63 60 58 58 56 57 58 56 55 55 55 55 55 56 55 56 58 58 60 62 63 63 63 63 63 63 62 61 61 61 60 60 61 59 59 58 56 55 53 53 52 52 50 34
52 52 52 52 55 56 55 55 54 53 51 49 48 47 47 46 46 45 44 43 44 45 46 47 48 49 51 53 62 88 119 168 215 229 209 174 136 90 53 84 101 103 103 92 83 88 92 98 114 131 149 152 141 148 144 129 127 118 96 79 66 44 30 20 16 17 17 15 22 25 22 28 32 39 55 110 118 98 108 140 130 100 78 69 64 62 62 61 59 57 56 56 55 55 54 55 55 56 56 56 57 57 59 61 62 63 63 64 65 65 64 63 63 63 62 63 63 61 62 61 59 57 56 55 53 52 51 36
53 55 54 54 57 57 57 56 56 54 53 52 50 50 50 49 48 47 45 45 46 47 47 48 48 49 51 55 61 78 124 173 212 229 216 171 129 86 46 69 77 81 83 90 100 108 109 104 91 93 94 94 93 83 79 82 96 105 114 120 117 105 86 62 51 42 33 32 39 42 52 51 67 78 83 102 93 76 118 157 149 121 105 94 79 75 70 64 64 61 57 55 55 54 54 54 55 56 56 56 56 57 58 59 60 62 63 64 66 66 66 65 65 64 64 65 64 63 62 62 61 59 58 57 55 53 52 37
56 57 56 56 58 59 59 58 57 55 55 54 53 53 51 51 50 49 48 47 47 48 49 49 49 50 51 53 56 68 104 168 209 228 209 172 129 99 71 51 63 83 108 127 128 132 115 86 77 71 62 62 63 49 41 46 46 53 65 71 78 80 64 57 50 44 52 33 45 55 77 82 95 90 90 95 77 79 117 137 138 134 128 122 106 82 70 67 65 64 60 57 56 55 54 54 54 55 55 56 55 55 56 58 59 60 61 64 65 66 67 66 66 64 64 64 63 62 62 62 61 60 58 58 57 54 54 36
57 58 58 57 59 60 60 60 59 58 57 57 55 54 53 51 50 50 49 48 48 48 49 49 50 50 51 51 55 70 101 153 203 223 210 170 130 118 102 79 76 100 127 126 119 123 111 84 40 30 28 30 29 30 35 39 45 43 42 45 42 45 46 47 35 44 40 27 42 48 52 48 63 73 97 112 87 104 127 135 137 124 108 94 84 74 69 68 67 65 61 59 58 57 56 54 54 55 55 55 55 55 55 57 59 59 60 62 64 65 65 65 64 64 63 63 63 62 62 62 62 60 60 59 58 56 55 36
58 59 59 58 58 59 60 59 59 59 59 58 56 55 54 52 51 50 49 49 49 48 48 48 49 49 50 50 53 65 78 126 187 204 199 174 140 125 113 101 100 106 113 105 118 109 93 77 29 35 39 41 42 47 55 57 54 49 48 50 40 34 40 41 38 39 42 43 57 56 42 28 47 75 123 109 106 116 127 139 140 121 107 95 86 78 72 70 68 66 64 62 60 58 57 56 55 55 55 55 55 55 56 57 58 59 59 60 62 62 64 64 63 63 62 62 62 62 62 61 62 61 60 60 57 56 56 35
58 60 60 58 58 59 60 59 59 60 60 59 58 56 54 52 52 51 50 50 49 48 47 46 46 46 47 48 51 61 73 107 146 171 187 182 156 132 122 106 102 100 90 102 115 99 80 58 53 52 54 61 59 55 59 59 54 50 43 41 41 34 36 39 44 41 50 59 69 70 58 47 57 102 118 113 106 122 134 140 132 120 101 86 78 74 73 71 70 68 66 65 63 62 61 59 57 56 55 55 56 56 57 57 59 60 60 59 60 62 62 62 62 61 61 61 61 61 62 63 63 61 60 60 58 56 56 36
57 58 60 60 59 59 60 60 61 62 61 61 60 58 56 55 54 53 52 50 49 48 46 44 44 45 45 47 49 49 57 70 99 153 180 191 181 158 129 108 107 99 92 100 110 102 77 62 68 74 87 77 66 57 54 50 43 47 44 39 34 34 34 42 52 47 52 60 69 78 69 48 91 106 112 115 116 121 128 125 121 99 86 73 71 72 73 72 72 70 69 68 66 65 64 63 59 57 56 56 56 56 56 58 59 60 60 60 60 61 61 61 60 60 61 62 61 61 60 62 62 62 60 59 57 56 56 36
56 59 60 59 59 59 60 61 62 62 61 61 61 60 58 56 55 55 54 51 50 48 46 44 44 43 45 46 48 49 49 65 100 131 179 196 193 177 148 125 109 102 92 101 107 84 65 80 86 103 94 71 66 70 49 46 35 43 40 42 32 27 43 41 44 53 57 62 70 70 81 72 109 108 108 110 112 116 116 101 84 83 83 76 72 73 73 73 72 71 70 69 68 67 66 65 63 61 60 58 57 57 57 58 60 60 61 60 60 59 59 59 59 58 60 61 62 61 60 60 61 61 60 59 57 55 55 36
57 59 59 58 58 59 59 60 61 62 62 62 61 60 59 57 57 57 55 54 52 50 48 46 45 44 46 47 49 50 52 54 62 105 145 169 180 178 168 138 110 102 100 99 84 61 81 86 91 80 68 67 78 54 46 42 33 40 32 36 35 41 43 42 50 58 66 68 70 75 88 92 113 108 110 119 128 112 95 87 71 71 73 73 72 72 72 72 72 71 70 70 70 68 67 67 66 65 64 62 59 59 59 60 61 61 62 62 61 60 59 58 58 58 58 60 62 61 60 60 61 61 60 58 57 56 56 35
56 57 58 57 57 58 58 58 60 60 61 61 60 59 58 58 57 57 56 55 53 52 51 51 50 49 50 51 52 53 53 56 65 81 95 112 134 160 172 160 124 104 104 78 65 69 88 109 103 76 73 75 61 44 54 43 39 37 41 40 39 41 45 47 46 55 66 63 65 85 94 102 111 109 121 119 118 110 90 76 72 72 72 72 72 72 71 71 71 71 71 71 70 70 69 68 68 66 66 66 63 61 61 61 61 63 63 62 61 61 60 59 58 58 57 57 60 61 61 60 61 62 61 60 58 57 58 36
55 56 55 56 56 56 56 56 58 58 60 59 59 59 59 59 58 58 57 56 56 56 55 55 55 54 55 55 55 56 58 58 65 81 96 108 123 156 174 166 138 103 101 98 98 101 107 106 87 83 70 63 53 44 45 48 42 41 47 39 38 43 44 44 51 51 60 59 72 79 91 102 107 110 114 106 93 84 76 70 71 72 72 73 72 72 72 72 73 73 72 72 71 70 70 71 69 69 69 68 67 66 65 63 62 63 63 62 60 61 61 59 58 57 56 56 59 61 61 61 62 61 60 60 59 57 59 38
53 54 54 54 55 56 56 57 57 58 59 60 61 61 60 60 60 60 59 60 60 60 59 59 59 58 58 57 57 58 59 60 62 67 76 92 111 136 140 151 163 122 116 128 128 132 115 87 92 70 57 64 45 48 48 38 37 38 50 37 39 45 55 46 53 46 56 60 71 84 88 106 114 113 118 114 99 82 72 72 72 73 73 73 72 72 73 73 74 74 74 74 74 73 74 73 72 73 71 71 71 70 69 68 66 65 64 63 61 61 61 60 59 58 58 58 59 61 61 61 62 62 62 62 61 59 60 38
50 51 52 53 55 55 56 57 57 58 60 60 61 62 62 62 62 61 61 61 60 61 61 61 62 62 62 62 63 63 63 65 66 68 73 87 112 131 145 167 174 146 127 132 121 111 102 84 73 53 50 58 54 46 36 34 34 42 41 43 39 42 48 51 51 53 58 65 71 86 91 117 106 96 103 106 94 79 74 74 73 73 72 71 71 72 72 72 73 74 74 75 75 76 77 76 76 77 75 75 75 75 73 73 71 70 67 65 64 62 61 60 59 59 59 60 60 62 63 63 63 64 63 64 62 61 62 39
49 50 52 53 53 54 55 57 58 59 60 61 62 64 64 64 63 63 62 62 62 63 64 64 66 67 67 68 68 69 69 71 72 74 80 90 105 132 142 154 178 167 120 112 109 87 85 69 61 48 58 52 55 44 35 33 28 41 38 44 46 44 47 47 59 60 59 74 82 93 108 118 113 100 95 90 83 78 75 74 74 73 71 70 70 70 71 72 73 74 75 75 77 77 78 79 79 80 80 81 80 79 78 77 76 75 72 70 68 66 63 62 61 62 61 62 62 65 66 65 66 66 66 65 65 63 65 40
49 50 51 53 54 55 56 57 59 59 60 61 63 64 65 66 65 64 64 65 66 67 68 68 70 71 72 73 74 74 76 78 78 78 79 80 91 112 139 154 177 176 132 101 107 93 86 73 69 64 57 54 52 42 44 33 35 46 45 49 49 46 47 53 52 70 71 76 90 106 120 131 123 108 96 86 78 76 74 73 72 72 70 70 69 68 69 70 71 73 74 75 76 77 79 80 81 82 84 85 85 85 83 83 82 79 77 75 73 70 68 66 65 66 65 65 65 66 68 68 68 68 68 68 67 67 67 41
47 49 51 54 55 56 57 58 59 59 59 61 63 65 66 66 66 66 67 67 68 70 71 73 74 75 77 78 80 81 81 83 83 84 84 86 89 103 122 144 156 180 158 122 109 97 93 84 72 57 57 51 45 43 44 33 41 39 42 39 51 49 56 54 57 64 78 86 97 106 126 132 130 122 105 95 86 76 73 72 71 70 69 68 67 66 67 68 69 70 72 74 76 78 80 82 84 86 87 88 89 88 88 88 87 86 83 81 79 75 72 71 70 70 69 69 68 69 71 71 71 71 71 70 70 69 69 44
46 49 51 52 54 57 57 57 58 58 59 60 63 65 65 66 66 67 68 70 71 73 75 77 79 80 81 82 84 85 86 86 87 88 89 89 88 95 113 128 157 181 168 122 100 86 85 82 58 56 53 57 51 40 37 50 44 41 44 48 51 48 64 62 57 68 78 92 100 112 136 136 134 122 107 90 79 77 74 73 72 69 68 67 66 66 66 66 66 69 71 75 76 79 81 83 86 87 89 91 92 92 92 92 92 90 89 87 84 81 79 76 75 74 73 73 71 72 73 74 74 74 74 74 73 71 71 45
45 47 50 51 53 56 56 56 58 58 59 60 61 63 64 66 66 68 71 72 73 75 78 80 81 82 84 86 88 88 90 91 91 92 93 94 98 102 112 129 149 152 168 139 97 93 91 82 62 66 65 57 48 45 46 42 45 39 47 53 52 51 60 70 74 88 85 95 99 126 140 127 111 104 96 89 83 80 77 75 73 71 69 68 67 67 67 67 68 69 70 73 76 78 81 84 87 90 92 94 95 96 95 95 96 95 94 92 89 86 84 82 79 78 77 77 75 74 75 76 76 76 76 76 75 73 73 46
46 47 48 49 51 54 55 56 58 58 58 60 61 62 64 65 67 69 71 72 75 77 80 82 84 85 86 88 89 90 92 94 93 94 94 95 97 100 101 107 115 146 185 156 96 85 83 80 72 61 65 49 54 48 50 39 47 43 49 57 57 59 62 70 71 81 90 101 104 138 146 134 120 105 92 83 81 82 79 78 76 73 72 71 70 69 69 69 70 71 72 74 76 80 84 87 90 93 95 96 98 99 99 98 99 99 98 96 94 91 88 87 85 82 80 80 78 77 78 79 79 78 78 78 77 75 75 47
46 48 48 49 51 53 54 56 57 57 58 60 61 62 65 66 67 69 70 72 75 77 80 83 85 86 88 90 91 91 92 94 93 94 94 94 93 94 100 115 135 150 165 171 106 83 93 83 71 62 54 56 58 52 45 48 49 59 56 49 53 65 65 58 76 80 91 102 119 143 147 131 124 114 100 90 86 83 81 80 80 78 77 75 75 74 73 74 75 75 77 78 80 83 86 91 95 96 98 101 102 102 103 102 103 103 103 100 98 96 94 91 89 87 85 84 83 82 81 82 82 82 81 80 79 76 75 47
49 49 50 51 51 52 53 56 56 57 58 59 61 63 64 65 67 68 70 73 75 77 80 83 86 87 89 90 92 93 94 94 94 95 94 93 93 92 94 107 118 121 142 171 132 97 99 83 76 60 52 59 67 64 46 56 57 51 52 52 54 64 68 64 72 83 91 102 120 147 153 145 137 122 104 95 90 87 86 85 83 83 82 80 80 80 80 80 81 82 83 85 86 89 91 95 98 101 104 105 106 107 107 107 106 106 105 104 103 101 98 96 94 91 89 88 87 85 84 84 85 84 82 81 79 77 76 48
50 51 52 53 54 54 54 55 56 57 57 59 61 63 64 65 67 68 70 73 76 79 81 83 86 88 90 91 93 95 96 96 96 95 94 94 93 93 95 99 111 125 150 183 152 103 87 79 74 58 67 67 52 56 54 66 55 48 63 57 66 56 78 75 77 93 81 108 122 146 153 136 123 111 99 94 93 94 90 89 88 87 86 86 86 85 85 85 86 88 89 90 92 96 98 101 104 106 108 110 111 112 112 112 111 110 110 108 107 105 102 100 99 95 93 91 89 87 87 87 86 84 82 80 79 77 77 48
54 55 56 57 57 58 58 58 59 59 60 61 63 63 65 65 67 68 71 74 76 78 81 84 88 90 91 93 94 96 97 96 96 95 94 94 92 91 90 96 108 121 146 170 164 103 79 71 76 73 74 66 59 59 59 56 56 49 61 62 65 60 82 82 94 90 90 110 115 138 165 155 139 124 111 103 100 95 93 92 92 91 91 91 91 90 90 90 91 92 93 94 96 99 102 105 108 110 112 114 115 116 115 116 116 115 114 113 112 110 108 106 104 100 98 95 93 90 88 88 87 86 83 82 80 78 78 50
59 60 61 62 62 62 62 63 63 63 63 64 64 65 65 66 67 70 73 75 77 79 83 85 88 89 92 93 94 95 95 95 95 94 92 92 90 91 93 94 97 115 139 163 175 121 93 97 91 70 66 68 74 61 60 54 56 57 61 58 64 61 68 74 77 86 99 106 100 128 157 147 136 128 110 100 96 95 95 94 94 93 94 94 94 93 93 94 95 95 97 98 101 103 106 109 111 113 115 116 117 119 119 119 119 118 118 117 115 114 112 109 108 105 102 99 97 95 92 90 89 88 87 84 83 80 81 50
63 64 66 66 66 65 66 66 65 64 65 66 65 66 66 68 69 72 74 75 78 80 83 87 88 90 91 93 94 94 93 94 93 91 90 89 88 87 86 88 94 104 117 133 166 131 99 94 90 77 81 86 75 73 72 60 54 54 54 57 67 66 67 79 85 95 100 107 90 122 150 144 129 120 107 99 97 97 97 97 97 97 96 95 96 96 96 98 97 98 100 102 105 107 110 112 113 115 117 118 119 121 121 122 122 121 121 119 117 116 114 111 110 108 105 102 99 97 94 93 92 91 90 87 85 82 83 51
66 68 69 70 70 69 69 69 68 69 69 69 69 70 70 71 72 75 76 78 80 81 85 87 89 90 91 92 93 93 92 92 92 90 89 87 87 86 86 89 90 94 102 127 164 162 103 79 87 87 85 86 80 75 75 57 58 66 63 58 66 73 63 75 84 95 102 91 83 105 150 152 122 123 112 101 96 98 98 99 98 98 98 98 98 98 99 99 100 101 103 105 108 110 112 114 115 117 117 119 121 122 123 124 123 124 122 121 120 117 115 113 111 109 106 104 100 97 95 95 94 93 91 89 87 85 86 52
69 70 71 72 73 73 73 73 73 74 74 74 74 74 75 75 76 77 79 82 83 85 88 90 91 91 91 91 92 92 92 91 91 89 88 87 86 85 84 84 86 90 103 122 162 162 98 89 93 80 83 75 80 71 65 65 69 63 63 65 74 72 78 82 97 88 104 101 90 95 143 148 127 113 110 102 97 97 98 99 99 99 100 99 100 100 100 101 102 103 105 108 109 112 113 114 116 117 118 120 122 123 124 124 125 124 123 122 120 118 116 115 113 110 107 105 102 99 97 97 96 95 94 92 91 88 90 55
70 71 73 74 76 76 76 77 78 77 79 79 79 80 80 81 81 81 84 86 87 88 90 91 91 91 91 92 92 92 92 92 91 91 89 88 88 86 85 83 85 88 95 111 141 169 120 107 95 103 93 95 85 70 64 70 68 60 67 73 70 80 90 89 87 89 103 86 83 97 135 158 146 136 114 102 98 97 98 98 99 98 100 100 100 101 101 101 103 105 106 109 110 112 113 115 116 118 119 120 122 124 124 124 124 123 121 121 119 118 116 114 113 110 107 105 103 100 98 96 97 97 97 96 94 91 91 57
72 74 77 78 79 80 80 81 81 82 82 83 84 84 84 84 85 86 86 87 90 90 91 92 93 92 93 93 93 93 93 93 93 93 91 91 89 88 87 85 83 84 91 103 136 173 134 100 100 105 91 92 68 81 76 72 72 70 65 68 72 83 80 78 78 95 92 94 89 87 124 145 137 130 119 109 104 99 96 97 97 98 99 99 100 101 103 103 103 104 106 108 110 112 113 115 116 118 119 120 121 123 123 123 122 121 119 118 116 115 114 112 111 109 106 104 102 100 97 96 97 97 97 95 94 93 94 59
75 77 79 81 83 82 83 83 83 84 84 85 86 87 87 86 87 87 89 89 90 91 91 92 93 93 93 93 94 94 93 93 95 94 92 92 91 90 89 87 87 90 101 112 121 183 150 98 110 109 79 87 66 76 83 87 74 68 67 71 71 68 76 92 83 85 91 92 87 80 107 158 153 138 126 117 105 99 98 97 96 96 97 99 99 100 101 102 102 103 103 105 107 109 111 113 115 117 118 119 120 120 120 119 118 117 116 115 114 112 110 108 107 106 104 102 99 98 95 93 94 94 94 95 93 92 95 59
75 77 80 82 83 85 85 85 85 86 87 88 89 89 89 88 88 87 88 88 90 90 90 91 91 92 92 92 93 93 93 93 94 94 93 92 92 91 91 89 89 90 96 110 126 167 152 119 121 101 105 95 79 90 85 85 73 71 77 76 81 79 82 85 93 81 87 95 83 85 101 149 153 136 117 98 95 99 95 94 94 94 94 96 97 98 98 98 98 99 100 102 104 107 109 111 113 114 116 117 117 116 116 115 114 114 112 110 109 108 105 104 102 101 100 98 97 94 92 91 91 91 92 92 92 92 94 59
76 78 81 84 84 85 86 86 86 86 88 89 90 91 91 89 88 87 88 88 89 90 91 91 91 92 91 91 92 92 93 92 93 93 92 93 93 91 91 90 90 94 99 110 122 154 170 123 111 92 94 87 85 94 86 85 76 79 75 71 80 77 82 83 83 81 91 96 90 83 98 142 160 133 114 108 108 98 92 93 93 94 94 94 96 96 95 95 96 97 98 99 101 103 105 108 110 110 112 113 113 113 111 110 109 108 107 105 104 103 99 98 97 96 95 94 93 92 90 90 90 90 91 91 92 91 93 58
75 78 80 83 83 84 85 86 86 86 88 89 90 91 91 91 90 89 89 89 89 89 90 91 92 91 91 92 91 92 92 92 92 93 93 93 93 91 91 91 91 92 100 109 120 143 170 132 116 104 106 87 107 89 103 80 80 83 72 81 74 76 74 83 87 76 85 90 90 90 97 134 151 133 121 108 96 92 94 94 95 94 94 94 95 94 95 95 96 97 98 98 100 102 104 105 106 107 108 108 107 106 105 103 103 102 100 99 96 95 93 91 91 90 90 90 89 90 90 89 90 90 91 91 92 91 93 58
75 76 79 82 82 83 84 85 86 86 88 89 91 91 92 93 92 91 91 91 90 89 90 91 92 92 93 94 93 93 93 93 93 94 94 94 93 92 92 93 93 97 100 99 102 129 174 145 120 93 98 98 100 104 95 70 91 86 84 76 77 72 80 82 86 82 78 86 85 94 85 116 148 141 118 104 99 97 97 96 97 97 98 97 97 96 96 96 97 98 99 100 102 103 104 104 105 106 105 105 103 102 101 100 99 97 95 93 90 89 86 85 85 85 85 86 87 87 87 87 89 89 90 91 91 90 92 58
74 76 78 81 82 82 84 85 86 87 89 90 91 92 93 93 92 93 93 93 92 92 92 92 93 94 94 95 95 94 94 94 94 95 95 95 95 95 95 95 95 96 94 96 106 130 169 168 134 102 85 92 94 102 88 75 84 83 78 78 77 74 74 82 83 74 77 75 83 81 88 111 141 137 120 112 112 107 101 99 100 100 100 99 99 98 98 99 98 99 101 102 103 104 104 104 104 104 103 102 101 100 99 99 98 96 93 91 89 86 83 82 82 81 83 84 84 85 84 85 87 89 88 90 89 88 91 57
74 76 77 79 81 81 83 85 87 87 89 90 91 92 93 92 92 93 93 94 95 95 94 95 95 96 96 95 95 95 95 95 96 95 96 97 97 96 95 94 93 93 95 97 108 128 171 158 111 102 106 88 107 113 85 82 76 81 84 65 77 69 80 82 83 85 82 84 86 77 75 103 139 151 138 126 115 106 103 102 101 101 101 101 100 99 100 100 101 102 104 104 105 104 104 105 104 103 102 101 100 98 97 96 95 92 89 88 87 85 84 84 83 83 84 85 85 85 85 86 87 88 87 87 88 89 90 56
75 76 77 78 80 81 82 83 85 86 88 88 89 90 91 92 92 94 94 95 96 97 96 97 98 99 98 97 97 97 97 95 96 95 96 97 97 96 95 93 93 94 94 97 110 135 160 172 133 109 109 83 100 76 83 73 69 75 82 74 89 72 81 95 88 71 74 81 77 74 87 94 124 155 156 138 127 119 112 105 103 102 102 102 103 102 102 102 104 104 106 106 106 105 105 105 105 103 102 102 100 98 97 94 92 90 88 87 87 86 85 85 86 86 88 88 87 86 87 87 89 89 88 88 86 86 88 54
77 77 78 79 81 82 83 83 84 85 86 87 88 88 89 91 92 94 96 96 98 99 99 99 100 100 101 100 100 99 99 98 96 96 96 95 96 96 96 95 95 95 96 100 114 119 150 175 129 124 113 101 108 92 83 84 85 92 85 81 74 81 82 91 89 82 86 88 77 80 90 92 121 149 143 130 122 111 107 107 105 105 105 105 106 105 105 105 106 106 106 108 107 107 106 106 106 104 103 102 100 98 96 94 93 91 88 89 88 88 88 89 91 91 92 91 90 90 89 89 91 90 90 90 88 87 88 54
78 78 79 80 81 81 82 83 83 85 86 86 86 87 89 90 93 95 97 98 99 101 101 101 103 103 103 103 103 102 101 100 99 98 98 97 96 95 96 96 96 96 98 98 104 117 138 169 145 121 115 110 110 103 77 87 91 97 82 87 78 100 83 85 90 80 77 82 77 79 88 89 103 146 158 138 122 117 114 109 106 107 108 108 108 108 108 108 108 109 109 109 109 109 108 108 107 105 104 102 101 98 97 95 94 93 92 92 91 90 91 92 94 95 96 95 94 95 94 93 93 93 91 91 91 89 89 55
77 78 80 80 80 80 82 83 84 85 86 87 87 88 90 91 94 96 99 100 101 102 103 103 103 105 105 105 106 105 104 103 102 101 100 99 99 99 99 98 99 99 100 100 103 109 121 159 145 130 115 109 104 104 102 104 103 96 90 90 79 90 77 78 81 79 90 77 84 85 83 90 94 130 156 140 125 117 110 106 107 108 109 109 109 110 111 111 112 112 112 111 111 111 110 109 109 107 105 104 101 99 98 96 95 95 95 95 94 93 95 95 96 97 97 98 98 98 97 96 94 94 93 94 93 92 91 55
78 79 81 80 80 81 82 83 85 85 87 88 90 90 91 93 94 97 99 101 102 103 104 104 104 106 105 106 107 107 107 106 105 104 103 103 103 102 102 103 103 104 104 104 105 114 130 175 165 127 115 114 124 99 87 118 108 81 86 82 79 76 78 76 75 78 82 84 73 65 77 80 97 116 159 145 120 118 116 109 109 111 110 110 111 112 113 114 115 115 114 114 113 113 112 112 110 108 107 106 103 101 99 98 97 97 97 98 97 96 97 97 99 100 101 102 100 100 99 98 97 96 95 95 94 91 92 56
77 80 80 80 81 83 84 84 85 86 87 89 90 90 91 93 93 96 98 99 101 102 103 104 104 106 106 107 107 109 108 108 107 107 106 106 107 106 106 107 107 107 108 108 109 110 117 155 171 137 131 110 126 99 87 101 95 99 83 79 82 75 78 85 78 80 88 72 82 77 63 81 93 110 152 155 144 135 123 118 114 111 111 111 112 113 114 115 116 116 115 115 114 114 113 112 111 110 109 107 105 104 102 102 101 100 99 100 100 99 100 101 101 103 103 103 102 102 101 99 98 97 97 95 94 92 94 57
79 82 82 82 82 83 85 85 86 87 88 87 88 89 89 91 93 95 97 98 100 101 102 103 104 104 106 107 107 108 109 109 109 108 109 109 109 109 109 110 110 109 111 111 111 113 122 157 173 126 107 111 102 81 87 86 91 84 92 72 83 81 78 83 78 74 77 79 71 74 75 71 81 100 146 165 152 136 126 120 113 112 112 111 113 114 115 116 116 116 116 116 116 115 113 112 110 109 108 106 105 105 104 104 103 103 102 102 102 101 102 103 104 105 104 104 104 103 102 101 99 99 98 97 95 94 96 58
80 82 84 84 84 85 85 85 87 87 88 88 88 89 89 90 91 93 94 95 97 98 100 101 103 104 105 105 105 106 108 108 108 108 108 108 109 109 109 110 111 111 111 112 111 114 117 137 175 122 123 124 129 97 83 102 84 75 85 86 81 94 82 81 81 74 72 75 71 64 72 82 71 82 120 160 147 129 116 113 115 115 114 113 114 114 115 116 117 117 117 116 115 115 112 110 109 108 107 106 106 106 106 106 104 105 104 104 105 104 104 105 105 105 105 106 106 105 104 103 101 100 99 98 97 95 97 59
80 83 84 85 86 86 87 87 88 89 90 89 89 90 90 90 89 90 91 91 92 94 96 99 101 101 102 103 104 105 106 107 108 108 108 108 109 109 109 109 111 111 112 111 111 111 116 143 180 151 129 125 114 86 104 98 90 94 85 83 84 84 81 81 74 76 69 78 79 82 71 72 87 98 120 148 160 144 131 122 117 117 116 115 115 116 117 118 118 118 118 117 116 114 112 112 111 110 109 108 107 106 106 106 106 106 106 106 105 105 105 105 106 106 106 106 106 106 105 104 103 103 102 100 99 98 100 60
79 82 84 86 87 88 90 90 90 92 92 92 91 91 90 91 91 91 92 91 92 93 94 96 98 99 101 103 103 103 105 106 107 109 109 109 110 110 110 111 112 112 113 113 113 113 118 133 178 149 124 111 111 92 87 91 87 76 87 78 92 90 80 74 73 72 82 71 82 79 64 70 82 77 97 137 156 143 135 124 120 119 118 117 118 119 120 120 119 119 118 117 116 115 114 113 113 113 112 110 109 109 108 107 107 107 106 107 108 108 108 107 108 108 107 107 107 106 106 105 104 104 104 102 102 101 103 62
79 83 85 87 90 91 92 93 93 94 95 95 94 93 92 93 93 92 92 92 93 93 94 94 96 96 98 99 100 101 103 105 107 108 109 111 112 113 113 114 114 114 114 114 115 115 115 124 177 157 124 114 88 86 79 87 97 69 74 77 78 75 75 72 79 85 81 65 79 73 74 71 85 87 95 132 155 150 139 132 126 121 118 119 120 120 120 120 119 118 118 117 116 115 115 115 115 114 113 113 111 111 110 109 109 109 109 110 110 110 110 109 109 108 108 108 108 108 107 106 106 106 106 106 106 104 107 65
81 83 86 88 90 91 92 94 95 96 96 96 96 95 94 95 94 94 93 93 94 93 93 93 94 94 96 97 98 100 101 104 107 108 110 112 113 114 115 116 116 116 116 116 115 115 115 126 169 169 102 104 100 82 86 90 73 86 84 78 81 78 76 68 67 85 69 76 64 71 67 74 82 76 109 121 147 146 129 124 118 118 118 119 119 119 118 118 117 116 116 115 116 115 115 114 113 112 113 112 112 112 112 111 111 110 111 112 111 111 110 109 109 108 108 108 108 109 107 107 106 106 106 106 106 105 108 64
80 83 86 88 91 92 94 96 98 98 97 97 97 98 96 96 96 95 95 94 95 94 94 94 94 95 96 96 97 99 101 103 106 107 109 111 112 113 114 115 115 114 115 114 114 113 115 128 165 167 122 110 89 103 86 105 80 81 103 60 72 84 77 81 65 74 75 63 72 67 67 66 76 80 84 105 137 155 133 118 118 117 116 116 115 115 114 114 114 113 112 112 112 111 112 112 112 111 111 111 111 112 112 112 112 113 112 112 113 112 112 111 110 109 109 109 109 109 108 107 107 106 105 106 106 105 107 63
81 84 87 90 92 95 96 97 98 98 98 99 99 98 97 97 96 96 96 95 95 96 95 96 96 97 97 98 99 100 101 103 105 107 108 110 111 111 112 112 111 112 111 111 110 109 113 124 168 183 122 110 107 89 95 105 96 75 92 81 72 76 76 70 69 73 63 71 63 69 71 77 90 79 84 108 128 161 157 140 127 112 111 111 110 110 110 110 109 108 107 107 107 107 108 108 109 109 109 110 110 111 111 112 113 113 113 113 113 112 112 111 111 111 110 109 109 109 108 108 107 107 107 106 105 104 106 63
85 87 90 92 94 96 97 97 97 98 99 99 100 100 100 99 98 98 97 97 98 98 98 97 98 99 100 100 101 102 102 103 104 104 105 106 106 107 107 108 106 107 107 107 105 108 114 118 157 172 137 112 93 102 103 93 86 73 97 82 77 91 79 79 79 82 68 57 64 70 65 75 85 80 71 86 128 151 142 122 110 105 107 106 105 105 105 105 104 103 102 101 101 101 103 103 104 105 107 108 109 110 111 112 113 113 113 113 113 111 111 111 111 110 109 108 109 107 107 108 106 107 107 105 104 103 106 62
87 89 92 94 95 96 97 97 98 99 100 101 101 101 102 101 99 99 99 99 99 99 99 99 99 100 102 102 102 102 102 103 102 102 103 103 103 103 101 102 101 101 102 101 101 101 100 103 130 173 140 125 122 108 94 79 72 76 77 78 66 85 90 80 75 66 62 72 63 70 78 81 70 72 88 74 94 140 148 128 115 115 105 100 99 99 98 99 99 98 97 97 97 97 99 99 99 101 104 106 106 108 109 109 110 110 110 110 110 110 109 108 108 107 106 106 105 105 105 105 105 104 104 104 103 102 104 61
89 91 93 94 96 97 98 99 100 100 101 101 101 101 103 103 101 100 101 100 99 99 99 98 99 99 100 100 101 102 102 102 102 102 101 102 101 101 101 99 99 97 97 97 97 97 97 98 130 179 142 118 83 95 94 92 67 69 77 68 72 69 78 75 73 66 58 66 74 67 71 89 79 74 80 99 107 131 159 138 125 111 98 93 93 91 92 93 93 92 92 93 92 93 94 95 97 98 100 102 103 104 105 106 107 107 107 107 106 106 105 104 103 103 102 103 101 101 100 99 100 100 100 100 100 99 100 59
92 93 94 95 97 97 98 99 100 100 101 100 100 101 102 102 102 101 101 101 101 100 100 99 98 99 99 99 100 100 101 101 100 100 100 101 100 100 100 99 98 96 94 94 93 93 92 96 130 178 159 124 97 117 105 84 93 81 69 63 82 93 83 66 66 69 67 64 71 80 70 76 68 85 82 83 91 118 156 139 112 96 88 85 86 85 86 86 86 86 87 87 88 88 89 90 92 92 93 96 98 100 100 101 102 102 103 103 102 101 100 100 100 99 98 97 97 97 96 95 95 95 96 96 95 94 95 56
93 95 96 97 98 98 99 98 98 98 99 98 98 99 100 99 100 100 100 100 100 100 100 101 100 100 100 99 99 98 99 99 99 98 97 97 97 98 96 97 96 94 93 92 91 90 89 90 100 150 158 126 122 115 118 90 96 83 74 77 74 70 81 77 66 62 57 62 58 75 71 77 84 87 96 90 83 95 143 149 117 88 82 81 81 80 80 79 79 79 80 80 80 82 84 85 86 87 87 89 92 94 95 96 97 98 99 99 98 98 97 98 96 95 94 93 93 93 92 91 90 90 90 90 90 90 91 53
93 94 95 96 97 98 97 95 96 95 95 96 96 96 96 97 96 97 97 98 99 100 101 102 101 101 102 101 99 99 98 99 99 97 96 96 95 94 93 92 92 90 88 88 87 87 86 87 99 149 176 134 123 107 110 98 82 80 87 66 74 65 83 76 60 53 63 70 70 76 66 61 80 67 88 89 99 110 132 137 109 96 83 79 78 77 77 76 75 75 77 76 78 80 81 81 81 83 85 87 89 91 92 93 94 94 94 93 93 93 93 92 92 90 90 91 91 90 89 89 89 88 87 87 87 87 88 51
92 92 94 95 95 96 95 94 93 94 93 93 94 94 94 94 94 96 96 98 99 100 100 101 102 102 101 101 100 99 100 98 99 97 97 95 94 93 91 89 88 87 86 86 85 85 84 85 94 152 167 118 123 106 118 90 60 70 69 76 70 69 74 72 68 66 71 68 76 63 70 77 69 80 74 70 71 97 124 151 133 104 87 79 77 76 77 76 76 75 76 75 77 77 78 80 80 82 84 86 87 88 89 89 91 90 90 90 90 90 89 87 87 86 86 88 89 89 89 88 88 88 87 86 86 85 86 50
92 93 95 95 95 93 92 92 92 92 93 93 93 93 93 93 93 94 95 97 98 98 99 100 100 101 101 100 100 99 98 97 98 98 97 97 96 93 91 90 90 88 88 87 86 86 86 88 95 139 168 139 103 100 100 88 80 91 82 64 93 64 74 64 57 71 62 62 67 67 62 67 64 80 83 66 81 79 109 148 138 109 90 82 82 81 80 80 79 78 78 78 78 78 79 80 80 82 83 84 86 87 87 88 87 87 87 87 87 88 86 85 84 84 84 85 87 88 88 88 88 87 87 86 87 85 86 49
91 93 94 95 94 93 92 91 92 91 92 91 91 92 92 93 93 93 95 94 95 95 96 98 98 99 99 99 98 98 99 99 99 99 99 99 99 97 95 94 94 94 94 92 92 92 92 91 89 135 176 133 117 121 107 68 62 79 79 63 69 70 77 80 71 72 63 63 74 80 72 56 54 72 73 62 65 84 96 130 124 105 96 92 87 84 84 83 82 82 81 81 80 80 80 80 81 82 83 84 86 86 86 85 84 83 83 84 84 85 84 82 82 83 83 84 86 87 87 87 87 86 86 87 88 86 87 49
90 92 93 93 92 92 92 91 90 90 90 90 90 91 91 91 92 91 92 92 93 94 95 96 97 98 98 98 99 100 101 100 101 101 102 103 103 103 102 101 100 100 99 99 99 99 98 97 104 128 159 148 110 108 102 78 78 86 78 74 83 71 72 77 68 68 70 64 72 69 65 66 56 64 68 73 86 95 95 128 122 102 97 92 89 89 88 86 86 86 85 85 85 84 83 83 83 84 85 85 83 83 84 83 83 82 83 84 84 84 83 81 82 84 85 86 87 87 88 88 87 87 88 88 88 86 87 49
90 90 91 90 90 90 90 90 89 89 88 88 89 90 90 90 90 91 92 92 94 95 96 97 98 98 99 100 101 102 102 102 102 103 104 106 107 107 107 106 105 104 104 103 104 104 104 103 109 134 182 141 106 111 99 100 82 62 61 82 61 60 65 87 77 67 65 67 66 76 61 66 78 65 62 65 84 84 103 129 138 117 105 96 94 94 93 92 92 91 89 90 88 87 86 86 87 86 85 85 84 85 84 84 84 85 85 85 85 85 85 84 84 85 87 89 89 90 90 88 89 89 89 89 88 87 88 50
88 89 90 90 90 90 89 88 87 86 87 87 87 88 89 89 89 91 93 94 96 97 99 100 101 101 102 101 103 103 104 105 105 106 106 108 108 110 110 110 109 109 109 109 109 109 108 108 112 133 173 156 134 109 93 90 86 94 89 88 65 78 88 80 83 66 67 63 61 74 67 63 67 68 65 72 75 78 87 120 135 122 109 101 99 98 97 98 97 96 94 93 93 92 90 90 89 89 88 88 88 87 86 85 86 87 88 88 88 88 88 88 88 89 90 92 91 92 90 90 91 91 91 91 89 89 90 50
87 87 88 89 89 88 88 88 87 86 86 86 86 88 89 89 90 91 93 94 96 98 99 101 102 103 104 104 105 106 106 107 107 107 108 109 111 111 112 112 112 113 112 111 111 111 112 117 121 127 160 164 122 117 97 109 99 87 76 97 74 68 83 80 79 69 62 65 72 63 72 65 73 76 56 62 60 79 87 108 142 125 110 107 102 102 101 101 101 99 98 97 96 95 95 95 94 95 93 92 92 90 90 89 90 90 91 91 91 90 89 90 91 92 94 94 94 94 94 93 94 94 93 93 91 91 91 50
86 87 89 89 88 87 88 87 86 86 87 87 88 89 89 90 91 93 94 95 97 97 100 100 101 102 103 104 105 107 107 107 107 107 108 110 111 112 113 112 113 113 112 111 111 111 113 114 114 115 149 171 140 125 121 95 74 79 66 71 71 78 75 70 72 55 51 54 61 74 71 60 59 62 63 65 76 72 75 109 135 131 115 107 105 104 104 104 103 102 102 101 100 100 100 99 98 97 97 96 95 95 95 93 94 94 94 93 93 93 91 92 93 94 96 96 97 96 96 96 95 95 93 92 91 90 89 48
88 88 88 88 89 88 88 88 87 87 89 89 90 89 90 91 93 94 95 96 98 99 100 101 101 102 102 103 105 107 107 108 107 107 108 108 109 111 112 113 113 113 113 112 112 112 111 113 115 120 156 180 138 123 107 104 96 99 71 65 64 79 86 66 59 63 60 69 56 60 69 66 72 63 61 75 74 79 76 102 128 126 118 112 107 106 106 105 105 104 104 104 103 102 103 102 101 100 99 98 98 98 98 97 98 98 97 96 94 94 95 95 95 96 96 96 97 98 96 95 94 93 92 91 88 86 85 45
89 88 88 88 88 88 89 88 88 89 90 91 91 91 91 93 94 95 95 97 98 100 101 102 103 103 104 105 106 106 106 107 108 107 108 108 108 109 110 111 111 112 112 112 112 112 112 113 114 123 156 174 140 123 107 108 104 83 75 70 58 82 71 72 71 65 62 57 70 60 63 65 69 67 61 64 75 81 71 90 130 130 121 114 108 107 107 107 107 107 106 105 104 104 103 103 103 103 102 101 101 100 101 100 101 100 100 99 98 99 99 99 99 99 99 98 98 98 96 95 94 92 90 88 85 81 78 41
88 87 87 87 87 87 88 87 88 90 91 91 91 92 92 93 94 96 96 97 99 100 101 102 103 103 104 105 105 105 105 105 105 105 105 106 106 106 108 108 108 110 110 110 110 110 110 110 111 121 149 182 146 130 111 105 105 81 92 73 85 60 72 67 65 63 57 63 52 64 79 61 59 58 64 75 80 75 80 107 130 125 111 108 107 107 107 108 107 107 107 106 105 105 105 104 104 104 103 104 104 104 105 103 103 104 104 106 106 106 107 106 106 106 105 104 102 100 98 96 93 90 86 83 79 74 70 36
87 86 86 86 86 87 88 89 89 90 92 92 93 93 93 94 95 96 97 97 99 100 100 102 102 102 103 103 104 103 103 103 103 102 102 102 103 102 103 104 105 106 106 107 107 107 108 108 109 114 145 175 141 123 121 108 83 95 83 55 68 72 62 59 68 60 60 57 61 66 69 58 61 64 61 65 67 82 72 84 118 140 121 112 108 108 107 107 107 108 108 107 106 105 104 104 104 105 105 107 108 109 109 108 110 113 114 115 115 115 116 116 116 115 114 112 109 106 102 97 93 88 82 77 73 67 64 32
85 85 85 86 86 87 89 90 90 91 91 92 93 94 94 95 95 95 96 95 97 98 98 99 100 99 99 100 101 100 100 100 99 98 98 98 98 98 99 100 100 101 102 103 104 105 106 106 108 116 131 166 139 123 121 108 95 69 60 70 72 84 84 61 56 64 51 62 67 64 74 71 68 68 64 50 63 83 89 85 113 136 129 115 112 107 105 104 106 106 106 105 105 104 103 103 104 107 108 110 112 113 114 117 120 123 125 127 128 128 128 128 127 126 125 122 118 113 108 102 93 86 80 73 67 61 58 29
83 84 84 85 86 86 87 89 90 90 91 93 93 95 95 95 95 94 95 95 96 96 97 97 98 99 98 97 98 98 97 97 97 95 94 95 95 95 96 96 98 99 99 101 102 103 103 104 107 112 122 156 148 128 115 100 70 78 93 62 55 68 68 67 63 58 65 55 54 56 56 49 63 64 69 67 73 73 79 88 106 130 117 108 104 102 102 102 101 102 102 101 101 101 101 102 106 109 112 115 117 120 124 127 132 135 137 139 140 141 141 140 139 138 134 131 124 118 111 104 95 86 78 70 63 56 54 26
80 82 82 83 84 85 86 87 88 88 90 91 93 94 95 95 95 96 96 96 96 97 98 98 98 98 97 97 97 96 96 96 95 94 92 92 92 93 94 95 96 98 98 100 100 101 102 102 104 109 118 152 158 111 94 90 86 94 90 74 76 62 60 66 59 61 68 57 71 56 57 71 61 61 70 65 64 72 84 80 109 129 115 104 102 100 98 98 97 97 96 96 97 97 99 102 106 111 117 121 125 130 135 140 145 147 148 150 151 151 151 150 150 147 143 137 129 121 113 103 93 83 73 65 59 54 52 26
78 79 80 80 81 82 84 85 86 87 88 89 90 93 94 96 96 96 97 96 96 97 98 98 97 97 96 96 95 95 94 94 93 92 91 91 91 92 93 94 95 96 97 99 100 100 101 101 102 104 115 145 155 121 110 98 96 97 87 68 62 61 60 66 62 63 66 69 60 74 66 51 55 58 61 54 62 74 77 80 103 124 124 114 105 97 95 95 93 93 92 93 92 94 98 103 109 116 122 128 134 141 147 153 157 158 159 160 161 161 161 160 158 153 148 141 134 125 115 105 94 83 71 61 54 51 50 24
76 77 78 78 79 79 81 82 84 85 86 88 90 92 93 95 95 96 97 96 96 97 97 98 97 97 96 95 95 94 92 91 90 90 90 89 90 92 92 93 94 95 96 97 98 99 100 100 101 104 112 136 160 132 117 114 100 93 85 92 77 71 69 60 61 56 66 64 60 54 58 56 58 58 66 68 72 61 73 77 99 130 117 101 95 91 90 89 87 87 87 87 87 93 98 105 113 121 127 135 143 150 156 162 165 166 167 169 168 170 169 167 164 159 153 147 139 131 120 110 99 87 73 62 56 51 50 25
73 74 77 78 78 78 79 79 81 83 85 86 87 89 91 92 93 94 94 95 96 96 96 96 95 95 94 92 93 92 91 90 89 89 89 90 89 92 92 92 93 94 94 94 94 96 97 98 99 98 103 131 159 137 128 113 90 85 86 80 76 75 65 61 52 58 63 59 66 64 57 66 61 58 63 61 58 74 77 75 94 109 102 93 87 85 84 83 83 83 83 82 84 91 98 107 116 125 133 140 149 155 161 166 168 170 172 172 172 172 171 169 166 161 156 150 143 134 126 116 104 91 78 70 63 56 52 26
73 72 74 75 76 76 77 77 79 80 82 83 85 87 89 90 91 92 93 94 94 94 95 94 94 93 93 92 91 91 91 91 90 89 89 89 89 90 91 91 92 92 93 92 93 95 96 97 97 97 100 133 167 140 119 98 103 88 80 83 72 56 63 59 70 57 64 64 57 65 63 65 63 61 64 49 59 70 71 79 104 119 102 90 80 80 78 76 76 77 76 77 81 91 100 110 119 127 134 143 149 155 160 164 167 169 169 169 170 169 167 166 164 160 156 150 143 137 129 119 108 97 87 79 70 62 57 28
72 72 72 72 74 75 75 75 76 78 80 81 84 85 86 88 89 89 91 92 92 92 92 91 92 92 91 91 90 90 90 90 89 89 88 89 88 88 88 90 90 91 92 92 93 94 94 95 94 94 101 130 162 139 121 115 100 83 85 73 63 59 64 61 59 55 60 65 56 73 64 52 55 71 78 63 69 59 72 87 101 116 106 91 82 78 71 69 69 69 70 74 81 92 102 111 119 127 134 140 146 151 155 158 160 161 160 160 160 160 158 158 158 155 151 146 141 135 128 120 111 103 95 86 77 67 60 30
71 71 72 72 73 73 75 75 75 77 79 81 82 83 85 86 87 88 89 89 91 90 90 89 90 90 90 89 88 88 89 88 88 88 86 86 85 86 86 87 89 89 90 91 91 91 91 92 91 91 103 129 159 142 122 106 99 81 76 87 70 65 61 61 56 64 57 62 59 65 64 56 57 55 56 63 66 62 73 84 105 118 91 76 71 66 65 64 64 64 69 75 83 92 101 110 119 126 132 136 142 146 150 151 152 152 151 149 148 147 147 149 149 148 146 142 138 133 127 122 115 107 99 90 80 69 62 32
71 70 71 72 72 72 73 73 74 76 78 80 81 82 83 83 85 87 88 88 88 89 88 88 87 87 87 87 86 86 85 86 85 85 85 84 84 84 84 84 85 86 87 88 88 88 88 89 88 89 95 125 167 147 122 113 99 88 83 80 68 59 65 50 51 65 69 59 71 75 61 54 57 55 51 50 54 63 76 76 92 112 95 82 67 61 61 59 60 64 69 75 82 90 98 106 114 121 127 131 136 139 141 141 141 141 140 139 137 137 138 139 139 139 137 136 133 129 124 119 112 104 95 85 76 68 63 32
69 70 70 70 70 71 71 71 72 74 75 78 80 80 82 83 84 84 85 86 85 87 86 86 85 85 86 86 86 85 84 84 83 82 82 82 82 82 82 82 82 83 84 85 85 86 88 88 88 91 100 124 158 146 105 104 104 87 75 52 66 52 57 49 51 56 61 66 59 58 61 55 49 50 46 55 59 58 79 79 97 110 85 65 61 59 57 58 61 66 71 76 81 88 95 102 109 115 121 125 128 129 129 129 129 130 128 126 126 125 126 125 125 125 124 123 122 119 116 110 102 93 84 76 68 62 59 30
67 68 68 68 69 69 69 69 69 71 72 74 76 77 78 80 81 80 81 82 83 84 84 83 83 84 85 85 84 83 83 83 82 82 82 82 82 81 80 80 81 81 82 82 83 82 86 87 87 92 101 143 160 133 115 107 93 97 71 65 65 52 49 51 48 53 65 52 52 48 60 48 55 43 39 55 52 53 68 78 98 111 87 68 60 58 59 60 63 69 73 78 82 87 92 99 106 111 116 118 119 118 119 119 120 119 117 114 113 111 110 109 108 107 107 106 105 105 102 97 89 80 73 66 60 57 56 29
64 65 65 66 67 68 68 68 69 69 71 72 72 74 75 77 77 77 78 78 80 80 81 81 82 83 83 83 84 83 84 83 84 83 82 82 81 81 80 79 79 80 80 81 81 81 83 85 85 87 97 137 154 124 120 105 106 92 78 70 60 55 51 42 51 49 64 58 46 54 60 56 55 49 47 55 61 58 64 88 97 103 88 76 64 59 61 62 66 70 73 78 82 86 92 98 103 106 110 111 111 112 112 113 113 110 107 105 102 98 95 93 92 90 89 87 87 86 84 80 73 66 60 55 53 52 51 26
64 65 65 67 67 67 68 68 69 70 69 70 71 73 73 73 74 74 75 75 76 76 77 79 80 80 81 83 83 83 84 84 84 83 82 82 81 80 79 78 77 78 78 79 80 80 81 83 83 84 94 141 154 121 116 95 92 80 91 71 62 49 56 59 47 48 56 62 58 52 55 56 46 44 49 63 57 63 56 68 88 101 91 74 64 61 62 63 66 69 72 77 82 86 91 96 99 103 106 107 109 110 109 108 106 104 101 97 93 87 82 78 75 71 69 68 67 66 63 60 56 51 47 46 46 45 46 25
64 65 66 66 67 67 67 68 69 69 70 70 70 70 71 71 72 71 71 71 72 73 75 75 77 78 78 80 81 82 82 82 82 83 83 82 82 81 80 79 78 77 77 78 78 80 81 82 82 87 97 137 149 123 120 90 93 72 74 61 52 47 47 46 50 54 60 56 49 53 59 48 43 56 50 46 49 49 61 78 91 105 88 71 64 66 66 67 68 73 77 81 85 88 91 94 96 97 99 101 103 103 104 103 99 95 91 87 81 76 69 64 60 55 51 49 47 46 42 40 37 36 36 37 40 41 46 26
64 64 65 67 67 67 68 67 69 69 68 69 68 68 68 68 69 68 68 67 69 70 71 73 74 75 75 76 78 79 81 80 80 80 80 80 80 80 80 79 80 79 78 78 80 82 83 82 83 91 102 124 152 133 110 109 101 78 57 49 53 51 56 53 62 53 51 49 57 51 53 49 47 52 57 53 50 52 54 59 81 110 88 70 70 71 73 76 80 83 85 87 89 90 92 92 93 92 92 92 93 93 93 90 87 82 79 73 67 61 55 50 45 40 36 34 30 28 25 23 24 26 30 34 39 43 47 27
63 64 65 66 66 66 66 67 67 67 67 67 67 67 66 66 66 66 66 65 65 66 68 68 69 71 71 72 74 76 77 78 77 76 77 77 78 78 79 80 80 79 79 78 80 82 83 84 84 84 92 123 158 134 121 105 74 68 68 74 53 51 62 53 52 56 44 59 58 51 53 51 41 44 48 56 54 61 62 58 80 109 96 88 85 81 83 86 89 91 92 93 94 94 93 91 90 88 86 85 83 82 80 77 73 69 66 61 54 49 45 39 35 30 27 23 19 17 15 16 21 27 32 37 41 44 48 30
61 63 63 64 65 65 65 65 65 65 65 66 67 67 67 66 66 66 65 65 64 64 66 66 67 68 68 69 70 71 72 73 74 74 73 73 75 76 78 79 79 78 78 79 79 80 82 84 85 88 93 122 158 140 102 85 73 58 74 55 46 55 47 56 62 54 62 47 50 49 46 47 42 53 48 50 48 60 62 77 91 111 97 86 83 85 88 92 95 97 100 100 100 98 96 93 89 85 80 77 73 71 68 65 62 58 53 48 44 39 36 32 27 24 19 16 12 12 14 18 24 30 35 40 43 46 49 32
