83 89 85 87 90 87 91 91 93 99 98 95 98 101 102 93 98 75 86 105 112 110 97 98 101 93 95 104 113 121 129 127 96 95 99 107 105 107 106 95 103 97 112 107 101 83 69 52 53 69 75 91 107 111 100 94 78 92 76 84 97 77 88 95 78 89 105 102 79 80 102 101 84 81 83 92 91 94 97 82 74 82 104 92 72 79 83 78 92 83 80 72 82 87 88 85 32 25 67 91 85 87 95 85 76 60 55 66 69 83 91 87 90 89 87 85 89 91 95 81 92 93 93 105 88 84 90 34
98 91 84 85 91 87 89 93 97 100 104 99 101 99 102 98 91 89 103 108 104 108 104 103 97 110 104 106 119 112 107 109 100 90 91 91 101 110 112 125 115 108 105 104 100 110 97 94 85 73 76 55 61 54 80 84 89 98 77 92 99 104 107 83 82 96 95 84 79 92 97 95 95 103 108 102 96 94 91 79 77 94 117 108 86 88 90 96 91 72 73 70 74 88 98 89 35 49 52 74 83 82 78 72 76 70 70 77 75 78 84 89 91 96 88 85 81 94 98 93 88 88 84 91 101 93 111 82
85 82 75 80 88 94 89 90 96 104 112 102 105 108 103 96 96 103 107 104 95 102 101 99 102 99 98 96 104 93 94 100 101 103 100 98 107 111 114 109 97 104 106 81 81 103 106 107 116 111 103 94 79 71 95 87 92 88 85 97 95 102 106 101 100 100 85 68 77 104 105 97 96 86 100 117 106 102 80 86 93 107 129 119 94 92 80 88 89 94 87 95 98 97 98 90 42 56 54 75 74 63 70 65 69 87 90 93 96 92 86 94 91 92 87 80 88 93 90 107 96 96 87 84 99 105 122 103
71 77 72 71 70 88 95 96 98 99 100 94 91 102 95 94 99 99 92 103 112 107 102 96 88 85 98 109 113 106 114 124 119 104 101 103 109 105 106 108 102 104 95 103 116 116 117 117 110 100 110 111 100 83 80 88 74 88 76 93 92 79 89 95 88 90 85 84 94 102 90 84 88 87 98 98 104 95 85 81 93 104 118 97 82 91 76 69 88 97 92 100 105 100 95 85 47 63 63 69 92 78 77 60 80 104 106 103 95 96 93 94 95 99 101 105 96 92 99 103 102 98 97 102 113 116 127 91
79 80 83 90 91 86 98 102 91 89 95 92 92 90 84 94 101 97 99 115 113 105 106 100 94 99 98 97 100 105 136 144 121 105 100 96 108 106 104 94 97 99 95 103 106 111 118 119 114 94 84 85 84 83 83 84 79 88 79 90 97 94 88 83 89 81 95 109 86 83 90 89 92 87 94 95 104 107 111 102 103 103 105 78 77 95 87 78 94 100 88 88 99 90 93 83 48 65 74 71 85 83 65 93 100 107 108 97 86 95 97 89 94 98 106 90 96 102 109 97 94 90 100 116 129 120 117 115
88 93 108 101 98 96 92 100 109 99 99 98 93 84 99 104 102 102 96 101 107 111 110 112 105 103 104 106 111 95 103 120 108 99 90 94 97 101 108 113 105 104 95 99 111 113 107 108 110 113 105 100 92 88 92 100 90 84 95 81 88 101 103 88 102 93 89 103 104 102 101 101 93 95 102 99 95 100 104 98 85 90 92 90 84 98 80 68 82 84 80 90 98 91 82 69 49 62 75 76 74 77 74 97 99 104 97 85 88 90 92 111 105 93 109 119 110 105 98 81 66 80 87 110 114 120 118 124
95 100 95 92 89 87 93 90 91 98 108 112 111 105 109 105 101 97 105 102 108 101 102 109 111 102 108 109 111 112 107 98 96 100 111 102 102 105 106 112 109 111 98 102 103 104 98 98 104 104 93 102 110 107 109 103 91 97 90 88 86 76 102 115 113 100 100 110 109 111 104 101 97 101 109 110 110 100 98 82 66 62 63 91 87 83 87 76 72 86 85 86 90 87 83 77 49 58 76 76 78 72 61 61 73 70 69 80 67 93 97 103 101 103 98 103 80 59 53 54 59 78 85 101 109 117 122 122
82 94 84 85 94 95 88 85 89 103 112 117 116 106 105 105 105 110 108 103 98 90 103 117 121 108 101 102 110 111 107 97 92 101 105 108 109 115 111 110 106 110 101 97 96 97 97 99 102 109 107 117 110 106 99 102 103 96 72 77 100 74 87 102 109 119 115 104 88 103 108 101 90 89 93 111 113 100 90 93 88 86 84 93 87 89 95 90 71 82 79 70 75 62 65 73 44 45 74 80 77 75 41 46 64 52 64 74 72 93 101 103 102 100 101 104 104 96 101 97 96 87 86 101 110 100 111 101
65 85 82 77 83 92 86 92 104 111 117 113 105 102 97 99 99 94 110 111 96 103 114 117 110 108 109 105 104 109 102 108 103 101 97 107 111 112 110 108 114 97 90 100 84 87 93 91 92 88 97 110 103 98 108 118 113 105 94 82 82 99 103 104 112 118 112 102 85 104 103 109 108 104 105 111 103 98 100 94 94 98 100 98 102 103 100 97 97 100 96 83 63 79 122 116 48 42 64 89 81 76 87 92 88 75 64 75 70 80 99 101 86 88 98 95 90 97 91 62 92 88 84 96 99 102 101 97
87 89 81 89 95 78 81 101 103 101 107 102 100 97 105 100 103 108 102 96 116 117 110 109 115 104 106 104 99 99 99 104 108 102 95 104 106 116 116 115 113 92 75 81 65 71 78 82 78 77 82 100 105 110 110 110 115 115 114 96 90 80 90 104 109 114 110 115 117 109 111 117 112 99 101 101 110 114 108 101 89 87 103 88 84 91 98 90 84 75 71 92 88 112 151 116 39 47 52 85 88 72 93 111 106 82 69 82 85 88 100 97 71 60 86 71 47 72 85 69 96 92 94 99 97 99 88 93
90 82 103 106 90 94 108 109 114 105 106 101 101 89 111 116 111 109 97 99 102 101 102 103 104 112 103 101 100 101 109 101 96 90 97 108 110 102 105 103 92 83 76 89 63 67 62 74 81 93 95 105 107 106 104 103 110 108 111 106 110 110 93 82 94 101 103 110 111 110 113 108 105 103 101 103 108 105 102 87 83 96 112 91 62 80 98 97 99 92 96 100 96 81 76 73 31 56 60 72 86 81 83 109 101 89 76 70 85 79 81 102 87 74 84 74 59 76 78 78 76 80 84 95 102 99 87 77
86 88 95 101 99 116 104 103 103 107 106 102 115 115 113 108 98 99 100 104 115 114 105 108 101 107 107 101 91 91 102 114 113 103 96 97 106 109 108 109 101 82 63 99 96 84 87 96 104 107 106 104 102 113 104 104 111 106 108 114 110 111 96 91 80 80 98 105 113 107 114 101 101 103 105 106 97 87 97 102 119 110 107 103 102 94 88 102 96 98 98 97 92 91 87 70 34 64 68 62 85 85 79 101 97 92 96 86 73 82 81 94 82 92 87 74 84 102 98 91 83 73 73 88 91 97 102 85
100 102 103 105 99 83 92 104 106 101 100 102 104 100 107 112 108 107 100 103 94 104 103 108 110 113 100 106 109 107 114 108 79 102 108 106 113 113 108 108 106 103 94 82 106 95 108 112 98 100 98 94 97 104 107 106 99 106 108 109 111 110 96 90 80 105 111 111 112 99 104 99 98 104 97 102 95 73 101 114 103 108 113 112 113 109 93 80 85 83 91 81 84 94 73 49 37 67 70 51 66 80 77 89 94 102 108 107 100 91 87 75 87 100 110 89 100 106 99 96 88 85 92 101 102 107 96 89
92 104 104 92 87 90 90 122 134 116 104 72 87 95 108 111 108 107 111 104 89 86 112 109 107 108 104 106 102 99 113 115 103 106 107 100 102 106 105 109 103 109 100 76 86 113 100 104 100 111 112 96 110 115 122 119 105 104 108 101 101 99 104 107 111 113 118 117 101 102 104 96 90 97 101 95 105 93 100 104 90 98 103 100 110 101 91 85 84 93 97 86 87 80 21 5 26 61 58 52 64 75 76 96 99 103 99 90 81 85 81 88 86 97 104 104 98 92 89 85 87 79 88 89 98 100 88 86
97 100 96 97 98 95 98 117 117 101 55 67 100 109 107 111 111 116 109 98 107 119 114 107 113 105 95 95 100 101 101 107 109 106 98 100 110 112 107 111 109 103 97 110 88 108 116 121 183 142 112 99 110 109 111 110 109 118 114 111 110 106 111 108 105 106 109 108 108 107 115 108 105 97 103 83 80 76 93 103 106 95 93 89 88 93 91 91 98 115 122 102 80 74 33 24 11 31 69 54 73 77 71 84 77 72 75 70 54 70 75 98 109 110 103 102 105 87 71 65 76 90 92 91 86 91 100 98
86 91 85 77 77 71 78 90 89 74 81 103 114 111 107 100 97 104 97 101 109 119 105 115 119 107 107 111 122 107 99 98 103 105 94 101 107 111 112 103 104 100 108 108 110 82 118 98 112 107 113 110 109 111 114 112 111 103 100 103 111 110 115 113 105 107 116 110 111 107 115 116 115 107 117 107 102 101 105 109 118 122 103 112 98 96 110 109 103 110 106 92 85 74 39 25 26 22 33 70 83 75 66 70 68 78 92 87 90 94 100 99 104 110 110 114 104 103 102 73 85 64 81 92 75 88 101 100
83 101 100 58 58 83 92 91 96 73 93 107 96 89 93 99 101 104 95 83 102 105 98 103 108 103 107 109 122 107 108 116 115 110 105 113 120 120 116 101 102 102 88 105 111 78 95 108 100 107 112 105 107 104 116 110 105 100 98 110 112 109 113 107 107 108 112 116 110 109 115 110 120 119 120 105 94 91 103 109 109 112 115 116 109 109 106 104 102 98 99 99 105 96 41 18 5 17 22 28 64 70 64 70 105 98 110 106 100 111 109 113 114 111 99 99 101 100 96 92 92 75 91 86 67 86 99 96
96 106 102 93 104 103 109 102 96 77 98 102 108 108 107 105 96 84 95 105 116 114 100 98 100 102 106 92 101 102 105 104 102 108 107 107 120 118 115 113 101 85 93 111 111 97 100 100 101 98 107 112 107 104 106 115 115 112 108 107 98 97 104 109 108 105 105 119 117 115 106 115 113 101 97 103 107 110 105 112 111 113 96 88 89 96 94 91 85 95 80 84 93 91 41 26 8 5 10 19 37 76 72 79 92 115 116 110 96 102 104 114 114 104 82 81 104 89 89 90 89 95 91 67 67 90 95 91
112 111 101 95 93 109 103 90 92 97 94 100 104 102 97 96 82 86 102 108 106 107 98 100 106 113 112 107 94 91 100 115 108 103 114 114 103 111 113 108 106 91 92 106 96 92 90 102 99 99 104 108 99 101 123 134 133 133 127 113 101 98 104 97 100 88 97 110 103 101 80 109 108 93 90 81 102 110 110 111 111 120 105 95 108 102 99 105 101 103 92 75 93 92 24 18 11 7 7 7 26 53 63 98 119 99 113 108 79 83 104 105 99 101 91 87 89 88 83 82 94 105 101 95 102 89 77 77
97 97 99 93 97 93 94 109 108 99 94 94 105 108 109 107 105 111 106 100 101 103 108 106 119 113 112 118 110 103 114 115 106 113 118 117 103 97 99 110 109 93 92 110 97 90 111 100 106 103 103 120 130 130 140 142 136 134 121 120 123 122 119 107 100 107 98 103 110 102 88 86 96 86 106 93 104 115 110 107 102 110 119 111 104 99 97 104 109 106 106 119 142 131 21 5 8 7 7 4 21 60 86 103 124 104 97 110 106 107 106 99 103 106 100 97 91 86 82 62 76 89 91 84 107 101 78 67
104 88 90 98 104 107 109 116 105 100 94 94 113 114 108 96 92 94 112 116 114 94 97 105 113 111 114 107 100 113 115 107 114 111 107 109 97 96 100 122 111 91 105 107 87 82 105 91 119 139 135 144 144 130 127 130 126 115 115 137 143 151 140 136 134 125 107 106 107 90 85 69 77 79 92 108 107 107 103 88 99 100 107 105 98 102 97 95 99 122 156 171 169 139 30 6 7 7 6 13 37 62 77 101 123 128 89 92 98 103 110 109 103 92 102 97 101 96 90 73 60 73 61 47 82 89 71 62
142 141 94 94 73 90 114 119 88 106 99 88 106 111 116 107 101 108 116 118 114 98 105 109 113 111 114 110 105 114 111 100 103 110 117 124 124 115 101 87 83 84 84 78 78 84 110 129 147 142 135 144 146 136 119 114 128 123 130 139 148 134 125 127 131 127 125 121 113 99 89 79 83 89 97 114 117 102 101 102 95 97 99 102 102 104 104 98 89 156 171 162 106 88 66 7 5 6 9 66 86 54 61 89 111 142 103 71 95 100 105 115 107 106 114 100 90 93 91 89 78 65 62 76 89 76 44 41
84 133 95 87 92 101 91 101 97 91 103 97 79 97 112 109 105 104 113 114 106 112 110 106 110 102 101 99 106 120 116 111 100 115 115 120 121 111 111 106 97 98 99 108 114 116 129 132 138 140 139 135 141 138 120 110 106 97 118 109 124 119 129 126 126 117 122 127 113 106 96 89 85 108 108 113 104 95 108 109 115 106 108 106 98 97 98 113 103 117 116 95 91 104 104 47 10 6 9 62 99 37 58 88 107 134 134 88 86 97 94 102 112 103 97 103 98 99 91 94 94 89 89 95 99 81 64 63
96 86 91 105 105 91 94 92 97 103 99 102 93 87 88 90 110 110 111 118 115 121 110 106 113 107 96 105 117 122 116 107 103 102 104 118 109 105 108 107 92 97 119 132 135 128 127 122 132 128 135 143 147 146 144 130 104 107 118 108 101 102 112 122 129 122 116 122 108 104 101 89 83 106 105 100 100 100 116 103 101 111 106 101 108 104 94 90 89 89 95 98 96 102 96 112 90 33 0 58 72 23 43 70 89 125 139 131 90 92 105 106 100 103 104 103 92 81 107 106 98 96 107 107 104 102 99 73
94 94 94 99 94 99 108 104 106 102 99 111 109 108 103 96 94 97 117 122 111 104 104 103 97 104 109 111 110 106 112 113 111 102 99 113 120 116 115 105 100 119 148 148 133 115 107 121 129 132 135 152 147 141 145 140 127 111 93 93 96 95 95 116 115 115 109 111 95 106 106 92 101 111 112 109 103 89 95 93 95 97 110 113 103 103 101 108 108 99 110 112 109 103 94 121 103 68 9 52 45 33 43 73 99 114 132 124 116 101 99 105 100 103 107 102 100 90 98 95 87 86 98 117 112 109 109 86
90 94 87 93 96 99 103 97 93 96 95 97 96 101 94 84 110 113 112 98 103 99 102 111 109 111 109 106 111 110 113 104 103 108 110 114 125 119 116 111 113 137 159 154 141 124 123 126 125 141 133 140 131 138 137 132 132 116 89 90 97 98 99 94 109 115 113 102 92 117 105 103 113 108 107 104 103 90 82 91 102 88 77 60 73 93 92 100 99 93 84 107 110 98 111 124 96 76 28 44 46 50 62 78 97 96 117 120 108 104 88 94 100 101 95 83 100 111 104 102 111 101 86 95 115 113 110 91
87 74 95 99 98 96 93 96 102 97 94 89 85 96 100 100 108 108 111 111 103 104 112 116 109 112 111 112 116 108 97 97 108 102 104 122 111 103 119 112 111 148 166 156 157 152 153 133 112 137 127 130 136 133 129 126 123 123 91 87 100 107 83 102 105 113 103 106 126 108 109 111 125 112 108 104 100 103 87 82 92 90 79 83 87 84 83 100 94 94 89 99 103 98 110 117 100 65 46 47 53 61 78 91 85 94 109 103 86 102 85 93 95 96 90 86 92 94 104 97 103 107 98 106 110 102 106 109
87 87 101 103 97 92 94 91 86 79 80 92 106 106 108 108 106 113 115 108 104 102 106 117 119 111 117 104 102 106 107 106 110 113 118 117 116 90 107 122 120 135 161 166 166 162 151 120 116 129 130 128 135 133 131 128 125 119 95 86 97 117 87 102 111 122 120 126 117 107 115 131 125 128 115 93 99 102 92 88 79 83 83 83 89 88 97 99 103 104 106 115 110 108 114 115 93 57 64 68 79 88 97 98 88 87 96 71 69 102 97 87 82 85 97 99 97 105 109 94 94 108 112 112 107 97 106 101
94 97 112 101 94 98 87 77 67 87 93 104 100 92 94 88 103 113 109 104 97 92 103 106 113 105 106 110 105 115 113 99 99 111 115 110 115 103 100 126 127 119 133 150 151 143 142 122 122 126 124 123 132 134 129 131 133 113 102 76 91 102 102 88 89 117 120 112 140 139 121 126 119 122 104 97 96 110 92 82 82 88 92 77 93 101 94 87 91 109 114 114 106 114 114 105 80 60 54 77 99 98 94 88 100 82 77 57 54 93 90 86 94 85 88 92 97 114 113 102 96 89 92 94 104 99 90 92
94 98 98 97 99 89 99 95 97 106 108 103 101 105 103 105 114 113 107 105 94 99 106 109 100 104 105 113 108 106 111 104 108 102 105 112 96 101 122 129 117 101 113 123 138 144 134 116 117 120 119 116 117 122 126 132 124 105 97 67 67 88 100 87 112 108 111 129 133 128 121 123 116 93 105 107 91 97 91 84 83 88 97 91 85 103 92 102 105 102 105 102 103 118 107 95 78 67 63 74 88 94 80 69 78 83 73 57 44 74 89 74 88 96 90 94 105 109 105 101 79 82 96 108 106 100 95 95
101 98 98 96 93 96 102 95 106 103 108 104 99 104 102 104 114 113 110 101 105 110 108 96 93 102 109 102 102 101 110 107 113 112 109 106 112 126 125 118 111 101 124 125 121 143 136 118 110 108 104 111 107 126 119 121 117 104 83 62 66 85 94 95 118 120 103 123 132 130 131 114 126 124 113 101 78 94 91 79 79 79 88 98 93 92 106 108 102 98 96 96 110 118 107 88 79 78 71 65 76 68 58 42 33 39 24 22 37 65 96 95 79 90 102 103 101 105 98 95 81 75 92 109 97 87 83 95
95 94 101 99 91 95 98 102 102 103 110 98 96 88 87 95 102 104 107 94 105 111 108 98 104 107 109 102 110 113 114 110 119 119 111 113 134 132 116 112 107 117 122 110 98 115 120 101 106 105 101 109 102 108 119 121 104 104 80 72 67 96 97 99 112 123 118 133 135 120 135 150 136 130 126 107 97 91 89 76 80 77 85 93 99 96 91 90 83 78 85 90 109 115 95 86 81 84 54 60 67 66 69 64 35 2 6 7 19 56 79 107 108 106 105 98 100 98 89 82 81 69 67 84 85 96 100 97
103 101 93 91 95 101 97 101 104 105 105 100 93 78 87 101 88 106 110 103 110 112 113 98 101 105 105 112 123 120 112 103 116 106 112 137 133 134 118 122 112 104 104 112 110 90 108 116 116 108 103 107 104 98 106 120 108 91 84 62 68 88 76 97 122 136 124 128 157 150 114 119 138 132 128 106 110 103 109 87 74 69 84 92 100 97 92 95 87 88 82 90 114 108 91 91 82 77 79 71 69 76 76 69 54 9 6 8 41 61 77 96 108 110 99 85 81 86 84 96 113 110 100 100 93 100 99 103
93 86 88 106 97 94 99 103 104 109 110 103 93 99 99 95 88 98 105 115 113 106 104 100 106 106 105 108 115 104 106 101 105 103 130 147 135 135 131 123 110 126 116 120 128 119 123 105 115 108 109 91 83 96 111 115 127 96 91 70 70 74 88 123 124 145 141 119 120 142 139 121 113 93 106 104 103 104 99 96 71 64 82 110 99 99 96 89 83 79 80 101 107 105 90 87 83 80 77 67 75 78 72 69 57 18 6 22 40 34 63 77 92 97 101 103 100 88 86 67 64 79 86 109 98 92 100 96
88 82 91 93 95 100 102 103 93 87 96 105 98 93 91 88 88 99 108 114 108 98 97 103 109 108 97 99 108 96 96 105 107 129 153 135 134 152 148 127 127 124 122 120 121 125 115 110 101 104 90 89 96 112 123 124 120 113 87 73 85 91 107 124 96 119 160 130 138 130 139 139 133 100 101 109 101 104 101 103 88 78 83 102 106 97 87 83 73 83 89 100 97 89 84 80 80 78 67 74 71 75 71 75 60 30 16 17 39 56 51 70 68 97 93 100 106 101 84 88 84 84 77 73 79 104 98 96
85 92 95 99 106 103 98 95 98 92 95 99 97 83 91 102 105 106 98 109 107 111 96 97 96 103 97 95 97 97 92 102 108 140 135 123 124 152 143 131 135 121 107 105 107 107 118 124 122 112 103 85 89 100 102 110 103 102 95 64 85 121 109 138 102 112 151 144 153 145 126 134 136 125 111 106 105 98 108 107 96 82 89 101 102 104 84 74 65 79 88 87 94 84 95 86 82 71 82 78 73 66 73 71 52 33 35 33 48 63 56 64 50 73 103 93 84 100 95 98 82 91 98 97 94 104 108 100
111 106 105 108 106 102 99 97 103 110 100 98 97 97 100 104 105 106 108 99 101 103 112 100 90 87 99 100 101 113 104 105 120 139 143 125 141 152 143 144 134 121 96 93 87 83 77 116 118 105 89 81 79 89 99 109 111 106 91 80 103 122 125 143 137 133 149 157 149 137 132 128 128 114 123 113 96 93 94 93 79 71 79 94 100 96 83 67 65 84 80 78 86 72 86 84 82 78 78 75 74 66 65 55 52 49 50 51 54 63 46 31 55 54 86 78 83 99 100 93 91 100 94 94 101 93 92 95
104 95 95 104 107 105 93 100 102 102 99 100 109 106 106 104 98 94 109 106 90 94 122 111 97 106 102 102 105 113 107 108 135 136 132 123 143 155 145 136 125 113 109 101 96 87 95 119 118 85 57 63 89 99 115 110 117 111 81 74 82 103 140 132 140 148 156 151 139 126 133 134 127 114 119 120 97 97 89 71 73 72 75 86 95 98 73 63 64 71 87 89 72 79 76 83 85 83 80 74 73 72 61 55 52 55 43 52 70 67 39 8 32 37 65 92 95 96 97 94 84 98 96 81 80 92 91 97
102 100 96 100 104 100 102 100 100 105 109 110 111 103 102 99 91 91 108 100 94 111 116 125 113 95 109 121 108 109 113 115 137 128 110 114 149 156 144 138 133 125 107 114 97 93 105 101 96 78 81 107 120 130 118 130 132 129 107 77 75 106 140 139 144 129 139 148 133 122 123 126 123 126 114 105 90 89 85 90 87 86 78 95 95 83 67 64 61 83 96 86 81 75 75 73 79 84 78 78 69 66 54 49 53 65 59 62 82 75 42 12 17 19 46 93 90 86 84 93 102 89 92 94 110 106 108 105
94 94 85 105 102 92 94 105 111 110 103 105 116 107 104 99 94 105 109 102 99 104 96 96 97 100 102 107 111 104 105 128 125 112 118 123 159 163 144 139 132 131 106 116 94 104 84 84 87 101 126 141 141 145 145 153 146 137 131 104 98 128 127 130 162 150 135 151 107 127 128 128 126 119 117 110 75 101 91 97 92 94 93 95 91 84 75 60 61 87 97 88 78 69 69 69 73 83 74 70 67 57 45 49 52 63 69 70 81 78 48 28 6 8 40 90 94 88 88 102 104 85 98 100 112 115 116 120
94 106 108 107 105 105 104 107 105 101 93 88 93 101 102 96 96 106 115 107 101 103 102 106 98 93 90 101 107 103 117 132 115 110 104 120 156 154 138 135 133 125 113 127 116 82 68 85 120 144 159 163 165 173 171 158 153 140 120 129 127 144 120 128 137 162 147 155 101 117 135 123 133 116 113 114 85 104 105 101 92 88 80 86 86 86 72 51 62 82 91 90 81 68 62 69 67 75 80 67 59 59 73 67 54 53 67 75 78 81 57 22 23 2 32 94 93 90 90 93 88 91 98 99 109 95 101 109
92 111 117 101 106 108 108 93 92 96 97 96 87 96 106 108 112 102 110 102 93 104 103 100 93 91 89 108 104 103 129 125 118 116 117 116 144 152 128 125 136 128 119 147 109 83 105 119 129 161 173 182 178 169 152 143 146 128 125 116 123 142 120 143 154 154 154 148 113 108 133 125 123 112 111 113 91 101 104 96 98 80 76 88 91 77 75 54 67 79 87 81 81 70 67 66 77 71 76 78 59 63 85 92 96 77 57 66 80 89 74 25 39 22 75 92 97 86 87 83 83 90 96 92 96 104 100 103
106 98 104 98 96 99 101 103 104 102 105 114 106 116 102 104 117 101 98 94 88 99 92 99 90 93 103 104 108 115 128 126 117 110 106 117 150 160 137 140 136 131 129 126 98 100 133 166 192 190 178 177 167 140 118 128 128 119 117 110 117 140 118 138 133 142 142 151 120 116 123 116 115 101 107 112 78 107 114 108 85 86 88 87 88 75 59 49 76 88 86 85 80 73 72 74 72 74 75 77 66 62 78 87 93 94 66 63 68 69 49 32 29 59 92 81 83 110 90 94 95 97 92 95 96 99 106 105
99 97 90 97 90 80 89 89 97 100 98 107 105 114 111 114 111 109 106 96 98 103 99 102 97 97 96 99 100 121 118 107 113 110 98 102 164 170 157 152 136 142 144 127 109 126 166 185 187 186 170 158 131 122 100 95 98 108 104 108 113 140 132 149 129 148 131 147 128 115 112 97 116 92 96 108 76 108 108 103 87 88 87 87 85 83 72 66 84 94 92 84 70 82 77 74 78 79 82 70 64 57 79 84 89 81 72 85 59 50 30 26 54 91 91 73 52 74 102 93 96 111 101 99 103 96 85 91
90 92 99 90 84 100 104 94 102 106 112 108 102 104 123 126 110 97 101 97 96 97 97 101 93 88 102 95 99 128 121 116 112 111 101 103 169 172 165 156 143 140 140 132 157 184 196 200 180 170 160 145 129 122 98 98 108 98 80 87 96 133 137 151 143 149 156 144 123 112 112 98 107 95 91 109 79 105 104 94 84 88 94 102 82 82 85 79 92 99 104 87 80 82 74 69 74 85 85 72 60 66 91 82 78 78 93 87 86 79 73 77 98 102 97 85 55 31 54 85 107 104 82 96 109 95 88 84
101 108 105 79 91 100 88 98 99 109 107 96 94 100 110 101 107 96 92 96 96 100 98 98 86 94 89 95 121 132 123 118 114 113 97 106 174 164 160 160 154 151 139 171 195 201 203 195 183 168 163 141 124 111 113 109 115 100 86 93 108 136 138 147 154 132 118 139 109 123 107 101 102 86 95 114 77 95 109 97 83 88 97 95 90 81 82 81 94 103 100 97 93 82 79 73 69 83 90 65 59 71 100 86 83 95 92 83 85 74 88 96 79 92 99 102 83 60 65 90 94 97 93 88 101 106 101 85
110 106 106 102 95 93 75 86 100 98 87 89 83 96 92 89 91 88 80 91 91 89 100 107 97 99 103 99 136 120 111 118 128 119 97 129 176 160 148 163 162 158 161 199 208 202 195 193 182 166 154 133 106 99 102 118 118 103 88 93 118 135 137 142 147 130 94 91 105 115 97 99 105 98 99 113 94 95 104 90 93 95 104 105 96 93 88 90 100 98 86 93 91 79 74 82 80 74 71 60 68 79 109 91 69 83 81 79 79 84 91 86 91 110 96 94 90 97 92 97 97 92 98 100 96 99 91 89
99 101 108 115 98 91 104 101 106 95 87 94 104 94 91 109 116 101 85 87 76 76 88 95 100 94 85 100 135 118 118 135 130 119 101 134 155 144 134 147 164 169 191 207 206 205 194 190 176 163 152 139 126 111 107 121 118 93 77 102 133 130 136 134 137 146 114 91 100 98 84 98 105 100 105 99 94 94 98 89 95 93 96 100 88 93 100 94 105 94 87 102 103 81 64 78 89 78 61 71 78 83 121 98 67 73 69 74 80 82 80 87 107 95 92 108 100 81 81 70 84 84 89 88 74 66 68 101
96 103 87 103 108 101 104 98 87 86 99 115 104 96 81 89 91 99 92 110 105 113 109 99 98 94 95 123 129 117 131 132 127 120 98 123 155 124 111 135 157 189 216 208 211 204 192 183 165 154 138 140 136 128 125 128 114 101 90 112 141 111 128 122 122 127 114 103 101 105 92 92 98 94 107 100 94 92 85 89 92 98 88 89 81 104 105 101 100 96 100 103 93 84 70 78 86 70 77 81 89 92 124 101 76 76 72 70 58 61 72 80 83 88 93 100 109 88 79 75 66 68 66 73 89 93 75 91
95 102 92 98 102 106 99 90 82 78 102 101 107 86 82 81 89 98 99 105 107 109 94 98 94 84 89 127 121 129 130 133 133 114 95 115 131 93 90 112 151 211 221 214 200 191 179 172 159 144 133 134 135 132 124 117 114 96 88 111 113 119 117 118 125 130 113 100 105 108 92 100 98 100 96 101 87 79 93 101 95 97 90 89 90 108 108 101 103 107 104 98 83 77 68 79 81 64 71 88 91 97 132 115 83 78 79 72 62 61 73 85 76 76 91 93 90 102 91 85 88 86 93 89 88 93 97 85
92 89 96 91 94 97 111 109 82 94 84 85 104 98 90 93 103 97 84 92 104 91 92 83 96 91 105 134 131 133 137 136 127 110 92 86 97 85 65 73 154 228 214 202 185 177 172 162 151 139 130 132 124 124 121 106 99 87 88 105 80 131 116 120 117 137 105 102 109 109 98 109 99 109 89 95 80 76 98 102 93 97 93 82 93 110 108 107 105 96 85 88 91 92 80 67 79 75 78 87 91 97 137 119 62 77 77 72 76 75 77 83 76 86 91 93 98 103 97 88 84 82 93 91 79 83 86 92
106 92 90 86 72 88 89 67 72 98 103 101 96 87 86 88 83 81 76 87 98 103 83 94 112 106 123 135 134 129 137 134 121 106 87 61 74 75 61 75 159 224 200 187 177 166 161 156 148 134 136 137 123 111 111 112 88 73 105 97 95 132 125 118 114 122 72 91 107 105 106 106 91 105 101 95 81 84 94 90 89 90 93 84 98 111 106 100 101 91 79 81 88 95 84 65 76 75 78 82 81 100 132 114 78 72 82 88 74 87 93 78 86 91 89 86 86 77 83 79 78 86 80 86 87 86 78 77
84 74 69 71 76 77 73 52 88 87 93 95 97 100 87 82 79 84 89 95 104 89 82 94 106 104 137 142 135 134 129 134 118 106 83 36 39 67 67 104 192 210 191 179 167 156 149 147 143 133 125 127 118 104 85 88 83 84 106 95 118 124 111 105 105 70 73 79 98 92 88 96 88 102 95 92 78 79 95 77 84 94 101 73 100 104 106 103 90 76 79 88 91 91 86 74 74 71 76 82 72 90 122 95 85 73 74 91 91 71 68 68 83 104 100 88 88 75 65 80 86 103 81 88 90 88 79 84
72 82 75 73 77 61 66 60 79 108 94 96 100 88 76 82 88 94 88 121 106 99 109 112 95 113 140 140 139 142 142 132 112 89 71 21 16 29 56 139 219 194 184 164 156 147 145 137 135 127 121 112 100 92 79 74 87 92 102 100 126 93 93 102 109 68 93 100 93 82 92 94 94 95 87 88 84 65 60 57 79 101 84 80 105 95 108 112 92 80 84 87 91 87 78 73 74 64 60 55 51 80 114 88 74 97 95 91 87 75 64 70 80 90 90 86 83 90 71 78 77 85 102 89 93 92 89 82
96 89 73 78 60 51 71 74 94 104 96 102 87 85 94 110 99 108 111 114 114 111 108 104 87 133 133 132 137 138 138 123 102 92 57 18 18 25 66 208 211 173 160 156 148 141 138 131 126 124 119 101 89 78 71 78 95 98 97 96 119 89 90 99 108 81 97 110 101 77 88 91 80 67 83 87 79 67 65 69 81 90 83 81 91 85 114 113 81 76 86 92 87 67 69 71 66 27 14 11 44 93 105 82 79 82 106 105 106 103 86 90 94 93 83 79 69 82 92 75 73 59 67 65 70 69 70 77
103 95 92 78 82 91 93 96 89 81 92 87 85 89 105 104 111 103 80 93 115 105 94 92 93 136 122 117 130 126 121 121 98 84 40 20 30 39 145 231 182 163 155 147 137 133 126 129 122 107 111 95 82 78 71 85 95 93 78 93 97 83 91 101 99 82 104 92 91 63 76 74 52 36 58 74 75 72 91 80 83 77 77 83 81 82 108 92 89 87 92 86 75 64 63 66 26 4 9 9 64 118 87 67 66 83 84 82 83 84 95 93 92 99 94 89 85 91 96 83 64 63 74 68 70 75 75 89
92 97 101 89 100 99 96 85 71 86 103 99 95 97 106 111 112 96 88 91 100 96 93 94 109 120 110 104 122 127 127 109 91 65 31 39 49 108 220 201 168 153 148 138 128 126 118 112 118 95 90 85 77 86 89 86 61 54 55 85 70 90 101 95 84 83 86 74 74 71 66 65 58 52 71 71 81 78 83 77 72 75 71 95 92 84 110 91 87 98 103 76 65 66 66 33 5 6 23 21 73 124 84 79 90 69 81 83 75 79 73 78 81 90 97 101 94 95 98 104 95 83 72 87 85 97 86 77
90 96 95 89 96 90 91 87 95 111 101 94 101 108 100 105 101 115 115 104 108 114 95 96 113 112 108 108 118 115 108 100 92 55 45 43 95 204 218 175 162 149 131 127 118 119 109 103 110 96 82 86 78 84 84 50 26 39 48 52 67 90 96 94 77 89 78 74 73 65 71 49 45 48 73 66 70 61 66 52 56 51 67 107 107 98 88 75 83 100 93 71 62 55 31 6 7 6 26 37 85 125 65 82 123 71 82 75 78 74 67 72 71 69 99 112 99 81 93 108 108 105 97 73 60 60 73 84
97 101 93 98 93 85 94 86 91 106 106 101 105 101 95 101 108 112 114 108 109 97 99 103 108 104 93 108 116 111 120 111 97 57 45 69 188 232 186 171 156 139 130 117 109 104 100 96 93 80 84 70 79 45 37 39 56 73 86 95 76 61 69 85 80 81 75 60 51 52 66 59 44 54 69 63 63 37 54 46 55 43 71 112 102 103 97 93 80 68 66 53 36 18 6 7 13 17 22 42 95 112 53 86 117 71 85 92 90 80 73 61 76 82 77 84 88 87 78 99 101 97 87 79 76 75 83 73
97 88 91 89 87 96 93 97 92 98 87 77 97 102 95 100 110 100 101 99 94 82 92 103 94 85 82 94 93 102 110 120 76 66 100 176 240 194 173 162 149 126 112 106 102 99 91 84 80 79 61 45 42 33 38 52 73 95 112 124 104 57 47 67 76 75 70 53 42 56 61 69 59 49 50 60 66 58 53 63 64 49 68 114 105 104 97 97 67 35 26 18 7 8 20 18 22 29 26 52 101 106 47 78 120 80 85 83 103 111 104 96 89 88 70 78 87 91 92 87 91 85 77 80 78 88 90 74
98 92 86 82 85 87 92 95 95 105 99 97 96 101 103 108 109 107 99 85 75 69 77 89 86 78 81 84 87 102 117 110 70 108 194 247 206 174 163 149 133 117 102 102 96 103 93 90 71 53 24 26 31 41 54 74 92 114 128 126 110 51 32 56 66 70 65 59 62 64 55 60 59 44 43 43 46 37 27 26 30 21 50 105 105 103 99 103 52 6 8 23 14 26 34 34 30 40 33 57 113 100 50 77 125 90 79 87 88 116 120 104 104 86 81 79 94 89 93 89 91 90 89 86 75 68 66 87
85 92 91 87 92 87 94 100 96 98 107 111 106 110 108 102 100 89 82 79 92 99 94 107 86 72 81 83 86 106 107 89 102 186 239 223 165 156 151 129 115 101 100 97 98 104 89 71 42 30 33 39 47 55 71 100 117 125 133 134 98 22 9 40 53 59 58 48 48 33 35 37 27 16 26 19 14 10 12 8 8 11 18 87 111 108 110 108 35 17 16 27 28 43 53 48 42 46 39 74 130 92 66 90 126 96 95 95 78 112 135 133 98 89 84 85 93 94 88 85 97 85 80 91 85 70 63 79
86 85 91 93 91 86 88 99 102 106 105 98 108 103 101 85 91 98 85 93 111 117 116 107 76 86 93 85 80 110 103 138 195 236 234 180 159 153 136 119 108 103 97 83 81 106 81 53 48 46 53 58 65 72 91 121 132 136 120 125 66 11 9 14 18 25 35 33 27 21 9 14 17 27 35 37 35 38 45 41 28 35 26 81 114 119 114 122 48 25 30 45 39 43 44 49 52 46 56 89 133 103 64 89 112 130 120 99 104 116 132 134 115 95 92 82 87 94 86 95 98 92 93 89 89 67 70 71
89 91 93 87 91 99 91 93 110 104 94 93 109 103 99 105 110 104 95 117 114 125 108 89 86 88 90 83 85 112 149 204 232 234 191 151 151 136 113 106 88 72 61 60 74 100 79 63 63 67 68 64 77 97 125 133 129 150 141 101 32 28 31 41 35 29 35 44 36 50 43 40 52 52 59 58 51 54 59 52 49 40 29 55 103 120 121 131 65 38 46 33 49 53 45 44 50 45 72 100 134 112 68 90 104 114 125 106 136 133 120 111 116 107 87 97 91 97 89 97 103 106 96 86 81 92 88 84
87 91 91 89 89 102 83 68 109 109 109 107 102 102 94 99 105 106 110 95 99 108 95 87 88 92 90 67 94 172 204 230 228 189 153 143 125 110 86 61 59 56 56 66 71 90 82 76 82 77 78 90 108 124 136 142 140 148 142 75 35 53 60 55 63 59 61 59 56 56 57 66 68 66 66 71 66 72 69 62 53 42 32 42 92 125 131 134 78 51 56 53 41 58 56 59 55 50 82 102 122 107 82 115 105 87 120 111 125 133 126 124 114 102 92 99 91 90 97 94 96 87 85 89 100 85 86 77
90 89 95 90 101 103 117 111 105 108 97 95 99 103 86 97 98 83 122 130 99 81 86 83 94 91 84 126 181 211 230 226 195 158 135 128 106 78 61 46 58 60 57 64 72 90 96 92 83 87 102 114 128 142 151 149 145 140 116 57 56 65 80 73 58 61 74 64 67 64 69 79 74 70 66 72 75 75 75 74 62 56 46 43 66 118 127 135 92 55 58 64 55 70 67 67 59 51 79 89 114 96 68 104 107 109 134 139 117 119 93 84 94 97 94 95 91 93 96 91 78 84 79 72 91 98 79 94
95 90 101 83 87 99 98 97 97 105 101 103 99 93 94 98 101 117 132 123 85 85 94 92 95 111 163 195 211 228 219 193 156 134 114 96 74 72 65 59 48 38 46 56 68 101 110 96 93 113 119 128 140 155 154 145 139 132 73 66 78 69 83 88 72 75 75 88 76 80 70 82 84 82 87 89 85 76 66 58 71 68 69 52 44 94 131 130 108 65 72 64 59 67 75 69 68 61 82 91 103 102 75 76 108 121 112 109 115 112 96 89 80 95 105 102 97 92 91 98 85 85 77 77 81 83 83 81
90 89 97 76 78 90 83 80 100 94 87 95 95 77 81 84 112 156 121 100 100 83 91 114 154 181 193 214 229 208 177 147 126 104 85 73 76 62 51 53 50 43 47 49 87 117 111 96 125 130 133 145 157 167 154 138 132 99 56 78 81 90 91 79 75 76 81 87 82 61 62 64 95 95 93 93 83 87 73 41 66 64 62 55 47 73 124 129 119 85 80 82 77 71 74 73 70 54 82 86 85 96 95 90 97 136 117 87 118 132 127 104 99 78 97 96 94 97 86 90 84 95 91 87 94 87 75 86
102 93 88 81 83 83 90 93 96 92 96 94 87 83 71 68 109 151 124 102 89 94 144 170 174 186 224 219 206 170 146 126 106 82 65 58 54 57 53 46 56 44 51 54 109 125 111 126 146 138 144 156 163 158 144 130 103 62 71 83 90 87 79 84 88 78 97 97 72 62 53 76 90 89 83 86 86 85 56 44 74 62 74 66 59 65 114 124 123 91 66 81 80 73 77 76 75 65 75 79 81 84 91 104 114 128 131 109 110 113 120 103 103 86 73 84 91 95 86 104 93 82 83 94 97 95 85 92
107 99 99 95 84 82 99 90 98 99 91 69 64 66 74 82 83 121 138 135 137 151 149 162 194 219 211 188 156 139 117 101 74 70 74 68 72 69 54 53 59 59 50 69 133 132 132 156 150 149 162 166 159 146 133 101 68 87 88 89 88 91 90 104 111 101 110 108 73 70 77 96 94 90 84 89 87 81 38 47 79 82 77 75 66 71 102 122 126 103 70 68 85 86 86 80 79 64 70 83 89 100 98 111 128 127 141 134 137 130 125 114 93 96 103 100 103 94 82 89 99 88 77 89 92 89 102 91
91 94 93 101 106 97 95 100 110 101 84 81 84 91 91 114 161 177 162 141 123 141 175 205 204 189 180 151 137 120 92 77 77 95 102 96 74 66 70 54 50 52 53 113 145 149 161 158 150 157 165 158 141 130 88 60 101 122 101 92 96 93 92 110 107 111 116 126 119 102 100 104 102 94 99 96 90 68 31 66 89 92 82 81 76 78 94 118 129 113 79 71 80 88 81 87 84 50 54 71 87 100 98 110 131 122 154 134 123 130 121 114 97 91 83 95 103 109 95 82 94 102 83 84 81 87 106 99
95 96 101 100 82 85 89 106 99 87 89 79 92 97 85 118 165 120 101 111 138 183 195 187 179 161 148 133 114 84 66 67 76 103 101 95 71 60 79 61 60 56 84 154 149 163 162 146 149 165 161 145 125 89 54 75 104 117 95 100 100 91 102 106 99 123 130 137 128 112 96 95 99 93 97 93 90 74 38 72 87 91 90 76 80 79 87 114 125 128 97 88 83 87 88 98 94 47 34 56 92 86 72 101 97 133 151 151 133 130 125 117 103 95 93 95 100 99 96 91 83 91 94 79 79 94 86 87
106 113 111 83 74 85 102 103 86 100 114 90 85 95 97 135 141 108 99 161 194 189 162 176 162 136 132 113 73 52 66 74 78 92 93 82 63 72 73 67 72 68 139 151 163 169 143 143 158 159 143 110 70 59 76 86 96 92 94 100 107 125 118 103 124 127 111 110 107 90 97 94 99 96 92 86 85 83 85 87 96 92 95 76 72 87 97 112 124 128 99 97 94 100 93 101 98 67 32 43 62 47 69 98 113 115 121 122 147 135 118 112 103 99 86 93 88 90 93 97 86 76 92 88 113 98 87 87
105 109 130 88 98 115 100 103 99 106 95 90 87 77 97 136 131 124 181 190 166 149 171 164 145 138 105 46 42 51 61 61 75 83 89 66 64 71 70 68 64 112 157 159 166 157 143 159 161 147 104 42 68 82 89 99 101 87 91 95 97 113 113 104 109 108 101 100 92 95 88 90 93 78 78 86 105 104 103 101 99 79 85 98 109 116 104 81 128 137 108 78 94 100 96 98 104 104 61 32 32 31 73 105 104 113 109 99 138 138 109 116 87 82 87 99 96 96 100 90 74 80 88 85 117 108 95 101
101 107 143 105 66 100 102 101 88 92 93 83 86 80 119 126 166 196 177 145 146 173 149 139 125 108 43 22 53 55 57 56 69 82 77 72 75 68 65 57 88 158 159 168 169 142 160 171 159 110 50 70 78 75 93 97 97 93 97 92 110 100 102 101 97 95 97 88 91 93 88 90 93 87 99 106 103 104 100 99 92 109 132 150 142 94 66 74 122 138 123 94 92 93 91 97 104 103 77 33 39 45 93 99 98 99 99 99 103 114 114 105 82 86 95 96 96 103 99 98 96 91 95 89 90 94 104 102
109 113 145 114 37 49 82 83 80 81 86 82 80 80 152 134 185 159 132 126 154 151 129 122 112 44 8 25 32 38 56 72 84 70 61 74 67 68 64 77 158 152 164 176 157 149 168 167 134 52 60 78 75 78 87 93 93 91 102 111 111 108 102 94 97 93 86 89 102 89 85 91 99 91 100 107 113 106 108 103 105 163 154 111 85 78 77 72 103 128 120 105 89 83 87 107 104 105 99 88 60 65 100 92 92 92 88 94 114 117 114 100 135 104 99 104 94 98 90 87 82 78 86 79 82 90 101 97
108 111 143 125 58 57 92 92 93 92 75 77 99 115 164 139 148 105 112 153 135 122 139 114 51 6 8 32 43 50 58 68 86 65 62 81 87 78 79 152 163 166 178 168 155 166 171 154 86 67 82 78 90 89 94 99 89 91 104 101 99 91 90 97 102 107 106 100 106 103 96 88 94 100 101 105 103 108 107 101 111 105 74 79 95 86 76 65 88 114 117 118 98 92 97 102 102 103 107 91 70 90 102 111 103 90 93 111 122 136 137 117 138 121 100 94 111 105 93 83 87 78 62 74 96 93 95 99
114 93 130 129 90 64 96 95 99 93 81 105 100 159 180 172 128 116 143 141 125 119 113 78 8 8 6 33 50 67 61 62 77 64 57 69 78 71 133 170 168 177 180 160 171 174 165 115 72 89 95 96 105 97 99 99 96 90 83 76 91 98 92 95 108 125 118 106 105 107 110 102 106 96 107 112 103 104 106 105 102 84 93 92 94 92 74 69 86 95 115 113 100 103 107 108 115 110 105 81 82 78 87 91 92 97 94 115 134 143 127 129 132 105 98 93 107 97 85 75 76 65 58 79 90 102 96 101
98 77 91 129 121 83 80 91 106 106 116 138 116 183 200 196 143 144 130 102 116 114 99 35 7 9 11 31 45 63 67 76 74 72 68 79 79 114 173 173 182 181 168 168 175 169 134 67 81 92 90 88 100 96 102 110 102 110 83 84 98 99 87 94 105 115 113 110 103 98 100 113 105 92 96 109 112 109 102 104 101 102 106 99 99 82 72 63 86 93 100 103 86 107 109 114 106 102 99 105 88 85 91 92 97 95 95 103 122 125 121 109 135 118 108 107 109 100 89 80 66 56 81 88 99 107 100 102
89 79 61 103 132 108 76 90 104 102 117 119 115 177 194 179 138 136 100 117 125 114 80 8 10 8 21 38 51 55 71 80 75 86 91 72 96 166 172 179 176 177 169 178 176 154 84 69 71 89 88 71 92 97 105 109 95 96 75 99 98 101 88 88 100 98 94 98 95 110 108 107 103 94 102 115 120 113 102 102 107 100 91 97 94 77 77 73 87 97 90 101 86 104 110 115 105 92 97 111 106 106 106 92 110 98 91 107 103 96 114 118 124 117 107 113 103 98 99 73 88 95 88 85 102 108 108 110
73 76 76 69 112 131 94 91 97 94 91 89 122 173 178 160 140 131 111 108 98 50 14 9 10 14 34 46 62 65 72 81 87 92 76 82 156 163 175 183 176 178 186 187 176 103 57 81 87 95 82 64 74 103 121 114 109 98 96 100 89 94 94 96 94 104 104 101 103 107 111 114 115 108 118 110 114 114 111 105 117 118 99 104 109 92 89 84 86 78 73 98 99 96 106 120 113 80 88 101 104 103 108 92 109 106 100 102 118 133 110 130 130 108 102 102 100 104 104 92 99 99 105 111 94 104 109 110
76 83 94 86 66 108 100 79 93 82 82 83 144 181 158 142 143 124 127 75 23 16 8 14 12 31 51 53 62 76 69 75 83 81 86 143 163 170 174 181 174 182 182 180 145 64 84 91 95 82 62 80 114 111 113 126 114 101 96 93 90 86 89 106 104 110 105 95 117 114 118 111 110 113 109 103 109 110 109 107 114 110 105 98 88 93 91 89 91 80 75 99 112 104 97 103 113 97 77 77 94 95 102 110 121 118 125 106 115 141 126 127 126 98 105 97 101 107 99 101 105 102 92 94 88 98 104 118
96 122 118 106 81 59 64 60 90 93 83 73 158 179 148 155 137 141 95 15 29 16 11 20 15 26 47 56 69 83 71 84 77 87 147 157 155 173 178 168 171 185 185 157 77 74 103 98 89 70 66 129 139 126 121 140 117 103 107 95 95 101 104 105 97 90 99 102 100 107 114 113 96 98 97 97 98 96 100 96 110 108 108 81 91 89 88 81 75 98 96 96 105 104 107 87 89 110 108 102 91 91 106 122 127 130 143 145 130 131 124 124 120 116 112 94 90 95 105 100 102 110 96 100 95 86 92 96
119 130 119 102 89 65 61 85 100 99 88 88 154 173 157 165 136 128 46 22 37 15 17 20 23 56 67 69 83 90 86 83 95 141 152 148 173 175 170 154 170 184 178 109 55 93 89 87 65 58 117 153 142 124 137 151 140 111 100 94 91 96 121 122 120 111 86 98 108 111 100 107 108 106 102 106 117 104 93 94 97 109 106 90 97 93 84 57 56 91 97 85 65 101 95 100 111 124 106 122 126 103 99 123 118 117 123 148 159 157 148 138 138 137 106 90 69 80 103 103 102 100 91 94 92 90 88 84
127 130 123 88 81 91 93 87 88 92 83 92 157 171 157 146 127 86 12 31 30 15 25 22 43 64 68 78 76 76 84 97 160 151 123 157 181 178 155 158 166 180 145 63 100 109 79 53 57 104 140 165 146 139 137 147 142 114 103 95 97 113 126 106 119 113 93 93 101 93 96 109 99 100 110 110 103 97 101 90 90 97 105 99 93 87 87 49 37 63 88 86 45 76 83 75 92 105 103 102 115 102 102 123 128 125 125 148 158 148 136 140 152 125 113 97 82 95 93 98 102 113 101 97 83 90 94 90
131 114 103 91 97 88 82 60 51 74 84 85 165 168 154 130 112 25 19 37 17 16 25 21 50 74 79 92 86 77 96 178 154 107 153 160 153 157 152 149 179 166 83 68 113 72 50 68 121 124 132 167 154 157 151 154 149 108 115 111 118 122 102 88 91 93 82 86 98 92 102 100 80 101 108 110 106 89 95 96 93 92 93 106 80 86 108 61 36 38 61 60 52 79 81 98 108 93 88 103 109 113 118 125 131 114 121 143 153 144 137 98 139 135 125 117 102 72 74 83 95 103 98 98 99 97 97 99
98 93 101 100 104 90 86 94 92 86 76 83 175 171 153 126 94 9 20 20 11 20 21 19 59 74 76 77 87 92 115 161 113 104 138 159 155 156 148 158 179 128 49 92 55 45 95 118 110 108 115 164 174 169 162 171 151 131 121 115 97 104 106 102 99 96 96 98 97 98 102 91 93 103 108 105 100 102 95 95 104 118 96 110 88 106 98 88 70 41 29 39 73 86 73 84 89 95 105 97 93 104 109 99 105 115 126 145 149 148 112 72 142 115 102 114 96 83 84 96 89 97 105 104 106 85 67 83
75 99 110 102 96 97 94 93 103 104 84 93 184 171 139 133 78 7 14 10 12 19 10 31 61 67 74 74 90 80 97 148 103 127 158 158 157 148 143 160 154 64 48 53 39 90 129 113 103 117 124 149 180 165 150 162 172 158 120 112 116 106 105 110 103 106 102 98 106 107 96 96 93 103 109 103 97 103 89 95 107 125 129 121 125 117 104 86 68 47 37 44 84 86 109 102 96 82 99 102 90 86 98 111 82 103 109 128 142 133 93 76 131 117 97 99 94 99 96 106 94 111 125 106 105 100 95 105
97 96 95 105 88 95 102 95 88 97 72 103 179 164 133 132 54 7 14 9 17 16 11 60 76 67 83 93 84 76 87 141 127 160 167 155 137 133 129 158 112 49 62 62 86 111 131 94 77 109 121 120 157 120 104 125 147 149 134 113 113 104 109 110 92 94 99 91 108 100 101 96 88 116 105 110 119 115 91 92 94 110 132 124 113 117 109 112 86 60 56 68 81 83 127 100 86 97 81 90 74 79 84 95 92 101 115 139 147 129 81 76 113 104 98 92 81 92 95 92 83 88 100 93 97 100 98 100
93 92 86 96 102 102 89 84 83 98 80 132 185 165 128 129 34 8 11 21 27 10 24 76 71 74 85 92 92 83 75 126 154 168 160 139 128 113 117 137 63 55 72 83 96 123 122 97 105 112 115 110 111 112 113 110 126 127 117 113 104 105 104 103 97 87 98 89 100 98 97 87 89 103 104 114 114 117 125 114 100 91 124 141 132 144 110 107 105 89 86 95 83 122 120 100 110 101 105 112 92 86 85 85 127 110 129 142 144 143 121 109 118 98 85 82 95 94 98 86 75 80 83 93 87 90 99 93
79 78 83 98 106 85 83 78 90 92 99 165 172 140 128 112 14 8 8 28 21 10 41 63 61 72 67 86 101 83 74 115 168 165 158 122 138 123 136 111 56 70 79 87 99 120 109 92 112 124 109 93 100 107 100 107 107 115 109 112 114 101 108 98 94 103 108 94 99 96 91 81 93 101 122 115 118 141 134 130 116 84 107 150 158 149 119 122 131 119 121 118 133 137 107 92 104 109 139 120 104 94 102 116 131 129 143 139 145 150 132 120 115 102 99 85 87 92 100 94 76 71 67 67 65 87 99 88
80 84 84 72 88 84 81 88 94 83 93 167 159 133 133 91 8 8 15 21 22 15 53 71 69 81 78 71 87 75 72 108 167 182 169 134 143 146 149 75 71 87 78 90 106 137 111 103 103 107 99 95 107 103 96 100 107 101 93 103 114 99 97 100 99 95 96 100 92 95 106 107 100 116 125 123 151 155 155 155 118 88 106 156 160 143 137 137 129 111 122 129 142 129 112 106 105 108 135 145 134 107 111 111 131 140 144 127 132 141 124 116 104 106 110 100 94 95 105 100 82 81 75 68 73 77 98 97
99 100 94 82 79 70 81 95 91 75 115 176 161 122 133 68 6 7 17 19 14 30 72 80 96 83 71 75 86 71 78 118 187 187 175 155 144 136 121 59 86 89 95 95 111 138 101 106 108 109 110 103 108 107 109 112 100 93 95 110 108 98 101 100 101 112 106 101 101 95 108 132 129 119 145 151 147 134 145 141 120 114 113 150 156 151 160 163 129 114 117 133 148 131 114 105 96 98 115 118 145 137 132 141 128 129 137 138 122 120 102 115 113 108 95 100 109 110 97 93 93 89 89 80 65 82 95 102
102 95 93 90 91 97 94 96 86 81 150 174 146 117 131 41 6 10 15 13 9 53 83 80 97 94 87 95 87 69 81 136 199 177 194 170 149 135 84 65 82 82 100 103 117 144 96 92 93 114 137 113 109 103 107 107 97 109 102 103 106 102 96 104 108 102 114 112 108 102 97 113 124 116 141 121 121 119 143 136 133 128 124 158 158 154 128 125 145 146 146 133 138 127 121 119 99 110 110 110 123 130 138 135 133 140 151 153 136 108 98 133 125 98 107 98 104 108 100 100 94 90 94 95 87 92 96 86
73 72 89 103 84 83 83 87 62 91 174 169 131 120 120 22 6 11 15 8 25 67 72 76 80 87 90 93 79 72 75 132 178 181 185 165 153 115 48 51 63 68 96 106 117 130 100 90 102 111 124 114 100 104 104 100 91 96 87 97 89 93 100 115 111 100 107 108 94 86 96 104 108 109 110 109 97 89 115 135 158 141 142 147 147 150 151 150 167 168 156 148 148 140 129 128 132 132 142 134 123 127 115 112 129 143 121 131 129 105 75 114 111 115 103 96 102 99 104 104 101 90 101 101 93 95 98 85
85 84 86 97 78 90 77 68 63 139 186 153 135 128 92 7 7 20 14 8 46 70 71 65 68 78 87 89 67 66 70 108 172 166 170 150 159 86 58 69 62 71 86 106 101 93 92 89 90 108 108 102 101 90 104 94 91 88 82 90 95 97 99 105 110 108 102 117 112 102 95 107 106 93 111 104 95 82 117 153 159 165 142 118 112 133 155 157 167 169 160 154 156 150 136 131 135 146 140 155 145 125 121 147 152 144 112 98 110 81 81 101 93 103 106 100 96 102 108 96 103 99 101 109 98 87 86 95
87 84 93 98 85 94 86 87 86 176 172 145 140 133 60 5 15 20 15 17 45 73 77 66 82 79 77 79 75 79 80 94 175 170 166 161 146 81 62 68 67 78 87 89 93 85 85 92 92 93 109 84 89 101 105 108 105 94 98 94 79 91 101 109 109 104 112 105 104 102 101 102 107 117 112 123 98 71 110 142 152 162 158 130 96 138 163 166 161 154 159 157 159 146 145 140 135 138 139 159 150 127 128 135 124 112 123 116 121 101 113 120 113 108 111 110 106 109 112 104 104 101 101 89 101 85 93 94
79 87 92 93 79 94 100 71 139 187 153 136 125 116 29 5 12 15 13 37 68 75 77 76 79 82 86 80 79 91 72 78 178 180 172 172 142 97 73 77 85 83 91 98 107 94 94 92 116 117 111 95 101 93 108 109 97 96 104 107 98 89 85 90 101 92 87 104 113 115 118 116 120 115 111 129 123 105 129 148 174 176 158 150 139 156 161 162 163 156 154 156 151 153 146 151 153 155 155 155 149 129 131 127 102 97 104 126 122 89 117 112 108 104 98 100 104 108 110 105 102 105 105 85 89 73 89 94
94 96 97 95 90 100 95 107 179 150 136 126 111 103 11 6 11 10 11 50 75 73 76 85 66 61 84 95 87 78 63 50 147 196 175 170 152 123 86 70 88 94 91 94 100 117 109 121 111 102 98 110 114 105 104 89 80 89 107 97 83 77 93 97 96 96 87 86 97 119 131 138 109 108 110 111 118 132 145 152 179 165 156 153 153 165 162 162 164 160 135 164 170 156 146 155 149 153 157 154 149 126 130 110 104 92 92 107 117 107 101 112 95 105 113 107 105 103 98 103 107 102 96 95 79 78 98 106
85 92 93 103 103 97 111 167 146 130 117 115 114 77 6 7 10 7 23 62 70 79 94 89 73 77 88 95 96 77 71 56 100 201 177 171 153 128 82 70 75 87 109 104 92 98 116 112 100 91 102 109 114 115 105 101 98 96 89 84 89 107 85 92 90 97 83 83 114 130 130 135 114 139 150 114 102 129 172 181 172 165 157 149 162 170 174 169 169 159 156 168 169 158 152 150 144 140 162 164 144 146 139 127 119 112 107 114 108 98 131 127 114 106 106 103 96 99 104 96 94 102 97 89 91 93 104 103
92 90 88 93 99 105 140 153 136 130 114 103 110 57 4 10 10 7 34 63 85 75 70 62 78 84 84 90 96 72 85 61 63 178 183 176 163 135 67 77 84 100 101 102 96 101 99 98 95 105 107 102 106 116 108 98 94 94 96 91 102 103 80 66 89 93 94 102 111 124 132 143 132 136 141 98 97 140 179 171 160 159 158 162 162 169 173 168 162 167 167 168 162 157 165 176 169 163 169 149 145 151 144 132 125 133 121 124 118 110 118 105 99 105 104 105 111 102 100 106 99 93 102 93 86 86 95 100
91 77 86 98 93 100 142 134 145 131 123 95 100 35 4 12 9 10 49 62 74 74 78 82 77 82 91 92 88 80 80 53 48 139 200 167 162 149 82 83 103 108 107 106 101 94 96 96 115 101 106 103 105 110 115 95 98 104 106 98 94 102 99 89 98 106 109 112 108 124 134 151 164 150 135 132 114 146 162 158 149 150 161 161 161 170 176 170 163 165 168 168 164 157 160 164 164 165 159 147 155 161 150 134 138 135 118 108 103 114 91 106 112 107 96 70 89 93 96 97 86 93 104 102 92 83 92 97
82 87 92 107 93 122 152 143 139 132 106 96 89 20 6 11 6 28 70 72 58 52 69 71 75 89 88 98 99 86 81 70 50 95 195 167 172 165 105 82 99 101 102 104 102 94 84 95 102 96 104 107 111 112 103 93 106 112 105 112 125 121 101 99 109 105 120 126 139 137 148 154 163 164 155 146 139 145 154 155 147 144 154 147 167 179 162 167 150 162 163 164 170 172 176 163 159 160 152 144 157 147 144 146 141 138 113 103 93 110 99 103 110 101 108 101 74 79 93 95 93 87 99 103 98 97 97 100
91 94 90 91 94 156 132 125 105 122 94 97 75 5 8 10 6 48 72 73 62 69 78 87 81 87 82 100 90 86 83 78 60 80 196 168 181 167 116 81 89 108 99 100 113 117 98 91 90 98 108 103 98 104 95 90 100 106 114 112 122 135 115 108 140 131 122 135 143 154 134 143 150 169 173 152 142 151 146 149 162 154 151 147 165 177 172 176 170 157 167 168 170 167 173 162 155 151 153 155 161 162 159 154 130 137 132 117 96 105 117 117 106 108 109 107 92 98 92 100 83 85 90 92 93 99 103 106
81 88 89 88 113 146 113 97 82 111 94 99 57 2 8 8 16 67 74 74 84 76 78 93 95 98 104 100 93 92 94 81 64 68 184 168 176 183 123 76 81 91 106 116 101 101 89 94 108 104 112 111 113 94 94 106 103 109 110 115 119 105 109 127 127 115 119 129 138 150 151 143 148 155 166 151 146 140 146 146 144 132 149 157 162 171 187 182 171 167 173 170 175 175 168 163 160 161 159 163 164 161 164 156 125 115 130 117 110 115 86 94 103 103 97 115 105 104 95 95 76 73 83 92 96 102 103 100
80 83 82 90 108 128 108 81 78 99 83 98 45 3 10 6 36 67 83 84 80 99 89 87 97 86 108 100 94 83 89 87 66 60 165 171 165 179 150 88 96 90 98 116 113 101 96 100 112 116 116 100 96 99 92 109 117 114 112 123 119 99 105 124 110 89 104 138 133 134 142 138 163 159 133 147 160 149 147 137 109 115 142 157 170 182 180 167 164 177 172 169 166 169 175 175 168 165 164 167 167 151 140 147 139 131 123 122 120 121 77 67 74 99 106 101 101 95 99 103 99 94 91 84 74 99 106 104
76 77 79 91 112 100 84 72 73 96 91 105 34 4 8 11 56 69 71 88 97 92 74 93 98 83 77 90 68 91 86 85 73 60 171 173 156 168 150 88 91 92 104 103 101 100 103 96 102 110 111 100 96 98 105 112 113 98 103 120 99 82 97 98 103 112 117 109 126 144 135 115 129 146 134 161 141 148 150 134 138 144 145 171 184 183 173 165 155 167 169 168 164 170 174 162 164 160 160 156 158 136 110 121 132 135 121 117 110 111 96 87 92 90 100 98 104 95 100 97 85 94 93 72 83 87 95 100
75 83 87 85 102 83 84 66 75 95 93 89 53 5 6 26 66 77 96 85 97 90 91 97 87 72 74 92 88 98 96 83 73 61 153 174 161 170 155 99 89 99 99 101 101 99 108 104 105 111 103 114 119 113 120 113 108 111 99 91 62 66 103 120 110 106 138 111 133 152 124 106 116 120 120 137 125 141 158 168 150 143 154 159 143 145 159 167 165 177 174 165 164 174 158 156 162 158 147 146 147 111 85 96 119 110 110 112 114 119 105 71 104 100 96 100 104 105 89 93 95 101 91 80 94 91 95 95
83 85 85 73 62 72 76 85 81 80 63 39 43 7 6 36 66 77 88 90 88 93 94 92 88 93 100 98 94 88 90 92 77 67 152 189 164 169 155 102 95 90 98 103 107 105 108 84 88 111 106 109 117 118 114 113 109 108 104 100 104 122 124 113 103 92 103 99 103 127 110 119 124 90 108 130 134 136 153 159 166 164 158 148 129 129 142 176 173 184 175 163 158 157 154 160 150 150 151 125 121 107 96 82 100 98 115 113 105 104 109 100 102 102 109 105 98 104 98 106 91 90 96 93 102 95 96 92
93 88 94 72 74 64 86 92 80 62 18 28 21 6 9 60 80 95 83 97 84 79 81 93 96 90 91 92 86 91 101 94 90 67 154 195 163 170 161 114 82 93 103 106 103 106 86 68 78 96 99 104 106 108 115 116 110 117 99 121 117 116 111 97 94 102 96 104 118 125 128 129 126 112 99 125 130 131 139 151 163 167 178 168 148 134 157 180 176 180 181 168 162 166 159 145 138 127 142 109 110 130 122 97 111 107 112 105 93 97 93 91 94 103 118 101 100 102 95 101 90 96 102 102 107 101 101 103
81 80 75 82 70 68 96 85 78 34 3 7 5 5 20 71 80 89 83 86 93 84 95 90 86 99 82 85 84 89 94 91 100 76 142 198 172 166 152 119 86 93 85 98 107 95 86 79 72 74 80 106 99 108 111 116 106 101 92 88 87 90 86 93 77 103 107 102 104 114 130 133 138 132 100 122 128 126 137 137 128 155 147 163 160 151 171 165 171 183 174 170 171 163 140 139 132 113 106 94 98 119 115 110 124 117 111 100 102 91 90 90 86 92 103 97 104 107 100 96 94 102 104 106 108 102 106 97
71 79 75 69 75 102 89 73 60 16 6 7 7 4 40 84 94 88 89 87 89 81 94 92 74 88 93 90 88 95 90 85 91 79 127 198 166 162 144 120 85 90 94 99 96 89 77 70 67 70 71 88 91 95 117 116 97 73 83 85 105 101 100 106 100 94 96 105 107 105 127 124 136 133 113 104 132 135 125 117 106 122 128 156 161 156 164 164 172 173 152 155 169 159 133 140 138 108 89 94 103 99 109 116 100 108 110 109 94 91 85 92 99 95 97 103 104 107 102 95 100 100 96 99 106 107 105 94
83 79 83 75 93 104 85 62 38 7 7 7 6 14 72 81 91 89 86 95 95 89 88 90 83 85 80 86 84 90 86 80 83 77 107 199 165 155 146 124 96 91 98 88 78 73 57 63 64 72 95 97 106 107 106 95 84 89 84 93 102 93 97 95 66 90 104 103 98 95 109 121 113 111 130 123 130 120 111 122 115 110 129 148 145 146 156 160 152 163 165 132 132 143 134 134 134 109 102 98 112 121 107 111 108 106 105 115 118 112 106 97 96 100 99 102 102 103 98 97 95 88 94 94 96 99 98 93
78 80 82 76 105 102 68 44 27 6 8 7 4 36 73 79 81 82 96 96 98 92 84 84 82 79 91 81 77 90 91 89 85 67 100 194 154 140 137 122 74 86 91 87 87 78 64 62 57 57 69 88 111 114 105 101 104 107 75 75 100 102 81 68 77 96 94 97 114 106 103 93 93 112 130 134 135 145 134 125 119 123 132 131 120 144 149 166 149 145 144 128 116 116 129 128 122 94 95 101 107 131 108 102 113 111 109 113 115 102 83 107 98 97 97 93 94 93 95 90 90 89 96 99 87 89 98 90
85 82 79 77 99 91 59 44 20 7 8 7 5 52 81 82 89 97 97 96 103 103 92 89 87 94 94 89 93 91 90 96 97 67 83 171 144 126 124 117 63 68 73 87 85 91 80 65 65 73 85 86 107 117 108 110 67 61 85 82 74 81 85 79 93 109 89 78 89 80 68 71 75 87 125 146 139 144 139 125 114 119 131 128 124 138 151 164 159 160 147 134 120 97 91 99 111 93 83 98 90 88 91 102 108 103 105 108 99 95 99 106 92 107 104 94 99 100 83 86 91 87 93 93 75 90 93 87
84 76 75 80 98 86 50 40 11 9 7 5 16 62 86 95 96 96 88 88 95 89 89 90 91 96 87 95 91 93 96 87 76 70 71 131 162 130 122 117 63 45 55 75 92 96 92 83 87 98 103 100 99 113 102 84 96 96 98 77 81 91 89 98 94 88 95 81 107 86 63 43 65 78 108 131 124 135 136 98 105 115 130 123 123 142 147 160 166 163 154 148 128 92 92 100 86 94 86 84 81 88 90 91 97 95 81 94 108 102 97 105 102 105 110 111 91 81 74 78 92 95 92 91 96 99 106 98
84 89 82 93 109 80 44 24 8 9 7 4 34 64 87 95 89 89 99 100 99 96 97 97 93 86 83 81 71 71 81 82 73 68 55 75 149 114 127 125 73 48 64 77 81 84 83 94 101 101 111 103 103 106 106 107 102 98 97 102 98 105 108 116 100 104 102 95 98 73 69 77 73 73 88 112 121 132 120 86 95 117 126 118 122 141 148 149 162 163 169 160 139 131 114 107 93 97 95 84 94 90 88 96 99 95 90 85 91 105 92 89 94 97 99 99 96 63 85 82 71 95 81 84 98 104 93 95
91 89 85 107 109 71 23 13 7 8 7 8 53 79 91 95 90 88 93 98 97 101 105 98 107 97 89 73 71 78 80 81 82 70 56 64 124 104 123 123 75 61 75 83 96 93 82 103 111 102 102 101 97 101 106 111 103 105 98 107 106 111 103 102 92 101 104 94 94 85 65 74 86 105 117 108 103 100 94 131 129 118 128 110 112 121 136 156 168 168 168 131 130 141 137 122 110 100 90 82 98 101 99 105 83 84 88 90 86 91 98 97 99 100 97 93 96 87 72 92 90 67 68 80 91 92 88 73
85 76 92 100 88 54 14 10 7 7 5 27 65 91 103 93 84 95 102 100 99 106 112 90 93 93 91 87 76 99 98 74 74 60 48 63 112 103 108 112 78 56 81 76 90 101 98 102 104 99 105 86 95 107 104 96 104 108 103 107 103 111 88 92 103 102 93 86 83 87 85 80 83 95 117 88 98 109 122 133 131 125 127 107 104 125 158 160 169 164 155 155 162 148 146 127 112 89 90 77 94 102 98 94 93 87 90 90 80 91 98 100 99 99 102 97 77 93 98 97 112 89 80 81 87 80 96 87
81 75 86 94 87 57 18 11 10 7 8 54 79 97 100 96 79 101 112 114 106 93 100 96 99 108 106 100 85 75 92 76 83 68 46 54 85 81 79 100 80 64 93 90 97 104 101 99 104 108 105 99 107 109 98 99 107 103 108 97 96 103 90 102 97 85 90 80 92 79 84 89 81 108 105 81 80 89 111 140 139 138 125 124 120 131 130 127 155 153 165 157 148 149 166 165 118 90 85 83 86 89 102 98 100 86 94 94 87 90 101 102 94 102 105 88 89 100 111 99 93 114 98 87 93 69 87 118
69 77 81 87 80 49 18 12 10 4 16 70 81 88 91 91 85 100 106 106 103 92 98 99 98 103 114 100 93 91 81 76 82 70 44 47 90 49 59 91 73 56 88 98 95 98 103 102 94 97 96 99 102 102 97 105 103 99 104 100 96 98 95 87 90 81 96 86 89 89 88 75 77 104 102 104 92 93 108 134 135 142 149 129 119 138 153 163 148 164 163 151 142 152 152 179 125 89 83 74 92 95 98 100 101 96 85 91 90 98 99 95 91 88 94 99 87 101 103 107 94 91 82 79 85 81 66 94
76 79 74 64 58 34 19 10 9 9 39 83 83 88 105 94 97 95 97 97 89 93 102 91 96 114 121 111 95 86 88 79 84 67 37 30 84 58 64 87 81 62 81 89 87 90 86 100 103 95 87 98 99 103 102 102 104 104 103 99 95 89 82 89 90 78 85 94 95 95 84 81 81 95 100 97 100 98 98 140 136 122 125 116 129 132 123 149 154 164 159 157 141 145 165 162 139 122 78 82 87 86 84 78 88 90 82 83 85 98 92 89 85 88 98 99 99 101 96 104 107 87 55 78 80 90 75 78
74 80 71 67 72 18 12 9 12 22 58 85 86 94 91 96 96 91 86 84 89 94 97 95 106 120 102 105 115 90 66 80 74 74 57 25 77 97 88 74 74 65 87 87 84 93 87 94 112 94 84 101 111 106 103 105 100 104 99 93 91 88 96 89 93 87 84 86 83 86 87 91 107 92 84 89 90 94 113 130 133 125 121 124 146 111 104 115 162 161 162 157 140 125 162 150 124 105 82 81 79 88 67 84 88 93 86 82 77 79 92 83 88 90 93 94 95 90 94 99 102 87 41 66 97 81 80 90
67 73 70 77 60 4 10 10 20 24 57 74 94 93 86 89 88 86 91 100 91 97 103 100 98 106 104 106 124 103 73 75 80 68 78 78 81 119 100 70 72 86 90 90 98 99 95 90 102 100 90 106 110 107 100 97 97 96 95 96 96 92 98 98 99 109 102 93 82 95 106 112 96 84 86 82 92 98 118 133 148 129 119 127 129 116 134 142 152 155 151 148 116 104 121 122 95 106 95 108 101 96 88 86 89 88 86 79 83 79 79 94 95 90 78 84 74 85 93 100 102 75 72 51 59 78 87 92
75 73 66 75 32 11 10 30 20 37 80 84 97 96 97 92 98 94 93 95 91 98 83 89 110 97 93 88 105 92 103 102 86 75 74 71 77 115 95 70 73 82 90 90 94 99 89 95 103 98 102 99 102 102 104 101 96 91 75 66 80 87 96 103 91 87 83 84 90 88 96 99 91 77 87 90 77 98 127 135 140 119 101 96 106 91 123 144 154 163 140 116 129 104 83 92 89 88 76 82 87 77 81 74 76 81 90 89 88 87 80 87 96 81 83 87 87 75 80 86 91 96 106 88 78 76 85 94
67 69 66 57 41 33 21 16 19 64 81 81 83 101 91 86 92 92 97 104 101 101 90 98 107 102 80 102 109 108 106 90 85 88 67 49 48 117 114 79 72 69 87 90 97 103 95 94 109 104 97 93 87 102 91 84 88 93 87 83 94 100 99 101 102 93 85 80 90 99 104 112 102 85 82 95 97 101 127 142 133 126 100 78 83 92 95 128 145 157 123 92 110 113 77 88 97 92 86 88 89 85 67 81 77 78 90 90 96 95 88 84 80 82 87 83 85 80 87 103 101 94 99 96 87 88 80 86
67 71 60 47 65 55 43 24 49 85 84 92 94 98 85 87 82 96 86 94 87 78 91 106 107 100 100 105 106 118 105 95 82 83 72 49 34 106 127 86 65 76 91 101 96 96 106 103 98 100 91 89 99 91 79 76 85 79 84 89 112 111 96 100 97 98 81 70 87 87 92 104 109 98 93 100 93 104 127 128 136 132 88 70 92 115 94 118 117 119 139 124 104 97 90 101 111 109 89 82 82 75 78 77 88 91 92 101 93 101 93 86 83 81 79 87 76 78 81 93 101 98 103 101 91 96 89 78
74 78 52 55 62 71 79 69 74 80 86 100 88 100 93 102 83 92 91 95 80 87 97 109 115 106 107 105 109 112 109 99 80 68 69 64 51 83 121 86 60 67 80 92 99 89 92 98 81 94 91 91 92 98 87 85 85 70 83 92 98 101 92 88 82 84 82 85 79 83 84 88 105 98 101 97 86 105 120 124 126 114 80 76 116 124 74 103 111 93 108 109 111 98 89 93 106 114 94 87 76 80 78 74 77 79 86 98 97 93 84 89 94 90 81 84 89 80 93 87 89 98 97 96 105 111 115 90
