59 45 32 23 32 62 60 40 48 64 48 45 77 47 46 45 41 43 46 51 61 63 58 51 52 70 65 84 96 91 82 85 95 77 86 83 88 88 79 42 70 78 60 88 118 107 89 80 75 82 79 87 106 85 94 98 99 82 73 74 79 82 84 89 91 92 80 74 82 88 87 91 86 93 87 93 108 111 124 113 86 101 124 120 118 129 124 102 93 89 89 103 96 88 68 84 97 107 117 116 107 94 100 112 96 82 97 99 92 80 60 54 59 80 85 82 58 58 67 53 48 59 59 68 76 78 76 24
64 48 42 46 50 59 48 43 54 66 57 56 72 53 52 51 49 49 53 54 61 61 55 49 58 70 68 92 92 91 83 84 87 81 92 89 78 79 80 50 76 81 77 100 108 91 75 66 68 82 93 95 101 78 92 90 95 93 76 75 72 67 69 81 92 102 105 101 101 97 90 88 91 101 103 91 94 106 124 120 91 99 118 115 105 119 124 93 85 90 95 102 85 75 41 72 91 105 108 101 106 103 105 112 101 87 102 111 101 96 81 57 62 79 85 86 56 59 68 60 53 57 64 75 72 76 78 52
61 52 50 50 51 59 53 51 58 68 67 61 64 55 52 55 56 58 66 62 58 59 55 47 64 75 77 91 91 93 85 81 79 77 92 92 69 74 89 64 79 75 72 75 74 78 65 61 63 70 89 99 105 80 93 93 94 96 77 67 67 63 68 76 91 109 118 117 115 104 94 96 111 114 112 89 79 90 101 104 92 102 106 102 89 93 119 101 82 88 92 97 82 71 29 58 74 89 99 81 80 91 96 94 92 92 95 111 106 108 104 74 74 75 83 96 55 53 66 64 61 49 55 74 59 57 57 45
58 49 40 41 47 55 54 54 54 63 65 61 64 52 49 55 57 62 67 63 56 53 56 58 74 78 72 79 91 98 88 81 77 72 94 99 78 75 89 65 71 71 75 59 58 75 68 71 66 61 84 96 104 85 96 101 90 95 81 74 66 67 71 74 83 103 107 108 106 91 80 93 113 108 101 81 71 82 94 86 86 106 103 98 88 83 112 108 88 84 84 95 99 95 65 74 72 76 90 74 60 67 81 70 67 80 84 110 116 115 115 97 81 75 84 103 63 51 63 72 61 38 34 53 53 45 28 33
69 49 38 40 46 55 54 54 52 56 61 63 65 54 54 54 53 53 54 58 57 49 58 64 73 62 53 70 80 96 93 81 83 71 96 105 87 70 84 56 67 75 78 64 68 77 79 79 71 70 97 102 112 92 95 101 88 94 87 87 75 67 68 66 75 92 91 91 94 74 58 77 96 91 84 62 69 96 102 73 84 102 104 98 95 91 107 104 92 88 84 85 98 113 94 99 79 76 86 69 54 59 75 65 58 69 84 109 118 124 131 112 82 77 82 98 72 60 68 80 73 49 41 47 55 51 26 51
76 51 47 45 48 59 57 58 54 58 63 66 68 58 56 54 51 48 50 63 64 59 61 56 57 47 49 72 68 87 95 88 85 76 101 100 91 66 82 61 79 98 96 90 91 84 82 80 77 86 114 117 119 98 83 90 91 98 88 94 87 67 61 61 76 88 83 85 86 66 43 57 85 91 94 76 81 110 105 82 80 91 102 94 93 97 108 99 91 97 87 80 85 109 95 105 89 79 87 58 43 61 81 80 61 64 80 98 118 136 144 124 88 73 75 80 73 66 64 84 83 68 62 56 69 57 40 67
77 55 50 47 50 57 60 66 55 60 68 69 70 57 58 58 57 49 54 73 74 73 64 53 54 56 63 80 70 83 90 85 82 85 91 87 94 78 86 71 86 101 102 100 96 86 82 81 90 110 124 118 114 99 72 77 81 94 88 92 96 80 66 69 85 91 82 77 77 65 50 60 88 99 104 93 105 124 106 92 78 85 97 92 91 100 107 100 93 99 90 75 80 106 88 102 102 94 102 72 45 70 86 87 76 70 83 103 125 146 146 132 107 66 71 65 69 73 67 87 84 67 68 65 75 60 56 70
75 50 48 51 52 53 62 68 54 57 61 70 68 57 60 60 61 49 55 72 74 75 70 63 54 58 67 81 71 76 88 88 95 83 82 75 86 90 87 70 71 80 80 80 83 86 90 100 105 120 124 109 105 107 82 76 71 82 92 82 93 96 78 67 84 98 80 66 68 69 69 77 94 95 91 86 117 111 99 90 79 84 94 88 79 89 103 95 83 87 82 71 69 99 77 93 104 105 114 96 68 79 86 85 83 79 88 124 143 146 138 138 134 83 74 58 68 85 82 91 86 69 64 59 76 64 66 70
79 49 49 52 51 51 63 66 50 57 65 73 66 57 57 57 59 52 52 62 68 64 61 59 56 63 74 83 76 77 90 93 95 76 84 74 74 101 85 71 68 81 87 67 73 77 85 96 103 117 109 87 104 112 95 83 70 82 99 76 79 95 91 70 76 98 83 71 74 78 76 81 92 91 72 75 113 87 86 85 72 79 99 86 62 63 97 94 90 81 67 68 63 88 62 67 77 87 97 93 83 84 78 86 77 74 76 115 139 134 125 140 148 119 88 63 77 85 78 87 91 78 61 62 78 67 64 63
75 55 51 50 51 53 64 63 49 62 68 76 63 55 52 52 54 54 50 55 65 54 53 56 61 67 76 80 77 77 85 84 89 77 86 78 68 102 86 77 81 98 97 75 77 73 74 79 94 107 94 74 96 108 90 78 74 80 105 82 63 77 90 82 79 96 90 84 78 71 68 73 86 90 71 94 111 84 81 91 82 69 102 93 63 54 94 98 104 104 75 70 68 93 63 39 46 59 66 68 75 88 71 76 69 62 61 77 102 107 114 140 150 133 101 70 92 86 61 80 98 89 61 65 80 63 55 68
70 58 51 51 54 55 63 63 52 68 72 79 60 55 55 55 55 57 48 53 64 54 57 61 64 66 70 74 77 79 88 84 103 84 88 78 69 97 90 81 78 88 89 83 86 84 78 80 97 97 83 72 89 103 81 73 74 75 100 85 55 55 73 78 84 95 92 84 72 60 64 81 88 85 86 113 95 91 82 92 102 73 105 100 69 76 94 100 97 101 86 78 71 89 71 47 45 54 51 57 63 92 71 70 69 55 56 67 74 91 93 110 125 109 93 70 89 88 65 74 95 91 78 68 75 60 42 77
69 53 49 52 53 52 62 63 54 69 76 79 56 56 61 59 59 62 59 61 64 61 65 63 64 66 66 74 79 83 94 92 111 90 91 83 76 94 92 80 79 72 70 81 92 87 78 89 94 91 80 71 88 106 82 76 77 75 92 88 59 51 62 69 85 92 93 81 68 61 64 93 93 89 106 92 81 105 85 76 90 76 124 117 75 75 93 111 89 76 81 82 81 91 77 61 62 63 58 60 53 87 72 72 72 56 53 72 85 97 78 75 83 74 82 75 87 85 70 67 86 73 80 74 72 63 33 67
69 49 44 49 51 52 62 62 58 68 82 76 54 61 64 59 63 64 67 67 66 65 65 59 61 64 68 78 83 83 92 94 112 85 93 86 75 89 94 78 79 74 71 76 84 74 73 94 87 90 82 70 87 109 87 82 82 82 90 94 73 67 74 98 103 83 89 87 72 67 66 92 92 103 95 69 76 112 87 65 89 89 111 112 82 80 95 113 93 68 73 73 78 96 82 69 73 65 64 65 53 73 65 71 74 62 57 72 85 96 71 61 60 63 79 78 85 81 65 69 80 59 61 75 67 68 37 60
69 50 43 49 53 51 59 61 62 71 89 90 57 65 68 59 66 64 64 64 66 65 64 51 53 55 65 83 81 79 90 94 113 78 92 82 76 86 98 78 75 74 74 77 83 62 78 97 81 93 81 73 90 111 89 87 88 87 90 102 86 80 85 120 98 69 77 93 79 75 67 88 100 117 81 66 70 104 86 70 104 91 79 95 79 89 103 114 100 66 59 63 68 92 79 60 59 56 61 67 61 69 55 63 73 65 60 69 72 95 61 52 45 58 74 72 78 74 60 73 82 55 56 77 59 63 39 66
72 52 44 51 54 52 65 58 65 67 94 103 65 67 70 62 67 64 66 65 67 64 66 59 55 50 67 87 75 77 91 93 110 73 92 77 73 84 101 72 66 66 69 88 96 74 94 95 77 96 79 76 95 113 87 85 89 85 85 104 97 89 94 98 84 66 65 88 86 85 78 95 123 119 86 72 66 98 94 80 104 65 66 87 82 95 99 114 106 71 50 61 69 97 78 63 55 58 61 72 79 77 67 72 74 64 58 64 71 93 58 49 50 62 77 71 77 71 62 66 81 50 46 78 60 61 41 68
74 52 45 50 53 61 69 57 69 59 94 94 72 67 66 61 61 61 65 67 70 64 68 68 61 58 69 92 69 77 95 96 109 75 96 75 63 77 98 64 60 62 73 85 90 88 103 88 79 101 81 79 97 114 81 79 87 80 79 102 103 103 106 103 88 78 71 87 90 86 86 106 135 106 92 83 77 97 103 93 104 72 74 93 98 93 89 104 95 74 60 66 79 111 80 71 74 74 73 83 95 90 90 90 80 64 58 60 76 90 60 50 54 66 78 73 83 80 71 58 77 61 49 74 58 68 46 69
78 53 45 48 51 61 63 57 73 61 94 87 76 62 58 56 57 57 65 72 72 66 67 68 66 65 68 86 70 79 95 89 107 80 98 72 63 77 99 60 58 69 74 77 87 87 90 78 85 109 89 84 88 102 80 83 92 86 86 93 114 109 113 104 98 93 91 94 99 90 91 114 129 95 90 92 90 101 111 105 94 82 78 89 96 81 80 98 93 72 69 72 83 119 84 72 83 82 78 80 91 83 88 95 80 63 64 61 83 85 65 54 49 60 72 67 80 77 73 61 87 82 70 79 53 67 47 66
77 52 40 45 45 59 57 59 72 65 92 97 85 57 57 60 62 59 67 72 75 73 74 73 69 71 72 90 81 86 89 91 109 84 101 76 74 76 97 73 61 72 73 73 92 89 80 72 85 110 86 83 78 87 82 88 95 91 76 42 87 107 118 104 104 103 102 97 104 85 86 125 123 100 87 88 90 93 110 121 87 70 60 70 86 73 79 98 93 77 73 71 83 122 86 68 91 85 76 71 74 68 74 82 83 63 70 71 91 85 76 67 65 64 66 60 75 57 61 54 89 81 71 81 50 59 44 64
69 45 29 37 37 63 61 62 59 68 101 96 96 59 65 66 64 63 70 72 83 90 87 84 77 77 79 93 90 91 94 95 104 87 99 79 81 71 94 89 68 73 73 74 93 90 80 70 82 104 77 77 73 79 83 81 89 95 63 61 77 100 118 111 99 91 86 80 86 46 61 137 118 102 86 81 79 81 103 129 83 65 53 72 84 76 81 94 92 83 74 74 79 123 86 71 87 80 75 72 67 63 78 74 92 67 74 89 97 89 87 74 75 73 66 56 74 43 50 46 83 69 64 77 52 61 45 65
57 44 36 36 43 72 71 57 46 69 108 74 91 52 66 63 63 64 79 84 95 94 84 85 81 81 78 90 92 95 99 91 97 95 98 79 84 72 92 99 74 80 76 79 90 86 79 72 91 105 77 76 74 80 80 68 80 96 74 92 107 104 123 100 95 79 67 66 90 61 65 128 114 99 80 78 76 73 90 128 95 76 72 83 82 86 78 94 91 89 79 81 77 118 88 78 93 77 76 74 66 58 74 93 93 70 77 104 95 82 77 62 60 66 61 56 71 37 38 47 81 76 71 68 53 66 60 61
58 51 44 45 62 74 61 48 45 64 80 58 96 49 56 59 60 64 86 87 94 86 73 76 76 76 69 76 87 93 101 88 96 100 105 84 87 78 92 105 75 82 80 85 92 84 81 80 96 107 85 85 86 89 87 74 78 97 84 92 116 123 124 98 103 83 72 92 112 75 75 119 113 98 80 81 79 73 81 118 108 82 92 82 86 92 77 97 87 87 90 80 80 114 91 80 97 74 73 72 64 79 56 107 78 70 80 109 83 72 54 48 61 62 58 55 74 46 28 45 80 79 74 52 46 62 81 72
66 54 42 52 70 68 48 45 47 64 86 49 100 54 48 55 57 62 78 79 88 82 77 74 71 70 62 67 86 86 96 92 99 106 103 90 92 83 90 107 79 88 85 87 95 87 84 84 96 110 89 93 94 91 88 85 83 94 87 80 113 130 119 108 111 89 94 126 100 72 97 114 108 95 78 78 88 94 87 116 112 92 99 87 100 82 72 98 87 82 98 81 81 116 95 82 97 69 67 76 75 98 59 75 76 71 84 102 70 70 53 68 96 81 71 61 77 63 43 46 68 77 71 44 36 51 83 90
65 55 46 57 67 60 48 49 50 69 102 59 65 63 50 58 59 63 69 76 81 78 84 78 73 73 69 72 81 83 101 102 98 116 97 84 96 85 85 108 87 96 89 85 92 85 85 86 91 105 84 90 89 86 85 84 84 91 84 75 116 123 114 113 115 90 117 123 89 65 122 114 104 96 78 79 103 109 97 114 108 109 89 96 108 75 72 101 87 80 92 89 76 114 100 85 94 67 75 86 81 108 73 80 76 72 85 86 54 52 54 77 97 87 79 66 71 60 50 57 57 88 76 35 21 34 66 96
64 57 50 64 61 53 52 53 52 73 108 64 59 63 60 66 65 66 65 91 82 69 80 75 74 76 76 88 81 87 126 110 98 120 90 64 80 87 84 110 98 89 85 87 95 82 85 85 89 112 81 84 82 78 83 85 86 84 87 90 108 100 110 103 114 103 123 111 68 82 114 124 110 109 93 86 102 106 100 110 113 106 78 92 106 88 84 109 90 80 82 95 76 108 101 85 86 65 83 109 96 101 83 90 75 66 93 78 55 41 45 65 68 75 69 66 71 61 46 66 56 90 84 49 32 34 58 92
61 53 47 66 74 53 53 54 53 80 115 64 56 57 61 64 67 66 61 86 75 65 70 68 66 66 71 93 82 85 123 100 94 119 82 50 70 94 83 109 103 82 83 88 95 77 81 83 92 118 86 85 82 86 87 86 86 79 84 95 93 78 91 103 119 109 94 101 53 101 100 126 111 112 104 98 98 92 97 125 109 94 82 92 95 107 95 111 91 84 81 93 94 105 104 90 84 72 66 65 118 81 66 93 81 74 91 68 65 57 50 55 56 73 55 61 76 78 54 55 61 76 64 63 49 40 56 79
58 50 43 71 101 58 51 57 60 85 114 66 57 69 61 62 68 63 61 73 75 88 89 68 62 58 77 88 86 83 95 107 101 117 83 57 77 95 88 109 105 84 86 93 97 78 80 84 95 105 88 83 84 92 88 82 81 78 84 94 88 77 72 72 97 81 74 91 66 108 88 111 100 103 101 92 91 86 95 124 90 92 92 98 94 104 105 110 87 81 90 85 105 118 109 94 82 69 73 68 106 62 48 99 83 87 95 54 54 53 54 53 50 83 56 54 72 86 60 30 43 57 39 39 27 27 49 42
62 52 48 81 100 50 51 57 59 80 108 73 57 74 66 61 65 60 63 71 72 117 96 71 71 67 84 85 87 87 95 110 101 116 93 68 83 101 96 100 108 83 85 95 99 82 82 85 102 105 84 81 83 88 86 84 84 84 95 101 76 85 55 43 59 65 74 75 88 104 83 100 99 95 104 83 84 82 98 115 86 98 101 86 87 82 92 104 77 60 81 78 89 126 102 93 83 69 61 64 108 66 55 82 76 87 101 73 62 55 59 68 59 88 61 48 69 76 63 39 29 54 44 31 21 42 61 26
63 63 60 86 69 48 54 49 49 77 106 81 66 82 74 65 69 67 69 64 72 114 75 70 90 85 80 86 89 88 100 123 98 112 96 77 88 102 89 88 109 73 75 90 99 82 80 81 103 99 80 81 81 84 88 90 89 89 88 110 89 85 49 45 62 73 62 57 119 92 84 104 104 100 109 84 83 84 106 114 85 109 91 67 73 59 62 75 72 57 77 90 93 120 91 93 88 80 73 72 112 79 70 78 82 89 93 100 94 80 87 100 90 92 81 65 77 63 62 64 69 65 55 49 39 52 75 52
60 68 66 90 62 55 57 47 47 80 98 100 89 94 90 85 91 93 92 84 110 120 76 62 94 91 67 86 91 94 103 124 102 110 97 82 91 96 86 86 110 69 68 85 94 80 77 78 104 94 83 82 83 87 87 89 89 87 86 91 86 82 52 58 78 60 66 98 117 89 87 108 96 106 109 81 79 83 118 112 87 106 65 50 64 58 56 79 86 66 84 106 113 121 84 85 86 81 93 94 117 96 80 80 90 94 76 100 94 72 83 93 96 98 89 82 79 51 49 41 74 70 54 46 37 42 72 62
60 64 68 87 57 56 57 51 54 87 89 106 82 73 83 79 83 87 90 88 123 118 73 57 105 76 56 83 91 98 104 117 106 116 93 81 93 91 83 84 114 81 78 85 90 83 80 81 107 93 89 86 85 86 83 89 88 86 81 90 141 110 63 81 112 74 61 100 96 88 82 109 87 96 110 76 67 71 110 110 93 109 78 54 65 85 94 121 121 92 99 120 104 107 70 75 66 68 79 86 112 117 88 76 98 100 60 76 71 48 56 58 70 94 74 76 80 46 38 22 45 65 46 44 39 48 64 48
69 66 67 88 65 54 56 53 59 88 79 91 56 55 75 64 60 65 74 73 109 90 64 69 108 60 51 81 87 98 102 109 95 99 85 83 98 85 80 83 112 89 83 87 94 90 88 87 116 95 92 89 87 86 87 92 100 110 78 70 143 110 72 96 141 112 69 87 80 83 77 109 87 89 107 75 57 58 105 115 119 114 77 70 84 116 127 149 153 137 133 145 91 87 64 72 52 52 45 48 99 117 90 79 96 89 56 59 70 60 54 59 60 86 66 63 80 58 50 42 39 67 44 48 45 57 61 43
64 70 69 88 69 47 47 59 61 82 72 90 52 55 72 65 58 61 69 74 111 72 67 82 95 59 62 84 81 101 107 97 85 108 82 87 94 80 79 79 106 93 79 87 97 91 93 92 123 96 91 91 89 89 92 92 129 129 86 44 78 112 90 109 136 95 64 88 76 83 87 116 88 88 107 87 74 73 108 121 114 86 77 96 100 119 127 142 154 154 146 153 86 84 89 86 70 61 43 28 96 112 87 90 89 77 56 61 73 85 56 62 63 85 66 51 78 75 65 53 34 67 57 44 41 64 62 46
51 77 78 76 54 51 41 80 66 77 71 90 53 55 65 71 55 58 70 81 116 73 72 89 79 64 79 84 82 107 109 96 88 112 83 88 88 76 75 74 101 100 75 90 100 85 92 95 124 95 93 93 92 91 88 111 135 105 93 47 65 117 103 104 67 24 52 91 81 86 95 122 90 90 106 103 98 105 119 126 87 80 92 104 106 111 110 116 122 128 120 118 84 95 95 94 82 87 90 57 108 117 78 94 96 77 66 74 86 90 62 64 67 84 68 44 83 93 72 58 43 62 76 59 47 58 65 56
68 76 85 72 62 73 60 92 79 83 82 89 52 57 65 83 53 54 74 82 110 66 65 97 80 71 75 85 82 104 115 96 88 113 89 90 83 72 73 71 88 104 72 88 98 81 88 96 125 94 93 92 91 86 100 137 116 84 98 93 104 117 106 101 39 11 75 93 83 85 80 107 97 92 96 104 103 114 139 130 94 94 102 103 103 109 105 103 103 100 92 75 75 109 90 90 80 100 125 95 115 110 72 95 105 81 84 102 102 99 79 74 70 77 79 80 103 98 67 53 59 66 79 64 63 48 62 59
100 70 72 73 64 76 72 96 83 77 89 90 63 72 67 84 52 51 77 90 100 58 61 99 92 74 74 90 90 111 121 90 87 113 94 91 78 71 73 71 78 108 74 85 95 80 86 98 118 88 90 89 84 87 131 131 97 88 111 129 105 119 107 86 75 68 101 84 70 84 72 72 81 88 92 111 122 122 148 128 104 99 96 94 94 90 92 92 99 102 96 77 69 114 103 101 98 122 123 105 107 108 84 101 97 85 97 107 93 89 73 77 78 75 83 100 90 87 51 40 47 67 85 56 65 39 51 29
102 66 65 70 44 51 64 89 75 64 81 83 66 79 73 90 57 60 77 98 92 59 71 104 90 70 72 92 106 119 118 86 85 111 99 97 73 72 72 72 73 109 79 83 95 80 81 109 114 79 83 82 84 122 136 103 84 80 109 119 96 118 101 71 89 135 113 76 65 76 72 68 79 71 81 92 117 105 142 112 90 96 89 88 98 91 86 84 96 93 109 94 84 121 117 113 105 133 105 97 119 96 109 116 91 85 86 89 75 68 52 68 71 73 63 76 57 78 61 54 46 68 99 52 53 36 49 34
59 58 69 65 56 30 63 81 62 54 74 82 53 64 70 95 73 85 73 104 94 65 98 106 79 62 71 93 106 114 102 84 84 108 102 90 67 74 74 73 74 105 88 82 95 78 79 112 105 75 77 79 119 145 103 75 70 61 98 126 112 119 95 68 97 128 96 78 65 66 59 61 68 70 74 69 81 89 128 105 71 77 81 86 98 93 88 83 94 78 103 103 82 116 118 108 85 110 102 113 126 101 134 137 117 101 70 87 80 67 63 57 59 75 48 54 52 79 80 71 57 49 94 47 20 29 48 52
35 56 73 59 59 51 66 63 43 40 61 91 56 61 62 96 88 84 75 118 93 89 112 96 81 63 75 96 102 105 95 78 111 116 102 81 67 77 79 75 72 103 98 84 97 79 78 107 104 76 91 92 151 123 72 65 62 63 87 140 124 108 106 83 117 106 82 61 67 58 53 63 66 63 71 75 66 64 80 95 72 62 81 103 99 80 75 77 78 82 100 112 80 106 116 95 66 77 103 132 128 115 145 140 134 123 87 93 79 70 75 55 47 75 63 57 40 63 94 71 27 11 82 70 23 38 53 57
44 59 72 72 47 58 84 59 47 44 58 95 59 71 71 76 91 88 84 122 80 112 98 95 86 69 77 99 103 111 92 80 118 119 104 83 72 79 81 75 62 95 107 88 93 81 82 107 115 84 106 137 149 89 76 84 94 91 94 149 98 94 78 116 129 91 82 60 64 57 47 58 67 65 66 68 65 59 59 72 71 74 96 113 101 84 72 68 60 75 89 106 103 103 109 102 67 59 95 141 122 118 139 114 127 124 105 109 78 75 82 56 33 56 72 71 43 47 91 102 53 18 64 91 51 63 64 67
64 67 67 83 51 53 102 58 50 55 67 96 54 69 72 74 88 91 89 118 87 119 96 92 87 79 87 109 103 131 102 89 123 123 108 83 79 77 74 75 54 83 108 87 87 73 81 109 116 85 106 132 124 93 99 114 118 104 98 137 57 49 83 160 117 92 79 61 64 55 42 55 66 69 69 64 57 62 60 54 58 65 82 98 76 77 77 65 62 76 75 79 103 121 116 108 85 58 71 138 116 122 135 99 118 118 113 116 73 75 80 60 28 37 56 69 57 53 57 78 71 40 50 88 62 70 61 58
68 67 59 84 50 57 103 67 55 61 76 101 52 59 64 69 97 93 95 119 95 95 92 85 90 75 78 115 106 129 111 93 119 119 110 81 71 72 73 73 61 79 105 82 89 61 72 107 110 95 108 91 96 100 100 103 105 99 94 136 49 27 118 141 93 74 63 69 66 51 43 58 62 70 72 64 63 60 60 53 52 57 63 76 72 76 86 81 81 92 87 77 99 132 116 95 90 79 75 125 119 132 140 129 123 114 131 97 60 69 70 71 57 37 37 64 61 61 59 61 60 57 50 79 66 66 50 44
62 72 64 81 52 56 86 76 65 60 73 104 56 55 52 66 99 102 101 115 93 71 91 83 89 63 64 116 120 130 108 90 104 113 114 71 85 65 77 75 84 98 106 83 105 79 82 111 106 94 112 73 78 93 100 95 95 91 91 123 83 75 119 108 76 68 66 69 67 54 48 59 65 72 65 60 65 58 57 52 51 57 58 59 72 88 110 117 101 105 90 93 111 110 119 95 81 75 84 98 116 129 125 139 129 103 123 84 63 60 65 67 73 68 40 71 77 65 76 78 59 37 40 76 73 68 73 64
70 82 68 76 51 52 75 70 78 65 67 106 63 55 60 79 88 112 102 113 82 71 95 91 91 74 67 122 133 140 109 92 101 115 108 69 101 69 80 84 92 104 106 77 107 84 75 108 99 86 116 86 75 88 97 90 83 79 90 137 96 70 97 117 89 77 75 81 78 66 52 57 65 65 62 65 65 63 61 53 51 51 56 50 59 80 119 125 104 103 84 95 110 86 120 126 95 85 100 86 112 108 87 109 90 98 109 76 67 60 71 64 54 73 50 75 81 68 78 67 54 34 53 85 80 75 81 79
67 80 60 71 64 71 83 71 68 73 64 112 73 63 89 74 76 110 111 110 64 66 86 89 96 85 80 126 127 143 108 85 85 109 98 77 73 75 77 82 88 101 109 78 95 76 68 110 92 83 115 102 84 81 85 84 82 77 111 139 99 82 91 117 106 85 78 81 82 64 45 53 71 64 66 65 64 60 58 59 52 45 49 53 55 65 92 114 99 93 88 99 110 92 109 128 106 90 112 103 115 100 75 72 59 109 90 57 67 67 70 68 54 57 46 62 55 67 79 55 59 65 68 69 66 68 74 76
72 68 59 74 57 77 68 76 58 73 69 113 74 77 93 78 77 115 127 98 66 64 74 74 100 95 106 125 113 131 103 89 77 106 89 71 71 74 73 75 91 99 112 92 82 76 71 117 90 78 105 105 100 84 89 85 87 92 131 125 94 82 94 116 112 90 83 90 96 58 49 53 69 64 71 63 61 64 55 51 56 45 49 51 49 56 65 88 108 110 114 116 119 104 94 117 125 96 101 110 110 87 62 48 73 113 88 50 69 69 76 73 63 64 52 57 40 59 81 54 48 53 56 62 69 79 83 74
78 48 58 67 31 76 67 70 63 69 77 101 85 87 90 85 72 115 135 89 75 85 85 70 107 107 99 115 109 129 98 98 85 112 89 70 72 64 63 73 85 85 103 106 82 86 80 124 86 79 105 95 102 109 97 75 89 122 120 121 96 86 110 143 126 88 93 91 85 61 51 58 68 66 67 72 68 65 60 53 54 49 45 47 50 56 57 67 98 133 137 127 106 74 62 111 132 103 97 107 115 95 70 55 93 94 78 59 73 79 79 71 66 67 56 62 40 47 79 59 55 68 66 69 103 99 107 90
86 50 58 69 34 79 61 74 87 72 80 108 105 82 90 88 81 115 128 80 75 85 86 83 116 83 60 109 119 131 82 103 95 111 91 74 90 84 67 83 87 83 95 121 96 96 100 130 84 82 105 89 88 121 113 83 107 133 98 115 95 113 143 140 125 102 103 104 97 61 61 58 73 68 75 70 72 68 62 55 51 51 46 44 47 55 53 61 86 104 113 125 96 63 54 103 113 66 93 116 123 112 102 106 96 84 79 59 63 74 67 70 73 65 53 65 48 47 75 60 53 60 55 48 77 75 108 105
82 63 71 76 62 93 67 71 75 73 70 108 114 84 90 87 74 106 108 77 76 78 78 75 110 75 65 108 120 124 79 106 89 113 105 66 78 107 77 89 92 87 84 129 107 97 117 137 90 90 107 110 110 118 126 115 125 125 124 140 142 150 137 107 108 113 106 111 101 65 55 62 80 77 75 67 68 68 65 62 56 53 51 49 52 50 50 62 74 80 76 95 97 87 95 125 109 63 87 128 119 120 101 124 87 83 62 59 61 57 49 71 76 64 56 66 56 47 72 63 55 51 51 68 87 92 112 110
82 60 62 64 68 83 58 65 77 75 68 109 115 83 85 77 54 99 89 72 77 83 81 70 99 83 87 116 121 137 98 108 84 137 129 82 73 103 100 89 81 87 100 138 122 112 122 132 86 89 115 125 128 115 118 137 153 129 133 153 144 121 106 85 88 123 111 110 101 68 62 64 79 83 74 68 76 75 69 59 59 55 49 50 42 49 51 57 69 80 75 72 80 68 125 158 115 81 60 102 122 122 116 114 87 93 63 46 70 61 48 67 75 67 73 49 28 39 62 67 68 49 55 89 97 74 85 97
82 53 66 72 85 93 67 59 86 69 64 103 110 80 76 89 81 99 80 75 76 78 75 60 102 90 92 120 136 158 108 112 101 137 125 90 67 105 124 126 110 117 118 137 109 85 122 126 88 95 113 122 106 105 110 130 140 122 122 110 99 93 96 95 89 120 119 113 101 70 66 69 87 75 68 75 81 73 69 66 60 55 56 46 37 52 57 54 61 79 77 71 81 63 132 172 120 67 45 76 114 97 108 91 81 95 88 66 84 92 62 75 78 78 93 57 33 49 74 65 61 46 66 49 49 29 36 79
57 29 66 78 112 105 82 49 72 58 38 88 122 83 69 81 73 115 91 73 66 60 53 36 96 88 100 118 151 159 116 117 125 103 95 71 57 101 101 125 110 97 91 113 94 67 131 114 83 92 107 117 96 96 91 122 113 114 126 112 103 96 91 107 105 118 117 114 109 76 66 75 86 76 82 78 77 77 69 67 63 65 59 50 49 54 55 57 60 70 81 84 87 67 105 153 122 63 62 84 105 98 102 74 77 93 86 86 85 91 79 96 82 88 96 70 61 65 82 69 47 48 68 59 64 36 32 78
44 35 62 84 96 92 59 50 63 58 43 83 126 70 88 75 69 127 88 53 41 34 35 55 93 63 104 119 143 145 126 113 120 88 100 86 72 98 84 98 101 81 61 102 107 79 137 99 74 78 110 114 94 98 109 122 105 111 118 118 106 102 101 101 106 109 124 113 118 92 69 79 95 84 91 81 81 80 73 67 66 60 55 52 50 54 56 60 64 66 82 100 91 73 76 92 111 79 76 93 101 119 87 65 90 90 64 68 69 72 68 88 90 102 109 69 60 54 68 72 43 42 56 79 75 33 48 77
65 51 65 77 81 93 60 55 65 66 71 89 128 81 98 94 86 132 78 42 44 38 34 76 115 63 100 123 122 139 125 108 113 94 114 99 86 95 82 107 126 76 58 93 113 96 144 89 75 82 117 107 81 86 130 132 100 128 112 104 96 89 91 82 97 103 123 113 112 96 69 80 100 88 94 94 77 81 74 73 64 55 60 52 53 55 53 58 67 68 72 95 92 82 66 67 110 84 81 103 105 116 75 60 94 61 69 75 61 53 65 78 99 110 92 57 58 62 73 104 85 45 65 72 44 39 63 72
60 52 64 77 93 80 62 69 82 80 59 69 109 82 75 93 108 118 91 84 83 54 57 64 115 101 112 122 108 134 115 109 118 89 103 101 86 92 80 149 110 76 66 86 117 89 136 81 76 94 102 97 75 87 145 147 92 134 125 113 121 112 101 92 100 98 111 117 107 110 84 77 94 100 90 90 78 85 75 75 68 63 60 56 54 55 56 60 60 69 72 85 94 116 87 73 108 71 79 102 105 114 77 67 86 56 73 73 60 68 79 84 95 103 77 39 49 54 66 90 96 53 65 100 66 88 90 66
51 55 68 79 90 80 82 80 76 77 59 71 103 66 68 78 114 128 105 122 114 68 77 77 107 94 123 125 101 116 114 112 104 67 81 97 96 93 99 125 81 93 84 84 128 97 130 82 77 96 86 100 76 117 145 147 83 119 125 123 138 126 110 109 109 100 102 112 107 116 91 84 106 105 90 77 81 82 75 69 69 60 53 59 55 55 58 62 65 69 70 78 86 107 113 118 128 98 88 94 94 119 76 65 88 66 69 65 67 76 75 74 91 100 57 50 49 48 68 80 79 112 67 71 71 107 84 66
51 56 72 83 85 73 76 75 69 72 78 92 108 61 79 94 106 129 119 95 104 90 80 72 109 82 107 116 102 122 110 117 89 75 96 100 102 94 114 80 94 101 92 87 125 113 129 106 92 93 85 99 92 131 131 130 82 94 84 108 108 99 88 96 102 106 100 111 111 114 100 90 103 86 73 73 83 77 70 69 64 57 57 58 60 60 54 55 61 70 69 73 82 80 80 83 122 112 102 95 99 116 77 53 84 62 63 71 75 64 79 66 87 95 54 52 54 54 57 89 70 95 68 64 86 93 63 80
53 56 69 63 89 72 66 69 67 68 70 81 110 80 72 88 95 103 127 78 85 109 89 80 111 62 99 119 107 128 107 122 92 93 100 102 97 89 117 86 100 104 88 86 122 133 122 163 115 95 89 97 113 103 104 89 92 90 79 101 102 128 139 110 99 94 85 106 103 119 107 100 102 98 85 77 77 77 80 72 61 61 62 65 69 63 59 61 65 64 62 69 77 81 71 65 110 82 89 98 102 97 75 46 85 59 55 64 71 74 98 58 77 88 71 68 85 76 67 90 68 83 55 92 68 87 48 73
55 55 66 51 94 75 64 70 65 70 68 78 115 80 64 92 91 104 123 77 63 100 121 112 121 59 110 128 120 138 113 120 93 97 94 98 101 93 106 87 95 116 100 103 117 151 123 164 123 97 76 108 122 80 113 88 101 90 80 108 106 99 118 110 81 85 96 114 118 116 115 117 119 105 88 78 81 74 78 69 64 62 59 66 66 59 57 56 62 63 66 71 74 88 104 105 113 80 93 100 95 79 79 57 96 73 58 33 66 82 100 61 71 75 47 52 73 62 73 85 69 79 59 93 76 92 61 80
62 62 72 63 92 91 95 89 76 72 69 75 118 82 32 87 93 84 108 94 94 93 129 139 134 91 117 119 124 149 128 122 96 95 91 87 94 93 96 90 94 109 109 98 116 155 121 149 124 103 88 119 115 86 126 96 113 91 81 114 106 82 98 101 92 99 109 125 129 111 112 127 115 106 91 81 82 81 75 68 67 67 57 63 62 66 63 64 58 61 62 68 71 82 99 112 121 76 100 100 93 87 85 59 97 71 48 26 66 74 68 48 71 87 65 58 39 48 70 82 60 81 80 82 83 96 75 84
69 73 83 71 94 73 77 76 79 59 68 60 105 98 51 68 101 112 125 93 102 94 99 136 122 80 108 110 104 149 134 126 113 98 98 95 126 94 100 103 97 97 111 100 109 142 107 129 138 113 130 133 102 95 119 112 126 82 83 110 96 80 93 119 121 120 127 132 127 107 110 125 110 104 90 89 87 80 79 73 64 66 67 61 64 66 63 64 66 61 64 67 74 88 97 98 114 72 103 97 102 76 88 57 94 63 48 49 50 57 44 27 70 98 69 63 45 44 66 84 83 92 63 86 63 85 58 79
71 86 82 71 93 56 60 82 72 42 52 64 93 97 80 61 69 104 127 88 96 70 60 113 96 105 132 107 96 146 107 131 134 90 95 139 116 110 107 121 105 103 121 126 142 125 119 119 132 123 157 125 96 104 129 123 117 64 66 95 90 75 68 98 104 107 119 141 123 100 109 123 110 103 97 93 96 91 82 78 63 64 68 65 73 65 65 63 69 69 67 74 73 80 88 98 105 70 84 92 106 67 92 71 94 55 60 79 111 79 63 51 72 88 67 59 54 67 64 88 90 88 71 65 65 93 76 80
69 87 80 85 98 64 68 69 72 64 54 48 80 91 57 85 87 79 123 77 97 82 77 102 108 118 136 115 97 146 97 108 140 115 84 153 141 131 104 126 106 85 98 140 162 129 130 144 134 159 125 119 85 91 114 120 110 83 89 103 104 77 74 80 89 97 148 171 115 89 99 119 113 104 100 94 101 95 85 76 70 71 67 67 65 65 66 62 69 67 69 77 81 86 94 98 94 64 98 92 109 66 93 82 86 68 97 117 139 88 65 54 67 89 73 63 58 73 93 84 68 92 69 47 75 82 93 61
104 82 79 99 86 50 65 61 91 69 51 48 85 91 64 77 94 81 123 69 103 94 106 120 114 90 112 107 82 137 93 83 109 111 108 144 135 137 114 140 102 86 90 137 166 127 129 122 141 144 110 123 99 72 92 130 78 78 113 114 121 106 91 94 113 139 150 141 107 87 97 119 113 114 110 106 104 101 89 80 68 65 66 64 64 67 67 64 70 73 68 80 82 95 96 88 92 73 101 86 113 68 98 88 84 59 67 106 133 102 73 62 78 92 83 82 71 79 90 86 66 106 59 37 73 50 87 48
92 81 81 64 88 58 70 31 45 54 59 71 81 73 79 81 80 84 118 56 104 72 64 118 105 92 99 84 73 134 96 86 94 70 78 126 109 132 104 166 110 87 85 106 150 143 148 105 91 125 125 131 120 108 124 125 86 138 159 117 116 117 126 152 176 136 95 113 97 76 92 109 107 111 116 111 107 99 91 74 64 68 68 68 64 69 72 66 70 71 72 75 79 88 96 88 96 76 98 87 112 70 90 98 86 61 64 99 121 95 81 61 76 85 79 82 87 74 58 77 69 104 58 58 74 25 76 39
79 90 77 60 71 49 69 66 35 55 70 74 88 96 96 89 88 81 111 56 86 55 58 99 112 137 131 80 58 132 123 95 95 82 81 113 96 109 98 138 155 158 88 105 127 118 151 139 88 114 125 123 89 104 127 125 110 143 151 109 123 118 184 216 132 77 106 125 93 83 97 116 114 109 112 107 102 95 83 71 64 68 70 64 66 69 71 67 66 64 72 74 81 89 94 91 96 76 94 87 111 75 76 103 86 65 67 92 122 102 81 87 73 88 74 80 63 56 47 83 72 87 64 77 82 66 87 43
65 106 77 71 79 72 78 83 61 72 72 81 75 88 100 80 83 79 115 79 103 65 72 85 113 152 141 90 61 110 144 115 91 73 76 99 93 109 89 103 167 224 168 126 107 120 126 93 125 129 123 112 74 84 123 88 82 86 94 113 124 131 164 118 70 98 104 122 95 84 94 120 121 112 108 110 97 86 84 82 74 74 70 69 69 70 68 69 68 68 69 78 81 89 92 92 94 75 94 98 104 87 90 107 87 52 54 81 117 84 60 80 67 73 85 52 45 58 41 73 82 80 71 91 84 94 90 63
77 80 80 77 84 49 68 72 66 71 78 74 59 71 81 66 84 77 114 70 93 74 87 70 74 108 107 105 86 100 138 110 72 64 58 85 79 105 88 92 139 207 213 148 97 131 124 82 79 132 147 121 105 101 125 108 100 88 103 101 106 104 102 76 86 95 86 122 93 84 102 118 118 116 111 113 103 91 82 79 74 76 71 70 73 68 67 71 69 74 69 77 83 90 90 90 97 90 105 93 108 77 65 98 90 52 55 78 121 79 72 73 81 76 82 73 53 54 29 60 105 68 63 88 71 77 92 58
90 73 97 71 85 59 73 74 67 65 74 72 68 73 63 29 54 65 113 66 90 99 109 90 69 62 75 111 80 89 134 102 99 94 87 96 103 114 112 98 114 137 119 134 121 133 119 86 79 82 141 142 102 109 115 110 119 110 112 107 118 101 98 104 108 80 102 139 85 94 121 115 118 115 115 106 100 89 83 71 71 72 71 66 64 66 73 71 72 70 67 70 79 90 90 91 100 83 94 76 104 76 53 72 94 78 59 91 108 88 83 78 85 97 97 86 68 47 18 47 110 73 71 93 79 63 78 68
84 59 107 81 81 66 80 88 68 57 74 72 66 58 27 13 33 56 100 64 100 100 93 117 98 78 73 105 53 57 128 104 115 110 94 114 100 116 113 111 104 92 53 43 132 120 111 74 85 88 116 148 124 104 107 112 141 156 154 144 112 100 110 103 109 88 108 128 71 127 145 114 126 121 119 108 98 89 79 74 71 71 67 71 70 71 72 75 73 64 66 66 74 86 92 91 90 85 102 76 97 69 44 65 89 73 70 145 110 98 57 74 120 110 89 75 75 63 60 62 101 99 84 103 90 79 85 85
83 68 110 101 98 102 90 52 89 65 63 57 45 51 27 38 39 57 104 35 69 99 52 64 85 126 113 124 79 73 117 126 95 64 80 84 110 128 120 136 125 98 73 56 128 117 118 78 76 62 88 143 84 99 93 114 83 96 141 143 110 111 118 105 118 96 91 108 76 154 160 114 123 123 121 112 101 83 81 78 74 71 66 80 70 71 67 80 75 67 70 67 69 77 89 102 94 84 107 88 86 70 53 77 82 66 83 132 109 99 129 131 108 96 83 71 69 72 62 57 108 103 84 105 92 96 89 80
89 112 113 114 88 76 52 48 24 100 77 55 43 35 26 63 49 60 112 58 67 101 72 43 49 64 76 123 85 80 103 126 94 121 89 72 116 134 154 168 153 173 112 78 116 111 123 101 83 68 72 122 61 90 112 142 87 74 102 115 114 139 108 104 122 94 95 108 85 167 166 106 120 124 116 110 98 87 80 79 80 68 74 75 77 76 75 78 73 68 67 68 74 82 86 97 96 89 103 91 75 72 70 92 84 78 86 90 124 132 97 51 64 94 81 69 70 75 74 74 102 87 75 91 61 96 92 79
96 134 112 113 96 53 52 77 56 44 107 75 61 80 59 67 55 56 124 71 80 106 96 65 110 121 87 115 76 57 81 134 79 132 82 58 113 95 129 149 101 123 93 61 106 104 103 103 93 87 78 120 83 61 94 135 115 132 113 89 117 81 97 94 97 90 104 101 86 171 174 105 113 117 112 111 100 90 87 77 74 75 73 70 80 75 77 75 74 74 71 70 76 86 88 92 93 87 116 109 74 83 67 91 83 94 95 110 106 89 61 49 60 96 85 58 69 94 81 68 100 86 83 63 43 85 88 70
85 92 93 102 122 79 45 76 97 88 82 103 81 74 57 71 99 88 139 68 89 112 113 65 117 108 70 107 65 55 73 142 91 95 105 73 110 109 105 107 98 94 74 67 119 123 113 88 69 65 66 113 112 67 89 111 120 109 115 71 96 59 82 82 80 88 108 105 87 162 180 103 95 105 103 107 99 96 85 75 74 76 79 78 81 81 74 70 74 75 75 74 77 82 91 95 86 101 130 113 84 84 54 103 123 133 124 98 93 89 98 78 77 87 87 58 82 86 77 93 107 77 84 55 67 97 84 67
69 50 98 93 111 106 105 87 83 101 73 101 125 82 54 59 67 88 135 81 90 74 111 82 103 90 68 111 74 66 56 131 94 69 113 104 113 103 84 91 97 116 119 145 108 136 141 92 79 68 75 120 122 67 80 109 105 88 89 66 85 54 93 73 76 77 98 121 87 150 184 116 90 101 100 103 102 99 94 83 76 79 79 85 92 79 73 79 78 74 72 75 76 80 86 85 81 93 132 112 82 81 120 138 91 69 90 92 75 78 115 134 99 83 89 73 86 81 94 101 97 75 97 48 52 98 89 70
79 56 96 91 89 90 71 89 84 98 108 101 121 132 81 52 50 72 123 88 96 66 104 93 77 57 65 106 68 61 48 124 94 52 107 137 110 94 81 105 104 90 59 111 88 91 107 79 74 82 82 124 125 93 84 112 100 116 106 100 114 94 114 108 97 69 92 107 83 134 182 145 94 97 97 97 106 98 107 90 82 85 89 114 113 82 76 78 82 74 72 71 76 81 81 80 67 97 127 117 120 155 125 122 104 99 103 91 95 101 98 105 116 82 88 68 81 111 111 85 79 74 95 52 24 87 75 58
100 44 67 91 76 105 41 79 100 108 115 97 108 116 121 55 31 79 96 62 80 70 84 94 96 51 70 118 84 75 68 118 110 96 102 119 101 99 93 113 98 106 73 103 88 60 80 48 50 61 79 137 94 116 83 100 99 155 124 109 118 113 119 149 120 99 126 113 66 113 179 171 110 92 94 103 101 91 98 92 85 93 112 120 86 82 74 78 79 74 74 74 78 79 78 76 68 112 126 157 136 89 65 118 128 112 122 120 107 107 127 110 118 132 90 77 85 121 98 91 96 66 88 52 46 89 55 57
100 43 57 85 80 101 107 83 127 155 161 112 103 74 149 104 54 107 98 91 99 58 46 105 74 58 78 122 80 94 90 114 133 90 94 108 108 106 97 109 104 97 51 102 92 73 80 68 45 59 109 163 157 133 89 100 87 132 91 101 127 108 104 108 100 109 142 103 68 89 157 179 138 93 96 101 92 89 95 95 83 107 105 87 82 81 80 81 79 74 75 73 78 78 80 66 91 128 111 110 81 67 73 106 106 105 115 120 100 102 106 115 127 141 101 87 100 111 72 63 110 75 87 58 68 90 52 72
84 40 50 75 45 65 130 104 100 83 98 100 126 65 79 131 130 81 90 81 74 55 57 107 60 63 91 119 76 80 83 107 129 81 105 100 119 118 61 101 95 91 45 91 95 74 75 107 91 90 145 154 199 175 145 121 83 120 95 121 145 121 95 99 109 147 131 100 74 69 130 173 151 102 102 95 93 93 96 111 102 110 81 84 86 73 72 82 79 74 78 74 79 76 75 69 112 133 105 136 127 64 108 116 83 89 93 117 98 95 101 116 102 127 102 93 100 95 83 79 107 66 74 60 49 82 69 69
88 57 57 101 80 81 116 118 76 83 74 74 109 124 79 71 149 104 114 76 64 53 83 115 92 64 88 125 78 73 49 89 136 74 115 100 103 109 75 112 98 87 82 104 77 46 62 89 124 146 130 108 135 153 166 143 82 127 108 108 145 126 100 111 79 133 123 120 120 98 116 159 152 114 109 95 93 93 96 131 121 87 73 87 78 71 79 81 77 78 75 74 75 77 71 78 124 124 88 113 127 110 124 132 128 100 94 121 105 97 90 94 99 116 92 84 89 78 64 72 100 92 84 68 58 90 59 72
92 51 75 91 83 90 93 117 78 95 75 81 92 135 83 63 88 145 123 97 73 63 90 112 83 56 106 125 83 68 54 91 131 94 114 101 89 110 144 129 100 96 108 108 97 84 80 84 93 142 113 92 79 77 133 120 115 104 105 101 158 108 105 95 82 127 121 111 109 85 108 132 145 124 114 95 92 89 99 124 96 82 84 80 74 83 91 82 81 76 75 77 76 73 76 98 120 107 96 68 54 117 133 136 138 119 118 122 111 104 98 81 94 115 92 87 102 87 64 50 92 68 77 63 90 80 68 74
87 35 79 67 71 74 77 103 106 93 82 110 95 120 62 73 61 93 142 108 101 91 89 92 83 55 102 122 76 63 80 112 145 118 106 77 87 89 115 129 95 94 105 101 80 115 120 98 126 140 110 127 115 119 148 126 124 105 105 94 149 80 101 102 141 139 133 104 93 96 95 118 133 120 108 92 93 97 100 120 92 82 82 80 83 85 86 82 77 69 69 75 78 70 75 104 108 98 99 104 109 136 128 131 134 123 118 117 101 103 140 95 89 106 91 88 96 75 73 96 91 62 54 56 84 72 69 62
91 73 87 97 109 124 100 89 107 98 59 77 121 77 34 58 43 58 127 114 96 104 112 112 123 111 93 129 106 112 141 140 153 136 103 44 69 88 62 120 99 88 97 112 139 121 124 116 148 104 97 103 99 97 127 129 111 115 113 117 135 122 131 131 156 101 99 94 75 122 106 104 119 116 105 99 102 95 109 118 84 77 77 82 83 82 79 79 76 72 69 71 76 69 82 102 94 85 99 91 122 138 122 127 138 123 121 115 92 104 130 104 82 73 93 88 102 89 102 97 92 69 58 91 70 85 79 73
95 84 102 111 88 82 59 64 88 102 98 91 93 78 77 85 101 75 94 118 102 126 122 120 121 103 103 131 134 137 143 131 145 141 96 67 77 100 66 116 109 81 115 120 124 106 65 124 137 100 99 118 95 108 119 128 84 93 103 134 153 109 84 108 144 105 77 77 61 117 123 96 108 111 105 96 99 92 126 107 81 82 85 86 83 80 77 77 73 69 71 70 69 65 86 95 85 88 113 100 122 131 119 101 132 118 119 117 93 106 114 116 104 99 94 76 102 97 74 72 83 93 91 66 71 85 90 72
90 45 82 59 19 2 7 7 35 85 94 122 90 99 48 41 132 117 99 119 101 88 131 145 128 141 135 127 130 134 125 128 140 126 99 82 72 104 92 117 116 82 118 118 82 76 83 126 116 88 80 104 102 82 79 124 93 101 137 159 138 68 86 108 137 95 91 104 83 96 137 104 98 99 102 93 95 101 130 88 85 90 81 87 83 79 80 75 73 70 70 69 66 69 82 85 79 103 105 96 106 115 119 99 122 116 123 113 82 83 77 58 82 118 96 94 88 105 81 82 100 95 82 79 61 99 84 87
98 64 72 53 20 35 41 52 42 77 90 119 78 69 87 127 131 66 93 107 96 88 98 154 143 143 146 130 83 98 130 113 94 108 106 75 99 106 84 110 80 69 108 112 76 57 132 85 69 47 63 93 78 52 76 131 142 160 147 121 137 110 100 142 102 94 95 114 89 81 124 119 89 93 97 85 87 115 120 78 97 107 89 85 77 79 85 73 70 68 66 61 62 67 77 75 85 111 97 85 91 51 107 87 99 105 118 103 77 64 45 62 109 110 97 91 95 92 121 110 114 113 106 89 67 79 39 74
103 97 100 89 110 58 49 75 68 74 105 122 87 109 141 96 41 31 84 109 94 114 106 136 108 122 102 110 98 55 80 102 54 99 124 117 93 96 71 93 61 89 97 102 67 70 110 56 50 53 72 87 79 69 63 132 127 106 137 127 139 106 111 141 87 74 76 97 100 107 123 134 96 84 88 92 89 132 109 90 105 103 80 82 81 83 83 81 75 69 68 56 54 63 66 68 100 103 102 79 97 57 91 98 104 97 85 89 96 95 95 102 97 98 95 117 138 140 147 121 99 105 115 96 80 71 52 59
113 99 106 95 49 7 22 36 33 86 96 95 86 104 90 45 30 31 81 107 100 115 127 67 56 117 97 73 105 100 84 85 86 108 109 125 141 117 99 91 49 95 83 84 84 116 61 85 82 65 57 84 94 118 79 118 88 88 134 117 118 84 129 141 101 83 80 94 97 91 91 122 125 83 75 83 108 134 104 93 108 86 79 84 84 86 83 81 79 78 68 54 55 55 59 70 100 80 90 96 93 90 111 97 93 103 91 71 99 70 88 105 97 104 98 132 147 144 114 114 72 68 83 74 79 95 104 92
108 78 70 27 7 12 15 22 23 116 127 71 68 84 99 61 36 48 90 123 102 95 147 88 76 114 96 74 84 90 82 97 111 103 96 110 95 100 113 127 139 130 121 110 140 123 84 118 62 58 62 87 88 94 135 145 110 108 123 62 108 92 152 119 118 97 81 87 89 96 73 106 120 85 64 74 120 109 89 94 105 86 94 81 83 83 79 77 73 69 64 53 47 48 60 80 83 50 53 78 76 60 70 64 70 104 120 86 79 58 109 131 121 120 96 134 148 103 81 108 122 94 80 91 100 76 64 83
107 99 74 56 33 18 10 11 49 120 103 77 66 51 94 105 96 100 122 130 96 99 118 66 47 77 100 54 60 69 70 83 116 93 82 109 92 107 95 101 75 117 112 121 137 126 122 123 134 123 105 108 103 116 105 119 84 98 76 60 110 149 118 138 132 66 76 78 113 100 79 90 107 94 60 90 120 92 87 103 96 86 89 78 82 75 73 78 71 67 57 49 38 53 65 88 77 58 51 57 61 31 48 66 64 93 134 98 89 67 100 114 134 114 96 129 109 69 89 88 60 46 87 113 105 97 51 45
107 87 91 70 32 9 46 96 120 128 41 65 92 94 85 49 72 75 84 110 80 65 85 66 46 56 123 91 86 99 63 82 112 81 56 56 80 101 101 109 104 121 133 139 115 95 94 127 155 148 120 117 126 137 125 121 122 114 112 117 112 116 100 120 100 83 66 63 107 112 89 74 95 112 67 114 98 88 95 108 93 84 78 80 74 79 82 75 71 66 52 46 44 54 69 65 61 20 12 39 55 9 42 72 67 94 114 73 108 101 91 116 109 93 108 115 94 83 102 82 74 65 66 67 108 66 50 78
94 72 79 54 54 68 112 82 106 94 45 103 105 116 120 85 76 79 37 81 79 47 67 80 58 70 111 77 70 107 71 90 109 80 84 93 96 96 105 118 92 113 126 100 111 126 89 92 119 131 125 119 88 74 116 118 126 123 130 120 121 117 118 97 98 86 71 80 100 110 65 42 92 123 83 104 78 87 109 102 90 86 80 77 74 79 78 76 72 66 44 40 50 52 64 40 53 25 38 52 85 82 114 97 90 105 117 127 91 81 81 116 89 86 106 111 99 103 91 85 98 89 69 80 97 65 69 91
87 60 66 62 91 96 39 85 127 97 79 103 102 92 112 124 125 99 27 61 91 62 67 90 75 58 112 81 91 80 99 85 107 85 85 100 98 88 105 112 85 105 100 103 106 128 113 102 88 77 84 83 61 49 98 123 96 112 90 66 117 82 101 100 81 47 40 54 70 71 64 40 83 131 109 80 74 91 126 96 86 84 82 73 77 76 73 72 73 60 36 51 48 70 114 89 75 77 116 133 115 136 118 101 121 109 113 106 84 87 87 96 81 94 116 115 77 98 102 97 91 106 76 95 92 89 94 94
88 59 59 76 94 67 65 122 74 81 76 89 98 85 115 120 117 117 108 80 97 50 47 66 71 70 87 98 89 106 132 139 108 97 90 81 37 64 90 98 66 100 77 127 77 131 140 104 90 77 86 91 59 42 57 115 117 111 128 164 151 134 93 121 68 32 51 77 60 53 93 67 81 141 93 70 68 100 116 97 93 81 86 77 79 80 72 58 64 47 40 48 66 112 142 101 87 124 155 153 105 76 67 64 86 97 72 92 101 90 89 93 98 99 102 89 75 89 92 77 62 100 105 93 81 83 82 93
72 83 81 94 69 74 110 91 68 55 74 82 74 87 117 122 117 119 137 130 102 49 73 63 65 64 68 113 110 124 121 116 99 90 79 43 51 78 87 66 67 94 76 108 97 117 98 110 96 106 125 106 96 82 68 88 93 95 94 136 128 99 106 124 88 69 87 96 85 65 103 87 81 130 70 71 73 116 107 101 85 81 87 83 78 82 69 50 56 37 43 31 81 92 116 88 107 91 75 69 92 73 72 72 88 85 82 104 84 86 107 113 103 104 95 79 75 74 74 68 46 69 62 69 66 50 63 74
66 96 85 72 71 104 104 55 52 77 76 56 80 69 54 70 95 80 86 94 97 69 70 44 46 39 48 105 97 96 100 115 100 72 63 69 46 86 89 88 113 107 112 134 129 115 92 79 71 95 116 127 127 74 53 100 98 55 37 83 119 115 103 93 114 82 74 76 85 70 101 101 75 123 57 75 83 119 102 96 86 82 85 80 76 76 72 57 41 46 37 32 92 72 91 71 65 83 104 104 105 119 101 100 97 93 90 104 102 112 123 133 100 103 62 96 79 84 71 71 37 63 29 42 81 73 73 72
85 84 85 89 97 121 80 83 34 32 97 76 84 70 59 83 74 47 61 70 83 60 71 61 54 43 28 87 78 85 98 123 111 99 97 89 93 84 91 110 110 96 80 97 111 106 120 86 85 69 77 114 143 95 121 146 152 149 125 129 103 102 158 113 105 107 69 81 95 86 69 103 99 115 52 54 106 117 97 100 97 88 85 83 76 75 74 61 53 53 29 44 84 48 65 60 31 49 42 59 84 81 73 88 115 112 86 106 112 112 124 124 92 84 91 105 93 94 82 65 57 67 58 72 74 71 76 73
55 81 98 93 110 109 82 103 72 53 98 98 80 69 95 111 84 96 110 96 101 94 84 79 101 112 96 93 124 118 124 118 122 103 72 105 123 109 95 104 86 120 124 139 116 98 124 101 78 79 86 120 151 130 130 99 76 85 89 92 106 108 122 105 83 118 86 92 84 63 78 97 102 112 51 56 106 98 106 107 93 91 85 86 81 79 72 51 31 34 38 58 44 38 56 51 36 65 60 47 75 84 41 57 100 101 75 67 109 117 117 114 103 83 104 70 69 94 76 69 71 84 84 86 61 44 73 59
90 92 95 94 124 76 83 93 96 112 110 80 64 56 39 93 104 73 87 95 102 90 92 91 83 96 85 73 121 63 87 110 93 61 52 94 86 113 120 118 112 147 150 140 94 89 122 123 125 142 145 96 63 69 86 102 62 96 80 61 96 56 47 79 88 123 108 83 73 68 91 76 102 114 57 81 66 97 113 96 91 89 84 87 77 76 64 39 25 32 47 63 33 15 26 41 21 38 47 49 87 110 97 77 72 103 88 82 92 106 117 118 105 107 114 58 86 103 90 86 68 71 48 65 70 51 60 62
89 65 42 83 115 61 55 85 91 98 106 120 104 76 50 82 79 77 67 44 76 57 46 54 55 69 70 52 124 111 108 104 96 81 99 111 91 101 87 125 135 131 107 107 125 131 115 109 82 83 79 88 85 61 59 78 66 72 75 68 105 56 44 87 81 106 128 115 86 86 91 59 90 105 71 93 90 106 107 102 96 83 87 85 77 79 56 45 32 26 56 60 47 24 27 46 16 6 43 103 110 109 50 65 88 102 75 50 84 88 78 81 99 100 84 83 108 91 90 87 57 43 37 68 78 71 66 71
88 72 47 89 87 46 28 89 32 29 66 69 98 70 79 73 93 127 149 126 100 75 57 60 81 88 78 56 111 138 104 107 114 111 113 94 86 76 64 126 91 105 113 105 85 70 97 102 74 116 139 104 96 66 78 77 67 67 59 67 99 52 47 79 48 86 82 120 84 83 58 64 90 98 95 106 83 105 113 97 91 88 84 84 79 72 55 61 58 58 63 60 19 42 66 56 24 32 86 131 90 99 79 83 106 84 65 68 74 78 39 70 109 83 68 80 91 81 90 97 69 46 66 86 73 69 69 72
76 78 43 87 70 67 74 96 68 48 46 54 79 59 88 81 108 114 132 137 121 108 111 112 144 96 86 141 131 108 92 110 117 95 83 82 28 57 62 112 88 66 72 109 54 33 75 113 70 92 105 76 49 42 84 81 65 68 54 57 108 56 47 82 58 50 45 91 106 53 51 60 101 109 118 83 71 119 119 101 86 87 87 78 99 77 59 50 35 63 65 71 73 105 101 66 54 60 61 43 81 77 74 90 86 88 61 57 100 44 41 70 112 87 52 79 75 33 31 52 100 98 39 73 58 33 20 22
79 93 79 87 92 82 90 90 93 80 53 58 74 66 68 84 106 116 137 120 107 118 142 139 100 47 106 117 100 77 104 113 112 61 80 81 66 92 86 107 73 96 98 128 80 36 64 113 93 59 82 70 21 41 88 89 72 63 66 68 121 76 98 104 78 58 45 91 96 106 53 43 107 113 115 78 81 116 111 97 87 82 87 81 111 71 49 27 41 63 69 92 110 96 107 68 53 49 33 32 60 70 76 89 93 87 72 115 71 28 46 95 112 92 69 60 68 89 54 39 46 43 20 80 32 58 11 7
65 83 83 80 102 98 105 87 79 85 52 65 75 78 46 65 75 94 109 110 87 95 75 99 74 87 92 65 64 89 101 104 95 76 101 101 89 84 92 107 101 90 104 118 73 62 77 96 109 68 42 50 35 50 81 74 69 64 60 72 125 80 83 113 111 103 91 95 68 105 84 60 108 117 98 73 72 113 102 88 86 83 81 88 94 73 45 26 51 69 77 96 99 99 114 109 67 28 37 54 66 71 75 73 111 72 24 95 19 28 77 101 112 81 64 78 61 75 77 61 46 20 39 79 15 22 11 10
69 80 87 100 57 68 53 57 55 86 47 45 59 89 54 71 87 113 122 123 94 104 56 41 65 139 89 65 90 99 97 111 86 82 95 86 79 73 91 106 96 102 117 125 98 83 98 102 115 70 60 66 56 80 114 89 75 79 81 69 117 78 81 92 56 77 110 119 125 109 118 102 108 125 91 56 69 122 100 91 84 81 77 101 61 25 38 42 65 77 78 92 80 88 96 86 38 16 14 50 69 76 75 61 112 59 78 59 32 59 95 92 108 77 68 68 59 49 64 71 47 46 62 76 6 7 8 6
84 70 83 97 90 85 71 72 76 88 39 54 65 84 106 122 94 81 93 114 102 110 87 69 126 146 65 62 99 101 85 110 97 95 90 74 64 62 96 108 95 81 64 63 81 69 79 88 105 106 93 71 81 107 81 77 85 85 90 87 115 94 64 80 58 56 80 104 119 154 91 92 112 121 82 46 76 114 96 85 90 80 82 92 28 23 38 56 70 77 76 88 80 62 74 39 39 41 44 58 48 84 65 57 106 88 67 48 63 88 79 97 107 73 76 57 68 58 45 74 54 38 66 76 14 26 33 25
97 90 100 109 94 86 85 81 85 79 45 65 81 77 49 55 103 96 87 106 73 99 71 82 142 128 91 89 80 97 97 117 105 107 85 71 88 76 88 100 92 77 80 54 41 55 86 68 96 130 81 78 86 94 68 72 62 59 55 64 107 99 85 88 67 57 90 101 115 105 80 56 89 114 85 43 111 105 87 87 86 76 96 49 6 20 53 52 78 91 83 85 80 70 53 18 76 90 74 57 63 85 84 108 106 67 48 62 98 88 89 89 102 70 92 62 83 52 39 37 86 59 48 58 12 19 23 14
89 86 55 46 89 94 82 72 87 73 52 76 82 88 35 52 101 90 101 59 21 85 74 33 122 106 89 73 79 106 107 115 104 95 91 78 69 90 84 83 88 65 61 80 75 67 98 123 122 107 112 74 103 82 83 89 93 109 68 81 98 106 126 92 46 43 95 80 108 92 71 77 92 99 78 67 125 109 90 91 94 84 99 38 7 3 12 43 89 103 96 76 62 46 49 58 85 72 76 39 72 89 99 113 88 61 73 104 88 65 85 92 103 81 79 44 41 45 52 29 43 74 80 58 37 41 38 13
63 22 18 41 37 59 92 62 62 66 61 66 44 87 33 58 72 82 67 54 49 62 104 61 95 100 128 123 100 114 85 89 92 84 75 61 60 96 87 88 94 75 85 114 123 133 118 96 99 97 102 73 77 71 105 109 109 118 89 127 111 110 123 105 75 54 94 52 108 81 70 82 112 100 28 84 137 94 84 91 89 89 84 36 41 36 29 62 95 100 90 76 52 38 29 40 44 37 61 20 88 102 88 94 85 37 81 103 78 67 92 99 114 91 73 35 30 44 50 44 16 36 72 48 37 35 46 74
38 24 26 50 31 37 60 38 34 80 137 87 31 52 62 40 24 56 42 58 68 73 99 114 97 130 135 125 116 110 89 94 98 76 54 65 80 98 75 88 82 96 129 141 140 144 116 118 125 111 70 128 98 94 115 111 111 111 70 112 114 100 93 72 78 117 104 71 120 75 82 76 80 83 18 86 117 82 81 90 84 89 65 41 35 40 35 65 83 100 99 63 29 27 20 21 28 50 82 92 88 97 92 92 58 51 95 73 51 59 88 98 118 70 45 36 43 52 44 29 49 81 100 53 50 37 75 110
24 30 13 46 49 54 42 45 49 44 104 91 56 59 91 44 30 32 53 81 76 92 101 93 103 86 85 117 102 96 91 98 107 84 77 79 82 88 47 70 100 111 107 107 112 105 84 71 101 72 55 107 75 78 95 93 95 79 92 97 82 104 129 78 40 94 105 103 112 97 96 100 100 96 69 131 106 81 80 87 85 88 33 21 5 16 38 46 49 68 52 47 34 53 32 19 26 78 104 102 81 99 110 103 99 92 61 47 64 86 97 105 100 96 76 85 72 53 44 40 45 67 87 73 80 37 28 14
37 86 62 58 35 33 75 56 38 38 89 105 84 98 101 75 71 78 66 70 87 101 87 48 95 31 34 29 29 92 82 104 107 107 114 80 90 62 50 79 89 80 80 93 92 79 82 64 105 84 89 100 86 55 62 72 79 56 100 91 59 70 78 29 38 78 88 60 77 60 85 32 64 83 40 126 103 80 80 87 84 67 42 31 22 29 29 15 49 27 18 60 75 50 35 33 61 85 85 65 78 94 102 92 102 84 71 77 93 85 91 117 75 76 90 83 88 80 47 65 71 37 86 65 78 97 93 86
58 76 72 58 34 48 59 50 33 44 83 95 109 118 97 91 89 112 101 87 83 75 24 23 82 78 78 70 46 92 82 111 100 102 76 42 80 52 49 52 35 52 62 56 95 110 84 92 128 118 118 72 75 67 49 101 86 80 105 59 50 59 19 31 31 81 62 46 53 52 69 65 86 72 80 126 92 81 87 86 81 58 78 41 19 26 46 26 47 21 29 43 48 61 83 125 123 75 83 76 72 76 73 88 93 86 100 95 87 90 101 107 86 67 75 73 80 75 81 76 52 33 96 53 23 44 90 97
83 75 78 48 36 26 52 67 57 76 76 89 99 108 111 107 37 71 69 61 63 61 68 60 41 73 68 74 73 77 67 94 94 86 65 60 95 53 73 84 45 41 47 55 46 85 95 77 85 64 68 68 51 88 57 82 61 51 56 85 102 61 38 47 50 100 69 59 49 53 75 82 98 99 122 105 90 78 85 71 76 42 46 18 12 10 40 42 43 42 31 37 30 27 40 63 62 64 67 73 34 94 92 88 98 94 88 91 81 85 107 111 108 98 70 69 95 106 103 30 22 25 71 61 58 35 43 72
46 78 64 59 90 92 125 130 123 111 124 108 99 109 103 115 82 72 40 71 63 65 72 49 33 32 48 43 37 67 88 105 89 76 69 97 87 53 48 44 25 31 38 26 39 77 76 60 51 59 84 71 69 59 64 74 67 53 48 60 90 121 87 46 55 104 73 51 48 52 62 88 110 120 100 90 94 83 75 58 69 32 43 36 34 23 36 66 35 68 50 16 20 44 31 51 72 96 98 71 74 111 86 72 79 83 90 90 81 79 102 114 106 96 57 73 92 94 59 38 37 43 36 56 78 41 34 40
13 23 21 34 104 113 121 116 102 114 123 89 96 107 113 105 106 91 82 56 57 70 79 47 37 62 65 50 38 53 74 95 90 83 68 92 75 41 41 26 18 40 65 58 55 79 66 51 71 117 108 77 57 67 64 63 72 93 71 54 61 63 82 63 73 106 46 32 25 62 95 117 110 89 83 85 83 81 65 76 65 45 57 50 49 40 52 47 58 76 82 70 75 95 52 71 83 97 86 87 112 97 81 84 71 31 47 47 65 73 114 109 102 97 76 96 90 56 35 39 47 38 39 31 47 35 37 39
25 15 12 26 64 92 98 92 74 86 69 49 67 102 92 109 107 106 106 65 68 69 42 25 32 48 75 55 59 71 65 86 93 85 79 89 62 59 56 67 70 65 52 61 63 73 63 66 85 98 75 83 63 51 60 53 73 65 77 74 60 59 61 79 88 103 48 59 51 116 110 89 96 82 78 74 70 70 61 78 54 62 68 56 51 59 45 43 49 43 40 38 94 99 38 78 49 39 55 90 95 91 82 76 44 46 68 62 68 83 111 70 23 62 54 47 61 79 87 80 84 79 74 77 80 76 82 88
38 32 35 50 41 40 59 73 47 51 34 51 97 71 57 80 76 74 60 50 64 77 84 74 52 58 61 61 61 63 69 91 90 86 86 68 46 57 39 57 70 63 51 56 66 72 45 59 91 64 60 63 59 63 55 60 74 66 66 71 61 64 69 82 88 95 57 66 124 110 83 77 93 79 69 67 76 55 91 59 58 59 72 57 47 58 72 48 35 46 50 64 57 40 66 79 52 47 32 92 90 88 86 62 46 60 78 84 80 90 102 58 24 53 35 22 25 66 81 73 70 79 52 52 41 32 45 57
24 37 36 48 42 39 54 57 28 24 15 57 82 42 49 77 57 60 65 65 70 67 54 71 42 51 67 47 48 63 67 86 101 98 92 53 49 59 56 59 61 55 54 51 59 73 68 91 69 67 69 66 58 69 76 80 69 70 71 66 76 67 67 86 97 79 74 125 102 79 73 68 96 78 71 70 59 74 84 50 71 53 56 76 72 70 66 73 86 86 71 51 33 41 80 47 58 62 49 38 76 92 87 59 42 34 73 83 73 93 104 54 42 52 52 37 43 86 86 89 93 53 37 30 23 27 43 40
34 33 35 49 36 35 60 42 30 31 26 72 55 42 59 69 39 53 44 44 68 72 70 58 36 64 40 24 26 59 66 86 104 100 86 67 33 36 49 48 57 51 43 49 54 68 91 78 60 63 66 63 68 80 95 91 79 76 75 69 71 71 80 82 99 86 128 96 78 78 68 73 104 79 61 43 67 109 73 68 67 65 60 67 84 97 62 43 49 61 70 74 81 74 62 57 47 67 61 69 90 99 89 69 37 17 43 75 67 90 106 55 55 47 73 33 35 59 74 68 54 46 33 24 29 39 46 31
17 24 31 47 32 48 58 21 13 29 46 62 56 24 47 40 41 60 32 28 60 55 60 62 51 55 43 30 20 59 51 79 83 91 67 66 47 48 54 50 52 51 63 57 62 64 72 60 66 70 76 70 73 75 84 81 89 93 82 78 85 89 89 83 107 132 100 76 72 72 71 83 105 59 60 39 83 83 60 54 62 57 76 71 64 69 97 63 90 105 70 54 80 73 77 44 40 51 54 70 84 100 79 45 39 51 54 73 56 93 100 67 52 45 54 72 35 43 50 47 42 40 27 24 33 31 42 31
41 44 68 71 97 74 53 39 38 47 57 40 60 17 31 39 35 33 38 39 49 55 48 62 60 47 49 46 52 70 63 80 105 95 68 67 60 55 59 74 61 60 70 78 62 64 68 57 62 68 77 81 83 88 87 85 83 92 76 74 73 85 76 73 113 97 78 78 78 70 48 60 94 29 65 79 106 60 56 58 57 65 60 60 59 49 57 78 112 101 97 105 76 48 29 25 27 57 58 52 62 91 69 33 40 50 62 72 56 98 94 60 39 51 35 78 25 33 71 51 32 38 17 31 28 17 35 35
58 48 64 51 60 48 42 37 34 37 30 29 60 21 34 54 48 27 35 44 67 80 96 102 102 100 98 69 54 77 68 86 100 87 76 67 49 56 54 67 57 55 64 78 64 75 68 68 63 55 59 58 59 63 68 85 73 70 59 65 78 79 68 105 99 75 73 77 75 48 26 47 98 45 59 93 67 62 61 65 69 44 56 78 64 44 35 49 105 95 82 59 40 49 42 32 92 94 56 38 50 90 60 52 42 28 54 37 57 107 99 68 38 55 31 64 56 48 52 27 33 37 29 32 27 25 51 63
18 7 17 25 31 55 38 29 27 19 11 26 55 39 42 41 41 37 56 90 92 84 92 93 105 110 100 101 85 73 53 77 76 82 71 64 60 60 62 59 47 48 53 71 66 73 57 64 64 67 64 61 48 49 44 58 72 70 72 80 83 65 67 128 79 79 78 70 44 27 40 60 103 49 71 77 51 56 53 60 65 57 67 80 65 51 36 41 62 86 74 55 56 81 53 37 67 64 35 18 51 91 42 58 41 43 50 38 69 111 85 48 44 48 39 27 76 58 30 35 24 41 69 46 27 30 58 50
37 27 20 8 50 69 51 33 31 34 30 28 47 39 40 33 47 54 53 53 52 32 29 42 30 61 65 65 82 65 56 82 72 80 74 64 74 79 59 59 74 69 67 60 75 72 60 63 64 69 67 68 60 62 65 58 70 70 79 87 77 64 113 108 81 81 59 23 36 36 39 61 110 72 101 73 64 55 67 73 72 64 37 60 96 75 50 50 56 84 59 72 100 94 46 60 44 33 44 39 66 91 73 49 24 48 56 38 76 108 58 39 46 45 34 24 29 30 14 20 39 31 16 51 88 83 72 46
14 48 28 26 58 45 34 20 28 75 38 15 45 25 44 40 43 38 55 47 53 35 14 40 42 48 51 51 64 61 50 87 71 79 64 53 46 54 64 63 64 69 51 49 74 65 62 65 60 65 69 67 57 66 68 63 66 78 83 68 62 78 102 84 83 75 42 42 50 45 54 71 121 105 85 86 84 73 60 57 63 56 43 63 50 52 67 82 87 70 58 86 99 88 64 59 53 43 50 57 96 91 107 71 48 62 47 43 84 107 56 44 56 52 38 42 30 19 12 15 29 44 11 6 32 41 70 88
9 17 39 48 40 22 31 24 31 34 17 18 44 22 31 47 49 60 57 50 55 49 52 41 49 53 54 65 63 49 64 92 66 79 66 65 68 71 80 61 58 60 58 70 77 74 62 75 68 68 68 55 45 57 63 69 72 80 72 63 64 99 81 89 62 26 35 36 41 52 46 56 114 75 63 69 41 66 72 63 93 78 60 75 50 54 74 81 71 69 89 83 53 28 6 10 21 35 42 86 105 92 107 71 53 60 46 58 93 92 53 28 52 44 38 41 34 27 30 21 29 38 27 10 12 8 15 33
13 16 21 55 24 25 45 54 37 32 28 42 53 30 44 52 59 48 42 39 47 53 42 59 51 54 65 60 57 44 52 93 47 64 64 55 64 52 53 44 47 51 74 72 73 77 58 70 65 59 62 65 59 64 90 72 71 74 64 60 72 95 97 74 22 26 34 49 61 61 49 62 104 60 55 66 53 52 55 59 66 63 45 89 75 52 39 57 79 98 93 59 22 16 15 23 10 35 58 70 96 95 96 45 69 50 38 73 100 79 35 27 50 42 56 66 36 49 63 48 28 34 43 20 6 13 9 7
55 24 34 33 16 48 54 57 38 39 35 27 49 40 36 43 39 48 50 46 43 60 39 55 51 48 64 57 57 55 64 102 60 72 63 54 67 58 67 61 56 60 72 70 69 68 65 61 52 52 89 90 116 104 113 72 61 76 88 73 90 80 91 60 64 59 50 46 58 62 66 71 100 61 64 71 63 76 71 76 71 62 63 62 93 45 39 55 76 81 63 44 42 45 49 57 44 44 26 19 82 91 52 48 72 39 57 74 102 71 25 40 50 27 64 64 33 42 41 35 36 32 31 27 8 8 15 25
