127 125 126 126 125 125 125 125 126 125 125 125 124 124 123 122 123 122 122 121 120 121 122 122 123 123 122 122 122 122 120 120 118 118 118 118 118 118 118 118 118 118 118 121 121 121 121 120 123 124 123 121 121 120 121 122 121 121 123 123 121 121 122 121 121 121 121 120 119 120 120 120 120 119 119 119 120 119 119 118 116 117 117 117 117 116 115 115 115 115 115 114 115 115 114 114 114 114 115 115 114 115 114 113 113 113 112 112 112 112 111 111 111 111 112 111 112 112 110 110 109 109 109 109 108 109 108 107
127 125 127 127 127 128 127 126 127 127 127 127 127 128 128 125 125 125 125 124 123 124 125 124 124 124 123 124 123 123 122 122 121 120 122 121 121 121 121 119 119 118 119 119 121 122 120 120 120 121 121 122 121 121 121 120 120 119 120 120 120 120 122 120 119 120 119 118 118 118 119 121 121 119 119 119 119 118 118 118 118 117 117 117 116 116 116 116 115 115 116 115 117 117 116 116 116 115 115 115 114 114 114 113 113 113 114 113 112 111 112 111 111 112 113 112 112 112 112 110 110 111 110 111 110 110 110 109
128 125 125 125 126 126 126 126 126 127 127 127 128 131 131 129 129 129 128 128 127 126 127 126 126 127 126 125 125 124 124 123 124 124 124 124 124 123 122 120 120 120 119 121 125 125 121 121 119 119 121 120 119 119 119 119 120 119 120 121 120 120 121 123 121 120 120 118 119 118 119 119 120 120 121 120 120 119 118 118 118 117 117 117 116 116 115 116 116 116 117 116 116 116 117 117 117 116 116 116 115 115 115 115 115 115 114 113 113 113 113 112 112 112 112 112 111 112 112 113 112 111 111 112 111 111 110 111
129 126 125 124 125 126 125 127 128 127 128 128 129 131 132 131 131 131 130 129 129 128 129 129 129 129 128 128 128 128 126 127 126 125 125 127 125 124 122 123 125 122 120 122 123 122 120 121 121 120 120 120 120 120 119 120 120 121 120 120 121 121 122 122 121 121 120 120 120 119 119 119 120 120 121 120 120 119 119 119 119 119 119 119 117 116 116 116 115 116 117 117 116 116 117 118 118 117 118 118 118 118 116 117 116 115 114 114 114 114 114 114 114 113 113 113 112 112 112 112 112 113 113 113 113 112 112 112
128 126 125 126 125 125 125 126 128 128 128 130 130 130 131 129 129 130 130 131 129 130 131 131 130 129 130 130 130 131 130 130 129 129 130 129 126 126 125 124 125 124 122 120 121 121 121 121 122 121 121 121 121 121 120 120 118 120 121 121 120 120 121 121 122 121 120 120 121 120 121 121 122 122 121 120 121 122 120 120 121 120 119 119 118 118 118 116 116 117 118 117 117 117 118 118 118 119 118 118 118 118 117 118 118 117 116 115 116 115 115 114 115 114 113 113 114 114 113 112 113 113 113 112 112 113 112 112
124 123 124 124 124 123 123 123 124 126 126 128 129 130 130 131 130 129 129 128 127 127 128 129 129 127 128 129 129 130 130 129 128 130 132 129 126 128 127 126 124 126 124 122 122 121 122 123 122 123 121 122 121 121 120 122 116 117 122 121 121 121 122 122 122 122 122 122 121 122 122 122 122 122 123 122 122 122 122 121 122 121 121 120 119 120 120 119 117 118 119 118 118 118 118 118 119 119 119 119 118 119 119 119 119 120 119 116 116 116 117 115 115 114 114 114 114 114 113 114 113 113 113 113 113 113 112 112
126 124 124 124 123 122 123 124 124 125 125 126 128 130 130 130 130 130 130 130 128 128 128 128 129 127 127 126 127 126 127 127 126 126 126 125 125 126 126 125 125 125 123 123 123 123 122 123 123 125 124 123 124 123 121 121 119 121 122 121 121 122 122 121 122 122 121 121 121 121 121 121 122 122 123 123 122 122 122 122 122 122 122 120 121 121 121 121 120 117 117 118 118 118 118 118 119 120 120 120 120 121 119 119 120 119 120 119 119 117 117 117 116 116 115 115 115 115 114 114 114 114 114 114 114 114 114 114
131 129 129 129 127 125 126 125 125 125 125 126 128 128 128 128 129 129 129 131 130 130 131 130 128 128 128 126 126 126 126 126 125 126 124 124 124 124 124 124 124 124 123 123 123 123 123 124 124 123 126 125 124 123 123 123 123 123 123 122 121 122 122 122 122 122 122 122 122 122 121 122 122 122 122 121 122 121 121 122 122 121 121 122 121 121 122 121 120 120 117 118 119 119 118 118 118 119 120 120 120 120 120 120 120 120 120 120 120 120 119 119 119 118 118 117 117 116 116 116 115 116 116 115 115 115 115 114
133 132 134 133 131 131 131 131 129 128 127 128 128 128 128 129 131 130 130 131 131 128 128 130 128 126 127 128 128 128 127 126 126 126 125 124 124 125 125 124 123 123 123 123 123 124 123 122 123 122 124 125 123 123 123 123 125 123 122 122 122 122 123 123 123 123 123 123 122 123 122 122 123 122 122 121 121 121 121 121 121 121 121 121 120 120 121 121 120 120 118 117 118 119 119 119 118 118 118 119 119 120 120 120 120 120 120 121 121 119 120 119 119 119 119 118 118 117 117 118 118 117 117 117 117 116 116 116
134 133 132 132 133 133 134 134 135 134 134 134 135 133 133 135 136 133 131 132 131 130 129 128 127 126 127 127 130 129 127 126 126 127 127 125 126 126 125 125 124 124 124 124 123 123 124 123 122 122 123 124 124 123 123 123 123 123 122 123 122 122 122 121 122 122 123 122 122 123 122 122 123 122 121 122 121 122 122 121 121 121 121 121 122 120 121 121 121 121 120 117 117 118 118 118 118 118 117 118 119 120 120 120 120 119 119 119 119 119 120 119 119 119 119 119 117 117 117 117 117 117 117 117 117 116 117 117
131 131 131 131 132 133 134 134 135 135 135 135 136 136 136 136 135 132 131 131 132 132 131 130 126 125 127 127 127 126 125 125 124 125 126 126 126 125 124 124 124 124 123 123 124 124 123 123 123 122 123 123 124 123 123 123 122 123 122 122 122 121 122 122 122 123 122 122 122 121 122 123 123 123 122 122 123 123 122 121 122 121 121 122 121 121 121 121 121 121 120 118 117 117 118 118 117 118 118 117 117 120 119 118 118 119 119 119 119 119 119 120 120 120 118 118 117 119 117 117 117 117 116 116 116 115 115 116
128 129 129 132 132 131 131 133 133 132 131 132 132 132 131 131 131 131 131 131 132 129 127 127 127 127 127 127 127 125 125 125 124 124 124 125 125 125 124 124 124 124 124 124 124 124 123 123 123 123 123 123 124 124 123 123 123 123 122 122 121 121 122 123 122 122 122 121 122 123 123 122 122 122 122 122 122 123 122 122 121 122 122 122 121 121 122 122 122 121 120 118 116 117 118 119 119 118 118 117 119 120 120 118 118 119 118 118 118 118 118 118 119 119 118 117 117 117 118 118 117 116 116 115 115 116 117 115
130 128 129 129 132 133 131 131 131 130 130 130 130 128 128 128 127 127 126 126 127 125 125 125 125 125 125 126 127 126 126 126 124 125 124 124 124 124 124 125 124 124 124 124 123 123 123 123 123 124 124 124 123 123 123 123 123 123 123 123 122 122 122 122 123 123 123 122 122 123 122 121 122 122 122 121 122 122 121 121 121 122 122 121 122 122 122 121 122 122 121 118 117 118 119 118 120 120 120 118 118 119 120 120 119 119 118 118 118 118 117 118 118 118 117 116 116 117 117 116 117 117 116 115 116 115 116 115
132 130 129 129 129 131 131 131 131 131 130 131 129 128 126 127 127 126 125 124 125 125 125 125 125 125 125 124 125 125 124 124 124 124 124 124 124 124 124 124 124 124 125 124 125 124 123 124 124 124 124 123 124 123 123 122 123 123 123 122 123 123 122 124 125 123 123 123 123 122 122 122 122 122 121 122 122 122 122 122 122 121 122 121 122 122 122 121 122 122 121 119 118 118 119 119 120 121 121 120 118 118 118 120 119 119 118 118 118 118 117 117 117 117 117 116 117 116 116 116 116 116 117 115 115 115 116 115
132 130 130 130 129 130 130 130 130 130 130 130 128 127 126 126 127 126 126 126 126 126 126 126 126 126 125 125 125 125 125 125 123 124 125 125 125 125 124 125 125 124 123 124 124 124 124 123 124 124 123 123 123 123 124 124 124 124 123 123 123 123 124 118 110 125 122 123 122 122 123 121 122 122 122 122 122 122 122 122 122 121 122 122 122 122 122 122 122 121 120 118 119 119 119 119 120 121 121 121 119 119 118 118 118 119 119 119 119 118 119 118 117 117 118 117 117 116 116 116 117 116 115 116 115 115 116 114
130 130 130 129 129 128 128 130 128 127 127 126 126 126 126 125 125 126 126 127 125 126 126 126 126 125 125 125 125 125 125 125 125 124 124 124 125 125 125 124 124 125 124 124 124 124 124 124 125 125 124 124 124 124 124 124 124 124 123 124 123 123 126 95 105 124 123 123 124 123 123 123 122 122 122 122 122 121 122 122 122 122 122 123 122 122 122 121 123 122 120 120 119 120 119 119 121 121 121 122 120 120 119 119 118 118 118 118 117 118 119 119 118 118 119 118 119 118 117 116 117 117 117 116 116 115 115 115
127 127 127 127 126 126 126 126 126 126 125 124 125 126 126 126 125 126 125 126 126 126 127 127 126 127 126 126 126 126 125 125 125 125 124 125 124 125 125 125 124 124 125 125 125 124 124 125 124 125 124 125 125 124 124 124 123 124 124 124 124 125 122 84 105 123 123 124 124 124 124 123 124 123 124 123 123 122 122 122 122 122 122 122 123 123 123 123 122 121 119 120 120 120 120 121 121 125 123 122 121 120 120 119 119 119 118 118 118 118 119 118 118 118 117 118 118 118 119 117 116 116 117 117 117 116 116 116
125 125 126 125 125 125 125 126 125 125 125 125 125 125 125 125 125 126 126 126 126 127 126 126 126 127 126 126 125 126 126 126 125 126 126 126 126 126 125 126 125 125 125 125 125 125 125 125 126 125 125 125 125 124 125 124 125 124 124 125 125 129 97 86 106 122 125 124 124 124 124 124 124 124 123 123 123 123 122 123 122 122 123 122 123 123 123 122 121 120 120 120 121 121 120 121 122 125 125 121 121 120 120 120 120 120 118 119 119 119 118 119 119 119 118 118 118 118 119 119 118 117 117 117 116 116 116 116
126 125 125 124 124 124 124 125 124 125 125 125 125 125 125 125 126 125 126 126 126 125 126 127 126 126 126 126 126 127 126 125 125 125 126 126 126 125 125 126 126 126 126 125 125 126 126 126 126 126 127 126 125 126 126 125 126 126 125 125 127 121 70 94 109 122 126 125 125 125 125 124 124 124 124 125 124 124 123 124 123 122 122 122 123 121 122 121 120 121 121 121 121 122 122 122 122 123 124 123 121 121 121 120 120 120 120 121 120 119 119 120 119 119 119 119 119 118 118 118 118 118 117 117 117 117 117 116
126 125 125 124 124 125 124 125 125 125 125 125 125 125 126 126 126 127 126 126 126 126 127 127 126 127 126 126 126 127 126 126 126 127 127 126 126 126 127 127 126 127 126 126 126 127 127 127 127 127 127 127 127 126 126 126 127 126 126 126 130 88 73 103 118 128 125 125 125 125 125 125 125 126 125 124 124 125 124 124 124 123 122 122 123 122 122 122 121 122 122 122 122 122 122 122 122 124 124 123 124 124 123 121 121 121 121 121 121 120 120 120 121 119 119 119 120 119 118 118 119 118 117 117 117 117 117 117
126 125 125 125 125 125 125 125 125 126 126 125 125 126 127 127 125 127 127 128 127 127 127 127 127 127 127 127 127 127 127 128 127 126 127 127 127 127 127 128 128 128 127 127 127 128 127 127 127 127 127 127 127 127 127 127 128 127 127 129 113 60 89 114 127 116 127 126 126 126 126 125 125 126 125 126 125 125 125 124 123 125 124 124 124 123 123 124 123 123 123 123 123 123 122 123 124 125 124 124 123 123 124 123 122 122 122 121 120 122 122 122 121 120 120 120 120 119 119 119 119 118 119 119 118 118 118 117
126 126 126 125 125 124 125 126 126 125 125 125 125 126 127 127 127 127 127 128 128 127 127 126 127 128 127 127 127 127 128 128 127 127 128 127 128 128 128 129 128 128 128 128 129 128 127 128 128 127 127 127 128 128 127 128 128 128 127 130 77 63 116 131 106 111 128 127 127 126 126 126 126 126 126 126 126 125 125 125 126 125 125 124 124 124 124 124 123 123 124 124 124 125 125 125 125 125 124 124 123 123 123 123 123 122 123 123 122 122 122 123 122 122 121 121 121 120 120 120 120 119 119 118 118 118 117 118
126 126 125 125 126 125 125 126 126 126 127 126 127 127 127 127 128 127 127 127 128 127 127 127 127 127 128 128 128 128 128 127 128 128 128 128 128 129 129 128 128 129 129 129 129 128 128 128 128 128 129 128 128 129 128 129 128 128 131 107 75 87 129 125 93 115 127 128 128 127 126 126 127 127 126 126 126 126 126 126 126 125 126 124 125 125 124 124 124 125 126 127 127 127 126 126 125 124 124 123 123 122 123 123 122 122 124 123 123 123 122 123 122 123 122 121 121 120 119 120 120 119 119 119 118 118 118 118
126 126 126 125 126 126 126 127 128 127 127 126 127 128 128 127 127 128 128 127 128 128 127 128 127 128 128 128 128 129 129 128 128 128 128 128 129 129 129 129 129 128 128 129 129 129 129 128 128 129 128 129 129 129 129 128 128 129 127 77 105 122 132 86 90 107 127 129 127 127 127 126 127 127 126 127 127 127 126 126 126 126 126 125 125 125 125 126 128 128 129 128 128 127 126 125 125 126 125 123 123 123 124 122 123 123 123 122 123 123 123 122 122 122 123 120 121 121 120 120 119 119 120 119 119 119 119 119
127 127 126 126 126 127 126 127 127 127 127 127 128 127 127 128 128 128 128 128 129 128 128 128 128 128 128 128 129 128 128 128 129 128 129 128 129 129 129 129 129 129 129 129 129 129 129 130 129 128 128 128 129 129 129 129 128 134 98 96 132 133 100 69 91 103 126 129 129 128 128 128 128 127 127 127 127 128 127 127 127 126 126 126 127 128 129 129 129 129 129 128 127 126 125 126 125 126 125 123 124 124 124 123 123 123 123 123 123 123 122 123 122 121 122 122 121 121 120 119 119 120 120 120 119 118 119 118
127 127 126 127 127 127 126 126 127 128 127 128 128 128 128 128 129 128 128 128 129 129 129 128 129 129 129 129 130 129 129 129 129 129 129 129 129 130 130 130 129 130 130 129 129 130 129 129 129 129 129 129 129 130 129 129 131 119 84 135 133 111 73 72 94 110 129 128 128 128 128 128 128 127 128 128 128 128 127 127 128 127 128 130 130 130 130 130 130 128 128 126 125 125 125 125 125 124 125 124 124 125 123 123 123 123 123 124 124 124 123 122 122 121 121 121 121 121 120 121 120 120 120 120 119 119 119 119
128 127 127 128 127 126 127 127 128 128 129 129 129 128 128 129 129 129 129 129 129 128 128 129 129 129 129 129 128 128 130 129 129 129 129 130 129 129 130 130 129 129 130 130 129 130 130 129 129 129 130 130 130 130 129 130 132 83 113 133 119 72 76 71 109 129 127 129 129 129 129 128 128 128 128 128 129 128 127 128 128 127 130 131 131 130 130 128 128 126 126 126 126 125 126 126 125 125 125 125 125 124 125 124 124 124 124 123 124 123 124 123 123 123 122 121 120 121 121 121 121 120 120 120 121 120 120 120
129 127 127 128 128 127 128 128 129 127 128 129 129 129 128 128 129 129 129 129 129 129 129 129 129 130 130 129 129 130 129 130 129 130 129 131 130 130 130 131 130 130 131 131 130 130 130 130 130 130 130 130 130 130 130 132 108 95 134 127 81 64 62 98 134 123 108 132 129 129 129 129 129 129 129 129 128 128 129 129 128 128 129 129 127 127 127 127 127 127 126 126 126 125 126 126 126 125 125 125 124 125 126 125 125 125 124 124 124 123 123 124 123 123 122 121 122 122 122 121 120 120 121 120 121 120 119 118
129 128 128 128 128 128 128 128 129 127 128 129 130 129 129 129 129 130 129 130 129 129 130 130 130 130 129 130 129 130 130 130 130 131 130 130 130 131 131 130 130 131 130 130 130 131 130 130 130 131 130 130 130 131 131 131 107 129 132 90 66 66 102 132 128 103 92 125 130 130 130 130 129 129 130 129 129 129 129 128 129 128 128 128 129 128 127 127 127 127 127 126 127 126 126 125 126 125 126 125 125 125 125 125 125 124 125 124 124 124 124 123 124 124 123 122 123 122 121 122 121 121 120 121 121 121 120 120
129 130 129 128 128 128 129 128 129 130 129 129 129 129 129 129 129 130 129 129 129 130 130 130 130 130 130 131 130 130 131 131 130 131 131 131 131 130 131 131 131 131 130 131 131 131 131 130 131 131 131 131 130 131 132 105 128 135 108 69 72 110 134 132 120 103 112 111 131 130 130 130 130 130 129 129 129 129 130 130 129 129 128 128 128 128 128 128 127 127 127 127 126 126 127 127 126 125 127 126 126 126 125 125 125 125 124 125 125 125 124 124 124 124 123 123 123 122 122 121 121 122 122 122 121 121 120 121
130 129 128 129 128 129 130 129 129 130 129 130 130 130 130 131 130 130 130 129 130 130 130 130 130 131 130 131 131 131 131 131 131 131 131 131 131 131 131 131 131 131 131 131 131 131 132 131 131 131 130 131 131 133 118 113 134 124 84 79 118 134 131 132 120 102 108 113 132 130 131 131 131 131 130 130 130 130 130 130 130 130 129 129 129 129 129 129 129 128 128 128 127 127 126 127 126 126 127 127 126 125 125 125 125 124 125 125 124 125 124 124 125 124 123 124 124 123 122 122 122 122 122 122 121 122 121 121
130 130 130 130 130 130 129 130 129 130 130 130 130 131 130 130 131 130 130 131 131 130 131 130 131 131 130 131 131 131 131 130 131 132 131 131 132 132 131 131 132 131 131 131 132 133 131 132 131 131 131 131 132 133 129 132 135 110 91 125 134 131 131 132 131 97 90 115 132 132 132 131 131 131 131 131 130 130 130 130 130 130 129 130 129 129 129 129 129 129 128 128 127 128 127 127 127 127 126 127 127 126 126 126 125 126 125 124 125 125 125 124 126 124 124 123 124 124 123 123 123 122 122 123 123 123 122 121
129 129 129 129 130 130 130 129 130 130 130 131 131 130 131 131 130 131 131 131 130 131 131 131 131 132 131 132 130 131 131 131 132 131 132 132 131 132 133 132 132 132 132 132 132 133 132 131 132 132 132 132 132 138 134 133 129 100 127 134 132 132 132 131 132 141 111 130 132 132 132 131 131 131 130 131 131 131 131 130 129 131 130 130 130 130 129 129 129 129 129 130 129 128 128 128 127 127 127 127 128 127 126 127 125 126 126 125 125 125 124 124 124 124 124 124 124 123 124 124 123 124 123 122 122 122 122 122
130 130 131 130 129 130 131 130 130 130 131 131 130 131 131 131 132 132 131 131 132 132 132 131 132 131 132 132 131 131 132 132 132 132 133 132 133 132 133 133 133 133 133 133 132 133 133 132 132 132 133 133 132 132 133 131 96 116 134 132 132 132 131 132 130 195 156 128 131 131 132 131 132 132 130 131 131 131 132 131 130 131 130 130 130 130 129 129 129 129 129 128 129 128 128 129 128 128 127 127 127 127 126 127 126 126 126 126 126 125 125 126 125 125 125 124 125 125 124 124 123 123 123 123 123 122 122 122
131 130 131 131 131 131 131 131 131 131 132 132 132 132 132 132 132 132 133 132 132 133 133 133 132 132 132 132 133 132 132 132 131 132 132 132 133 133 134 133 134 133 133 134 133 133 133 134 133 133 133 133 131 131 137 119 116 135 133 134 133 133 133 133 136 152 114 116 133 132 132 132 131 132 131 132 132 132 132 131 131 132 131 130 131 130 130 130 130 130 130 129 129 129 128 130 129 128 128 128 128 128 127 128 126 127 127 126 126 126 126 126 126 125 126 126 125 124 124 124 124 123 124 124 124 123 123 123
132 131 132 131 131 131 132 131 132 132 132 132 132 132 133 133 133 132 132 133 133 133 133 133 133 133 133 132 133 133 132 132 133 133 132 133 133 134 134 133 133 134 134 134 134 133 133 133 134 135 134 133 130 135 118 123 136 133 133 134 134 134 134 133 139 107 77 104 135 132 132 132 132 132 132 133 131 131 132 131 132 131 131 130 130 131 130 129 130 130 131 131 130 130 129 129 129 129 129 129 129 129 128 128 127 127 127 127 127 127 127 127 126 126 126 126 125 125 125 124 125 124 124 124 124 124 124 124
132 132 131 131 132 132 131 131 132 132 132 132 131 132 133 133 132 132 132 133 133 133 133 133 133 133 133 133 133 133 133 133 134 134 134 133 134 134 135 134 134 134 134 134 134 134 134 134 135 135 133 138 135 133 101 132 134 134 134 133 133 134 134 136 138 82 101 109 118 133 132 133 133 133 131 132 132 133 132 132 131 131 131 132 131 131 130 130 130 130 130 130 130 130 130 129 130 130 130 129 129 130 128 128 128 128 128 127 127 127 127 127 127 126 126 126 126 125 125 125 125 124 125 124 124 124 124 124
131 131 132 132 131 132 132 132 132 132 132 133 133 132 132 133 133 134 133 134 133 133 133 133 133 133 134 134 133 133 133 134 134 134 134 135 134 134 134 134 135 135 134 135 134 134 134 134 135 133 135 136 134 126 119 136 134 134 135 134 134 133 135 133 140 136 80 75 122 134 133 132 132 133 131 132 133 132 132 132 133 132 132 132 131 131 131 130 130 130 130 130 130 130 130 130 130 130 130 129 130 129 129 128 128 128 128 128 127 128 127 128 127 126 125 126 126 125 126 126 125 126 125 125 124 125 125 125
133 132 133 131 132 132 132 132 133 133 133 133 132 133 133 133 133 133 134 133 133 134 133 134 133 133 134 133 134 134 134 134 134 134 134 135 135 134 134 134 135 135 135 135 134 134 134 135 134 134 132 133 134 130 135 135 134 134 134 135 135 134 135 134 161 157 102 99 131 133 133 133 133 132 132 133 132 133 132 133 132 132 132 132 132 131 131 131 131 131 131 131 131 131 131 131 131 131 131 130 129 130 129 128 129 129 129 128 128 128 128 128 127 127 127 126 127 126 126 127 126 125 125 125 125 125 125 124
133 133 132 132 132 132 132 133 132 133 133 133 134 134 133 134 133 134 134 134 134 134 135 134 135 134 135 134 135 134 135 135 134 135 134 135 135 134 134 135 135 135 135 135 136 135 135 135 135 135 134 135 133 135 135 135 134 135 135 135 135 135 133 132 133 147 111 105 133 135 134 133 134 133 134 133 133 134 132 133 132 132 133 133 133 132 132 132 132 132 132 131 131 131 131 131 131 131 131 129 130 130 130 129 129 129 129 129 128 128 128 127 127 128 127 128 127 126 127 126 126 126 125 125 126 125 124 124
133 132 132 133 132 132 132 132 133 133 133 133 134 134 134 133 134 134 134 135 134 135 134 134 134 134 135 135 134 134 135 134 135 135 135 135 135 135 135 136 135 135 135 135 135 135 135 135 135 134 134 135 135 135 135 135 135 135 135 135 135 136 153 177 193 168 141 115 124 133 135 134 134 134 135 133 135 133 134 133 133 133 133 133 132 132 132 132 132 132 132 132 131 131 131 131 131 131 130 130 130 130 130 130 130 130 130 129 129 129 128 128 128 127 128 128 127 126 126 127 126 126 125 125 126 126 125 125
133 133 132 133 133 132 133 133 134 133 133 133 133 133 134 134 134 134 134 135 134 134 134 135 135 134 135 136 135 134 135 135 135 135 136 135 135 135 136 136 136 135 135 135 135 136 135 135 136 135 135 135 135 135 135 135 135 135 135 135 133 158 217 220 219 174 162 130 144 125 122 136 135 134 134 134 134 133 134 134 134 134 133 132 132 132 132 132 133 132 131 132 132 131 131 131 131 131 130 131 130 131 130 129 130 130 129 130 130 129 129 129 128 128 128 128 128 127 127 126 127 126 126 126 126 125 125 125
133 133 134 133 132 134 133 133 133 133 133 134 134 134 134 134 134 134 135 135 135 136 134 134 136 135 135 135 135 135 135 135 136 135 136 135 135 135 135 135 136 136 135 136 136 136 136 135 135 136 135 135 135 135 136 135 135 136 135 134 140 186 208 205 201 173 151 143 160 141 114 136 134 135 135 135 135 135 134 134 134 133 133 133 133 134 133 133 133 132 132 131 132 132 132 132 131 132 132 130 130 130 131 130 130 130 130 130 130 129 130 130 129 129 129 129 128 128 127 128 127 127 127 127 126 126 126 126
133 134 134 133 133 134 134 134 134 134 134 134 134 134 135 135 134 135 134 134 136 135 135 135 136 135 135 135 135 135 135 135 136 136 136 135 136 136 136 136 136 137 136 136 137 136 136 136 136 136 136 135 135 136 136 135 136 136 136 135 145 139 129 119 110 100 84 71 78 88 97 134 135 135 135 135 135 136 135 134 134 134 135 134 133 134 134 133 133 133 134 133 133 132 132 133 132 132 132 132 131 132 130 130 131 131 131 131 130 130 130 130 129 129 128 129 129 128 128 128 127 127 127 127 127 126 126 125
134 134 133 133 134 133 133 133 133 134 133 134 134 134 135 135 135 135 135 135 136 136 136 136 135 135 136 135 135 136 135 136 136 136 136 136 136 136 136 136 136 136 136 137 136 136 137 136 136 136 135 136 136 136 136 136 136 136 136 138 137 140 140 141 137 135 132 113 94 74 57 78 133 135 135 135 135 135 135 135 135 135 135 133 133 134 134 133 133 133 133 133 133 133 132 133 133 133 132 133 132 131 130 131 130 130 130 130 129 129 130 130 130 129 129 129 129 128 128 128 128 128 127 127 127 127 127 127
134 134 134 134 133 134 134 133 134 134 134 135 135 134 135 136 136 136 135 136 136 136 137 136 137 136 135 135 136 136 137 136 136 136 137 136 137 137 136 137 137 137 136 137 137 136 136 136 137 137 137 137 137 136 136 137 136 136 140 160 152 152 138 147 139 138 133 126 126 124 116 104 126 137 135 135 135 135 134 136 135 135 135 134 134 135 134 134 134 134 134 133 133 133 134 133 132 132 133 132 132 132 132 131 130 131 130 131 131 129 130 129 129 130 129 129 129 129 128 128 127 127 127 127 128 127 127 127
134 134 134 134 134 134 135 135 135 135 135 136 135 135 136 135 136 136 136 135 136 137 137 137 136 136 136 136 136 136 136 136 136 137 137 137 137 136 137 136 138 138 137 137 137 137 137 137 137 137 137 137 138 137 137 137 137 136 160 158 137 136 122 118 114 96 99 90 80 69 67 80 89 130 136 135 135 135 135 135 135 135 136 136 135 134 135 135 135 134 135 134 134 134 134 134 133 134 134 133 132 132 132 132 131 131 131 131 130 130 131 129 129 130 129 130 129 129 129 129 128 128 128 127 128 128 128 128
135 134 134 135 134 135 134 135 136 136 135 136 135 135 136 135 135 136 137 136 136 137 136 136 137 137 137 137 136 137 137 137 137 137 137 137 137 138 137 137 138 138 137 138 138 137 137 137 138 138 137 137 137 138 137 137 137 139 153 132 107 106 88 70 66 59 58 60 53 52 57 48 45 96 139 135 136 136 136 135 135 135 135 136 135 135 136 135 134 134 134 134 134 135 134 134 134 134 134 133 133 133 133 133 131 132 132 131 131 131 131 130 130 129 130 129 129 129 129 128 128 129 127 128 128 127 127 127
135 135 135 135 134 134 134 135 136 135 135 136 137 136 136 136 136 136 136 137 137 137 136 138 137 137 137 137 137 137 138 137 137 137 137 138 138 138 138 138 137 138 138 137 137 138 137 137 138 138 138 138 137 138 137 137 137 139 118 103 105 120 78 68 69 58 53 54 44 48 54 42 40 73 139 135 136 136 137 136 136 136 135 135 135 135 135 135 135 135 135 135 134 134 135 134 134 134 134 134 134 133 133 132 133 132 132 132 131 131 130 131 130 130 130 129 129 130 129 129 129 128 128 128 128 128 128 128
135 136 136 135 136 135 135 135 136 136 136 136 136 136 137 137 137 137 137 137 137 137 137 137 137 138 137 137 138 137 137 137 137 137 137 138 138 138 138 138 138 138 138 139 138 137 138 138 139 138 138 138 138 138 138 138 138 140 98 102 159 115 89 76 92 75 60 71 60 61 53 52 47 77 141 137 137 137 137 136 136 136 136 136 136 135 135 135 135 135 136 135 135 136 134 134 134 134 134 134 135 133 133 133 133 133 132 133 132 131 132 132 131 131 130 130 129 130 129 129 129 129 128 129 129 129 128 129
136 136 136 135 136 135 136 135 136 136 136 136 136 137 137 136 136 137 137 136 137 137 137 138 137 138 138 138 137 137 137 137 137 138 137 138 138 137 139 138 138 138 138 139 139 138 139 138 139 139 138 138 138 138 138 138 138 138 136 124 139 130 116 86 111 88 83 87 70 76 55 66 58 108 140 137 137 137 137 136 137 137 136 137 137 136 135 136 135 135 135 135 135 135 135 136 134 135 134 134 134 133 134 133 133 133 133 133 133 132 133 132 131 131 131 130 130 130 129 130 129 129 129 129 129 128 129 129
136 136 135 135 136 136 136 136 136 137 137 137 137 137 138 137 138 138 137 137 138 137 137 137 137 138 138 137 138 138 138 138 138 138 139 138 138 138 138 138 140 139 139 139 139 139 139 139 139 138 138 138 138 139 139 139 138 138 144 117 136 155 112 116 137 104 101 80 64 72 69 76 63 133 137 137 137 137 137 137 136 138 137 137 136 136 136 136 135 135 135 135 136 135 135 135 135 135 135 134 135 134 134 134 134 133 133 134 133 133 133 131 133 132 132 132 130 131 131 130 130 131 130 129 129 129 129 128
136 136 136 136 136 136 136 137 136 136 136 137 137 137 137 137 138 137 138 138 137 137 138 138 138 138 138 138 138 137 138 138 139 139 138 138 139 139 139 138 139 139 139 139 140 139 139 140 140 139 139 139 138 139 139 138 138 139 136 105 154 126 101 128 136 116 126 108 96 81 73 73 70 135 137 137 137 137 138 137 137 137 137 137 137 137 137 137 136 136 135 136 136 135 136 135 135 135 135 134 134 134 134 134 134 134 133 133 134 134 133 133 133 132 132 132 131 131 131 130 130 131 129 130 129 129 129 129
136 137 137 136 136 136 136 137 137 137 137 137 137 138 138 138 138 138 138 138 138 138 138 137 138 138 138 139 139 138 138 139 138 139 139 139 139 139 138 139 140 139 139 140 140 140 140 139 139 140 140 139 139 139 139 139 139 144 136 148 146 108 118 141 114 132 136 136 114 93 68 65 69 118 139 138 138 138 138 138 138 138 138 137 137 137 136 136 137 137 136 136 136 136 136 135 135 135 135 135 135 135 135 135 134 134 134 133 133 132 133 132 133 133 132 132 132 132 131 130 130 130 130 130 129 129 129 130
136 136 136 137 135 136 137 137 137 136 136 138 137 137 138 138 138 138 138 138 138 138 138 138 138 139 138 139 140 139 139 138 138 139 139 140 139 139 139 139 140 139 140 140 140 139 140 140 139 139 139 139 140 140 139 139 145 146 115 140 129 83 123 136 94 111 128 124 93 96 87 72 72 91 134 138 138 138 137 138 137 138 138 138 137 137 137 137 137 137 137 137 136 136 136 136 135 136 135 135 135 135 135 135 134 134 134 133 134 133 133 133 132 133 133 132 131 132 132 131 130 130 131 130 130 129 130 130
137 137 137 138 136 137 137 137 137 138 138 137 138 137 137 138 138 139 138 138 137 138 138 138 139 139 139 139 139 140 139 139 139 140 139 139 139 139 140 140 140 139 140 139 141 140 140 140 140 140 140 140 140 139 140 139 147 139 116 139 119 92 120 133 82 116 120 115 111 103 76 90 100 103 117 140 139 138 138 138 137 138 138 138 137 137 137 138 137 137 136 137 137 137 137 137 137 136 135 135 136 135 135 135 135 134 133 133 134 134 133 133 133 133 133 132 132 132 132 132 132 131 131 131 130 130 129 130
136 137 137 137 137 137 137 138 137 138 138 137 138 138 138 138 138 139 139 138 138 139 139 139 139 139 139 139 139 140 140 140 140 139 139 140 140 140 140 139 140 140 140 140 140 140 139 140 141 140 140 140 140 139 140 138 154 128 119 139 107 87 116 152 96 119 121 102 98 106 59 86 107 118 105 140 138 138 138 138 139 139 138 138 137 137 138 137 137 137 137 138 138 137 138 137 136 136 136 136 136 135 136 135 135 135 134 134 134 134 133 134 132 133 133 132 132 132 132 131 132 131 131 130 130 131 131 131
137 138 138 137 137 138 137 138 137 138 139 138 139 138 139 139 138 138 139 139 139 139 139 139 139 140 140 139 140 139 140 139 139 140 139 140 140 140 140 141 140 140 140 140 141 140 140 141 141 141 140 139 141 140 140 139 149 131 135 147 94 83 123 134 92 99 117 106 95 102 54 76 96 121 103 137 139 138 139 138 138 138 139 138 138 137 137 137 137 137 137 138 137 137 137 138 137 137 137 136 136 137 136 136 136 135 136 135 135 134 134 133 133 134 133 132 132 132 132 131 131 131 131 130 130 131 130 131
138 138 138 138 138 138 138 138 138 138 138 138 139 139 139 139 139 139 140 140 139 140 139 140 139 140 140 139 140 140 140 140 140 141 139 140 140 141 141 141 141 140 141 141 140 139 141 141 141 140 140 140 141 140 141 140 159 132 127 141 84 96 120 115 88 100 128 115 106 75 57 104 69 107 102 133 139 139 140 139 138 137 139 139 139 138 137 137 137 137 138 137 138 137 137 138 138 136 137 136 136 136 136 136 135 135 135 136 135 135 135 134 134 134 134 133 132 132 131 133 132 131 130 131 130 131 130 131
138 139 138 137 138 138 138 138 139 138 139 140 139 139 140 140 139 139 140 140 140 141 140 140 140 140 140 140 140 140 140 141 140 141 141 141 140 140 141 141 141 141 142 141 141 141 141 141 141 141 141 141 141 140 141 142 146 127 126 137 80 102 122 112 86 99 122 104 109 70 75 170 62 83 96 121 141 139 139 139 139 139 140 139 139 138 138 138 138 138 137 137 137 137 138 138 137 137 138 136 136 137 136 135 136 137 136 135 134 135 135 135 135 134 133 133 133 133 132 132 132 131 131 131 131 130 130 130
138 138 138 138 138 138 138 138 138 140 139 139 139 140 140 140 140 140 140 140 140 140 140 140 140 140 140 141 141 140 140 141 141 141 141 141 141 141 141 141 141 142 141 141 141 142 142 141 142 141 141 141 141 141 143 135 120 126 126 121 74 101 123 112 91 100 124 104 104 74 89 113 67 73 103 114 141 139 139 139 139 139 139 139 139 139 139 139 137 138 138 138 139 138 138 137 138 137 137 136 136 137 137 136 136 136 135 136 136 135 135 134 134 134 134 134 133 133 132 133 132 132 131 131 131 131 131 131
138 138 138 138 139 138 139 139 138 139 140 140 140 139 139 141 140 140 140 140 140 140 140 141 141 141 140 140 140 141 141 141 141 141 142 141 142 142 141 142 141 141 140 142 143 142 142 142 142 141 142 141 141 141 142 138 125 127 129 126 63 101 125 122 78 97 121 112 103 97 100 109 110 74 90 111 142 139 140 140 140 139 139 140 139 140 139 138 139 139 139 138 138 137 137 138 137 137 138 137 136 136 137 136 137 136 136 136 137 136 135 136 135 134 134 135 133 133 133 133 133 132 133 132 132 132 131 130
139 138 138 138 138 139 139 139 139 139 139 140 140 141 140 140 140 140 139 140 140 141 141 141 141 140 140 141 141 141 140 141 140 141 141 141 141 142 142 142 142 141 142 142 142 142 142 142 142 142 141 142 141 142 141 149 117 137 133 124 70 95 130 132 68 102 117 102 102 103 99 102 80 62 90 105 143 140 139 140 140 140 139 139 139 140 140 139 139 139 139 139 138 138 138 138 138 138 137 137 137 137 137 136 137 137 136 136 136 135 136 136 135 135 135 134 134 134 134 133 133 132 133 133 132 131 131 131
139 139 139 138 139 139 139 139 139 140 140 140 139 140 140 140 140 139 140 140 140 140 141 140 140 140 141 141 141 141 141 142 142 142 141 141 141 142 142 141 142 142 142 143 142 141 142 142 142 142 141 142 143 142 142 139 110 134 136 112 73 90 134 129 80 106 123 104 94 94 124 99 59 54 92 103 142 139 140 139 141 141 140 140 140 140 140 140 139 140 140 140 138 139 138 138 139 138 138 137 137 137 137 136 137 137 137 136 136 136 136 136 135 135 135 134 134 134 133 133 133 132 132 132 131 132 132 131
139 139 138 138 139 139 139 139 139 140 140 140 139 140 140 140 140 141 140 140 141 141 141 141 141 141 142 141 141 141 142 142 141 142 142 142 142 142 143 142 142 143 142 142 142 142 142 142 142 142 143 143 143 142 143 146 128 136 135 104 76 101 134 116 75 106 113 95 108 85 108 103 57 47 72 87 142 140 141 140 140 140 140 140 140 140 140 140 139 140 134 129 140 138 139 139 138 138 138 138 137 138 137 137 137 135 136 136 136 135 136 135 135 135 135 136 135 134 135 134 133 134 133 133 132 132 132 131
140 139 139 139 139 139 139 139 140 140 140 140 140 140 140 140 141 140 141 141 141 141 142 141 140 142 141 141 141 141 142 142 142 141 142 142 141 141 143 143 143 142 142 143 142 142 142 143 142 143 143 143 142 142 144 145 122 128 142 95 84 107 130 107 78 108 116 124 150 129 150 157 101 78 75 88 140 140 140 141 140 140 140 140 140 140 140 140 140 141 129 120 141 139 139 139 138 139 138 138 138 138 137 137 137 136 136 137 137 136 136 136 135 135 135 135 135 134 134 134 134 134 133 132 132 133 133 133
140 139 140 140 139 139 139 140 139 140 141 139 140 141 140 141 141 140 141 141 141 141 141 141 142 141 141 141 141 142 141 142 142 142 142 142 142 142 142 142 142 142 143 143 142 142 142 143 143 143 142 143 142 143 144 145 128 118 133 91 98 114 128 108 86 103 113 132 167 175 151 144 140 128 108 83 136 140 140 140 140 141 141 140 140 141 140 140 140 139 141 125 140 139 139 139 138 139 139 139 137 138 138 137 137 137 137 137 136 136 136 137 135 136 135 135 135 134 134 134 134 133 133 132 132 133 133 133
139 139 139 139 139 138 140 139 139 140 140 140 140 140 140 141 141 141 140 140 141 141 142 141 141 142 141 142 141 142 142 143 143 142 142 142 142 141 142 142 143 143 143 142 143 142 143 143 143 143 142 143 143 142 145 136 129 118 136 91 99 109 136 117 95 105 124 122 109 106 100 87 88 81 82 75 133 141 140 140 140 141 141 141 140 140 140 140 140 140 128 111 142 139 140 140 139 139 139 138 138 139 138 138 138 137 137 136 136 137 136 136 136 136 135 135 135 134 134 134 134 133 133 133 133 133 133 133
139 139 138 139 139 138 139 139 139 139 139 139 140 140 140 141 141 141 140 141 141 141 141 141 142 142 142 142 142 142 142 142 142 142 142 142 142 142 143 143 143 144 144 143 142 143 143 143 144 143 143 144 144 143 146 132 133 123 123 79 110 113 132 112 92 104 97 71 68 67 48 44 49 45 47 43 108 143 140 140 140 140 140 140 140 140 140 139 139 139 122 88 132 140 139 139 139 138 140 139 138 138 138 138 137 137 137 137 136 136 136 136 135 136 135 135 135 135 134 133 133 133 133 133 133 132 133 133
139 140 139 139 139 139 139 139 139 139 140 140 140 140 140 140 141 141 141 141 141 141 142 142 143 143 142 142 142 141 142 143 143 143 143 143 142 143 143 143 144 145 144 144 145 144 144 143 143 143 144 144 144 144 145 119 125 120 127 88 111 112 139 116 89 105 101 99 105 106 96 83 79 64 47 35 112 144 140 140 140 140 140 141 140 140 140 140 140 138 81 57 131 140 138 139 139 138 139 139 139 139 138 139 138 138 138 137 137 137 137 137 136 135 135 135 135 134 134 134 134 133 133 132 132 133 132 132
139 139 139 139 139 139 138 140 140 139 140 140 141 140 140 140 141 141 141 141 142 142 142 143 143 142 142 142 142 142 142 143 143 143 142 142 142 143 143 143 143 144 143 144 144 144 143 143 143 143 143 143 143 143 142 112 131 124 137 85 106 114 133 116 97 116 113 101 100 100 103 93 91 94 74 49 88 144 140 140 140 140 140 140 140 140 140 139 140 141 113 94 144 138 139 138 139 138 139 138 138 138 138 138 138 137 137 137 137 137 137 137 137 135 135 136 135 135 134 134 133 133 133 133 133 132 132 133
139 139 138 138 139 139 139 139 139 140 139 140 140 141 140 140 140 141 141 141 141 141 141 142 142 141 141 142 142 142 142 142 142 142 143 142 142 143 142 142 143 143 143 143 143 144 144 144 143 143 144 143 142 143 139 103 114 122 148 83 105 117 121 99 72 114 104 97 97 93 88 83 88 88 77 63 54 132 142 139 141 140 140 141 140 139 139 140 139 141 135 91 134 139 138 138 138 138 139 138 138 138 138 138 137 137 138 137 136 136 137 136 136 136 135 136 135 134 134 133 133 133 133 133 132 133 132 132
140 138 138 139 138 139 140 140 141 140 140 140 140 140 140 141 141 141 141 141 141 141 141 142 141 141 142 142 142 142 142 142 143 143 142 143 143 142 142 143 143 143 143 143 143 143 143 143 143 142 142 142 143 143 141 104 145 130 126 69 109 115 132 95 72 95 98 93 89 85 75 71 73 62 58 61 54 96 143 140 140 140 140 140 140 140 140 139 144 165 154 141 122 136 139 139 138 138 138 138 138 138 138 138 137 137 137 136 137 136 136 136 137 136 136 135 136 135 135 134 133 134 133 133 133 132 132 132
139 139 138 139 139 139 140 140 139 140 141 140 140 140 141 140 140 140 141 141 141 140 141 142 141 142 141 142 141 142 143 142 142 142 143 142 142 143 143 142 143 142 142 143 143 142 143 142 142 142 143 142 142 143 141 107 126 120 144 73 105 123 146 116 87 83 79 78 58 51 46 41 43 51 41 57 42 48 93 144 140 140 140 140 140 140 140 140 132 118 107 100 92 111 139 139 138 138 139 138 138 138 139 137 137 137 137 136 137 137 137 135 136 136 136 135 135 134 134 134 134 134 133 133 133 133 133 132
140 140 139 139 139 139 139 140 140 140 140 140 140 140 140 141 140 141 140 140 141 141 141 141 141 142 142 142 142 143 142 142 142 142 142 141 143 143 141 142 142 142 142 143 142 142 142 142 142 141 141 142 142 143 134 113 138 136 128 77 109 132 135 121 64 46 46 69 36 36 34 32 59 74 40 45 45 50 64 145 141 140 140 140 140 141 141 130 85 95 62 52 55 47 114 141 138 138 138 138 138 138 137 137 137 137 137 136 136 135 135 135 136 135 135 135 135 134 134 134 134 134 134 133 133 133 133 132
139 139 139 139 139 138 139 139 139 140 140 140 139 140 140 141 141 141 140 142 142 142 141 142 141 143 142 142 142 142 142 142 142 142 142 142 142 142 142 142 141 143 142 142 142 141 142 142 141 142 142 141 142 143 131 113 128 138 156 83 102 133 81 102 60 47 79 83 52 73 71 62 87 70 52 46 36 29 75 131 139 140 141 141 140 141 141 136 76 92 68 71 49 37 127 141 139 138 139 138 137 137 138 137 137 137 136 137 136 135 135 135 135 135 135 134 134 134 134 135 134 134 133 133 133 133 133 133
139 139 138 139 138 139 139 139 140 139 140 140 141 141 140 141 141 140 141 141 141 142 142 141 141 142 142 142 142 141 142 142 142 142 142 142 141 142 142 143 142 141 141 142 141 142 142 142 142 142 142 142 142 142 138 128 125 125 140 86 106 133 85 101 63 84 95 68 55 62 60 57 78 79 58 59 52 39 82 71 121 142 141 140 140 140 141 140 119 150 134 96 91 66 103 145 138 139 139 139 138 138 138 137 136 136 136 136 136 136 136 135 134 135 135 135 134 134 133 133 134 134 132 133 134 134 132 133
138 138 138 139 138 137 138 139 140 140 140 141 139 141 140 140 141 141 141 141 142 141 142 140 141 141 141 141 143 142 142 142 142 142 141 142 142 141 142 142 142 142 141 141 141 141 142 142 141 142 141 142 142 143 139 131 114 127 137 82 124 86 56 61 65 56 42 42 54 43 48 56 70 63 44 45 52 50 68 58 118 143 140 140 141 140 138 138 128 126 112 93 76 57 51 111 142 139 138 138 137 139 138 137 138 136 135 135 136 136 136 135 135 135 135 135 134 134 134 134 133 133 133 132 132 132 133 132
138 137 138 138 137 138 138 139 138 140 139 140 140 140 140 140 140 140 141 141 142 142 141 141 142 141 141 142 142 141 141 141 142 142 140 141 141 142 141 141 142 142 142 142 141 141 141 142 142 141 142 141 141 144 148 133 112 131 140 89 107 73 58 62 63 51 51 44 51 42 42 58 65 54 45 47 41 46 41 44 75 144 140 140 139 138 165 189 195 178 181 168 132 86 52 89 143 138 138 138 138 138 137 137 136 136 135 136 135 135 135 134 135 134 134 135 133 134 133 133 133 132 132 132 132 132 132 132
137 137 137 137 137 137 138 137 138 138 138 139 139 139 139 140 140 140 141 141 141 141 140 141 141 141 141 141 141 141 142 142 141 142 141 141 141 141 142 142 141 141 141 142 142 141 142 142 141 141 142 142 143 137 144 135 112 128 107 86 89 61 62 59 57 48 46 46 48 46 48 65 56 59 42 51 42 51 42 47 50 110 142 139 139 142 165 159 155 143 160 154 138 125 101 84 139 139 138 138 137 137 136 136 136 136 136 136 136 135 135 135 136 135 134 134 134 133 133 133 133 132 132 132 132 132 131 131
136 137 137 136 137 137 137 137 138 139 139 138 138 139 139 139 139 140 140 140 140 141 141 140 141 142 140 140 140 140 141 140 141 140 141 142 142 141 141 142 142 141 141 141 142 142 142 142 143 143 142 143 142 139 135 140 110 150 137 82 81 56 58 62 60 51 55 51 55 48 51 75 58 57 58 51 40 49 45 48 49 66 142 141 138 126 112 130 106 82 79 91 88 80 75 62 92 139 137 138 137 137 137 137 137 137 136 137 136 135 135 135 134 134 133 134 134 133 133 133 133 133 133 132 131 131 131 132
136 137 136 136 137 137 137 138 138 138 138 139 139 140 140 140 140 140 140 140 140 140 141 140 137 134 140 140 140 139 141 141 140 141 141 141 142 141 141 141 142 143 142 142 142 143 143 144 143 143 143 143 144 135 131 145 115 158 137 83 61 54 66 71 60 58 58 57 47 44 50 75 58 64 83 45 38 43 47 42 53 52 98 125 129 83 93 96 72 74 50 42 71 90 38 19 35 126 142 141 137 136 137 137 136 136 136 136 135 135 134 135 134 135 135 134 134 133 132 133 132 132 132 131 131 132 131 132
137 136 136 136 137 137 137 137 137 137 139 138 139 139 139 140 140 140 140 140 140 140 140 140 133 123 141 139 139 140 141 140 140 140 140 141 141 140 141 141 141 141 141 142 142 142 142 142 142 142 141 142 143 135 132 152 117 156 94 63 64 66 63 75 48 48 57 59 53 46 58 66 47 71 84 48 37 37 58 50 57 64 88 68 120 60 61 109 69 81 44 36 111 88 31 22 40 131 108 93 135 137 136 136 136 136 136 135 136 135 134 135 134 135 134 134 133 133 132 133 132 131 132 131 131 131 131 130
136 136 136 137 137 137 136 138 137 138 139 138 138 138 139 139 139 139 140 139 139 140 139 141 125 108 142 139 140 139 139 140 140 140 140 140 140 141 140 140 141 141 141 141 141 141 141 141 141 141 141 140 141 146 149 140 114 111 95 50 62 47 56 65 45 56 54 45 57 38 34 80 46 57 75 41 44 28 35 37 43 48 61 64 80 55 73 105 64 71 42 52 102 70 39 27 37 100 40 51 133 137 136 136 135 135 135 135 135 135 134 134 134 134 134 134 133 132 132 132 132 131 131 131 131 131 129 129
135 136 136 136 135 136 136 137 136 137 138 138 138 137 138 138 139 139 139 139 138 139 139 139 102 93 138 139 139 139 139 140 140 140 140 140 139 140 140 140 140 140 140 141 141 141 140 141 140 142 141 141 140 142 134 140 106 63 56 53 53 56 54 77 55 61 52 49 47 39 35 97 64 79 54 38 53 26 29 44 37 46 73 78 85 111 98 92 89 93 89 93 115 86 78 56 64 49 32 87 141 136 136 135 135 134 134 135 134 134 133 133 134 134 134 134 133 133 132 132 132 132 131 131 131 131 130 130
134 135 135 134 134 136 134 135 135 136 137 136 137 137 137 138 138 137 138 138 139 139 137 139 134 91 136 139 139 139 139 139 140 138 139 139 139 139 139 140 140 140 140 140 139 140 140 140 140 140 140 140 139 144 130 145 110 103 58 63 65 65 59 80 76 72 76 70 73 60 50 70 83 82 77 40 29 26 32 36 27 102 110 75 89 84 57 60 73 70 69 86 89 87 75 53 70 71 65 85 125 136 135 134 135 134 134 135 134 133 133 134 133 132 133 133 132 132 131 131 131 130 131 130 129 130 130 130
133 133 133 134 135 135 134 135 136 136 136 136 136 137 136 137 137 138 136 138 138 137 137 140 143 113 143 139 137 138 138 138 138 138 138 139 138 139 139 139 140 139 140 140 139 139 139 139 139 139 140 139 139 142 143 149 95 80 67 53 67 66 72 56 53 54 68 59 64 67 66 64 85 77 69 63 44 60 53 59 50 108 117 65 75 59 69 70 82 61 53 65 108 104 52 39 20 34 50 39 103 138 134 134 134 134 134 134 133 133 134 133 133 132 133 132 132 132 131 131 130 130 130 130 130 130 129 129
133 133 133 134 133 134 135 134 135 134 135 136 135 136 136 136 137 137 136 137 136 138 132 114 126 90 85 135 137 137 138 138 138 138 138 138 138 139 139 138 139 139 139 139 139 138 139 138 139 139 139 139 139 145 144 141 65 48 58 56 67 73 82 74 65 63 58 72 66 53 63 73 63 59 50 41 30 40 46 97 61 101 112 55 66 56 62 57 64 49 47 58 95 100 109 51 24 29 48 42 105 138 132 134 133 134 133 133 134 133 133 132 133 132 131 132 131 131 131 130 129 130 130 129 129 129 128 129
132 132 132 133 134 134 133 134 134 134 134 135 135 135 135 136 136 136 136 135 135 139 125 106 96 80 49 101 141 137 137 137 137 138 138 138 139 137 138 138 139 138 138 138 139 138 138 138 138 139 139 139 131 135 141 135 80 78 63 53 56 68 57 50 47 49 54 53 44 43 61 63 79 73 75 78 55 34 56 93 50 81 63 66 70 74 61 68 79 54 52 58 63 69 93 49 34 36 40 53 81 66 109 136 133 133 132 132 133 133 132 132 132 131 131 132 131 131 131 130 129 129 129 130 129 129 128 127
131 132 132 131 132 132 133 133 133 134 134 134 134 134 134 135 134 136 135 136 137 124 111 106 95 91 86 83 127 138 136 136 137 137 138 137 137 137 137 138 137 138 138 137 138 138 138 138 138 138 138 139 128 115 109 70 60 61 64 56 74 68 66 64 63 68 66 75 62 59 64 57 58 50 51 60 50 40 49 83 50 62 56 64 70 85 56 51 59 37 41 62 43 59 77 37 32 23 42 51 36 32 96 137 133 133 133 131 132 132 132 132 132 131 131 131 131 131 130 130 130 129 129 128 128 128 128 127
130 131 131 131 131 132 133 133 133 133 133 134 133 134 134 134 135 135 134 135 138 104 40 36 40 27 27 28 110 139 135 136 136 137 135 136 137 137 136 136 137 136 137 137 137 137 137 137 137 137 138 138 134 123 107 57 70 59 60 70 65 83 59 53 52 51 56 54 48 48 60 58 69 58 58 49 30 23 39 80 56 81 77 77 70 85 85 59 73 48 56 89 67 67 73 46 28 22 43 24 35 51 121 134 132 132 130 113 132 131 132 131 131 132 131 130 130 130 130 129 129 128 129 128 128 128 127 126
131 131 131 131 131 131 132 132 133 132 133 133 134 133 134 134 134 134 134 135 137 119 85 59 68 41 33 64 127 137 135 135 135 136 135 136 136 136 136 136 136 137 136 136 137 137 137 136 136 137 137 137 138 118 81 67 69 75 77 82 80 74 75 68 65 69 72 74 72 65 71 66 76 86 85 90 59 66 101 93 77 79 100 90 84 75 90 104 71 65 71 82 71 71 64 62 39 31 54 44 72 67 120 133 131 133 120 79 126 131 130 130 131 131 130 129 130 129 129 128 128 128 128 128 127 128 127 126
130 130 130 131 130 131 131 132 132 132 131 132 133 133 133 133 133 133 134 135 126 122 131 134 123 99 101 94 89 137 134 135 135 135 135 134 135 135 135 135 136 135 135 135 135 136 135 136 136 136 137 136 136 127 86 91 66 43 66 59 89 67 55 46 42 42 49 47 44 39 72 46 47 49 49 61 50 45 118 120 70 64 75 71 55 42 45 51 51 44 47 54 78 99 75 77 47 30 44 38 54 51 53 126 132 132 123 73 130 131 130 129 130 130 130 129 130 129 129 128 128 128 128 127 126 125 126 126
130 130 130 130 130 131 130 130 130 131 131 132 133 133 132 133 132 133 134 136 99 74 76 84 68 65 75 73 40 124 136 135 134 134 134 134 135 134 134 135 135 135 135 135 135 135 135 136 136 135 135 136 134 98 83 115 123 92 70 85 74 68 67 72 63 71 68 66 70 72 90 65 72 70 83 85 84 60 111 138 81 88 62 64 40 38 53 52 37 39 49 61 87 129 88 77 52 30 45 43 35 36 38 93 132 129 129 116 111 128 130 129 129 129 130 129 129 128 127 128 128 127 127 127 125 126 127 127
130 129 129 129 130 129 130 130 131 131 131 131 131 131 132 133 133 132 133 135 85 56 62 55 55 44 35 40 27 108 136 133 134 132 133 133 133 134 134 134 135 134 134 134 134 134 136 135 135 135 135 136 139 98 72 42 50 64 68 69 56 39 43 46 37 50 46 39 42 54 69 45 50 51 51 56 56 48 105 99 71 61 65 53 47 51 59 52 50 50 52 62 54 112 100 70 61 34 33 37 31 32 39 77 120 98 97 88 74 86 126 129 129 128 129 128 128 128 127 127 127 126 126 126 126 126 124 125
119 128 128 128 129 130 129 129 129 129 130 131 131 131 132 131 132 132 132 128 77 77 49 42 59 50 30 47 27 100 136 132 132 132 133 133 133 134 133 134 133 133 134 134 134 134 134 134 134 135 128 132 95 78 95 78 97 84 96 77 74 77 68 67 78 71 76 69 73 82 91 91 85 79 91 102 55 70 96 63 46 58 55 55 33 45 75 54 46 46 45 44 46 48 61 90 79 44 42 47 42 40 57 82 66 58 49 45 44 33 100 131 128 128 128 127 127 127 127 127 126 127 126 125 125 124 125 126
76 124 128 127 128 129 129 129 130 130 130 130 130 130 130 131 132 131 134 127 86 59 75 54 62 40 25 49 30 96 136 133 134 133 129 131 130 131 132 132 133 134 134 133 133 134 132 133 133 135 121 128 100 78 50 43 53 63 64 68 40 44 43 44 45 56 48 53 55 79 61 45 58 61 70 79 51 89 74 73 73 65 72 61 63 65 71 69 57 51 58 64 53 58 54 88 107 31 28 34 37 31 38 46 40 74 89 75 69 47 100 131 127 127 127 127 127 127 124 127 127 126 126 125 126 125 125 124
79 126 127 127 127 127 129 120 124 128 129 130 130 129 129 130 131 133 123 84 82 66 73 74 76 48 30 40 58 65 90 105 102 104 74 72 100 132 132 131 132 119 121 132 136 108 107 134 132 135 108 119 114 109 91 93 82 98 88 98 82 72 75 68 63 83 76 63 63 70 91 65 76 68 78 86 41 70 75 47 72 57 78 51 41 44 39 55 34 43 57 66 59 53 45 66 63 31 40 36 40 41 42 51 56 60 77 78 91 85 76 124 130 129 127 127 128 127 112 89 114 126 121 125 123 121 126 123
86 126 124 122 123 127 114 55 68 83 104 130 128 129 129 132 126 118 63 45 85 69 78 106 86 58 36 51 46 43 61 59 54 65 61 42 82 128 133 134 120 80 88 132 121 63 98 137 135 130 106 148 127 70 61 70 88 72 94 68 58 51 57 57 67 72 74 74 95 84 74 80 82 89 103 88 51 48 66 49 68 45 71 47 40 48 51 62 40 50 52 64 45 48 39 81 48 26 49 32 30 41 31 36 33 48 45 44 49 33 30 111 103 113 127 120 95 83 84 68 74 79 68 69 86 104 116 123
57 85 83 84 93 93 91 59 48 57 80 97 84 126 127 119 90 62 40 53 75 47 76 77 61 50 55 50 46 54 55 53 50 45 51 50 52 83 109 117 87 64 74 129 108 58 68 107 111 108 86 171 157 52 39 38 42 28 33 24 19 19 20 22 24 23 24 62 80 74 79 75 83 60 69 63 61 40 104 58 88 59 110 66 55 53 52 76 47 43 58 78 50 53 51 84 56 42 48 34 39 56 46 42 17 58 49 45 69 34 23 76 72 74 95 77 61 56 56 57 62 54 57 63 88 77 85 118
47 63 67 62 62 63 70 71 54 53 62 74 68 86 90 81 76 53 44 54 63 43 49 43 46 52 55 48 52 52 43 49 43 42 39 50 49 41 65 83 93 83 83 112 75 42 55 59 52 95 87 103 106 84 61 45 46 32 38 30 30 26 23 24 22 24 35 63 73 71 69 74 77 57 92 55 49 73 87 69 79 82 84 81 85 72 76 74 63 56 57 80 67 55 62 77 60 41 61 27 34 56 45 41 32 91 50 52 73 28 24 54 64 64 65 63 50 40 52 61 55 57 55 58 71 68 70 101
52 50 53 51 69 67 67 61 55 63 57 55 78 94 74 73 62 43 59 65 65 53 63 60 50 54 56 52 53 42 42 39 41 43 41 32 23 24 44 76 111 112 94 69 49 34 76 74 70 82 78 123 139 118 95 71 60 39 40 40 41 35 34 32 30 32 44 79 74 80 83 99 74 56 122 74 52 61 48 60 55 63 49 36 45 40 39 41 44 44 44 46 52 66 60 73 117 92 37 34 46 53 45 53 76 66 59 55 71 44 43 59 64 60 57 58 52 58 66 56 49 43 38 48 54 55 60 80
55 60 64 54 80 64 56 61 60 61 60 45 69 82 66 67 60 47 45 59 78 67 45 45 48 49 49 42 31 23 28 21 40 38 44 34 33 40 26 53 100 92 45 37 50 45 102 78 71 103 100 134 149 99 85 69 50 45 51 54 48 38 36 37 34 45 74 110 103 103 123 131 103 84 130 124 76 60 88 70 75 58 52 48 50 52 54 55 45 42 46 51 44 67 70 101 121 108 28 19 25 32 31 26 32 35 38 38 60 39 55 57 53 52 54 48 57 59 54 57 62 38 33 42 56 55 60 71
63 82 78 78 72 83 85 88 81 77 76 78 78 77 60 56 45 38 50 52 59 54 48 49 50 47 46 36 26 31 41 40 41 51 44 27 44 51 20 38 47 56 43 37 52 61 66 61 75 69 90 129 141 87 47 40 37 49 72 80 83 40 39 40 34 63 101 101 87 101 107 85 77 88 133 69 61 59 85 64 55 56 47 38 36 29 44 58 41 35 36 54 39 86 130 105 61 103 53 20 21 34 38 33 30 39 41 42 48 58 81 54 45 52 54 57 54 40 27 44 58 51 34 34 50 62 70 72
32 44 82 76 67 82 86 101 94 101 103 104 64 51 66 56 43 46 39 59 48 34 51 43 35 46 42 27 36 39 39 39 41 40 36 39 47 46 19 23 29 42 52 54 52 62 65 81 94 45 55 117 142 139 93 52 45 40 52 75 69 35 39 33 49 92 105 100 88 107 106 87 54 84 158 83 58 76 68 72 69 51 52 55 58 60 60 68 56 56 55 62 46 62 58 73 80 73 29 26 27 38 49 43 30 38 45 44 48 72 68 44 41 60 56 58 43 29 38 89 88 54 31 32 49 71 71 66
23 37 82 81 73 80 80 85 85 87 89 87 54 45 77 59 45 50 42 58 59 38 47 38 30 34 39 20 34 49 50 47 51 45 20 32 32 22 25 20 21 28 42 60 69 58 63 143 114 59 76 143 162 162 132 78 59 52 77 93 96 56 50 43 53 95 97 79 99 115 99 69 86 111 119 80 83 60 69 63 68 54 42 47 42 39 45 44 36 33 39 44 39 41 51 80 106 52 20 19 24 27 36 48 38 40 42 42 49 60 76 61 49 39 44 54 38 53 59 63 56 47 33 28 47 65 66 55
34 38 61 68 87 84 85 68 45 48 64 43 52 67 66 48 47 45 50 44 52 54 49 40 26 27 26 15 26 43 49 51 50 44 23 27 23 15 16 15 18 37 53 76 69 58 56 73 63 64 72 137 165 140 134 121 82 71 57 96 104 103 63 58 96 110 100 98 115 112 105 74 87 105 83 53 74 76 81 90 72 70 67 65 63 60 58 68 59 63 65 74 61 55 51 95 109 62 35 33 32 28 31 48 38 33 38 47 42 39 46 35 25 19 20 20 21 22 38 72 48 30 23 50 72 53 61 53
45 40 46 42 65 64 55 74 71 71 75 91 126 132 84 35 43 37 40 42 49 40 52 50 27 23 22 22 42 41 39 48 44 52 48 18 19 16 24 14 14 34 58 48 43 44 33 34 48 44 46 118 142 115 116 96 63 55 37 54 101 97 65 67 101 114 107 106 115 121 101 106 106 106 107 86 69 76 59 66 57 43 44 38 37 43 44 41 40 38 37 41 37 42 48 45 62 45 36 38 37 35 34 44 53 43 46 55 58 49 45 58 36 23 19 20 24 21 67 90 77 73 37 45 44 28 57 53
31 51 31 33 51 59 61 81 102 122 140 136 123 69 24 47 54 44 38 41 37 52 57 54 32 23 18 23 53 46 42 48 43 51 38 38 52 30 19 15 16 18 38 24 26 20 34 35 37 37 42 108 143 113 126 83 59 50 18 55 105 96 78 91 109 112 96 88 90 92 72 74 97 77 66 83 77 81 88 88 99 75 72 70 69 64 73 74 78 74 65 78 58 62 48 45 49 45 32 28 26 19 24 27 28 19 24 30 35 32 35 56 43 32 32 29 26 23 74 71 57 61 40 49 35 51 67 67
54 59 52 47 51 76 118 126 144 133 123 121 74 23 45 51 42 32 46 43 47 49 40 36 22 17 13 16 29 27 35 33 32 31 26 29 42 30 16 17 17 18 22 33 48 37 62 55 22 38 36 58 113 99 90 89 125 98 52 48 91 99 95 90 87 87 94 102 110 123 120 119 118 90 70 59 79 49 87 60 49 56 51 52 62 62 49 58 65 64 67 59 53 58 55 58 59 66 57 66 54 47 44 58 58 52 42 63 75 71 71 62 43 36 30 27 40 31 73 70 57 61 38 49 46 72 63 68
32 38 55 75 84 98 126 132 84 59 63 73 39 39 63 50 47 44 49 46 56 46 37 22 16 12 10 16 23 41 54 29 25 23 18 18 21 21 20 20 22 20 13 14 26 34 64 61 24 55 41 47 76 155 73 65 53 50 42 44 60 98 102 105 103 96 112 102 96 96 100 97 116 124 97 103 133 73 96 85 52 39 38 40 42 41 36 32 30 30 31 34 29 28 23 30 27 36 26 38 28 31 31 33 32 38 28 38 41 48 54 38 50 41 36 31 54 56 79 69 62 74 46 52 48 52 65 73
52 53 53 106 121 130 122 105 51 41 28 32 40 47 57 32 35 43 47 51 57 62 55 54 45 45 50 50 48 52 50 33 24 27 16 17 37 23 27 53 46 21 13 13 20 17 64 53 24 45 49 64 76 127 74 64 41 45 34 26 45 82 83 93 107 113 143 100 83 90 100 104 96 88 100 89 67 86 90 99 122 96 84 82 79 77 84 66 64 61 68 72 67 54 47 44 54 52 48 38 45 38 22 39 41 43 33 36 47 49 48 54 53 33 40 21 40 94 84 77 54 79 43 56 52 59 66 68
41 20 51 120 131 128 125 106 64 42 32 22 33 42 47 77 97 93 74 88 87 78 72 67 71 73 75 74 73 70 76 56 57 49 42 43 54 37 25 66 45 20 13 16 16 45 78 66 29 19 33 40 35 47 57 54 39 41 28 23 29 78 97 96 107 106 115 102 91 88 83 83 98 93 90 89 68 79 68 60 71 58 55 65 64 62 61 64 67 65 70 74 67 67 65 64 74 72 65 70 75 71 46 56 60 69 67 54 77 86 87 90 72 49 49 51 36 75 107 100 73 76 33 64 77 75 70 58
21 61 119 124 118 116 83 44 48 44 28 15 28 31 66 118 115 117 102 122 118 99 100 100 99 87 86 82 84 85 79 91 123 122 119 114 112 113 57 74 43 18 13 13 17 61 56 38 22 17 26 24 20 28 45 47 45 38 27 24 20 29 69 83 91 109 94 85 94 102 102 90 72 79 84 95 103 108 106 87 59 24 24 24 27 37 20 19 21 22 25 42 32 34 30 35 35 34 31 32 34 32 38 34 28 34 37 38 41 46 47 47 50 58 70 76 63 73 128 102 72 89 46 65 72 62 67 57
27 89 99 106 100 94 54 55 40 13 32 31 18 23 51 49 46 57 64 58 60 65 70 75 81 79 79 79 85 92 91 94 89 88 90 91 98 106 100 74 43 34 25 17 34 77 59 41 23 14 18 25 48 55 15 32 50 45 31 23 32 45 59 60 66 98 101 96 90 99 93 102 102 104 104 103 105 94 85 89 98 52 15 18 18 21 14 15 14 14 13 17 14 13 14 15 16 15 15 14 14 15 16 17 20 17 17 18 21 24 21 29 30 31 83 90 75 76 119 110 88 101 35 68 49 29 73 62
20 60 101 104 103 98 56 24 14 14 15 25 42 33 30 19 20 19 22 24 21 26 31 29 27 28 31 32 35 36 36 36 34 35 39 38 38 48 61 65 67 80 79 48 34 36 30 29 18 12 17 32 42 56 14 27 62 53 33 27 58 65 123 88 91 97 88 95 91 61 56 70 80 101 108 125 121 96 100 93 94 105 49 13 16 25 15 15 15 13 13 21 25 26 24 28 27 28 25 27 23 17 14 14 15 14 14 15 15 15 13 45 52 31 69 78 53 69 129 121 90 80 32 57 34 51 70 51
72 125 136 140 127 63 19 13 12 15 15 40 56 72 51 41 41 39 41 41 42 41 38 39 38 34 31 31 38 36 36 33 34 35 34 30 30 34 46 49 58 59 68 59 57 71 63 49 26 26 22 47 99 70 18 29 80 56 36 27 67 79 128 102 99 62 85 95 92 106 58 40 52 83 90 107 91 93 91 92 91 101 102 49 16 25 17 17 18 16 16 24 20 66 63 46 41 49 68 45 39 38 35 36 34 49 39 28 25 25 24 40 38 35 82 90 66 79 123 110 90 74 58 50 78 82 66 61
69 81 80 88 61 41 39 40 43 44 47 83 74 68 56 58 54 55 54 57 62 58 57 61 56 57 60 62 63 59 62 65 64 64 70 71 72 77 78 69 60 72 70 61 61 49 70 55 23 34 30 76 104 94 41 55 77 59 71 33 57 73 128 102 138 125 70 65 88 142 130 109 89 108 93 83 40 37 34 39 42 45 48 44 17 24 17 18 19 18 19 25 30 111 112 62 60 67 103 103 91 84 73 73 71 91 84 76 72 65 63 76 93 76 74 65 72 79 109 104 97 102 80 81 96 96 65 64
43 45 50 46 49 50 54 46 48 56 57 46 52 46 69 57 49 52 51 50 48 39 45 49 50 57 48 50 57 66 56 54 48 51 58 62 66 62 67 69 69 78 70 71 70 60 64 56 52 57 49 70 77 104 59 69 67 64 76 54 67 73 95 81 134 142 138 111 73 128 114 105 100 96 108 117 87 79 80 80 81 91 102 89 32 33 28 32 33 34 31 31 39 113 115 69 54 66 105 97 102 65 69 68 64 61 63 85 82 78 68 75 64 92 86 78 67 57 57 64 66 79 59 88 98 84 46 64
46 47 49 51 50 51 53 51 56 62 60 54 58 55 59 59 65 53 54 53 54 50 49 54 69 65 56 66 70 65 53 60 56 54 55 64 79 73 65 74 73 69 85 75 70 78 74 69 69 70 77 85 85 60 60 58 65 78 80 68 62 61 59 64 76 62 59 75 89 76 66 65 76 87 79 73 67 76 70 85 83 81 79 85 76 68 76 64 71 69 73 77 67 78 90 85 75 85 107 96 116 75 88 89 80 50 56 84 55 67 76 85 77 79 82 78 61 61 69 77 72 70 82 104 105 117 62 64
35 33 35 44 38 37 41 43 57 53 57 54 50 50 43 47 62 43 43 40 38 35 35 32 30 34 51 42 40 43 58 46 47 37 42 53 64 61 59 55 53 53 56 64 63 56 63 61 68 66 67 64 67 57 64 61 64 87 79 79 68 79 76 73 75 77 75 94 77 69 75 75 85 86 85 79 86 91 79 87 94 95 99 88 100 86 86 73 94 73 84 93 98 78 79 84 92 92 103 102 111 78 62 71 68 54 48 94 71 65 66 64 75 73 61 73 71 50 61 62 75 70 53 59 65 58 59 61
52 43 39 34 33 37 40 39 38 35 36 36 31 40 42 37 52 43 41 35 36 36 36 36 37 42 53 48 46 44 45 44 45 45 48 65 59 67 67 62 62 60 69 68 49 59 81 71 62 54 57 49 43 50 52 44 54 80 66 62 51 50 44 55 63 56 75 76 71 40 48 52 48 46 50 54 54 53 59 58 62 64 65 70 63 76 62 71 85 87 86 75 74 63 65 62 59 69 109 125 95 49 49 49 54 45 48 93 66 48 40 49 85 38 36 40 39 24 34 35 37 49 51 50 53 55 56 63
50 49 57 47 45 45 46 46 46 48 44 37 39 45 39 39 50 52 50 54 36 41 41 35 35 34 32 34 42 32 31 33 37 39 36 44 78 59 34 93 63 44 50 47 55 45 37 35 43 47 47 55 53 44 43 46 49 69 74 85 67 45 46 60 63 53 45 65 103 86 64 61 49 46 50 57 52 57 74 61 66 55 61 64 60 70 55 63 77 79 81 73 70 63 58 62 51 82 87 94 90 60 63 61 64 55 63 99 59 59 50 54 93 43 43 44 35 19 39 42 41 42 48 46 48 57 53 50
19 16 19 20 22 20 22 24 22 24 16 14 18 19 17 24 27 27 32 37 22 32 37 38 35 37 35 51 48 37 39 43 45 43 43 50 64 56 57 81 43 50 54 56 54 54 50 54 60 53 57 60 57 57 49 47 47 55 69 72 52 53 58 76 84 61 68 109 103 98 82 69 51 49 45 44 44 47 54 57 57 53 54 59 71 60 52 51 45 50 62 82 59 49 52 87 63 84 92 78 85 53 31 37 44 33 36 75 37 47 40 47 43 23 29 39 41 17 20 33 34 51 34 50 43 48 56 51
57 55 55 53 51 47 44 45 47 50 45 42 48 49 47 42 39 34 34 34 15 29 26 24 18 17 19 28 20 13 20 17 14 21 27 17 14 16 20 65 38 19 23 24 23 38 43 53 45 40 35 31 35 38 42 41 60 52 50 49 39 49 50 41 44 41 75 86 75 64 43 41 45 43 43 42 48 50 48 49 57 63 50 55 66 67 65 63 62 71 78 86 74 64 61 65 75 100 93 108 96 68 61 67 65 62 66 79 47 54 53 54 47 29 24 35 45 27 18 49 67 64 62 43 45 43 59 61
48 46 46 40 52 47 43 47 42 44 43 44 48 37 45 50 61 56 60 69 32 43 57 56 54 56 58 62 45 37 61 57 58 62 68 56 59 68 75 108 76 50 59 60 58 62 63 60 55 64 62 45 51 61 74 71 80 73 69 55 30 58 60 44 53 55 83 79 85 67 44 22 47 46 41 36 43 43 36 45 53 45 28 33 41 61 67 60 57 50 62 54 64 73 70 66 59 63 74 96 78 80 78 74 72 71 74 78 79 75 74 76 73 71 71 70 79 78 41 50 82 76 91 59 37 35 44 50
64 56 50 36 60 47 45 38 20 27 29 50 33 24 24 34 50 40 41 42 40 42 48 46 45 45 46 42 42 38 37 35 40 38 44 41 84 120 110 106 97 90 74 50 44 59 58 64 66 59 56 57 56 58 63 67 63 63 59 58 39 54 67 63 66 77 85 80 82 69 48 33 49 65 66 62 65 72 70 71 71 58 47 72 77 72 68 79 82 78 84 79 82 86 80 87 83 66 39 71 48 32 27 23 25 23 38 56 38 57 44 53 48 46 42 40 37 41 38 23 28 29 29 41 53 60 73 80
55 52 45 36 42 43 49 49 40 34 55 68 60 42 44 41 57 51 57 48 56 75 75 70 72 67 67 66 55 57 65 50 40 50 47 59 72 71 65 70 61 47 22 31 48 41 42 47 46 37 34 43 50 52 51 50 51 61 55 59 65 61 64 66 63 67 65 61 53 49 41 35 42 50 53 46 43 41 37 50 52 53 52 48 48 48 52 54 54 54 51 46 77 58 49 41 36 40 54 43 31 15 13 13 12 12 18 29 18 19 17 18 17 22 18 14 17 15 11 12 12 15 16 15 19 37 50 56
