82 83 87 91 93 96 92 91 92 90 92 98 103 106 103 101 102 109 117 123 128 119 74 44 41 36 61 49 20 21 36 41 47 43 39 20 28 42 43 40 34 34 27 25 12 38 53 51 27 36 48 45 34 30 71 90 148 145 149 153 149 153 146 146 152 150 149 147 142 139 136 129 135 137 138 141 142 143 148 151 149 149 145 146 147 145 146 146 146 147 147 147 150 152 149 147 144 144 145 142 143 142 138 137 138 138 136 138 141 143 144 143 141 142 141 140 138 138 139 139 138 140 137 136 135 134 136 136
80 81 87 91 93 91 90 86 84 86 91 98 107 106 108 107 105 115 108 66 90 53 21 16 36 47 38 29 22 40 37 45 38 34 16 21 36 42 40 39 38 34 30 31 18 48 52 30 32 49 40 30 28 62 120 129 146 154 156 161 160 163 158 148 139 130 126 136 142 141 140 138 138 134 135 138 139 145 147 150 147 146 141 139 142 143 142 141 143 144 143 142 146 146 144 142 141 143 144 144 142 141 138 137 137 139 140 143 142 142 144 141 140 142 141 138 139 137 136 140 141 141 139 138 135 136 137 138
87 86 90 92 98 92 87 89 91 94 97 100 105 108 92 97 95 106 29 12 34 32 38 48 45 29 19 26 38 36 43 39 33 14 19 36 45 41 36 37 37 32 39 38 30 52 32 31 50 36 30 27 40 104 124 123 131 137 141 152 163 167 167 158 144 124 123 130 135 141 142 142 137 135 136 134 142 146 147 147 146 144 140 138 139 139 141 141 143 144 143 142 144 142 141 141 141 146 146 144 139 139 140 136 138 141 140 142 143 144 142 140 139 140 140 140 139 134 136 140 141 142 142 137 135 135 133 134
91 91 90 92 94 95 89 88 89 92 95 99 103 102 26 26 42 83 19 18 24 49 57 49 30 18 30 34 33 43 38 34 14 18 37 45 41 39 38 34 33 35 39 39 39 37 28 48 31 20 60 35 68 136 139 132 126 124 129 132 145 158 165 165 153 134 130 136 139 139 138 136 137 138 136 140 147 149 147 144 144 145 143 146 143 141 145 145 147 146 146 144 142 144 142 141 146 150 146 142 140 142 140 136 141 144 140 143 144 142 142 143 142 140 140 141 138 132 130 135 140 140 137 136 138 137 135 134
85 87 91 94 91 94 97 88 88 95 96 94 96 55 27 20 24 44 22 43 53 41 48 28 20 31 41 37 41 34 33 15 17 34 45 39 39 39 33 33 34 35 39 45 36 31 44 43 29 28 116 80 120 142 145 143 143 133 132 132 129 142 151 157 156 144 137 140 146 147 144 141 139 141 145 150 150 149 144 145 148 148 145 145 144 143 148 148 148 145 146 143 145 150 145 144 149 148 144 144 140 140 141 138 141 143 144 146 143 144 143 145 144 143 143 140 138 132 132 137 141 143 139 138 143 143 142 140
86 85 92 97 97 94 96 96 82 60 66 36 30 22 34 29 33 47 45 66 64 36 37 30 31 42 41 43 29 29 15 16 32 42 40 38 40 34 34 34 37 35 41 32 13 40 67 90 69 63 106 134 133 132 136 142 152 147 144 144 128 127 138 147 151 150 147 147 152 154 149 146 143 140 149 155 152 149 148 148 148 149 145 142 141 145 152 150 150 144 144 144 150 150 147 147 148 145 143 143 143 141 143 141 139 145 147 145 146 146 146 146 144 142 143 140 137 138 139 140 147 148 146 144 145 146 145 143
88 85 88 92 96 91 85 68 54 74 25 10 20 27 47 34 38 41 73 59 45 34 27 31 41 40 46 37 26 14 15 29 38 36 37 40 38 35 38 39 37 35 33 22 31 58 114 113 118 115 124 136 140 135 130 128 135 138 144 149 139 133 139 146 149 150 149 152 155 159 156 149 145 144 151 154 152 152 154 150 149 148 147 144 140 148 150 148 148 145 143 142 149 150 147 148 147 147 144 143 141 141 148 150 145 146 145 147 145 144 146 145 142 142 144 140 136 139 142 144 146 148 148 148 145 147 145 144
93 86 83 95 83 55 60 50 20 50 21 25 42 37 48 34 49 44 61 45 33 29 33 40 34 44 39 34 14 17 27 30 25 33 37 39 36 38 41 39 40 36 20 36 35 67 117 112 116 126 127 129 133 134 132 126 122 122 124 131 131 131 136 142 142 145 146 153 160 164 163 156 150 155 155 153 152 154 155 152 152 152 154 152 147 148 148 146 143 146 145 142 144 149 146 148 151 144 145 145 140 142 148 149 148 145 146 148 145 144 146 144 145 149 152 151 147 147 141 144 146 145 144 146 145 146 145 145
74 81 85 62 38 47 45 33 27 37 38 42 48 57 42 33 30 34 24 31 27 33 42 37 41 38 35 15 14 25 26 13 21 26 29 34 39 46 41 43 42 25 30 46 70 104 117 117 118 123 125 124 130 133 128 128 121 120 110 110 118 120 124 131 129 133 141 151 161 164 161 158 158 160 155 152 154 154 152 153 151 152 156 156 152 147 145 143 145 152 150 143 140 150 144 150 150 139 144 149 145 144 139 143 146 145 142 145 144 146 151 154 142 135 126 111 72 119 151 151 144 143 145 143 146 145 145 147
92 73 56 59 53 44 43 46 71 43 36 40 44 43 30 35 38 30 33 30 31 41 35 43 38 34 14 14 19 32 16 13 14 15 15 32 49 43 43 46 29 26 54 88 115 120 116 113 116 121 121 122 126 129 131 124 124 124 117 111 114 125 127 135 133 133 137 147 158 162 162 159 159 158 155 154 154 151 154 155 150 152 151 151 149 141 149 148 146 154 154 146 142 149 140 152 151 141 151 154 151 145 141 144 143 147 145 145 148 152 123 74 55 40 29 25 23 30 100 163 157 149 147 146 145 145 146 150
45 41 26 41 40 36 40 42 54 39 36 36 39 29 29 44 41 35 23 31 45 33 39 42 36 15 17 20 20 17 17 12 23 32 35 43 45 42 48 36 23 42 79 112 111 116 121 119 119 119 115 114 119 121 122 121 120 115 112 114 111 118 133 143 142 136 137 142 153 159 161 160 160 160 160 159 158 156 157 157 149 148 147 147 145 141 156 157 146 153 157 154 150 146 142 149 147 142 153 152 149 150 149 148 147 153 149 147 153 155 67 26 34 22 20 19 19 18 45 92 95 129 152 147 147 147 149 153
44 40 31 33 30 55 52 32 31 41 56 49 34 42 44 44 44 27 27 43 34 38 39 36 15 15 24 22 14 15 17 12 31 40 45 45 44 48 41 23 39 66 96 111 112 115 114 115 117 116 112 112 118 119 122 118 114 135 130 106 108 100 113 127 139 140 142 145 153 156 159 161 160 163 166 164 163 161 159 159 151 140 149 146 138 145 157 152 139 157 156 151 145 136 142 149 154 147 145 150 149 153 148 151 154 154 155 154 154 143 48 26 30 30 17 16 16 17 27 29 23 55 132 145 149 148 152 154
19 47 51 47 37 73 40 25 27 37 42 38 44 32 52 54 29 28 46 36 37 38 37 16 16 24 23 16 14 14 18 15 33 41 49 42 51 46 26 34 63 109 112 109 106 108 112 113 114 114 119 119 119 119 119 123 126 139 138 128 131 105 102 111 121 130 139 145 158 162 163 165 164 167 168 169 169 168 162 158 154 141 146 147 150 157 149 146 148 156 150 144 143 141 141 153 157 156 140 143 147 155 150 152 150 149 150 147 153 126 34 30 42 28 14 17 15 15 16 16 25 33 65 118 128 145 155 156
40 52 39 40 55 33 34 38 48 50 35 44 40 45 78 47 26 45 36 38 35 36 17 14 22 21 15 16 16 17 16 18 34 46 42 49 52 34 29 55 106 115 113 109 109 105 106 104 107 114 121 122 113 104 104 112 109 114 122 131 140 118 101 103 112 132 145 154 163 169 171 171 169 170 171 173 174 171 161 158 157 148 152 162 164 159 150 145 149 150 154 156 152 140 141 145 150 148 142 146 154 156 156 155 152 149 151 155 162 105 26 42 38 25 15 16 18 14 14 15 16 16 20 29 35 81 147 160
34 45 32 42 44 48 47 42 66 49 41 40 50 44 36 29 45 41 41 37 37 17 12 20 19 14 15 16 18 17 14 19 40 39 48 54 41 26 49 93 120 115 112 106 101 102 113 111 110 114 113 111 107 109 116 123 116 122 128 123 129 125 110 109 114 138 152 163 168 172 175 175 174 174 173 175 177 175 164 164 164 154 157 164 161 152 150 155 157 158 159 155 142 137 141 146 148 143 147 147 150 155 159 158 158 157 158 156 164 92 40 37 26 21 18 14 17 18 16 14 15 15 17 26 25 37 99 110
24 26 27 28 33 43 36 44 50 44 40 30 32 43 31 41 42 41 39 35 20 13 19 19 17 16 16 20 24 22 15 18 25 37 52 48 27 41 72 114 109 113 109 109 104 105 110 111 110 110 111 111 115 115 120 128 130 142 143 129 132 133 120 131 137 144 162 170 173 176 176 176 176 178 178 178 180 178 170 172 173 169 164 161 156 147 153 156 157 158 154 145 143 148 153 149 149 146 148 151 150 155 154 152 154 153 152 154 162 79 29 34 24 17 15 14 14 13 15 15 15 15 14 18 20 24 73 103
43 33 31 35 37 27 42 61 54 44 42 36 23 30 42 44 38 42 36 21 13 19 21 14 17 18 20 30 32 29 14 22 43 48 51 31 36 51 92 107 102 104 105 102 102 105 109 111 110 108 105 114 124 113 105 115 129 138 147 144 148 147 136 140 149 157 169 174 176 178 179 180 180 181 180 180 181 179 172 173 175 170 164 157 155 161 161 158 152 155 154 146 155 157 152 148 148 142 149 150 148 152 155 153 149 154 157 159 163 63 23 26 26 16 17 15 14 15 15 16 14 16 18 19 15 17 30 89
45 42 42 35 33 34 58 63 66 33 43 35 31 36 45 37 39 38 23 13 23 19 16 12 13 18 28 32 33 31 16 29 47 52 39 30 54 93 112 107 106 101 104 103 104 104 107 110 107 110 113 120 128 120 120 127 131 135 149 154 156 156 154 158 162 164 170 177 181 181 182 183 184 183 183 182 182 179 175 169 168 165 164 163 162 167 165 158 156 158 158 160 160 158 156 156 149 141 145 146 148 154 154 149 150 151 156 156 154 48 29 26 27 26 16 15 15 17 16 15 21 19 20 19 17 16 22 89
39 39 32 34 32 35 48 34 28 26 23 32 32 46 37 42 37 29 12 20 35 20 14 12 13 22 33 34 37 36 22 33 48 45 27 47 90 113 104 109 108 104 103 101 103 109 108 110 110 109 120 123 128 130 140 144 150 147 155 160 161 162 160 165 169 170 174 180 182 183 185 186 186 186 186 185 183 180 177 170 164 163 169 170 167 166 166 159 158 159 160 163 162 160 156 153 148 146 150 149 148 151 149 147 148 152 155 155 144 34 24 29 24 25 25 19 16 15 16 20 22 25 22 20 17 15 27 58
24 28 35 34 33 24 33 34 39 42 28 29 41 36 42 37 32 14 17 20 38 18 13 13 14 25 33 34 39 39 22 28 41 28 38 70 106 105 105 106 105 103 102 103 105 109 108 111 117 114 119 119 130 142 150 160 163 162 163 166 165 165 167 169 172 175 179 182 182 184 187 188 188 187 187 186 184 182 179 175 167 167 172 169 163 162 164 161 162 162 161 161 164 162 157 151 152 151 150 154 145 145 148 147 145 144 146 146 129 29 28 32 27 23 24 29 25 18 13 15 21 22 17 20 17 19 17 16
42 43 43 29 41 32 49 54 50 36 23 36 40 39 37 36 16 15 18 18 16 18 14 12 15 29 31 34 42 38 29 29 27 31 58 103 107 103 106 109 104 103 104 104 111 110 108 113 122 117 113 120 137 152 159 164 164 167 165 167 169 170 172 172 175 178 181 182 184 186 187 189 191 190 189 188 187 185 181 178 173 170 170 168 166 163 162 164 165 164 164 166 167 165 160 156 153 151 153 155 152 150 145 146 148 147 147 148 101 22 30 28 27 26 25 28 29 28 20 15 13 16 21 21 20 21 21 20
44 42 48 40 35 29 34 43 55 32 30 45 38 38 36 18 14 19 17 16 13 16 14 13 17 29 31 35 39 33 28 30 29 50 95 120 113 108 108 110 108 106 105 110 118 111 112 112 117 114 115 132 151 157 161 164 166 168 167 168 170 172 174 177 178 181 182 183 185 187 189 192 192 193 191 190 188 187 185 181 177 171 168 169 170 169 165 166 166 166 166 167 169 168 163 159 151 142 143 144 149 151 148 145 147 147 150 150 94 20 34 31 28 29 29 28 28 28 30 24 18 15 15 19 26 23 20 20
61 33 32 40 40 51 32 45 31 25 38 37 40 36 23 13 18 17 16 14 13 15 15 14 20 29 34 36 35 36 21 23 33 78 118 114 118 116 112 113 112 112 112 120 123 121 116 112 117 116 135 151 155 156 159 164 165 164 165 170 171 173 174 177 180 183 184 185 187 190 193 193 194 194 193 191 190 190 188 184 180 175 172 171 172 171 169 167 167 167 169 170 170 169 163 158 153 144 141 142 145 150 153 151 149 148 145 153 79 19 33 34 28 30 31 28 26 27 29 30 28 21 17 14 15 23 22 20
76 39 31 36 22 45 32 26 27 32 42 35 39 27 12 18 17 16 14 13 13 14 18 15 21 34 37 33 35 40 29 22 39 112 121 116 115 119 118 116 117 117 125 136 155 140 120 118 121 129 151 158 156 159 162 166 165 159 158 165 171 174 176 179 182 184 186 187 189 192 195 195 196 195 194 193 192 192 192 188 184 179 177 174 172 173 171 169 170 169 170 170 167 166 164 161 156 152 152 151 152 152 151 151 152 148 142 143 53 23 34 32 28 25 30 33 29 27 28 29 31 31 27 21 16 13 22 24
38 65 32 29 32 39 21 29 28 39 33 38 32 13 18 18 16 15 14 13 14 13 16 16 26 39 36 36 39 32 23 46 50 119 120 119 116 123 120 119 120 121 132 161 172 150 134 132 135 147 160 162 163 161 160 165 162 159 159 161 168 173 177 182 184 186 187 189 190 192 195 197 197 195 194 194 195 194 193 192 188 184 178 175 174 173 170 171 174 172 169 172 173 170 166 164 158 153 156 155 154 153 153 155 156 154 151 139 35 26 37 32 31 27 21 28 34 30 28 29 32 32 30 23 19 18 14 16
39 22 39 45 49 47 29 25 39 35 33 33 17 15 18 18 16 15 15 13 13 14 15 17 28 38 37 40 39 23 38 86 118 125 122 120 116 127 134 123 119 128 156 177 175 173 163 158 163 162 166 167 165 157 157 161 158 155 156 160 167 175 179 183 185 187 188 190 192 193 195 197 196 195 194 195 197 197 196 193 189 186 182 180 178 174 173 176 177 178 159 108 100 150 165 164 160 158 157 155 155 157 155 155 156 157 158 127 27 25 40 40 35 31 27 19 27 33 32 27 29 32 29 27 15 19 21 15
42 32 45 32 56 47 30 35 36 38 34 23 13 20 20 14 16 14 15 13 14 14 14 19 32 37 39 45 31 27 62 123 130 129 125 124 124 125 142 126 127 153 178 180 179 182 180 182 176 172 173 171 166 158 160 158 154 154 160 162 168 173 178 182 186 188 190 192 192 195 195 195 196 194 195 197 198 198 197 196 192 188 186 184 180 177 177 180 180 185 139 95 108 134 144 155 166 161 159 158 158 156 157 155 156 157 160 110 24 25 35 35 31 34 33 23 18 29 35 31 28 31 30 23 18 13 16 22
43 27 34 49 42 38 32 39 34 36 29 13 20 23 16 13 15 15 13 13 14 14 13 20 34 38 44 40 24 44 100 125 124 127 128 135 144 150 155 147 153 176 184 184 187 189 188 185 180 177 178 175 169 161 159 156 150 154 163 164 171 174 178 183 186 188 190 192 193 195 196 196 196 194 195 198 199 200 199 198 194 192 189 188 186 183 182 183 181 184 110 75 54 85 113 93 143 161 160 158 151 152 154 151 155 158 158 86 23 24 27 29 37 41 32 29 23 19 29 35 33 27 29 26 18 14 15 24
56 59 52 71 43 27 39 35 35 38 15 16 24 22 12 13 14 16 14 13 14 14 16 24 31 40 45 29 33 77 124 123 122 126 133 154 163 167 163 171 175 183 189 191 194 194 195 191 185 181 182 180 176 170 167 162 153 156 160 166 173 175 180 184 186 189 191 192 192 194 195 196 196 195 196 199 200 201 201 201 196 193 193 192 191 190 186 185 184 174 96 50 24 72 92 100 90 120 164 161 156 158 157 154 154 158 160 59 25 25 22 25 36 47 36 43 34 26 19 30 34 31 27 25 18 14 24 30
51 36 54 37 26 38 29 41 36 24 12 21 24 27 14 14 14 15 13 13 15 15 26 28 28 40 37 26 53 116 126 124 124 127 139 161 172 176 176 180 184 189 193 194 196 196 196 196 191 189 186 183 180 177 175 171 165 163 163 170 175 176 179 181 185 189 190 191 192 193 194 194 195 195 196 197 200 201 202 202 199 196 197 195 195 194 192 188 185 182 90 25 28 38 38 67 85 102 126 160 162 160 159 158 155 157 162 104 29 24 25 22 22 34 37 35 38 47 28 18 28 33 36 28 22 16 35 30
52 49 47 24 36 36 41 40 25 12 18 24 15 14 14 13 13 13 13 14 15 18 31 30 23 40 26 41 103 139 133 134 133 137 151 167 175 178 181 185 189 192 195 196 197 198 200 199 195 195 192 185 184 183 180 178 177 172 171 175 176 178 180 182 184 187 189 191 190 192 194 194 193 194 196 197 199 201 202 202 202 197 198 197 198 199 195 191 189 174 48 32 25 26 38 35 31 84 96 111 158 161 162 162 158 156 164 150 56 56 23 29 32 47 36 31 34 46 39 28 18 28 31 28 23 19 28 21
23 32 26 40 35 39 35 29 13 15 23 16 13 15 14 13 14 14 13 15 15 24 37 31 20 27 31 66 140 140 140 144 145 147 158 173 177 181 185 189 192 195 196 197 199 200 202 201 200 199 196 189 187 187 185 184 181 177 176 176 178 181 182 183 185 186 186 189 191 192 193 193 192 193 195 197 199 201 203 204 202 201 200 199 200 202 198 195 195 175 45 36 31 23 27 33 30 26 74 114 105 153 160 162 161 155 162 164 157 130 54 56 133 98 43 27 29 38 44 36 33 21 31 29 26 21 19 17
29 30 38 39 43 32 30 15 13 20 17 14 15 15 15 14 13 13 14 15 16 24 34 29 20 25 44 105 147 143 149 149 153 152 159 177 179 182 187 192 194 197 197 198 200 202 204 204 204 202 199 193 191 193 191 191 189 184 180 178 180 181 182 182 184 186 187 188 190 191 192 192 191 193 195 196 198 200 202 203 205 203 201 200 202 204 201 197 197 183 50 35 39 32 22 27 36 34 36 133 114 139 154 161 164 160 164 164 156 158 150 133 136 93 45 44 45 44 38 35 45 28 21 28 28 23 18 23
33 37 33 42 35 34 15 13 20 22 12 14 15 15 15 14 14 13 14 16 16 27 36 34 25 26 62 153 157 154 152 153 164 164 171 180 183 185 187 192 196 197 199 202 202 204 205 206 206 205 203 198 197 201 198 198 197 191 182 179 180 181 182 182 183 183 186 188 189 189 190 191 191 192 194 196 197 200 200 202 202 203 202 202 204 205 204 201 202 174 44 36 36 43 31 21 27 39 28 49 97 139 143 112 160 164 166 163 149 139 146 141 136 133 121 91 71 47 47 39 45 39 25 20 30 27 16 21
42 43 39 38 36 19 14 17 23 13 13 14 15 14 14 15 14 13 15 17 16 30 37 32 22 24 109 171 161 159 158 160 171 177 175 182 185 189 190 193 194 195 201 203 205 207 207 206 207 206 207 204 205 206 206 205 202 195 188 185 183 183 183 182 184 185 185 186 187 187 189 190 191 192 193 195 196 199 200 202 202 203 203 203 204 205 205 202 208 148 36 39 35 38 45 30 22 30 33 28 73 131 156 89 102 150 165 159 146 133 135 136 140 139 143 137 123 131 119 61 40 40 40 28 31 32 20 22
30 41 39 36 23 16 16 24 14 13 14 17 16 15 14 15 14 14 15 16 19 32 39 28 35 32 151 177 167 162 166 172 177 180 180 183 188 190 192 196 197 197 202 203 206 207 208 207 207 207 209 210 210 214 213 208 206 200 193 188 185 185 183 183 183 184 185 184 185 186 188 189 190 191 192 193 195 196 199 200 202 202 203 204 202 203 204 203 208 124 47 50 71 33 42 45 31 21 30 39 44 43 117 111 95 105 148 152 146 140 143 145 142 139 139 133 137 141 141 132 69 36 43 32 26 29 22 24
24 43 39 28 15 17 18 20 27 15 13 13 13 15 14 14 14 14 17 17 23 40 42 33 53 90 170 178 177 171 172 177 179 182 185 187 189 190 195 199 201 203 204 206 207 207 206 207 208 208 212 217 218 198 193 212 206 200 195 192 189 186 185 184 185 185 185 184 185 186 187 188 189 190 191 192 193 194 197 198 200 202 202 203 202 202 203 203 203 171 124 177 197 84 32 45 46 30 23 31 40 29 56 119 122 103 110 149 155 144 136 139 148 143 138 133 133 133 130 131 134 59 37 32 24 33 27 27
16 34 33 14 15 18 26 37 39 15 14 13 12 14 14 13 14 13 15 17 30 37 40 43 67 173 178 174 174 176 175 178 181 185 188 190 190 191 196 201 204 205 204 206 208 206 205 206 208 217 211 175 121 75 117 213 206 201 197 197 194 188 186 185 185 186 185 186 186 186 186 186 187 188 189 189 190 192 195 197 198 200 201 202 202 200 201 201 199 199 200 197 196 149 48 33 45 44 29 23 35 40 45 83 109 126 115 103 110 131 140 140 146 142 141 140 144 142 142 141 146 109 40 32 29 40 33 28
15 17 19 19 19 23 22 28 32 14 15 14 13 13 15 14 14 14 14 19 34 37 39 44 121 174 171 173 176 175 176 182 185 188 191 192 192 193 196 199 203 205 206 205 207 206 203 208 213 167 92 69 64 67 85 197 208 203 202 201 197 190 187 186 185 186 186 186 187 186 186 186 186 188 188 188 189 191 193 194 197 199 200 200 200 200 199 199 198 195 194 193 191 195 165 62 38 48 29 24 26 33 53 53 70 134 113 109 108 103 123 142 139 139 139 135 133 132 141 144 141 153 117 36 36 40 34 30
19 14 13 15 14 33 16 13 15 15 16 14 13 13 15 14 13 15 15 21 39 38 53 73 166 168 173 174 176 177 181 185 189 191 194 194 194 195 197 200 203 204 207 207 207 206 209 195 114 69 69 71 70 72 82 177 210 206 206 200 196 192 188 187 187 187 187 187 187 186 185 186 186 186 187 188 188 190 192 193 195 196 196 196 198 198 198 199 197 194 193 191 189 186 187 101 34 43 32 28 26 24 41 47 58 71 103 107 97 86 96 117 137 139 141 147 141 136 146 152 149 151 155 103 40 42 47 34
20 16 15 19 32 62 16 14 17 15 17 15 13 13 14 14 14 15 16 26 43 52 75 122 172 166 170 174 176 179 183 187 191 194 196 196 195 197 199 201 203 204 207 208 208 215 187 95 72 80 78 81 80 73 84 149 214 209 209 201 196 193 189 188 188 187 188 187 189 185 184 184 185 185 186 187 187 188 189 191 193 193 192 194 194 193 194 194 194 192 192 189 186 183 183 147 80 46 30 31 32 27 25 34 34 32 40 72 94 65 67 94 113 149 156 155 149 150 154 155 154 156 156 161 99 37 36 31
22 14 15 17 27 43 15 15 17 15 18 16 14 13 14 14 14 20 22 31 38 87 80 148 168 168 171 176 179 182 187 189 192 195 197 198 198 199 200 201 203 205 206 208 213 155 93 90 95 86 83 96 97 103 96 154 213 214 210 203 200 196 192 190 190 190 190 190 191 187 186 186 185 186 185 186 186 185 186 188 189 190 190 190 190 190 189 190 190 188 187 184 181 179 177 169 163 91 31 32 38 37 27 25 34 35 43 65 74 74 49 55 88 107 132 151 155 163 159 158 157 162 163 157 151 97 31 36
23 13 12 13 13 11 29 64 17 16 19 16 14 13 13 13 14 16 20 30 46 95 81 157 168 169 173 178 183 187 190 192 193 196 197 201 200 201 202 202 203 204 210 214 134 61 91 96 92 74 76 101 115 66 86 219 211 215 213 207 203 203 198 193 194 193 192 193 194 189 191 190 187 186 184 185 185 185 185 186 187 187 188 187 185 185 184 184 185 183 183 180 178 177 174 169 167 157 48 30 38 40 37 26 25 34 43 54 65 66 61 42 58 108 114 97 97 126 160 164 165 166 165 160 149 144 59 35
22 13 14 14 15 13 40 57 13 17 19 15 15 13 12 13 14 16 21 20 64 106 83 157 165 168 172 179 184 187 190 192 194 197 199 202 204 202 204 202 203 213 197 115 78 97 86 97 101 92 97 94 72 28 86 220 213 214 213 210 206 208 203 199 197 196 193 193 194 193 197 190 189 187 184 183 183 181 181 183 183 185 185 183 181 181 179 178 177 176 176 175 175 175 173 166 157 163 69 38 34 39 40 37 26 25 37 40 36 50 57 47 44 39 77 93 102 91 95 130 157 173 171 163 151 149 127 60
21 14 18 14 15 13 62 41 14 23 20 16 15 14 13 13 17 18 21 21 88 106 88 163 163 166 170 177 184 188 191 193 194 196 200 205 207 206 206 208 211 161 82 69 92 90 86 97 132 112 69 46 58 32 96 221 214 214 214 213 210 210 206 203 202 197 196 196 197 196 196 191 189 185 183 183 180 175 177 181 182 181 181 181 177 176 177 175 173 171 172 172 173 173 172 167 151 158 91 95 73 34 44 40 33 26 25 35 31 33 48 81 46 29 64 93 95 86 90 96 78 98 129 146 144 150 151 114
19 14 16 15 14 23 85 28 15 25 18 16 14 15 13 14 17 18 19 41 103 96 92 168 167 166 170 176 183 188 192 194 195 197 204 209 211 212 218 207 124 63 64 78 81 70 78 68 74 47 40 52 46 32 100 220 214 215 215 215 212 211 209 206 205 199 200 198 198 198 196 192 188 183 182 181 178 173 175 177 178 180 179 179 176 173 173 172 168 166 170 172 172 172 171 168 154 152 110 132 142 49 45 45 39 29 24 25 39 33 39 48 67 46 86 95 120 88 58 61 72 58 91 108 80 87 93 93
19 15 14 15 14 36 77 18 17 23 15 16 15 15 13 14 21 19 24 56 109 92 92 159 160 165 170 177 183 187 191 194 196 199 204 212 218 222 179 102 72 72 75 75 80 66 38 35 26 40 55 52 39 51 124 220 215 215 214 214 214 214 210 209 207 202 200 197 197 199 198 192 186 183 180 179 179 175 175 176 176 178 177 175 174 173 171 171 166 165 170 170 170 170 171 166 157 149 159 179 195 151 38 48 45 36 28 24 26 35 26 58 48 63 39 70 71 59 57 61 85 52 71 87 53 61 84 86
17 15 15 14 17 55 61 15 19 23 15 16 16 16 13 15 22 20 38 65 115 91 96 155 150 159 170 178 184 189 191 195 197 200 204 221 212 135 78 80 92 107 73 52 64 54 36 32 43 55 52 41 41 158 206 217 215 216 215 215 216 216 211 207 207 204 201 196 198 200 199 193 188 183 180 179 178 175 175 175 175 175 173 173 173 173 170 171 168 165 166 167 170 169 169 164 160 152 163 180 184 199 103 36 47 41 22 27 22 28 37 45 63 53 45 67 60 52 67 78 88 47 75 70 45 59 85 96
17 22 23 13 22 75 43 15 20 21 15 15 18 17 13 16 25 22 47 67 100 86 108 162 149 158 172 180 184 187 190 194 199 204 208 172 102 77 79 77 89 53 50 38 34 30 31 46 55 54 63 93 121 216 218 215 214 215 216 216 218 217 212 210 208 206 205 200 199 199 198 196 191 188 184 181 177 175 173 174 172 172 173 172 173 172 170 171 169 167 165 165 165 165 166 166 161 156 171 181 187 190 175 52 44 46 24 23 26 21 32 34 37 46 66 74 60 54 67 74 81 47 72 72 48 54 53 49
17 26 25 11 40 77 27 13 22 22 14 15 18 16 13 17 22 26 51 72 104 82 118 172 162 168 174 180 185 187 191 195 207 192 115 77 83 85 51 46 62 36 42 32 25 31 49 56 50 72 181 194 213 219 217 215 213 215 216 215 215 216 213 212 209 209 209 207 203 202 199 196 192 190 187 185 183 182 176 173 173 173 175 174 174 173 170 171 170 168 166 168 167 164 164 167 165 171 176 181 186 189 176 131 47 43 27 29 27 22 22 33 36 33 54 54 56 55 67 60 58 66 82 73 62 76 38 33
18 27 22 16 72 74 18 15 19 20 16 15 17 15 13 21 21 28 56 81 107 77 126 176 173 176 177 181 185 191 198 197 154 96 81 72 63 62 37 52 44 39 31 24 31 47 54 52 87 185 210 213 220 216 216 214 214 216 216 214 215 214 213 213 211 208 209 209 206 204 204 198 194 192 190 188 186 188 181 177 176 177 176 172 174 172 170 175 174 169 169 169 172 171 170 168 173 178 176 182 188 190 185 187 85 39 31 31 23 22 24 22 36 35 56 75 62 60 71 45 63 59 64 52 70 80 51 50
20 29 19 30 81 62 14 16 17 18 18 18 15 14 14 21 20 34 58 82 104 76 135 177 176 179 179 185 194 184 152 110 80 86 74 71 55 79 77 57 36 32 24 27 35 51 51 72 199 214 208 214 218 215 213 211 214 216 215 214 216 217 214 213 211 209 208 207 205 204 204 202 198 194 194 190 186 192 190 184 183 182 178 176 175 174 175 127 138 176 172 175 178 175 174 172 175 177 178 185 188 188 187 186 181 78 30 29 29 18 24 21 25 39 37 43 46 45 44 36 47 63 67 45 53 71 58 43
21 24 21 51 86 43 12 15 18 17 18 24 18 14 15 22 20 38 60 88 99 69 143 178 182 187 187 167 149 97 81 82 96 73 55 43 50 91 72 35 32 24 33 31 35 51 59 180 214 206 208 211 214 214 209 209 210 213 212 212 214 215 215 214 211 210 208 208 206 203 202 203 200 197 194 192 189 189 188 185 183 184 182 182 180 176 177 80 66 119 178 179 178 179 178 176 177 179 179 183 186 187 186 185 186 166 42 27 36 25 16 23 19 31 40 28 37 58 87 44 42 24 36 54 54 54 49 31
18 17 36 77 90 26 13 14 17 17 31 30 25 23 24 32 34 36 56 84 96 75 147 162 144 104 87 77 88 92 87 87 81 50 50 70 68 49 38 33 23 35 37 37 41 51 155 217 206 206 207 208 212 212 210 209 209 211 211 211 213 212 214 212 211 211 210 208 208 205 203 203 200 198 197 194 190 189 187 185 186 187 187 186 184 179 178 71 62 73 112 177 182 180 180 180 181 181 181 182 187 188 186 183 190 168 43 32 38 33 17 20 22 20 36 37 31 46 67 61 63 53 57 59 40 49 58 45
24 19 44 93 83 17 16 14 15 17 23 36 27 26 34 30 31 37 59 93 97 66 67 62 46 49 66 86 78 83 95 63 54 40 56 58 45 40 31 22 35 38 42 40 36 126 215 205 205 204 206 206 211 210 210 208 208 210 210 210 208 211 213 212 211 210 209 208 207 205 204 203 201 200 198 194 191 189 188 189 189 189 189 189 186 185 165 49 45 42 40 103 176 186 183 181 180 181 182 183 186 188 187 187 198 161 40 38 38 37 21 18 21 21 24 40 35 43 53 48 39 62 61 41 52 46 36 37
28 22 56 86 35 16 18 15 13 16 22 35 30 27 32 15 22 47 58 101 96 63 62 67 63 64 64 75 76 109 97 45 37 61 80 38 37 29 22 36 39 41 46 39 82 209 204 203 203 203 204 205 210 209 208 208 208 210 210 210 209 210 212 210 209 207 206 208 208 208 206 202 201 202 200 196 194 192 192 192 191 189 190 189 187 189 142 36 32 35 38 52 106 178 189 183 182 183 183 182 184 188 188 190 192 195 114 30 36 40 27 19 19 20 18 30 39 43 45 45 47 36 53 49 49 48 44 55
14 35 82 64 13 19 18 16 17 13 23 29 31 33 32 15 29 58 50 100 94 63 69 72 67 65 73 75 49 62 59 43 57 59 46 36 29 22 34 39 42 43 43 44 99 208 200 202 202 201 203 203 206 209 207 207 208 208 209 208 208 210 210 209 208 205 205 208 208 207 206 203 203 204 203 200 197 195 194 193 193 191 190 187 186 190 94 34 34 28 29 33 48 95 161 193 185 185 184 183 186 188 190 190 189 195 154 126 103 34 36 20 22 17 22 18 34 46 27 29 35 37 57 40 51 68 48 39
29 57 22 22 15 19 18 17 20 13 17 28 34 38 32 16 38 60 53 109 94 63 70 75 73 74 84 43 22 49 66 57 43 40 39 28 21 33 37 42 43 43 53 133 113 206 199 199 200 199 201 202 204 206 207 207 206 208 208 206 208 208 209 210 209 208 206 206 208 206 206 206 206 206 205 201 199 195 194 194 192 191 189 187 188 180 61 34 33 34 28 29 33 42 79 142 186 193 185 185 187 188 189 190 191 189 193 202 177 50 41 23 24 19 18 21 19 40 44 28 40 40 55 58 41 35 42 43
46 75 23 14 14 17 17 19 20 17 15 25 47 45 43 21 32 32 62 111 88 65 103 91 77 61 26 22 37 59 55 54 37 34 28 32 41 25 40 43 45 41 146 191 161 200 196 197 197 198 198 200 202 204 206 205 205 206 207 206 205 207 206 208 208 208 208 206 208 210 210 208 208 206 206 202 200 196 193 194 192 190 187 188 188 189 86 43 35 33 34 27 31 31 37 65 79 135 191 188 186 188 189 193 192 190 189 188 198 107 35 32 24 23 16 21 15 27 45 39 47 39 36 82 68 47 32 55
54 60 21 22 15 14 16 18 17 19 19 37 73 45 47 48 22 28 77 111 96 56 63 66 40 25 35 38 56 66 60 49 36 29 17 63 51 22 39 49 41 107 202 196 199 194 195 195 196 196 197 197 200 201 203 204 204 204 205 205 203 204 204 205 206 207 207 207 208 209 210 209 212 208 207 204 201 199 197 195 192 192 188 190 189 185 117 113 68 38 34 35 26 29 31 38 59 68 110 163 192 188 192 194 191 190 190 188 191 162 42 36 23 24 17 17 19 16 37 47 43 49 44 49 43 43 37 42
85 55 13 18 19 15 14 19 16 15 14 38 45 22 32 72 21 35 82 107 100 41 14 28 21 41 59 44 53 71 65 39 32 18 30 61 50 18 36 46 74 191 192 190 191 192 192 193 192 193 194 196 197 198 200 201 202 202 203 203 202 202 203 204 205 205 206 206 208 207 208 210 211 209 206 205 203 202 200 197 194 193 191 192 192 188 168 169 170 64 33 37 35 25 29 33 48 57 52 69 143 194 195 194 191 191 190 188 186 190 119 31 25 28 18 17 19 17 23 44 38 47 39 43 32 49 41 35
100 58 13 14 20 17 14 18 15 14 15 37 38 14 22 47 33 29 60 103 95 44 38 45 36 60 75 58 59 39 42 36 19 33 30 27 30 35 48 52 167 193 188 189 188 189 189 190 191 191 192 193 194 195 197 198 199 201 201 201 201 203 203 204 203 203 205 203 204 207 210 210 211 210 207 205 203 202 199 197 196 195 195 194 195 191 190 200 184 133 69 32 38 31 24 27 34 53 44 57 75 131 198 198 193 191 189 187 186 187 174 46 24 29 22 18 16 20 15 32 46 30 42 51 50 51 55 50
96 64 17 15 16 21 16 18 16 15 16 33 34 16 27 39 50 31 63 97 83 54 54 56 54 54 59 72 30 38 37 16 29 27 31 30 26 42 43 131 194 185 185 185 186 186 186 187 188 188 190 190 191 192 194 196 197 198 199 199 200 200 203 203 202 201 202 202 202 205 209 211 212 212 209 207 206 203 201 199 198 198 197 197 197 197 197 200 194 188 160 41 35 38 31 23 27 35 38 38 44 68 107 180 201 195 191 190 188 186 190 96 23 27 26 19 18 28 22 18 42 44 49 60 49 53 62 52
109 91 28 13 14 16 15 16 16 14 14 19 17 15 27 38 72 69 79 110 103 46 42 55 68 46 66 53 34 40 19 45 36 21 35 35 24 32 92 189 183 183 183 183 183 183 184 184 184 185 187 188 189 190 193 193 195 196 196 198 203 205 202 201 201 200 200 201 201 203 206 210 210 210 209 209 207 205 204 202 200 200 199 198 201 204 202 200 201 197 207 128 35 36 39 28 23 28 33 38 33 43 55 87 166 190 200 195 190 186 188 159 37 24 31 18 19 39 30 17 28 46 44 50 46 38 37 41
50 89 26 13 14 13 14 17 15 15 18 18 20 23 18 25 36 45 94 125 149 39 44 48 57 64 46 74 46 25 20 78 42 22 36 38 29 42 166 184 179 180 180 180 181 181 181 180 181 182 184 185 186 188 190 190 192 195 200 193 157 126 182 202 199 200 200 200 201 204 206 209 210 209 211 210 209 209 207 207 204 204 203 202 204 207 205 202 205 203 204 214 105 32 37 36 26 22 27 30 33 45 66 62 72 109 141 190 196 189 184 186 76 23 31 19 17 34 26 21 18 39 45 31 27 28 39 26
72 92 23 13 14 14 21 22 18 16 16 18 22 25 18 21 34 62 96 122 147 44 50 55 67 44 25 66 54 18 29 26 27 25 36 37 34 45 167 180 178 179 178 178 178 177 177 178 179 180 181 183 184 186 188 191 196 189 152 119 117 116 170 201 198 199 199 201 202 203 206 207 208 210 214 214 213 212 214 213 215 210 207 205 204 205 205 206 206 204 203 211 204 68 31 38 35 23 21 26 30 35 69 47 36 70 75 98 139 172 185 194 122 27 29 24 16 20 24 21 21 22 24 16 16 18 17 17
14 16 15 14 13 14 22 27 18 17 14 15 23 23 18 24 51 55 85 134 131 41 61 63 46 34 37 37 20 29 20 16 23 29 37 36 37 68 174 177 176 177 177 174 176 175 175 176 177 178 179 182 184 186 189 182 152 120 118 113 114 98 150 201 197 197 199 200 201 202 203 204 207 212 215 214 214 213 216 213 179 207 209 210 210 204 204 207 207 204 206 210 216 155 38 33 36 33 20 21 26 26 41 45 40 45 66 70 77 93 109 138 151 45 21 24 18 15 31 37 27 20 14 15 15 14 15 14
15 14 14 14 13 15 24 25 13 17 17 15 16 17 16 39 56 69 93 142 119 59 59 47 21 39 38 17 27 20 20 18 21 33 38 53 97 155 177 176 175 176 175 175 177 176 174 173 174 175 177 180 186 174 146 125 109 127 125 102 83 56 168 204 197 196 197 199 200 201 204 205 208 212 213 212 214 216 216 217 113 109 160 135 187 209 207 207 209 209 210 211 210 219 114 29 35 37 21 18 22 25 23 51 49 37 45 48 57 51 66 73 73 43 23 22 18 17 23 32 26 20 16 19 16 15 15 15
16 14 14 14 13 21 30 25 14 14 19 16 17 21 24 51 63 62 99 100 77 57 68 40 37 45 21 23 21 17 22 20 24 37 37 136 187 177 175 175 175 176 176 177 178 177 175 173 172 176 179 173 154 124 125 125 125 99 86 56 50 47 152 161 179 197 197 199 201 202 204 207 211 212 209 210 211 213 215 224 115 55 77 109 119 160 198 210 208 210 212 211 209 212 194 63 31 34 21 20 17 22 25 32 46 37 39 40 50 41 53 67 78 51 26 25 19 15 14 17 16 15 13 23 16 13 14 14
18 16 18 18 16 18 25 25 18 18 16 16 18 32 39 36 51 53 100 76 56 63 62 38 44 28 20 24 14 21 20 28 30 32 86 178 171 173 175 175 176 176 176 176 178 178 177 176 173 153 138 122 130 118 136 100 81 55 43 54 55 42 66 75 152 199 196 197 199 201 205 208 212 210 208 207 208 214 214 224 112 37 47 80 89 140 124 164 209 212 210 208 207 206 211 172 43 29 24 22 19 18 25 26 24 40 33 31 44 47 50 55 55 45 28 23 19 15 19 21 17 20 14 27 19 13 14 14
16 22 27 34 34 23 24 29 28 39 37 18 16 38 49 44 46 56 84 76 62 52 33 44 37 15 25 16 16 23 20 34 35 35 149 174 170 172 173 173 174 174 175 173 177 180 174 154 136 122 104 126 134 100 106 76 63 39 49 58 49 58 61 80 130 195 194 195 199 202 204 207 211 211 208 206 208 212 214 222 123 57 44 52 58 54 58 102 149 186 211 205 205 204 201 209 133 29 26 24 25 18 19 25 23 28 36 30 36 43 40 53 46 44 35 18 19 17 16 20 18 18 14 32 24 13 13 14
16 23 30 39 43 48 53 41 31 48 52 21 22 40 32 36 38 65 96 83 65 33 33 45 18 24 17 14 18 23 22 36 41 58 143 173 170 170 171 172 172 174 175 177 176 167 136 131 144 136 105 117 104 95 77 67 32 41 55 45 60 74 64 68 107 195 192 193 198 202 204 204 207 211 211 207 208 210 212 216 214 188 82 34 38 42 75 99 141 133 159 200 208 202 198 199 195 55 25 28 30 20 18 20 25 24 30 32 33 51 41 57 41 37 35 24 20 18 16 21 18 17 16 34 30 13 16 17
17 14 16 16 20 25 27 27 37 41 40 22 29 31 29 36 38 69 97 87 60 34 47 25 24 22 15 15 21 22 30 38 40 139 168 169 169 170 170 172 175 174 163 145 124 128 144 149 155 129 70 91 90 90 73 42 37 51 48 43 59 67 64 101 88 124 192 193 198 201 203 204 205 209 210 208 206 208 210 211 212 216 197 65 35 36 52 75 121 145 139 147 149 193 198 195 198 109 35 28 31 23 20 17 23 24 22 29 32 41 37 34 31 32 34 23 20 18 17 22 20 20 17 31 31 14 16 18
37 35 14 18 19 16 12 16 43 63 54 21 25 35 42 54 45 88 129 117 74 44 39 19 26 15 16 15 25 22 40 35 41 153 175 169 170 172 171 165 137 114 106 127 126 134 157 134 110 89 80 84 86 62 36 41 42 48 57 51 53 46 86 90 45 76 181 195 197 200 201 204 204 206 209 207 206 206 208 210 213 213 214 175 49 33 37 47 68 58 100 127 112 137 186 198 196 199 63 22 29 28 19 19 17 23 28 28 35 35 37 31 29 43 48 21 20 20 17 21 22 20 18 29 34 16 20 25
36 37 15 36 26 18 14 17 58 61 36 20 26 42 34 32 37 83 120 116 73 44 22 26 21 18 14 17 27 26 41 51 47 151 175 162 158 148 123 110 107 116 121 129 136 135 147 90 76 85 86 65 49 25 34 37 41 48 52 70 45 56 83 52 48 64 155 201 197 199 200 202 202 204 206 205 206 205 208 205 127 177 212 220 140 42 33 36 54 80 54 63 96 123 144 129 178 195 166 55 23 29 21 20 18 17 25 24 33 29 36 32 29 31 41 21 26 25 21 21 24 22 18 33 49 17 21 27
25 21 15 38 18 17 14 14 15 16 16 21 26 31 30 30 40 93 113 108 68 29 22 20 16 21 14 22 25 34 40 77 45 103 106 108 108 114 103 99 115 105 114 114 99 90 90 80 86 78 51 49 26 34 42 37 46 59 54 36 41 98 52 41 49 43 113 205 199 200 201 202 199 200 202 203 203 204 208 194 70 105 160 211 219 93 31 34 35 80 82 55 75 100 127 89 115 144 193 155 29 25 23 20 19 17 19 24 27 34 31 37 29 33 35 23 28 24 21 21 24 21 16 36 63 18 21 20
23 29 16 21 20 16 14 15 14 16 15 13 23 24 27 29 33 82 99 103 63 18 20 16 16 17 19 22 25 34 67 84 45 122 100 127 127 112 72 97 83 68 76 75 79 71 94 101 65 55 69 35 28 41 46 37 57 62 38 30 77 58 40 42 58 68 179 202 202 201 201 199 197 198 199 201 202 203 210 184 48 58 93 155 212 134 98 34 34 36 52 59 56 73 77 74 129 125 125 188 75 19 28 20 19 22 16 20 24 27 31 39 25 34 35 24 27 31 28 18 24 20 14 35 70 20 22 19
23 26 20 48 29 15 13 22 36 42 38 31 36 46 38 34 52 86 94 104 50 19 16 15 16 15 16 22 25 38 102 72 45 114 107 108 116 91 72 86 93 68 75 59 66 69 60 54 52 71 51 28 35 49 41 61 89 34 29 43 56 42 38 55 50 145 204 198 201 200 198 197 196 196 198 199 202 204 210 176 50 37 44 101 152 160 205 70 35 33 38 44 73 66 78 66 100 118 110 88 91 29 23 21 20 19 22 15 21 21 55 36 37 35 33 27 23 26 22 18 24 21 16 23 52 19 19 21
28 16 17 43 27 12 22 37 66 52 48 44 43 38 49 48 41 79 96 104 44 20 17 15 15 17 18 20 20 68 109 68 53 115 108 78 64 95 79 64 75 63 54 54 64 69 71 57 53 47 31 35 39 40 49 80 46 27 31 46 47 34 56 53 108 200 194 196 196 197 197 196 194 193 196 198 200 202 204 200 84 43 36 51 89 126 206 181 50 36 33 37 54 75 92 68 54 65 53 56 72 45 22 19 19 17 24 18 17 20 39 38 35 30 35 31 25 31 21 18 21 23 18 17 42 28 28 31
29 16 12 13 18 24 32 23 26 17 15 15 16 15 16 19 32 100 106 99 41 21 22 15 14 19 26 25 24 74 72 49 76 81 86 104 80 99 61 38 56 59 50 57 53 55 60 103 64 25 35 37 36 54 87 55 23 33 30 45 37 44 58 77 188 193 192 192 193 194 194 193 192 192 193 196 197 198 199 206 192 84 39 36 45 51 132 198 148 39 32 33 37 61 83 78 67 78 63 63 61 46 31 18 21 19 19 23 16 19 21 34 33 29 43 37 19 24 26 17 18 24 23 17 37 31 25 28
17 14 13 14 14 24 29 14 12 14 13 13 14 14 14 16 41 109 118 99 36 24 22 16 14 17 33 23 38 61 60 53 87 78 75 80 52 51 62 53 57 53 51 58 69 45 62 92 38 23 31 34 49 83 73 27 39 32 36 36 38 59 57 164 190 185 187 188 190 190 190 189 190 190 191 192 194 194 197 200 209 172 53 36 37 52 94 99 197 115 29 30 34 42 83 87 62 76 70 85 96 71 44 22 18 21 17 21 19 16 21 22 40 38 31 35 34 33 31 18 20 21 22 22 68 45 38 28
15 14 13 14 15 23 24 15 14 14 14 13 13 14 14 15 34 109 113 96 29 25 21 17 15 18 34 27 38 41 43 61 82 53 61 72 57 56 62 61 48 55 60 68 67 61 92 53 29 29 34 37 94 78 26 38 41 31 34 34 42 54 147 189 181 182 184 185 186 186 186 186 187 185 187 188 190 191 193 195 205 134 65 48 31 32 42 62 125 195 42 34 29 33 72 92 81 97 88 87 87 92 55 35 16 21 17 19 22 19 18 23 22 34 51 45 54 68 47 32 35 28 23 21 79 89 92 57
19 15 14 14 17 28 24 16 14 14 13 13 13 13 14 14 34 109 118 98 33 26 20 19 14 25 32 36 46 44 49 74 80 57 56 60 58 61 55 48 57 60 59 88 86 70 68 28 27 30 37 63 87 32 23 39 34 40 32 50 56 110 188 177 177 178 179 180 180 180 180 180 182 183 184 184 186 189 190 195 199 78 50 49 46 27 43 48 73 114 86 49 33 29 33 58 92 125 102 88 89 94 71 42 24 19 18 21 21 19 15 21 18 15 17 20 18 15 17 17 17 18 19 18 37 68 61 63
30 15 14 13 19 37 32 16 16 14 14 14 13 14 15 17 41 109 115 93 27 26 21 26 14 34 29 44 61 47 49 83 87 55 56 54 63 57 61 59 67 47 59 58 73 80 44 20 32 26 35 73 43 24 27 36 40 37 34 51 55 155 178 173 172 172 172 173 173 174 175 176 177 179 181 182 183 185 189 148 170 94 30 31 44 40 26 40 65 74 106 94 34 26 30 36 64 93 89 69 84 87 97 58 36 19 17 17 17 15 14 15 15 14 14 13 14 18 16 15 15 20 17 21 27 17 58 77
30 14 15 14 22 41 31 17 21 19 14 14 13 14 14 20 52 110 100 91 18 29 30 25 17 32 26 48 61 47 49 82 127 62 57 57 61 62 64 61 59 54 62 66 98 63 24 22 30 29 58 61 22 31 27 32 38 33 42 45 120 161 173 170 169 168 167 168 169 169 171 172 173 177 180 181 180 181 183 94 122 69 38 30 33 44 32 32 69 71 82 118 58 28 25 29 43 84 94 86 90 72 80 55 40 32 21 17 14 16 20 19 15 15 14 14 14 15 17 15 17 23 20 25 26 23 40 62
24 16 15 15 23 42 26 14 17 18 16 15 14 14 15 19 58 96 100 84 20 28 28 26 17 20 29 61 53 51 48 88 134 61 64 59 52 54 59 60 51 60 74 83 85 42 19 28 33 37 65 24 27 27 29 30 31 36 39 100 183 172 171 169 163 164 165 165 167 169 171 171 172 174 176 179 179 178 185 95 51 53 35 40 27 37 44 28 34 59 56 58 72 38 25 27 30 86 89 74 71 63 51 59 41 38 21 17 17 23 31 30 19 19 14 14 16 15 16 16 18 28 21 38 58 67 25 16
20 19 21 27 24 39 25 13 15 17 20 20 17 15 15 17 61 96 104 79 29 31 23 23 23 18 38 51 46 43 45 97 124 60 53 49 62 55 68 58 54 60 65 89 62 21 20 35 45 53 46 20 30 31 34 31 38 46 64 173 175 174 169 155 141 153 167 166 168 170 173 172 172 172 173 176 177 175 177 153 42 39 66 49 34 34 58 34 23 47 59 54 73 50 25 26 29 38 54 61 90 71 52 58 39 33 22 16 24 27 30 33 28 23 14 14 17 15 15 18 20 25 15 34 62 116 42 13
26 19 14 14 24 37 21 15 16 16 17 18 18 18 19 19 66 106 120 75 32 27 22 16 21 18 42 50 52 45 53 94 70 48 50 53 69 51 55 64 58 61 59 85 47 23 22 43 60 45 27 30 30 39 33 31 53 53 131 185 179 164 136 107 118 136 177 173 173 175 175 173 173 173 174 175 175 173 172 175 100 30 66 81 34 21 56 45 25 25 47 68 80 51 30 27 26 30 67 62 92 79 63 66 69 33 21 18 29 31 30 33 29 20 15 15 17 15 15 22 32 23 17 30 71 159 54 15
73 82 71 63 71 55 39 21 17 15 14 14 17 21 20 19 76 105 117 71 40 31 20 20 24 19 41 47 46 50 55 93 73 42 47 54 55 48 70 70 58 54 71 71 23 27 26 54 57 32 18 24 36 43 33 38 37 47 154 189 165 152 123 77 90 134 193 186 184 183 180 176 174 175 177 176 173 171 171 164 136 81 27 37 61 26 27 58 27 24 31 57 84 91 53 24 25 28 46 62 74 83 75 69 67 41 47 34 34 32 30 34 29 18 16 17 16 14 15 16 47 31 17 36 87 145 62 14
51 48 51 54 68 65 68 81 77 74 73 57 42 19 17 27 79 109 119 69 29 41 26 23 31 29 34 44 45 48 52 89 80 50 48 53 52 50 58 56 63 62 68 40 21 24 44 56 42 34 18 30 35 33 31 36 45 157 180 149 135 124 79 48 69 104 190 193 190 189 183 179 177 178 177 174 173 171 172 141 52 74 43 26 38 31 26 27 43 29 26 38 50 87 75 25 25 27 43 61 64 76 66 60 72 73 85 86 45 28 33 31 32 17 15 17 17 15 14 15 42 37 18 35 83 134 68 15
92 69 77 76 84 78 71 88 84 86 84 102 95 46 27 32 90 114 111 62 30 28 34 32 38 49 62 54 53 43 56 106 69 55 55 58 60 46 44 57 56 56 48 26 25 30 56 49 39 50 18 35 36 29 39 29 112 198 148 134 119 74 42 50 70 142 180 187 172 157 188 184 185 183 182 179 178 174 173 137 31 30 49 33 30 42 34 27 65 52 25 24 36 64 86 47 26 26 33 26 24 26 29 33 38 53 36 37 39 32 28 26 33 16 15 17 18 17 16 15 40 42 20 35 81 134 74 17
98 83 80 89 84 96 104 89 77 91 92 115 88 40 55 54 107 116 110 54 29 21 27 43 54 40 44 21 34 43 54 99 61 25 27 25 23 21 19 19 21 26 31 25 19 30 51 27 45 55 23 40 35 34 54 45 146 135 137 106 65 50 45 53 119 176 141 143 164 118 179 179 156 174 184 184 184 181 180 134 34 33 35 58 24 40 41 28 27 67 37 22 29 60 67 26 20 25 30 25 18 18 17 19 18 23 17 18 27 34 34 36 29 15 19 20 19 18 17 16 40 45 23 32 82 131 81 20
113 90 79 84 97 108 100 88 76 75 70 93 86 36 47 51 104 126 120 45 25 17 22 17 47 55 19 14 16 16 38 101 53 13 16 16 16 16 16 16 17 24 25 26 21 31 42 23 47 50 35 44 33 35 52 59 125 116 101 71 56 36 44 63 155 149 103 104 148 132 156 122 117 137 129 136 179 187 190 116 46 32 30 38 44 22 38 28 19 50 74 24 25 41 56 41 27 37 25 19 18 20 17 17 17 17 16 15 28 34 36 31 25 15 23 26 25 24 22 21 40 46 27 32 90 131 84 26
121 113 110 105 107 116 113 101 108 106 94 117 91 34 54 34 99 131 122 46 24 15 15 14 23 58 51 15 16 15 47 91 49 16 15 17 16 16 16 18 16 29 30 32 32 47 31 22 49 53 42 56 34 19 24 69 118 69 70 63 35 39 92 102 115 98 82 87 98 106 136 112 111 129 156 120 150 189 191 93 55 33 32 25 43 32 22 28 26 23 65 42 25 31 46 59 46 21 23 22 24 15 15 16 16 15 20 52 35 38 38 29 25 27 25 25 26 25 23 23 38 48 31 29 94 141 89 26
123 127 124 117 112 124 113 105 116 115 117 124 89 54 68 25 110 137 123 47 26 17 16 17 16 24 77 41 15 15 55 109 52 20 19 18 19 18 22 26 18 32 36 32 33 35 25 21 53 60 42 86 34 21 29 63 103 80 68 33 33 65 174 115 92 48 63 67 69 96 109 120 125 102 153 127 122 154 154 63 57 41 32 21 31 51 20 24 26 25 36 61 24 27 34 44 33 22 29 26 36 20 17 17 17 16 28 70 34 28 27 21 25 36 27 20 21 20 19 17 35 50 36 27 89 139 97 20
119 118 116 117 116 132 125 114 125 128 128 126 84 69 70 31 114 136 116 43 30 28 29 28 29 26 45 25 22 18 59 108 52 25 26 24 23 24 29 33 26 38 43 30 21 26 26 19 56 61 37 82 30 30 50 64 68 77 36 35 50 176 103 80 49 42 56 63 58 84 83 106 97 116 112 75 87 89 87 60 46 56 38 23 23 32 41 22 26 29 23 60 39 28 33 50 42 34 42 27 39 35 21 23 25 22 18 20 33 39 36 28 25 18 22 23 22 20 17 15 31 48 37 25 84 136 112 18
120 122 119 125 121 122 116 121 124 122 118 125 80 74 68 40 118 145 119 37 32 34 35 30 76 64 79 36 29 26 63 80 59 37 35 36 31 30 36 40 31 36 38 42 51 28 21 21 63 59 39 82 29 49 68 71 70 53 27 33 95 115 71 55 29 55 81 92 64 76 70 79 81 93 108 73 69 73 89 70 36 59 50 30 23 25 61 37 22 27 21 49 63 25 30 37 47 35 45 29 41 47 25 32 30 32 22 23 26 29 22 32 39 27 19 20 18 17 15 35 48 46 44 34 80 135 124 19
127 137 136 136 124 115 116 124 132 126 116 123 80 81 64 49 121 140 116 45 33 42 39 40 87 120 88 47 37 30 82 109 89 49 35 39 43 40 49 40 20 40 22 57 107 57 19 20 85 67 41 83 33 54 60 72 62 40 36 54 79 66 65 31 42 68 85 79 51 65 67 71 87 96 97 72 65 71 78 71 60 59 55 39 24 20 30 58 23 24 25 28 77 21 21 34 19 21 35 37 42 55 26 40 38 34 23 25 28 38 22 39 43 33 25 27 26 22 13 64 57 52 54 55 80 123 117 26
130 130 129 130 128 118 117 129 132 130 124 117 83 89 68 76 128 142 108 45 39 36 30 19 20 63 111 94 54 33 86 121 77 40 35 41 46 41 53 42 21 40 31 36 25 20 27 22 95 62 43 80 36 57 72 75 34 21 37 62 57 70 36 33 53 58 52 63 56 67 82 78 78 72 106 78 67 64 61 68 62 59 59 67 45 22 20 41 35 20 25 22 58 56 24 25 15 23 28 30 36 40 33 37 41 40 37 35 32 42 27 34 47 51 28 27 24 25 15 51 53 52 57 58 75 125 111 36
107 108 110 113 116 120 125 126 127 129 128 120 81 89 78 85 133 143 104 38 36 35 22 17 16 17 36 83 99 50 98 121 53 30 35 32 32 31 45 38 42 44 28 31 16 28 33 22 75 35 42 84 43 56 66 57 23 25 44 59 65 53 29 39 59 63 49 59 49 64 73 68 65 53 77 86 92 66 63 60 49 54 31 77 86 28 21 24 39 21 21 21 38 62 24 19 21 31 33 34 51 56 36 28 30 37 44 39 55 46 27 32 91 134 35 39 41 43 14 50 58 49 55 58 72 129 135 37
110 117 120 120 116 113 107 104 104 103 108 105 74 63 58 78 135 140 107 53 45 33 29 23 20 19 17 26 68 93 125 120 51 51 21 36 52 38 44 33 30 34 32 26 15 32 30 27 89 47 53 92 43 61 69 47 22 34 56 62 56 38 36 55 57 60 50 64 51 53 54 47 61 50 69 80 65 69 71 60 51 54 61 48 78 69 26 22 26 25 20 18 25 49 43 31 20 25 29 32 50 55 45 38 36 35 33 33 67 52 30 37 100 148 51 51 72 46 14 35 54 48 56 43 70 136 147 34
24 30 37 47 57 70 79 93 104 113 115 88 48 53 47 65 136 144 101 38 37 25 22 24 25 24 26 41 51 55 120 122 80 63 21 59 78 53 44 50 26 22 24 27 16 21 19 22 88 150 131 91 46 60 72 46 22 48 74 57 49 36 45 57 53 60 66 58 62 45 39 41 64 55 68 77 58 49 72 63 56 86 109 99 59 69 30 19 20 22 18 18 21 23 21 22 21 26 24 31 27 31 66 69 73 70 69 48 20 43 32 43 103 155 54 17 23 34 20 31 42 53 58 45 75 144 154 35
21 19 18 17 17 16 16 17 19 22 52 65 44 57 45 63 147 154 97 36 32 31 27 23 26 28 27 28 28 29 119 123 85 71 19 101 189 117 106 70 27 26 19 23 19 18 18 25 91 81 81 86 49 61 68 46 32 59 90 66 38 28 58 98 61 55 65 66 84 61 37 59 65 57 61 72 56 47 63 63 70 99 120 116 48 60 50 22 18 20 19 19 21 16 16 16 32 43 19 29 47 52 21 23 21 22 30 35 48 46 32 28 101 155 55 31 37 35 21 46 58 69 67 53 80 134 146 67
30 18 18 20 19 21 20 25 24 34 122 82 18 25 31 62 148 155 94 28 32 36 35 33 37 38 32 36 35 26 117 123 112 83 23 82 175 106 104 92 34 35 26 28 30 38 22 26 85 37 78 83 47 58 62 45 46 62 93 57 26 31 95 152 143 106 96 109 98 101 71 77 81 70 73 70 63 83 123 112 113 84 90 68 51 40 67 41 19 21 20 17 17 19 17 19 23 43 21 37 59 94 19 20 19 18 26 35 80 67 29 37 87 150 62 42 47 42 41 37 28 28 32 34 33 35 49 55
51 36 22 36 18 23 17 28 22 46 120 79 14 21 26 64 153 156 86 30 38 38 37 39 41 43 41 42 36 32 83 81 123 85 34 49 83 72 64 90 42 45 35 44 44 31 26 31 112 55 65 84 34 35 59 105 92 63 91 51 24 49 127 150 141 142 126 146 135 127 100 112 133 131 123 108 116 114 116 113 88 53 57 42 56 45 45 57 23 18 18 18 18 21 31 25 25 89 54 44 85 109 40 39 22 24 26 47 124 73 31 42 72 134 69 66 61 46 38 22 24 22 30 27 22 26 25 20
69 60 50 49 30 42 58 62 39 49 124 108 118 31 48 88 156 157 80 32 37 37 40 41 41 45 43 42 38 32 51 70 119 83 28 76 71 56 64 86 48 57 36 61 42 24 22 40 158 76 91 95 17 40 91 87 123 63 94 50 26 65 123 152 130 132 123 133 113 114 98 124 138 127 114 118 105 105 92 64 56 57 32 33 37 44 32 52 49 17 18 18 19 21 19 18 22 55 68 53 82 111 47 74 70 71 37 54 124 75 29 34 37 76 73 43 46 47 41 31 31 27 30 27 25 30 31 25
93 87 72 78 84 83 84 69 59 60 131 104 136 41 67 90 163 162 81 26 26 27 31 34 35 39 42 40 42 34 65 86 134 71 32 83 58 28 91 66 54 53 36 61 33 38 35 41 156 74 92 90 17 37 71 53 57 67 102 48 27 66 111 133 121 107 128 111 83 79 86 102 108 97 90 110 79 90 66 51 65 35 30 24 29 49 48 47 49 18 19 21 19 25 26 19 34 34 23 39 86 104 31 38 40 43 33 55 125 78 29 30 39 39 47 42 50 34 19 16 14 15 15 15 23 32 39 21
82 71 66 76 75 64 71 69 74 93 134 108 124 122 96 107 154 153 71 22 21 21 25 22 21 26 27 43 47 41 76 69 121 86 33 80 41 22 77 64 54 56 38 67 33 43 90 71 157 58 89 84 23 51 68 44 32 43 100 55 26 66 86 91 89 98 82 85 78 56 75 75 73 83 71 65 47 59 50 55 44 30 52 32 36 36 47 45 40 27 22 47 24 25 63 31 44 84 49 46 87 102 63 77 62 61 33 58 134 80 31 48 45 41 41 85 102 34 25 32 39 17 15 30 36 37 43 38
66 58 74 71 72 73 62 56 71 63 78 102 112 113 90 102 103 111 91 66 38 40 67 36 43 29 31 79 111 81 80 56 79 166 165 108 31 23 58 63 44 68 47 76 43 46 91 92 155 49 92 80 25 71 71 43 20 31 84 44 36 71 77 66 55 61 64 53 48 47 51 54 44 69 69 56 61 55 60 41 29 30 40 43 52 51 37 52 48 30 20 21 42 25 32 37 53 131 51 42 85 97 115 77 42 40 40 48 69 57 43 47 46 46 44 59 62 47 41 41 43 18 14 33 40 54 81 46
61 65 58 56 49 81 73 73 85 78 77 88 99 101 72 79 78 93 103 107 109 113 105 100 115 98 85 109 112 132 156 142 127 189 192 160 76 34 47 69 116 92 65 68 67 78 68 68 150 95 115 74 22 72 74 67 34 33 82 39 39 71 90 59 55 58 54 43 42 46 52 48 55 63 64 69 73 52 47 24 25 29 28 38 42 56 41 52 47 32 20 20 24 40 82 46 52 124 62 50 80 97 119 74 35 37 32 24 21 24 24 23 24 25 24 21 20 21 22 20 20 17 17 19 29 106 159 53
59 68 70 58 56 82 77 75 82 91 84 91 95 95 85 87 82 94 89 98 102 110 97 108 120 103 99 78 83 121 151 151 116 151 164 139 105 75 101 160 171 148 122 96 96 94 95 83 155 114 122 68 29 74 67 88 43 34 83 66 48 60 83 56 59 60 67 50 43 44 52 61 53 55 55 52 54 58 36 23 27 33 31 39 28 37 47 46 43 31 23 21 43 55 132 36 52 115 103 75 83 98 103 122 37 24 21 28 41 29 16 30 27 27 22 30 37 15 14 19 20 17 18 22 30 104 155 76
60 67 73 54 70 67 82 87 101 105 106 96 92 88 79 94 106 102 101 94 98 95 95 105 106 107 105 76 79 95 115 118 115 105 109 105 102 117 135 176 135 122 131 124 117 102 104 99 155 126 118 65 44 82 61 127 102 53 67 65 56 60 67 47 56 54 55 50 53 44 50 62 73 64 67 60 59 51 30 34 34 50 46 46 31 51 59 41 44 37 49 42 60 59 129 52 59 106 93 75 89 126 131 147 86 74 70 90 141 78 12 100 78 35 50 113 121 42 14 31 47 22 15 35 67 139 162 84
60 59 68 77 71 61 76 78 84 96 82 77 74 76 67 88 94 107 107 96 98 99 103 98 104 102 95 74 75 72 113 115 98 114 116 95 100 105 89 131 111 106 103 109 101 110 104 115 138 130 117 85 63 74 63 105 144 100 90 96 61 64 87 63 53 49 35 40 54 45 49 46 52 45 48 41 37 42 36 36 40 70 46 43 32 44 47 54 61 45 45 47 53 53 131 64 85 84 60 39 38 61 77 76 86 89 84 85 95 57 23 71 66 35 63 102 99 75 16 18 32 41 53 60 106 135 155 130
60 69 61 77 74 64 74 74 87 99 84 100 116 86 95 92 81 101 103 98 96 89 93 96 96 90 92 71 74 77 77 90 102 98 97 87 101 66 82 104 106 104 115 113 99 106 99 117 126 113 119 109 110 106 111 111 119 115 124 125 116 132 143 136 130 121 95 73 61 58 55 57 51 51 46 36 35 48 42 42 48 78 48 52 49 52 47 64 89 72 77 64 71 69 124 94 95 97 85 50 42 57 94 82 78 70 66 46 42 40 40 33 35 40 34 23 31 39 28 32 74 112 103 92 84 70 56 53
65 75 63 61 81 76 98 94 103 122 105 124 108 103 110 105 104 104 103 99 88 96 94 99 110 90 99 83 74 79 81 83 106 93 83 85 90 84 91 85 98 116 113 121 119 121 121 112 104 111 126 110 116 112 105 115 107 110 123 126 117 126 134 139 137 144 143 135 144 143 135 135 133 137 142 127 148 132 103 111 117 102 93 96 99 97 103 116 119 112 104 83 94 89 97 112 106 103 96 82 76 75 92 87 84 80 100 61 49 54 47 43 43 45 49 57 73 59 54 73 97 69 55 48 45 46 41 41
77 87 92 89 90 96 101 95 100 101 106 109 109 108 96 114 113 108 108 93 94 93 101 107 97 97 86 92 64 80 67 85 98 89 68 79 78 98 103 98 92 90 108 125 117 111 114 109 97 106 108 114 113 109 115 111 103 100 118 119 117 130 133 142 149 150 153 159 153 148 142 150 138 138 143 135 168 172 142 130 143 128 117 104 97 90 119 131 128 121 111 95 91 112 108 114 108 112 100 97 76 70 83 90 68 66 125 100 93 101 92 88 74 86 101 122 126 99 92 111 122 129 113 113 76 41 43 38
85 94 91 98 90 110 97 88 87 106 97 93 99 99 97 98 102 96 117 108 97 102 105 117 113 97 95 103 104 86 69 81 94 92 89 93 75 82 75 102 89 63 99 100 101 105 114 122 126 119 116 112 111 115 120 124 119 110 128 117 122 125 124 141 150 151 146 165 165 161 168 158 124 123 129 131 135 143 138 125 136 133 135 109 109 106 119 122 129 125 126 118 108 113 110 113 115 109 112 106 104 103 99 92 83 89 107 107 97 96 104 106 102 100 119 141 130 119 120 125 122 132 133 136 109 30 35 35
97 98 88 87 91 100 89 89 80 85 74 74 75 84 85 89 92 103 92 91 90 101 95 112 114 110 104 112 129 101 83 88 81 87 93 95 87 80 70 74 80 75 111 96 95 105 114 120 124 117 121 125 121 115 121 130 133 121 122 106 103 111 129 145 154 157 167 167 158 160 155 134 119 126 119 124 133 146 130 120 114 119 115 121 118 107 116 116 115 117 117 118 112 111 121 115 116 117 114 103 103 109 97 107 103 89 85 92 93 94 104 120 103 90 113 121 139 119 115 116 124 119 110 107 98 54 38 37
91 87 89 85 91 91 89 79 79 81 65 64 80 70 61 73 81 76 76 82 78 95 95 97 94 97 93 117 123 100 62 63 91 77 70 84 65 61 79 84 88 81 99 86 81 84 102 106 117 109 121 129 136 132 131 129 115 128 127 119 118 120 128 131 154 157 158 159 164 161 157 144 114 114 111 122 131 146 134 133 130 124 120 123 124 121 117 111 110 109 107 122 119 119 120 109 111 116 114 109 102 108 94 101 99 92 91 89 101 107 103 113 117 97 108 126 133 119 111 106 117 98 90 96 89 101 74 68
90 93 104 81 77 74 71 65 78 101 78 74 76 69 66 66 74 63 84 85 87 84 94 94 96 93 102 117 108 104 93 85 77 61 66 70 58 64 81 76 76 81 77 74 77 80 90 103 104 102 107 129 134 130 142 133 105 122 127 123 124 126 116 122 139 150 151 155 160 150 150 113 94 93 99 103 104 111 132 139 140 140 138 134 127 112 116 119 115 109 114 117 122 120 115 112 106 99 103 95 106 105 96 104 84 73 91 86 94 98 104 108 104 100 100 109 110 105 99 92 101 110 108 109 106 108 115 119
99 90 87 78 67 84 78 85 82 95 77 78 77 64 71 78 87 87 83 95 89 91 84 96 86 95 76 81 80 109 104 75 90 93 69 55 60 84 72 82 84 84 68 91 77 79 93 86 91 84 88 115 134 126 133 123 115 112 124 126 129 155 140 149 161 151 151 149 162 158 153 106 99 101 99 81 106 107 121 125 138 138 120 136 115 121 122 118 112 106 118 120 116 113 107 104 109 104 98 93 107 101 105 107 91 59 69 77 87 91 107 109 97 88 92 93 97 94 84 98 104 111 118 103 110 116 115 119
97 95 82 74 65 73 77 77 83 84 92 89 85 67 72 74 70 64 78 78 81 82 82 97 88 104 61 82 70 63 85 81 163 132 94 66 69 81 77 79 81 88 79 81 74 84 81 96 97 75 88 106 114 119 119 122 117 127 122 114 123 156 175 134 162 164 163 155 155 158 157 147 124 114 114 108 117 114 122 135 143 145 150 122 118 123 114 118 116 111 117 115 112 106 102 103 105 106 111 109 100 96 95 105 90 59 71 71 91 103 109 93 96 86 83 88 102 106 109 116 114 112 120 106 97 105 106 112
69 87 87 66 57 78 80 73 78 85 83 73 94 91 78 83 65 71 63 78 99 79 81 91 104 74 39 49 94 65 75 75 86 75 90 64 69 68 69 94 98 82 87 80 69 76 79 93 99 93 91 94 105 112 108 104 106 134 117 113 114 124 139 156 141 161 153 152 149 152 149 145 128 109 112 122 126 127 133 130 130 129 112 93 123 115 127 118 118 108 99 107 102 109 106 103 97 110 117 113 113 103 99 94 109 90 84 89 94 123 81 87 90 86 81 111 117 121 116 114 116 107 108 100 81 98 104 106
65 75 77 58 64 90 77 69 78 85 83 65 81 93 98 80 78 76 75 79 88 85 96 69 72 67 80 57 54 72 70 88 61 41 62 91 70 58 67 83 86 81 71 74 75 86 92 97 97 105 93 92 101 86 94 106 100 116 122 96 112 130 148 148 148 152 155 153 150 160 140 141 122 112 123 123 116 114 120 121 70 93 87 58 126 134 125 136 119 110 103 99 95 99 107 110 128 145 126 94 108 109 111 113 114 110 102 100 95 97 67 77 88 90 85 96 97 95 97 114 108 94 98 88 62 83 92 95
74 78 89 82 87 82 66 62 73 76 87 77 66 60 76 71 72 70 74 80 70 63 81 69 63 79 95 80 47 82 76 88 48 65 77 83 79 68 76 78 73 78 79 75 75 89 82 84 95 99 85 97 92 93 98 97 100 116 120 123 117 132 135 161 159 163 159 155 150 147 161 134 116 134 118 107 112 121 114 126 73 71 68 98 130 127 127 115 111 101 112 98 95 106 112 102 103 119 111 110 113 107 102 117 124 108 112 115 109 78 60 68 83 86 76 87 83 95 97 108 92 92 87 77 51 58 63 75
81 76 75 81 88 69 80 82 76 78 95 83 63 64 73 69 80 75 69 79 52 57 71 69 78 85 41 64 84 93 68 85 87 75 55 65 77 72 78 73 83 80 98 81 65 73 88 91 99 96 77 89 80 83 93 83 91 113 118 126 126 131 133 144 147 142 146 157 140 128 149 131 118 118 106 98 98 122 107 120 100 40 78 123 130 116 107 110 109 114 104 101 88 104 104 102 107 103 106 98 109 108 106 109 112 101 114 125 113 74 66 53 58 75 66 87 81 89 89 87 80 71 57 50 34 34 36 37
69 76 72 71 76 76 72 72 75 76 82 82 55 54 65 55 64 76 65 78 71 83 70 61 81 48 42 67 90 86 80 65 70 58 60 68 75 80 68 79 88 87 100 96 64 64 82 90 92 88 87 86 92 86 96 98 77 102 107 114 120 137 147 151 136 154 152 127 139 147 157 125 122 115 102 87 84 114 105 87 114 94 89 125 119 103 104 115 96 109 107 88 89 87 87 92 99 103 110 104 98 101 106 97 105 110 109 112 92 66 82 62 56 69 71 69 76 75 80 67 64 42 33 31 31 30 33 36
79 74 72 70 68 71 78 78 80 76 79 77 71 61 51 65 61 70 69 84 83 60 74 69 54 45 54 58 84 113 96 68 51 72 74 72 65 89 87 81 92 92 90 88 78 65 77 85 85 88 77 71 80 86 98 93 93 105 107 113 110 125 147 152 141 143 132 146 141 155 147 137 119 115 103 87 77 103 105 103 105 120 124 149 117 122 120 101 106 98 95 88 100 99 98 96 95 108 102 99 95 97 94 92 90 101 100 104 82 83 96 80 57 71 50 62 70 56 66 68 42 30 29 25 29 30 29 33
