184 185 186 189 194 202 209 215 225 230 226 228 233 238 243 242 242 245 247 245 241 242 247 249 247 249 245 238 236 246 250 250 250 240 223 208 216 234 245 248 248 249 249 248 247 248 248 247 246 245 244 243 244 245 244 245 245 245 243 240 235 230 226 222 218 214 211 210 207 205 204 203 203 204 204 203 202 201 200 197 197 195 193 190 189 188 185 183 182 183 181 182 181 183 182 184 186 193 200 202 204 212 219 215 210 207 203 195 190 187 184 179 176 173 169 168 166 164 163 159 158 156 154 152 150 148 148 152
184 184 185 185 187 190 195 199 200 205 211 220 227 232 238 241 241 241 241 241 240 238 244 247 246 242 246 248 248 249 251 250 248 245 225 208 215 231 244 250 247 243 242 242 241 247 250 249 249 248 248 249 248 248 247 246 244 243 239 235 230 226 223 220 216 214 211 209 208 206 205 205 204 204 205 204 204 203 202 201 200 198 197 195 195 192 190 188 186 184 183 182 182 182 182 184 188 191 196 200 207 221 228 221 216 213 208 200 194 191 189 185 181 175 173 171 168 166 163 159 156 154 152 150 148 147 147 152
184 185 185 185 185 185 186 188 187 187 193 203 211 217 222 227 233 238 237 236 234 230 232 240 239 238 238 245 248 250 251 248 247 247 237 195 204 222 241 242 236 230 229 233 242 250 250 250 250 251 251 251 250 248 247 245 242 239 236 233 230 227 224 221 219 217 215 213 212 211 209 208 209 210 208 209 207 206 205 205 203 202 202 199 198 197 196 194 191 189 187 187 185 185 185 186 190 194 198 208 219 226 227 223 220 217 212 204 198 196 196 190 184 179 177 174 170 165 162 159 156 154 152 151 150 148 148 152
184 185 185 185 185 185 185 186 186 185 184 186 189 194 208 222 230 233 238 237 237 238 235 231 233 244 246 245 245 245 247 246 247 246 244 227 198 215 232 226 216 212 218 229 243 248 249 249 249 250 251 250 250 249 247 244 242 239 236 235 233 231 229 227 225 223 222 221 219 218 217 216 216 215 214 211 211 211 209 208 206 205 204 202 201 201 199 198 196 193 192 192 190 191 190 191 194 198 206 216 225 228 225 222 221 219 215 210 206 203 202 197 192 187 180 175 171 169 164 161 157 157 157 154 153 151 150 153
184 184 184 185 185 185 185 186 184 185 185 185 183 186 194 203 210 213 215 217 221 227 232 233 234 241 241 240 241 244 242 241 244 244 244 239 216 207 202 196 193 203 223 237 244 250 249 250 250 250 249 248 248 249 248 247 244 241 239 237 235 233 232 232 231 230 228 228 228 227 225 225 223 221 219 216 215 213 212 211 210 209 209 206 206 205 203 201 200 198 198 197 197 197 198 200 203 205 215 221 226 224 220 218 216 214 211 210 208 206 204 204 198 189 182 178 176 173 167 163 163 162 162 156 154 154 153 157
184 185 185 186 185 186 186 185 185 185 185 184 184 184 184 185 188 195 201 203 205 212 219 225 231 233 232 235 239 246 245 245 245 246 246 248 245 225 200 193 189 210 234 240 246 250 250 249 250 249 247 246 247 249 248 247 246 245 241 239 237 236 234 234 236 236 234 234 236 236 235 234 230 226 224 221 219 217 215 213 213 212 212 212 211 210 209 207 206 205 206 206 205 205 205 206 208 212 215 218 217 217 212 212 209 204 204 202 198 197 197 201 197 188 185 180 177 176 171 167 164 166 163 159 159 160 159 165
186 186 187 186 187 187 187 186 187 186 186 186 185 186 186 187 190 185 192 197 204 210 213 220 220 227 235 241 243 243 244 239 238 242 244 245 245 245 245 237 223 227 233 236 242 248 250 248 247 244 243 242 242 245 248 247 246 246 244 242 243 242 239 239 240 241 240 240 240 239 239 238 237 234 231 227 224 222 221 220 218 218 217 217 216 214 213 211 211 211 210 212 210 210 209 209 211 210 210 214 213 213 198 204 204 200 198 195 193 191 192 195 195 192 186 179 177 176 173 168 164 165 163 162 163 163 161 166
189 189 188 188 189 189 189 189 189 188 187 187 187 188 187 187 188 187 192 201 209 208 218 224 224 224 225 229 237 241 242 238 234 234 232 235 240 243 245 246 240 229 235 238 237 246 247 242 237 236 237 237 238 241 243 244 246 247 245 246 247 247 246 244 243 244 245 245 243 241 241 240 238 236 234 230 227 227 226 225 225 223 222 221 220 219 217 217 215 213 213 215 216 216 214 215 215 214 213 214 211 202 189 199 197 195 194 191 192 187 185 191 195 192 186 180 176 175 172 167 164 164 165 166 168 166 165 171
188 189 189 190 190 190 190 190 190 189 188 188 188 187 187 186 187 186 187 194 203 206 208 217 223 228 229 229 233 235 238 237 234 235 239 239 237 238 239 235 236 238 242 246 247 249 245 238 227 229 237 239 239 238 239 242 242 242 242 246 247 248 249 247 245 244 246 247 247 245 243 241 238 236 234 230 230 229 229 228 226 226 225 224 224 224 223 225 222 220 219 219 219 218 217 216 216 215 214 213 210 207 194 203 199 196 194 191 189 187 187 189 192 190 186 183 180 175 171 168 167 166 167 170 172 169 172 179
188 190 190 191 191 191 191 191 191 190 190 190 189 188 188 187 187 187 188 189 192 192 196 209 214 220 224 223 221 227 229 231 232 236 235 234 230 223 216 225 234 239 242 243 241 241 235 233 230 236 240 244 242 242 241 241 241 243 243 243 243 243 242 241 243 244 245 245 246 243 242 240 237 235 233 231 229 228 229 229 229 230 230 230 231 232 232 233 234 232 231 228 226 226 224 223 222 221 219 217 215 212 197 204 203 203 200 197 192 192 191 190 189 188 186 183 182 180 176 172 169 167 165 171 175 178 176 178
189 190 191 191 191 192 192 191 191 191 191 190 190 189 190 188 189 189 190 189 189 188 188 189 193 194 198 204 212 217 226 229 231 233 234 235 232 229 234 235 237 241 243 242 237 221 219 230 245 247 247 247 246 245 245 247 245 243 241 238 233 234 234 237 242 243 243 242 238 234 233 232 230 228 226 225 223 220 140 128 135 137 139 139 142 146 146 149 151 154 156 158 160 163 163 165 166 169 169 171 171 174 169 176 176 176 175 177 194 194 194 191 188 186 184 183 184 185 185 183 181 175 170 174 178 183 183 188
190 190 191 192 192 192 193 193 192 191 192 191 191 191 191 190 189 190 191 191 190 190 189 188 188 188 193 198 208 216 217 216 228 238 238 239 239 236 239 240 235 231 237 243 242 231 239 247 247 247 246 244 245 245 244 245 244 241 237 232 226 226 230 235 240 240 239 235 230 228 228 228 226 218 220 216 213 208 110 99 100 100 100 95 96 93 91 89 94 93 95 93 94 90 89 89 91 86 93 90 91 90 92 89 89 90 91 103 196 198 196 192 189 186 184 182 182 182 184 181 183 181 178 181 185 186 188 193
191 192 192 193 193 193 193 194 193 193 192 192 191 191 191 191 189 190 190 191 191 191 191 190 190 191 194 196 202 207 207 212 229 236 235 241 244 242 241 237 233 233 239 241 242 243 244 244 243 241 240 242 243 240 237 235 235 234 233 229 228 227 227 231 235 237 237 235 232 224 207 183 161 140 173 217 216 203 108 101 105 104 104 100 100 98 101 95 100 100 100 99 102 97 98 97 99 93 100 96 97 95 99 94 97 94 93 92 187 200 194 190 187 185 183 181 179 179 180 179 180 181 181 186 188 190 193 201
192 193 193 194 195 195 195 195 194 194 193 194 193 192 192 192 191 191 190 191 191 192 191 191 191 190 189 191 197 196 194 207 215 225 228 234 239 242 240 237 235 236 238 240 241 246 246 243 240 240 237 238 238 235 232 231 232 235 235 233 231 230 231 234 237 232 216 190 162 146 133 132 126 128 116 146 206 213 106 102 102 100 101 100 102 98 100 95 100 97 100 99 100 99 100 97 97 94 102 98 97 96 98 97 96 93 95 87 169 201 193 189 186 183 181 180 178 178 181 182 185 185 188 193 196 200 201 207
194 193 195 195 195 196 196 195 195 194 194 194 194 193 193 192 192 192 191 192 192 192 191 192 191 191 191 191 190 190 190 191 193 202 217 225 229 230 228 231 235 238 241 243 243 244 243 241 238 238 236 235 233 231 229 230 234 237 239 240 237 227 211 187 163 148 133 128 126 132 136 134 129 132 122 115 125 145 103 101 105 102 101 99 99 99 101 97 102 97 99 98 101 98 99 97 97 96 102 96 95 97 100 94 96 94 96 85 147 203 192 189 186 182 181 179 178 180 184 189 190 192 195 198 200 201 200 200
194 194 195 195 196 197 196 197 196 196 195 195 194 194 193 193 193 193 192 193 192 193 192 193 192 192 191 190 192 191 190 190 189 192 196 203 209 213 219 224 232 237 240 239 241 240 240 240 238 237 237 236 234 230 225 224 225 227 213 195 170 146 126 127 130 133 137 134 131 135 135 134 134 124 114 116 115 101 102 100 103 100 100 97 100 97 97 95 99 99 100 97 99 97 98 99 100 94 101 97 98 96 92 92 97 92 95 86 125 203 193 190 186 184 184 184 186 188 192 197 199 198 198 197 196 196 192 191
195 195 195 195 196 196 196 197 197 196 197 195 195 194 194 193 194 193 193 193 193 193 193 193 193 192 192 191 192 191 191 190 190 190 190 191 198 208 211 213 216 220 221 224 232 235 236 235 235 235 237 239 237 230 222 210 210 202 142 137 137 133 129 135 135 138 136 132 132 137 136 134 134 123 107 109 104 97 100 100 102 99 101 97 98 98 98 95 101 96 95 98 102 98 98 99 99 91 89 80 63 57 59 63 78 89 95 80 88 192 193 189 187 187 188 192 196 198 198 198 196 195 193 192 193 192 187 187
195 196 196 196 197 196 196 196 197 197 197 197 196 195 195 195 194 194 194 194 194 194 193 193 193 193 192 192 191 191 191 190 191 190 191 190 191 193 194 197 201 209 217 224 228 225 224 225 229 232 234 234 228 220 219 197 191 186 142 141 140 135 130 136 135 136 137 131 133 139 134 134 135 120 101 102 94 92 99 99 99 96 99 99 101 97 96 96 100 97 97 97 99 98 99 99 98 92 85 83 70 46 37 47 59 79 92 84 75 181 193 190 190 190 192 195 195 193 192 189 190 191 188 185 182 177 174 176
196 197 197 197 197 198 197 198 197 197 197 197 197 196 196 196 195 195 195 195 194 194 194 195 194 194 193 194 192 192 191 191 191 192 191 191 190 190 191 191 193 199 202 204 206 208 210 213 215 209 208 212 210 211 214 205 185 169 140 139 137 137 131 137 137 137 138 131 135 136 135 135 135 115 97 94 85 89 97 96 97 96 98 98 98 97 94 97 101 97 96 97 98 97 96 97 95 92 98 97 136 87 68 72 83 91 92 88 64 166 199 194 189 188 190 185 178 180 179 175 181 184 182 178 172 170 168 167
196 197 198 198 199 199 199 199 199 199 198 198 197 197 196 196 196 195 196 196 195 195 194 194 195 194 194 195 194 193 192 192 193 192 192 192 191 191 191 191 190 189 189 191 194 193 192 193 199 203 208 214 216 216 214 210 202 171 133 137 136 138 131 139 138 137 140 128 137 137 135 134 136 112 95 91 81 89 99 98 98 97 98 97 95 96 91 96 98 96 97 99 97 98 97 99 93 95 99 99 130 79 73 67 81 90 91 87 57 136 193 182 178 177 177 172 165 166 171 170 171 172 171 169 165 169 167 165
198 198 199 199 200 200 200 200 200 200 200 199 199 198 198 197 197 196 196 196 197 196 196 195 196 195 195 194 195 194 193 193 193 192 192 192 192 192 191 191 191 191 190 193 191 188 194 200 205 205 205 202 203 200 197 195 194 174 134 139 137 139 129 136 137 139 142 127 134 136 136 135 133 106 90 87 75 91 102 96 93 101 105 99 95 95 92 94 97 94 93 96 95 97 96 98 91 96 97 95 74 42 37 50 49 82 91 85 56 104 188 177 174 175 170 170 169 165 166 164 166 165 163 165 162 158 155 161
199 199 200 200 201 201 202 201 201 201 201 201 199 199 199 198 198 197 197 198 197 197 197 196 196 196 196 195 194 195 195 194 194 193 194 193 194 193 192 191 192 192 191 191 189 189 188 187 194 208 214 204 205 213 203 199 196 168 134 138 137 137 129 133 136 137 138 128 136 137 133 131 135 105 90 84 75 93 101 95 94 99 97 103 101 97 92 92 94 94 93 96 94 97 96 98 92 95 95 92 95 85 63 93 94 92 89 84 58 82 177 170 165 166 161 161 162 160 161 157 160 156 155 154 154 153 151 155
201 202 202 202 202 203 203 203 202 202 202 201 201 200 200 199 199 199 198 198 198 198 197 197 196 197 196 197 195 195 195 195 194 194 195 194 194 194 193 192 192 191 192 191 190 189 200 204 221 230 231 233 238 243 226 203 202 165 135 136 137 134 131 139 137 138 138 129 139 136 134 133 136 103 91 83 75 90 99 95 92 95 97 98 97 101 93 95 95 93 93 95 94 97 93 96 89 93 95 97 103 114 81 103 124 83 88 81 59 67 167 172 166 164 161 159 156 156 156 155 155 154 152 153 150 149 150 153
202 202 204 204 205 204 204 204 204 204 202 202 202 201 200 200 199 199 199 198 198 199 199 198 198 198 197 197 197 197 196 196 196 194 195 195 194 193 194 193 192 192 193 194 194 195 202 203 208 210 219 228 234 245 218 194 207 163 133 136 135 133 129 140 139 134 136 129 137 137 135 131 134 102 88 79 72 91 99 96 95 95 94 96 95 97 90 93 93 94 92 94 91 96 100 103 114 124 123 108 144 142 82 103 131 81 85 80 62 61 149 168 162 162 159 155 151 149 148 150 150 150 147 145 143 146 149 157
203 204 204 205 205 205 209 211 210 210 216 211 203 208 211 207 206 200 212 214 211 204 199 198 198 197 198 198 198 198 196 195 197 197 196 196 195 193 193 193 199 196 194 196 196 198 200 198 196 194 197 202 220 229 209 198 204 161 134 135 135 135 131 139 135 135 137 128 134 132 132 133 133 99 87 78 73 94 98 95 95 98 96 94 91 95 89 95 95 103 108 110 125 136 127 111 151 139 125 107 151 137 79 108 130 81 79 77 61 59 122 156 151 150 147 142 143 143 140 139 138 139 140 139 141 144 146 156
204 203 204 207 222 234 243 241 243 248 252 243 231 245 247 247 246 234 247 249 248 239 227 221 220 220 210 205 200 199 202 204 199 197 196 196 200 211 210 210 203 201 196 196 200 202 201 210 221 221 199 198 213 210 200 199 205 156 134 136 137 133 128 138 136 134 134 126 133 132 133 134 131 96 84 76 72 93 94 95 93 95 94 101 101 112 122 121 118 151 131 117 144 146 127 113 155 135 128 105 137 131 76 111 130 83 81 75 61 57 108 155 149 147 145 143 144 142 141 142 140 139 142 143 144 145 146 151
218 219 225 241 250 250 250 250 250 248 247 243 249 250 251 248 245 246 246 241 237 235 234 235 237 235 228 212 205 219 231 221 202 201 209 211 222 229 220 213 206 204 217 226 233 237 232 247 254 253 227 231 250 235 198 198 206 153 133 137 134 132 129 136 134 133 132 127 135 135 133 130 133 91 84 71 68 95 99 110 116 115 140 137 116 140 146 125 119 156 129 116 144 143 131 95 118 134 130 60 91 126 76 113 128 81 83 78 61 58 97 149 145 144 144 144 143 145 146 144 149 157 161 169 168 159 150 151
243 246 248 248 246 241 239 240 240 234 230 226 229 226 228 226 228 233 239 246 249 250 249 245 246 248 249 248 237 219 211 210 209 210 216 218 215 218 218 220 219 220 229 224 221 228 232 231 244 247 244 248 250 239 201 195 201 149 133 133 138 131 130 136 134 137 131 127 134 131 130 130 128 99 107 99 128 133 122 157 139 117 157 138 116 140 143 127 107 142 135 91 94 134 136 58 92 132 129 61 100 126 74 116 123 80 81 81 70 55 88 149 148 146 153 152 153 168 184 184 184 181 185 184 176 169 167 170
239 243 242 240 236 233 230 228 228 224 218 213 210 210 210 213 222 229 235 239 243 247 248 251 251 251 252 252 252 241 216 216 214 212 211 210 211 215 217 216 220 227 232 227 218 214 203 207 227 231 229 229 223 231 202 195 198 146 133 136 135 132 132 136 136 130 131 129 139 132 136 145 124 146 146 120 158 138 121 157 135 111 144 140 103 107 141 123 65 130 136 79 98 135 132 62 104 134 126 63 109 122 71 120 122 80 81 80 78 64 82 139 147 146 148 151 162 172 183 184 179 177 170 166 171 172 172 175
240 241 242 241 238 239 239 237 234 234 232 226 221 217 214 212 215 216 219 222 224 227 230 239 245 243 241 242 243 246 245 242 237 236 232 227 220 212 212 213 183 141 170 210 197 180 199 211 204 206 204 202 202 203 195 197 196 144 134 133 135 132 134 138 131 138 144 123 151 132 133 149 122 150 144 115 145 141 91 126 142 76 109 141 90 106 139 120 78 139 136 77 105 136 131 63 112 134 124 65 127 116 68 124 118 77 81 80 78 73 78 129 151 148 147 149 150 149 153 151 151 150 146 148 152 151 162 167
219 220 223 227 235 245 249 249 247 247 247 245 240 240 241 236 234 233 230 226 225 225 226 228 232 230 225 219 218 225 234 246 245 243 230 217 215 207 205 207 182 97 67 112 145 177 202 204 203 202 200 199 200 198 194 197 194 141 136 144 129 148 126 150 135 136 151 123 152 131 122 147 109 113 148 79 113 144 71 123 141 75 121 143 91 110 141 115 78 138 138 73 115 138 126 60 123 133 119 82 139 112 66 128 110 76 79 79 76 74 70 118 155 149 148 149 147 147 146 145 145 145 144 144 141 142 144 144
213 215 223 231 241 247 247 244 240 241 245 246 245 248 251 250 245 238 233 231 230 230 232 231 229 226 222 219 216 219 227 232 232 232 239 245 244 241 239 233 238 145 80 77 182 226 215 210 209 208 206 202 197 179 159 164 143 150 127 155 127 153 120 147 135 116 151 97 131 130 81 149 96 102 149 78 121 142 74 129 140 72 125 144 83 113 140 107 80 142 135 81 129 138 125 106 148 131 123 130 157 106 62 130 107 77 79 78 75 74 66 100 159 151 151 151 149 149 149 148 148 147 145 145 144 143 141 140
214 217 224 234 243 242 238 239 232 231 235 239 245 246 247 246 241 236 238 237 234 232 229 230 231 230 230 227 224 224 225 228 232 234 234 240 245 247 248 242 224 199 132 118 129 157 169 175 177 178 157 160 134 148 133 148 127 152 118 151 107 138 107 112 136 82 149 88 132 125 90 151 96 111 147 83 130 139 71 135 138 69 131 141 91 132 141 119 131 149 131 123 160 136 127 130 154 132 118 111 143 103 62 131 101 75 79 74 73 70 67 74 151 159 154 139 154 153 152 152 150 149 148 147 146 145 143 142
215 217 220 224 229 227 227 230 225 221 219 224 223 223 229 233 236 235 234 240 241 239 236 238 240 243 242 239 240 236 232 230 234 242 241 232 220 198 177 158 145 147 116 137 107 96 100 96 87 127 124 143 116 143 113 145 94 142 86 140 88 125 102 111 133 88 149 90 136 121 89 151 89 116 144 82 141 136 95 147 134 116 154 135 127 163 139 123 145 144 128 99 135 137 112 74 126 134 98 65 126 100 63 132 96 74 76 72 70 67 63 61 78 90 86 76 91 88 89 90 86 138 152 149 148 146 145 144
216 219 224 228 226 223 222 221 220 220 220 222 223 229 234 243 245 242 242 246 246 241 238 234 237 234 225 228 226 217 216 211 192 178 163 151 144 141 143 143 142 146 112 133 101 67 66 65 69 85 90 118 86 121 87 135 83 140 88 142 87 131 98 113 130 86 148 92 139 120 111 147 112 147 138 132 160 132 131 157 134 119 151 135 93 132 141 92 86 133 127 59 114 136 107 71 129 135 97 75 130 95 66 134 92 74 72 69 68 63 59 58 54 60 60 67 66 66 69 73 64 116 157 151 149 149 147 145
234 228 228 236 238 238 238 238 236 230 225 223 224 227 233 235 237 239 245 247 248 250 250 249 247 245 224 217 221 224 229 200 140 142 143 144 145 145 145 143 142 146 107 134 100 33 17 11 50 66 73 98 84 127 92 140 85 142 84 142 87 136 106 128 130 130 145 131 156 128 154 144 120 154 134 105 148 128 79 149 129 66 134 136 69 120 143 90 94 136 127 69 122 136 101 73 127 136 87 68 126 94 70 136 88 72 72 66 66 60 56 54 52 58 59 65 65 66 68 71 62 91 160 153 153 150 148 148
239 239 242 243 243 245 245 245 244 240 237 235 228 228 231 231 239 241 237 242 242 243 248 249 247 251 243 231 224 207 189 164 142 143 142 141 143 144 146 144 144 146 106 135 92 23 14 10 51 66 67 87 74 126 97 140 109 143 121 147 129 151 125 151 126 146 143 110 151 111 116 148 78 133 136 74 141 125 76 152 125 73 137 135 71 122 142 83 95 136 123 66 123 136 98 76 127 134 82 73 130 92 74 133 84 71 69 67 63 59 54 51 52 53 56 61 60 63 66 67 59 70 156 155 155 153 152 151
238 238 238 242 245 244 245 248 236 234 236 225 230 224 229 227 228 228 228 237 241 246 242 226 208 187 169 155 146 142 143 141 145 143 144 143 144 143 143 141 140 142 104 136 90 51 43 32 58 73 83 100 105 115 134 142 142 143 123 147 104 147 98 131 112 104 143 78 145 102 110 148 79 135 132 78 145 121 84 148 121 71 137 134 71 128 140 80 109 138 119 69 128 138 91 79 130 135 74 82 134 88 78 132 79 70 67 63 62 55 52 48 50 51 55 57 57 61 63 65 59 56 151 171 166 163 147 150
237 237 237 241 241 239 243 247 217 127 174 229 230 229 225 225 227 229 232 234 246 229 145 139 133 134 134 131 122 125 126 127 143 141 142 141 141 142 142 142 142 141 96 114 81 81 82 71 69 83 86 100 86 107 86 122 90 139 88 146 84 143 96 136 109 106 143 85 148 97 110 141 73 132 125 72 144 117 84 146 117 77 140 129 71 135 141 75 116 137 112 66 131 139 79 87 131 135 68 92 136 84 82 132 74 69 66 61 58 54 49 44 47 50 53 53 57 59 58 61 55 45 149 159 86 77 69 82
226 226 229 231 231 233 235 233 228 160 182 243 232 230 233 240 248 252 252 251 243 210 127 123 114 122 121 122 116 124 126 131 142 140 142 142 142 144 142 143 139 88 53 57 57 54 44 41 58 73 62 93 71 107 76 111 83 129 99 143 93 144 92 138 103 108 138 86 150 92 119 141 75 139 122 82 141 108 84 145 111 81 141 123 71 141 136 73 126 138 108 90 139 135 94 123 134 129 96 132 140 79 87 130 72 66 62 60 57 51 39 29 35 49 50 52 53 54 56 57 50 45 71 74 60 40 33 62
224 231 233 237 239 238 241 240 246 227 233 228 235 218 211 223 211 205 185 167 146 141 130 120 113 122 122 123 116 121 122 131 142 140 142 142 141 141 141 132 77 58 52 58 53 54 48 50 63 77 75 105 75 108 85 109 88 121 114 141 96 146 83 139 97 115 131 88 152 87 130 138 76 147 116 97 151 110 107 141 110 113 137 116 115 149 127 116 157 136 118 136 151 133 115 152 139 131 114 104 54 42 53 80 75 66 60 57 54 50 38 31 40 46 47 48 50 52 54 52 43 42 36 27 24 39 22 29
219 239 243 238 227 215 202 179 136 121 127 126 151 135 126 137 133 130 129 129 126 126 120 120 112 121 120 120 114 121 122 131 142 144 143 143 143 144 130 72 55 58 46 52 52 64 58 59 69 91 74 107 83 104 86 104 91 117 117 138 88 144 84 144 97 128 126 117 149 106 147 132 125 152 123 146 149 124 156 145 122 153 145 120 142 153 123 121 154 124 101 121 126 106 88 102 90 79 66 63 38 33 44 37 43 66 62 56 50 44 36 14 38 43 43 46 47 50 52 50 36 38 48 31 14 13 13 10
128 143 177 158 149 141 133 138 125 112 130 133 130 127 125 122 121 119 115 116 121 116 116 119 110 120 120 120 113 121 120 132 145 150 143 142 133 116 61 49 50 52 43 53 63 76 62 71 74 102 78 106 92 107 94 105 105 114 133 134 132 141 127 151 126 159 130 151 144 125 157 125 138 145 112 136 124 101 121 99 79 88 77 57 60 57 45 41 41 35 48 45 17 15 14 10 12 8 6 36 38 34 46 27 2 19 44 52 43 34 25 14 35 35 39 33 39 45 46 50 32 65 53 20 13 12 11 12
122 135 154 164 175 136 93 131 134 107 121 122 121 119 119 118 118 118 118 118 122 119 118 116 109 117 117 116 111 118 115 130 140 141 139 91 56 48 44 43 40 46 47 65 72 82 77 98 94 106 107 111 127 116 131 109 125 108 141 117 128 114 106 108 85 100 75 77 70 50 64 46 36 30 23 22 17 15 26 44 62 72 53 14 41 66 73 9 3 58 119 101 8 9 12 11 14 18 21 42 31 29 41 41 46 46 50 70 80 79 71 74 85 86 96 93 102 99 84 33 23 73 33 11 11 13 11 11
103 95 146 173 178 128 87 128 128 100 121 123 124 121 120 120 118 119 118 116 121 117 115 111 106 115 113 114 109 122 119 135 141 140 86 48 44 41 40 47 53 59 51 71 75 82 73 84 73 71 72 65 62 53 57 48 42 34 22 19 29 20 25 65 70 71 71 89 44 20 87 48 11 15 24 28 34 39 58 60 91 122 100 69 92 122 130 94 91 121 143 140 110 115 112 127 129 137 145 72 29 36 37 108 138 138 141 149 146 149 148 128 149 145 147 146 144 130 105 44 22 77 24 12 12 12 11 11
92 81 115 169 177 124 85 129 128 98 120 122 122 120 120 120 120 121 122 122 125 125 123 127 125 134 132 134 123 131 125 122 102 65 28 28 23 20 20 21 21 27 22 14 10 10 6 11 13 87 105 79 15 36 43 59 43 50 44 61 71 64 78 121 130 137 138 138 114 110 130 132 122 140 146 132 144 154 148 139 155 155 152 149 143 149 152 162 139 146 148 154 139 143 138 147 142 144 144 68 31 38 39 113 152 147 133 137 138 140 134 127 135 130 131 130 133 144 89 56 70 61 19 10 11 11 11 11
50 60 103 141 139 118 85 134 133 107 130 132 129 130 128 124 118 117 111 103 97 89 82 76 67 59 57 43 52 24 24 22 20 28 25 25 32 35 43 46 57 36 45 78 88 89 104 108 123 143 140 151 137 141 140 138 154 157 151 165 152 149 157 158 146 157 159 149 158 149 154 154 145 150 149 141 146 147 143 141 148 147 148 166 162 144 151 162 151 146 154 160 150 145 149 147 140 145 147 69 29 38 37 131 169 155 146 148 146 147 141 140 142 137 143 141 143 141 82 47 67 41 15 12 12 11 11 11
55 59 98 126 160 104 64 94 89 83 65 61 57 48 45 48 40 40 42 48 61 55 70 76 84 82 97 99 116 114 117 125 124 130 135 142 145 139 156 157 144 57 53 134 168 156 167 157 163 155 158 159 155 153 153 153 149 153 154 155 155 159 156 159 157 159 160 161 159 158 158 157 161 158 155 153 156 153 151 155 158 154 159 174 167 158 167 173 164 164 165 172 159 154 155 159 151 153 153 66 26 40 36 143 170 166 167 165 153 153 145 146 147 142 152 144 146 142 75 50 40 22 10 19 18 12 11 11
67 61 72 83 92 88 87 91 95 81 108 117 127 131 135 141 146 148 153 155 158 159 163 163 164 163 166 171 168 168 167 164 154 153 158 156 154 157 162 161 156 128 93 165 168 168 169 168 167 169 170 166 167 163 162 155 159 161 161 161 160 160 156 135 153 155 153 149 151 149 147 146 150 145 140 134 133 130 125 128 131 126 128 136 129 126 127 125 119 120 114 120 111 108 106 107 101 99 99 55 28 41 42 95 104 101 102 100 93 94 88 90 90 87 89 79 83 80 52 52 35 11 11 46 41 9 11 11
167 172 164 163 168 169 168 170 169 125 163 162 158 154 150 150 148 145 142 139 139 136 134 132 128 129 128 128 120 120 116 112 114 108 111 110 105 103 108 86 82 81 63 82 76 74 70 68 65 64 60 57 56 54 50 47 45 43 42 41 40 37 35 32 32 30 29 27 25 24 23 21 21 19 20 26 20 15 30 15 13 12 11 10 10 9 9 9 8 8 8 7 7 7 7 6 6 6 6 13 23 49 17 7 5 6 5 5 6 6 6 6 6 6 5 6 5 5 10 29 30 9 15 92 66 9 14 11
64 64 52 47 52 80 93 64 52 45 32 31 26 43 81 78 61 35 26 17 15 14 12 11 10 9 9 7 7 7 6 5 45 74 74 80 81 65 72 46 4 14 23 2 4 5 4 5 5 5 6 5 6 6 6 7 7 5 5 7 7 7 9 31 10 8 8 9 9 9 9 9 9 9 14 37 15 9 12 10 10 11 10 10 11 11 10 11 10 11 11 11 11 11 11 11 11 11 11 7 33 60 8 10 11 11 11 11 11 11 11 12 12 11 11 11 11 11 11 10 12 9 19 72 49 9 12 11
9 2 3 4 5 81 62 15 9 25 1 3 0 41 108 78 26 10 7 6 7 8 8 8 9 9 9 10 10 10 10 10 8 69 95 110 118 88 55 70 14 20 26 9 11 11 11 11 11 11 11 11 11 11 10 7 10 29 25 12 12 11 11 17 11 11 11 11 11 11 11 11 11 11 12 20 11 11 11 11 11 11 11 11 11 11 11 11 11 11 11 11 11 11 11 11 11 11 11 9 22 32 10 11 11 11 11 11 11 11 11 11 11 11 11 11 11 11 11 11 11 9 23 62 37 9 11 11
117 106 101 94 93 115 85 78 75 66 71 69 62 89 97 68 52 42 39 39 33 28 26 24 21 20 18 17 14 12 10 9 4 34 30 45 121 90 2 9 3 21 35 3 6 6 6 7 7 7 8 8 9 7 20 39 95 145 136 42 35 14 10 16 11 11 11 11 11 11 11 11 11 11 12 17 11 11 11 11 11 11 11 12 11 11 11 11 11 11 11 11 11 11 11 11 11 11 11 11 15 14 11 11 11 11 11 11 11 11 11 11 11 11 11 11 11 11 11 11 11 11 12 39 20 11 11 11
123 127 130 130 132 129 134 134 135 133 137 135 133 132 129 132 135 134 135 136 133 131 129 128 125 123 121 118 115 113 109 105 103 106 101 90 119 120 81 78 72 66 49 62 59 57 53 48 43 38 35 32 30 23 47 67 69 63 50 15 11 8 6 11 6 6 5 5 5 6 6 6 7 6 10 12 7 8 8 8 9 9 10 12 10 10 10 10 11 11 11 11 11 11 11 11 11 11 11 9 14 12 10 11 11 11 11 11 11 11 11 11 11 11 11 11 11 11 11 11 11 11 10 18 11 13 13 11
120 120 120 121 123 124 125 125 125 125 124 125 125 125 124 124 124 124 123 124 125 126 127 127 128 129 130 129 131 132 132 133 134 134 132 131 125 125 128 126 128 114 93 128 127 129 130 130 128 128 128 127 126 124 119 114 116 113 105 105 98 93 92 91 82 78 71 67 63 58 54 51 47 44 45 44 37 34 31 27 24 23 21 21 17 15 14 13 11 11 10 9 8 7 6 6 6 6 5 15 42 46 12 6 7 7 7 9 11 8 9 9 9 9 9 10 10 10 10 10 11 11 10 19 11 13 13 11
117 115 117 120 122 124 124 125 126 126 127 128 127 127 128 127 126 125 125 127 126 125 126 127 127 128 128 128 129 129 128 129 129 129 129 129 131 130 130 131 130 132 132 128 129 128 129 128 128 127 127 126 127 127 127 128 128 126 126 127 128 128 128 128 129 128 130 130 130 130 130 129 128 127 126 124 123 122 121 119 118 117 116 114 113 111 108 108 104 102 98 94 91 88 84 80 76 73 69 84 66 73 57 51 47 45 42 40 38 31 28 26 24 22 21 19 18 16 15 13 13 13 12 20 9 8 7 8
102 106 105 105 107 107 109 110 112 115 114 117 119 119 121 122 122 122 124 124 124 123 125 126 126 125 126 127 127 128 127 128 127 128 129 129 130 129 130 130 130 130 130 130 130 130 130 130 131 129 129 130 130 130 130 129 129 129 129 127 128 127 126 125 125 124 124 125 125 123 124 124 123 124 122 121 122 122 121 121 120 121 120 121 118 116 117 115 114 113 113 114 116 118 120 121 119 120 120 124 58 41 124 120 117 117 117 115 113 113 111 110 108 106 105 103 102 99 98 96 94 91 89 86 83 78 74 71
113 113 114 115 118 119 118 119 119 120 121 120 121 121 121 121 119 120 119 119 120 121 120 121 121 120 120 122 121 120 120 120 121 122 119 120 120 122 123 120 121 123 123 124 124 125 125 126 126 125 125 124 124 125 126 125 124 124 125 126 128 128 128 128 128 129 128 128 128 128 129 128 128 128 126 126 127 125 126 127 125 125 125 124 124 123 123 121 120 118 119 118 119 118 119 119 119 117 117 123 59 46 122 116 117 115 113 113 113 112 111 110 110 109 110 110 110 109 110 110 110 111 111 109 109 108 109 110
105 110 113 111 100 100 100 95 94 95 98 99 96 97 98 99 100 99 100 101 101 103 101 102 103 103 105 104 105 106 105 104 105 106 105 106 107 107 107 107 108 107 107 107 110 110 109 109 109 109 109 107 108 107 109 110 109 110 111 112 113 112 115 117 116 115 116 116 114 117 116 118 118 118 119 118 118 118 116 119 121 121 121 121 116 115 116 115 112 109 108 109 113 113 115 113 113 110 109 113 63 55 113 109 111 114 113 113 111 112 111 111 112 112 113 112 112 111 111 111 110 110 110 109 108 106 106 107
76 91 107 103 42 34 37 36 35 34 43 57 28 36 37 38 41 40 41 45 42 41 42 40 41 41 43 43 44 43 43 44 44 42 45 45 46 47 47 47 47 48 49 49 49 48 49 49 49 47 48 49 50 49 48 48 48 48 47 47 44 43 42 47 48 47 50 52 52 53 53 54 55 55 56 57 57 59 59 60 62 62 62 64 62 65 65 64 66 67 69 70 71 71 74 76 75 76 76 74 69 66 62 56 46 42 48 39 41 44 45 46 47 48 50 49 50 50 49 49 47 48 48 49 48 47 47 49
80 76 86 97 56 50 51 51 52 51 54 61 46 52 52 54 57 58 59 58 58 58 58 57 58 58 59 59 59 59 59 56 62 69 63 59 55 57 58 59 58 59 58 58 58 57 57 57 57 57 56 57 58 56 54 54 55 59 63 57 51 47 34 34 43 43 46 46 50 51 51 45 46 39 36 41 45 44 44 44 44 47 46 42 40 39 38 38 37 37 39 37 35 34 34 35 34 35 35 34 37 36 43 44 38 34 12 28 49 50 51 51 52 52 51 50 48 49 50 51 52 50 50 49 47 46 45 45
79 77 82 80 88 102 109 110 110 113 104 74 111 112 112 114 115 114 113 116 115 115 117 116 116 116 117 117 114 113 106 102 112 123 131 135 127 120 117 116 117 117 115 115 116 113 114 112 109 107 108 108 110 111 109 111 112 115 121 125 130 136 98 70 124 110 101 93 109 112 113 111 109 100 90 91 107 108 109 110 109 111 115 116 115 112 111 109 108 104 101 98 100 99 100 99 99 100 99 99 100 93 96 113 115 113 28 91 119 116 113 110 109 106 105 106 105 104 104 105 106 107 109 107 107 106 107 109
88 91 88 83 77 79 89 105 108 112 106 81 111 108 109 109 109 108 108 109 107 107 109 110 111 112 112 113 113 113 112 115 115 114 114 118 125 132 139 136 121 115 113 115 115 112 107 111 108 107 105 106 106 108 108 107 110 110 109 109 110 115 105 79 127 129 99 76 121 119 114 113 111 82 98 105 108 112 113 114 112 110 111 111 111 111 113 116 117 118 114 114 112 111 111 110 107 105 102 92 98 95 80 106 106 104 55 103 104 106 107 110 109 111 112 108 110 108 107 105 103 96 91 97 97 95 95 97
93 87 93 91 94 91 85 92 102 112 99 75 115 113 114 112 112 112 107 105 113 110 113 115 116 118 117 121 120 119 118 117 118 117 116 119 118 117 118 122 122 118 124 108 110 113 104 106 110 106 110 112 109 109 110 111 113 112 113 112 113 116 107 74 109 104 60 37 104 119 131 130 102 30 91 71 61 102 110 113 115 108 111 112 103 109 105 103 89 77 77 81 95 97 92 96 95 98 91 70 76 59 78 79 84 95 61 98 97 95 94 90 77 83 92 96 97 96 98 97 98 95 72 75 80 71 75 78
93 93 99 88 92 95 100 98 98 101 82 56 94 101 104 101 98 96 82 70 81 75 78 78 78 76 75 72 70 71 73 88 89 86 84 80 86 90 85 87 81 76 91 69 71 85 66 59 55 42 59 66 74 76 84 94 95 89 88 70 71 81 76 50 78 84 39 20 52 41 63 81 65 24 75 34 19 61 63 55 83 82 77 76 79 61 63 47 41 25 15 31 60 54 38 34 20 24 36 25 19 12 30 21 32 44 35 51 61 68 58 50 47 43 39 36 51 63 67 62 58 58 46 29 27 21 17 32
84 84 88 89 92 82 80 82 84 77 72 65 65 70 69 80 83 79 75 59 41 49 34 37 57 43 51 45 43 46 54 40 19 16 16 17 24 27 27 24 26 32 23 27 34 46 34 25 12 12 14 7 10 7 9 23 38 45 63 45 38 38 40 27 26 38 38 32 29 30 27 39 34 40 30 27 30 27 38 27 29 54 60 71 74 62 56 54 51 38 36 34 36 42 50 53 39 44 44 41 44 50 48 32 33 31 20 14 16 30 47 51 42 44 42 43 55 70 59 58 59 65 48 38 37 37 33 33
76 81 88 85 86 93 80 71 72 70 64 56 38 31 26 26 29 32 32 40 57 68 71 60 46 54 67 70 76 77 72 80 81 74 75 79 83 80 78 77 72 70 64 53 52 52 50 42 57 36 40 38 41 47 42 45 62 57 66 48 50 57 67 57 61 50 40 38 36 38 42 42 49 54 50 48 54 56 58 47 47 57 52 54 56 55 61 46 64 72 58 54 58 51 50 51 48 53 57 60 54 52 48 48 53 55 54 46 39 36 28 31 34 40 39 40 45 51 46 63 59 56 59 63 60 63 58 57
78 87 89 89 84 88 81 86 86 90 89 80 71 67 67 69 68 65 66 57 46 49 58 59 59 58 62 62 57 54 52 51 54 53 51 50 52 58 55 59 63 61 58 60 64 55 52 51 56 54 51 49 53 61 60 59 54 49 52 55 53 54 54 45 43 31 31 34 30 30 28 30 36 34 31 32 36 41 37 40 39 36 35 43 45 48 52 50 55 53 49 45 49 47 46 47 47 49 42 40 41 34 38 40 42 49 51 41 43 46 45 44 45 42 44 35 37 40 41 46 47 46 49 48 51 48 44 53
80 83 80 82 83 79 78 82 76 82 88 85 83 84 83 81 91 87 86 83 80 80 85 78 86 84 90 90 86 83 83 80 80 79 84 82 76 72 72 66 60 57 54 51 48 38 30 27 23 20 17 18 18 18 19 17 18 22 20 19 22 21 21 29 38 48 55 53 58 63 61 59 70 61 66 66 70 78 85 84 88 80 82 84 81 85 82 84 78 81 85 83 83 82 82 81 85 88 85 82 87 85 82 83 79 80 76 74 78 81 83 79 76 73 74 69 69 74 70 76 74 75 75 75 75 77 76 73
74 76 77 72 77 77 78 79 78 86 82 86 86 85 86 83 86 83 87 85 86 97 89 88 91 83 88 91 92 89 89 89 88 88 86 85 83 87 85 85 84 87 82 94 90 82 82 82 75 74 72 63 50 49 44 44 47 52 57 69 59 57 64 76 76 80 88 82 94 86 84 86 90 91 79 92 99 95 92 92 97 96 98 87 88 92 90 87 86 84 84 83 82 84 85 82 83 84 83 82 84 90 78 82 81 84 82 78 75 75 74 74 78 74 73 74 73 79 75 75 76 73 79 75 75 74 68 72
68 79 76 79 81 81 78 80 81 83 79 80 81 81 71 79 82 82 81 79 77 90 83 77 78 72 75 78 85 83 82 76 82 78 77 84 86 78 82 82 80 85 87 84 80 85 87 89 88 93 87 84 106 97 82 82 81 86 78 83 80 88 78 77 83 79 81 81 91 88 86 88 87 83 80 88 87 94 86 84 87 95 94 90 88 91 85 88 84 84 85 79 81 80 81 81 85 86 82 84 86 84 77 77 75 81 75 79 80 76 76 71 71 70 71 69 68 57 62 72 73 63 66 65 70 66 64 63
72 72 73 79 73 69 69 73 74 74 76 77 74 78 70 73 71 70 69 72 76 75 79 78 75 78 76 74 73 79 84 79 81 79 82 89 79 72 79 80 76 78 81 77 82 85 86 80 77 82 79 82 88 82 81 75 72 90 81 81 87 87 86 86 83 86 85 85 90 90 88 89 89 87 83 89 90 85 84 90 93 87 89 92 82 80 84 79 85 88 88 80 79 73 85 86 81 96 90 88 91 89 94 83 76 79 75 81 77 83 80 78 78 77 79 80 76 70 67 70 74 80 78 72 73 71 71 68
71 74 72 69 78 75 72 75 70 73 72 74 70 76 77 76 74 77 75 72 77 76 78 76 75 76 73 72 72 72 76 72 78 73 71 73 83 79 77 79 78 70 80 77 75 76 78 77 77 83 73 77 76 74 81 71 78 90 84 84 95 87 88 86 98 90 91 86 91 92 75 82 88 76 83 86 82 89 81 82 80 81 86 84 85 79 74 74 78 81 75 71 77 81 76 75 71 73 71 78 76 81 86 81 79 79 76 78 76 79 81 79 78 81 79 76 77 76 79 76 70 88 102 83 73 70 69 71
66 63 64 71 72 68 67 59 66 68 65 62 65 66 64 71 65 68 71 71 69 68 74 72 73 63 72 60 63 64 60 72 74 75 79 74 68 69 73 89 74 70 83 77 77 76 80 80 79 70 72 73 70 74 77 82 89 94 88 86 87 82 85 88 87 92 91 90 90 91 87 81 81 83 85 82 87 89 85 80 79 83 84 85 85 79 76 75 77 80 77 75 79 82 81 79 75 79 77 74 75 82 83 88 90 85 79 76 72 72 72 77 84 84 84 88 91 92 89 98 99 80 66 63 60 57 64 64
63 56 68 66 69 65 62 68 61 63 69 70 61 53 45 49 65 58 60 71 76 70 64 73 72 71 85 80 78 74 75 80 79 79 78 75 78 81 79 77 75 76 73 81 74 71 73 77 74 67 77 77 79 82 83 88 81 75 88 91 86 85 83 87 87 84 77 83 84 82 83 83 84 86 86 85 82 82 81 83 81 78 77 88 95 95 94 97 105 103 114 127 112 98 103 125 146 124 128 164 158 164 152 155 152 149 162 140 123 123 116 133 137 136 135 134 131 134 131 143 137 135 119 116 100 92 95 75
74 74 67 82 58 58 64 69 60 60 71 66 64 64 74 76 68 71 72 75 77 80 78 77 79 82 75 76 74 75 74 73 72 74 75 73 73 73 73 74 74 73 72 71 75 81 70 75 75 81 80 80 78 79 74 70 75 73 76 77 73 73 71 76 73 72 75 75 68 70 72 72 72 75 80 86 102 121 121 107 122 137 123 148 183 153 152 153 163 169 122 117 126 168 174 147 120 113 119 122 113 105 91 84 86 90 94 87 85 84 88 87 85 84 80 79 75 84 90 80 76 78 75 84 82 79 80 72
69 66 62 72 82 73 77 78 78 85 82 89 82 78 78 83 82 87 80 79 80 83 82 84 81 84 84 83 80 83 82 70 73 75 75 78 76 74 73 78 77 79 80 75 75 77 71 76 75 74 75 70 69 66 70 82 73 75 84 87 85 86 90 86 91 87 98 109 116 90 94 102 96 97 113 121 134 155 168 156 145 141 105 98 100 83 79 82 78 85 68 64 71 92 113 105 75 82 79 84 87 90 88 90 94 91 86 84 78 76 77 81 81 81 81 82 81 85 88 79 74 76 73 66 63 61 54 53
106 102 103 116 117 119 122 115 142 153 163 156 146 147 140 181 158 138 118 97 100 99 99 99 97 97 99 97 129 148 176 152 112 95 79 90 104 92 86 88 85 90 91 102 117 101 85 99 97 96 100 93 91 96 97 118 107 102 108 102 102 92 93 92 91 87 94 91 93 82 77 72 69 67 66 61 64 63 55 53 52 61 65 62 59 54 51 46 47 49 51 56 58 59 48 46 47 49 45 52 52 58 83 83 74 82 82 79 70 66 73 71 73 74 78 76 72 70 63 65 57 62 62 58 54 55 45 42
162 175 184 181 187 204 219 232 231 231 235 176 128 163 228 174 131 137 117 69 71 73 73 74 74 75 76 78 137 142 150 173 189 185 150 113 100 94 96 96 93 93 94 98 100 92 86 78 82 89 91 97 94 97 91 84 80 83 85 81 78 74 68 67 63 64 65 68 70 66 67 73 77 69 72 67 70 68 61 61 63 60 56 56 62 61 59 51 46 52 54 53 49 48 45 46 48 48 39 42 45 47 57 56 52 53 61 57 55 57 58 65 66 64 60 61 68 71 71 75 68 66 67 65 66 63 52 52
160 212 232 233 217 214 197 182 180 186 177 143 123 198 170 125 133 133 131 78 71 73 75 75 77 78 78 91 143 137 145 172 177 170 185 193 176 132 99 94 97 96 96 101 105 106 99 96 106 109 104 97 94 103 107 107 104 83 80 79 79 83 70 71 69 70 71 60 55 55 57 58 57 54 54 54 56 54 56 54 56 56 54 60 62 63 57 57 56 59 58 60 59 58 49 52 61 65 65 67 66 69 67 71 77 66 65 63 66 74 73 78 78 74 69 74 66 79 82 84 82 73 82 80 75 68 67 70
134 132 178 192 176 177 166 155 152 161 135 122 218 182 127 136 134 132 134 119 115 119 121 123 127 130 130 135 141 137 146 154 188 196 187 179 189 204 198 163 117 96 98 102 101 102 98 100 100 100 96 87 74 74 76 75 88 97 80 68 70 77 73 65 74 82 68 60 55 54 58 56 55 52 52 55 53 57 63 54 59 71 66 61 55 56 57 54 55 54 53 60 61 54 49 52 56 51 53 62 76 65 59 79 82 82 80 81 77 75 79 82 76 76 70 73 67 78 78 77 75 60 53 71 74 66 55 53
144 130 169 194 188 200 175 138 121 108 104 169 201 134 138 139 132 130 133 134 136 137 138 139 144 147 146 147 140 138 149 160 167 187 205 212 200 190 193 207 210 179 120 90 87 92 95 102 103 95 87 75 71 66 70 69 57 66 69 62 56 66 71 57 51 60 72 69 66 62 62 52 51 53 52 52 54 55 56 55 54 60 66 64 63 58 59 56 52 50 56 54 55 56 50 46 57 59 60 56 49 42 44 64 69 66 73 69 65 64 72 70 60 62 63 53 63 57 55 60 63 66 53 45 52 60 59 50
131 123 137 171 164 140 96 87 105 136 184 227 150 137 139 136 136 131 131 128 130 130 133 135 137 139 141 143 140 149 154 159 175 210 205 209 220 221 208 198 200 211 217 195 143 98 91 96 94 97 92 77 75 65 64 70 66 61 63 62 58 57 60 60 55 57 55 55 55 56 57 59 63 66 59 64 67 69 70 74 76 70 67 60 56 62 63 65 63 59 56 54 57 59 50 42 47 50 53 57 64 64 67 69 74 72 70 66 65 58 54 61 66 63 60 63 61 61 60 56 59 59 66 68 63 58 41 34
125 128 135 144 176 156 134 131 151 153 214 199 137 140 139 146 150 151 159 183 174 188 198 201 204 208 209 211 215 214 219 230 231 235 236 239 238 233 236 231 214 206 208 215 224 204 151 101 86 91 82 84 83 87 89 90 91 84 78 82 78 68 66 69 73 65 64 64 72 77 75 78 81 85 82 83 81 70 71 69 72 74 68 62 61 69 71 72 70 71 75 75 76 74 67 60 61 63 66 72 74 73 68 64 56 71 75 69 62 48 43 45 54 64 61 60 61 63 66 71 66 69 72 71 65 52 53 52
134 139 145 141 161 214 219 201 173 149 226 172 139 140 148 160 164 187 217 210 219 217 214 212 211 211 209 208 209 210 209 211 215 218 227 241 245 246 246 247 246 233 219 215 215 219 230 223 162 92 84 89 102 103 92 91 90 92 87 78 83 85 73 66 70 78 78 72 63 67 74 72 74 71 67 62 62 54 60 59 58 65 66 72 66 71 71 72 74 75 73 70 69 67 69 72 70 61 59 55 53 56 59 50 44 49 47 47 46 55 59 51 64 64 60 65 72 76 77 70 67 68 69 61 70 59 39 31
130 131 133 140 134 127 144 132 102 137 241 161 136 146 159 168 203 227 214 173 169 152 153 152 154 155 155 156 157 157 157 158 154 154 155 170 209 227 236 245 247 250 247 234 224 219 221 229 212 142 153 110 91 92 85 88 93 97 108 107 102 91 88 87 82 84 84 82 71 59 61 61 57 54 62 61 56 55 53 56 58 60 69 71 60 51 53 55 55 54 52 55 55 52 54 54 49 41 38 45 48 43 40 44 45 46 47 57 65 70 76 54 62 65 64 61 51 48 52 48 61 67 54 53 59 67 54 22
130 132 137 143 146 131 95 101 93 160 222 136 137 159 169 200 228 227 172 143 146 148 150 152 154 155 156 155 154 154 156 155 156 154 150 151 186 199 203 214 228 239 247 251 249 241 229 225 226 203 232 227 144 108 71 72 87 96 98 99 99 80 63 61 61 59 57 58 52 50 51 53 55 55 52 53 56 59 57 57 62 60 54 54 59 59 52 52 52 52 52 51 52 53 53 55 55 49 42 46 46 46 46 50 58 55 60 64 57 48 44 43 59 65 68 68 61 60 61 71 69 63 67 71 71 71 69 61
128 129 132 134 139 144 114 86 86 152 153 153 147 158 180 225 231 192 148 149 146 148 150 152 151 150 151 151 151 150 152 152 151 147 145 152 176 206 204 203 204 210 223 240 250 252 251 245 236 232 229 231 239 237 185 110 74 79 71 74 69 59 61 58 59 64 62 54 52 54 61 59 56 58 57 53 55 56 56 58 58 56 55 52 52 54 54 55 57 53 54 58 64 60 57 58 55 53 57 57 55 57 59 61 63 56 57 54 54 64 62 65 59 57 56 65 68 72 53 52 64 64 59 57 53 52 61 60
120 121 123 127 130 131 133 103 69 155 238 171 146 157 194 230 230 179 148 150 143 139 142 144 145 143 144 146 144 141 142 143 142 139 144 151 164 202 206 208 211 210 213 222 233 247 251 252 251 246 238 233 233 234 244 237 168 87 64 72 71 72 82 83 77 66 59 55 57 58 59 60 58 53 55 56 59 57 56 55 55 54 54 54 54 57 61 65 62 58 58 59 59 61 60 59 61 61 66 66 68 70 75 72 69 68 63 57 59 58 53 57 58 60 65 64 63 63 47 41 46 54 61 62 40 34 41 50
120 125 126 125 129 134 138 143 91 132 236 185 145 160 180 212 228 217 157 151 143 139 139 137 141 142 122 103 90 115 149 150 145 150 156 154 157 189 205 208 208 209 219 229 228 231 240 248 244 249 250 244 237 235 234 238 248 235 166 86 58 62 67 73 79 80 75 63 65 73 72 70 69 61 64 65 68 74 77 76 65 61 66 68 62 62 61 59 61 65 68 72 73 69 69 74 71 67 62 63 69 68 59 52 54 55 58 61 62 62 62 65 74 71 69 67 66 66 54 38 33 46 55 53 54 51 50 49
117 121 121 124 130 135 139 143 141 123 226 208 150 163 191 219 227 232 201 149 149 150 156 156 154 165 154 98 82 105 126 131 128 126 130 125 118 152 229 223 211 214 227 230 232 231 228 234 238 246 250 247 245 243 238 237 237 241 250 231 157 85 61 57 56 58 64 64 69 77 78 75 75 76 74 66 59 55 55 56 61 64 63 61 62 65 66 67 68 71 69 64 63 62 55 56 62 69 70 71 69 66 65 67 66 65 69 72 70 69 70 67 68 66 67 68 67 65 67 65 57 55 59 54 54 55 50 41
121 123 127 131 136 139 141 141 145 136 207 230 165 161 197 225 228 230 232 180 155 159 166 169 169 213 225 190 189 200 110 100 104 105 106 107 109 106 161 245 250 242 232 229 229 231 230 230 233 240 241 242 244 243 242 243 240 240 239 242 248 219 145 84 82 73 68 59 57 69 78 82 85 79 79 80 75 65 59 64 65 64 65 72 74 73 73 69 67 66 68 66 63 63 65 66 64 61 61 59 62 59 56 59 59 61 61 64 65 65 65 67 65 60 56 60 65 63 63 63 67 71 70 66 64 61 63 58
126 127 125 127 127 130 132 131 135 139 181 236 203 157 190 225 227 228 231 224 168 164 169 176 184 223 239 224 208 211 199 110 101 106 104 106 107 107 100 138 232 253 245 236 230 232 232 231 230 229 236 237 236 242 243 244 243 242 240 242 241 246 248 207 122 82 82 78 76 68 70 71 77 78 78 76 74 73 68 71 69 66 63 67 67 66 66 70 67 65 64 66 67 67 66 62 57 55 57 57 59 61 61 63 65 67 66 66 67 67 61 55 43 41 62 68 70 66 65 64 62 60 59 61 63 60 59 53
118 121 121 126 129 131 132 134 138 143 150 217 232 184 175 221 227 228 229 234 210 166 171 181 213 223 232 237 214 213 216 198 108 101 105 104 104 106 106 101 121 216 254 245 239 232 232 231 231 230 229 232 237 235 235 241 242 244 245 242 242 242 242 241 162 142 93 77 86 81 79 80 77 72 66 68 69 66 70 72 72 67 62 62 65 68 66 64 66 63 57 58 56 48 47 47 49 52 54 59 61 63 64 68 69 65 64 65 66 65 64 63 63 59 57 60 61 61 56 61 57 59 60 57 57 54 57 59
116 118 118 121 123 121 123 127 130 133 136 166 230 227 182 207 228 230 229 231 233 195 169 183 229 225 226 231 223 223 216 218 196 108 97 98 98 99 100 100 96 103 193 249 245 240 235 232 231 232 231 231 232 237 236 231 236 242 244 245 244 243 243 242 200 226 221 142 77 77 79 72 71 80 76 67 67 70 70 71 71 71 67 69 71 69 62 55 53 57 54 52 55 59 60 60 60 58 58 57 60 62 60 58 58 62 63 62 62 62 62 62 62 61 63 61 60 58 58 59 59 61 60 59 61 58 63 58
117 118 118 124 126 125 127 129 136 136 138 140 180 234 235 211 161 221 230 230 232 232 189 178 219 233 227 234 233 225 224 215 221 175 122 130 135 139 144 149 156 157 172 245 246 246 242 236 234 234 233 234 234 233 237 240 230 233 239 242 245 247 245 245 247 244 247 246 195 101 69 73 66 59 65 73 65 59 64 61 58 56 51 49 52 54 52 48 52 56 60 58 53 53 54 58 57 54 60 63 62 61 61 61 61 61 62 61 60 63 63 61 51 48 49 52 48 49 50 52 50 44 41 39 53 57 55 51
116 120 123 125 127 127 127 132 136 135 137 137 131 179 239 215 180 220 230 231 231 233 227 186 191 231 234 234 236 230 225 224 218 183 189 191 190 191 192 192 192 195 198 222 241 246 245 243 236 235 233 235 235 235 235 242 239 226 231 237 243 245 247 246 245 243 243 244 249 229 135 61 56 52 55 56 59 58 54 57 61 70 70 69 71 73 71 62 59 60 65 67 63 61 61 64 65 60 61 61 63 61 60 58 59 55 52 57 58 55 52 47 50 52 53 53 48 46 48 54 61 58 58 54 52 46 45 41
104 115 117 116 117 118 120 125 128 129 130 129 132 124 162 226 237 226 227 230 232 232 235 227 197 206 238 235 232 233 228 224 220 182 185 185 185 185 186 187 188 193 194 194 198 230 247 243 242 234 233 235 234 235 238 240 243 232 229 233 237 242 245 247 246 245 245 245 244 248 243 172 66 48 51 54 56 68 77 73 58 59 64 70 73 75 77 76 71 60 51 47 49 50 54 54 56 60 61 60 62 61 56 58 60 59 57 55 54 49 49 51 47 43 42 45 48 52 56 52 56 62 65 62 58 53 48 45
108 113 112 113 115 116 118 118 119 122 125 128 126 129 118 127 191 235 232 227 228 230 232 233 233 223 228 234 233 230 235 230 213 180 184 184 182 182 181 183 184 187 186 182 183 186 225 245 244 243 236 234 234 234 238 232 237 240 230 232 235 237 241 245 247 247 247 246 246 246 247 245 185 70 51 55 61 56 51 56 59 53 46 45 49 55 61 63 68 68 66 66 62 57 54 56 58 61 58 58 57 61 59 58 64 62 60 59 59 63 65 62 60 61 60 59 52 53 58 59 57 59 56 57 60 61 54 47
109 110 113 118 118 119 119 123 123 123 124 125 127 129 133 124 99 137 213 238 234 229 230 231 232 233 230 228 229 230 216 210 201 171 176 175 174 170 166 165 167 173 177 140 157 185 190 214 242 245 245 238 232 236 232 228 230 243 234 232 235 236 238 241 244 247 248 247 247 246 246 247 242 193 73 57 63 64 54 49 49 47 48 54 55 53 54 62 65 62 62 64 68 67 59 58 60 61 57 54 57 58 58 60 60 59 57 56 54 53 57 61 62 60 58 58 54 57 58 62 63 62 58 55 55 57 58 54
108 109 109 111 110 113 116 121 126 126 130 135 134 137 139 139 133 81 64 147 214 238 238 233 231 230 232 232 230 228 230 232 222 192 171 157 157 135 136 133 150 161 173 184 183 196 208 200 216 240 238 237 233 232 230 231 228 233 241 232 236 237 238 239 242 245 247 247 247 247 247 246 246 237 175 67 67 69 70 72 69 63 60 54 53 55 50 49 52 56 62 63 59 65 66 58 60 60 62 62 63 64 62 59 57 56 56 54 52 48 52 54 56 57 56 54 56 59 59 58 58 58 57 57 55 57 57 54
110 113 116 117 118 119 119 120 122 123 124 124 127 130 131 130 139 139 79 17 61 131 192 229 240 238 234 231 231 232 231 230 234 239 234 220 207 203 209 214 219 222 225 229 226 126 100 188 235 229 231 231 232 232 233 233 235 221 243 234 235 236 238 238 238 242 244 248 248 248 247 247 248 243 229 141 66 73 72 71 71 71 67 64 65 58 58 59 61 60 61 64 59 63 64 62 59 56 53 56 53 51 48 45 45 45 47 46 49 50 52 55 52 51 47 47 52 55 56 56 56 57 56 54 50 51 47 48
106 107 108 111 114 119 119 122 129 132 130 128 130 130 130 128 125 126 126 66 13 20 51 100 157 202 229 240 239 235 233 231 229 235 243 237 234 234 234 234 233 233 234 232 233 209 191 216 234 233 233 234 234 235 235 235 237 226 226 241 235 236 236 237 238 241 243 246 250 249 248 247 247 247 234 213 89 68 70 72 72 70 71 72 73 66 59 58 56 62 62 59 58 57 55 54 50 51 51 47 44 47 48 50 51 56 56 57 59 59 59 59 53 53 56 55 52 52 54 52 53 54 56 56 54 51 49 44
115 117 119 120 117 117 115 112 111 112 113 113 116 121 124 128 127 132 131 127 52 9 17 30 49 76 114 155 194 221 237 242 239 235 234 236 239 236 234 234 234 234 234 233 233 236 238 235 234 234 234 234 234 235 235 236 237 235 217 244 235 236 236 237 238 239 241 244 249 248 248 247 247 246 240 228 146 47 51 58 61 67 71 70 62 50 44 43 42 42 43 43 44 45 47 45 43 41 40 44 45 46 46 51 46 43 49 53 53 55 56 57 57 56 57 57 53 48 44 48 48 45 44 44 50 52 48 42
101 100 102 104 105 110 112 116 119 125 126 123 118 117 118 116 115 116 119 126 121 41 8 13 25 43 56 68 84 107 134 168 202 226 240 243 242 243 241 236 233 233 233 233 233 234 235 235 235 236 236 237 237 238 239 238 240 242 226 240 241 236 235 237 238 240 242 243 248 248 248 248 246 246 246 228 196 52 48 52 54 48 50 53 56 44 40 43 41 37 39 40 41 41 37 37 39 39 40 44 46 50 48 46 48 50 50 54 56 55 54 50 50 48 46 47 46 43 39 46 48 51 53 53 55 53 45 43
110 109 105 101 105 108 109 108 107 110 110 110 113 117 121 124 128 134 135 135 138 119 28 7 10 15 30 50 62 69 75 81 91 111 137 168 198 221 236 244 243 241 238 234 234 234 235 234 234 232 230 228 225 222 218 214 211 208 199 216 233 229 234 238 240 240 241 242 245 248 248 248 246 246 248 231 221 93 33 37 37 37 38 38 39 43 41 44 49 53 52 46 48 54 56 58 56 54 53 55 53 52 52 55 55 53 52 52 52 50 49 47 44 42 42 42 46 49 50 52 53 52 51 52 49 44 44 46
94 94 96 98 104 111 116 117 120 119 123 124 126 125 122 120 119 117 115 115 118 125 112 25 8 10 9 13 27 49 65 74 80 82 83 87 94 106 123 150 177 202 222 235 241 242 233 214 203 192 187 186 186 188 190 191 192 191 191 184 182 185 193 204 217 229 237 242 244 247 247 248 248 246 248 235 224 159 41 39 33 32 37 43 42 41 39 41 47 49 51 48 44 46 49 48 54 57 55 57 58 58 55 54 53 51 52 52 53 50 48 41 41 45 47 50 51 51 49 48 48 48 49 45 46 49 48 47
107 112 116 115 117 117 114 111 107 106 106 105 106 109 112 114 120 125 128 131 132 132 140 108 14 8 11 10 9 12 24 42 58 72 81 87 89 90 89 89 91 97 110 128 150 174 198 218 233 238 236 228 217 207 199 194 191 189 189 182 179 181 183 185 188 191 200 211 230 248 247 245 248 247 247 242 219 207 66 38 34 45 47 43 49 45 38 37 35 34 36 46 58 61 61 57 55 55 56 55 52 50 51 51 49 45 44 47 46 44 44 41 41 39 42 46 50 52 52 53 52 51 51 48 45 36 30 39
99 93 97 97 98 102 102 106 109 112 113 115 117 120 122 121 123 122 119 120 119 116 117 122 87 11 9 11 11 11 11 15 25 37 49 60 70 80 87 91 93 94 93 92 91 93 98 109 125 144 170 193 214 229 237 240 237 229 215 197 190 183 182 183 187 190 194 216 243 250 245 241 244 246 242 245 225 222 120 45 33 31 30 29 25 35 53 59 55 52 54 53 60 60 53 53 49 49 51 51 52 51 53 51 52 51 50 49 44 46 48 43 45 44 46 47 48 49 48 52 52 52 52 53 53 50 38 39
102 104 108 115 117 119 117 118 115 113 110 107 105 107 108 110 112 112 114 116 119 122 125 123 130 82 7 10 11 11 11 10 11 17 26 39 47 54 59 64 71 78 85 90 94 96 96 94 93 93 94 98 108 119 137 157 180 203 221 232 241 240 233 224 214 212 230 247 244 245 248 242 240 244 238 238 235 223 173 55 47 40 28 33 31 25 41 49 56 61 65 60 56 60 53 48 49 46 46 50 51 50 49 47 46 48 46 42 43 48 46 44 45 45 47 50 51 51 51 51 49 49 50 50 49 50 49 48
107 98 93 102 100 101 101 96 95 101 102 99 108 116 121 119 119 119 120 117 113 113 114 113 112 118 70 7 10 11 11 11 11 10 10 13 23 35 47 56 63 64 65 67 69 73 78 83 87 91 94 94 95 95 94 94 95 101 109 123 143 162 183 204 219 231 240 242 244 242 246 244 241 242 238 235 239 224 217 85 43 52 48 42 48 38 26 40 43 43 55 59 50 46 44 47 53 51 51 52 51 53 50 48 48 49 48 49 47 45 46 46 46 48 49 49 49 47 46 44 48 45 46 47 45 45 46 46
90 91 96 103 108 109 111 109 111 114 114 106 109 106 108 105 102 102 102 106 109 112 116 119 123 121 127 66 5 11 11 11 11 11 11 11 12 17 26 36 43 50 58 64 69 73 76 76 77 77 78 80 82 84 87 89 90 92 92 93 94 95 100 107 119 133 150 172 196 212 225 234 238 239 237 234 234 231 238 152 43 52 48 49 51 47 42 38 37 36 43 51 52 54 51 53 51 48 47 49 49 49 47 50 50 50 48 47 49 44 40 45 46 46 47 48 47 46 45 45 47 43 48 47 47 47 49 46
104 105 106 107 109 108 106 106 102 95 94 94 97 101 105 106 107 111 113 115 116 117 119 123 120 112 109 114 49 6 11 11 11 11 11 11 11 10 12 21 33 43 50 54 57 60 62 65 69 74 79 83 87 88 89 88 87 87 86 86 88 89 90 91 91 93 95 99 108 121 136 154 172 189 206 216 213 205 192 143 56 44 43 38 31 31 30 35 41 39 37 42 52 56 50 49 44 42 43 44 43 46 47 47 48 50 48 46 46 46 39 42 45 47 47 46 46 48 46 46 43 49 50 48 48 48 47 47
90 85 85 87 89 91 96 100 104 104 110 116 110 111 111 110 109 109 105 101 100 103 102 103 107 115 122 128 135 52 5 12 11 11 11 11 11 11 11 10 11 17 27 39 51 61 67 70 72 73 72 72 72 74 79 82 86 89 92 94 95 94 95 93 93 92 93 93 92 94 95 98 102 111 131 142 123 112 101 82 39 29 28 22 26 25 28 33 34 41 37 37 39 39 37 38 36 36 35 39 44 46 44 42 41 41 41 44 45 46 45 40 37 37 43 45 46 44 40 39 41 45 42 46 47 46 45 46
88 93 95 100 104 106 106 106 109 108 105 103 101 98 95 94 95 96 100 109 117 119 120 128 129 127 128 126 134 133 34 6 11 11 11 11 11 11 11 11 11 10 9 12 21 31 39 49 59 69 76 81 85 85 85 85 84 83 83 84 85 87 90 93 96 99 98 99 98 97 98 98 96 94 94 98 60 39 33 29 38 42 38 38 35 31 29 31 33 33 32 25 28 35 36 35 35 36 39 43 38 36 35 35 35 35 37 44 48 43 44 42 42 40 40 42 36 36 39 41 40 40 43 43 44 44 44 44
104 99 99 98 99 94 89 87 87 87 90 92 98 104 109 116 122 121 124 126 129 127 127 128 123 114 111 110 107 116 104 21 8 11 11 11 11 11 11 11 11 11 11 11 11 16 26 36 42 46 50 55 60 67 73 78 83 86 90 93 93 94 93 92 91 92 93 95 96 97 99 100 99 100 103 98 44 38 41 42 45 39 36 29 35 37 38 41 40 40 39 30 30 25 26 33 33 33 37 38 38 41 45 42 43 46 48 47 45 44 42 41 39 39 40 41 43 42 44 37 41 43 43 41 42 41 40 40
83 80 81 83 85 91 96 103 107 110 115 116 119 121 121 122 121 117 115 110 101 95 97 98 98 102 114 122 122 129 136 101 15 9 11 11 11 11 11 11 11 11 11 11 11 10 11 16 27 38 50 56 62 66 68 69 70 72 74 76 79 84 89 93 97 98 99 99 99 98 99 101 102 103 107 82 38 40 38 40 40 36 25 23 28 25 34 42 42 36 25 20 22 27 30 31 37 44 50 51 51 47 46 45 43 41 38 40 37 34 40 42 42 44 45 45 42 38 37 39 43 41 41 39 37 37 37 39
97 101 105 110 112 112 113 115 116 117 120 117 112 103 96 94 92 92 95 102 108 114 120 122 120 119 120 125 129 133 139 139 94 7 9 11 11 11 11 11 11 11 11 11 11 11 11 10 10 11 16 24 36 49 61 69 75 81 84 86 87 87 85 85 86 88 90 91 93 97 100 102 103 105 104 57 35 38 34 34 34 27 24 26 21 19 35 39 26 19 22 25 29 37 35 39 44 44 44 46 44 42 37 37 33 29 24 26 34 39 43 45 44 43 43 43 41 41 43 42 41 38 37 35 38 40 43 46
110 112 112 111 110 107 101 93 89 88 88 89 94 99 103 112 115 118 118 113 110 111 114 120 119 120 116 111 111 108 109 114 123 79 7 10 11 11 11 11 11 11 11 11 11 11 11 11 11 11 10 9 10 15 25 35 44 51 59 68 77 85 90 94 96 95 95 94 93 91 94 99 103 109 90 37 25 18 14 13 14 16 20 16 16 28 39 37 31 35 36 37 36 37 32 29 32 33 34 32 29 24 23 23 25 28 31 31 33 38 39 40 41 41 41 41 41 43 43 41 42 43 44 45 44 43 42 43
96 89 84 81 81 84 88 95 99 105 109 111 112 111 108 113 114 116 117 114 109 109 102 100 101 99 101 107 111 118 120 123 124 129 70 6 10 11 11 11 11 11 11 11 11 11 11 11 11 11 11 11 11 10 11 18 28 38 45 48 51 54 59 65 72 79 85 88 91 91 95 98 103 89 48 10 9 10 12 12 14 16 15 26 34 37 39 38 38 38 36 36 25 26 28 27 32 31 29 22 25 28 29 29 31 32 34 38 38 40 40 40 40 38 37 35 39 40 38 36 35 37 42 41 38 39 38 39
86 93 100 104 107 106 102 99 102 109 113 111 110 110 109 103 98 96 96 97 100 104 109 113 114 116 116 116 119 121 121 127 130 130 133 54 4 11 11 11 11 11 11 11 11 11 11 11 11 11 11 11 11 11 11 10 10 13 22 33 42 49 54 56 56 57 59 65 73 87 95 98 94 41 14 11 12 15 16 16 23 26 29 36 39 39 36 35 37 39 36 38 35 36 33 34 34 29 34 39 44 47 47 46 45 45 41 38 39 38 42 40 40 40 38 38 36 35 37 37 37 40 40 37 36 37 38 39
105 106 107 107 110 110 105 103 105 100 96 92 91 93 96 100 103 109 112 114 116 116 115 115 116 116 127 124 121 118 112 109 104 100 102 106 41 6 11 11 11 11 11 11 11 11 11 11 11 11 11 11 11 11 11 11 11 10 10 9 14 23 31 38 45 53 63 73 86 92 96 100 56 24 10 11 14 17 16 20 25 26 26 35 36 37 32 26 25 25 30 33 35 38 35 35 39 40 40 37 41 47 45 44 38 31 35 35 35 31 32 38 41 39 38 40 38 35 36 38 39 40 36 37 35 34 32 34
106 105 99 95 90 89 87 90 92 97 103 108 111 114 114 112 113 113 112 115 119 116 117 117 112 101 95 89 89 95 101 107 109 113 112 113 102 28 6 11 11 11 11 11 11 11 11 11 11 11 11 11 11 11 11 11 11 11 11 11 12 23 37 45 51 62 73 80 85 91 97 71 25 12 10 11 13 12 13 17 19 20 25 33 36 28 27 29 30 26 21 19 23 33 37 38 37 33 34 32 33 38 41 32 29 33 39 41 41 38 40 42 41 38 39 40 40 38 39 40 40 37 38 39 38 39 39 39
84 82 86 92 99 102 106 108 107 111 112 109 110 112 112 110 112 110 107 101 97 87 83 82 81 89 97 101 106 108 108 106 106 109 110 113 118 108 29 7 11 11 11 11 11 11 11 11 11 11 11 11 11 11 11 11 11 11 11 11 11 10 16 32 49 61 71 77 81 75 46 16 9 17 14 11 17 15 24 29 32 34 30 27 23 22 26 27 33 37 32 28 28 27 23 17 17 24 21 20 20 32 41 44 43 37 38 41 43 42 39 37 37 36 34 35 40 39 39 38 38 36 36 38 32 33 36 39
101 104 105 106 107 105 98 106 107 110 110 108 108 103 96 88 82 77 79 85 90 93 97 100 103 103 98 94 98 103 108 112 117 120 118 115 107 106 77 15 9 11 11 11 11 11 11 11 11 11 11 11 11 11 11 11 11 11 11 11 11 11 10 9 12 18 27 30 24 12 8 9 13 19 15 14 15 18 25 25 29 32 33 35 25 23 26 26 27 31 32 31 30 20 14 18 25 28 28 25 22 23 29 32 31 37 36 37 38 38 37 38 38 37 36 35 36 38 38 38 38 38 39 38 39 28 24 33
103 104 105 103 110 107 106 104 96 90 84 79 79 82 86 91 95 97 99 102 99 99 97 98 101 104 102 103 103 106 103 99 92 89 90 94 105 113 122 93 12 9 11 11 11 11 11 11 11 11 11 11 11 11 11 11 11 11 11 11 11 11 11 11 11 10 9 9 10 10 11 11 22 24 17 19 19 18 22 18 19 22 20 25 25 31 32 28 22 24 34 31 34 33 33 30 33 35 35 33 27 25 20 14 16 32 33 35 37 36 34 32 33 30 29 31 34 34 29 28 31 33 35 38 37 35 31 26
101 98 95 85 81 78 74 77 78 86 90 95 98 100 99 97 94 97 99 99 100 102 106 112 107 101 90 86 85 86 93 100 108 116 120 123 121 122 123 127 83 9 10 11 11 11 11 11 11 11 11 11 11 11 11 11 11 11 11 11 11 11 11 11 11 11 11 11 11 11 11 12 20 24 16 13 18 29 30 28 28 24 20 24 20 20 32 33 24 26 34 31 31 33 31 33 34 35 35 28 29 31 32 33 32 27 31 33 35 38 37 32 33 35 33 31 32 29 24 26 28 28 28 31 33 34 32 29
69 74 78 79 85 90 94 101 100 93 93 98 101 102 97 92 95 100 105 104 93 78 70 73 82 95 103 106 109 113 117 116 115 111 118 128 126 118 115 118 124 81 9 11 11 11 11 11 11 11 11 11 11 11 11 11 11 11 11 11 11 11 11 11 11 11 11 11 11 11 10 15 25 28 21 20 25 22 30 30 29 25 25 23 23 22 25 26 31 29 32 30 29 39 32 30 34 30 24 25 27 27 35 36 27 19 21 29 34 38 35 36 35 36 38 32 32 33 33 28 23 24 24 28 26 28 31 31
