140 147 145 145 144 144 145 145 145 145 145 146 144 144 145 145 146 146 146 145 146 146 146 146 146 146 147 147 147 147 146 146 148 147 147 147 147 148 147 147 147 147 148 148 148 148 148 148 148 148 147 147 147 146 146 145 146 146 146 146 147 147 147 147 146 146 146 146 146 145 146 146 146 146 145 146 146 145 146 146 145 146 145 145 144 144 144 144 144 143 143 141 141 142 143 143 143 144 143 143 140 138 139 141 139 140 139 137 137 136 135 135 137 135 131 131 132 131 131 130 131 131 131 130 126 123 125 127
146 146 146 145 145 145 145 146 145 145 145 145 145 145 146 146 145 146 146 146 147 146 145 145 146 147 147 147 148 147 147 146 147 148 147 147 147 148 147 148 148 149 148 148 148 148 148 148 148 147 147 147 147 147 146 146 146 146 147 146 147 147 146 147 146 147 147 146 145 146 145 145 145 146 145 145 145 145 144 144 144 144 144 144 144 143 143 143 143 142 142 142 142 142 141 141 142 140 141 141 140 140 140 141 140 140 140 139 136 136 137 135 137 134 134 134 131 130 130 128 124 123 123 124 123 125 126 125
146 146 147 147 147 147 146 147 146 147 147 147 146 147 147 147 147 147 147 148 145 145 145 145 145 147 148 149 149 148 148 149 149 149 149 148 148 150 149 149 150 149 149 149 149 150 150 149 149 149 149 148 148 148 147 148 148 148 149 154 154 150 152 152 149 147 149 148 147 148 147 147 147 147 146 147 147 146 146 145 145 145 145 145 145 144 145 144 144 144 145 144 144 144 144 143 143 143 142 142 143 143 142 142 143 140 142 141 141 140 139 138 139 140 140 140 139 137 137 137 135 131 130 128 132 133 126 117
143 144 148 149 149 148 147 146 147 147 147 146 148 148 148 148 148 149 149 149 148 148 149 149 149 150 150 150 150 150 151 150 150 151 150 150 151 151 151 151 151 150 150 150 151 150 151 151 150 151 150 149 150 150 149 149 149 148 155 160 155 153 153 155 154 148 148 149 149 149 149 148 148 148 149 148 148 149 147 147 147 148 146 145 146 147 146 146 146 145 146 146 146 145 145 145 145 145 145 145 144 144 144 143 144 141 143 143 142 142 143 142 142 142 141 141 142 141 141 141 141 139 140 138 136 137 133 128
140 138 145 149 149 149 148 145 144 143 143 144 148 149 149 150 150 150 151 151 150 151 151 151 152 151 151 151 151 152 152 152 152 152 152 152 152 152 152 152 152 149 151 151 151 152 152 152 152 152 150 151 150 150 150 149 148 148 152 153 148 147 147 148 149 149 147 150 151 149 149 150 149 150 150 149 149 150 149 149 148 145 140 142 147 148 147 147 148 147 146 147 147 147 147 147 146 145 146 146 146 146 145 145 145 145 145 145 144 144 144 144 144 143 142 143 143 142 142 142 141 141 140 140 140 140 140 140
138 136 140 149 151 148 145 143 142 141 140 143 149 151 150 151 152 151 152 152 151 152 152 152 152 153 153 153 153 152 153 153 153 153 153 152 153 152 153 154 153 152 152 153 152 152 152 152 152 153 153 152 151 152 152 147 140 139 140 143 140 139 143 145 146 144 144 149 152 151 151 152 151 151 151 150 150 151 150 149 149 145 145 148 148 149 149 149 149 149 149 148 148 148 149 147 147 147 147 147 146 147 147 146 146 146 146 145 145 145 145 144 145 144 144 144 144 143 143 143 143 143 142 142 142 141 142 141
142 138 140 148 151 147 144 142 141 140 141 140 148 153 152 151 151 152 152 153 153 153 152 153 154 153 154 154 155 154 154 154 154 154 153 153 154 153 153 153 154 153 153 153 152 148 150 153 153 154 154 154 153 153 150 142 141 144 146 146 145 142 141 147 150 150 149 151 152 152 152 152 152 152 152 152 152 151 151 150 150 149 149 149 148 149 150 150 150 150 151 150 150 149 149 149 149 149 148 148 148 148 148 147 147 147 147 146 146 146 147 146 145 145 146 145 144 145 145 145 145 144 143 144 143 143 143 143
144 140 139 149 153 147 142 140 136 137 140 139 144 152 153 153 154 153 153 154 154 154 154 155 154 155 155 155 154 155 155 154 155 154 154 155 154 154 154 154 155 154 153 152 150 146 149 151 155 153 153 154 154 153 152 150 149 153 151 153 153 153 150 151 153 153 154 154 153 153 153 153 153 154 153 153 153 152 152 151 151 150 150 151 150 150 151 149 150 151 151 151 150 150 150 151 149 150 149 150 150 149 149 149 149 147 148 148 147 147 148 147 146 146 147 146 146 146 145 145 145 146 145 144 143 143 144 144
139 137 137 144 153 147 139 136 136 140 140 140 142 152 154 153 154 154 155 154 154 155 156 156 156 156 155 156 156 156 155 155 155 156 155 155 155 155 155 154 155 155 155 154 154 153 154 154 154 154 154 155 154 153 154 154 153 153 154 154 154 154 154 154 154 155 154 154 154 154 155 154 154 153 154 153 153 153 152 152 151 152 151 151 150 152 152 150 151 152 151 152 151 151 150 150 150 150 150 151 150 150 151 150 149 149 148 148 148 148 149 148 148 147 147 148 146 147 147 147 146 146 146 145 145 144 145 144
135 134 135 140 144 144 137 136 136 141 140 138 141 151 155 154 155 156 156 156 156 156 156 156 156 157 157 157 157 157 157 157 157 157 157 156 156 156 157 157 156 155 156 156 156 156 156 155 155 155 155 155 155 155 155 154 154 153 154 154 154 156 155 155 155 156 155 155 155 156 156 155 155 155 155 154 154 154 153 153 153 153 152 152 152 151 151 152 152 152 152 153 152 152 152 152 152 152 152 151 150 151 151 150 150 151 150 150 150 150 150 150 149 149 148 148 148 147 147 147 147 147 147 147 147 146 146 146
128 130 133 133 133 138 136 138 135 139 139 136 140 152 157 155 156 157 155 156 156 157 158 157 157 158 158 158 158 159 158 157 158 157 157 157 157 157 157 157 157 156 157 157 157 157 156 157 156 155 156 156 156 156 156 156 156 156 155 156 155 156 157 157 157 157 157 156 157 157 156 157 156 156 155 156 155 155 155 154 153 154 154 153 152 153 153 153 153 153 153 153 153 153 153 153 153 152 152 153 152 151 151 151 152 151 151 151 151 151 150 150 150 150 149 149 152 152 150 146 147 149 148 147 147 146 146 146
123 125 134 130 129 134 136 138 137 138 135 135 141 154 157 154 154 154 153 156 158 158 158 156 153 155 158 158 159 158 158 158 158 159 159 158 159 158 158 159 158 158 158 157 158 157 157 157 157 158 157 157 156 156 157 158 157 157 157 157 157 157 157 158 157 157 157 157 157 157 157 157 157 157 156 156 156 155 155 155 155 155 155 154 154 154 155 154 154 154 154 154 154 154 154 154 154 153 154 153 153 152 152 152 153 152 152 151 151 151 152 151 150 149 149 150 158 159 152 148 145 146 144 145 147 147 147 147
122 123 131 132 129 132 133 138 142 140 138 138 147 157 158 154 152 153 154 156 158 159 153 151 152 149 153 160 160 159 159 159 159 159 159 159 160 159 159 158 158 158 158 158 159 158 159 159 158 159 158 158 157 158 158 159 158 159 158 158 158 158 158 158 158 158 158 158 158 158 158 158 157 158 157 157 156 157 156 156 155 156 156 155 155 155 155 155 155 155 155 155 154 155 155 154 154 155 154 153 152 152 152 152 151 152 152 152 151 152 152 153 148 144 139 141 146 147 146 145 140 138 138 136 142 149 147 147
123 124 128 134 140 138 136 137 142 141 139 142 150 155 156 152 150 152 155 157 160 156 146 142 148 147 149 157 160 160 159 160 160 160 160 160 160 160 161 158 159 160 159 159 159 160 159 159 159 159 159 160 159 159 159 160 159 159 159 158 159 159 159 159 159 158 159 159 159 158 158 159 158 158 158 158 157 157 156 157 157 157 156 156 156 155 156 156 155 156 156 155 155 156 155 155 154 155 155 154 153 153 154 153 152 151 152 153 153 151 150 142 136 137 131 130 133 135 139 140 138 136 136 137 144 149 148 148
125 125 127 136 144 140 134 130 136 142 139 145 149 150 149 149 148 152 155 157 159 152 147 143 141 145 149 156 160 161 160 161 162 161 160 160 160 160 160 160 161 161 161 160 160 160 160 160 160 160 159 160 159 160 160 160 160 160 160 160 159 160 159 159 160 160 160 160 160 160 160 160 159 159 159 159 158 158 158 158 158 158 158 158 157 156 157 157 156 156 157 156 156 156 156 156 156 156 155 155 154 153 153 152 153 152 153 154 153 151 145 140 142 142 141 142 143 144 147 147 145 146 147 148 149 149 149 148
130 127 129 136 144 138 134 132 134 141 139 142 146 147 146 147 149 149 153 156 154 149 149 143 140 143 149 153 162 162 161 161 161 161 161 161 161 162 160 161 161 160 160 161 160 161 161 161 161 161 160 160 160 160 161 161 161 160 160 160 160 160 161 160 160 161 161 161 161 161 161 161 161 161 159 159 159 159 159 159 158 159 159 160 159 158 157 157 157 157 157 157 156 158 157 157 157 157 156 155 154 154 154 153 153 153 154 154 153 153 152 152 152 152 152 152 152 151 149 148 151 149 149 150 149 150 149 149
137 133 134 140 141 139 135 137 139 142 141 141 141 143 147 149 148 149 154 155 148 140 143 142 139 144 153 159 161 162 162 162 161 162 161 162 162 161 161 161 162 161 161 161 161 161 161 162 161 160 161 160 161 161 161 161 161 161 161 162 161 161 161 161 161 161 161 162 162 162 161 162 161 161 160 159 159 159 160 160 160 159 159 160 159 159 158 158 159 158 158 158 157 158 158 158 158 157 156 156 155 155 155 154 155 154 154 154 153 153 152 152 152 151 151 151 150 149 148 147 149 149 150 149 149 149 149 149
146 141 137 139 139 138 136 139 145 147 144 142 142 144 146 148 146 151 154 155 148 138 139 144 142 146 157 162 163 163 163 162 162 162 162 162 163 163 162 162 162 162 163 162 162 163 162 163 163 163 162 162 162 163 163 162 162 163 163 162 162 162 163 163 162 162 162 163 162 162 162 162 162 161 160 161 160 160 161 161 161 160 160 160 160 159 159 159 160 160 159 159 158 158 158 158 160 158 158 157 157 155 155 156 156 156 156 155 155 154 154 153 154 153 152 152 151 150 148 148 148 148 148 149 148 147 147 143
145 139 136 136 135 133 136 139 145 151 150 146 146 145 146 145 146 152 153 149 143 139 140 146 148 146 158 164 164 163 163 164 164 163 163 163 163 163 162 163 163 164 164 164 163 163 164 163 164 163 163 164 163 161 157 162 163 163 163 164 164 164 164 164 163 164 163 164 163 163 164 163 163 162 162 162 162 159 156 156 161 161 161 161 161 160 159 159 159 159 159 159 159 160 160 159 159 159 158 158 158 157 157 157 156 157 157 156 155 155 155 155 155 155 154 153 152 151 149 146 148 150 149 147 147 147 146 142
142 133 132 132 131 133 135 137 147 154 155 151 151 149 147 148 149 152 148 142 142 142 140 145 145 143 153 164 165 164 165 165 165 165 165 165 165 164 164 164 164 164 165 164 163 164 164 164 164 163 159 160 158 150 151 157 165 163 164 165 165 164 165 164 165 166 165 165 164 165 164 164 164 163 162 163 162 161 159 161 162 162 162 161 162 161 161 160 160 160 160 160 160 160 159 159 160 160 159 160 159 159 158 157 158 158 157 157 156 156 156 156 155 154 155 154 150 142 145 140 143 148 149 148 148 147 145 146
140 134 132 132 135 135 136 141 150 154 154 153 150 151 149 149 153 153 148 143 149 148 144 145 141 142 150 160 165 166 164 164 166 166 166 166 165 165 166 165 165 165 165 165 165 165 165 164 165 163 162 162 159 151 148 156 165 163 165 166 167 166 166 166 166 164 164 166 165 165 165 164 165 165 163 165 163 163 163 163 163 164 164 163 163 162 162 161 161 161 161 162 161 161 162 162 161 161 161 161 160 160 160 159 158 158 158 158 157 157 157 157 156 156 155 154 151 147 142 137 140 149 153 152 152 152 147 147
142 135 136 135 136 136 137 143 151 155 153 152 152 154 149 149 153 153 149 145 150 152 151 146 142 142 148 155 160 162 158 154 164 166 163 157 156 164 167 166 167 166 166 166 166 166 165 166 166 166 166 166 166 164 164 164 166 166 167 167 167 167 167 165 157 155 157 152 152 158 156 163 165 165 165 165 165 161 163 164 162 160 158 158 160 163 162 162 162 163 162 162 162 162 162 162 158 158 163 161 162 162 161 161 159 159 159 159 158 158 157 157 157 158 155 154 154 153 152 151 151 155 156 156 155 155 155 156
147 139 139 137 139 139 138 140 152 156 154 154 153 150 146 147 148 150 148 143 149 154 153 144 143 143 147 150 153 154 149 145 154 155 153 152 158 161 164 168 167 167 167 168 166 167 166 166 164 166 167 167 167 167 167 167 167 167 167 167 167 167 165 157 152 155 155 154 155 157 157 164 166 166 166 165 165 164 165 165 164 163 163 163 163 165 163 164 164 163 163 164 163 163 163 157 148 153 163 162 162 162 162 161 161 160 160 159 160 160 159 159 156 153 152 155 156 157 156 156 156 157 157 156 156 156 157 120
151 141 140 138 135 137 139 140 153 157 152 153 146 142 145 147 144 146 148 146 151 157 153 144 144 148 145 144 151 150 139 139 145 142 141 148 163 153 151 157 166 168 166 159 157 158 165 167 162 164 168 168 168 166 164 159 163 164 167 168 168 167 168 167 167 167 167 167 166 166 167 166 167 168 167 166 166 166 166 167 167 166 166 166 165 165 164 164 164 164 164 163 163 163 164 162 162 163 164 164 162 162 162 160 162 161 160 160 160 161 160 152 145 145 151 157 158 158 156 158 157 156 157 157 156 161 145 69
153 142 140 133 131 130 137 143 145 150 148 143 140 137 140 148 147 144 146 147 154 159 155 144 140 144 144 147 153 147 139 144 139 136 138 151 156 144 145 154 165 167 166 160 153 155 163 168 168 169 169 169 169 168 164 161 163 164 167 169 167 168 168 169 167 159 153 162 156 155 155 157 164 165 167 167 167 168 166 170 173 166 167 167 166 166 165 166 165 165 165 165 164 163 163 164 165 164 164 164 163 163 162 162 162 162 160 160 161 160 160 157 154 156 158 158 158 158 158 158 159 158 158 158 160 141 63 47
152 145 141 137 133 129 132 138 136 138 140 140 119 119 133 139 144 143 147 155 157 159 155 145 140 143 141 145 145 144 146 147 145 144 148 151 143 136 141 148 164 153 153 165 166 166 165 167 169 165 168 169 168 166 166 159 163 169 169 168 169 169 169 167 162 158 159 163 152 150 151 157 161 161 168 168 168 168 166 178 183 165 167 167 166 166 166 166 164 165 165 165 165 165 163 164 164 164 164 163 164 164 164 162 162 162 161 159 158 161 162 162 161 161 160 160 159 159 159 158 159 159 158 157 163 98 55 65
153 142 140 137 134 137 144 148 147 145 148 150 124 126 141 141 145 150 155 161 160 160 160 152 147 148 143 140 143 145 145 151 152 149 151 148 137 138 135 144 151 139 138 152 161 157 156 159 163 158 155 154 155 159 161 154 155 154 159 168 169 170 168 169 170 169 169 167 164 165 165 168 169 170 169 169 169 168 167 193 171 168 168 169 168 168 167 166 166 165 164 160 155 162 165 162 166 165 171 170 165 164 164 163 163 158 147 143 144 150 159 162 162 161 160 161 160 157 153 150 154 159 159 164 128 59 51 58
148 137 134 130 132 140 147 151 151 150 152 150 131 136 153 148 149 158 159 159 160 161 163 163 155 153 151 149 149 152 152 155 151 148 151 143 137 138 132 133 137 135 135 139 148 153 165 165 168 169 167 163 159 159 156 153 160 158 163 168 169 169 169 170 170 168 169 169 170 170 169 169 170 170 170 167 163 163 176 179 165 170 169 169 168 168 168 166 166 166 166 160 157 163 158 162 171 167 173 174 170 163 162 164 163 160 157 158 149 152 162 162 161 151 149 148 149 146 145 146 147 155 161 158 79 56 62 56
143 136 132 130 133 141 150 148 147 151 155 152 132 142 158 152 153 161 157 157 157 164 164 167 161 155 156 157 156 160 163 158 149 146 146 141 136 138 138 135 137 142 131 128 133 141 160 172 172 172 172 171 171 170 170 169 170 170 171 171 171 171 171 171 171 171 171 169 170 170 170 171 170 169 168 159 155 163 198 170 161 166 170 169 169 169 168 167 167 167 166 167 167 159 153 160 166 165 162 166 164 160 156 159 163 163 159 159 154 152 160 162 158 153 147 147 148 147 147 151 157 158 164 111 64 60 68 132
145 139 135 131 130 138 149 145 144 149 149 150 134 145 157 149 150 155 157 157 158 166 166 168 164 157 154 153 159 166 171 158 150 148 144 136 140 144 146 146 149 147 129 127 131 124 129 160 172 171 172 171 172 172 171 171 171 171 172 167 164 165 163 166 171 172 171 171 171 172 172 171 166 166 158 144 149 165 200 172 161 158 168 170 170 169 169 168 168 168 168 167 160 148 146 148 150 151 151 154 153 153 155 159 165 164 163 159 161 163 166 171 167 162 164 158 153 158 161 158 157 164 133 61 57 44 141 205
154 152 152 149 152 157 162 160 155 148 148 155 134 149 167 161 165 164 169 170 171 170 169 164 162 155 150 147 155 165 170 169 154 146 142 136 140 145 152 156 160 147 133 127 124 121 121 141 162 168 172 173 173 172 172 172 172 169 167 159 155 156 157 166 171 171 171 170 169 177 175 166 170 175 183 188 174 203 187 182 173 169 169 170 170 170 169 169 169 169 168 168 165 164 164 157 151 156 158 162 161 162 165 166 164 157 158 153 151 154 159 161 158 155 151 151 150 158 152 145 150 152 121 129 132 136 162 188
160 159 157 159 158 161 165 169 165 157 159 165 140 151 171 168 170 170 172 171 172 171 165 155 150 149 150 153 162 160 191 172 160 145 140 137 145 155 163 163 161 151 141 138 128 122 118 122 147 172 173 169 161 165 173 173 168 164 171 164 165 166 170 172 172 172 172 165 169 179 165 154 162 161 175 183 209 157 184 192 174 169 170 170 169 170 169 169 169 168 167 160 158 158 164 162 163 168 166 161 163 167 166 167 157 151 152 148 144 146 149 152 150 150 156 160 160 159 155 150 154 138 196 242 244 246 165 105
165 162 161 164 165 167 169 169 169 169 170 172 144 154 172 172 172 173 172 173 170 167 167 163 160 159 164 170 164 161 203 162 156 151 143 149 158 159 156 156 158 161 163 163 163 141 137 122 136 166 166 159 160 165 172 172 161 159 142 157 171 175 175 170 172 172 163 153 156 160 157 156 155 159 159 179 241 165 172 161 170 171 170 170 170 169 170 171 168 169 164 150 152 153 155 168 185 157 160 156 152 153 163 165 161 159 163 163 162 164 163 164 163 163 157 152 150 149 148 149 151 174 231 236 234 235 228 180
157 156 159 157 162 166 164 166 167 166 163 170 143 149 168 173 171 170 167 164 160 162 163 161 165 171 172 168 161 155 205 165 163 154 157 157 156 157 154 161 167 171 172 168 167 165 163 131 88 144 168 166 171 174 172 172 171 171 135 169 171 170 174 166 168 170 163 159 156 154 155 154 181 195 190 229 223 163 171 171 169 168 169 172 172 170 173 174 169 169 166 162 162 162 159 170 240 158 151 153 154 159 164 165 165 165 164 164 173 183 172 165 165 163 163 163 161 157 156 150 142 208 231 231 231 233 236 237
156 153 153 150 153 157 157 159 164 169 167 170 144 148 158 154 160 165 175 170 159 158 156 158 162 171 171 177 174 170 213 184 183 167 168 167 159 159 162 164 163 167 160 157 164 173 169 132 31 104 171 164 170 168 166 168 169 164 117 170 163 164 168 161 160 172 172 171 172 166 164 156 155 170 220 253 219 169 176 176 187 188 190 178 171 166 175 175 166 166 172 182 151 133 150 138 183 164 165 166 166 165 166 166 166 165 163 164 178 177 170 166 164 163 164 164 163 163 164 155 190 238 239 239 238 239 239 239
164 162 162 161 165 166 167 168 169 170 170 172 146 147 136 130 162 165 169 171 165 166 168 168 171 173 170 159 159 198 222 184 161 164 174 171 165 167 172 169 167 169 172 173 170 121 124 109 30 114 189 178 169 160 162 160 161 151 112 174 159 160 170 164 165 172 182 175 167 167 162 152 173 206 245 235 205 218 215 216 243 244 241 207 200 194 198 198 199 198 211 220 208 199 208 211 206 187 166 167 166 166 162 164 165 164 160 165 162 154 153 159 156 159 164 162 161 157 150 157 215 205 230 230 230 233 233 233
169 166 166 166 166 166 167 170 168 168 164 169 144 144 122 125 160 164 165 164 159 157 158 161 165 172 170 163 178 211 227 165 162 160 168 160 158 161 160 159 162 169 172 173 168 55 52 23 22 47 133 171 169 167 166 160 163 140 116 183 169 180 188 163 133 172 199 185 177 192 182 169 220 227 208 159 155 221 237 245 237 227 216 248 224 197 210 194 156 200 227 247 245 238 247 196 198 228 165 164 166 165 156 155 154 153 154 152 148 149 151 151 153 153 152 152 148 150 145 212 216 186 245 242 242 245 244 242
172 180 169 155 157 158 158 160 158 156 156 165 143 158 149 158 164 166 169 167 163 162 161 169 172 172 173 182 169 199 213 153 154 155 160 158 158 159 158 164 170 165 161 162 152 65 73 39 24 53 153 164 166 162 162 159 159 127 122 179 168 176 191 148 142 184 190 191 195 201 170 157 207 196 167 116 158 191 231 248 246 224 191 229 221 210 236 204 146 227 244 245 245 224 233 196 198 243 187 160 163 163 163 161 157 159 163 165 158 164 162 163 163 162 159 175 189 159 187 236 219 208 240 243 242 238 237 240
176 173 160 154 155 163 162 158 157 157 159 163 142 156 146 149 153 155 160 156 161 165 167 172 173 175 175 157 200 238 226 195 179 166 162 157 159 155 153 160 167 159 155 157 136 71 62 33 24 52 137 160 162 161 164 155 158 115 148 218 203 204 217 192 184 174 182 182 194 184 184 181 214 222 208 168 181 229 225 142 163 202 126 168 239 243 233 235 238 232 220 229 236 230 236 241 241 242 238 224 219 227 226 230 225 232 211 172 180 189 235 230 233 233 226 176 210 202 239 234 237 238 210 186 195 187 227 240
166 160 156 160 161 161 162 165 157 161 164 165 142 156 144 150 159 158 164 169 169 166 170 172 172 173 167 156 187 250 227 175 165 169 165 163 151 161 156 157 158 154 158 158 162 226 215 175 127 98 127 158 160 167 160 153 130 77 78 118 171 191 190 194 229 244 183 161 229 234 235 234 231 227 231 240 229 225 187 62 43 48 48 96 216 231 221 200 207 189 174 194 239 242 213 190 199 198 190 200 227 187 209 202 177 177 185 158 192 178 183 204 193 165 164 151 179 205 226 241 236 234 204 169 178 160 199 239
143 134 153 159 156 158 168 171 170 155 156 165 139 158 148 153 163 160 162 172 168 164 169 167 165 166 162 163 151 224 172 151 163 168 165 167 115 132 139 125 138 92 136 133 163 255 255 255 255 252 205 164 164 134 142 153 161 186 128 58 49 58 93 159 151 200 170 133 141 144 149 113 126 131 201 138 138 117 94 75 69 67 78 124 205 164 194 120 129 124 159 144 196 218 164 119 160 116 161 123 213 171 193 144 161 139 145 185 192 151 180 204 167 134 149 139 183 201 217 191 173 140 138 130 134 128 152 202
56 48 56 107 164 168 173 171 177 161 111 105 139 141 133 139 118 117 131 127 159 171 171 156 156 161 156 157 145 250 202 150 154 134 123 105 65 50 74 83 57 41 54 52 148 223 237 226 227 239 227 128 77 40 43 54 73 240 127 42 61 62 131 203 152 157 192 187 239 241 243 226 227 210 227 217 211 214 155 178 180 205 202 220 228 220 217 211 174 221 229 206 198 215 234 226 201 177 239 225 215 234 237 223 232 212 191 231 235 227 228 222 230 226 218 218 239 236 231 217 168 124 166 194 194 201 222 225
50 49 39 42 95 100 128 155 72 150 117 51 172 141 108 143 55 35 52 29 70 98 91 48 60 79 146 113 142 255 189 77 108 52 61 51 44 45 50 159 58 34 41 44 114 182 213 189 222 226 194 78 55 50 41 48 71 244 122 53 95 119 164 232 234 233 234 231 235 235 233 234 238 228 229 232 231 226 234 238 233 235 236 228 232 233 227 225 232 227 226 234 226 223 230 226 223 231 222 221 229 224 221 229 220 221 231 221 221 227 217 216 225 218 218 225 212 212 225 212 150 148 125 153 156 148 151 148
82 90 81 97 112 61 88 121 134 148 91 79 129 76 98 128 113 76 150 89 130 109 111 90 113 82 91 80 187 255 199 44 47 52 77 38 46 55 49 76 61 54 45 60 127 190 215 184 221 240 200 159 100 63 61 63 109 253 137 48 32 46 108 234 218 222 225 216 220 221 217 217 232 220 222 227 223 218 234 225 220 226 227 222 230 230 222 224 229 228 227 231 224 223 232 228 228 231 227 228 233 230 232 235 229 232 237 233 236 237 233 234 239 235 236 239 236 236 240 235 126 123 120 106 105 98 107 81
121 119 128 128 133 131 131 130 134 130 130 129 124 131 128 126 138 122 128 127 171 116 118 123 132 125 119 120 211 255 224 187 120 60 209 89 49 55 66 62 101 94 72 112 215 239 244 229 231 233 216 208 198 181 179 181 190 254 185 87 125 199 197 224 251 248 247 249 248 247 248 248 246 248 247 246 247 249 246 248 249 248 248 249 247 247 248 248 247 248 248 247 248 248 247 248 248 247 248 248 247 248 246 246 246 244 245 246 245 244 246 244 243 244 243 240 240 244 244 246 188 126 124 117 114 110 100 111
45 34 32 38 25 25 23 24 27 25 24 23 24 25 49 57 84 76 94 96 168 109 110 111 123 113 108 116 228 252 226 241 187 130 179 99 59 87 66 75 92 67 48 128 245 254 252 237 246 243 237 229 161 151 152 152 193 255 156 103 176 185 239 247 231 235 236 230 232 233 230 230 238 229 228 232 229 225 234 229 225 228 229 224 231 230 223 225 228 224 225 229 220 221 229 222 222 227 219 217 227 212 119 93 191 112 89 199 114 82 190 106 75 196 203 74 95 235 246 244 243 151 55 138 130 57 142 100
46 49 71 95 91 93 90 88 85 85 85 83 78 78 83 139 187 205 218 223 229 241 245 250 249 250 254 255 251 250 250 249 248 243 234 199 178 191 169 161 186 172 167 208 247 252 251 239 244 247 241 239 163 143 139 136 203 255 179 85 88 116 244 247 219 224 228 219 223 225 220 219 231 221 223 227 223 220 231 225 223 227 228 223 232 230 224 227 231 228 229 232 226 227 234 229 229 231 228 229 234 225 166 157 220 180 165 228 187 170 226 189 175 228 227 177 185 238 241 240 241 225 182 194 204 187 184 179
58 50 49 47 63 50 63 48 48 45 52 73 56 48 62 145 174 180 191 198 203 207 213 219 222 228 250 248 236 234 243 251 252 252 253 212 183 184 190 210 241 239 244 255 251 246 251 253 250 248 248 248 250 249 243 238 243 252 245 251 244 245 245 241 241 242 245 245 244 243 245 233 239 245 244 243 245 246 244 245 245 245 245 244 244 243 243 243 242 243 241 239 239 239 238 238 238 236 235 236 234 222 169 170 165 166 165 159 160 160 155 157 155 159 222 229 228 220 219 217 215 217 218 214 215 214 212 215
61 49 46 46 52 61 66 62 66 67 65 67 68 67 80 82 74 82 87 87 92 99 96 110 104 123 234 206 154 200 228 234 245 242 238 238 246 241 239 236 246 252 247 241 233 228 245 231 234 229 223 237 242 238 221 244 223 243 249 231 238 224 152 116 152 139 105 106 104 118 100 129 114 94 98 97 92 94 95 92 92 90 89 93 92 87 88 89 82 85 81 78 78 76 78 79 76 72 75 67 64 60 26 22 29 26 22 24 22 20 23 20 19 24 45 42 43 44 39 39 40 34 34 37 32 31 34 29
48 53 47 50 60 51 59 56 67 64 63 67 71 77 81 78 50 55 55 53 53 71 76 95 102 108 208 211 222 241 231 232 237 234 243 232 237 231 235 228 232 246 230 233 202 208 221 180 203 189 200 214 216 196 180 190 208 200 191 196 181 216 152 87 119 71 68 53 54 95 69 105 93 70 75 75 73 77 80 79 82 82 84 87 87 87 90 95 92 93 93 94 96 96 98 98 96 97 102 100 101 94 47 44 49 48 47 48 47 46 49 49 47 59 120 124 125 129 132 135 134 138 139 139 140 141 143 145
78 60 43 48 79 59 51 45 76 68 48 47 65 71 87 90 85 106 138 171 199 218 231 224 238 244 238 237 239 239 254 249 236 250 250 251 248 251 219 111 178 212 200 212 174 206 211 230 230 174 195 215 219 232 214 172 222 208 223 222 173 214 214 217 219 204 248 231 167 206 233 239 243 246 248 249 247 249 248 246 249 247 245 247 252 251 250 246 243 248 244 241 248 243 241 238 241 253 250 251 252 245 220 219 221 222 224 223 224 224 224 225 227 230 251 253 254 245 223 228 245 221 223 251 254 254 254 255
174 110 33 54 101 58 43 46 86 67 43 44 75 78 117 134 149 186 205 213 220 225 228 231 234 224 239 244 236 159 217 224 252 253 253 253 252 252 246 203 224 232 226 229 224 211 124 131 151 145 154 136 115 146 161 143 165 111 133 149 131 161 117 135 158 199 233 232 229 201 201 160 191 86 137 167 78 146 155 75 157 138 70 167 233 222 248 112 69 177 107 68 183 103 68 185 240 247 245 245 245 244 247 248 248 248 248 248 248 248 248 247 247 247 244 244 251 190 61 86 187 64 80 226 246 244 244 244
121 105 68 77 83 68 66 67 74 66 64 61 70 78 146 183 156 157 159 161 163 164 161 161 175 176 246 229 158 137 137 155 209 205 208 207 242 251 225 254 237 223 227 224 237 237 109 90 130 151 126 139 100 106 142 132 136 109 69 98 130 124 85 92 110 208 145 163 224 227 213 170 222 154 192 214 173 202 211 179 212 205 179 218 242 240 247 199 185 224 201 188 226 203 191 224 235 246 246 246 245 245 246 247 246 246 246 247 247 246 246 246 245 246 245 245 248 236 211 216 236 212 215 242 245 247 245 245
73 70 57 70 43 48 48 51 47 49 51 48 48 71 175 188 169 171 175 176 178 177 177 175 188 191 250 255 218 158 180 178 178 175 180 178 238 252 238 250 243 237 238 237 242 251 167 123 148 148 161 166 100 147 196 159 143 142 109 138 129 167 125 115 182 217 187 230 196 202 222 171 216 176 232 242 244 238 243 244 238 241 244 235 226 226 222 238 244 236 237 243 235 238 244 230 220 236 233 231 235 233 230 236 231 228 235 233 230 234 229 229 233 230 229 234 228 230 238 232 231 236 227 229 231 224 233 228
79 77 82 90 77 76 82 77 83 75 86 79 74 82 155 182 190 203 213 220 227 233 237 221 170 221 251 251 251 244 244 244 244 243 243 242 250 252 253 251 253 253 253 253 253 251 244 224 163 169 235 211 152 221 235 227 221 207 192 168 174 229 187 205 237 241 251 254 251 251 255 227 209 222 220 235 231 223 239 230 224 228 231 225 234 234 225 227 233 226 225 234 226 227 235 222 213 230 227 224 232 229 225 234 226 223 234 231 226 232 226 226 234 229 228 236 225 227 236 229 232 235 224 232 235 227 238 231
77 75 80 84 65 68 72 72 73 69 75 79 129 90 166 182 182 187 193 197 201 206 213 200 188 233 252 251 238 239 239 239 239 241 242 242 241 241 241 246 239 238 237 237 236 236 238 241 245 250 247 254 255 252 252 250 248 244 246 241 238 230 234 233 236 225 221 221 224 222 216 209 213 227 187 156 158 157 155 156 156 155 155 155 156 154 154 151 149 153 156 157 159 158 157 162 166 156 158 158 157 155 152 152 152 153 155 153 153 153 155 154 149 152 151 150 150 152 148 141 140 140 139 137 138 136 135 135
79 74 74 73 66 60 67 72 65 56 66 103 188 173 185 213 210 184 182 175 180 192 186 173 192 191 235 252 182 177 176 178 175 180 182 183 185 179 189 216 176 180 181 179 179 182 184 189 202 243 240 251 250 251 251 247 243 237 240 233 208 201 203 201 212 182 184 185 189 189 184 191 195 222 149 51 58 61 56 55 54 57 56 56 61 56 53 54 51 76 63 66 71 78 79 80 94 71 75 74 74 72 66 73 71 85 70 85 82 78 76 90 78 76 78 76 86 75 75 66 64 69 69 61 60 57 58 59
91 98 97 100 91 62 57 61 38 45 65 133 187 194 204 184 218 202 205 207 209 211 209 198 191 177 236 250 217 212 211 214 212 215 212 212 212 210 217 232 218 223 221 219 221 224 228 224 231 240 251 250 250 251 250 250 251 252 252 252 243 242 243 243 244 241 238 238 244 245 246 238 247 247 242 130 67 65 64 64 63 64 64 62 64 65 63 60 76 208 136 73 180 161 189 143 186 112 191 159 187 145 207 85 173 109 145 214 207 123 72 160 188 69 148 192 150 211 87 169 132 207 208 165 62 66 68 67
67 95 119 138 135 108 111 101 78 70 91 166 186 175 207 193 219 210 223 217 191 197 200 207 237 250 251 250 252 253 253 254 254 254 253 253 253 253 252 252 253 253 253 254 253 253 254 244 249 240 250 250 251 251 250 250 250 250 250 250 251 251 250 250 250 251 246 244 251 250 250 242 247 245 250 250 129 58 58 57 57 56 55 54 54 55 54 53 48 178 187 86 185 126 199 136 191 181 120 134 196 136 255 150 168 134 229 100 74 80 52 155 194 50 142 202 141 255 149 159 121 225 106 73 60 58 58 58
201 147 85 68 148 207 216 216 215 207 206 197 191 186 198 218 231 218 228 186 133 121 121 134 137 222 251 250 243 245 245 245 245 245 246 245 246 243 248 245 245 245 246 244 244 244 245 234 239 230 252 245 243 241 246 244 243 244 242 244 243 245 244 243 245 245 241 239 246 245 246 240 246 248 213 224 241 113 53 57 56 56 55 54 54 54 55 55 50 121 228 156 146 127 206 131 239 219 61 144 203 138 212 229 196 187 212 61 88 90 54 158 199 51 145 205 145 217 230 198 119 227 190 115 55 58 58 57
172 130 161 56 106 189 213 212 213 216 213 220 224 230 230 235 155 150 254 244 251 249 246 213 238 248 251 250 243 246 246 245 244 245 245 245 246 244 248 246 247 247 247 247 248 248 252 244 247 235 232 247 252 254 250 250 249 250 250 251 250 251 251 251 251 251 247 245 251 250 252 240 248 251 234 239 248 134 52 57 55 55 54 54 54 54 53 54 54 74 230 232 91 131 206 131 230 243 101 141 203 144 140 211 237 182 211 53 180 188 48 158 197 47 143 203 148 143 209 244 118 227 143 83 56 59 58 55
100 144 146 71 45 129 162 169 174 176 180 189 206 219 217 194 194 210 223 212 229 231 239 197 227 243 249 249 251 250 248 251 251 252 252 252 251 252 251 251 251 251 251 251 252 250 220 201 224 220 221 201 194 163 193 176 191 252 251 251 251 251 251 251 251 251 247 246 252 251 251 240 248 250 242 240 231 107 51 56 54 53 54 53 54 54 53 54 57 54 194 223 57 136 211 137 199 197 188 140 205 147 129 124 245 125 231 109 183 188 46 160 211 104 173 199 149 133 119 247 120 231 131 119 75 57 60 57
123 103 127 120 59 123 187 185 182 179 197 206 211 219 220 215 215 223 218 215 208 214 218 240 241 243 244 245 245 245 247 250 250 250 251 251 251 251 251 251 251 251 251 251 251 251 217 208 208 209 212 180 155 99 148 121 203 255 251 251 251 251 251 251 251 251 246 247 251 251 251 233 245 250 242 242 229 73 37 41 42 43 45 45 43 43 45 46 49 45 113 136 44 115 166 122 164 98 180 144 160 127 117 51 163 73 116 195 187 120 39 129 196 183 152 161 128 118 50 164 104 185 197 183 60 47 52 51
60 53 65 66 51 104 196 213 215 215 218 216 219 222 229 238 231 227 230 237 237 239 241 241 242 243 244 244 245 246 248 250 249 250 250 251 251 251 251 251 251 251 251 251 251 253 235 230 217 214 207 186 148 130 135 103 218 255 251 251 251 251 251 251 251 251 246 247 250 250 251 233 246 250 241 243 223 73 65 82 97 103 115 125 142 159 159 160 160 161 157 158 161 159 158 159 156 158 152 155 156 156 157 155 152 156 151 157 153 145 150 149 140 138 147 153 151 151 153 153 154 153 151 150 149 149 148 148
63 62 67 60 60 78 175 213 209 207 220 225 222 227 172 131 199 230 230 236 236 238 241 240 241 243 244 246 247 247 247 248 250 250 251 251 251 251 251 251 251 251 251 251 251 252 229 215 192 210 202 179 143 146 100 160 161 254 251 251 251 251 251 251 251 252 241 237 251 250 252 231 244 249 241 241 205 31 23 29 36 41 47 52 60 69 72 75 79 79 80 84 86 89 87 90 129 88 86 85 87 89 102 109 107 98 95 89 90 96 105 103 101 93 100 96 93 98 90 87 88 86 87 89 89 90 90 90
72 72 71 73 70 61 142 211 207 208 214 222 222 228 152 127 204 229 231 234 236 236 239 241 241 244 245 246 247 248 249 249 250 250 251 251 251 251 251 251 251 251 251 251 250 252 226 207 223 202 173 106 153 188 140 210 180 242 252 251 251 251 252 252 252 252 242 242 253 252 255 232 248 255 251 248 192 59 62 61 62 62 64 65 67 68 69 70 70 85 104 105 85 98 100 100 128 102 98 90 100 96 100 100 105 95 98 84 90 85 80 97 95 77 90 92 88 89 85 92 80 94 85 78 64 63 60 61
73 74 73 74 76 68 103 207 207 204 212 221 221 221 235 234 228 228 231 234 235 237 240 238 243 245 245 246 247 248 250 249 251 251 251 251 251 251 251 251 251 251 251 251 251 251 247 245 252 247 247 247 253 255 255 255 255 255 255 255 255 254 252 250 248 246 240 237 239 235 218 206 215 209 176 136 118 124 123 119 117 118 122 125 124 128 120 120 124 132 138 135 132 135 136 139 148 143 133 126 141 132 135 135 133 130 133 125 127 122 113 128 130 118 126 131 125 125 122 131 123 134 124 113 103 99 102 101
88 86 84 83 88 86 82 193 219 212 216 221 223 222 221 221 227 232 236 237 239 243 245 241 243 246 248 249 250 250 252 254 255 255 255 255 255 255 255 255 255 255 253 253 253 250 247 241 241 237 232 226 220 221 208 203 188 192 179 171 167 170 163 136 129 118 122 106 95 92 73 127 99 58 43 126 118 118 124 113 118 118 114 121 120 119 122 119 119 122 126 130 128 122 136 126 134 123 128 114 130 131 137 120 125 121 122 119 129 126 115 127 143 120 128 138 134 143 134 151 139 161 147 139 123 124 122 115
82 80 81 82 82 83 76 148 216 209 213 211 212 222 221 224 224 229 234 234 237 243 242 240 239 243 247 247 244 239 228 221 215 207 198 188 180 178 196 192 177 159 154 151 140 141 134 137 141 113 144 120 104 110 98 105 80 86 75 72 68 79 79 68 74 68 84 79 58 60 71 101 53 37 65 125 106 118 118 109 114 124 124 134 137 133 139 138 139 152 164 158 152 153 170 153 146 176 161 150 163 158 169 161 165 158 167 149 153 143 132 152 155 138 152 162 146 151 149 153 143 149 141 132 129 132 129 131
83 80 81 85 81 78 77 62 73 64 66 67 68 75 69 70 73 72 73 75 79 82 78 77 76 86 106 88 83 80 57 60 59 71 84 88 104 106 100 115 91 103 129 112 99 110 104 96 76 85 130 109 87 95 101 101 93 94 90 91 88 87 86 87 90 88 104 110 109 111 168 170 145 146 150 144 149 136 132 129 127 131 132 130 134 132 133 124 128 124 129 129 129 135 135 94 90 136 126 125 118 125 115 112 109 107 106 104 108 106 106 107 108 106 112 117 118 119 123 125 123 123 120 116 118 125 125 124
78 76 70 74 76 64 64 55 58 53 49 49 44 39 30 26 23 20 20 20 20 20 21 21 22 23 26 23 27 31 38 42 50 63 64 69 75 74 77 84 74 86 103 91 95 106 96 97 102 114 116 112 105 111 111 124 129 140 144 149 157 169 172 172 185 191 198 193 185 205 223 215 175 164 152 130 119 108 96 101 99 100 99 97 98 103 102 100 104 100 102 103 84 80 98 98 106 101 102 102 100 96 98 94 94 99 98 98 99 100 94 96 102 102 103 116 114 105 115 114 105 103 102 99 100 100 104 103
75 72 76 72 72 76 68 66 55 54 50 51 49 38 31 28 23 18 16 17 16 18 17 20 22 22 26 30 31 37 41 50 56 66 71 77 83 87 97 111 118 120 130 134 136 144 141 143 149 154 156 150 151 153 152 147 159 173 172 163 157 156 155 145 153 177 192 153 139 160 146 127 130 124 114 109 103 92 94 94 99 94 91 95 93 94 90 92 94 93 88 113 103 94 155 154 144 144 124 133 136 86 92 87 90 87 82 86 86 79 83 74 82 104 115 115 111 99 84 83 86 88 78 83 88 93 95 92
80 81 82 79 82 86 79 74 67 59 59 59 55 50 53 57 54 52 56 64 73 77 86 93 103 116 119 129 128 139 145 155 163 168 174 173 177 175 177 180 186 185 168 167 167 165 159 142 143 150 147 148 148 137 135 141 143 140 142 142 137 137 138 148 127 144 151 155 139 197 178 139 124 119 131 119 108 96 96 92 87 85 86 83 89 88 84 87 81 84 97 129 168 175 187 201 211 222 219 224 174 73 80 81 86 85 80 82 88 82 81 81 77 70 79 90 92 78 71 78 91 87 83 86 85 86 84 88
81 83 81 79 78 76 80 100 112 110 117 124 128 131 128 129 134 143 149 150 151 159 152 150 163 172 175 179 177 178 175 175 177 177 180 179 179 180 174 165 177 189 148 152 157 154 158 147 149 148 155 149 138 136 138 137 135 141 137 134 129 121 122 125 103 133 211 212 242 194 169 195 194 195 170 125 97 87 85 93 89 83 83 88 84 87 87 94 89 89 102 124 151 182 203 209 206 205 209 206 119 85 82 82 80 82 78 82 82 77 79 80 80 83 85 84 83 81 77 76 79 76 73 70 74 75 81 75
85 85 79 81 81 80 94 115 129 122 122 130 124 131 129 123 125 126 122 128 135 129 133 139 141 154 164 168 170 168 162 164 162 167 159 171 161 161 162 170 148 155 157 152 154 142 139 132 122 130 128 129 122 117 117 116 118 117 117 120 114 116 109 112 94 69 199 221 219 217 220 220 219 217 198 117 108 97 98 94 94 100 104 98 97 99 100 96 102 97 94 84 95 102 108 113 107 116 116 109 109 85 77 67 73 79 80 79 87 83 71 79 74 79 78 77 69 75 79 72 74 77 75 77 76 76 74 75
85 79 78 73 69 73 83 96 103 96 101 98 96 101 114 104 107 111 115 120 132 130 123 123 129 150 159 165 167 158 154 159 156 156 148 149 151 139 140 148 113 125 143 132 133 126 138 130 129 129 128 123 124 122 117 123 120 111 119 111 106 107 111 110 102 62 147 221 234 237 238 234 225 204 159 93 92 90 90 81 76 82 83 82 84 83 88 88 88 87 86 83 80 71 76 72 85 83 74 74 77 78 79 73 80 75 79 80 71 73 74 74 70 81 73 73 73 77 81 77 78 73 71 72 78 75 70 73
77 79 78 72 72 79 90 94 91 97 100 96 100 104 101 105 106 111 115 118 112 111 110 119 136 143 151 159 165 140 142 147 139 134 152 147 126 113 125 126 152 166 129 135 112 126 129 119 126 121 119 116 106 113 100 103 101 107 110 103 100 99 99 100 99 66 63 107 138 158 161 154 132 108 97 87 85 72 73 83 78 78 73 74 77 78 78 78 74 81 75 71 76 72 81 81 78 83 78 73 75 77 75 72 74 74 75 78 74 76 77 75 78 81 80 77 78 80 80 83 72 79 79 76 81 84 83 86
85 84 78 72 70 83 83 90 95 95 98 96 93 97 88 96 90 92 93 106 115 112 112 114 118 127 136 123 136 144 131 142 139 118 128 130 124 110 104 112 146 158 108 113 112 114 106 112 111 105 101 112 114 108 103 109 119 110 102 105 110 117 105 102 88 82 120 128 125 120 110 108 96 84 80 87 78 72 78 83 75 75 75 76 78 80 79 79 75 80 76 72 78 74 87 81 70 79 80 73 74 78 77 75 76 78 77 76 73 74 79 78 74 72 80 74 77 74 79 81 75 73 71 71 69 76 74 73
122 119 114 112 114 116 114 113 111 111 111 115 112 109 100 104 97 95 102 97 103 109 112 123 103 114 114 127 135 132 128 131 118 117 129 119 113 110 118 111 141 156 107 117 118 114 119 116 115 114 112 113 103 105 110 104 110 112 98 112 102 100 103 95 90 88 89 89 90 96 89 87 85 86 84 86 83 80 80 76 74 76 75 71 81 73 77 75 76 75 72 73 76 83 79 76 80 79 77 76 83 86 80 76 73 84 76 71 71 74 76 70 74 75 81 70 63 70 76 74 73 75 79 74 73 73 72 70
122 122 123 126 131 127 129 129 129 129 127 126 123 123 125 123 124 123 122 121 122 121 119 119 118 116 122 119 126 131 133 136 126 133 141 135 121 121 134 130 138 142 125 122 116 118 135 121 106 99 105 95 93 90 92 88 81 84 84 88 81 84 86 82 81 82 78 81 78 77 79 83 83 91 87 87 87 82 74 76 77 79 79 83 78 77 76 81 80 75 73 74 77 87 93 86 82 78 86 77 83 78 78 78 77 75 78 79 77 76 78 79 81 83 80 76 77 82 80 70 78 78 82 81 80 80 84 76
106 106 106 101 86 90 96 97 101 116 113 116 118 118 121 121 121 121 120 121 126 123 123 125 126 127 127 127 130 136 139 127 124 120 118 119 123 120 122 120 121 119 121 120 114 118 117 115 114 110 107 107 106 108 102 100 97 92 95 92 74 76 83 88 87 78 83 78 75 81 78 78 83 78 71 76 84 80 78 79 81 82 76 85 87 82 81 88 83 86 86 86 86 87 89 85 79 91 89 94 93 94 97 92 87 91 91 96 93 75 93 96 85 81 81 82 76 80 71 68 73 76 79 76 80 79 78 81
42 52 54 50 31 32 37 40 39 32 35 39 42 45 59 83 91 93 93 97 112 113 114 116 116 124 123 121 126 130 132 136 135 138 137 138 142 135 130 130 130 130 128 126 124 127 125 122 119 119 124 124 124 123 122 122 126 132 128 126 123 119 118 120 118 117 116 113 114 108 105 104 99 96 96 89 95 98 88 86 85 92 79 76 79 81 77 95 94 98 92 85 103 100 96 90 99 107 99 97 95 86 87 89 84 85 87 79 73 76 80 77 73 74 77 78 79 79 72 75 77 75 80 72 76 74 78 73
43 61 67 78 57 32 64 67 62 64 47 68 52 58 53 40 26 49 65 59 51 52 60 63 62 64 70 78 79 80 84 91 103 107 109 121 124 120 123 123 127 128 131 131 134 142 144 144 144 129 139 142 142 141 141 129 126 125 124 126 129 131 130 128 128 131 129 128 125 126 125 120 117 114 116 116 121 118 121 118 112 108 107 101 100 104 100 97 95 104 105 95 101 96 91 83 88 87 91 83 70 68 81 86 72 72 73 73 71 80 78 77 74 76 75 78 76 71 78 78 70 73 75 76 73 74 70 74
45 61 64 79 67 46 71 63 68 95 55 80 66 69 79 69 34 75 79 85 88 74 93 97 52 57 70 100 83 75 57 66 64 74 70 41 53 55 62 67 66 68 73 80 88 93 99 108 106 101 112 119 120 127 126 108 112 116 117 118 120 126 122 123 125 127 123 118 103 94 93 109 120 123 120 105 103 102 100 99 94 88 86 83 85 88 86 82 82 85 89 92 94 103 110 117 117 114 114 114 113 113 116 113 110 106 102 101 96 96 93 88 83 79 78 75 75 75 80 68 65 71 66 71 74 72 73 70
49 73 72 78 94 56 71 79 87 106 74 91 87 79 86 92 55 72 81 95 102 92 93 93 51 71 90 102 109 109 79 99 96 110 115 44 74 74 70 75 68 46 80 78 83 87 46 41 70 58 73 62 63 66 69 65 64 65 61 66 67 70 73 76 80 81 86 89 83 73 82 100 110 110 101 90 89 84 66 54 49 45 50 55 61 63 72 91 82 66 67 74 76 75 75 71 82 96 106 115 116 114 119 122 124 124 126 126 126 128 128 128 125 123 121 119 123 127 123 118 116 116 115 110 106 104 97 91
40 61 64 76 119 98 93 97 90 107 68 82 84 77 82 139 79 83 88 89 92 72 87 94 62 74 124 100 87 106 85 105 113 123 115 62 79 99 75 71 76 59 91 101 98 86 47 41 100 77 87 91 76 71 92 93 98 68 38 75 79 75 63 75 55 70 68 65 63 56 42 59 64 64 53 50 53 51 45 44 42 43 45 48 47 47 56 66 62 47 45 44 43 46 52 66 95 120 125 126 126 133 135 145 151 147 148 151 148 133 128 130 129 130 131 131 134 131 135 136 134 132 135 134 130 134 134 135
43 60 62 63 120 86 56 64 62 104 52 76 69 74 80 143 82 83 80 84 91 61 75 82 50 75 149 88 90 111 96 106 108 91 80 29 61 128 97 86 85 62 97 90 79 82 38 47 97 94 82 81 76 60 80 96 87 78 46 86 89 98 77 88 68 82 84 85 82 79 29 72 80 79 63 7 16 68 68 58 63 54 34 36 54 46 50 45 39 46 40 41 39 42 47 54 67 76 82 84 89 96 106 116 121 124 129 139 133 117 117 119 118 120 122 123 130 125 126 127 128 128 130 132 137 130 132 134
62 82 70 74 111 84 62 67 47 101 45 66 52 47 72 136 46 51 53 75 80 46 64 72 55 85 155 111 118 116 85 104 96 107 100 29 62 145 98 93 87 52 95 90 78 82 38 46 89 131 81 78 65 62 89 96 89 84 49 92 91 110 94 85 69 80 72 78 71 65 34 79 75 81 75 17 23 85 83 81 67 61 38 50 74 68 62 56 47 62 53 70 71 69 72 41 27 45 66 62 55 59 47 50 50 61 64 65 66 56 59 67 69 67 70 73 74 80 83 88 90 95 99 102 107 109 110 111
104 107 99 98 121 100 87 86 85 112 70 98 84 76 82 141 76 76 78 86 94 79 84 86 67 86 139 66 63 59 49 86 61 67 59 25 49 141 75 62 68 62 94 92 83 98 43 46 101 146 91 92 76 65 76 101 96 81 47 93 88 115 109 87 72 91 70 85 81 67 46 85 71 75 84 80 53 73 65 75 68 68 36 37 52 58 65 55 51 55 47 65 68 65 87 48 37 56 68 58 55 93 70 52 65 76 68 60 72 57 23 57 58 52 49 47 59 37 45 43 53 48 47 38 45 46 49 51
78 102 102 97 107 118 112 113 107 130 113 116 110 103 114 139 103 102 115 113 120 99 101 101 61 75 152 104 117 109 68 100 97 90 75 32 47 141 70 52 44 29 66 67 44 52 28 31 80 138 56 64 59 59 78 97 82 90 48 98 93 98 113 84 74 93 75 86 82 65 33 78 86 79 79 77 48 73 68 64 63 65 38 43 73 72 70 60 56 56 46 68 75 75 93 48 30 52 76 68 62 100 77 48 61 70 63 60 67 67 27 64 65 70 71 72 91 48 67 66 77 66 62 38 66 64 68 64
57 76 66 75 98 93 74 81 83 91 70 99 100 85 76 129 115 119 111 122 112 106 120 133 119 124 147 123 118 122 105 127 123 104 104 52 63 144 84 68 59 47 86 78 56 59 32 58 98 143 62 62 55 49 60 76 58 55 41 59 65 78 80 56 50 56 57 79 75 63 35 77 85 71 56 61 47 67 71 66 65 72 37 45 83 83 94 65 61 66 51 67 76 72 95 51 36 43 69 66 75 107 96 44 58 68 70 72 83 68 28 70 69 70 66 63 96 49 62 61 66 60 57 41 71 63 70 66
57 77 81 85 80 71 71 81 86 115 76 100 115 96 77 108 93 95 86 87 84 75 84 97 59 48 139 123 100 93 76 102 122 126 125 106 115 142 121 113 113 108 122 105 84 80 59 64 96 142 73 78 68 73 92 96 95 78 40 93 86 77 71 53 39 54 56 73 62 55 26 41 46 57 49 39 35 44 34 38 47 51 29 43 70 84 95 65 58 60 55 78 84 79 92 48 37 59 82 78 73 106 124 45 53 63 67 63 80 65 25 61 63 62 65 64 102 72 64 66 71 71 73 44 74 70 75 69
41 79 79 76 90 62 89 97 101 118 81 101 76 59 77 95 80 89 104 105 102 68 78 99 56 58 107 93 96 82 63 77 84 82 77 31 36 107 93 80 82 75 105 108 126 120 96 117 132 141 123 127 122 126 127 128 120 114 87 106 98 92 95 83 67 78 73 79 87 72 30 75 83 84 50 57 42 62 76 62 54 46 28 41 50 42 47 53 34 20 31 39 42 44 76 38 25 49 73 83 65 100 119 37 45 59 65 71 87 71 35 79 80 83 75 72 115 94 67 68 72 76 77 47 78 75 71 70
32 62 72 69 121 102 71 61 66 110 54 79 88 63 80 121 92 96 84 82 108 79 75 96 49 66 107 76 80 91 71 99 121 98 100 38 54 106 94 84 77 65 87 76 69 66 26 56 91 116 89 81 58 78 94 97 107 102 76 110 105 97 105 106 101 100 98 103 105 86 52 51 47 46 49 49 41 55 63 77 65 59 37 48 84 78 81 70 65 57 50 72 73 60 74 41 30 35 47 46 40 96 116 32 38 45 39 45 68 68 29 63 63 69 67 76 115 95 81 82 72 85 90 47 79 67 76 77
59 58 48 36 113 77 18 22 25 100 27 30 27 19 62 132 51 50 54 69 90 61 77 91 57 67 127 100 104 116 73 97 110 85 94 33 58 111 111 89 69 57 90 79 60 63 44 48 88 101 70 80 69 81 98 85 85 65 20 84 83 61 77 73 54 69 57 55 49 53 38 38 27 34 43 32 36 37 39 40 45 40 42 54 61 60 73 83 95 80 70 73 80 80 89 50 28 50 77 79 69 107 131 55 63 74 82 82 76 61 23 45 36 42 44 44 109 82 38 42 47 47 50 39 67 42 68 68
44 35 29 26 106 75 14 19 25 101 17 16 17 9 59 137 23 20 22 31 66 16 22 43 28 68 129 40 52 66 49 93 88 98 97 31 53 127 69 59 59 46 81 87 82 66 31 50 91 108 80 80 69 64 93 114 103 85 28 91 93 83 79 82 57 86 85 63 82 62 39 57 11 24 33 12 11 12 17 15 28 25 26 53 62 68 71 78 107 104 98 100 102 101 106 95 96 102 108 114 112 131 137 80 93 99 90 83 90 70 28 62 57 62 68 73 112 94 64 61 65 58 51 37 68 54 52 54
162 154 140 119 117 105 87 79 62 103 45 40 35 23 62 129 34 33 26 34 65 12 16 29 23 70 131 23 28 26 21 64 22 30 25 9 35 137 65 39 39 33 71 89 65 55 25 42 90 130 101 100 74 88 110 104 87 81 27 79 91 99 97 90 68 120 112 63 86 74 38 80 12 22 36 16 10 12 18 12 29 26 14 57 101 108 102 75 98 65 70 94 87 78 80 59 50 77 99 96 103 107 128 107 121 119 119 120 130 128 114 120 113 110 109 104 131 112 97 95 87 83 85 55 70 70 69 80
122 130 142 134 121 137 149 156 154 156 156 158 152 141 127 134 119 107 92 85 87 61 52 46 35 72 123 32 35 32 25 65 26 31 27 12 30 139 47 15 16 16 43 47 21 23 13 17 63 139 49 36 30 46 72 84 70 74 24 65 67 113 76 63 60 86 78 53 70 61 34 87 22 20 40 21 14 13 16 9 28 23 19 60 84 92 93 90 85 75 64 77 82 78 91 59 37 56 77 76 85 81 110 47 70 72 69 73 71 63 54 92 97 104 107 103 119 121 118 124 123 125 123 119 124 110 108 109
56 63 71 57 56 74 97 93 85 76 87 94 96 95 105 126 138 147 155 158 158 164 166 161 154 146 144 127 112 97 80 83 64 56 50 32 41 129 52 29 28 22 51 52 24 23 16 21 61 141 40 33 26 24 50 62 28 29 13 33 47 123 75 40 37 53 47 40 49 44 29 64 27 23 40 21 13 17 20 15 31 22 15 53 75 76 88 91 103 87 71 100 102 104 96 54 47 60 89 93 88 100 100 62 83 92 88 87 84 66 40 91 92 94 88 85 85 89 70 70 72 77 83 53 69 85 91 97
79 73 75 65 50 54 58 54 52 48 51 54 56 48 46 56 66 74 82 89 77 66 74 89 95 105 122 134 144 151 157 157 162 163 163 158 143 136 117 109 96 80 83 76 54 48 37 34 64 132 46 40 33 31 55 65 31 29 16 31 43 128 68 26 23 33 27 34 30 26 16 36 20 21 40 20 17 16 18 10 28 24 14 54 98 104 98 99 103 84 79 102 97 88 85 45 38 58 75 78 80 98 99 59 63 75 89 77 85 75 41 88 82 93 77 85 103 70 74 80 69 68 69 41 63 71 73 77
77 81 96 90 74 100 145 132 121 100 94 88 84 69 56 52 51 50 47 45 44 48 52 49 42 50 59 67 73 80 87 89 102 106 116 116 109 133 141 151 157 162 161 163 166 161 155 144 137 139 119 112 99 86 89 86 64 54 37 39 45 125 71 33 30 39 26 31 26 24 15 30 18 21 41 17 10 10 12 9 28 23 11 16 31 38 36 84 93 44 56 67 55 43 73 34 24 49 79 100 99 104 113 62 72 80 78 66 76 67 23 61 81 87 78 79 97 69 85 87 75 72 72 50 79 81 85 74
107 105 90 67 73 84 86 74 69 64 71 77 86 80 70 72 83 95 98 92 80 80 93 107 85 65 56 54 52 49 45 45 49 52 59 57 51 67 70 78 83 86 92 87 88 95 101 105 110 140 139 149 157 163 166 169 170 168 161 153 143 141 115 83 63 52 36 34 20 15 12 10 7 16 38 21 16 19 16 10 30 24 13 14 30 31 32 86 86 25 24 23 21 18 62 19 10 15 25 35 35 92 111 30 59 69 60 73 83 57 24 68 72 67 63 82 105 83 91 84 68 67 70 44 64 47 46 50
96 80 129 59 67 160 100 75 31 59 87 88 87 74 79 70 70 81 78 72 59 53 55 62 73 78 79 90 101 102 88 84 84 75 76 66 56 51 48 47 46 44 45 47 49 53 56 50 51 74 64 70 73 74 78 91 92 104 114 119 114 127 123 117 122 127 119 112 115 104 87 81 81 70 62 51 44 37 28 22 39 39 27 26 36 41 35 87 84 29 32 34 27 22 67 20 11 17 22 21 17 87 101 9 15 16 16 14 40 46 9 21 25 30 41 54 103 85 80 80 79 73 80 45 74 73 67 62
135 119 150 134 70 152 84 78 31 67 106 103 90 94 101 97 99 98 96 104 89 93 107 91 107 87 70 72 80 74 72 69 80 79 90 85 80 82 83 92 96 84 75 72 67 64 57 52 46 45 48 48 48 48 49 50 54 58 62 63 52 61 55 53 55 52 52 57 63 64 69 80 92 88 86 102 115 117 109 116 133 141 137 132 116 94 84 93 83 59 52 51 44 39 70 32 20 27 32 29 26 92 109 16 24 25 23 20 46 46 9 15 16 16 15 16 105 61 13 22 24 24 25 30 59 30 32 41
115 109 149 138 77 152 99 80 35 67 109 91 94 107 108 102 91 96 86 109 94 93 98 76 82 85 92 129 128 128 121 112 102 127 126 113 98 79 79 67 58 56 56 57 66 76 80 77 75 88 77 83 82 78 76 76 71 68 64 59 51 45 49 48 47 48 48 46 47 45 47 48 47 40 42 49 51 49 53 63 80 91 96 107 109 106 98 102 119 140 150 138 124 124 120 119 109 112 109 97 83 104 100 54 50 44 39 33 49 48 11 25 25 25 24 25 107 67 21 23 20 19 14 26 53 9 15 12
99 94 140 130 64 145 95 70 36 62 89 80 78 81 90 97 91 94 93 103 90 92 106 91 96 95 98 109 113 104 105 122 110 105 118 101 86 73 73 67 57 68 54 12 10 9 17 23 23 50 80 70 64 62 66 72 77 83 86 84 74 72 77 73 69 66 62 61 55 53 54 52 49 47 45 48 49 47 47 49 52 55 57 58 51 49 47 56 64 71 71 69 74 80 90 92 91 111 136 154 164 162 168 171 166 163 150 134 119 108 98 91 81 69 55 47 100 67 33 33 30 28 24 28 56 19 25 21
72 72 99 123 70 142 87 64 38 69 95 92 87 89 101 94 96 90 95 101 91 83 88 79 92 81 73 81 102 100 105 117 98 91 96 99 102 97 102 94 108 119 113 81 77 66 32 7 4 62 113 94 91 86 81 67 59 58 74 81 77 67 66 63 59 60 61 61 62 64 73 73 66 62 71 70 68 66 66 63 58 55 52 49 47 46 44 39 44 47 49 49 52 54 54 53 58 76 92 94 70 71 91 100 108 118 127 133 136 147 156 163 167 168 166 161 161 162 151 140 127 112 99 86 84 64 57 49
77 94 96 111 114 128 78 76 40 76 97 86 82 83 84 76 73 75 89 81 84 79 98 89 111 114 88 105 109 113 102 109 90 91 93 80 80 87 117 109 105 112 106 114 120 149 63 6 6 69 131 121 115 122 121 101 102 91 100 112 107 116 108 113 116 112 88 85 81 57 52 55 55 48 53 65 64 70 75 72 74 77 77 73 63 59 60 59 61 62 53 51 50 48 44 46 45 43 43 44 40 44 50 56 58 65 69 74 74 79 84 92 97 96 99 87 99 116 129 137 146 153 158 161 162 169 168 167
77 104 106 104 100 89 76 73 31 78 118 102 104 91 80 91 90 98 104 100 85 88 90 111 104 110 127 116 106 118 121 118 122 125 98 80 90 88 141 131 111 107 109 109 130 127 47 8 9 44 85 82 78 76 90 79 105 112 103 100 81 89 85 92 95 96 92 101 115 111 104 93 86 95 109 96 75 62 65 79 77 59 50 49 49 45 43 48 53 56 52 52 59 60 57 63 70 79 81 74 66 54 52 52 49 47 43 40 38 42 46 50 55 59 61 52 63 69 78 86 92 93 92 85 86 87 95 105
91 98 111 112 107 107 123 129 91 64 86 92 97 88 94 89 104 103 104 113 110 105 107 102 101 97 96 91 103 99 83 73 84 104 84 95 104 102 95 97 116 103 97 87 102 107 48 9 8 63 108 102 115 97 104 101 98 86 82 82 73 82 76 87 91 77 84 87 102 112 132 132 115 108 118 106 93 100 88 93 94 97 87 86 83 72 67 78 76 71 74 75 60 51 44 43 49 61 68 67 66 65 72 80 86 88 85 83 78 73 68 63 58 53 48 44 35 37 38 38 39 42 43 43 48 53 60 67
92 110 133 119 114 122 143 147 153 92 96 95 90 78 81 74 70 83 95 90 95 89 96 84 90 94 109 115 104 98 115 112 100 108 108 115 119 109 91 97 90 79 73 100 102 108 53 10 9 64 114 93 86 95 101 107 111 99 95 105 103 103 92 99 109 115 132 112 89 97 96 97 97 107 119 103 93 110 88 86 88 96 93 97 97 106 119 100 83 83 93 82 80 91 87 77 76 80 62 68 59 57 54 57 57 57 58 56 58 66 75 82 86 87 88 82 78 75 79 78 78 75 67 56 52 47 45 41
69 76 84 110 115 157 146 120 78 69 94 101 102 93 97 91 81 77 81 94 97 92 90 88 98 128 129 142 137 152 146 137 131 115 112 114 113 107 115 100 106 102 97 99 94 91 44 12 11 48 88 86 88 81 75 98 102 90 82 71 71 86 79 73 78 76 74 81 84 86 66 67 66 70 77 81 73 91 90 97 91 80 91 100 90 94 106 102 97 97 110 108 105 95 89 90 88 84 90 91 90 95 81 93 91 88 85 70 17 5 9 15 21 25 33 43 43 41 49 57 65 72 72 70 81 85 89 93
45 43 41 42 46 51 50 52 48 53 66 70 66 73 81 82 74 79 87 86 98 107 111 108 109 111 99 98 109 100 73 68 88 111 120 119 109 94 105 116 120 121 107 114 110 96 53 12 15 55 86 94 112 109 115 123 121 105 110 112 100 98 112 98 96 89 87 98 93 95 105 105 102 84 95 97 95 101 84 73 73 61 66 71 65 70 91 78 70 71 59 63 69 64 74 76 67 81 91 98 90 99 94 91 85 93 78 81 67 53 51 15 8 6 33 82 92 89 75 64 57 56 49 49 44 43 47 50
51 50 50 49 48 48 51 51 51 41 65 96 87 86 82 89 93 82 82 74 74 83 85 93 102 103 114 113 114 104 114 119 131 123 118 117 106 98 115 123 108 97 74 75 86 87 48 18 18 68 104 94 95 102 86 78 83 78 79 71 73 80 78 79 79 83 83 81 73 74 74 79 84 77 76 86 92 92 101 88 85 98 110 123 97 95 102 89 94 98 82 96 94 82 97 99 93 108 112 100 99 103 84 92 86 96 93 95 93 91 90 26 9 8 39 94 91 106 100 103 96 98 77 89 80 65 74 76
50 49 51 52 50 45 51 50 47 38 61 84 76 74 80 88 95 85 84 98 99 89 74 68 62 48 43 48 64 56 60 76 80 82 82 87 83 72 63 77 78 75 74 77 84 98 55 16 15 66 115 124 121 130 117 89 100 109 109 115 103 93 85 99 90 105 105 106 115 123 121 106 111 87 105 111 96 104 116 98 86 87 80 74 74 67 72 85 88 90 87 97 104 81 90 98 90 101 99 90 89 77 74 72 81 79 75 80 81 71 72 21 8 7 28 70 68 86 80 77 73 75 68 77 87 80 74 70
88 85 84 91 99 90 90 89 93 98 116 132 124 111 112 117 119 120 123 132 139 119 96 85 84 84 92 91 92 91 87 88 100 105 98 142 151 143 144 150 139 128 136 135 129 128 102 79 79 110 125 123 120 119 125 117 103 95 95 104 109 109 119 136 130 130 116 115 109 108 108 106 106 106 108 99 95 94 91 92 102 98 103 99 108 117 114 104 109 113 107 96 98 107 115 116 115 100 104 98 98 105 109 94 103 86 95 107 112 93 112 66 49 46 68 105 89 89 90 97 99 106 106 105 106 96 89 86
216 208 211 214 223 208 194 191 217 230 224 219 222 221 225 215 205 210 212 194 210 217 207 203 202 199 216 214 215 217 221 216 224 222 218 218 216 206 207 212 209 204 205 215 209 208 213 217 218 213 207 206 208 200 212 213 209 217 219 223 222 216 220 215 212 213 212 213 220 221 222 212 211 181 221 218 215 216 205 210 208 207 206 206 211 218 224 226 226 234 121 155 228 221 220 220 220 212 208 215 217 221 225 214 217 204 213 218 210 216 219 221 217 214 216 212 206 216 212 212 211 192 197 207 201 193 195 206
104 102 96 91 96 99 91 161 154 94 105 112 111 103 98 111 106 103 118 79 75 82 104 126 126 130 136 126 131 147 93 89 90 91 103 118 130 125 120 111 112 122 113 119 109 109 95 83 85 101 113 114 141 168 108 108 108 117 126 111 110 109 106 106 100 102 101 101 104 104 99 99 101 97 100 98 100 108 119 114 119 120 119 116 117 118 113 111 109 115 64 94 117 123 124 132 123 121 166 114 112 115 116 117 113 112 112 110 111 114 111 101 99 100 104 117 121 114 115 115 115 112 117 116 105 111 114 121
68 58 23 5 25 47 52 166 133 38 69 90 85 88 87 111 110 95 124 47 5 60 102 117 123 131 126 171 189 190 65 43 42 29 67 104 111 107 102 104 92 96 90 101 81 88 51 21 25 50 78 89 131 174 99 89 87 91 93 89 90 79 72 74 69 71 68 63 67 65 76 75 76 74 67 72 75 80 82 68 72 85 75 70 73 65 58 61 71 71 73 80 78 82 92 96 90 95 173 101 94 99 73 78 88 71 56 70 71 78 81 24 9 8 33 75 78 106 108 98 90 84 96 93 74 71 60 68
170 164 68 4 61 97 58 160 126 44 61 76 75 71 74 103 85 85 125 50 82 106 104 90 71 89 98 184 176 151 39 30 29 33 54 78 71 91 74 80 77 78 75 73 88 101 57 26 29 54 84 80 124 168 60 60 70 79 91 94 91 92 94 114 108 93 99 89 88 88 108 108 107 110 103 107 103 92 88 77 83 88 90 86 76 98 97 94 92 93 82 94 86 81 92 81 71 80 176 82 68 61 51 51 63 66 67 72 74 75 78 25 12 11 37 86 78 82 83 94 95 82 89 87 83 88 77 71
172 183 79 0 94 182 65 159 126 44 77 103 104 97 90 113 90 71 116 117 132 78 47 76 14 23 34 164 69 47 31 40 17 32 66 96 96 113 86 95 81 88 98 88 81 90 57 32 27 71 110 81 121 174 88 79 84 85 79 79 79 80 86 74 65 58 61 62 63 64 61 56 64 70 73 83 87 84 90 85 86 84 81 80 85 79 77 67 73 71 82 86 85 92 101 100 109 101 178 110 100 98 97 95 95 102 88 77 87 85 73 22 12 11 25 58 72 79 79 70 80 86 88 96 99 91 81 75
174 176 114 55 106 201 98 162 128 36 50 62 75 81 86 109 111 106 127 129 75 10 45 85 23 37 49 147 48 19 26 49 27 33 68 104 108 104 71 74 85 80 81 86 94 100 72 109 41 55 84 74 121 172 86 84 91 84 75 85 78 69 83 92 85 73 71 69 73 79 83 85 89 86 72 60 64 67 66 56 61 72 70 64 65 81 84 84 85 109 112 100 95 87 86 96 96 87 175 100 82 81 91 88 93 88 88 87 82 89 90 27 12 10 41 85 91 87 81 78 83 74 73 73 77 80 72 71
172 170 164 162 161 201 137 154 121 28 50 49 51 54 46 51 59 57 104 57 15 11 45 88 26 84 132 163 57 30 51 83 33 24 58 79 84 102 82 85 94 96 115 94 69 74 63 138 104 49 82 80 125 171 80 79 81 96 103 108 115 102 85 80 104 103 104 115 105 112 111 117 113 94 92 97 95 91 92 96 95 104 112 107 89 88 97 87 88 87 76 81 84 69 57 56 62 72 175 83 68 68 73 81 77 87 80 91 82 76 99 31 12 12 40 86 75 71 73 71 66 66 70 75 82 75 83 85
171 170 160 159 162 199 183 154 120 40 45 38 42 47 49 46 50 47 100 86 26 8 56 87 29 75 108 166 44 15 51 77 21 31 72 97 101 117 108 107 105 113 132 139 111 131 89 128 145 85 126 89 127 172 84 91 86 90 88 84 83 87 83 76 69 67 58 56 54 56 64 63 66 70 80 83 83 67 82 98 100 95 81 88 90 83 93 99 105 81 79 87 101 104 93 98 94 80 171 84 59 57 57 54 53 55 54 66 65 63 64 22 15 13 47 96 93 86 78 78 74 71 74 71 66 68 81 85
165 169 159 159 161 195 212 177 122 47 33 16 20 22 25 26 30 28 90 140 90 54 87 97 41 22 12 144 40 33 99 138 36 32 45 64 82 91 92 88 89 56 31 69 138 101 75 125 152 141 190 79 121 172 84 88 108 102 96 95 91 90 89 89 83 87 91 96 91 84 78 77 82 94 96 99 98 87 89 85 69 83 84 84 74 69 68 64 74 74 81 85 91 91 90 92 79 72 170 88 74 80 85 74 68 69 74 72 76 76 76 25 16 16 37 64 79 93 93 95 86 78 78 79 79 67 57 59
161 169 160 160 163 193 217 195 125 48 29 8 10 10 9 10 11 7 76 93 108 108 106 126 115 102 90 163 148 142 140 93 31 42 53 48 44 41 39 40 45 42 43 65 82 92 77 125 145 136 209 109 114 167 72 73 73 64 65 78 97 101 99 95 95 90 85 73 75 88 102 92 83 90 92 88 83 88 82 75 75 68 68 68 64 72 69 63 66 71 74 67 57 56 61 72 81 82 169 109 84 73 82 80 69 60 62 66 71 76 74 26 18 18 37 68 65 61 69 74 85 96 90 86 86 84 91 99
158 167 159 160 163 192 216 190 120 47 27 9 11 11 11 11 11 5 76 140 148 117 86 94 108 91 73 144 140 98 144 192 118 57 52 45 49 50 51 48 48 49 53 45 42 44 58 128 69 87 220 118 110 175 117 117 126 108 89 86 89 78 67 64 68 62 70 70 74 68 66 78 90 91 96 96 94 91 89 105 96 93 81 77 74 74 79 75 75 78 83 96 103 90 86 96 94 83 167 102 73 68 63 72 74 73 73 72 76 66 62 25 21 21 39 67 60 57 61 64 51 53 61 62 69 87 97 94
137 158 158 161 161 189 216 199 117 23 14 11 11 11 11 11 11 5 77 176 166 163 164 159 163 156 122 170 219 205 223 230 162 59 44 19 25 28 31 35 36 38 43 47 49 49 54 120 29 79 223 87 87 162 42 46 56 70 83 108 115 106 95 103 84 70 84 89 80 88 79 62 62 70 79 77 83 74 64 70 81 88 84 83 91 97 106 96 86 97 93 98 103 94 101 104 99 83 166 103 81 88 92 98 102 99 94 90 93 76 74 27 24 23 43 85 90 83 81 80 74 75 70 76 73 74 70 65
