83 96 88 85 90 86 86 85 91 84 85 82 85 87 86 84 84 83 83 84 84 85 85 87 86 83 80 79 79 83 80 81 80 79 80 76 77 77 78 81 82 81 80 83 89 81 80 83 83 86 87 88 89 90 91 89 90 92 96 95 95 94 95 92 93 95 90 90 89 91 90 90 92 89 90 87 92 93 91 88 84 85 87 92 92 90 89 92 93 92 92 93 90 89 86 89 86 80 81 82 80 85 88 88 90 80 78 81 88 86 87 87 87 90 84 79 82 87 81 82 83 84 83 84 84 83 84 83
88 94 86 86 84 86 86 82 85 87 85 86 88 87 88 86 87 89 85 82 82 81 84 85 80 79 79 78 80 84 81 79 83 78 78 76 77 81 80 80 79 79 81 83 91 88 87 83 89 92 92 93 93 89 89 89 92 90 93 94 94 93 94 95 93 94 94 90 90 90 88 89 91 92 93 90 91 93 94 89 86 94 92 90 89 90 92 92 91 91 92 89 86 86 84 81 81 81 83 86 81 85 88 90 90 81 82 86 88 86 97 93 97 91 86 79 81 83 87 82 84 86 83 84 84 83 85 88
84 87 86 84 87 87 84 82 88 86 86 86 86 86 86 87 88 88 86 85 85 85 84 79 79 79 78 80 82 79 80 79 76 78 79 78 77 79 79 79 79 80 83 82 80 87 85 84 87 94 91 93 91 81 89 91 89 92 93 92 91 90 90 93 91 91 93 89 88 90 90 89 89 89 89 88 92 94 95 92 88 90 87 88 89 90 91 90 90 92 94 94 93 93 81 80 80 83 84 85 83 86 88 88 89 82 86 91 86 88 101 92 91 91 87 81 81 86 89 82 84 84 83 84 84 83 85 88
86 84 86 85 86 82 82 87 89 84 89 97 89 88 88 88 88 85 87 88 87 84 79 77 79 80 79 77 77 79 80 79 79 77 79 80 79 80 79 81 83 84 78 81 81 82 82 85 80 84 81 80 79 79 82 84 85 88 92 94 93 94 95 92 95 92 89 91 90 90 90 91 91 89 89 89 89 89 90 89 87 86 87 89 88 87 91 93 94 96 96 95 94 93 81 82 84 85 85 84 82 87 84 87 89 83 88 89 86 91 91 91 101 97 89 81 80 85 89 81 82 85 85 83 84 82 85 87
89 85 86 86 87 80 86 87 86 92 97 92 85 92 89 90 89 84 83 82 82 80 80 80 77 78 80 78 83 84 82 81 79 79 78 78 82 85 85 85 90 91 84 80 78 80 86 92 84 85 86 84 84 85 82 84 81 85 85 84 88 90 87 85 92 93 91 92 91 95 93 92 89 89 88 90 89 89 94 98 87 86 87 89 91 93 94 92 93 93 94 93 93 91 82 82 82 83 85 84 86 87 83 84 90 86 89 89 88 90 90 91 97 97 88 80 82 88 89 83 82 84 83 84 85 82 87 87
87 84 87 86 86 84 87 86 90 93 93 81 76 82 79 82 83 80 79 79 79 79 79 82 77 78 77 79 86 89 80 80 78 80 82 84 92 92 94 94 92 97 90 87 86 88 90 90 88 90 89 92 92 94 88 88 89 88 83 86 85 87 89 90 90 89 90 92 90 89 87 87 89 88 88 87 88 90 93 97 90 92 90 94 96 97 96 97 95 94 93 90 87 82 81 82 82 85 87 84 94 86 86 83 90 88 90 88 95 97 93 91 90 92 91 79 79 84 87 88 83 82 84 85 81 84 91 91
88 86 87 86 83 85 88 88 89 84 80 80 81 81 81 80 85 82 77 78 77 77 78 78 79 80 80 79 78 79 78 85 84 90 91 94 93 90 93 92 88 93 89 86 89 91 93 93 90 87 90 90 89 89 88 87 91 89 89 89 90 90 97 93 88 89 90 92 88 90 88 88 91 90 92 95 97 89 90 94 90 94 96 95 99 95 96 95 95 95 88 86 84 84 84 85 84 87 86 85 90 85 88 82 90 89 90 91 94 98 90 89 90 92 94 87 78 86 86 84 83 83 84 84 85 88 89 88
86 84 84 86 80 88 89 82 82 83 82 82 80 80 77 81 83 80 77 76 79 79 80 79 79 78 77 77 77 77 77 86 97 86 90 92 92 92 86 84 86 86 86 84 86 85 91 93 89 88 91 96 89 87 86 86 87 86 85 86 91 91 93 89 89 90 90 90 91 92 91 86 87 90 90 102 106 91 88 94 92 93 93 88 86 88 94 96 96 92 82 86 87 84 85 85 86 86 84 88 90 86 87 77 87 89 90 92 93 90 89 90 91 93 93 93 82 82 85 81 82 83 83 86 88 88 88 87
85 83 85 85 84 83 78 79 82 80 80 80 77 77 76 78 78 75 74 79 82 81 77 75 75 75 76 79 81 85 81 82 90 86 87 88 95 91 85 87 90 89 88 88 86 84 83 88 81 84 85 89 94 92 91 90 87 79 77 76 85 97 90 94 95 93 90 82 82 85 85 83 84 86 82 87 88 80 81 84 87 84 85 81 82 84 87 85 85 84 84 85 85 84 84 85 89 86 87 90 89 91 86 77 85 90 89 89 92 91 90 90 89 92 91 91 86 77 83 85 82 84 84 84 87 87 88 89
85 85 87 84 83 77 78 81 81 79 78 78 79 79 79 77 76 80 80 80 80 80 77 76 81 78 78 78 79 81 85 83 82 89 90 88 86 83 90 94 93 89 86 85 84 84 84 85 84 85 83 79 85 87 85 79 80 79 79 78 77 81 82 87 91 86 84 79 78 81 83 86 82 84 81 87 83 82 81 87 82 78 86 102 92 90 88 86 86 87 86 85 86 84 85 87 85 85 88 90 89 88 85 97 115 88 89 87 95 90 89 88 89 92 91 89 84 82 83 85 82 83 84 87 89 87 89 88
84 88 88 85 83 80 77 76 78 78 77 78 79 78 78 79 79 78 79 78 77 78 78 85 90 84 78 79 80 77 84 86 84 85 85 84 82 86 92 90 86 84 89 87 83 85 85 84 86 87 86 86 86 86 85 81 78 78 79 78 79 78 78 80 82 88 82 80 80 87 86 84 78 80 85 84 81 86 88 90 92 87 91 93 94 93 93 93 91 90 88 84 86 85 89 87 87 87 95 93 90 89 84 93 110 89 90 88 91 89 90 90 89 91 92 84 80 90 84 85 83 83 92 86 85 88 89 88
85 87 86 86 82 83 77 76 78 79 78 76 77 80 79 75 82 82 77 80 79 78 79 82 81 79 79 79 81 80 79 81 84 84 84 84 86 89 89 86 83 82 90 89 83 84 85 88 89 90 91 91 92 90 92 90 87 84 81 80 80 79 79 77 78 79 80 80 79 80 80 80 80 82 87 89 88 89 89 92 92 93 92 95 93 92 91 91 90 87 88 90 88 88 89 88 87 89 89 91 92 92 91 86 89 92 89 97 93 95 89 89 90 91 87 80 88 92 86 86 84 83 85 83 88 91 91 91
85 84 88 84 80 80 80 84 85 87 80 77 79 77 77 78 80 83 84 87 86 85 85 84 83 81 82 85 88 89 84 84 87 87 83 85 85 86 89 93 89 86 83 84 85 86 84 88 89 90 91 91 92 93 91 91 91 93 90 86 83 80 82 83 80 83 85 84 85 86 87 90 90 92 91 90 89 89 92 92 90 88 90 93 92 91 90 89 89 90 89 91 90 89 89 89 88 92 90 91 91 91 86 89 93 92 85 91 95 100 94 88 87 82 79 81 89 89 87 86 86 84 82 88 92 89 88 92
89 89 87 79 81 81 79 82 84 80 79 80 79 85 89 89 94 91 89 84 81 83 82 83 82 82 85 82 89 90 84 86 87 88 94 88 85 86 90 95 89 86 87 86 86 86 85 91 92 91 92 88 85 83 81 91 96 86 91 94 93 89 84 82 87 88 88 88 90 90 91 92 91 89 90 92 94 93 94 91 88 92 91 91 91 91 92 95 89 90 92 92 91 90 90 92 91 91 91 91 91 92 83 88 92 88 85 93 99 96 96 89 88 80 79 83 90 89 89 88 86 87 85 90 91 90 90 92
85 82 83 80 82 78 79 79 77 79 81 81 86 94 95 94 89 84 81 80 79 82 80 81 85 87 88 83 81 80 82 80 86 93 96 92 89 86 85 86 88 88 86 87 86 85 85 86 89 90 91 90 89 85 78 80 95 80 80 83 83 84 89 90 91 90 90 90 86 85 88 88 90 90 89 87 86 84 82 80 79 85 90 94 96 91 92 95 87 88 92 90 87 85 90 92 91 91 91 90 92 92 80 82 92 89 98 95 93 90 89 90 87 82 78 83 89 89 92 86 85 88 86 89 90 91 92 91
87 84 77 79 78 77 78 77 79 81 79 82 92 91 88 82 82 85 83 81 83 85 84 85 92 90 93 86 84 80 80 85 90 95 95 92 89 90 92 87 86 88 91 92 89 89 87 89 87 85 85 86 90 93 88 84 85 91 80 79 78 78 78 79 80 80 83 84 80 78 79 80 79 80 81 83 81 79 79 79 78 78 77 88 90 92 92 91 89 87 86 88 89 85 90 95 89 87 90 88 95 91 79 81 89 88 97 93 92 91 90 90 94 85 78 85 87 89 98 92 89 86 87 90 91 91 90 91
87 84 81 78 76 76 77 78 79 78 82 91 88 82 78 79 87 93 88 88 86 83 80 83 84 91 92 87 89 86 86 87 88 92 95 92 89 91 98 92 88 95 103 94 95 93 89 87 88 87 85 84 86 89 91 94 96 93 88 84 86 89 92 90 79 84 91 90 88 86 87 85 85 86 88 88 88 87 87 87 86 82 83 84 77 82 86 91 93 90 89 89 91 91 88 91 92 89 91 90 91 87 80 81 81 90 96 95 94 90 88 91 95 91 84 83 87 89 89 91 90 87 92 90 90 90 92 92
84 81 80 80 76 78 81 80 79 81 89 84 81 78 78 82 83 90 86 82 80 82 86 83 87 89 90 91 87 97 102 86 81 91 95 94 90 88 98 93 90 92 94 95 98 93 92 89 87 88 85 93 86 85 88 90 92 86 87 86 91 94 93 94 87 88 88 88 88 88 88 87 90 93 94 87 88 87 89 91 88 88 93 93 83 78 77 79 84 92 92 91 93 91 99 91 90 91 91 91 91 86 79 80 84 95 100 97 95 93 90 90 90 91 88 84 91 88 88 90 86 91 90 90 89 89 94 91
82 79 78 75 76 81 81 79 85 90 84 78 79 80 87 84 81 79 79 82 81 89 87 86 81 83 88 94 105 108 123 115 108 92 93 95 92 91 92 93 93 93 93 91 91 94 93 92 89 87 85 85 86 86 88 88 93 88 86 86 86 88 87 87 87 88 90 89 87 89 92 90 89 90 88 89 90 90 90 91 87 87 87 91 94 91 81 79 78 80 89 93 95 92 91 90 92 90 90 91 92 85 79 83 84 93 93 97 95 92 91 89 90 90 84 81 92 90 86 88 89 86 83 85 86 89 88 88
80 80 76 74 74 81 82 80 83 82 77 77 82 86 85 82 80 82 82 82 83 78 54 71 84 89 85 93 92 93 92 103 109 98 113 114 112 109 106 101 96 94 100 96 92 98 96 96 96 90 89 86 84 85 89 87 85 90 85 85 87 88 90 87 84 87 88 85 90 90 85 92 89 90 89 101 98 90 87 87 89 93 91 89 92 94 90 81 81 79 78 81 88 91 91 91 93 92 98 96 92 81 81 86 82 89 95 93 91 92 97 91 89 88 85 83 92 92 89 90 91 91 86 87 88 89 89 89
86 79 76 73 79 86 83 79 77 77 77 79 82 84 79 82 85 89 90 88 74 54 77 95 121 122 102 105 97 96 95 95 89 86 121 120 100 104 104 105 103 101 104 108 97 95 96 97 102 90 89 89 88 85 86 88 86 84 87 86 89 91 89 87 88 87 89 85 82 83 80 86 89 89 99 98 101 89 81 80 80 100 99 96 94 93 92 91 90 90 82 78 78 80 79 80 82 84 88 83 81 80 82 87 87 84 99 92 92 92 97 93 86 86 91 82 87 92 92 87 89 90 94 85 87 87 89 95
81 77 79 75 83 82 81 76 75 77 83 87 78 79 85 91 88 93 87 68 59 98 107 118 136 105 95 106 126 134 119 124 114 110 96 95 97 110 97 103 107 104 101 110 109 96 94 98 99 91 88 90 89 87 87 86 88 92 87 88 86 88 87 89 90 89 86 81 80 82 83 81 84 87 103 89 87 83 83 84 82 82 89 90 91 90 91 93 95 96 95 85 80 80 79 78 78 78 79 80 81 79 84 88 90 89 89 92 93 92 92 93 90 89 86 88 78 88 92 90 86 87 86 89 91 88 85 90
79 82 80 79 86 83 78 79 79 82 83 80 76 78 85 88 89 88 72 70 99 116 99 109 109 90 107 118 124 132 140 142 113 114 127 132 109 102 102 109 102 105 106 105 108 111 90 94 92 94 90 88 89 90 89 88 89 88 87 88 89 88 87 89 90 86 80 81 85 84 84 80 78 79 81 78 78 83 84 83 84 81 82 83 81 81 85 87 88 86 89 90 88 86 80 79 80 80 80 79 80 80 84 89 90 92 91 90 93 93 91 94 92 90 86 87 77 83 92 90 94 89 88 88 88 86 86 89
77 77 76 77 87 84 78 80 83 81 78 78 77 81 82 90 89 94 75 85 99 75 92 83 114 110 94 111 113 116 126 119 124 120 120 138 135 111 106 124 97 94 114 111 108 114 107 83 91 89 89 90 88 86 87 91 91 91 88 89 92 90 89 89 90 82 82 84 85 84 86 83 83 84 84 85 84 86 84 84 83 83 84 83 82 83 83 83 82 79 91 91 92 91 83 80 80 82 81 80 79 81 83 90 92 92 92 92 92 93 92 92 91 92 88 83 77 82 91 89 96 94 87 86 88 88 90 94
77 76 77 74 81 83 83 76 78 81 79 80 77 76 88 97 89 90 74 78 83 79 75 90 117 73 88 105 106 119 106 122 127 133 133 126 103 123 107 127 118 103 101 89 95 101 115 93 81 89 92 91 89 86 85 83 87 91 90 89 88 90 89 91 91 84 82 84 84 83 84 86 86 85 84 85 80 82 83 84 84 84 82 82 85 84 83 88 83 80 80 89 88 83 79 86 85 81 80 80 80 78 82 88 93 94 93 93 92 97 101 92 92 92 87 83 77 79 89 90 88 91 90 89 90 86 87 99
77 76 79 76 78 82 86 78 76 79 79 77 77 81 99 96 87 81 75 71 83 92 86 105 72 46 81 106 99 102 103 111 131 137 124 114 125 129 114 126 123 110 102 99 100 90 79 86 94 100 96 96 95 97 99 85 80 82 85 95 84 82 85 87 84 81 84 84 83 83 83 83 83 82 83 83 83 83 82 85 84 84 84 83 84 83 84 85 84 82 82 82 81 78 79 80 87 87 82 79 80 79 79 85 89 93 91 92 92 94 96 94 94 91 90 87 82 77 82 91 92 89 88 90 91 87 89 83
80 81 83 83 76 76 82 83 77 81 79 79 76 83 95 91 87 80 76 66 90 90 85 71 53 57 83 107 109 116 100 98 118 120 120 120 131 132 127 113 117 117 100 119 108 99 81 86 105 107 97 94 98 99 97 93 88 82 82 88 84 83 81 82 81 81 85 85 83 82 83 84 80 82 83 82 84 83 82 82 83 83 83 82 82 82 83 83 85 85 82 80 79 81 80 79 78 83 86 83 79 79 79 78 85 93 99 92 95 94 92 92 94 97 92 89 90 86 78 83 92 91 90 90 90 84 84 82
92 88 90 82 84 88 80 78 79 88 75 77 80 87 98 90 85 81 79 63 69 70 77 79 68 79 96 111 117 120 115 90 118 129 118 111 132 123 126 132 128 122 113 110 113 104 88 86 87 105 97 94 97 96 93 91 94 90 82 86 82 82 83 84 84 83 84 84 84 83 83 82 82 85 82 83 82 83 82 82 83 82 82 83 82 83 85 87 83 81 81 80 80 82 84 83 80 79 79 83 82 79 78 78 78 92 100 91 96 96 94 101 95 97 93 92 92 90 81 78 82 89 92 90 88 82 86 84
84 81 87 78 78 85 87 80 79 84 78 86 88 92 99 88 79 82 82 65 64 67 72 82 86 86 101 114 125 103 84 104 123 124 117 119 130 134 126 131 138 131 131 125 105 105 104 98 105 92 103 103 95 97 95 92 92 91 82 82 84 84 83 83 82 85 84 82 82 81 82 80 80 84 83 85 84 83 83 83 82 81 82 81 83 82 84 84 83 82 82 83 85 84 85 84 82 79 79 81 80 81 78 79 78 78 89 92 93 94 93 99 95 93 92 91 93 89 91 88 80 89 98 91 85 81 80 82
87 80 81 78 76 80 79 78 77 76 86 88 88 93 94 85 87 87 85 73 63 76 78 111 107 104 105 97 101 91 84 98 117 97 109 133 129 129 130 124 128 138 137 136 123 112 110 94 72 90 89 91 93 98 95 95 91 90 90 82 84 84 84 83 81 81 94 84 84 82 83 83 84 83 83 83 84 82 82 81 82 82 82 81 82 83 83 82 82 82 87 82 89 90 83 81 84 84 83 79 85 79 89 81 80 78 81 90 92 94 94 93 94 92 92 96 93 90 88 92 88 84 87 81 79 80 80 89
89 82 79 78 77 77 78 78 77 76 79 86 87 97 97 95 96 94 87 77 74 94 106 106 99 101 101 73 77 92 84 108 101 97 119 131 127 127 130 131 132 133 133 136 124 123 112 105 103 79 65 59 75 90 91 93 91 89 91 81 82 83 84 85 81 82 83 81 83 83 85 83 83 82 83 82 83 83 80 81 85 85 89 84 83 84 81 81 81 84 95 86 86 88 88 85 86 88 86 81 82 78 96 95 79 79 79 80 89 93 93 91 94 93 94 92 94 92 90 89 92 85 82 80 82 82 87 88
88 88 86 86 83 76 78 81 76 76 77 86 88 93 98 97 97 93 89 82 81 106 118 108 89 98 79 70 87 92 108 121 106 109 118 127 117 86 120 102 123 129 130 134 130 123 109 101 97 73 67 47 57 73 90 96 96 90 87 81 84 84 85 87 85 84 81 82 84 86 86 83 84 83 83 82 83 82 83 84 84 84 83 82 82 88 86 82 83 81 83 84 84 89 98 97 91 88 90 88 83 82 84 87 80 79 80 79 80 86 91 93 93 95 93 93 92 92 91 94 91 89 84 97 91 84 99 82
89 88 88 87 81 77 76 87 79 77 83 89 89 92 97 94 92 85 90 90 80 105 107 81 82 95 70 66 79 103 114 111 89 107 120 113 72 67 110 83 116 122 127 130 137 133 111 110 88 88 92 63 53 63 83 97 94 86 83 83 84 84 83 84 83 82 81 83 84 85 85 81 84 84 85 83 84 82 82 83 84 83 85 85 81 81 81 85 92 95 83 85 86 92 93 91 93 93 96 95 92 86 82 79 81 82 83 79 79 80 85 92 93 92 93 93 95 98 94 97 100 88 90 104 96 84 89 89
89 88 87 88 80 78 76 79 76 75 86 90 90 90 93 100 94 88 89 89 72 99 99 66 72 79 59 74 93 98 107 93 69 107 118 107 75 96 118 122 122 116 120 101 88 107 112 111 103 87 75 59 55 56 58 87 87 83 83 84 84 83 84 83 83 83 84 85 83 84 83 80 85 86 85 84 84 83 84 83 84 83 90 88 81 83 82 81 83 90 84 87 94 95 96 85 83 86 91 96 94 92 89 85 84 84 82 81 81 80 80 84 91 94 90 90 95 103 95 91 92 92 93 89 85 86 91 91
88 88 87 90 82 78 78 75 77 76 83 90 91 97 98 96 90 88 89 95 68 49 87 71 86 72 47 82 93 93 96 69 70 111 110 103 105 111 123 115 103 116 111 51 37 58 111 110 85 73 63 56 64 53 38 59 79 85 82 85 83 82 82 82 83 83 82 85 84 84 83 83 84 86 84 84 84 82 81 84 84 85 83 83 83 83 81 85 90 87 84 89 94 91 89 89 87 86 87 90 94 93 92 87 84 86 85 81 80 80 80 83 80 92 94 89 96 97 91 88 88 89 94 89 88 86 91 92
86 88 88 94 85 78 79 84 77 76 78 91 85 79 92 93 91 87 90 95 90 51 52 56 73 54 51 86 94 85 83 55 78 111 99 103 107 116 110 92 94 103 97 67 93 74 96 103 74 56 57 42 52 61 41 49 67 84 82 83 82 81 82 84 83 82 82 85 83 83 82 83 84 84 84 84 82 84 85 85 83 83 84 82 82 81 82 86 88 84 85 85 87 90 90 92 90 90 89 88 89 94 93 92 84 83 87 84 82 80 80 80 79 80 87 90 93 95 95 93 89 89 88 88 86 86 84 91
84 86 88 88 84 78 77 82 79 79 78 85 83 77 88 99 95 89 90 88 88 90 69 50 51 46 48 69 90 76 68 52 89 102 96 89 80 109 92 88 104 100 101 79 87 80 62 71 61 52 43 37 48 55 52 54 42 79 84 82 86 83 83 83 83 82 83 83 85 85 84 83 84 83 84 84 83 84 86 84 83 82 83 83 80 82 86 83 86 86 86 85 82 84 90 93 94 91 89 90 88 88 93 94 89 87 83 83 86 82 80 80 81 80 81 85 92 92 96 105 90 88 90 90 90 88 86 87
90 84 81 87 87 80 79 80 83 80 78 78 77 78 80 91 91 92 93 95 81 87 91 85 77 61 38 41 64 58 50 64 90 76 68 66 67 92 85 98 99 109 112 60 64 67 41 53 48 40 32 34 43 37 34 27 39 72 85 82 82 83 84 83 82 83 84 83 83 83 83 84 84 82 84 83 84 85 86 85 85 83 82 83 79 85 84 81 82 83 85 84 84 83 84 92 93 93 91 88 92 88 91 93 101 100 91 83 81 81 83 80 80 81 81 82 86 92 102 95 91 89 89 91 90 88 94 102
88 88 82 78 88 87 80 80 80 79 77 79 78 80 89 91 89 91 92 93 81 88 91 91 91 77 66 42 30 38 41 56 62 59 55 60 59 79 84 98 84 113 122 44 7 20 37 52 52 43 35 24 38 33 40 49 52 51 89 87 84 81 83 83 84 83 83 83 83 84 84 84 83 83 83 85 84 84 85 86 86 85 84 82 82 82 83 82 84 86 87 87 88 88 87 87 89 92 92 89 92 98 84 88 94 95 93 90 85 79 81 80 82 80 80 80 81 85 94 89 89 89 90 91 90 90 90 91
86 90 86 76 81 93 87 82 79 82 77 87 88 79 83 89 92 88 93 93 90 90 92 88 87 83 85 81 72 62 44 33 39 54 47 52 63 85 90 83 83 107 126 64 10 8 26 33 51 47 36 28 38 48 60 54 57 46 86 94 94 85 81 84 84 83 83 83 84 83 83 85 85 84 82 84 84 84 83 85 84 84 85 84 85 86 86 89 89 88 88 87 91 90 88 88 84 85 87 87 89 92 89 88 87 93 95 92 92 82 80 79 80 85 88 83 79 79 81 84 85 86 87 89 94 92 90 90
88 89 87 84 85 91 89 90 84 85 83 80 83 81 80 82 85 86 89 95 96 91 88 85 82 86 97 93 90 82 73 60 51 46 43 43 55 70 74 71 64 90 132 86 43 35 31 48 38 37 36 29 33 61 56 54 46 45 79 95 94 92 87 83 86 84 84 87 86 84 83 87 84 83 84 85 83 83 83 86 84 84 84 87 87 88 89 88 88 88 89 89 91 85 86 87 84 84 85 84 85 89 94 89 90 90 95 95 87 86 83 82 85 84 92 93 87 81 78 79 79 84 86 85 90 89 89 90
91 91 88 86 86 86 88 92 84 88 93 90 81 80 79 78 77 83 86 87 91 92 86 80 82 82 85 88 92 90 81 80 76 69 74 73 58 49 57 44 48 57 135 113 45 39 42 32 27 40 49 52 66 56 50 53 38 29 84 100 92 90 90 84 87 88 83 84 83 85 83 84 83 84 83 83 83 83 81 83 83 83 83 85 85 84 85 92 87 91 90 87 87 84 86 88 86 87 84 85 86 85 88 85 88 90 91 94 92 88 86 85 105 84 84 85 92 92 88 85 88 80 80 82 81 85 84 85
92 98 85 84 86 88 86 88 87 81 89 96 91 88 88 79 78 79 84 85 84 80 83 87 88 84 80 85 88 93 84 82 84 77 82 90 90 81 82 75 90 59 117 144 111 59 56 70 63 64 89 93 95 88 60 57 32 18 69 88 96 87 80 83 82 84 83 84 84 82 83 84 84 83 84 84 83 83 83 82 86 84 83 82 86 86 83 90 88 87 86 83 81 86 87 85 89 92 86 87 85 85 84 87 87 85 86 89 88 90 86 83 86 86 83 79 89 89 89 95 106 91 81 80 84 84 84 84
88 90 91 89 85 86 91 88 86 87 88 89 94 95 96 89 81 79 81 81 81 80 90 91 90 90 85 83 90 95 87 85 90 87 80 77 79 82 81 81 81 46 67 146 146 113 88 86 75 86 84 89 79 74 68 63 46 22 65 88 82 86 80 82 83 84 83 84 83 83 84 84 83 84 84 83 84 83 88 85 86 85 83 83 83 84 83 85 87 87 86 86 85 86 86 96 90 85 86 87 86 85 88 87 91 89 86 87 87 89 94 86 87 89 86 85 85 101 93 87 89 93 90 80 81 82 84 85
88 89 91 93 88 87 88 88 90 92 91 89 89 94 96 97 83 79 80 82 85 85 97 99 86 89 88 87 92 90 89 86 89 91 86 78 81 82 86 83 83 65 23 106 136 143 147 131 101 88 64 90 77 60 65 47 63 43 81 115 108 88 93 87 82 82 85 85 84 83 83 84 83 83 83 82 83 84 84 82 83 84 85 85 84 83 84 84 84 84 83 85 85 85 84 91 90 84 87 87 84 84 83 85 85 90 90 88 88 87 88 93 101 97 96 96 92 95 92 85 84 84 88 86 87 81 82 83
89 90 91 91 86 89 92 89 90 91 90 91 91 90 93 97 87 79 80 84 96 97 99 97 96 89 89 90 90 90 93 90 91 90 81 80 81 86 88 90 84 83 21 23 88 118 126 100 64 81 61 78 63 59 62 35 78 127 94 113 65 73 86 85 82 82 83 84 85 82 81 82 83 84 82 83 83 83 83 81 83 85 85 84 84 83 84 83 86 85 84 84 85 84 85 83 84 85 85 85 85 86 87 84 82 94 94 92 91 90 88 88 96 96 96 93 95 96 96 87 80 81 87 89 83 83 81 83
90 88 88 92 91 90 91 91 87 88 88 91 91 89 99 94 93 83 85 89 92 92 91 96 88 87 92 92 90 88 88 92 90 87 82 83 79 83 84 86 89 83 36 3 13 34 34 26 48 72 63 59 57 69 62 23 51 98 109 92 28 81 84 81 81 82 82 83 82 82 82 83 82 84 83 83 83 82 81 83 83 85 85 85 85 84 84 83 84 84 84 86 84 85 85 87 86 87 86 85 88 87 88 83 83 93 94 94 92 89 91 87 86 91 94 93 94 96 96 88 82 82 83 82 83 83 84 83
83 84 89 87 92 93 93 92 90 86 79 87 88 88 90 86 87 87 87 88 90 91 90 93 90 93 90 86 83 87 83 88 85 81 88 87 84 94 93 86 89 91 76 15 5 5 2 9 51 65 79 65 64 60 51 37 9 41 103 91 20 81 83 81 84 85 85 85 83 82 82 82 84 83 82 85 84 84 84 84 84 83 84 86 84 84 85 85 86 87 85 84 86 88 92 89 89 89 88 89 89 88 85 89 87 86 91 95 96 92 91 92 87 86 89 93 93 92 92 92 90 97 91 82 84 84 83 82
89 88 93 87 90 90 88 92 92 91 91 91 89 90 92 90 91 85 85 83 90 91 92 92 90 86 87 88 92 98 98 90 83 86 88 88 90 89 86 84 87 95 89 55 7 6 3 24 55 49 66 61 62 42 46 42 7 2 32 86 67 83 83 82 85 83 86 85 82 82 83 81 82 84 83 83 84 85 85 83 84 85 84 84 86 86 86 86 85 84 83 87 90 90 92 92 91 91 91 90 89 87 91 93 86 90 87 94 98 92 90 90 90 86 87 87 91 96 93 92 99 99 89 83 83 84 87 87
90 88 87 93 97 89 83 84 89 92 92 92 92 92 93 84 84 77 77 75 81 87 89 86 85 89 95 99 100 100 97 92 89 90 90 87 89 87 88 85 92 89 81 84 39 3 4 14 32 36 54 62 49 25 38 42 8 4 1 21 70 84 82 82 82 83 82 82 81 82 82 81 82 83 82 82 82 85 84 84 85 85 85 87 87 87 88 86 85 86 88 87 86 86 95 94 90 92 91 92 90 89 88 90 90 88 85 85 86 89 91 90 92 90 86 90 88 87 92 94 93 91 90 88 83 86 92 88
97 95 90 92 91 89 90 91 87 89 91 91 91 88 85 84 83 81 81 85 88 92 93 96 92 98 98 100 99 97 94 95 92 90 87 89 91 81 86 86 101 91 87 82 71 37 3 3 11 19 45 56 38 18 15 9 7 5 5 24 37 87 84 84 82 83 83 83 83 82 82 83 83 83 82 82 84 84 84 84 84 85 87 86 86 86 86 86 85 87 89 89 87 86 88 88 87 86 86 88 87 85 87 93 87 87 87 83 82 82 84 85 87 90 87 85 89 90 87 92 95 95 93 89 85 86 93 85
93 88 82 83 78 80 90 83 83 84 86 81 78 78 77 79 79 83 85 87 90 92 93 102 98 98 100 102 94 93 97 101 100 96 82 87 90 83 87 94 97 107 90 92 82 75 32 3 4 9 45 54 41 8 5 8 7 4 3 5 20 76 84 84 82 82 84 82 82 84 81 81 84 84 82 83 83 83 85 86 86 87 87 87 83 86 86 86 88 88 87 87 85 85 87 87 87 90 88 87 88 90 88 89 87 89 91 87 84 85 83 85 84 86 89 87 88 88 90 86 92 95 96 95 92 88 84 86
82 76 74 73 76 81 79 79 79 78 78 79 81 80 79 83 84 90 89 88 92 94 93 96 98 95 96 96 95 98 101 101 99 93 83 82 89 86 87 94 108 108 98 96 93 74 69 27 1 37 50 50 67 44 3 9 4 7 30 64 77 89 81 83 82 82 84 84 82 83 83 83 83 84 84 85 86 86 86 87 86 87 85 87 84 86 86 88 90 89 85 85 90 88 86 85 84 91 95 93 88 96 104 91 88 88 87 87 86 85 84 86 85 85 86 87 89 88 87 88 84 87 91 95 93 92 90 95
74 81 82 75 75 81 82 79 80 81 81 82 76 80 83 83 86 96 98 99 99 92 87 94 94 96 99 100 100 100 100 99 91 83 81 83 91 87 89 123 115 103 99 96 95 75 68 60 16 47 47 50 63 66 14 8 14 59 71 71 88 86 82 82 83 84 82 83 84 83 83 84 86 86 86 86 87 85 86 86 86 86 85 86 87 89 93 90 92 86 85 87 96 91 89 88 86 88 93 97 87 84 88 90 88 87 86 89 87 86 86 95 93 83 84 84 89 90 86 89 88 85 90 93 94 92 92 95
75 79 84 78 76 80 80 80 80 80 85 83 82 85 84 83 85 92 98 97 96 95 97 100 97 98 96 99 101 100 93 91 101 83 82 82 92 90 89 96 93 97 101 97 88 80 71 64 29 47 48 53 65 62 35 8 55 75 70 78 101 84 83 85 85 84 84 83 85 84 82 84 87 86 85 85 86 86 85 85 85 87 87 86 90 90 89 84 84 84 87 89 88 89 90 89 87 85 83 83 81 83 84 87 92 92 86 85 88 88 87 87 89 85 82 83 83 89 92 89 85 87 86 92 93 94 95 90
73 78 89 86 81 88 83 76 79 83 85 82 83 83 83 85 86 85 92 94 101 101 100 102 101 101 100 94 95 95 87 88 83 86 93 87 84 87 85 86 88 105 103 88 81 82 74 50 25 50 45 58 62 63 50 18 63 71 71 83 102 84 80 83 84 85 82 82 83 84 83 81 84 85 85 86 86 86 91 89 84 86 89 90 89 85 85 85 85 87 86 85 86 87 87 88 89 90 88 87 86 84 84 86 87 89 86 88 88 85 88 88 93 87 84 82 84 83 87 83 85 85 88 87 88 93 98 96
75 82 94 94 83 83 82 78 85 87 85 83 84 85 83 83 86 87 85 85 93 94 91 93 93 90 88 85 86 91 95 103 95 93 91 82 81 80 83 82 82 86 80 79 79 77 79 59 26 44 50 59 65 46 36 22 63 72 78 89 102 89 83 86 89 82 81 82 82 83 85 83 83 84 83 84 88 89 84 87 84 85 86 83 84 86 86 86 89 88 86 86 86 85 88 89 87 87 87 87 88 87 87 88 89 89 91 88 86 85 84 87 88 87 88 86 82 85 84 86 88 83 85 89 90 88 87 88
83 85 85 86 84 81 82 78 86 84 81 82 83 88 90 84 91 88 88 98 102 90 82 83 79 78 86 85 91 103 105 104 94 84 90 97 94 88 85 84 82 85 93 86 78 77 80 73 53 42 52 56 61 25 42 50 69 73 78 101 103 95 99 98 90 81 82 82 82 80 80 82 83 84 84 83 84 85 85 83 82 83 81 85 86 83 88 92 89 86 87 86 85 85 84 84 85 85 86 85 84 84 85 87 95 97 99 96 89 87 86 84 91 90 86 86 87 85 83 85 86 87 85 83 87 93 90 86
90 82 80 79 91 83 76 83 85 84 86 87 93 96 97 89 98 94 87 89 87 81 80 79 81 82 85 87 95 103 104 97 91 102 106 105 106 97 96 90 81 82 91 103 85 94 89 73 62 47 52 50 53 60 54 63 71 76 79 87 97 102 102 99 95 84 81 83 83 82 82 82 84 85 84 85 83 84 83 86 84 84 84 85 85 84 86 89 86 85 85 84 85 84 84 83 83 83 84 83 83 84 84 84 94 96 89 89 93 90 87 89 89 91 87 86 89 87 87 83 84 85 92 89 83 85 91 92
75 77 80 85 84 82 82 80 81 84 92 95 101 95 95 89 96 98 89 88 83 81 87 88 86 81 82 101 107 101 97 90 103 106 105 100 101 99 95 89 80 82 87 108 91 99 103 74 48 41 51 45 65 60 53 68 78 88 81 88 95 95 95 99 101 89 80 83 83 83 84 83 82 83 82 83 85 83 83 82 83 85 85 85 84 84 84 87 85 85 84 84 84 85 85 86 86 85 85 83 83 84 83 82 87 93 85 83 87 86 86 86 88 90 88 87 91 91 87 86 85 90 94 92 90 85 84 90
78 78 79 81 85 86 80 82 85 83 86 98 97 95 94 90 96 97 93 90 87 86 84 90 87 88 89 99 103 100 89 88 111 107 102 98 102 96 95 82 79 79 94 91 80 99 100 83 55 36 46 36 69 54 61 72 78 89 84 94 94 97 91 86 87 84 87 82 82 84 86 83 83 84 84 81 82 84 83 84 82 82 83 83 84 84 85 84 83 84 84 85 82 86 86 83 87 85 85 84 83 83 83 84 82 82 84 84 84 84 84 83 88 90 90 87 85 85 85 85 85 83 91 93 93 89 85 82
81 77 80 80 79 81 79 83 84 85 87 91 90 99 97 86 95 96 100 97 92 90 86 90 105 102 97 98 101 98 88 90 105 104 97 91 98 97 87 81 80 84 90 88 86 93 99 83 53 47 60 49 64 65 70 70 72 78 86 94 90 95 95 92 88 92 96 91 80 83 84 83 80 85 85 84 84 85 84 85 86 84 83 81 83 84 85 84 84 86 85 85 84 84 85 85 82 84 84 84 84 83 82 83 84 83 83 84 83 83 85 84 86 90 91 90 90 87 90 86 86 87 86 86 88 91 88 83
81 80 82 80 79 79 81 84 81 88 90 91 92 100 99 92 97 98 101 98 95 95 94 83 96 97 100 103 99 92 86 84 96 98 92 99 98 101 93 82 79 81 82 88 104 105 93 72 45 62 95 86 46 54 71 70 76 76 81 88 97 99 97 101 92 90 93 94 89 82 83 83 80 80 82 85 84 84 85 83 83 85 85 84 85 83 83 83 82 84 86 85 85 85 86 86 86 85 84 83 83 83 82 82 83 82 82 84 84 83 84 83 84 84 89 93 94 91 90 87 85 87 86 85 85 84 86 84
83 83 80 79 78 79 84 84 84 90 87 94 91 98 97 92 96 96 102 98 97 93 82 82 92 99 99 92 88 84 84 83 87 93 94 89 78 91 105 93 86 88 83 82 96 106 96 75 43 56 77 75 58 42 70 74 80 80 78 93 102 101 97 98 96 90 92 94 92 82 82 82 82 82 81 81 85 85 85 84 82 82 84 84 83 87 87 85 86 84 83 84 83 83 83 83 84 84 83 83 83 83 83 83 80 90 93 82 84 84 85 84 84 83 87 91 92 92 91 91 98 88 87 86 87 85 84 88
83 81 74 76 79 83 84 82 91 91 90 92 93 99 97 99 96 98 97 98 97 86 84 91 94 99 94 88 88 82 90 81 88 95 95 87 74 82 102 97 95 95 93 86 102 102 96 73 33 10 15 19 40 47 74 78 81 82 77 92 97 99 99 98 97 91 92 95 92 83 82 83 82 83 82 82 84 84 83 82 84 83 82 83 83 83 83 84 84 85 85 83 83 84 83 84 83 82 82 82 83 83 84 84 82 86 87 84 83 85 84 83 83 83 85 89 88 89 89 91 103 94 88 85 89 86 85 88
81 78 77 79 80 85 84 91 91 88 89 92 99 100 102 103 98 98 97 98 95 87 82 113 101 90 87 92 84 84 85 83 94 93 92 93 94 93 98 94 95 91 94 93 88 99 93 92 66 16 4 15 45 71 81 80 82 80 80 92 93 94 96 97 98 92 91 96 94 91 83 82 82 80 81 81 84 84 81 81 83 82 82 83 84 83 86 85 82 83 84 83 83 84 84 83 84 84 83 83 83 84 84 84 84 82 83 83 82 84 85 85 84 84 83 84 84 87 89 88 87 90 93 89 90 88 85 87
78 78 83 81 80 83 92 100 95 87 91 94 101 101 102 105 96 97 100 99 99 90 87 106 94 88 88 92 80 80 83 93 94 93 94 96 93 102 92 94 91 83 81 81 83 91 98 97 87 71 60 61 76 82 86 82 83 78 83 90 91 91 88 90 94 91 89 91 92 90 86 83 84 83 82 81 82 84 84 86 86 84 83 86 86 82 84 84 84 83 83 83 83 83 83 83 85 84 84 83 82 84 83 83 84 83 83 84 84 85 86 85 85 85 85 85 84 84 86 88 90 91 89 93 91 89 88 86
79 80 84 83 86 86 100 100 97 88 92 94 101 102 101 104 93 98 103 102 100 87 90 91 91 92 90 81 77 79 90 98 94 92 93 94 92 95 75 79 79 79 78 79 79 79 87 82 85 91 90 85 82 83 85 81 82 84 76 85 89 91 88 91 91 84 86 93 97 91 88 84 86 85 84 82 82 85 83 84 86 84 85 83 83 84 84 85 84 84 84 83 83 83 82 81 83 83 83 83 82 83 83 82 82 84 82 84 85 86 86 84 85 85 84 84 82 84 84 87 89 90 88 90 90 91 91 87
76 83 86 81 82 91 99 104 94 90 94 108 97 84 101 99 91 92 101 104 96 82 90 91 92 99 86 78 80 80 89 97 92 92 92 94 93 94 81 74 78 79 81 85 80 79 89 79 79 83 78 80 80 82 84 80 91 101 90 79 79 90 94 90 105 98 88 90 90 90 91 90 86 85 85 82 84 85 84 83 82 82 83 84 84 88 84 84 84 85 86 83 84 84 84 83 84 85 84 82 84 83 83 82 83 82 83 83 84 86 84 83 83 84 84 84 82 82 86 87 86 89 89 90 90 92 90 91
80 87 87 85 83 97 95 97 95 97 91 101 96 83 101 93 88 91 91 94 90 90 89 89 90 85 79 80 85 85 85 94 92 97 92 93 92 94 92 88 99 98 94 94 96 94 103 104 87 78 78 83 90 82 84 78 97 104 101 101 95 90 103 95 102 112 94 90 88 87 89 91 91 85 85 83 82 82 84 84 83 84 85 86 83 84 85 84 83 83 86 84 83 84 84 83 82 85 84 82 84 82 83 83 81 81 84 86 84 84 88 90 83 82 82 82 82 83 86 88 89 88 90 90 90 91 93 93
86 89 88 88 86 88 92 93 91 91 101 91 89 90 90 87 87 88 88 88 88 93 90 85 86 79 83 82 83 84 86 92 92 103 107 92 93 93 93 94 98 99 98 103 105 102 105 109 111 97 96 104 94 85 83 76 82 93 98 101 96 92 91 96 93 99 93 91 91 92 90 91 91 91 91 89 83 83 83 83 81 83 86 85 86 89 87 82 84 96 88 85 84 84 85 85 84 82 82 83 84 82 84 85 83 82 82 82 84 84 83 83 84 83 82 83 83 83 83 83 85 88 89 90 91 92 92 95
87 89 89 89 88 92 93 94 91 94 96 94 91 88 86 89 90 88 87 87 87 86 89 91 90 80 95 89 84 86 89 91 93 97 100 93 93 93 93 93 99 97 99 102 103 105 101 103 106 98 99 94 86 85 80 76 80 88 92 99 93 87 86 93 93 92 94 93 99 106 93 93 93 93 94 91 83 83 83 83 81 81 84 84 86 89 86 83 83 87 88 85 85 84 82 82 84 84 84 83 84 83 82 86 88 83 84 83 85 85 84 84 85 85 82 84 83 82 85 83 83 85 86 89 91 92 93 89
87 88 88 84 93 94 94 95 95 94 93 96 96 95 91 88 91 88 88 86 85 84 86 90 88 82 83 83 102 106 91 89 92 96 94 92 94 95 95 95 95 98 97 97 98 98 90 92 90 95 86 84 83 83 81 79 80 84 93 107 96 91 84 96 101 95 91 94 95 94 91 93 94 93 91 86 83 84 83 84 84 83 83 84 84 84 84 83 83 85 84 84 84 82 85 98 85 83 85 83 84 82 82 82 86 85 82 82 83 84 85 85 86 84 84 82 81 83 83 83 83 86 87 86 86 90 92 87
92 95 89 86 90 94 96 96 95 97 98 94 96 95 96 94 88 88 90 90 83 85 86 91 88 84 80 100 110 95 98 92 93 93 91 94 95 94 97 96 97 99 96 96 98 95 93 97 102 102 91 90 85 79 78 80 79 85 91 99 100 92 90 103 101 101 94 94 93 93 93 93 95 95 93 90 85 81 82 83 84 84 85 84 84 84 85 84 84 86 93 97 94 88 85 84 83 82 84 83 82 82 82 84 83 83 82 83 81 83 85 83 83 84 84 83 82 85 83 82 83 83 85 87 84 85 87 91
98 103 85 90 94 95 94 96 94 94 99 97 96 94 98 98 88 86 89 87 87 94 93 93 92 89 80 92 95 90 90 91 92 91 91 95 95 96 97 96 97 98 97 95 95 94 96 96 98 97 96 96 99 91 88 83 80 82 93 90 92 90 101 103 99 98 97 96 93 90 92 92 94 99 95 92 86 80 80 82 83 83 84 83 83 83 83 83 86 95 99 99 97 95 95 91 84 83 84 87 86 84 84 85 82 81 82 82 83 83 85 85 83 81 84 85 82 82 80 80 83 85 87 88 87 85 86 86
90 87 90 91 93 95 94 97 101 94 93 95 95 96 98 97 86 89 91 90 92 90 91 91 91 98 81 87 102 95 88 92 91 92 95 96 95 97 94 94 95 95 96 95 97 95 99 104 100 94 94 97 102 108 101 86 89 89 95 96 85 86 92 103 101 102 97 97 93 90 92 95 94 93 95 95 88 84 87 82 81 84 84 83 83 85 85 88 96 96 96 100 97 96 96 95 91 83 86 85 87 85 82 85 82 79 81 80 82 82 82 86 90 80 82 82 81 81 83 80 81 84 85 86 86 87 89 86
82 86 89 92 92 93 95 95 104 100 94 96 96 95 95 87 87 91 94 91 92 92 92 94 101 102 82 87 94 91 90 91 91 92 95 94 93 93 96 93 95 95 95 97 96 95 93 94 97 95 101 107 109 100 100 100 103 101 101 93 84 92 95 103 105 105 99 97 94 93 94 94 99 94 93 94 92 91 93 92 89 86 90 99 96 93 94 94 95 94 97 97 94 98 103 96 97 87 89 83 83 84 82 83 86 85 82 94 89 81 81 82 81 83 82 81 84 88 82 81 79 80 84 84 83 84 84 86
83 82 89 93 94 92 88 92 97 96 97 96 92 89 94 92 90 91 93 93 90 91 91 100 105 95 82 89 91 89 89 91 91 92 94 93 94 99 96 94 94 93 94 94 93 92 94 95 98 99 100 105 114 101 102 106 102 99 96 89 86 89 90 100 106 101 107 106 99 96 92 92 97 96 92 92 92 93 98 94 103 98 94 95 103 99 94 96 95 93 94 94 94 94 95 95 94 94 91 81 83 82 82 83 84 90 83 97 90 84 81 80 80 81 82 82 81 81 81 82 81 81 83 85 83 84 85 86
85 86 88 91 89 91 90 87 88 91 90 90 92 95 93 94 93 93 92 93 92 91 99 101 96 81 80 81 94 98 93 90 90 91 95 92 91 92 92 91 91 93 94 93 93 99 99 95 99 99 98 100 100 101 101 98 95 92 87 95 100 98 94 90 105 102 109 108 101 100 96 92 91 91 93 93 93 92 91 90 93 99 95 94 100 96 96 95 94 94 92 93 94 93 94 94 98 97 92 84 85 83 86 86 85 82 83 79 81 82 82 81 82 82 82 81 81 81 81 81 83 82 82 83 86 90 85 87
86 87 89 91 89 94 92 90 90 92 93 91 93 96 92 93 91 90 91 92 95 100 106 86 79 79 80 82 91 95 93 91 90 91 94 93 92 93 93 91 91 93 98 94 96 100 98 102 100 99 99 95 95 96 95 87 97 91 93 102 101 102 101 95 91 102 99 100 102 102 99 94 91 90 89 91 93 93 91 91 90 92 92 91 103 103 94 95 92 90 89 89 90 92 95 94 96 96 90 85 84 82 92 87 85 84 85 85 81 81 81 80 82 82 84 83 82 82 83 82 84 83 83 83 78 82 85 85
83 86 90 91 92 90 91 89 89 91 94 91 91 90 89 85 85 92 93 92 96 99 107 96 80 82 82 86 91 90 89 90 90 91 100 96 94 96 93 90 91 91 92 92 94 100 96 98 98 99 99 93 88 94 104 103 100 92 97 97 96 97 98 101 92 83 85 93 102 103 101 97 95 92 94 89 90 93 92 93 89 90 93 90 91 92 91 90 91 91 91 90 89 92 94 94 94 94 90 84 83 83 83 83 85 86 85 86 80 80 82 81 80 81 82 83 83 83 81 83 83 83 82 81 80 84 84 86
91 85 86 92 90 88 89 88 89 90 90 93 88 87 88 83 84 92 93 92 90 97 105 102 86 81 77 92 95 91 92 92 90 92 99 94 97 97 95 91 89 96 95 92 94 99 94 95 101 101 97 97 94 100 108 100 97 93 93 91 93 93 95 99 100 94 84 90 99 99 101 99 95 92 93 92 90 90 91 90 89 89 92 91 90 90 92 92 93 93 92 91 90 93 95 95 95 95 91 85 82 84 84 84 86 86 85 84 83 83 82 83 80 80 83 84 83 83 81 82 82 81 82 81 85 88 83 86
92 86 89 91 89 89 89 90 93 102 90 91 92 91 89 85 84 91 92 91 89 90 101 105 91 83 79 93 94 93 92 90 89 92 94 92 92 93 94 92 90 92 90 89 88 90 92 92 94 95 91 90 91 91 93 92 91 90 90 89 89 90 95 96 95 98 95 87 99 102 100 98 94 91 92 92 93 91 90 89 89 90 94 93 91 92 92 93 94 93 90 90 92 94 99 95 95 95 90 82 82 83 85 84 85 86 83 84 85 84 84 83 81 83 84 83 83 83 80 82 82 83 83 83 86 87 87 85
85 87 92 90 90 90 91 97 93 93 89 87 89 88 90 89 87 93 91 93 89 88 97 101 96 88 85 97 92 93 91 88 89 92 89 92 92 92 93 92 92 90 90 91 90 88 90 90 91 90 90 91 91 91 91 100 95 92 92 92 90 89 90 91 93 94 97 95 100 99 102 99 93 90 91 92 92 94 94 96 92 93 93 91 92 93 95 95 93 90 90 90 93 95 94 96 95 95 91 81 82 82 83 85 84 83 81 82 84 83 83 81 81 82 82 83 82 81 81 81 84 84 83 83 86 87 87 87
86 95 96 91 96 91 91 94 92 90 85 89 88 88 88 89 86 88 94 92 87 87 89 97 94 85 91 95 91 91 87 87 88 95 93 90 91 92 94 93 92 93 93 94 93 92 92 92 93 93 92 93 93 92 98 104 94 93 94 93 93 92 91 89 90 91 91 95 96 94 97 96 91 90 91 92 92 91 92 91 90 93 91 91 92 93 94 93 90 89 91 93 93 94 96 98 93 99 93 82 83 91 87 85 83 82 82 81 82 81 81 81 80 81 84 82 82 81 83 85 85 84 83 84 86 86 87 88
87 99 96 89 90 90 91 91 91 85 86 90 88 89 90 91 86 84 95 100 87 87 90 87 81 79 88 87 90 89 90 89 90 97 92 91 89 87 91 92 91 93 93 92 92 93 93 94 93 95 92 92 93 92 91 93 94 95 94 96 95 96 100 97 92 90 90 92 93 91 91 92 91 90 91 93 94 93 91 90 98 96 90 93 94 94 95 89 89 90 92 97 94 95 97 95 94 91 83 85 84 86 85 84 83 85 82 81 84 82 80 81 80 83 83 82 82 83 84 84 86 86 87 89 89 89 89 88
90 100 94 88 90 88 84 84 83 83 86 90 91 87 90 93 88 88 91 100 90 87 90 88 79 83 81 83 92 89 92 89 87 92 91 92 90 89 89 89 90 91 91 91 91 92 93 98 92 93 94 92 92 93 97 95 94 94 94 102 99 100 102 99 92 93 92 90 91 90 90 90 90 90 92 90 90 90 90 90 93 92 90 91 91 91 89 89 91 93 94 96 94 98 106 94 92 87 84 83 82 81 82 82 82 84 85 83 83 82 82 82 80 84 90 86 85 86 87 88 91 91 90 89 89 95 92 88
96 92 91 89 86 81 83 85 82 84 85 89 89 87 88 89 89 89 96 94 90 86 89 89 80 84 81 86 93 91 92 89 87 87 92 91 90 86 94 96 90 89 91 93 94 94 93 95 96 93 93 92 92 92 94 94 91 87 87 90 91 89 89 91 93 94 93 93 93 92 91 92 92 94 95 93 93 93 94 92 93 98 94 93 93 92 93 94 93 94 93 94 94 93 92 92 87 83 83 84 83 87 87 85 83 84 87 85 84 84 83 85 89 90 94 99 98 91 89 90 93 90 90 88 91 89 90 91
93 87 85 83 81 82 84 87 85 83 84 87 88 86 86 88 93 91 89 89 89 84 87 91 85 85 88 87 93 94 92 92 89 87 91 92 90 88 90 90 92 90 90 89 95 94 90 96 107 92 91 93 89 90 90 88 88 90 89 87 84 83 84 88 96 93 92 93 93 93 96 94 91 93 93 96 94 94 94 94 97 97 88 89 98 101 96 93 93 93 92 90 92 92 94 89 84 83 85 88 92 91 91 91 95 94 91 87 87 87 89 91 92 93 95 95 94 90 94 102 95 89 90 91 91 92 93 92
85 84 86 87 86 84 83 85 83 82 85 88 88 85 86 90 91 91 89 87 105 98 85 89 86 79 90 89 91 95 93 92 91 90 91 95 92 87 88 92 91 90 86 85 85 88 88 89 89 85 89 90 88 87 86 86 87 86 84 84 85 87 87 85 90 91 92 92 93 95 97 92 93 93 93 92 92 93 93 95 97 97 91 93 103 101 94 93 92 91 92 92 94 91 84 86 85 88 90 91 92 95 103 98 96 91 90 89 92 91 93 92 88 89 88 86 87 90 99 112 98 89 90 92 92 92 92 91
86 85 89 88 86 84 85 82 81 83 85 88 89 87 90 99 89 91 90 87 103 115 83 84 85 83 92 105 100 97 95 94 93 92 88 88 90 90 87 85 88 90 88 92 145 96 85 87 88 88 88 89 87 86 88 89 90 89 88 89 93 94 92 89 88 85 87 93 92 92 91 96 92 96 100 93 92 94 94 93 93 94 96 96 94 92 102 99 92 94 94 96 93 87 85 83 85 92 92 92 92 91 94 91 89 89 91 90 88 85 86 89 104 108 90 88 81 84 86 87 87 86 87 88 88 87 86 88
86 86 85 85 83 86 85 81 81 82 87 88 90 91 87 88 93 91 89 88 83 88 93 88 84 83 86 99 105 95 98 102 103 98 91 89 94 92 91 88 87 87 87 89 96 89 90 88 89 90 90 93 90 90 88 89 91 91 93 95 93 90 89 90 96 95 86 85 91 93 92 97 91 92 92 99 105 95 94 94 94 94 102 96 95 92 101 107 103 86 87 88 88 83 82 84 92 93 95 91 89 87 87 88 86 87 86 85 88 85 89 90 97 104 93 82 82 95 82 87 87 84 85 84 84 83 83 86
87 85 84 84 82 85 86 82 81 83 91 88 87 88 86 87 96 91 89 88 87 86 92 94 87 84 84 92 92 101 96 99 96 99 96 92 92 89 91 92 91 92 92 89 90 92 92 91 90 90 91 90 92 92 90 88 91 94 96 93 91 94 98 99 95 101 98 87 87 94 94 92 89 90 90 92 96 92 92 92 93 94 94 92 94 95 88 93 93 84 85 85 85 83 86 89 89 87 84 88 89 88 90 86 87 89 89 88 90 90 90 88 87 92 90 89 87 88 87 87 87 85 88 85 96 95 82 85
86 85 84 83 85 85 84 84 81 82 90 90 89 87 88 87 89 90 92 92 89 88 85 88 93 91 86 95 105 100 92 94 94 93 90 94 99 92 88 89 91 93 95 92 90 91 89 94 86 90 91 93 95 98 88 86 87 89 89 91 91 93 93 93 94 92 97 99 88 87 85 85 86 85 85 84 88 87 87 87 87 89 89 87 87 85 84 84 85 88 90 84 84 91 90 91 91 89 87 91 91 92 92 91 93 92 88 94 95 91 90 90 94 93 92 89 89 97 100 100 100 96 89 85 89 93 85 89
85 84 84 84 85 87 91 82 82 82 85 91 91 92 91 86 89 90 91 90 88 89 86 87 94 90 84 93 102 110 103 95 103 95 91 91 95 92 88 88 87 86 88 91 91 88 87 90 86 88 89 89 93 91 92 94 93 90 89 90 87 88 89 89 90 90 91 97 103 102 95 90 88 84 82 82 84 84 83 84 85 84 82 84 85 84 85 86 86 85 84 88 104 96 94 92 93 92 93 92 89 90 91 93 93 87 90 93 92 93 95 91 96 99 92 93 95 96 96 96 97 100 101 95 85 82 87 87
83 83 84 84 86 86 84 81 82 81 82 86 91 91 92 86 88 90 90 90 88 110 105 89 91 90 85 97 90 89 94 97 103 98 94 93 89 87 87 89 87 85 86 86 90 90 90 86 86 95 96 90 94 93 98 97 91 90 90 89 89 88 88 88 89 89 91 92 98 101 100 100 96 94 93 91 97 93 100 99 97 93 84 82 84 86 83 81 82 88 88 93 99 93 94 92 91 90 91 91 93 95 94 95 88 87 93 91 93 92 92 95 92 96 96 95 95 93 93 94 92 92 100 102 98 90 90 85
85 84 85 83 84 88 84 81 81 81 81 82 86 87 86 88 87 89 92 90 89 97 122 89 89 92 86 90 90 92 89 88 98 101 97 93 88 88 88 91 92 89 87 91 96 93 94 90 90 92 89 88 93 93 96 93 91 89 90 89 89 86 86 87 89 89 88 88 89 91 88 89 92 91 92 92 94 92 96 101 102 105 95 89 85 84 87 94 94 94 93 95 93 91 91 91 88 87 90 92 93 92 89 92 86 91 93 91 90 94 100 97 103 97 92 92 90 92 94 94 93 93 102 98 100 94 84 86
84 87 86 88 95 93 89 83 82 82 81 81 84 84 83 88 88 87 90 89 91 91 88 87 91 94 86 94 94 95 92 86 95 106 103 93 90 88 90 91 92 96 89 90 94 98 98 98 93 91 92 91 93 90 88 89 95 90 89 86 88 88 87 88 88 88 88 88 87 91 92 90 95 92 89 87 87 90 92 96 92 96 94 93 95 95 101 107 103 93 93 94 95 92 87 83 83 89 88 92 90 88 89 90 91 94 93 93 92 93 93 92 93 93 91 91 92 94 96 96 95 96 99 93 95 100 88 96
84 87 88 98 93 90 88 94 89 83 80 80 80 81 82 84 86 86 82 88 91 90 88 87 86 92 86 91 97 91 93 84 87 96 92 89 95 89 89 88 87 94 92 90 88 94 101 100 92 88 93 105 103 91 89 91 90 90 91 87 88 91 90 90 92 92 91 90 93 97 97 96 94 92 99 89 87 91 93 94 94 95 94 92 92 93 92 92 92 95 95 97 93 86 84 82 82 81 85 89 90 91 91 92 92 92 91 89 90 91 91 90 91 92 91 90 89 92 92 97 101 96 96 94 93 98 94 91
85 85 91 91 89 87 89 90 85 83 80 80 79 78 80 79 82 91 90 87 90 89 87 86 85 88 87 88 90 91 90 90 88 86 80 79 91 92 91 93 92 91 90 89 89 90 95 96 91 89 104 107 104 101 93 93 94 94 93 91 87 87 92 91 92 95 92 89 92 97 97 97 96 96 97 95 93 94 95 94 94 95 96 94 90 90 95 94 95 99 94 88 86 85 85 82 81 86 93 90 86 91 96 94 93 94 94 89 90 92 96 95 95 97 95 93 89 95 95 94 104 99 99 98 94 95 100 101
82 87 87 86 88 89 88 89 83 81 80 78 78 78 78 78 84 87 89 87 88 90 91 89 88 86 84 88 88 89 89 89 89 90 87 82 92 91 90 90 93 94 94 90 90 89 93 91 87 90 100 102 103 101 101 100 92 98 94 94 94 88 90 99 90 92 96 94 90 91 95 96 97 98 98 100 98 98 98 101 96 98 97 96 92 90 90 92 95 92 89 88 86 87 87 85 87 92 94 92 93 94 93 95 97 102 90 82 82 87 91 93 90 89 92 97 90 88 94 96 94 99 98 97 95 92 95 101
81 86 86 86 87 89 89 88 84 83 80 81 79 80 80 81 84 86 87 87 88 90 90 89 86 86 84 86 88 89 89 89 89 89 86 80 87 92 89 89 93 96 96 90 87 92 91 91 93 91 90 94 101 101 103 102 92 88 89 89 94 92 92 103 92 98 93 96 94 95 96 95 95 98 100 103 100 101 101 99 99 99 99 98 94 92 91 91 93 91 90 90 90 91 94 93 92 100 102 91 92 93 91 89 89 103 90 82 79 82 85 86 87 85 85 96 92 93 94 95 96 99 97 96 97 95 94 96
86 85 85 86 89 88 89 86 84 84 80 81 78 79 78 79 82 87 88 86 86 88 90 90 85 86 85 86 88 88 89 90 89 89 86 80 85 92 88 89 89 90 95 97 92 94 94 93 92 93 96 90 90 90 93 91 88 88 91 97 90 92 89 89 90 93 88 90 94 104 96 100 103 95 98 101 103 104 101 103 103 99 98 98 95 94 91 91 91 93 93 94 95 92 93 95 95 107 108 100 97 94 99 93 85 92 95 85 83 82 83 85 87 91 89 92 91 90 96 96 96 97 96 95 99 100 95 98
86 84 86 89 90 89 88 82 86 82 81 81 78 78 80 81 81 84 86 87 89 88 89 95 87 85 86 86 89 89 87 88 89 89 89 85 84 92 88 86 84 88 95 95 90 86 87 89 91 89 96 87 85 87 94 90 103 94 98 103 95 93 91 85 85 85 92 87 90 96 94 95 97 94 95 96 101 102 104 103 102 102 99 100 97 93 91 91 91 91 93 94 92 91 91 94 102 107 109 101 100 94 93 94 100 94 88 87 84 82 81 84 94 98 93 91 87 88 95 96 101 101 98 96 96 103 96 97
85 85 88 89 88 88 85 79 86 83 81 79 81 83 79 83 81 82 83 85 91 90 88 86 88 84 82 82 83 85 87 86 86 88 90 90 85 84 90 86 83 89 86 78 78 82 88 92 90 85 82 82 84 93 91 91 101 103 101 116 114 99 91 87 87 87 89 90 88 95 95 95 96 95 98 96 97 102 105 104 103 102 101 101 100 94 94 91 89 88 92 95 93 94 97 93 103 106 111 104 93 88 87 93 102 93 87 86 86 86 84 84 88 92 89 87 88 92 96 95 96 99 100 97 96 101 95 89
87 89 89 87 87 90 79 83 89 87 79 79 80 80 80 80 80 79 81 83 87 89 86 84 91 85 81 83 82 85 85 87 85 87 89 89 86 84 82 86 85 79 78 77 81 86 89 91 91 88 85 85 91 98 93 90 93 113 107 103 118 102 94 87 88 88 87 87 87 90 95 104 107 94 97 98 99 101 102 105 103 101 101 101 98 92 91 92 90 92 93 99 98 96 103 95 95 94 94 91 91 91 89 87 83 87 85 84 87 89 85 93 97 96 94 96 95 89 95 94 93 93 98 96 98 102 94 87
87 88 89 87 88 86 83 87 84 81 79 78 77 80 81 81 81 80 80 82 83 85 82 84 92 91 88 84 81 82 83 84 86 88 88 89 88 87 82 78 78 78 78 79 79 83 89 91 88 85 85 87 91 92 93 91 91 93 96 101 103 100 100 87 87 88 86 92 87 93 96 101 100 95 95 95 100 100 101 102 103 102 102 102 102 98 94 93 89 91 95 103 96 91 91 90 98 93 85 87 92 85 82 82 82 82 85 86 89 86 84 90 97 95 88 94 93 90 93 94 93 90 97 93 101 109 98 94
90 88 88 88 86 81 84 88 84 82 80 79 79 80 81 82 82 82 82 81 81 81 80 81 88 91 92 94 89 84 82 81 81 83 87 88 89 88 82 78 80 80 79 80 81 82 84 84 88 89 89 95 90 88 89 87 87 88 89 92 96 100 100 88 89 92 93 101 91 89 95 99 97 95 96 96 104 100 101 102 103 104 102 101 102 100 97 94 95 92 91 94 90 89 90 87 87 85 87 86 84 81 82 83 81 83 89 90 85 83 81 81 85 86 87 92 95 92 91 99 91 90 95 94 99 98 95 95
88 86 87 86 82 83 87 86 85 83 80 78 78 77 78 81 82 81 83 83 81 81 80 80 81 90 92 93 93 91 89 85 81 82 83 84 86 85 85 93 92 83 81 81 85 86 84 91 94 91 89 90 87 87 89 88 86 88 86 88 91 93 90 91 96 105 102 98 94 91 92 98 98 95 97 98 104 100 102 101 100 105 102 101 102 101 98 97 98 97 103 93 88 88 86 84 85 87 87 84 83 82 82 82 82 87 87 85 84 83 84 86 87 87 99 103 103 100 92 93 94 91 95 95 101 99 95 95
86 88 87 86 82 87 90 88 84 82 80 78 77 77 80 78 79 80 82 83 84 82 82 81 81 88 95 94 91 92 92 91 92 90 84 83 81 83 86 93 92 89 84 83 90 90 87 97 95 93 96 90 84 84 88 89 88 86 85 87 89 91 91 98 105 103 100 98 98 94 94 97 98 98 98 99 99 100 101 102 102 101 99 101 102 98 101 102 100 98 103 96 90 87 84 86 92 89 85 84 83 81 82 83 83 83 85 85 85 86 98 88 87 86 94 94 98 98 94 94 91 93 93 97 99 94 95 96
87 91 87 85 85 89 88 86 84 81 81 78 77 76 79 79 79 79 79 81 84 85 85 83 82 89 97 91 91 89 89 87 91 95 90 83 82 84 82 87 96 96 93 87 87 89 89 91 94 96 96 95 89 85 85 86 85 87 87 85 87 88 99 101 103 101 99 98 97 96 93 96 102 102 97 98 96 99 102 101 105 110 100 100 103 98 102 103 103 99 98 96 93 88 85 85 87 86 83 82 82 82 87 87 91 90 90 88 90 87 87 87 90 88 92 93 88 96 94 93 92 99 95 101 98 92 97 96
85 86 87 83 84 87 85 86 83 81 80 76 77 78 80 81 81 76 78 81 83 87 87 85 84 87 86 85 86 90 91 88 86 92 94 90 86 85 84 81 83 87 93 93 93 93 90 92 96 97 96 95 91 88 86 86 85 85 87 86 86 91 100 105 102 100 95 97 101 98 98 94 93 99 102 101 101 103 99 102 106 107 103 102 101 102 102 103 105 98 98 99 92 94 88 87 90 87 84 82 81 89 98 93 97 107 108 101 100 96 92 85 85 94 101 104 94 93 93 92 95 86 95 106 96 91 98 95
86 87 84 82 87 87 85 85 82 82 80 77 76 77 80 91 85 81 80 80 83 92 89 86 84 99 93 87 90 93 90 88 85 88 95 93 93 89 86 88 91 88 84 85 88 93 93 91 93 97 96 98 93 89 85 89 89 87 86 84 87 88 92 104 104 103 100 102 100 98 99 97 92 97 102 103 106 105 94 97 104 104 103 100 99 101 101 105 104 79 95 97 93 95 98 90 90 85 82 83 85 92 98 97 92 105 106 101 100 96 96 94 92 100 101 101 96 99 92 93 95 93 99 105 105 94 99 96
89 85 82 83 88 86 85 85 85 84 80 77 76 76 77 80 99 84 81 82 82 83 84 88 88 89 90 88 89 91 89 93 86 83 88 93 94 95 93 88 91 99 100 87 82 84 85 86 89 94 96 99 98 100 93 89 88 90 85 82 89 87 89 94 104 105 104 105 101 100 98 95 96 91 99 103 106 98 87 94 101 106 102 106 99 102 101 104 107 101 100 95 93 96 102 92 86 87 89 87 89 92 97 95 93 95 98 96 94 94 96 98 100 102 93 89 95 100 99 91 93 97 100 106 104 98 99 97
90 83 80 80 85 87 85 84 83 82 77 76 76 77 78 77 78 78 78 79 78 80 83 87 88 86 90 88 89 91 89 90 86 82 88 90 93 93 96 92 85 85 92 89 82 83 84 84 86 90 94 96 97 96 95 93 90 89 87 84 89 88 89 90 93 107 107 101 102 104 102 95 90 92 91 95 97 90 85 91 100 107 103 106 103 103 100 103 105 103 100 94 94 97 102 90 88 96 99 94 86 93 111 100 93 91 92 93 93 96 94 95 92 91 87 89 100 98 100 93 93 95 97 102 108 93 90 95
85 78 78 81 83 89 83 83 82 78 76 77 76 76 77 78 81 78 77 78 78 78 83 84 83 86 87 88 89 90 91 89 85 83 86 89 89 95 95 95 92 85 90 89 86 82 80 81 84 88 93 94 96 96 98 97 97 94 90 83 84 91 88 88 89 92 95 99 100 100 99 99 94 91 90 88 91 91 85 85 94 98 103 104 103 104 99 101 102 100 97 93 96 102 101 91 98 101 101 99 90 96 102 105 93 88 90 90 92 96 95 94 91 89 85 89 98 98 100 90 91 95 96 99 104 96 106 97
80 76 77 78 81 84 80 79 76 75 75 76 75 74 75 79 84 85 80 79 78 76 82 89 81 84 86 85 87 90 88 86 85 83 85 92 92 92 93 93 96 87 86 92 95 95 91 82 82 87 93 93 94 96 97 96 95 97 94 89 84 88 91 90 88 90 93 91 94 97 99 97 99 92 94 97 99 91 86 84 88 88 91 98 103 101 101 101 101 101 96 96 97 101 102 94 98 102 100 99 92 97 99 101 97 90 89 89 91 94 93 91 90 90 85 85 95 98 98 93 91 107 100 95 102 101 109 101
77 75 75 75 79 81 76 74 78 75 75 76 76 72 76 76 77 79 79 78 77 74 79 82 84 84 85 86 87 90 90 86 87 88 85 94 94 92 89 89 95 91 87 90 95 94 96 90 79 84 92 96 96 92 96 95 96 96 96 97 92 87 87 91 89 86 86 89 90 89 95 99 100 96 94 96 99 92 88 84 83 85 83 91 101 101 102 100 100 100 98 97 100 101 107 100 98 98 99 99 93 97 99 99 99 97 90 87 96 93 91 90 91 91 84 83 94 99 99 94 94 101 98 95 104 103 103 98
74 73 74 75 78 78 75 76 76 76 79 76 75 75 73 75 77 79 78 76 77 77 78 81 87 96 83 85 88 93 88 87 86 87 86 99 98 96 92 90 89 91 89 88 91 93 96 95 88 83 89 92 94 95 92 92 95 95 95 94 97 92 85 89 90 88 87 87 88 89 89 93 98 97 90 97 101 90 88 89 86 84 83 86 95 102 101 98 100 98 100 100 101 103 102 92 94 91 99 98 96 97 98 98 98 98 93 86 91 92 92 89 88 90 86 93 94 98 100 96 94 91 92 97 98 101 104 103
75 74 75 75 75 75 76 77 75 76 77 76 76 76 76 74 76 76 76 77 76 78 79 81 84 92 86 89 89 93 88 90 86 87 83 90 99 93 93 93 94 90 89 88 90 95 98 94 95 89 84 88 87 89 93 93 92 94 97 94 95 94 84 83 86 89 88 89 89 88 88 89 96 96 91 95 104 89 84 85 85 83 84 85 84 94 104 100 100 100 99 102 102 103 103 99 100 96 97 97 93 94 97 98 99 95 101 88 89 90 91 88 86 84 89 97 101 100 99 96 96 93 93 95 101 98 99 101
77 77 78 80 77 75 75 74 76 76 76 77 74 74 83 75 74 76 76 76 75 77 78 80 81 83 82 82 85 87 91 88 84 83 82 87 90 91 92 93 97 94 90 87 88 94 94 95 95 97 84 84 87 88 92 93 91 92 94 96 98 97 95 94 85 85 89 87 88 87 86 92 98 98 97 97 94 90 85 84 85 83 84 83 84 85 91 97 102 101 98 99 102 107 104 95 89 98 98 98 91 89 98 98 98 95 96 87 90 89 87 87 88 82 100 105 107 101 98 97 95 96 96 92 91 96 97 100
85 84 85 86 83 82 85 78 76 75 76 76 75 76 78 77 74 74 74 76 75 75 78 78 81 83 85 83 85 85 100 88 78 80 83 85 90 90 93 96 100 93 92 86 87 90 93 94 96 96 82 81 83 86 88 92 93 92 92 94 99 100 94 98 92 84 80 86 89 91 93 91 93 96 97 95 94 94 90 87 83 84 83 81 81 83 79 88 101 103 100 100 101 103 87 85 93 94 96 100 101 91 98 98 96 94 89 86 87 87 87 85 85 79 102 98 96 100 97 97 97 95 96 96 92 94 97 99
102 91 90 83 85 86 90 83 81 77 78 74 77 77 76 77 75 74 74 75 76 76 77 78 80 83 85 82 84 85 96 86 79 82 83 82 87 90 90 97 94 93 93 90 86 87 89 95 95 95 83 82 82 83 83 87 92 92 92 95 94 94 96 99 93 95 86 84 87 93 94 95 90 94 96 96 95 94 96 106 92 87 87 87 83 83 81 86 101 103 98 100 104 90 86 87 89 83 94 100 99 91 98 97 96 95 88 87 87 83 85 87 85 81 84 95 96 99 100 98 98 97 95 96 95 95 98 99
84 85 85 82 83 82 83 85 86 82 78 76 74 76 76 76 75 78 74 74 76 75 75 76 78 83 87 82 84 86 85 86 88 82 80 80 82 96 96 88 90 92 91 92 85 84 87 93 97 93 85 83 84 81 80 84 86 88 90 93 99 98 93 92 92 93 101 95 83 90 92 93 91 95 95 96 96 96 94 98 96 93 88 92 85 86 86 84 82 87 100 106 95 81 87 87 85 93 97 100 94 88 96 97 98 94 90 88 86 86 86 86 83 80 84 93 98 99 100 98 98 98 95 95 99 98 96 98
84 83 81 81 82 82 82 82 85 87 83 80 75 78 85 74 75 76 77 76 73 76 76 74 74 78 87 83 82 85 86 90 90 87 82 79 79 86 94 90 88 88 91 92 90 84 82 89 95 91 84 84 84 83 80 80 83 85 86 89 93 98 98 92 89 91 92 92 88 85 86 91 91 93 98 96 95 96 95 94 94 94 90 85 84 86 86 86 83 83 85 91 83 84 88 93 86 94 101 99 87 87 95 96 95 92 88 88 85 88 84 83 83 80 86 93 96 101 100 100 100 97 98 99 104 95 97 98
80 81 83 84 88 95 80 83 84 84 85 82 80 77 78 73 73 76 77 76 73 74 76 75 75 75 74 78 81 85 88 89 89 89 86 80 79 82 86 91 91 91 91 91 93 88 84 86 89 90 83 84 81 84 84 80 82 85 85 86 88 90 95 92 92 91 94 93 93 89 83 84 89 89 99 99 96 95 96 98 96 95 95 89 84 84 83 83 84 81 80 83 86 90 90 91 82 91 99 91 85 90 98 97 97 90 86 89 86 89 84 82 85 84 86 95 96 102 101 102 100 98 99 97 98 100 97 100
82 84 83 83 86 83 81 81 82 85 83 83 81 80 74 73 72 76 77 74 73 73 74 76 79 80 75 75 77 83 85 86 89 90 87 85 81 85 87 87 90 92 91 91 93 95 88 85 86 83 81 79 80 84 83 82 82 83 84 85 86 87 89 93 94 93 93 91 91 90 86 80 84 90 89 94 98 97 95 97 97 94 95 89 86 84 84 83 83 81 81 82 83 84 85 86 85 88 90 86 84 79 97 98 98 95 90 88 87 89 84 83 83 85 92 92 97 103 104 102 101 102 101 100 99 106 98 100
81 81 82 80 82 78 83 81 79 92 87 83 83 81 76 74 74 72 74 73 73 73 73 74 74 79 74 73 75 81 84 85 89 90 90 90 81 84 89 86 87 90 92 91 92 94 89 86 84 80 80 79 83 100 82 83 83 82 83 83 84 89 93 95 95 94 93 93 92 87 86 81 84 92 92 89 88 97 98 94 99 95 95 91 88 86 84 82 82 81 81 81 82 84 85 83 86 85 90 87 83 84 97 97 98 92 89 87 88 88 87 84 83 85 92 89 95 101 101 101 104 106 101 102 100 100 99 99
