121 112 114 112 113 109 104 100 107 103 91 93 107 118 111 110 104 111 105 110 119 107 104 104 102 97 96 92 98 108 105 98 106 102 104 106 118 125 122 107 106 119 115 118 121 123 112 124 118 124 125 103 94 105 105 107 116 127 119 121 120 123 116 114 120 116 111 109 101 103 100 104 118 106 103 109 114 111 117 112 134 197 223 243 254 252 252 252 251 251 250 249 251 252 253 252 253 253 250 229 183 138 116 113 108 114 109 114 151 190 209 226 246 252 252 252 252 252 252 252 253 252 252 252 252 244 221 164
115 104 101 105 98 103 95 92 102 113 98 92 102 115 111 113 117 117 105 114 113 109 115 117 107 98 87 109 103 110 121 115 114 111 105 108 110 120 123 113 118 132 117 119 127 137 111 124 121 138 127 117 106 110 104 107 115 124 136 131 120 114 107 118 109 108 100 115 124 128 113 113 107 106 117 114 113 124 128 122 136 149 135 169 208 232 250 254 252 252 251 247 249 248 249 248 248 249 249 252 253 243 224 200 151 120 110 156 230 255 255 255 253 252 251 251 251 252 252 251 251 251 251 251 251 252 253 250
92 92 91 86 93 101 101 98 103 113 108 106 108 109 107 104 99 107 111 114 108 103 106 118 119 106 94 104 113 126 127 120 127 117 107 104 104 110 122 114 118 124 111 110 115 125 105 111 113 118 112 119 116 115 110 115 111 115 125 126 128 124 110 112 110 113 107 113 118 113 110 110 108 119 126 131 128 114 121 115 116 141 130 122 124 133 169 221 248 255 254 252 252 252 251 248 248 251 252 253 254 255 249 229 200 131 105 122 152 183 218 241 251 254 254 253 252 252 252 252 251 252 251 252 251 251 251 251
100 91 84 95 109 106 105 100 106 112 108 115 111 105 110 107 109 113 114 112 107 104 106 102 111 107 102 104 105 102 105 123 126 108 110 111 116 109 105 108 111 109 106 106 110 114 103 99 104 113 109 113 111 113 112 119 110 116 124 115 111 125 122 120 112 111 116 118 104 93 101 104 107 115 123 132 126 117 112 107 111 119 119 121 123 118 142 165 174 201 232 249 253 253 255 253 251 242 228 216 192 171 150 121 110 101 95 106 105 114 122 152 194 220 237 250 254 254 252 252 252 253 252 252 252 252 254 250
110 111 108 106 109 107 107 109 111 115 109 108 101 101 93 101 113 108 110 104 107 113 111 104 118 105 104 106 103 101 96 108 99 99 112 118 119 108 106 107 105 115 118 142 191 191 106 111 123 106 109 115 114 108 107 106 104 103 111 125 167 200 208 206 181 132 112 115 108 99 105 114 124 114 122 132 123 121 121 119 119 116 113 126 128 123 131 158 158 167 183 208 230 233 214 195 180 170 141 119 114 121 117 119 117 107 108 116 100 106 113 112 124 132 151 187 221 242 250 253 254 254 254 253 251 245 225 201
105 102 104 103 108 104 102 107 105 109 106 103 99 98 96 101 105 103 113 109 106 114 114 106 108 103 109 110 107 99 101 104 100 102 118 116 112 115 116 109 110 108 113 129 120 161 113 163 147 97 106 115 109 109 112 110 102 108 167 222 231 222 229 229 217 213 174 120 106 101 113 115 120 105 118 121 120 128 133 128 139 130 127 140 126 126 121 131 183 222 217 219 228 229 211 189 172 159 124 116 114 121 115 113 115 115 116 119 118 119 115 105 105 101 113 127 163 197 207 217 231 242 235 203 202 184 158 149
91 92 104 104 97 96 99 102 106 105 104 102 104 98 99 105 108 103 111 112 111 110 107 106 104 99 107 108 106 104 109 116 117 112 124 114 111 111 131 130 116 112 102 108 108 135 140 115 106 99 98 104 105 108 108 113 111 165 207 210 215 223 221 224 218 201 207 142 115 120 122 117 114 102 115 121 113 105 116 119 141 160 158 131 119 120 122 124 143 175 179 174 198 240 240 229 214 204 136 121 115 113 112 106 108 109 107 118 125 118 109 97 98 105 103 103 127 156 184 195 190 189 193 181 175 147 117 120
102 103 100 100 97 95 100 105 116 161 161 166 182 186 179 173 167 161 136 115 119 116 108 108 107 100 95 92 93 109 149 116 113 118 119 116 109 103 126 134 123 130 132 129 135 111 114 116 114 119 109 112 112 106 108 105 139 194 200 212 222 228 221 217 222 220 211 182 124 116 118 115 113 113 122 122 105 94 111 120 121 129 143 129 120 126 126 122 126 112 105 117 121 155 162 183 212 188 115 113 110 108 106 109 105 99 103 104 112 121 118 115 116 114 117 112 114 111 132 167 170 166 185 176 138 103 97 101
105 107 111 106 91 91 97 98 196 255 247 237 244 253 254 245 242 245 242 203 145 125 114 108 112 108 108 107 105 104 126 163 118 106 99 105 111 113 116 112 122 137 135 129 135 110 124 122 108 112 114 125 116 111 105 112 166 187 207 213 209 218 227 228 219 228 227 208 139 118 117 117 114 127 135 130 114 112 118 123 124 112 124 129 122 135 128 119 114 113 118 119 120 117 112 118 133 128 112 115 105 101 101 112 105 105 104 109 109 120 123 123 110 112 111 109 132 133 119 107 109 139 163 146 108 103 115 113
101 106 113 107 95 96 91 128 236 239 229 241 235 237 246 250 249 245 243 249 245 214 162 127 104 107 110 111 114 113 97 133 135 100 104 117 152 136 133 114 115 141 129 122 127 122 120 113 113 109 115 117 121 113 103 140 171 195 208 202 197 197 222 230 224 222 233 230 150 118 109 117 114 119 122 134 124 124 123 137 126 121 122 127 126 122 124 116 110 113 113 111 103 104 109 113 104 112 129 128 120 113 108 93 98 108 104 113 112 117 120 99 95 119 114 120 132 134 127 116 110 109 127 117 115 158 194 213
102 104 104 104 108 106 117 206 248 239 231 243 245 243 233 231 237 241 241 240 244 254 253 223 173 133 109 116 133 133 131 129 123 123 125 125 137 146 159 121 105 126 138 121 120 126 127 126 122 123 120 120 116 121 119 145 186 205 203 207 227 212 213 218 214 222 218 229 184 120 110 113 112 105 123 137 130 141 135 134 118 127 117 120 126 124 116 107 112 113 122 116 99 96 103 114 104 114 116 113 121 131 123 107 113 129 129 116 111 119 111 109 117 120 132 140 141 132 134 151 174 184 211 220 231 250 255 249
104 102 105 98 104 99 148 240 244 246 247 247 246 247 239 229 226 234 243 250 247 246 248 250 254 238 189 133 121 114 111 117 113 122 131 137 127 129 127 133 128 133 130 117 111 116 120 121 121 130 131 118 114 128 128 160 198 204 197 213 219 212 208 201 193 205 205 206 201 172 163 169 159 140 130 117 142 142 132 142 123 113 108 108 121 113 108 104 110 115 115 120 107 89 99 118 114 116 109 117 130 143 155 146 123 129 135 128 126 121 111 123 136 125 154 186 209 223 241 252 255 254 250 243 230 219 199 191
102 101 103 103 98 89 128 153 209 248 251 249 251 251 249 247 238 220 224 239 244 236 228 207 223 231 235 207 127 118 121 110 118 117 122 121 120 127 128 136 129 127 130 117 115 122 128 127 128 119 117 117 117 124 126 174 198 198 199 199 198 198 184 173 187 187 186 187 182 167 138 140 147 144 146 113 117 121 129 123 102 100 100 105 117 101 98 111 118 106 113 122 115 104 100 113 112 108 110 118 129 135 155 137 123 123 124 137 146 151 150 177 216 233 247 255 255 248 236 228 221 211 213 208 197 196 182 186
94 96 103 100 100 99 111 110 143 182 192 194 203 202 192 190 194 185 178 172 171 167 159 139 134 156 167 168 202 129 100 117 119 127 115 108 117 119 115 124 123 122 129 116 116 126 138 127 128 126 119 111 115 123 120 172 195 181 191 185 168 155 172 189 192 154 135 133 126 99 90 101 95 99 127 140 125 116 119 112 110 106 101 108 114 111 103 113 137 120 117 133 122 114 108 116 107 105 117 119 116 119 118 119 122 129 138 167 196 214 241 255 253 247 236 225 217 214 206 208 201 204 201 202 196 195 184 179
97 101 104 101 98 98 93 101 122 160 145 145 154 158 153 151 152 145 151 159 155 144 154 152 142 150 127 168 164 92 85 104 107 122 110 107 113 104 96 124 132 124 129 128 123 114 123 120 124 130 135 132 127 135 130 161 185 187 163 141 121 152 179 160 132 111 97 86 86 77 74 75 72 77 96 135 138 127 115 117 121 116 112 119 115 116 107 124 133 114 112 126 130 123 124 127 112 112 115 109 109 123 157 191 208 232 244 249 250 242 224 209 202 198 200 207 209 211 209 208 205 197 191 196 189 190 184 174
117 94 90 96 100 108 81 91 107 143 141 134 142 153 151 149 152 141 139 150 150 137 141 144 138 139 113 110 101 91 89 104 124 111 117 120 116 116 121 130 127 121 121 108 107 94 124 131 119 123 136 140 122 128 122 157 160 145 130 138 162 142 118 96 91 79 76 70 69 67 66 72 77 72 74 114 129 119 123 116 111 112 119 114 113 115 110 121 120 108 113 123 121 115 136 138 142 156 163 200 225 243 251 255 252 243 225 211 199 191 183 181 197 204 207 210 210 207 204 202 197 187 192 191 190 188 179 172
95 96 91 98 101 98 93 91 90 106 127 132 129 138 138 125 120 130 125 122 139 125 128 120 112 114 113 102 104 115 113 115 122 119 117 129 124 138 153 145 136 119 115 102 99 88 90 118 119 141 144 136 124 141 126 140 135 142 153 154 119 94 81 76 65 56 50 45 44 46 51 55 59 69 69 113 114 117 144 127 112 106 113 107 110 113 106 111 140 137 145 164 171 191 226 237 243 249 251 251 245 235 227 214 203 200 194 195 190 188 186 181 192 197 196 198 206 207 204 197 191 182 187 182 182 179 169 161
98 102 99 110 102 96 93 100 94 80 84 87 85 86 93 82 88 96 98 98 110 110 115 111 110 103 108 116 121 113 113 103 109 123 115 124 126 123 134 120 135 133 131 127 121 103 94 103 109 126 135 132 131 153 134 147 157 162 118 90 83 72 58 51 49 50 44 41 40 39 41 45 49 57 68 116 112 111 116 124 114 117 116 124 130 142 168 196 220 223 222 235 250 255 253 247 241 229 212 202 199 196 199 203 204 204 199 196 186 186 181 180 187 189 189 192 200 203 201 195 190 182 174 162 160 167 183 195
90 97 100 104 104 104 96 98 95 93 93 91 83 86 97 94 92 94 105 110 115 123 144 100 106 91 98 97 109 106 106 92 100 110 119 126 120 114 128 124 128 134 132 145 194 157 119 118 117 122 135 143 140 139 166 178 143 98 78 68 59 51 51 61 66 71 61 44 40 39 40 44 50 55 86 134 124 132 106 111 138 162 187 223 242 249 255 255 254 246 243 234 218 204 216 206 209 209 206 203 204 204 205 204 198 197 193 185 181 186 182 184 194 197 188 185 201 203 194 185 192 193 192 208 216 233 248 251
94 94 102 100 104 103 100 95 87 94 107 107 99 100 109 147 152 118 123 133 120 118 185 125 104 126 117 102 110 113 113 107 115 116 124 130 135 126 128 128 125 134 126 125 154 163 160 128 130 125 123 125 137 174 164 120 97 69 58 50 50 60 75 88 92 96 91 58 45 48 58 46 50 59 117 142 164 197 203 227 247 255 255 254 248 243 230 218 218 205 205 203 199 189 204 204 208 205 204 201 202 206 205 199 196 197 193 183 179 184 185 184 194 188 180 173 196 208 218 228 242 247 251 255 254 253 251 251
97 87 87 83 102 96 99 102 97 89 97 107 117 111 101 117 197 178 161 170 125 168 167 187 97 93 96 97 108 116 123 122 130 122 127 132 131 122 121 125 126 125 126 133 129 130 136 127 127 122 118 129 159 145 102 75 60 49 47 54 68 85 98 100 93 109 109 79 55 73 75 53 49 154 228 238 251 255 255 252 245 218 173 197 210 208 201 208 210 203 198 202 202 197 202 198 204 203 199 195 199 206 202 196 200 203 193 179 178 180 180 180 189 192 198 211 234 250 253 253 252 251 251 251 250 250 251 251
86 93 93 97 110 107 112 110 114 110 117 115 114 113 108 105 112 193 163 106 89 155 194 209 137 173 192 140 108 109 104 105 116 118 126 126 133 130 119 115 121 121 131 150 132 118 116 121 114 119 117 148 135 82 66 59 44 45 53 68 84 95 85 70 71 103 117 94 67 86 87 54 147 255 252 243 237 226 228 224 216 163 131 182 204 204 199 201 208 207 200 201 201 196 200 191 201 206 197 185 188 198 198 205 206 204 178 162 161 162 165 191 218 238 248 251 251 252 251 251 250 251 251 251 251 252 253 255
114 127 119 119 116 100 100 123 127 114 113 113 109 119 118 108 102 132 138 107 95 102 197 215 166 179 199 229 190 141 121 100 119 120 124 120 132 129 120 120 124 123 123 135 124 120 118 121 121 138 141 138 88 67 63 52 42 47 50 58 89 102 91 102 107 113 117 105 70 77 85 111 212 223 222 211 213 208 210 218 221 194 184 197 197 197 199 206 205 202 204 200 198 189 192 190 202 200 186 180 188 193 192 203 213 211 192 193 207 213 217 238 241 243 246 229 237 247 250 252 254 253 255 254 252 244 228 202
112 103 105 110 124 118 109 122 127 117 118 115 112 111 111 106 95 97 104 98 89 82 114 198 161 106 119 160 178 148 144 128 129 127 113 116 118 120 121 124 117 121 114 118 118 123 123 132 136 134 143 103 69 64 58 49 44 48 51 66 96 116 105 98 115 117 116 112 84 97 101 179 166 153 168 188 205 210 202 204 202 197 196 194 194 192 202 204 199 207 205 195 195 186 192 198 204 188 165 163 188 208 220 227 246 250 249 250 252 253 252 252 252 251 250 247 240 242 247 236 227 222 219 216 199 179 162 149
109 104 108 124 124 126 118 130 125 121 112 122 114 123 115 120 120 103 105 104 90 96 95 113 126 106 110 114 127 126 124 125 120 118 106 115 116 117 107 118 122 132 132 148 129 154 134 134 129 125 139 106 66 66 57 51 47 51 66 87 88 104 96 74 69 94 123 118 95 98 97 80 56 57 76 100 117 137 181 197 193 194 195 194 190 186 195 199 200 211 200 195 193 192 190 182 191 203 194 198 222 244 251 250 251 216 209 253 251 251 251 251 252 254 255 255 247 208 163 136 110 99 124 153 137 134 122 118
120 108 112 113 114 115 126 133 137 128 115 117 115 119 126 137 139 118 119 130 108 103 103 110 107 114 116 107 121 120 114 117 114 102 100 103 109 104 107 111 118 124 132 151 146 143 152 188 226 236 242 216 76 64 60 54 49 53 73 78 72 91 109 81 88 102 130 128 96 109 94 49 45 54 64 74 85 98 124 171 198 193 197 194 182 183 189 190 187 193 186 184 180 190 204 222 242 253 255 255 251 246 245 248 252 225 217 254 255 255 255 255 252 236 216 182 142 113 102 107 95 86 105 105 95 98 93 94
128 116 123 128 113 117 109 114 125 129 134 125 110 124 119 130 136 122 124 135 130 114 110 113 107 110 112 114 116 111 103 108 113 97 101 103 94 102 112 106 134 138 155 203 208 227 237 252 255 245 242 236 163 87 57 55 52 57 65 74 90 102 132 103 81 117 147 135 95 115 83 52 46 59 60 77 99 112 133 150 175 190 193 187 176 175 167 171 175 186 200 216 238 249 253 251 252 253 252 252 252 253 251 251 252 255 255 244 224 208 195 188 177 148 129 116 107 102 99 101 93 95 94 95 90 126 140 143
117 115 117 128 127 110 102 110 116 114 129 136 124 137 125 121 131 133 117 118 124 126 117 99 104 105 110 121 106 105 102 104 113 109 108 128 117 121 161 204 235 247 255 255 255 249 239 222 195 161 169 186 195 191 125 81 64 61 76 92 95 103 142 131 128 138 141 119 91 80 53 52 55 63 57 74 95 107 117 125 138 175 185 188 191 186 158 153 172 218 234 247 251 252 252 250 252 251 252 252 253 254 255 255 247 220 186 151 107 102 121 122 127 120 123 117 102 100 108 98 99 108 127 159 152 154 141 145
122 107 95 98 111 98 98 113 112 114 130 130 140 133 147 120 123 133 118 122 120 116 112 124 111 114 115 116 106 108 94 108 121 144 170 212 217 232 249 255 255 245 231 209 187 182 192 191 163 132 158 179 173 176 193 186 165 138 96 111 103 111 151 155 122 126 123 101 89 71 45 47 55 60 55 72 91 104 109 113 116 151 226 241 250 253 252 249 241 238 233 215 246 248 250 251 254 255 255 255 249 237 213 185 143 106 95 103 105 105 118 123 106 106 107 107 103 113 138 165 170 135 183 184 152 123 92 85
130 105 97 87 120 94 101 105 107 121 130 133 124 168 142 115 119 130 122 123 116 121 129 124 132 145 125 153 184 209 212 228 245 253 255 251 249 243 232 208 187 171 176 174 173 177 191 187 164 141 153 171 175 177 172 185 180 168 106 127 113 116 150 137 107 80 86 90 88 66 43 47 48 54 54 69 81 97 100 115 120 118 216 255 249 250 250 251 254 253 252 245 252 252 255 221 177 218 218 186 154 139 123 122 107 97 108 111 111 103 102 102 109 125 96 86 131 192 135 124 129 113 106 106 106 91 71 94
113 100 100 90 107 106 106 95 101 108 117 123 142 143 118 112 121 110 110 119 115 136 151 152 179 199 224 255 255 255 251 243 231 209 201 193 184 179 188 176 177 186 185 183 178 175 176 175 167 144 165 173 183 182 174 186 184 173 114 107 87 94 95 92 130 102 75 86 78 60 40 55 44 52 55 67 77 87 99 86 77 103 156 247 252 252 251 251 252 253 255 255 252 251 216 147 87 133 172 110 117 118 101 98 101 105 115 118 124 134 157 185 200 157 88 86 93 116 113 107 148 176 115 104 107 117 166 193
102 106 109 105 111 103 95 104 105 112 106 102 112 106 117 133 150 176 198 225 232 243 249 254 255 251 234 216 196 177 158 163 165 161 174 170 173 172 183 185 189 190 191 188 182 180 180 173 166 159 166 173 181 180 182 192 185 183 122 76 84 93 84 117 128 92 80 85 68 55 39 61 44 52 53 64 72 83 79 72 97 127 123 189 255 254 255 254 249 243 223 208 204 205 166 113 81 92 176 142 95 102 106 115 119 133 158 184 217 238 243 179 129 97 75 64 60 91 105 97 120 123 128 96 98 123 157 213
104 106 93 91 103 93 93 103 96 114 123 145 169 193 216 235 248 255 255 255 249 237 225 203 179 174 156 152 151 157 160 169 173 172 183 177 175 175 179 187 182 191 196 192 194 194 185 175 165 166 166 168 178 180 182 189 186 180 137 68 77 93 89 83 88 68 78 77 59 53 39 67 45 47 52 59 67 81 86 92 78 87 66 70 175 244 229 210 185 166 168 183 196 194 142 104 83 74 130 216 132 130 146 160 185 234 231 228 191 153 212 206 116 76 71 58 60 77 121 131 112 125 121 117 125 130 127 130
105 112 124 142 160 172 173 180 207 226 244 254 254 254 250 242 228 213 198 190 178 169 164 153 147 166 172 170 168 177 175 177 178 176 179 177 180 179 173 178 178 189 193 187 187 190 184 185 173 170 175 167 168 173 171 169 161 175 144 82 69 66 93 108 112 93 84 66 55 53 37 65 47 43 46 55 62 95 102 60 73 61 72 104 121 180 177 172 171 159 173 189 190 159 110 91 90 100 109 191 223 172 162 160 157 179 132 121 135 102 122 232 226 111 63 60 80 94 108 179 138 117 123 134 146 129 122 116
230 242 254 255 255 255 255 251 244 237 223 201 189 174 185 192 175 181 183 178 173 170 170 159 146 161 172 165 164 177 178 176 188 190 179 175 181 176 174 179 178 188 188 181 183 182 185 176 164 170 172 158 149 146 156 185 199 233 191 173 85 78 91 105 96 101 92 65 56 52 36 62 48 43 44 48 56 69 62 62 74 89 115 101 85 129 167 155 167 160 164 158 127 102 92 116 142 168 173 165 204 209 120 108 114 111 123 107 127 128 94 135 178 164 131 103 103 121 86 89 125 110 106 118 122 104 131 117
255 250 242 236 228 217 198 192 188 180 170 164 173 177 186 195 176 178 189 184 179 175 162 152 150 169 166 159 157 168 176 181 194 193 182 182 177 172 170 178 184 188 183 183 171 161 164 152 151 154 184 188 190 186 177 193 221 244 236 250 137 82 87 79 83 102 94 57 58 51 36 62 48 41 44 47 52 63 47 71 88 101 98 90 134 127 117 114 110 122 137 135 142 178 186 212 219 201 161 110 89 177 196 122 129 140 143 141 129 119 125 120 130 121 125 121 116 119 105 99 109 95 92 72 62 61 85 123
199 193 189 179 180 185 184 184 187 186 178 174 177 180 194 187 178 181 182 181 172 169 162 149 160 167 159 160 164 170 179 189 188 188 193 193 175 172 171 175 174 165 156 160 161 171 193 212 225 232 244 245 246 248 244 203 220 248 254 234 107 84 92 100 119 124 78 54 59 49 38 60 49 41 42 49 58 59 43 69 102 98 88 90 125 164 142 128 141 167 204 198 194 174 162 167 146 126 125 151 108 90 128 129 124 124 136 155 143 146 126 132 126 129 144 142 134 121 110 107 112 114 107 99 86 71 62 76
180 174 179 175 172 177 179 187 190 190 185 185 180 174 183 171 175 176 177 183 178 173 171 161 167 168 169 166 167 178 197 193 184 183 193 180 165 162 163 176 184 191 200 218 238 250 255 255 255 255 251 251 251 246 251 243 240 248 255 172 76 66 93 110 113 94 58 59 58 48 40 59 55 40 42 51 67 53 42 58 73 81 68 103 126 140 166 143 147 155 165 142 128 110 116 169 192 152 147 159 151 141 133 134 117 129 138 130 134 138 139 138 143 146 124 117 119 121 95 116 128 112 116 112 116 101 78 69
183 180 179 180 170 174 184 192 190 189 187 187 179 178 179 177 176 180 185 188 184 176 171 146 136 145 155 163 167 179 193 182 164 163 198 181 159 174 198 235 248 254 254 255 253 253 245 247 255 255 255 255 253 253 254 254 255 255 235 106 71 53 57 75 70 60 60 59 56 45 45 63 58 39 42 53 68 48 42 56 60 75 84 99 121 136 154 143 104 78 104 124 126 143 165 151 136 136 133 142 146 129 117 117 118 116 120 139 145 137 145 144 154 127 116 118 117 108 97 127 155 129 135 146 140 110 97 100
177 180 177 175 166 175 178 184 188 187 178 179 185 174 173 178 185 189 191 191 185 139 124 111 104 114 126 152 162 198 223 220 230 240 253 254 246 221 209 240 248 250 251 252 254 250 241 246 226 213 214 225 249 253 244 228 212 199 143 82 68 58 39 37 43 59 59 54 54 43 51 71 43 39 44 50 65 47 41 51 63 80 85 90 111 123 145 163 127 91 122 150 168 160 135 118 115 121 140 136 120 114 125 128 147 150 152 139 138 148 142 146 131 126 138 139 147 142 145 145 151 155 138 141 129 114 128 99
170 164 170 172 167 166 168 175 184 191 181 183 178 155 169 181 183 183 181 181 152 105 107 116 141 166 199 234 153 140 198 226 234 232 228 224 209 197 160 153 248 254 253 250 243 250 255 247 149 122 150 161 190 192 174 170 169 150 104 82 66 62 40 37 37 53 56 55 53 39 35 37 34 39 45 45 58 45 41 50 69 81 82 86 101 98 110 144 159 132 142 142 132 118 113 132 149 167 221 153 169 151 151 144 149 135 129 135 143 147 159 153 103 102 112 117 126 115 134 152 158 156 111 93 97 99 89 88
165 160 171 177 176 168 168 170 177 186 177 176 163 148 155 154 147 150 155 172 178 191 220 233 248 255 254 243 206 128 99 117 141 151 153 158 157 158 159 176 239 247 244 252 211 164 204 219 171 154 166 163 171 168 165 148 151 126 93 90 59 58 42 38 35 43 57 54 50 37 35 33 34 40 45 44 55 46 40 52 72 79 80 88 92 94 108 119 151 145 132 127 129 123 113 100 113 117 130 141 142 125 112 124 146 142 133 116 146 125 127 120 96 89 87 118 138 134 105 96 111 116 110 99 98 106 95 105
165 171 180 188 180 168 175 176 177 176 161 152 147 148 161 168 178 214 239 250 253 255 255 253 253 251 248 234 239 221 198 216 230 238 243 250 254 255 255 229 193 185 171 183 125 90 104 142 149 161 138 128 139 142 131 111 113 106 89 74 50 51 39 39 39 36 49 51 45 39 35 34 34 41 43 43 43 46 41 49 71 77 80 91 97 114 119 128 134 149 136 171 127 125 132 139 124 131 135 138 147 120 122 117 121 139 141 129 132 130 115 112 122 114 119 123 132 128 116 116 113 108 107 101 98 91 86 69
163 178 181 190 176 162 170 167 160 153 162 189 210 209 196 225 248 247 249 250 251 250 250 250 252 252 250 253 249 247 252 252 255 255 255 251 233 212 191 186 133 142 119 107 93 98 94 97 103 110 100 110 122 130 128 115 101 99 86 69 50 46 38 38 40 35 48 55 49 44 39 34 34 40 41 44 38 44 40 46 70 75 80 105 121 108 89 94 128 156 141 132 108 112 137 132 124 120 141 142 120 118 119 121 129 139 140 146 153 143 128 104 108 109 98 100 106 111 111 101 106 106 92 83 117 118 102 95
151 162 162 155 162 176 190 187 214 227 207 182 236 247 210 186 210 233 249 252 252 252 251 252 252 254 254 255 255 253 247 242 214 186 177 171 130 126 155 205 142 163 145 128 127 131 124 121 120 122 128 128 133 140 133 137 132 88 87 69 47 44 38 36 37 36 46 61 60 53 43 34 34 37 40 46 39 43 40 44 66 74 81 98 71 43 51 72 97 128 164 225 200 155 128 118 121 118 116 130 121 113 129 130 119 117 116 126 129 135 120 101 106 116 107 92 80 93 114 103 84 90 105 109 135 119 109 103
173 195 208 220 227 227 252 220 172 212 235 217 210 214 232 248 239 215 208 234 252 253 255 255 250 237 239 226 184 156 141 146 122 111 125 128 115 118 127 153 144 141 142 145 146 143 146 143 145 153 158 153 166 201 227 249 211 83 84 69 42 41 38 37 38 37 45 59 60 56 43 34 34 36 43 50 42 40 40 44 65 74 79 61 38 58 83 79 100 114 126 194 255 249 229 202 157 141 136 128 129 126 145 129 107 118 120 118 115 103 112 113 115 119 116 113 122 101 105 104 78 79 89 99 134 118 109 116
241 216 201 238 235 194 195 221 241 231 212 209 226 234 217 222 255 255 255 254 251 240 217 189 167 127 135 137 123 123 122 145 139 131 134 100 92 110 115 129 130 126 126 129 128 135 138 140 149 167 219 222 236 252 254 255 206 78 77 66 45 40 38 36 40 40 44 61 65 57 44 35 35 35 48 53 45 36 38 46 64 76 64 45 76 78 48 71 94 101 101 105 223 255 255 255 241 236 215 181 149 129 120 104 95 107 130 124 129 145 137 131 120 122 114 112 114 128 145 146 139 120 114 104 114 147 124 104
251 246 221 196 205 230 236 218 206 225 254 242 231 253 255 253 238 212 188 172 158 149 143 148 146 124 116 130 135 135 134 144 122 115 114 87 101 124 125 108 87 126 158 166 190 188 223 236 243 251 255 255 254 253 251 249 177 75 70 58 46 40 39 37 41 44 46 59 64 57 45 35 35 35 48 45 44 37 36 47 63 76 59 54 55 50 89 75 77 75 78 95 202 255 252 251 254 255 251 206 120 104 102 85 80 77 99 113 118 122 122 124 114 95 93 108 103 106 92 122 105 94 93 84 99 113 114 117
246 252 255 255 240 214 218 254 255 253 255 253 242 222 192 131 104 90 91 114 131 129 136 137 136 121 114 131 114 103 98 99 102 97 98 106 106 105 112 75 55 140 253 253 253 250 224 223 240 253 251 253 253 245 229 209 132 74 72 55 40 39 38 36 42 49 49 60 62 60 49 36 35 35 43 36 39 41 37 45 58 71 56 41 44 65 56 50 48 49 64 79 139 253 252 255 251 220 156 109 118 130 114 103 95 88 95 115 113 118 118 121 134 118 103 110 119 109 101 103 89 79 82 90 95 98 112 123
243 245 251 250 251 251 255 246 223 203 184 158 139 132 111 75 80 92 109 122 123 123 133 147 141 127 112 116 103 97 98 102 105 107 117 106 107 113 110 67 68 112 206 245 247 224 223 230 245 252 254 252 237 223 196 156 100 83 74 61 43 37 37 36 41 54 49 54 63 60 50 36 35 35 39 40 35 38 39 45 55 54 47 50 51 48 53 48 55 74 85 81 119 255 254 228 164 133 123 116 113 123 124 118 113 112 104 109 141 146 144 121 109 117 121 109 118 126 135 131 126 120 103 103 127 119 121 113
242 219 228 224 169 163 165 150 131 132 128 127 127 132 113 79 91 108 119 120 131 128 128 124 121 134 119 119 103 118 131 133 133 130 116 104 115 117 107 90 92 113 164 194 199 212 235 239 245 231 201 234 203 197 189 149 92 74 74 50 40 38 36 37 41 60 45 43 49 51 49 37 35 35 36 42 39 36 36 40 51 55 46 46 52 60 57 68 81 82 72 64 113 203 186 152 137 133 127 128 121 117 116 115 110 111 113 111 135 154 162 152 119 112 112 120 128 129 126 128 122 113 109 105 113 103 94 96
148 126 144 146 111 118 117 126 125 139 137 133 132 125 87 92 118 119 116 120 132 125 128 115 120 116 112 113 123 138 143 141 118 111 115 126 119 117 99 101 99 100 156 191 169 209 214 215 229 212 192 206 189 194 175 140 92 67 66 49 41 39 37 37 39 62 43 39 46 48 48 37 36 36 35 39 42 39 37 36 43 57 46 56 65 74 86 92 97 91 91 99 124 119 151 144 124 113 115 113 125 131 127 127 118 113 118 117 138 154 146 131 128 109 116 131 136 130 134 133 129 119 112 144 153 140 140 132
105 99 104 110 98 112 118 123 129 131 134 132 113 89 63 94 118 105 105 109 114 104 108 124 125 113 99 117 132 130 119 119 121 122 121 115 100 121 111 110 85 92 135 154 206 208 213 214 209 216 215 174 171 164 149 122 77 64 55 45 39 39 37 37 37 54 41 38 49 51 49 40 40 35 36 41 41 42 41 39 40 47 42 50 59 61 61 60 69 85 87 79 70 129 146 115 102 85 92 112 122 130 131 140 135 132 133 137 134 157 170 159 144 138 131 142 134 128 130 132 126 127 123 135 136 148 145 137
97 99 100 97 94 107 117 120 122 123 122 122 110 107 97 116 117 105 114 111 107 93 89 110 110 119 117 117 118 129 130 130 123 126 114 119 119 143 127 122 123 131 119 108 127 191 219 206 211 224 200 162 148 127 137 117 77 60 57 43 44 39 36 35 36 46 39 36 45 46 47 43 51 34 38 45 40 40 40 40 40 39 47 75 78 81 81 74 59 53 51 43 69 127 112 101 105 94 115 120 110 113 125 122 140 132 116 142 141 154 154 142 147 145 127 119 127 132 127 146 162 158 145 133 126 157 174 163
87 92 87 90 85 109 125 116 119 136 138 135 126 133 122 105 99 108 119 114 118 120 114 114 115 114 129 125 125 131 129 132 131 134 141 134 155 156 145 136 139 135 138 137 114 126 153 159 144 153 176 152 138 118 121 100 73 61 50 43 42 43 43 38 35 45 44 35 39 44 49 40 54 58 54 45 42 43 41 41 40 40 55 82 122 139 139 129 109 97 75 46 86 112 108 102 103 118 122 107 109 113 115 117 117 140 123 112 116 138 173 168 167 152 145 120 102 106 92 120 169 155 144 150 150 155 168 143
82 88 115 148 156 170 170 159 160 148 111 103 101 102 115 114 121 119 132 136 125 125 123 127 125 132 126 135 134 142 140 142 147 138 149 143 151 145 143 140 141 141 126 129 125 114 108 112 112 111 174 141 125 115 110 91 68 65 57 48 41 39 39 39 38 45 51 35 35 42 49 42 48 60 52 44 44 44 42 42 40 41 59 113 144 142 141 129 127 117 85 55 114 121 104 107 118 138 135 108 108 120 119 130 111 119 150 131 115 135 170 171 160 174 174 166 145 131 128 147 170 159 150 160 160 152 152 156
143 174 226 245 223 197 149 121 99 104 101 100 107 119 120 127 126 118 121 140 122 122 125 134 134 140 140 137 138 140 146 140 142 141 136 141 162 144 133 141 135 138 136 129 133 127 121 129 123 147 182 117 107 100 94 88 66 65 63 57 50 46 42 40 41 43 55 35 35 39 49 41 49 56 43 47 44 47 44 41 42 41 75 122 142 141 138 128 131 120 82 63 89 89 108 130 134 127 120 113 109 114 129 122 112 106 119 136 123 165 178 182 169 169 157 143 149 156 158 156 162 164 161 158 167 146 127 130
168 150 144 158 135 109 103 95 98 104 115 121 123 119 121 128 116 129 125 122 131 128 121 117 118 124 129 120 120 123 123 125 118 121 123 137 150 137 132 138 132 136 134 132 130 138 164 198 198 174 160 100 99 88 86 81 64 62 66 62 62 56 45 45 43 42 48 36 35 36 48 42 46 58 50 49 46 47 46 41 43 43 89 125 139 136 130 127 130 113 80 77 82 109 128 141 134 118 114 118 110 127 130 126 120 122 121 129 148 180 168 149 156 140 124 123 142 152 158 153 155 147 141 152 145 145 154 155
116 106 101 96 97 94 100 130 134 129 131 109 102 136 164 199 204 197 210 202 209 197 209 197 163 148 130 116 113 116 123 120 117 121 123 126 140 127 120 118 143 140 135 142 141 155 220 232 243 227 135 95 93 82 84 81 68 56 70 68 61 49 49 48 48 45 45 38 35 35 47 45 48 61 58 53 48 46 45 43 43 47 97 128 131 130 120 132 124 99 53 78 80 108 122 121 129 115 164 192 149 137 145 142 146 150 149 132 145 163 139 114 101 92 92 89 111 129 130 129 135 133 137 154 145 152 171 167
133 162 135 95 103 114 120 125 119 107 104 107 157 216 224 240 247 243 240 252 249 249 252 255 231 222 191 132 130 121 120 108 112 110 111 141 139 128 117 117 129 113 106 122 122 136 215 228 235 217 126 92 92 77 78 81 77 53 59 58 49 53 55 56 55 43 42 40 35 35 47 48 50 56 47 49 48 48 44 45 43 53 102 128 126 123 122 130 114 76 41 72 89 98 130 129 132 145 194 201 182 159 147 143 141 149 141 126 128 142 145 141 141 145 137 126 111 124 128 143 144 147 155 156 153 167 169 175
152 178 197 151 118 122 120 118 106 111 127 192 189 228 241 245 242 231 249 247 247 251 253 252 248 223 144 110 121 118 116 122 114 111 108 152 131 127 130 128 93 93 94 100 104 115 139 209 230 210 129 85 89 76 70 80 79 46 46 57 61 62 62 60 54 43 38 40 36 35 47 47 53 57 48 45 50 48 43 44 44 65 110 126 123 119 126 121 102 61 40 64 102 103 173 201 183 171 172 155 144 143 126 130 139 135 121 113 98 94 115 133 139 135 151 159 138 121 130 129 134 149 146 133 129 136 160 164
181 196 162 163 120 114 121 121 115 140 163 198 235 236 237 247 250 243 232 245 246 247 248 232 232 189 117 115 116 106 116 111 110 113 122 141 116 125 112 102 84 92 105 94 95 107 108 162 211 205 126 75 82 77 65 76 74 47 45 55 62 61 57 55 51 44 51 62 35 35 50 53 53 58 51 47 46 45 43 44 45 77 118 115 113 113 122 112 92 62 43 50 106 107 160 204 196 189 182 161 136 121 128 103 146 135 119 123 124 126 133 148 151 139 138 136 138 133 123 121 127 143 141 145 141 140 130 121
100 123 103 127 115 98 108 112 120 148 170 141 185 225 222 221 216 240 239 245 247 235 219 213 170 148 107 99 115 99 105 100 113 116 122 129 131 140 124 116 101 98 99 91 86 96 95 93 176 185 102 74 82 78 59 72 65 43 59 56 56 62 56 53 47 42 48 63 37 35 45 51 52 59 48 45 42 43 45 45 47 96 120 110 106 115 115 105 73 64 51 40 89 112 134 194 193 191 137 94 135 110 150 142 122 117 122 116 124 137 136 138 134 108 95 108 121 155 135 128 130 131 143 209 205 208 211 214
101 102 99 90 105 114 114 115 109 108 113 120 125 147 165 175 166 192 235 231 247 243 185 158 139 123 90 102 114 120 113 104 122 124 145 132 139 160 152 141 121 115 107 87 79 91 98 91 108 176 72 59 74 82 61 61 55 40 68 85 54 49 47 43 42 40 35 35 38 35 44 47 56 52 39 37 39 43 44 43 61 117 117 111 112 122 109 89 54 61 65 40 72 112 116 169 190 148 88 86 102 85 124 165 126 114 104 90 98 117 125 147 147 122 106 124 139 139 139 147 145 149 142 198 245 253 255 255
146 104 94 88 97 107 117 104 89 99 105 107 117 125 137 126 127 129 141 134 171 185 134 135 127 101 86 96 95 110 120 125 130 127 134 114 120 144 151 157 150 143 122 91 84 93 85 95 104 101 69 62 48 70 68 57 48 38 50 90 83 57 39 43 44 41 35 36 38 35 42 44 48 41 37 38 39 41 42 44 88 123 118 122 120 113 101 60 42 40 54 43 55 102 112 143 134 87 84 85 97 96 116 140 132 134 127 143 139 134 151 171 155 135 132 128 146 145 162 171 149 142 134 142 219 230 232 232
193 121 88 85 93 89 85 85 89 94 101 103 104 109 113 107 105 110 116 112 102 133 139 126 102 102 104 98 88 86 104 117 137 121 128 107 104 118 137 121 117 139 121 110 105 94 104 141 150 109 71 68 45 46 54 55 45 38 40 57 71 75 59 44 41 38 35 35 37 37 42 44 40 37 37 37 39 40 43 49 114 125 126 131 124 110 83 40 40 38 45 45 43 97 104 114 89 96 79 97 113 127 111 103 107 132 170 173 176 157 159 158 143 118 107 116 144 153 133 134 137 118 111 129 182 209 209 209
164 127 85 83 101 96 102 102 91 87 93 94 92 100 97 95 106 102 102 110 108 124 123 110 105 87 83 90 90 92 98 111 112 110 121 86 95 96 101 109 107 106 108 121 106 111 107 141 137 104 66 64 46 44 43 42 39 39 45 51 54 49 49 56 53 42 45 40 36 37 39 41 41 39 38 38 39 40 40 70 128 130 130 126 112 101 58 39 39 39 45 47 38 72 106 107 102 110 121 111 121 114 110 100 103 112 166 170 168 168 144 140 122 111 119 111 107 124 149 159 145 132 107 125 136 209 207 225
94 143 131 69 79 101 120 119 115 112 101 90 110 131 142 128 113 105 111 101 92 106 108 96 98 99 98 108 114 108 105 104 98 118 114 97 90 99 93 99 105 97 84 110 112 112 123 134 100 84 66 63 48 42 43 43 39 38 46 56 54 55 44 41 60 61 56 43 35 36 37 40 41 40 38 39 39 39 42 106 133 132 130 123 108 83 42 41 42 40 45 52 39 47 98 100 108 127 132 109 108 124 117 112 107 108 147 154 151 164 171 150 110 89 103 116 110 118 112 109 107 122 103 130 112 204 185 121
102 139 153 92 103 106 102 102 111 109 94 100 129 159 235 165 68 86 104 77 69 82 90 91 97 90 75 77 101 95 106 112 90 139 113 105 97 87 82 91 93 96 102 91 89 107 140 108 100 89 64 62 47 40 42 43 40 38 48 60 49 41 41 39 40 53 45 52 43 36 36 38 38 37 38 40 39 40 47 119 141 137 136 123 104 70 53 46 40 42 44 52 42 39 68 106 99 127 128 118 130 121 102 104 96 109 156 163 164 166 139 112 90 68 84 83 84 104 111 110 107 106 111 128 121 153 159 69
118 99 94 116 111 106 93 92 99 93 99 128 154 144 153 106 78 82 74 78 74 72 78 79 81 83 81 75 68 71 118 117 106 111 84 110 107 99 104 112 117 113 98 86 95 103 88 74 92 96 62 58 47 40 41 42 41 38 50 68 59 49 47 43 39 46 54 74 52 35 47 38 37 36 37 38 39 39 62 138 141 141 136 116 101 103 102 91 69 44 38 42 43 40 45 92 107 110 131 136 137 123 148 168 185 199 198 180 167 152 116 102 95 103 93 74 90 106 115 116 103 97 101 108 126 121 184 164
98 95 91 107 94 85 98 108 119 101 116 117 118 106 112 96 86 76 74 70 77 82 83 95 88 83 95 88 69 91 132 120 120 126 109 132 149 145 138 133 137 125 111 130 122 106 101 123 122 119 61 56 48 40 40 42 40 38 48 57 53 57 51 46 42 39 51 44 38 38 40 38 38 37 38 38 38 39 84 149 143 146 131 106 106 114 111 109 108 90 55 39 40 40 40 57 106 96 108 127 123 143 173 184 188 195 194 189 184 184 157 129 110 92 76 66 86 109 104 99 100 98 92 91 108 125 192 255
86 91 100 94 89 88 100 98 95 103 90 77 89 92 82 75 71 74 73 71 70 74 74 77 103 124 117 115 112 113 123 110 130 137 126 142 152 166 152 163 169 150 138 144 146 130 153 171 158 132 59 51 49 41 39 41 40 39 43 57 42 40 41 42 42 40 43 40 39 39 38 38 38 38 38 38 42 46 103 139 152 154 142 112 121 112 111 114 108 113 96 58 43 41 41 41 64 94 101 114 119 149 158 133 117 112 132 171 182 173 167 149 152 134 122 114 115 112 99 92 93 89 83 80 91 132 159 238
98 101 95 99 100 98 96 75 80 75 69 72 72 75 73 71 70 73 81 91 109 131 150 150 152 158 129 126 121 127 136 124 153 128 103 106 131 117 124 128 128 118 103 106 114 121 166 172 146 113 59 50 48 41 38 40 39 39 38 57 65 61 55 53 48 43 40 63 52 39 40 38 38 39 40 46 47 51 125 147 152 139 117 120 133 132 114 120 131 111 112 82 50 46 47 45 48 100 105 102 114 131 142 149 139 117 103 124 131 119 118 125 112 117 124 133 132 143 143 127 107 98 92 89 83 135 157 221
107 106 91 102 107 105 127 120 107 92 90 99 76 76 85 93 111 131 146 145 167 173 175 165 162 176 179 175 147 116 96 128 153 133 98 96 130 111 101 107 92 94 103 118 114 124 146 130 122 108 59 51 48 43 38 40 39 40 38 66 91 64 57 50 44 39 70 128 103 56 39 40 41 41 51 52 45 64 135 153 164 154 118 129 139 141 136 121 129 113 115 100 62 45 45 57 113 144 132 105 111 105 102 110 115 141 160 126 143 170 173 175 189 176 131 122 116 117 123 142 154 134 116 107 103 119 148 189
131 111 106 105 99 119 126 103 93 97 107 101 116 142 131 116 112 121 146 102 138 168 173 174 177 176 176 147 120 122 104 128 140 105 123 111 117 120 113 125 140 138 141 163 170 166 141 109 135 130 58 50 48 44 39 39 40 40 37 91 155 124 86 79 80 60 83 145 144 126 99 53 38 41 51 52 51 93 141 162 177 189 165 135 142 151 154 114 115 115 113 110 75 51 46 58 112 130 148 128 107 95 83 82 86 96 114 114 128 139 160 152 129 122 109 115 91 89 104 128 130 117 105 103 112 111 144 156
89 105 105 126 105 108 100 94 97 106 119 120 127 152 134 104 98 102 99 119 136 147 160 162 161 158 162 140 122 142 114 123 110 96 97 113 125 118 142 155 165 166 166 173 168 175 159 133 139 118 59 50 46 43 39 38 38 39 38 92 151 145 142 136 124 92 106 140 142 130 128 135 96 54 40 44 54 102 146 171 189 186 175 137 142 156 142 109 107 116 114 104 76 65 59 70 139 129 146 127 126 119 103 89 99 91 78 92 99 106 110 112 112 124 120 134 125 114 115 105 99 107 107 103 99 91 123 151
80 88 111 111 106 106 98 87 93 83 91 106 120 127 118 104 105 112 126 140 159 146 107 98 105 131 141 138 112 122 107 98 65 76 85 88 110 145 156 159 154 134 147 117 139 152 155 153 158 114 58 49 46 42 39 37 38 39 41 104 150 137 137 132 126 98 115 130 117 133 151 152 156 144 113 86 67 121 159 173 188 184 179 125 133 142 122 110 110 118 108 101 82 70 67 94 150 141 138 140 148 138 141 135 119 119 87 73 72 89 104 106 152 201 208 199 204 203 186 159 141 150 137 132 128 121 124 151
71 75 80 86 94 99 86 86 81 96 100 107 108 124 134 135 141 143 148 148 131 132 133 104 101 93 105 110 115 117 118 133 103 107 108 121 135 144 148 147 154 151 150 154 157 129 115 92 88 80 58 49 46 43 40 37 39 39 47 115 150 129 138 130 127 96 128 131 118 125 132 136 162 168 165 157 137 137 163 168 155 158 153 112 118 129 116 113 111 111 107 102 84 70 79 141 152 142 146 142 154 114 117 114 131 152 140 111 94 95 99 83 170 255 252 247 242 229 216 206 196 199 176 174 193 205 208 209
85 90 81 98 87 83 93 83 92 99 93 91 100 118 129 130 129 118 120 125 119 126 129 138 137 141 131 124 120 115 141 160 154 147 146 147 145 153 154 138 153 152 158 136 122 104 102 93 104 91 55 48 46 43 40 38 38 39 53 122 146 137 139 126 118 96 157 163 136 146 125 132 162 168 170 151 130 139 155 155 101 107 160 190 118 115 109 111 108 115 116 96 85 74 90 145 145 142 148 151 153 154 145 131 116 107 130 155 158 139 114 97 133 228 232 226 227 215 203 190 183 173 173 175 172 168 171 170
227 223 219 215 197 179 169 199 186 177 179 182 189 183 171 154 137 139 157 149 153 154 158 153 158 170 159 144 142 143 172 165 142 136 159 153 157 169 170 165 165 168 168 169 172 157 150 165 167 106 52 48 45 43 40 38 38 39 60 128 144 147 141 124 114 96 160 143 147 153 135 105 116 143 156 143 121 137 119 115 98 78 120 164 112 103 95 110 120 112 107 89 81 77 94 104 116 124 138 112 114 141 158 151 153 163 155 146 145 132 109 122 129 192 208 192 199 203 197 190 177 178 181 179 176 170 176 178
228 230 222 227 227 221 215 227 227 225 226 225 222 216 232 227 227 237 247 217 189 207 196 218 231 232 216 213 214 199 168 126 126 125 135 135 151 158 158 169 161 161 151 150 154 146 162 167 165 100 54 47 43 42 40 39 38 39 64 127 146 153 139 122 111 102 165 157 172 153 146 143 145 145 150 127 107 117 106 84 125 116 86 109 104 96 86 103 109 98 94 78 67 107 146 111 115 116 139 124 138 143 135 140 132 136 155 163 151 133 126 119 117 169 234 210 169 176 171 167 165 169 167 166 160 158 160 152
202 177 148 191 197 195 196 195 194 188 183 202 203 213 227 222 229 235 240 249 249 247 244 243 231 223 223 214 205 188 163 110 113 97 116 134 133 131 138 146 151 152 152 143 153 159 164 156 144 85 52 47 43 41 39 39 39 39 71 129 148 155 135 126 101 110 171 169 171 150 126 125 128 121 129 120 111 91 118 90 90 142 136 145 94 75 90 94 87 73 68 62 93 133 149 159 140 142 124 125 124 154 141 116 131 129 125 159 163 162 153 140 125 162 232 213 197 187 176 176 180 174 176 176 179 168 163 163
188 187 167 181 193 194 188 189 186 193 193 207 206 193 187 209 216 224 238 235 236 241 242 218 195 201 214 224 225 208 155 120 106 91 80 97 131 135 143 152 149 156 164 166 169 170 170 151 135 76 51 47 42 41 40 39 40 40 83 138 155 151 132 129 90 99 142 179 187 177 158 126 99 102 97 104 108 83 99 135 92 95 134 122 66 62 77 91 69 56 60 92 129 133 125 132 113 115 105 102 120 148 128 106 113 151 151 143 140 129 117 88 95 137 213 195 175 180 174 175 173 165 165 168 165 164 152 155
195 194 196 200 192 189 181 192 178 186 202 213 212 204 203 217 231 239 231 222 232 217 230 210 168 188 211 230 220 194 112 137 135 103 91 100 148 152 162 157 156 154 155 167 163 166 153 130 155 75 48 45 42 40 39 39 41 41 89 149 153 145 135 116 83 115 100 109 111 137 134 127 112 126 112 121 127 97 78 129 151 78 69 94 72 47 59 79 89 104 120 111 88 96 120 120 115 108 119 120 112 128 124 109 113 109 117 124 121 127 109 85 87 129 194 204 181 191 183 177 170 165 165 169 167 164 163 171
198 201 197 191 190 188 188 192 198 206 206 213 221 221 229 232 236 241 237 219 230 226 222 205 180 207 224 211 201 185 100 109 111 107 116 157 155 153 170 153 159 152 149 157 156 154 131 136 146 69 51 44 41 40 39 40 41 42 107 152 149 141 133 96 85 114 103 103 99 101 102 99 103 103 121 112 104 109 93 83 145 144 131 160 80 46 48 59 91 103 100 127 110 102 110 100 102 98 93 118 110 112 113 108 106 105 118 118 116 107 101 111 90 110 159 232 219 217 196 184 172 164 161 169 174 177 163 174
200 203 207 199 198 196 190 200 206 207 204 210 221 226 218 215 232 232 234 236 229 234 232 229 222 212 204 198 187 159 81 82 92 95 102 112 134 151 161 164 160 153 148 144 139 111 141 153 127 65 51 43 41 41 40 40 41 49 134 153 146 137 122 81 81 95 90 112 109 100 92 96 76 71 81 93 96 95 111 77 83 107 126 98 54 47 56 65 84 108 117 116 117 104 93 98 103 93 99 110 113 121 114 114 116 104 91 104 118 113 125 134 112 106 141 230 252 250 247 240 236 224 213 213 223 233 226 217
213 215 213 211 214 217 218 219 213 201 208 208 193 202 209 220 226 216 221 229 231 206 211 219 209 198 189 180 193 133 84 84 83 71 96 104 116 141 158 162 160 157 139 130 141 146 137 131 101 60 51 47 43 42 42 42 41 69 150 153 145 131 107 70 81 71 83 105 109 109 92 85 82 70 63 57 71 77 105 93 54 60 67 64 54 52 59 60 69 95 112 105 112 122 115 117 119 96 95 111 118 128 116 122 126 113 115 116 125 137 139 137 118 101 142 197 255 251 253 253 253 253 249 248 243 241 238 237
202 226 236 240 236 234 236 235 191 163 180 217 166 201 234 236 237 241 244 241 239 228 232 232 217 216 200 187 187 105 88 94 66 87 100 99 132 132 136 130 127 137 130 130 137 134 148 143 119 58 55 52 49 43 45 44 42 101 158 152 142 122 90 76 78 74 101 100 101 102 100 92 103 94 77 75 92 101 102 131 79 78 88 57 50 50 49 49 62 100 114 118 109 95 94 99 88 86 72 108 106 114 108 108 125 129 129 121 159 135 126 125 127 98 124 150 234 255 253 254 255 255 255 255 255 255 255 255
177 229 235 247 249 243 240 242 234 232 233 243 247 245 244 244 247 244 243 244 247 243 246 246 239 226 214 207 173 87 87 105 100 105 101 93 134 107 113 116 125 137 134 131 131 144 154 157 127 56 56 55 50 45 45 43 48 131 159 151 141 113 78 80 81 94 102 90 98 100 115 118 108 118 111 83 60 69 90 115 118 92 104 60 47 47 47 50 76 109 105 102 96 83 74 52 64 71 68 100 103 102 130 191 178 173 144 150 172 146 146 130 136 110 111 142 151 181 184 195 188 186 193 184 197 191 206 221
247 246 234 235 234 243 196 221 249 241 240 248 250 252 252 250 245 245 247 241 240 231 201 208 240 235 228 214 149 84 77 83 102 105 109 108 108 107 93 105 140 155 133 140 122 142 154 143 105 94 62 57 51 46 47 44 70 155 154 152 136 97 65 95 103 111 119 126 125 122 122 106 109 105 102 105 110 114 122 109 128 108 108 54 46 43 44 57 86 103 85 81 94 87 80 90 97 97 120 119 119 142 189 209 233 231 207 186 183 151 169 149 119 106 99 134 117 129 131 125 126 127 119 125 133 154 127 138
246 244 238 234 243 241 213 235 248 240 232 250 247 243 242 246 227 243 249 235 201 221 214 219 228 221 214 196 129 87 89 92 106 103 107 123 130 119 118 132 156 158 152 145 149 165 154 131 127 119 55 44 44 44 45 41 107 167 153 147 128 80 101 115 121 132 125 125 132 148 154 114 81 82 92 96 130 146 150 125 114 107 107 47 40 40 45 57 88 60 67 67 65 86 115 125 126 113 122 127 185 237 204 206 221 225 186 185 229 238 213 175 137 137 100 105 85 104 128 114 130 146 145 147 138 126 132 139
226 251 248 235 245 251 254 245 239 236 239 242 244 238 238 234 233 243 246 247 242 244 250 249 241 220 212 180 106 82 87 102 113 112 130 128 108 134 146 138 144 148 138 143 165 152 129 157 118 73 62 50 46 45 43 64 138 159 151 144 113 80 120 123 137 118 130 138 120 104 111 110 92 110 116 121 125 114 102 99 102 88 106 44 39 41 48 65 94 99 86 79 74 111 124 128 128 119 136 173 145 187 222 208 219 197 217 212 210 210 211 175 166 147 145 111 75 70 82 98 106 130 145 142 125 125 133 126
215 203 158 161 184 188 204 233 207 203 238 225 227 232 231 199 213 205 217 233 218 235 241 237 237 235 224 213 187 178 193 193 184 184 195 193 203 192 175 179 189 157 125 126 163 132 151 135 90 75 73 63 52 64 114 153 153 154 146 138 98 100 117 102 114 99 104 119 109 80 87 97 118 133 125 116 117 92 75 78 98 87 101 46 41 43 52 77 109 124 122 130 128 120 98 104 140 161 128 159 198 232 245 221 216 191 209 203 187 220 206 193 223 194 144 145 150 101 68 84 91 110 123 128 122 120 120 131
205 174 193 161 143 151 181 184 162 234 249 238 240 247 244 241 233 234 242 242 246 246 244 245 248 238 207 210 220 225 226 215 206 219 236 218 221 230 231 216 185 163 153 141 146 122 118 92 80 69 61 53 98 164 172 157 152 141 129 121 87 117 117 109 82 103 104 111 105 89 61 66 79 107 96 109 113 113 118 126 113 101 98 45 47 63 69 80 105 137 128 130 123 93 87 91 130 139 141 159 190 210 193 237 204 189 202 215 221 201 236 251 198 188 173 183 198 164 101 79 73 100 110 97 99 92 82 94
196 209 174 170 171 150 133 156 168 240 249 248 250 252 247 251 252 250 250 247 249 247 250 251 249 251 241 209 202 213 242 251 247 240 231 208 199 193 195 190 169 151 131 130 141 110 88 85 85 63 50 69 161 163 156 151 137 124 126 95 90 117 108 95 107 101 113 105 91 114 128 115 114 119 103 98 91 85 88 103 119 102 104 81 78 97 105 96 97 110 119 128 133 122 114 88 79 94 111 152 188 208 192 217 237 219 195 189 181 191 188 203 217 211 208 196 195 125 138 153 119 104 103 99 93 105 108 91
163 168 148 179 186 147 133 155 197 249 246 245 252 250 245 244 245 249 249 244 243 245 244 245 251 248 239 229 241 246 250 248 240 235 236 236 225 208 217 211 180 195 200 183 164 92 74 74 68 54 49 135 157 138 141 133 126 124 128 90 87 100 98 92 96 98 101 97 91 117 125 121 122 114 112 111 112 113 111 107 126 110 107 110 111 111 110 114 122 129 134 140 149 151 154 98 71 71 76 100 159 211 233 234 223 201 222 216 227 246 225 200 207 205 219 181 163 142 131 134 121 107 108 97 108 120 121 112
194 178 204 219 153 125 154 169 223 248 237 214 230 209 190 200 228 249 232 204 220 246 249 249 247 219 218 222 236 244 233 223 230 232 229 221 222 205 224 188 167 181 177 162 139 71 47 53 51 45 113 159 133 117 128 113 102 145 142 94 80 90 76 81 89 89 77 71 81 98 87 91 86 88 82 80 84 85 86 90 121 112 110 84 84 84 79 82 82 89 90 90 91 93 104 103 76 67 69 79 93 132 179 197 197 225 241 223 221 229 226 205 194 199 224 165 102 99 140 142 95 104 107 117 116 103 97 90
213 209 230 236 140 134 193 201 242 250 218 196 215 199 192 199 207 217 200 197 225 245 246 248 244 215 217 231 232 230 208 182 200 230 208 191 167 157 154 135 141 152 155 138 113 59 58 93 96 148 175 141 88 71 88 74 85 123 124 93 73 76 73 64 61 59 52 52 52 93 85 86 82 88 85 87 89 83 84 88 117 109 107 74 73 75 75 74 75 78 81 83 88 94 85 99 79 62 67 84 82 77 95 146 214 230 219 228 195 206 235 208 201 234 224 204 136 112 107 82 81 119 136 130 119 116 130 112
167 163 172 153 127 144 167 220 240 251 244 242 230 199 193 201 201 195 198 228 252 242 238 234 221 219 232 223 242 236 222 204 204 219 192 158 136 146 121 135 132 162 153 130 108 146 183 234 184 139 138 93 64 70 72 78 82 96 110 128 111 102 101 70 60 57 60 66 61 98 91 93 91 92 88 86 89 81 79 84 110 107 119 80 79 78 77 79 77 74 76 77 79 79 81 84 99 64 63 71 75 73 73 83 137 183 188 216 222 220 212 249 225 215 230 221 176 121 76 77 76 108 128 121 112 125 122 97
207 209 224 201 207 174 167 222 236 245 240 237 210 198 209 219 222 220 219 218 240 244 241 239 238 238 241 238 231 236 231 200 188 172 166 141 132 152 158 141 150 152 131 117 138 195 200 245 210 135 122 141 188 174 162 190 144 167 164 205 178 175 127 91 157 121 92 96 109 104 94 93 92 90 84 83 80 78 78 81 107 117 119 81 73 75 80 72 67 70 72 67 69 74 74 77 95 85 60 68 70 68 72 75 73 103 162 206 227 225 210 214 190 210 184 159 96 90 82 96 101 99 119 113 114 113 93 91
230 232 218 203 228 169 221 227 221 209 225 220 203 209 228 232 224 222 232 230 226 230 234 246 236 234 205 234 214 227 196 147 117 119 139 150 133 145 151 162 157 140 112 113 147 174 212 235 237 247 240 225 237 204 194 235 218 235 237 192 197 175 175 131 176 174 129 108 99 99 95 93 85 85 81 86 83 78 77 78 118 126 108 73 72 74 71 74 73 69 69 77 70 69 85 86 86 102 77 59 60 63 70 73 78 78 92 131 192 159 151 180 162 168 104 73 91 93 88 109 106 94 109 120 106 108 99 104
251 248 247 239 237 183 219 220 216 199 167 193 203 204 217 218 211 204 204 215 209 195 199 196 177 191 184 202 210 214 187 206 181 167 165 185 142 149 160 160 142 152 143 117 124 138 179 194 229 219 236 192 200 213 215 169 207 139 197 228 223 174 149 165 223 197 148 130 112 91 84 81 80 79 74 75 77 70 75 73 122 143 112 72 72 72 73 72 79 79 71 74 79 70 75 76 76 97 203 189 143 88 67 67 72 79 81 81 99 116 105 122 101 93 88 74 86 110 96 93 83 99 103 112 118 128 101 74
247 253 208 211 223 199 197 198 192 189 190 191 183 181 195 194 192 169 166 181 182 181 173 146 135 162 191 190 152 154 206 192 171 134 143 145 157 157 164 165 152 147 135 115 124 160 188 209 243 223 244 237 225 207 232 174 167 184 143 164 228 196 154 160 222 227 203 185 154 112 145 167 151 148 156 164 159 134 115 126 128 136 135 123 136 125 123 103 86 90 112 98 98 96 105 109 108 105 216 255 255 171 59 64 62 69 78 89 71 91 103 92 104 121 116 91 79 110 111 68 78 91 92 107 114 120 119 104
251 251 213 232 183 210 214 205 173 159 163 165 146 151 165 147 180 190 195 193 170 147 146 125 151 153 155 164 165 191 186 173 147 124 137 144 144 151 150 154 168 172 144 126 165 153 152 215 240 235 239 243 251 215 186 200 218 244 203 163 225 204 127 129 214 229 206 187 164 136 214 236 217 204 190 171 170 149 120 206 189 182 194 177 143 175 186 152 128 138 191 155 139 150 184 202 229 244 251 251 255 209 80 73 71 65 62 60 89 89 83 89 105 117 115 94 72 58 81 79 72 74 74 108 125 112 95 118
243 228 254 239 139 163 187 175 159 155 159 145 140 132 127 135 141 137 142 143 141 128 133 138 163 141 145 140 161 185 177 184 172 178 147 144 129 141 154 152 168 156 120 130 175 205 206 222 203 203 163 222 233 223 237 231 233 248 238 218 189 117 148 142 205 223 229 225 164 143 239 242 236 220 195 179 142 140 117 192 221 203 183 105 102 181 214 209 183 154 154 165 158 170 179 197 191 228 242 247 249 236 92 65 68 74 63 54 71 109 112 81 83 96 115 89 76 70 68 83 78 74 85 106 119 119 120 117
207 171 177 155 141 175 169 162 153 150 141 127 128 128 137 133 131 133 143 137 152 156 135 149 149 137 140 129 139 199 183 187 179 168 160 135 140 160 154 167 191 161 143 139 148 179 216 194 173 123 132 203 219 214 229 247 242 227 235 212 156 113 125 168 170 152 191 150 131 165 246 242 242 238 218 184 227 186 114 151 133 156 153 106 93 181 230 188 202 219 236 205 162 188 220 218 211 206 238 249 236 243 108 86 76 62 61 58 66 82 95 70 54 64 84 66 97 110 89 99 78 90 107 102 102 76 100 113
235 218 198 153 141 146 145 143 136 138 136 123 138 151 151 143 143 164 158 144 144 152 146 152 140 148 157 153 166 184 173 171 170 186 191 163 135 141 152 170 177 154 132 102 114 123 148 157 125 118 143 164 158 138 143 174 189 181 172 185 134 88 80 165 159 140 148 186 127 179 249 238 241 237 201 182 208 197 130 140 122 152 174 171 110 147 172 145 160 152 183 218 175 186 201 224 239 229 233 239 244 253 141 102 96 81 65 72 85 61 73 60 60 54 82 117 101 121 133 129 111 96 97 90 88 91 88 113
229 203 159 178 183 186 161 153 146 171 151 144 141 147 153 157 152 170 159 140 146 140 152 147 141 163 166 150 166 183 142 125 132 129 140 138 122 124 122 129 128 121 142 169 200 176 160 177 182 178 185 194 182 179 165 145 144 148 150 154 160 143 99 146 178 191 153 152 132 204 251 243 246 247 240 232 221 184 127 125 125 129 176 168 108 123 194 164 164 155 185 152 149 181 225 236 209 227 240 232 249 251 172 113 113 112 110 103 93 105 89 86 78 81 101 130 105 100 105 124 120 113 103 88 81 110 117 97
146 156 179 234 141 164 193 168 185 213 214 151 171 151 176 165 140 146 181 174 176 132 143 159 159 143 148 151 146 154 144 150 132 128 162 168 176 173 164 179 189 210 211 213 213 212 198 178 203 211 201 204 211 210 203 205 201 201 178 199 224 200 179 159 166 215 205 143 136 219 251 222 220 245 232 225 226 176 144 165 98 106 97 98 94 99 182 180 161 204 249 206 149 154 223 233 229 236 240 242 250 252 207 113 110 114 114 120 121 93 98 114 105 78 89 97 96 92 92 86 103 91 118 121 97 106 107 85
214 223 245 195 85 134 245 243 252 245 237 210 215 179 203 207 164 146 146 133 174 173 160 156 153 154 155 170 181 180 176 169 161 169 202 208 196 199 227 212 207 201 187 199 190 187 191 182 188 197 191 198 206 207 199 190 194 198 206 207 205 205 213 179 170 185 153 146 152 213 228 234 238 225 234 242 225 215 148 178 139 67 58 64 61 126 202 206 150 169 208 192 195 206 223 229 227 216 228 247 243 248 227 127 122 117 113 118 124 83 84 103 76 88 98 94 105 90 94 91 93 90 87 105 105 107 108 99
230 234 215 98 68 86 153 208 226 248 235 223 221 223 197 183 201 224 217 189 185 232 156 142 150 182 166 194 173 174 171 170 160 170 212 221 237 232 222 212 193 163 141 189 184 193 199 192 183 184 203 200 203 186 172 197 211 191 192 212 218 237 198 209 214 194 178 165 163 187 219 232 207 201 222 225 211 208 150 158 197 147 126 125 153 199 209 210 152 145 141 126 157 233 245 240 239 232 222 246 245 247 235 134 126 116 115 94 85 73 67 96 94 76 65 74 83 75 85 85 87 90 80 72 88 123 105 80
245 222 165 79 71 67 74 168 215 241 233 217 224 195 211 239 240 249 232 206 158 162 136 131 142 134 130 146 148 157 161 159 155 156 175 179 198 196 174 174 165 159 169 170 168 186 182 179 199 201 208 213 208 223 242 252 248 240 210 193 202 225 190 213 249 244 235 202 166 197 235 224 232 239 210 204 235 221 151 162 239 248 251 244 241 231 237 203 157 185 177 152 145 215 245 244 249 244 238 234 230 250 235 142 123 123 129 120 102 88 79 103 107 95 56 61 83 69 69 69 74 87 90 117 186 221 196 156
236 219 184 132 113 107 119 183 220 218 217 236 229 223 194 214 225 232 233 190 180 126 143 132 122 130 140 147 145 156 154 154 150 140 147 151 169 167 154 155 165 135 116 123 114 148 158 155 175 216 229 248 255 255 253 252 252 250 249 240 233 215 200 203 228 243 255 241 235 244 250 243 235 232 211 209 236 248 220 146 157 244 239 189 242 222 209 162 151 142 174 196 179 177 234 250 249 253 255 216 206 250 223 147 123 129 116 124 122 108 79 83 84 100 83 56 88 103 80 84 86 68 94 128 195 176 185 220
218 228 208 235 209 221 236 218 207 197 210 242 253 233 190 219 227 227 223 189 220 142 151 176 187 177 169 173 158 164 170 166 164 168 164 171 175 181 173 174 169 151 103 123 132 158 195 227 240 249 254 253 252 251 252 253 252 250 249 251 253 247 250 238 214 210 198 218 245 254 255 252 249 240 201 192 208 211 204 129 124 133 137 166 211 206 211 134 114 118 122 165 201 165 227 251 251 226 164 172 254 251 244 173 122 127 118 118 118 117 92 79 88 103 77 70 89 82 92 87 87 78 86 87 87 82 119 212
169 155 149 145 144 151 149 134 142 172 181 179 202 194 173 173 166 179 181 201 137 138 189 194 188 181 166 170 165 166 160 159 163 166 164 171 168 162 163 160 180 191 205 191 185 193 239 255 253 252 252 252 252 250 241 243 239 244 207 234 250 230 241 248 251 249 226 192 182 191 218 247 254 246 197 165 167 193 228 167 137 131 130 164 197 217 222 176 146 187 181 175 216 181 222 249 248 187 121 165 252 249 243 195 126 126 120 122 121 112 96 81 104 101 78 89 78 76 78 71 78 77 67 85 90 91 121 198
189 187 183 176 175 168 156 156 192 193 192 182 155 133 119 116 131 132 127 138 115 148 176 172 158 148 162 155 149 151 146 147 145 147 158 154 154 160 164 159 172 193 217 229 227 237 250 253 253 252 253 251 250 250 246 239 204 218 243 249 246 227 233 241 252 252 245 186 169 170 174 181 197 183 158 149 132 147 155 157 148 137 180 195 180 164 176 181 181 182 209 232 236 229 238 251 239 232 248 243 252 252 247 218 140 125 126 126 124 110 112 84 73 62 78 83 90 89 91 91 85 84 76 60 119 187 173 199
248 236 189 176 200 210 179 182 192 215 212 161 153 168 158 167 195 183 170 165 126 165 179 173 167 171 156 151 146 141 150 155 158 152 148 159 153 166 168 184 215 240 246 254 253 251 252 252 252 248 249 246 241 252 253 250 241 232 242 245 233 209 221 211 229 229 243 234 215 209 204 201 207 204 192 172 156 169 161 143 166 180 167 146 152 158 165 166 167 159 181 190 195 212 208 223 212 223 251 240 232 239 248 221 135 134 144 139 131 123 125 96 77 70 65 67 74 57 56 73 83 86 77 66 137 219 206 172
245 224 177 171 186 137 119 153 158 159 168 142 138 150 187 196 171 177 184 178 131 177 169 167 159 149 171 166 148 154 171 172 184 197 170 170 175 206 233 250 250 243 249 250 251 252 251 251 250 234 243 249 251 248 244 251 253 252 242 244 239 230 254 249 210 220 252 251 247 248 245 249 248 248 234 230 183 163 172 180 177 180 148 136 150 154 145 155 155 143 143 163 172 158 138 143 169 175 182 158 152 167 191 179 128 131 146 140 132 122 112 98 75 93 68 60 64 62 70 66 63 82 77 73 105 185 207 190
244 230 223 173 144 124 124 157 161 173 147 146 147 152 208 201 133 170 216 225 154 175 172 157 161 168 176 184 188 200 189 179 196 196 194 227 246 251 246 249 248 243 248 244 237 225 246 240 241 251 250 251 252 245 228 248 234 248 248 247 242 248 244 244 247 252 245 247 250 251 251 250 252 245 219 223 231 211 218 244 242 209 127 121 161 161 171 167 152 166 156 185 185 138 133 120 137 156 150 116 130 170 174 158 161 162 162 166 157 164 166 155 146 140 138 144 126 104 97 86 84 95 87 74 78 141 214 215
236 226 222 173 156 175 184 205 218 225 185 190 181 200 240 247 240 239 242 197 155 173 176 156 158 175 179 181 180 204 192 188 217 239 248 253 250 250 252 250 245 239 244 238 240 234 244 243 244 245 248 250 250 250 250 245 221 218 209 233 247 247 241 241 248 249 241 240 244 249 250 244 240 244 235 235 237 233 234 237 245 241 217 213 182 159 183 199 201 208 193 175 145 157 189 173 151 156 193 201 194 181 220 220 210 207 211 199 183 190 181 184 195 203 197 195 209 193 168 161 154 161 143 106 120 131 209 217
181 170 189 200 194 205 190 211 223 226 229 243 237 215 237 233 228 228 221 198 161 178 181 168 181 193 210 193 190 211 226 246 251 250 250 243 244 246 225 240 242 245 239 223 237 244 250 250 246 246 242 247 248 240 220 196 181 213 230 234 241 246 222 232 247 249 252 251 248 219 240 245 233 241 251 251 252 249 249 244 246 250 253 246 232 194 162 156 158 200 200 188 183 210 173 215 212 194 210 211 209 205 226 228 218 206 204 202 187 198 183 133 159 183 179 191 198 204 194 173 174 190 184 172 165 138 178 198
154 162 180 198 199 205 206 217 234 242 239 245 245 244 227 202 184 206 213 173 171 181 190 192 193 194 213 227 243 248 251 251 250 249 246 222 229 243 225 240 240 220 209 206 228 222 243 248 228 208 170 185 200 231 239 227 217 246 251 252 250 245 252 246 216 202 240 253 251 245 241 240 236 238 249 249 250 249 250 250 249 243 241 239 217 185 150 117 98 167 173 195 195 165 131 196 213 224 216 207 226 229 233 232 230 216 206 175 159 138 181 181 180 194 185 199 193 175 161 151 130 131 162 196 160 132 140 147
177 195 237 230 200 189 236 247 244 221 225 237 243 229 237 234 226 200 164 165 172 192 205 207 219 215 203 225 246 253 251 251 251 249 245 246 249 238 182 178 185 213 219 205 199 213 188 221 229 183 157 203 230 244 248 249 253 251 251 250 251 251 250 249 228 217 240 250 248 249 249 249 249 248 248 250 248 248 250 249 247 239 234 218 175 110 85 85 95 188 182 190 186 199 211 204 218 229 237 232 230 212 232 231 226 222 203 194 179 159 174 174 174 187 188 221 200 184 152 156 151 141 136 172 199 161 121 114
239 204 168 146 163 174 221 229 234 230 232 228 226 237 241 235 237 210 164 177 187 204 209 228 208 198 173 168 183 204 231 246 248 249 247 251 251 250 247 242 246 241 240 241 216 213 233 238 229 231 241 246 254 249 249 249 250 251 252 251 251 251 246 225 229 241 242 243 247 250 251 251 251 251 251 250 250 249 246 241 234 220 184 132 106 92 76 70 88 163 186 189 190 181 179 190 195 206 217 219 225 222 221 225 226 226 207 200 181 179 180 172 174 167 193 197 179 179 165 167 150 161 163 156 183 175 142 130
239 185 175 179 156 168 220 244 243 230 245 240 232 227 229 233 241 242 217 190 234 180 171 194 186 201 167 154 158 176 189 187 204 229 244 242 231 247 249 244 240 242 245 241 249 240 191 193 249 249 239 238 228 240 248 248 250 251 251 250 251 250 250 227 219 216 223 236 241 251 251 251 251 250 251 250 250 247 240 230 196 149 104 98 99 98 77 67 76 161 189 195 209 195 195 190 177 195 199 208 206 205 207 192 206 207 200 200 184 163 170 172 173 180 189 179 173 188 194 181 135 175 187 169 158 137 133 115
214 209 149 157 173 219 240 246 242 230 228 212 227 223 237 237 240 234 194 181 213 152 147 220 218 207 159 161 156 171 166 176 197 191 206 208 227 244 250 252 251 249 249 247 218 195 186 195 226 240 217 201 191 181 188 210 250 252 253 255 253 249 251 241 239 244 250 251 250 250 250 250 250 251 247 239 237 233 211 137 108 90 105 97 106 108 96 80 72 173 200 209 214 212 205 198 191 209 217 218 208 191 186 194 207 211 213 205 211 203 188 193 191 182 169 167 156 162 170 164 186 187 177 181 182 128 115 113
232 202 168 177 157 170 210 243 225 196 179 184 193 181 236 230 245 251 211 172 186 174 170 214 191 219 199 125 134 118 150 171 191 180 189 196 189 200 219 231 242 251 251 251 236 209 190 200 199 204 203 192 198 178 170 177 194 243 229 187 214 252 250 253 252 250 251 249 251 251 250 252 249 242 232 225 197 165 130 113 108 111 102 98 110 109 94 75 78 109 149 205 219 222 208 197 206 213 213 214 207 201 197 194 209 208 212 214 208 199 203 193 200 184 178 174 182 181 194 174 179 199 198 196 203 174 149 119
251 228 174 149 171 194 227 249 213 190 175 208 219 198 237 241 248 246 218 216 155 159 183 216 191 183 191 108 104 111 146 136 154 156 175 181 164 178 180 166 182 212 209 233 248 243 210 208 213 233 245 221 166 167 163 170 189 218 174 130 178 254 248 228 237 251 251 249 251 250 252 243 198 171 133 117 121 119 115 108 106 112 114 96 102 96 81 61 75 135 148 199 209 179 210 224 199 209 196 187 200 213 217 197 220 228 221 222 217 211 214 214 207 205 199 187 190 187 190 206 213 215 191 178 199 202 178 132
