31 34 44 48 50 51 52 52 51 53 53 54 55 54 55 55 55 54 55 55 54 55 54 56 56 56 56 55 56 57 58 58 57 59 59 59 60 60 60 61 59 60 62 62 62 62 62 60 61 62 62 62 64 64 66 64 64 64 65 66 65 65 63 65 65 65 68 67 67 69 68 69 68 69 69 67 67 69 70 67 70 71 68 68 70 69 70 70 69 69 69 68 69 69 68 68 68 68 68 69 70 70 71 70 71 71 71 71 71 71 70 71 72 70 70 71 71 71 70 71 70 69 68 68 67 67 64 57
41 54 57 58 59 59 59 59 60 60 61 61 62 63 63 63 63 64 63 65 65 65 65 65 65 64 64 64 65 64 65 66 66 67 68 68 68 69 70 69 69 70 70 70 71 71 71 72 72 72 71 72 72 73 73 73 74 74 75 75 75 76 76 76 76 76 77 76 77 77 77 78 78 78 78 78 78 78 79 79 79 78 78 79 78 78 78 78 78 77 77 76 76 77 77 77 77 77 77 77 77 77 77 77 77 77 77 77 77 78 77 77 77 77 77 78 77 76 77 76 76 76 76 75 74 74 74 73
58 58 58 57 58 59 59 59 60 60 61 61 62 63 63 63 64 64 64 65 65 65 66 65 65 65 65 64 64 65 65 66 66 67 68 68 68 69 69 69 69 70 70 71 71 70 71 72 71 72 72 72 73 73 73 73 74 74 75 74 75 75 75 76 76 77 77 76 76 77 77 78 77 77 77 78 78 78 78 78 78 78 78 78 78 78 77 77 77 77 76 77 77 77 76 77 77 77 77 77 78 77 77 77 77 77 77 77 77 77 77 77 78 77 77 78 77 77 77 76 77 76 75 74 74 73 74 73
58 58 58 58 59 59 60 60 60 61 61 62 63 63 63 64 65 64 65 65 65 66 66 66 66 66 66 66 66 66 67 67 68 68 68 69 69 68 70 69 70 70 70 71 71 71 71 72 73 72 72 73 73 74 74 74 75 74 75 75 75 76 76 77 76 77 77 76 77 78 78 77 78 78 77 77 78 79 79 79 79 79 79 78 78 78 78 77 78 78 77 78 77 78 77 78 78 77 78 78 78 78 77 78 78 77 78 78 78 78 78 78 77 77 78 77 78 78 77 78 77 77 76 75 75 74 74 75
58 58 59 59 60 60 60 60 61 61 62 63 64 64 64 65 65 65 66 66 66 67 67 67 67 67 67 67 67 66 67 68 68 69 69 70 69 69 70 70 70 70 71 71 72 72 73 72 73 72 73 73 74 74 75 75 75 75 76 76 76 76 77 78 78 78 78 78 78 79 78 79 79 79 79 78 78 79 79 78 79 78 79 78 79 78 79 79 78 78 77 78 77 78 78 78 78 78 77 78 78 78 78 79 79 78 79 78 79 78 78 79 78 78 78 78 78 77 77 78 77 77 76 76 76 76 75 76
59 59 59 59 60 60 61 61 61 62 63 63 64 65 65 65 66 66 66 66 67 67 68 67 67 68 69 68 67 68 68 68 69 69 69 70 70 70 71 71 71 71 72 72 72 72 73 73 74 73 74 74 74 74 75 75 76 76 77 77 76 78 76 77 76 77 77 78 79 79 79 79 79 78 78 79 79 79 80 79 79 78 78 79 78 79 79 79 78 78 78 78 78 78 78 79 78 79 78 78 78 79 79 79 78 79 79 79 80 79 79 79 79 79 79 78 79 79 78 78 78 78 77 77 77 77 75 76
59 60 60 60 61 62 62 62 62 62 63 63 65 66 65 66 67 68 67 67 67 67 68 68 68 69 69 69 68 68 69 68 69 70 70 70 70 71 71 71 71 72 72 72 72 72 73 73 74 74 74 75 75 75 76 76 76 77 78 77 79 79 107 102 104 93 92 86 79 80 79 79 79 79 79 79 79 80 80 79 79 79 80 80 80 79 79 79 79 79 79 79 78 79 78 79 79 79 79 80 79 79 80 79 80 80 79 80 80 79 79 79 80 80 79 80 79 79 79 79 79 78 78 78 78 78 77 76
60 60 61 61 62 63 64 64 64 64 64 64 66 69 67 66 67 67 68 68 68 69 69 69 68 69 69 69 69 68 68 69 70 70 71 70 70 71 72 71 72 72 72 73 73 73 74 74 75 74 75 75 76 76 77 77 78 80 112 93 82 75 113 106 121 109 113 111 97 79 80 79 80 80 80 79 80 80 80 79 80 79 80 79 80 80 79 79 79 79 79 79 79 79 80 79 79 79 80 80 80 80 80 80 81 80 81 80 80 80 80 80 80 81 80 81 79 79 79 79 79 79 80 79 78 78 78 77
60 60 61 62 63 63 64 65 65 65 66 67 68 69 70 71 69 68 68 68 69 70 70 70 70 69 69 69 69 69 69 70 71 71 71 71 71 71 72 72 73 73 73 74 74 74 74 74 75 76 76 76 77 77 77 79 80 71 101 108 86 79 108 97 109 101 104 107 150 95 92 101 78 80 81 80 80 80 80 80 80 80 80 80 79 80 80 79 80 80 79 80 80 80 79 80 79 81 80 80 81 81 81 81 81 81 81 81 81 81 81 81 81 81 80 80 80 80 79 80 80 79 79 79 79 79 78 78
61 62 62 63 63 63 64 65 65 66 67 68 69 74 73 79 75 69 69 69 70 70 69 70 71 70 70 70 69 70 71 71 71 72 72 72 72 72 72 73 73 74 74 74 75 74 75 75 75 76 76 77 78 78 82 83 67 70 105 98 90 79 110 97 111 101 105 104 161 135 78 125 98 80 82 81 81 81 80 81 80 80 80 80 80 80 80 80 80 80 80 80 80 80 80 81 80 81 80 81 81 81 82 81 81 82 81 82 81 81 81 81 82 81 81 81 81 80 81 80 80 80 80 80 79 78 79 78
62 63 63 63 64 64 65 65 65 66 68 67 67 69 70 79 80 75 72 71 71 71 71 71 71 70 70 70 70 71 72 72 72 72 73 73 73 72 73 73 74 74 75 74 75 76 76 76 76 77 77 77 79 81 87 84 65 76 110 99 89 82 110 96 110 99 105 104 163 153 90 113 126 95 81 83 82 82 81 82 81 81 80 81 81 81 80 80 81 81 80 81 81 81 81 81 80 81 81 81 82 82 82 82 82 82 82 82 82 82 82 82 82 81 82 81 81 80 81 81 81 80 80 80 79 79 80 79
63 63 65 65 64 65 66 66 67 68 69 69 69 69 70 70 75 75 71 71 71 71 71 71 72 72 71 71 72 71 72 72 73 72 73 73 73 73 73 73 74 75 75 75 76 76 76 77 77 77 78 81 80 70 89 80 66 81 112 96 88 83 112 99 110 100 103 103 164 161 94 114 119 147 94 83 83 83 82 82 82 80 81 81 81 81 81 81 81 81 81 82 81 81 81 81 81 81 81 81 82 83 83 82 82 82 82 82 82 82 82 82 82 82 82 82 81 81 81 81 81 80 80 80 80 80 80 80
64 65 68 70 68 66 67 67 68 68 69 70 70 70 70 71 71 70 71 70 71 71 71 71 72 71 71 71 72 72 72 72 73 73 74 73 74 74 74 74 74 75 76 76 77 76 77 77 77 79 81 86 76 72 92 73 67 86 117 98 121 106 118 103 117 99 105 106 166 169 98 111 115 155 134 91 83 84 84 82 82 82 82 82 81 82 81 81 82 82 82 81 82 81 81 82 81 82 81 82 83 82 83 83 83 82 83 83 83 83 82 82 82 82 82 83 82 81 81 81 81 82 81 81 81 80 80 80
64 66 69 74 78 75 68 68 67 69 70 70 71 71 72 71 70 70 72 72 72 72 72 72 72 71 72 72 72 72 73 73 74 74 74 74 75 74 75 75 75 76 76 76 77 78 78 79 81 81 72 87 73 76 91 69 74 83 98 80 116 160 125 94 153 134 108 126 177 160 106 132 120 148 134 136 90 84 84 83 83 83 82 82 82 82 82 82 82 82 82 82 82 82 82 82 82 83 82 83 83 83 83 83 83 83 83 84 84 83 83 83 83 83 83 83 83 82 82 81 82 82 81 81 81 81 81 80
65 65 67 69 73 78 73 71 69 69 70 70 71 70 70 71 70 70 71 71 72 72 72 72 72 72 72 72 73 74 73 74 74 74 74 75 75 75 75 75 76 76 76 77 78 78 79 79 81 74 75 85 71 83 89 76 93 86 68 77 144 119 100 99 128 125 86 112 139 117 84 121 153 165 143 153 143 87 84 85 84 83 83 83 83 82 82 83 82 82 82 83 83 82 83 83 83 83 83 83 83 84 83 83 84 84 84 83 83 84 83 84 84 84 83 84 83 83 82 83 82 82 82 82 81 81 81 81
65 66 66 68 69 72 72 75 75 72 71 70 71 70 71 71 71 71 72 72 71 73 73 73 73 73 73 73 74 74 74 74 75 74 75 75 75 76 76 76 77 77 77 78 78 79 77 67 81 72 105 101 70 87 92 92 76 75 86 81 126 165 103 98 161 136 97 136 167 105 101 144 130 169 154 142 158 123 87 86 85 84 83 83 83 83 84 84 83 83 83 83 83 83 83 83 83 83 84 83 84 83 84 84 84 85 84 84 84 84 84 84 84 84 84 85 83 84 83 83 83 83 82 81 81 81 81 81
66 66 67 68 69 70 75 77 84 88 77 73 77 77 74 72 72 72 72 72 72 73 73 73 73 74 74 74 74 75 75 75 75 75 75 75 76 76 76 76 77 77 78 78 78 79 67 70 87 84 147 174 104 94 84 74 84 83 71 89 135 113 100 101 122 131 92 98 140 132 85 113 156 135 165 155 158 139 134 86 86 85 84 83 84 84 84 84 84 84 83 83 84 84 84 84 84 83 84 84 83 84 85 84 84 85 85 84 85 84 84 84 84 84 85 85 84 84 84 83 83 83 83 82 82 82 82 81
66 67 68 71 71 73 80 83 81 85 83 77 78 77 74 73 73 72 73 72 73 73 73 73 74 74 74 74 74 75 75 76 76 75 75 76 76 76 76 77 77 78 79 79 80 77 66 84 92 85 122 169 126 90 80 91 81 78 86 91 151 154 98 109 170 127 98 122 153 108 99 124 130 154 132 167 168 135 149 120 85 86 86 86 85 85 84 85 84 84 84 84 85 84 84 84 84 84 84 84 85 84 85 84 85 85 85 85 86 85 85 85 85 85 85 85 85 84 84 84 84 83 83 83 82 83 83 82
67 68 68 70 73 75 78 75 74 76 79 77 76 74 74 74 73 73 73 74 74 74 74 75 74 74 74 75 75 75 75 76 76 75 76 76 76 76 77 78 79 79 79 79 77 74 90 85 75 108 154 108 105 104 91 76 85 84 67 94 113 123 97 98 119 139 94 94 138 137 93 102 156 134 153 133 169 131 102 147 115 85 88 87 87 86 85 85 85 84 85 85 85 85 85 85 85 85 85 85 85 85 86 86 85 86 86 86 86 85 86 85 86 85 85 85 85 84 84 85 84 84 83 83 83 83 83 83
67 68 69 69 71 71 72 72 73 74 75 74 74 74 74 74 74 74 74 74 75 74 75 75 75 75 75 75 76 76 76 77 77 77 77 78 77 78 78 79 79 80 80 81 88 90 80 78 84 109 178 170 93 84 84 93 80 74 88 111 172 130 96 120 166 112 97 114 142 106 91 107 125 150 135 152 138 129 94 111 161 107 86 88 87 87 85 85 84 85 86 85 86 85 85 84 85 85 85 85 86 86 86 86 86 87 86 85 85 86 86 86 86 86 86 86 85 85 85 85 84 84 83 84 84 83 83 83
69 69 68 69 70 70 71 71 72 73 74 74 74 74 74 75 75 75 76 77 77 76 77 77 76 76 76 76 76 76 77 77 78 78 78 78 78 79 80 80 80 80 85 94 85 74 83 81 79 145 108 117 106 101 91 72 89 92 71 95 120 150 92 97 145 157 96 97 162 142 96 107 162 127 157 141 151 121 93 107 138 160 104 88 88 87 86 85 86 85 85 85 86 85 86 85 86 86 86 85 86 85 86 86 86 86 86 86 86 86 87 87 87 86 87 86 86 85 86 85 85 85 84 84 84 83 84 83
69 70 69 70 71 71 71 72 72 72 73 74 75 75 75 78 86 91 86 79 78 78 79 79 79 79 79 79 79 77 78 78 79 80 79 79 79 80 80 80 82 91 91 73 71 82 75 83 96 164 198 115 94 76 83 95 82 69 83 137 141 102 97 124 126 104 96 103 119 118 93 89 118 156 136 155 137 149 109 106 147 140 158 101 86 88 86 86 86 86 86 87 86 86 86 86 86 87 86 86 86 86 86 86 86 87 87 87 87 87 87 87 87 86 86 87 86 86 85 85 85 85 84 84 84 84 84 84
69 70 71 71 71 72 72 73 74 74 74 74 75 75 75 79 92 101 100 99 90 80 80 80 82 91 95 88 82 79 79 80 81 80 80 81 81 81 81 86 94 85 66 81 77 78 88 73 111 103 131 114 99 105 96 74 87 98 90 122 179 150 98 119 189 148 102 115 178 134 97 111 152 118 160 140 150 134 99 91 124 145 144 159 98 86 87 86 86 87 87 87 86 87 86 86 86 86 87 87 87 87 87 86 87 88 87 87 87 87 87 88 87 87 87 87 86 86 86 86 85 86 85 85 85 85 85 85
70 71 71 72 72 72 72 73 73 74 74 75 75 76 76 77 81 91 101 113 116 94 85 89 95 97 103 97 89 82 81 81 82 82 82 81 81 83 90 93 94 82 79 68 86 80 73 85 155 188 126 103 101 80 78 95 95 72 71 114 107 126 94 106 120 148 101 91 132 160 105 88 134 169 124 158 130 147 128 103 130 151 142 145 157 95 87 88 88 87 88 87 87 87 87 87 87 87 87 87 87 87 87 87 88 88 88 87 87 87 86 87 87 87 87 87 87 87 86 86 86 86 86 86 85 85 85 85
71 72 72 73 72 73 72 73 74 75 75 75 77 77 77 78 78 81 84 88 98 97 87 85 89 89 88 88 86 84 83 84 84 82 82 83 87 94 80 87 90 69 78 81 72 85 86 87 115 164 149 95 84 94 105 88 68 79 95 168 150 104 100 135 149 102 100 108 135 105 99 91 115 119 171 124 157 143 112 88 100 139 149 137 138 154 92 88 89 88 88 88 88 87 87 87 87 87 88 88 87 87 87 88 87 88 88 87 87 87 87 87 87 88 88 88 86 87 87 86 87 86 86 86 86 86 86 86
72 72 72 72 73 73 73 74 74 74 75 76 77 77 78 78 79 79 79 80 79 80 82 83 82 84 84 87 93 94 88 90 87 83 84 89 89 76 74 95 82 80 72 78 88 79 75 117 162 102 104 114 116 100 71 79 96 93 85 133 187 134 98 121 183 157 102 103 172 164 103 104 145 151 116 173 125 146 145 103 112 143 145 151 138 139 148 91 89 90 89 88 88 88 89 89 88 88 88 89 88 88 88 88 88 88 88 88 88 88 88 88 87 88 88 88 87 87 87 86 87 86 86 86 86 86 86 86
73 73 73 73 73 74 74 74 76 76 76 77 77 78 79 79 79 80 80 80 79 80 81 81 83 86 91 94 102 100 96 102 106 96 89 84 74 80 90 96 78 71 78 83 74 83 92 130 204 193 111 99 75 76 91 94 78 62 87 114 109 117 95 113 109 141 101 89 120 157 114 88 105 165 164 116 169 134 142 115 92 135 156 146 139 139 173 149 91 90 90 90 89 89 90 90 89 89 88 88 88 88 88 88 88 88 89 89 88 88 88 89 88 88 88 88 88 86 87 87 86 87 87 87 87 87 87 86
74 74 74 74 74 75 75 75 76 78 79 83 83 79 80 80 81 80 81 81 81 81 84 82 85 90 101 106 107 101 94 99 109 92 80 87 89 77 96 84 69 87 78 75 97 87 79 117 111 151 108 99 99 104 90 72 66 88 113 182 139 100 103 145 150 100 95 106 140 105 98 92 107 108 155 169 118 168 136 98 91 116 135 158 141 135 161 172 144 91 92 91 90 90 90 89 90 89 89 89 89 89 89 89 89 89 89 89 88 89 89 89 89 89 88 88 88 87 86 88 87 87 87 87 87 87 87 87
75 75 75 75 75 76 76 76 77 79 81 85 83 80 80 81 86 87 82 86 93 90 90 92 86 85 88 102 102 106 111 121 104 79 88 81 92 95 97 88 82 64 89 93 72 78 109 180 133 103 109 113 104 77 67 90 101 91 103 163 192 125 99 136 200 163 102 103 163 176 108 105 121 175 107 148 175 104 167 139 108 119 162 134 159 136 147 159 146 141 90 91 91 90 91 90 89 89 89 90 89 89 89 89 89 89 89 88 89 89 89 89 89 89 88 89 87 88 88 87 88 87 87 87 88 88 87 87
78 78 77 77 76 77 77 77 78 78 82 86 83 83 83 82 87 95 93 100 105 94 96 100 97 90 88 103 114 107 103 109 89 87 82 88 84 93 91 70 76 88 77 74 86 93 121 196 211 126 97 83 68 84 100 96 78 59 101 98 135 114 94 113 126 157 103 90 124 167 130 100 95 162 188 122 135 179 126 129 102 88 135 161 137 141 139 182 143 149 134 90 93 91 91 90 90 89 90 90 90 90 89 90 90 89 90 89 89 89 89 89 89 90 89 89 89 88 88 88 88 88 87 88 88 88 88 87
79 79 79 80 78 78 78 78 79 79 80 85 94 88 86 85 87 90 94 102 116 117 112 112 106 98 93 94 111 118 104 95 85 91 84 80 90 97 86 84 82 74 80 96 85 70 125 96 148 111 104 97 103 104 89 66 65 85 133 158 105 96 107 137 114 96 98 99 124 102 109 96 87 105 140 190 129 131 176 125 98 101 125 133 163 142 139 150 149 135 155 127 91 92 91 91 90 90 90 90 90 90 90 89 89 90 90 90 90 89 89 89 90 89 89 89 89 89 88 88 88 88 88 88 88 89 88 88
77 78 79 85 89 79 78 79 79 80 80 82 86 86 87 89 88 88 105 121 137 152 153 130 115 104 92 88 88 95 95 85 88 84 87 85 93 97 87 75 66 93 89 67 77 99 179 141 104 103 120 119 100 67 73 90 98 98 141 188 178 109 106 151 186 142 100 109 159 164 110 100 106 155 110 123 190 135 114 183 120 106 128 167 128 157 125 160 173 136 151 152 103 93 92 92 91 91 90 91 91 90 90 90 90 90 90 90 89 90 90 90 90 90 90 90 89 89 89 88 88 89 89 88 88 89 88 88
78 79 79 81 84 82 80 80 80 80 82 83 82 83 85 90 93 94 117 136 158 163 169 161 141 126 99 89 90 86 86 83 85 90 79 77 96 85 65 85 94 74 73 86 97 118 199 226 150 105 98 70 71 80 98 100 91 74 118 145 177 111 98 132 174 166 107 97 138 193 146 101 96 155 193 130 116 182 153 116 116 91 90 138 170 129 153 122 169 145 141 156 109 92 93 93 92 92 92 91 91 91 91 91 90 91 90 90 90 90 90 90 91 91 90 90 90 90 89 89 89 89 90 89 88 89 88 88
84 79 80 81 83 84 81 80 81 81 82 83 83 83 84 86 92 114 122 139 174 187 183 173 161 138 116 97 87 71 81 90 84 73 87 95 95 86 93 81 73 80 101 94 71 118 114 172 127 104 95 80 99 104 92 70 58 72 128 91 112 102 103 120 98 128 103 91 109 119 139 97 80 111 150 196 138 107 175 160 103 103 105 128 130 170 134 147 153 152 137 152 144 96 94 93 92 92 92 92 91 91 91 91 91 91 91 91 91 91 91 91 91 91 91 90 91 90 90 90 89 90 90 89 89 88 89 88
82 83 82 80 82 83 82 81 82 83 83 84 84 84 85 86 89 103 124 140 171 186 184 171 165 155 135 113 82 84 92 82 86 87 74 94 99 85 69 64 96 96 75 72 84 167 115 96 99 116 122 122 107 81 73 73 90 101 166 161 122 97 111 155 136 104 94 107 141 113 95 95 90 119 95 132 195 161 90 165 170 110 111 151 159 123 162 118 166 185 142 140 146 105 94 94 94 93 92 92 92 92 92 92 92 92 91 92 91 91 91 91 92 91 91 91 91 91 90 90 90 90 90 90 89 89 90 89
81 85 84 83 83 82 82 82 82 82 84 84 84 85 87 88 88 91 105 111 132 156 160 150 136 123 110 87 70 83 89 94 81 66 82 101 74 58 85 94 80 70 75 96 118 191 210 159 108 115 107 90 62 69 95 107 103 104 171 192 165 107 105 160 193 161 110 110 144 191 147 98 106 133 168 102 122 187 167 113 140 117 94 105 165 162 126 156 118 165 134 141 145 125 94 95 94 93 93 92 93 93 92 92 92 92 92 92 91 92 92 92 92 92 92 92 92 91 91 91 91 91 90 90 90 90 90 90
84 86 83 84 86 83 83 83 83 84 84 84 85 85 87 90 90 90 92 90 94 102 115 106 94 92 93 74 73 88 85 72 78 93 102 97 77 92 87 69 70 95 102 89 120 171 212 156 102 98 69 74 90 101 103 99 79 91 124 163 155 101 99 137 175 174 111 99 126 188 174 108 102 114 176 175 126 105 177 180 109 97 104 103 115 151 159 134 148 151 155 129 152 145 112 95 95 94 93 93 93 92 92 93 92 92 93 92 92 92 92 92 92 92 92 92 92 91 91 91 91 91 90 91 90 90 90 90
82 82 83 83 83 84 85 85 84 84 84 85 85 86 86 86 87 88 89 89 89 91 96 93 91 95 87 69 88 78 77 93 84 78 100 98 89 71 59 91 102 95 79 66 136 93 125 119 108 108 95 103 106 97 82 65 58 100 113 85 114 97 103 117 91 131 103 92 108 106 151 106 88 90 123 168 186 138 103 153 188 124 108 119 158 130 140 155 123 159 168 146 133 155 117 95 95 95 94 94 93 93 93 93 93 93 93 93 92 93 92 92 93 92 93 92 93 92 92 92 91 91 91 91 91 91 90 89
82 83 83 83 83 85 85 85 86 85 84 85 86 87 87 87 87 88 90 90 89 90 92 91 91 91 65 68 77 87 91 76 61 88 98 71 59 73 94 99 78 65 79 102 178 143 107 104 120 129 126 112 92 80 67 78 93 127 186 127 107 92 112 156 119 99 86 101 121 114 90 94 93 92 113 90 162 195 154 96 153 159 110 104 134 182 136 133 156 116 166 125 151 145 155 106 96 96 94 94 94 93 93 94 93 93 93 94 93 93 93 93 94 93 93 93 93 92 92 92 92 92 92 92 91 90 90 90
83 83 83 83 84 84 85 86 86 87 86 86 87 87 86 87 87 89 90 91 91 88 89 89 91 93 71 83 91 78 64 81 94 102 91 64 89 98 80 66 76 91 102 127 190 216 171 115 115 111 94 72 67 88 96 102 102 133 187 196 139 105 110 165 190 157 101 111 129 179 158 96 104 116 181 132 90 150 189 168 112 111 109 94 94 129 183 137 137 157 150 172 121 158 144 113 97 97 95 95 94 94 93 94 94 93 93 94 94 94 93 93 94 94 94 94 94 94 93 93 93 93 93 92 92 92 91 90
84 85 85 85 85 86 87 87 88 88 89 89 90 88 88 87 87 87 90 91 90 89 89 90 87 64 81 84 73 80 90 82 90 103 96 98 84 69 71 88 105 101 89 130 174 197 144 105 104 74 68 83 94 100 101 100 87 127 166 194 140 106 101 157 198 170 110 106 119 189 189 121 104 103 174 197 155 103 120 185 180 122 91 106 115 126 120 178 139 124 175 175 152 128 155 131 100 98 96 96 95 94 94 94 94 94 94 94 94 94 94 94 94 94 95 94 94 94 94 94 93 94 93 93 93 93 93 92
87 87 87 88 87 89 89 98 93 95 91 91 92 91 89 88 88 89 89 90 89 90 90 92 85 65 74 79 95 90 69 60 98 99 85 71 59 82 101 100 91 71 76 144 103 125 114 106 107 89 97 103 101 98 85 68 60 120 88 137 122 97 101 120 136 157 107 94 106 136 180 127 104 88 137 184 199 176 109 108 169 194 124 110 115 164 147 114 165 129 115 171 121 153 141 156 115 97 97 96 95 95 95 94 95 95 94 95 94 94 95 94 95 96 95 95 94 94 94 94 93 93 94 94 93 93 93 93
88 88 89 90 91 92 109 161 147 134 111 100 94 92 92 90 92 92 92 91 90 90 90 95 75 75 90 93 76 63 76 95 103 82 54 76 91 102 90 67 68 79 115 172 126 106 105 119 133 133 130 116 91 68 58 64 80 138 102 79 95 88 107 125 71 97 91 93 106 101 97 106 98 74 110 99 162 196 188 128 96 161 148 110 102 132 189 156 110 165 137 144 172 116 152 142 109 100 99 97 96 96 95 95 95 95 95 95 95 95 96 96 96 96 95 95 95 95 95 95 94 94 94 94 94 94 94 94
88 90 90 92 94 100 151 175 172 169 158 139 121 111 96 94 95 96 96 95 93 92 94 71 66 96 83 68 76 93 93 98 100 75 86 102 94 67 69 75 94 105 144 189 210 168 116 125 129 126 101 69 75 71 82 98 103 166 182 151 103 106 128 182 151 117 84 106 125 160 106 96 86 95 135 121 83 140 192 195 151 97 109 107 99 99 120 176 166 114 161 170 181 160 118 148 154 106 98 98 97 97 97 96 96 96 96 96 96 97 96 96 96 96 96 96 96 96 95 95 95 95 95 95 95 95 95 95
91 92 93 95 91 132 171 176 170 171 164 168 170 154 128 112 102 98 97 97 96 95 99 78 75 75 78 97 96 75 71 100 101 100 95 72 71 72 93 102 100 126 168 190 202 149 109 104 86 69 68 68 88 98 101 103 105 171 184 187 116 111 109 179 203 178 109 113 121 188 195 130 109 115 139 194 142 93 119 179 198 165 105 86 108 114 118 112 171 166 95 151 187 125 160 139 148 121 98 99 98 97 97 97 97 97 97 97 97 97 96 97 97 97 96 97 96 96 96 96 95 96 95 95 96 95 96 96
93 95 96 90 114 172 172 164 164 166 162 167 169 172 166 160 143 118 105 100 98 100 93 75 76 92 97 82 71 59 90 100 93 74 70 62 93 101 97 92 95 158 185 170 180 142 110 111 76 77 93 103 98 102 103 93 103 157 183 178 114 107 107 171 190 167 110 108 110 179 197 149 112 109 120 186 193 174 104 101 163 194 192 116 113 115 159 146 101 159 163 96 152 159 107 160 146 115 103 100 99 99 99 97 97 97 98 98 98 98 97 97 97 98 97 97 97 96 97 96 97 97 96 96 96 96 96 97
96 94 90 95 158 176 166 169 175 169 177 167 170 177 168 170 176 167 148 121 111 96 68 88 99 86 74 67 84 96 100 99 57 61 81 92 98 96 97 95 107 174 173 171 170 171 156 131 108 105 104 103 99 93 80 63 102 117 115 149 106 100 110 125 144 159 104 100 98 154 197 150 109 101 101 159 193 191 183 128 88 137 194 137 110 108 141 185 156 102 154 170 130 186 163 111 155 160 115 101 98 98 100 112 97 99 99 99 99 98 98 97 98 98 98 98 98 97 97 97 97 97 97 97 97 97 97 97
89 88 88 131 167 169 164 160 169 173 168 170 180 176 179 174 174 175 174 165 158 135 111 99 79 79 87 98 99 96 101 88 70 91 99 100 94 92 94 97 124 188 186 178 172 176 180 176 164 141 124 99 78 61 61 64 109 122 81 102 98 133 161 119 80 108 104 112 94 143 207 164 107 84 86 111 122 183 189 189 153 100 115 136 108 102 105 145 187 170 110 139 178 183 153 163 117 135 105 113 102 91 94 132 122 97 100 100 99 100 99 99 99 99 99 99 99 98 97 98 98 98 98 98 99 100 98 95
87 86 114 153 156 164 169 171 163 172 171 165 168 179 179 162 167 166 169 167 169 169 161 140 116 111 105 86 71 94 101 93 96 95 91 97 97 99 101 103 160 194 185 171 175 185 177 180 184 174 154 103 76 69 83 92 129 171 110 90 77 154 166 158 128 106 88 79 71 140 175 107 152 122 91 125 84 97 156 191 172 146 115 89 95 107 111 102 122 182 179 98 126 172 121 108 102 90 91 110 148 97 91 102 159 119 99 102 100 100 100 100 100 100 99 100 100 99 99 99 99 99 99 99 96 89 88 81
86 101 155 161 157 162 165 162 161 162 175 180 172 176 164 163 170 175 175 172 162 165 173 176 169 151 121 89 88 103 97 96 95 96 99 100 101 105 103 105 173 188 186 182 182 182 183 180 183 190 183 184 152 120 107 111 116 92 81 77 75 169 135 94 141 151 92 73 81 133 189 101 91 162 155 174 156 97 106 107 85 121 169 138 92 105 116 152 119 111 166 123 91 101 98 93 99 100 99 102 154 156 102 89 139 165 116 101 102 101 101 101 100 100 101 100 100 100 100 100 97 93 90 86 82 84 82 80
93 138 155 157 168 171 168 165 159 157 160 169 175 174 180 176 167 172 171 180 175 174 179 176 165 161 165 153 136 120 106 97 98 99 99 104 105 103 104 118 182 183 186 187 183 184 185 182 182 179 182 189 184 151 118 98 103 77 79 77 78 177 138 88 87 121 175 141 85 120 189 120 115 137 120 156 118 109 104 90 80 114 156 99 145 131 109 138 133 93 92 91 93 94 100 96 100 99 94 95 124 172 151 102 100 158 162 115 101 102 102 102 102 102 102 101 100 95 92 89 86 82 85 85 91 88 86 84
124 154 150 159 172 172 173 172 168 163 161 170 185 179 166 173 173 171 164 164 171 170 170 179 177 172 172 176 172 163 158 128 111 105 103 98 101 104 100 135 185 187 188 178 172 184 183 181 187 186 181 165 122 113 116 116 117 91 90 83 82 185 145 115 102 112 129 114 153 157 190 103 118 109 85 128 105 108 103 111 101 109 169 90 89 160 138 95 92 101 97 95 96 92 95 100 103 95 95 99 104 158 167 152 95 112 154 161 113 103 104 103 103 101 99 94 87 84 86 90 92 89 87 86 88 88 88 88
154 156 159 161 163 164 169 169 161 164 164 175 172 180 177 165 166 173 181 169 161 168 179 167 170 175 169 169 171 172 174 173 158 139 108 86 99 109 106 171 184 183 184 191 184 179 182 176 153 205 214 157 112 104 110 120 120 108 97 81 86 190 127 98 116 136 134 84 89 154 184 98 65 65 60 129 114 103 97 102 101 104 168 123 89 112 114 149 110 108 103 98 98 93 100 103 101 94 96 97 102 137 165 168 149 117 98 158 158 109 99 96 94 96 96 91 87 87 90 92 88 88 90 89 87 85 85 90
157 160 157 163 169 169 168 168 170 164 165 170 175 174 182 179 165 165 175 179 171 174 176 170 161 164 166 173 171 174 174 176 172 169 161 141 127 114 119 188 188 189 185 178 173 153 128 101 120 225 170 187 177 131 103 116 121 107 118 109 98 191 124 92 91 115 153 111 78 127 200 107 96 93 132 169 118 97 99 93 105 107 159 115 94 133 80 98 153 102 108 96 97 98 99 97 92 96 96 95 100 106 164 169 165 156 101 100 114 102 100 101 102 97 94 93 89 91 92 89 94 89 87 83 86 88 82 79
156 161 161 157 163 169 165 168 175 181 176 176 181 177 176 182 173 166 168 172 171 178 173 176 178 176 173 174 172 174 178 175 177 182 171 176 172 153 143 176 185 185 176 145 107 86 86 86 140 229 126 110 142 184 174 139 114 105 112 106 93 192 145 112 85 96 119 88 111 144 189 115 104 97 172 200 178 123 89 113 99 95 153 132 64 109 128 85 159 109 100 102 100 100 101 97 103 106 123 103 97 100 151 146 158 164 130 96 93 96 105 99 96 102 97 96 89 86 84 84 87 84 85 83 81 78 81 80
158 158 162 157 166 171 162 163 167 176 182 174 173 165 167 175 184 180 174 178 182 178 176 180 175 169 163 168 169 171 178 179 171 181 178 161 168 176 184 178 171 135 105 104 79 85 84 88 161 224 118 111 104 101 131 197 175 132 109 92 93 192 103 101 118 117 125 93 108 110 92 68 63 69 161 176 103 163 152 100 97 97 136 171 94 91 112 98 162 122 102 100 98 108 109 116 110 107 155 181 116 98 121 146 99 159 155 105 103 98 96 96 97 94 90 89 90 88 87 90 89 86 86 81 76 80 81 84
159 152 155 157 159 168 173 164 159 168 171 168 165 173 171 171 174 168 175 173 171 165 159 172 175 167 179 174 172 175 177 173 164 165 176 171 170 168 153 125 111 106 116 112 88 89 90 99 185 214 110 103 103 105 101 162 126 175 178 113 93 197 100 90 104 126 105 111 77 57 68 56 65 67 152 195 84 84 123 178 123 84 132 170 94 111 123 72 130 141 110 115 116 108 90 85 81 82 131 166 134 131 102 165 109 127 152 116 93 93 91 87 89 89 90 95 92 90 87 87 83 83 86 87 86 83 80 79
151 152 156 164 168 165 164 170 165 160 172 178 170 174 183 177 172 164 168 175 178 179 168 169 175 170 168 174 175 181 175 173 170 164 161 168 175 150 121 96 106 114 129 119 109 101 92 101 205 192 142 140 113 101 108 164 96 97 121 156 146 169 97 92 81 67 59 100 77 63 73 56 59 71 142 202 93 88 80 142 146 150 129 179 85 82 137 111 117 117 111 107 79 77 78 80 79 76 106 169 97 122 140 139 133 99 101 94 85 88 89 91 94 92 93 90 88 90 87 85 83 85 86 88 89 82 84 82
156 153 149 154 172 166 161 176 177 165 166 173 176 179 183 184 171 166 168 177 172 174 169 170 175 181 170 164 177 182 169 173 179 182 179 173 178 134 119 103 109 111 123 106 108 105 102 118 223 168 109 123 142 140 129 156 93 98 93 84 160 143 90 77 62 63 57 100 69 60 65 74 78 78 132 205 139 113 83 134 90 99 141 179 110 110 106 96 84 84 87 117 75 77 75 73 74 75 92 155 140 73 134 136 106 102 101 103 99 100 95 87 91 93 91 88 92 92 91 85 86 85 80 80 82 82 82 82
165 171 170 165 144 109 112 150 165 162 167 175 168 168 179 179 178 179 170 170 176 177 168 168 178 174 169 172 180 175 169 174 183 175 173 188 172 133 113 109 108 109 119 102 105 106 116 139 230 157 112 104 100 108 147 172 113 95 91 82 174 149 86 96 99 81 60 99 83 78 86 69 78 63 123 203 109 119 124 136 102 75 78 164 117 114 85 77 76 83 76 119 75 73 77 82 89 92 92 131 178 97 99 102 136 105 109 103 101 103 99 97 101 99 92 90 91 94 89 82 84 91 88 84 84 85 84 85
156 157 165 164 136 156 155 139 120 109 136 156 152 173 174 173 168 180 186 178 177 174 171 173 182 170 166 162 159 200 193 177 168 174 188 206 151 133 113 116 112 116 123 107 103 103 102 150 234 124 102 104 102 93 121 133 110 128 115 97 188 143 79 72 91 109 109 121 80 60 75 78 117 74 113 209 119 80 89 139 136 78 71 163 135 97 98 81 73 74 76 114 100 94 109 100 82 78 73 112 181 116 112 90 108 117 100 101 97 97 98 107 106 100 101 95 97 103 94 90 91 94 88 84 83 86 86 86
153 148 158 168 154 131 112 125 143 139 143 117 114 146 170 167 165 172 177 172 176 172 172 177 180 153 132 116 164 221 188 209 210 191 200 196 140 130 110 111 116 126 121 113 107 112 110 167 226 149 129 96 81 82 131 121 81 90 105 115 200 137 111 138 92 71 91 122 119 87 67 56 59 59 105 202 125 72 72 90 132 114 96 152 155 80 76 106 94 92 94 101 106 79 120 100 71 71 69 91 173 142 77 121 89 132 97 95 94 92 91 93 96 101 105 100 102 103 100 102 100 92 88 88 90 87 86 85
160 150 154 144 115 136 148 145 131 118 114 135 166 150 167 173 181 186 175 172 174 170 166 144 117 103 107 120 201 208 131 137 159 189 214 212 177 140 110 104 108 125 116 115 111 112 120 191 203 108 118 136 124 95 136 110 82 87 96 116 146 123 150 234 201 153 102 102 90 93 106 69 77 80 106 186 170 102 75 82 124 67 88 144 171 93 75 86 87 97 80 78 116 72 79 79 65 70 70 74 144 177 69 102 103 136 105 99 97 89 89 93 89 100 95 90 94 94 98 97 93 90 86 88 92 90 88 87
155 154 152 157 152 136 113 106 122 147 153 140 156 166 171 177 181 184 180 179 167 136 113 102 109 110 107 141 231 178 129 130 128 127 137 161 189 202 189 164 133 115 106 109 111 117 122 211 188 103 85 86 101 127 167 112 111 124 123 102 81 91 153 227 133 169 199 183 114 86 114 84 72 56 98 191 158 109 126 101 128 73 70 106 181 104 65 71 69 81 112 103 115 108 118 181 130 79 88 91 117 177 127 83 94 112 119 99 97 94 95 93 90 104 101 101 96 93 90 92 96 93 85 86 84 86 92 93
152 162 154 165 162 168 165 165 152 119 149 168 159 165 167 166 171 168 158 136 108 110 109 96 107 111 111 177 236 144 123 125 124 121 118 117 119 137 193 194 217 203 169 125 106 106 129 228 167 102 87 94 94 96 113 112 117 111 103 69 75 93 156 228 119 99 106 149 196 168 136 64 57 53 94 193 177 77 88 116 162 99 70 85 180 112 90 101 121 125 117 103 90 84 112 174 171 172 101 72 93 162 158 101 109 77 130 97 96 94 92 91 93 93 99 105 105 102 104 108 103 94 91 91 96 90 94 93
159 164 159 173 165 164 169 173 177 159 164 168 158 153 152 160 155 121 105 100 108 120 99 99 97 98 120 215 212 125 124 121 117 118 119 120 119 142 162 114 130 159 201 214 199 145 139 235 144 108 101 100 98 102 137 108 114 117 106 71 67 92 159 227 119 102 95 89 96 147 196 168 111 63 88 187 189 79 74 71 130 142 112 108 124 114 112 103 93 83 77 78 80 80 106 156 140 96 165 110 79 145 180 81 117 94 117 109 96 93 93 92 90 90 98 104 113 109 107 103 97 89 83 83 95 103 92 91
153 151 160 155 155 159 166 167 158 158 159 159 166 163 149 151 137 103 93 96 107 117 88 83 92 106 145 239 176 113 119 121 124 127 125 122 114 162 145 115 115 112 114 132 165 196 200 150 115 108 104 103 109 111 131 111 108 111 102 69 64 94 160 224 120 105 98 95 90 113 136 119 160 167 131 175 197 96 100 108 120 119 117 105 102 110 79 82 79 77 78 78 79 83 94 104 120 117 125 134 106 128 189 110 78 117 112 126 109 114 115 112 112 107 103 102 96 90 85 84 83 81 80 78 93 101 101 100
149 154 161 166 164 161 159 166 158 161 155 160 165 168 158 141 131 100 97 97 122 93 81 97 95 100 181 236 170 163 154 133 130 127 124 122 117 179 128 115 112 112 111 107 99 155 217 132 117 132 134 129 122 118 123 101 104 110 93 63 66 101 162 224 117 98 92 92 88 112 140 90 82 109 148 182 171 118 109 102 93 93 86 91 85 118 82 76 79 78 76 76 77 78 82 107 126 131 132 120 135 131 156 155 78 109 116 128 130 126 118 109 95 100 96 78 81 81 80 78 77 77 77 75 85 103 100 104
149 154 159 167 167 161 159 155 161 158 153 166 162 164 165 140 120 101 103 107 123 103 96 96 85 114 219 209 120 130 158 164 167 163 143 122 120 180 111 110 105 108 116 124 128 189 204 135 118 113 116 126 129 129 126 106 110 109 95 85 93 113 165 227 152 126 97 84 84 112 146 88 86 83 82 157 155 111 100 100 92 92 87 73 71 76 74 78 77 79 80 70 66 65 80 82 79 78 85 88 98 137 141 152 127 106 126 108 97 88 84 82 81 85 111 78 78 78 80 81 83 84 83 82 80 97 103 105
153 155 153 155 157 168 163 152 153 149 161 153 157 173 147 134 103 102 104 114 106 103 106 109 110 150 240 172 113 117 120 119 120 132 146 154 170 180 122 114 150 175 168 166 154 216 189 141 152 146 138 142 131 130 128 120 120 118 103 80 110 139 167 221 118 132 146 134 97 101 140 74 78 79 82 150 166 109 83 100 102 97 65 60 64 62 66 77 73 73 68 64 64 68 66 67 67 66 71 77 84 94 130 134 129 101 98 105 82 81 81 80 81 79 109 95 79 80 84 83 80 79 79 77 75 83 103 102
155 152 157 153 158 157 149 162 159 151 152 161 187 172 129 127 103 101 103 130 116 108 109 113 114 188 237 145 122 118 115 113 113 113 106 106 169 191 175 163 186 184 176 177 163 235 170 145 154 154 152 146 136 128 113 100 103 113 115 94 70 104 171 221 106 85 82 104 132 150 157 84 80 79 84 145 184 111 74 71 82 77 58 60 60 59 60 66 74 71 62 62 63 66 66 66 63 61 63 67 76 84 92 124 124 103 83 103 91 83 85 85 85 83 92 113 79 92 83 77 76 76 77 79 77 74 93 100
138 185 222 211 185 165 152 151 140 148 156 177 190 162 130 111 95 93 109 125 105 110 110 111 124 224 212 132 132 129 122 118 117 114 100 122 195 176 155 131 179 178 187 186 177 232 152 130 131 124 131 130 125 146 131 121 106 89 93 110 102 103 174 221 107 96 88 85 76 102 165 130 121 94 70 135 190 117 76 74 73 71 65 67 67 64 63 59 60 63 63 61 61 62 65 66 63 58 61 64 69 75 82 94 98 89 84 93 95 83 83 81 81 80 78 112 112 135 108 86 85 79 76 77 75 72 81 102
135 224 255 255 215 131 138 151 152 161 182 181 177 147 132 105 92 94 118 111 103 108 113 107 151 241 175 127 133 132 128 126 122 113 107 145 198 164 159 137 170 161 152 137 175 232 137 122 133 136 139 134 131 146 123 118 123 95 87 101 112 105 177 221 105 97 86 85 79 92 149 78 95 114 115 148 200 117 80 81 81 79 69 67 66 67 69 66 63 62 61 62 61 61 61 64 62 57 60 62 64 67 74 82 78 79 91 89 97 88 83 87 91 93 90 97 103 80 80 77 75 74 73 72 70 67 61 93
91 134 165 144 122 107 126 149 159 171 182 177 153 142 118 109 92 95 121 101 99 101 103 107 189 239 172 144 137 130 126 125 125 111 98 137 183 154 137 120 128 113 110 108 175 222 133 135 129 125 135 143 143 143 108 96 93 88 86 99 114 107 177 218 100 93 84 82 78 88 151 78 82 79 75 128 205 119 85 75 71 76 74 66 64 65 64 65 67 66 62 61 61 60 59 60 60 56 58 60 61 62 66 72 68 75 87 92 87 94 92 88 84 80 78 78 116 75 68 64 58 51 44 39 36 34 32 52
70 82 78 96 123 129 142 154 174 177 177 177 148 132 111 104 95 109 115 106 104 100 95 121 224 213 141 157 169 169 160 146 135 105 93 155 143 103 99 101 111 115 123 112 199 208 120 107 107 102 103 103 109 136 102 94 89 86 87 104 111 112 174 222 126 94 83 81 77 85 152 74 78 80 78 104 179 126 89 83 85 79 75 68 65 63 58 56 58 72 76 58 60 59 58 57 57 55 56 57 59 59 62 66 64 70 78 89 55 56 81 70 67 61 54 45 91 81 34 33 31 31 31 31 31 32 34 34
68 64 66 103 119 124 148 174 167 172 178 157 141 119 112 112 106 115 94 89 95 116 129 150 240 177 119 127 126 128 139 156 171 146 104 183 127 100 94 101 100 98 100 103 159 118 91 97 102 96 85 93 111 140 114 113 119 116 118 121 111 114 178 219 143 152 138 108 85 84 149 84 88 94 96 98 101 103 100 94 87 80 79 75 68 61 59 57 56 70 86 73 58 59 57 55 54 54 55 55 57 57 60 61 61 63 70 83 60 38 67 36 35 33 32 32 50 107 38 35 33 33 33 32 32 32 31 33
137 119 113 123 139 157 173 168 158 172 168 142 134 115 112 109 102 107 68 73 87 174 192 181 237 110 78 94 104 110 117 124 99 84 76 117 151 152 98 87 76 80 93 98 95 106 125 133 132 126 104 84 101 119 129 122 131 124 102 117 113 122 192 215 91 90 107 133 142 90 90 90 97 113 132 117 124 147 125 112 103 89 78 78 78 70 60 58 57 76 83 88 77 57 57 55 54 54 55 54 56 56 58 59 59 59 64 69 66 57 67 39 34 35 34 36 35 98 64 31 32 31 32 34 38 44 51 57
144 142 143 149 148 164 169 159 172 176 155 136 115 101 101 106 108 97 69 69 75 104 131 220 208 75 69 72 73 70 75 80 70 74 83 78 96 124 128 131 140 144 114 96 120 122 99 95 96 108 133 92 88 95 108 113 110 99 98 118 114 125 198 216 90 87 83 78 77 82 82 84 95 119 151 165 141 137 136 134 133 120 96 76 76 77 73 60 60 80 79 82 88 72 55 55 53 55 55 53 54 55 55 57 56 57 61 96 56 51 70 57 33 36 35 36 38 69 97 53 64 69 70 70 66 61 56 49
143 140 142 143 165 177 157 170 184 171 142 136 113 104 100 109 125 78 63 60 62 76 145 239 161 67 69 73 74 75 74 69 63 69 75 75 94 94 95 102 118 147 130 106 102 88 84 84 86 87 101 113 86 91 90 87 87 89 96 118 114 129 200 215 90 82 79 76 74 75 76 81 92 113 136 134 130 109 96 101 111 135 136 104 74 74 77 67 64 81 77 80 84 86 61 54 54 55 54 52 53 54 54 54 53 57 69 129 76 51 46 75 59 69 73 77 74 69 107 69 50 43 37 33 30 30 30 31
139 139 144 150 178 170 165 188 179 161 138 128 109 102 101 115 116 89 71 68 69 90 186 236 112 69 69 69 72 71 71 71 62 60 59 63 75 73 80 86 91 95 94 90 83 80 77 77 81 82 85 91 83 87 81 77 80 83 84 114 110 130 205 205 80 76 74 74 75 74 75 79 91 106 111 98 92 102 89 89 90 94 117 137 111 72 74 70 64 79 76 76 81 87 75 54 54 55 52 51 51 52 54 51 52 54 124 154 105 78 71 80 67 54 46 39 34 30 75 84 29 33 32 32 32 33 32 33
143 145 143 160 165 169 188 191 176 151 136 117 115 98 110 125 96 89 91 94 103 120 215 214 93 75 67 62 61 63 64 78 64 55 56 57 62 62 69 74 81 86 87 85 80 76 72 72 77 77 81 83 80 78 71 71 73 73 75 109 108 135 174 108 82 75 67 68 71 73 77 84 93 97 91 84 78 83 91 86 88 88 88 100 127 108 70 70 64 74 74 73 78 83 84 58 53 55 52 50 51 50 50 50 52 59 118 175 121 66 48 48 60 34 35 33 34 34 44 111 40 34 33 33 32 32 32 32
143 146 156 176 177 159 159 159 166 140 128 109 113 101 110 116 91 103 117 132 184 205 208 209 201 187 163 137 117 92 70 82 62 54 55 56 56 57 62 65 71 78 82 80 73 72 69 68 72 73 76 76 71 87 98 93 89 85 82 91 90 134 96 84 90 72 64 65 67 70 78 90 101 99 84 73 73 71 83 86 83 87 84 85 90 114 99 68 65 67 72 71 75 79 85 67 53 54 51 50 49 48 50 52 52 60 86 177 135 90 73 56 69 36 34 34 34 35 32 92 71 31 33 32 32 32 32 32
139 141 155 177 181 166 165 176 149 135 111 99 105 113 119 121 123 135 138 157 222 233 233 236 240 235 232 232 193 118 74 73 59 53 54 55 54 54 58 60 63 68 74 74 68 66 67 65 68 70 71 69 64 85 100 97 96 90 89 88 88 99 85 90 95 73 63 66 67 69 77 89 103 98 84 77 72 67 71 84 83 83 83 82 85 87 99 77 63 63 66 69 72 77 81 75 61 67 51 50 50 52 54 50 81 55 73 154 152 105 64 60 77 46 33 35 38 36 35 56 104 35 35 33 33 33 32 32
140 144 154 164 160 165 170 159 136 132 129 134 132 130 123 124 125 132 140 176 178 134 139 155 193 206 186 148 77 64 63 58 57 53 53 54 54 53 55 57 57 62 66 69 65 62 63 61 64 66 65 69 63 75 97 97 93 91 89 88 88 85 87 89 99 87 61 66 68 70 77 91 96 90 82 75 75 70 65 77 82 79 82 80 81 84 86 82 61 62 63 65 70 74 73 82 71 72 67 55 53 55 72 155 166 83 65 121 172 123 67 53 51 60 37 37 37 38 39 39 102 62 40 44 48 55 59 65
138 152 162 161 156 149 141 134 136 136 136 131 129 130 133 134 139 146 153 118 83 87 94 96 104 96 77 65 65 63 60 58 57 54 52 54 53 53 54 55 55 58 62 66 65 59 60 59 61 61 63 68 64 66 88 97 92 90 89 87 86 87 86 88 102 88 63 67 68 71 80 94 96 82 75 74 72 71 65 68 78 78 78 79 76 79 82 85 67 60 61 62 69 70 64 78 59 62 70 66 75 98 130 216 237 224 172 130 180 133 80 60 49 70 52 56 62 69 78 81 100 111 101 105 106 107 107 106
146 160 160 140 137 137 135 137 137 138 141 136 137 134 136 134 142 145 148 82 75 81 86 89 91 85 66 61 60 57 57 58 58 56 52 53 53 52 53 53 54 56 59 63 62 58 57 56 58 59 61 65 64 66 83 93 94 92 90 87 87 87 87 86 99 96 60 64 67 73 85 88 83 79 72 71 71 70 67 63 73 77 75 77 75 75 78 83 72 60 61 61 68 66 61 73 73 102 90 122 133 156 138 193 230 225 237 236 217 166 116 93 102 108 111 116 121 119 121 121 118 108 102 102 106 109 114 120
159 165 157 142 145 144 147 147 146 142 140 136 133 129 136 137 144 148 114 67 66 71 79 83 82 72 56 56 56 55 55 57 56 56 52 51 52 51 51 51 51 53 54 58 58 55 54 54 55 56 60 62 89 73 75 89 95 97 94 90 89 87 87 87 89 81 60 62 63 70 79 77 72 70 72 69 68 69 67 62 66 76 74 73 74 72 74 78 71 59 59 61 67 64 59 69 78 101 100 94 99 131 155 181 247 241 236 234 228 228 219 140 126 125 127 124 132 128 132 135 137 121 107 109 113 119 127 129
159 158 157 150 150 147 147 147 147 142 139 138 133 134 136 142 146 154 114 65 60 61 69 74 76 64 52 54 55 55 55 56 55 55 52 50 51 51 51 51 50 49 50 53 53 52 51 51 52 55 58 73 155 100 72 81 92 97 95 92 91 89 87 88 89 84 62 62 64 63 63 64 66 67 67 68 66 67 67 64 60 70 73 71 73 71 71 75 67 59 58 60 68 59 56 71 70 76 85 91 92 114 163 165 237 243 242 245 243 233 229 187 119 111 111 130 131 132 136 140 137 136 133 132 137 138 134 133
151 140 140 149 147 148 145 147 144 140 139 138 129 138 140 146 146 169 135 65 59 57 59 65 72 55 51 52 53 54 54 54 54 54 52 49 49 50 50 50 49 46 46 48 49 48 48 50 50 53 59 133 173 147 81 74 83 92 96 94 93 91 90 89 89 90 72 60 61 61 61 60 59 62 65 65 66 65 65 66 60 63 70 69 68 69 68 71 62 58 57 60 63 55 70 76 65 72 81 83 86 123 165 156 223 245 242 244 244 244 241 225 141 133 128 131 136 139 144 143 142 142 140 141 141 142 137 136
153 140 143 146 147 147 145 148 140 134 131 119 114 133 133 135 135 195 150 58 61 57 54 58 57 50 50 50 52 53 52 53 52 52 50 49 48 48 49 48 48 46 44 44 44 46 60 57 47 62 131 177 174 174 127 77 74 85 95 101 98 97 95 94 92 91 87 64 60 59 58 58 58 57 59 63 64 64 63 64 62 58 67 69 66 68 65 67 59 56 57 59 64 69 77 73 62 68 73 77 86 148 168 155 197 246 242 244 244 243 239 236 157 132 133 132 132 132 135 137 144 148 144 144 143 140 135 136
135 141 146 142 140 114 109 103 94 88 85 81 105 134 132 135 145 211 188 70 61 59 54 52 50 49 48 48 50 51 50 51 51 50 49 46 46 47 50 51 47 44 46 46 49 55 66 75 98 152 171 164 160 149 140 89 77 72 91 101 109 104 103 104 101 95 97 83 62 61 58 57 57 56 55 57 60 61 60 60 61 56 61 67 65 65 64 64 56 54 55 59 69 75 75 70 58 63 66 74 100 157 153 149 175 237 239 240 248 250 244 239 184 124 131 135 134 131 124 124 135 141 144 143 141 139 138 134
144 138 139 127 155 76 64 62 71 80 93 90 124 133 134 133 162 204 216 134 61 61 57 52 50 48 47 47 48 49 49 50 49 48 47 44 45 48 61 71 89 110 81 52 67 85 96 107 112 106 99 94 92 89 87 101 95 67 77 94 107 115 111 120 126 121 117 110 79 65 61 58 56 55 55 54 55 58 57 57 58 56 54 63 63 61 63 62 54 53 55 59 70 73 74 67 52 56 63 76 120 134 136 142 160 224 228 208 144 181 216 239 212 127 132 136 137 130 122 120 126 127 125 123 124 118 114 106
105 115 111 111 111 73 64 64 71 100 103 98 131 133 137 135 190 218 216 209 103 60 61 55 51 48 47 46 46 48 48 48 48 47 46 44 47 52 60 93 186 249 138 49 88 82 72 81 84 89 97 111 99 99 97 115 146 88 66 83 100 118 136 139 140 147 162 172 145 81 65 61 57 55 53 54 53 53 55 55 56 55 50 58 61 58 61 59 52 52 53 60 69 72 73 66 47 55 63 100 123 123 127 132 146 185 214 223 103 71 83 105 172 145 124 121 93 87 84 80 72 67 63 58 55 57 56 53
68 75 83 82 81 71 74 82 80 91 94 97 88 133 136 146 220 216 209 206 180 86 59 58 54 49 48 46 45 46 47 47 46 46 45 44 51 65 94 125 195 233 121 64 130 71 75 70 57 53 68 115 82 72 80 108 157 130 72 65 86 109 131 146 150 164 184 207 227 174 72 64 58 55 53 52 51 51 52 54 53 54 49 52 59 54 57 56 49 51 54 62 67 70 68 73 80 108 111 121 101 86 86 102 131 128 141 214 146 73 70 93 134 169 117 119 81 63 67 64 47 40 40 42 42 55 56 45
67 62 71 65 68 68 79 88 88 75 79 85 78 128 134 168 215 196 194 190 194 175 91 55 57 55 49 47 45 44 46 45 45 44 44 48 67 111 118 133 201 220 105 78 172 73 81 77 53 45 63 113 65 51 50 96 152 150 84 66 65 89 110 129 155 168 177 180 197 219 138 62 58 55 52 51 50 50 49 50 52 52 47 48 55 51 52 51 48 50 56 61 64 66 70 68 85 109 95 123 132 111 86 74 96 111 105 143 174 91 120 119 117 175 131 119 115 60 51 57 50 36 36 40 43 53 60 48
63 59 57 81 141 69 66 66 66 64 65 66 87 112 94 184 212 192 191 192 196 203 195 120 66 61 62 52 47 44 43 43 45 45 49 51 92 135 124 148 214 219 91 92 196 83 90 81 53 51 70 108 62 52 52 73 99 109 105 101 78 66 82 96 121 153 170 170 164 159 153 89 56 54 51 50 49 48 47 46 47 49 46 45 52 49 47 48 48 51 57 60 62 62 99 89 65 77 81 86 102 126 121 87 73 90 97 105 159 108 124 128 113 149 153 119 132 86 49 54 59 43 36 41 42 42 58 50
59 80 124 188 174 68 57 53 52 53 56 63 91 96 86 144 164 179 160 157 197 184 194 216 126 58 66 62 57 52 50 49 54 53 51 49 110 128 129 163 229 206 80 115 221 101 100 77 57 55 74 102 54 46 47 55 63 71 85 84 91 76 60 60 66 79 123 159 155 140 113 94 58 52 51 49 48 46 45 45 44 45 44 44 48 47 43 45 47 51 57 59 57 65 81 94 76 67 75 76 88 102 128 107 75 88 93 100 131 128 109 138 110 116 169 126 123 121 57 52 65 68 45 36 38 38 34 38
110 144 158 205 165 100 95 61 64 50 48 63 73 76 76 106 102 104 99 88 121 121 114 137 103 73 69 72 63 59 50 48 45 49 58 55 124 123 131 180 225 187 74 132 238 131 103 73 58 49 78 99 49 45 45 64 54 57 71 73 78 85 77 59 55 57 59 84 120 120 75 71 73 57 50 48 47 45 45 44 43 43 43 43 45 46 42 43 46 52 56 55 56 69 73 78 84 71 74 71 83 90 104 92 81 87 90 98 109 144 101 144 130 113 163 137 116 150 85 49 58 68 55 49 48 42 40 46
114 95 128 179 135 101 101 74 100 60 46 55 58 64 65 74 80 80 81 81 83 96 80 79 83 72 74 75 74 49 47 47 43 85 63 54 138 121 135 190 225 168 72 150 244 169 101 69 58 48 87 101 46 44 45 97 61 51 58 67 69 77 83 75 61 54 54 57 72 75 73 73 70 61 48 48 45 44 43 43 42 42 42 42 44 45 42 44 46 49 50 50 58 69 71 74 77 77 73 70 75 87 88 74 80 81 87 95 97 145 104 129 136 113 136 152 119 138 133 62 58 66 64 47 51 49 47 54
79 76 85 101 87 93 74 85 106 94 53 55 55 62 73 82 79 78 66 71 76 68 86 133 74 77 79 76 77 68 60 50 45 98 56 73 143 119 139 205 225 146 73 159 238 175 97 85 81 48 83 96 43 43 47 71 87 48 52 59 65 65 71 70 67 63 63 54 60 73 54 47 43 38 37 45 48 44 43 42 41 42 41 44 55 51 46 44 42 44 48 54 57 65 72 74 75 76 74 69 68 83 77 71 78 80 86 93 91 134 121 111 142 120 116 167 126 119 164 77 59 68 67 43 46 44 49 53
68 67 80 86 85 95 77 87 93 94 72 52 66 65 79 96 96 90 78 71 82 107 175 124 71 88 82 68 76 71 61 48 45 78 56 103 139 126 159 231 229 128 72 166 218 161 89 113 82 60 81 82 60 47 42 41 83 76 46 52 58 58 61 60 56 66 106 115 116 57 57 41 35 34 34 34 48 59 55 50 48 47 52 54 52 54 49 38 42 46 50 53 55 59 71 74 74 75 75 71 65 75 68 71 76 80 86 89 90 115 139 95 140 128 111 159 133 106 153 118 55 58 61 44 41 44 51 52
100 72 68 66 77 78 67 76 75 72 80 73 56 59 69 78 75 70 94 159 188 192 189 95 85 88 79 65 69 67 57 46 44 60 75 123 131 138 132 159 222 113 71 183 180 142 98 122 64 66 85 73 63 42 40 42 59 123 80 52 52 50 50 52 60 83 113 129 191 63 55 55 55 46 37 38 36 38 48 48 46 46 47 52 58 66 85 61 43 47 48 50 53 55 68 74 75 76 77 80 68 62 67 73 78 81 83 86 89 101 160 99 129 135 117 134 147 108 130 161 65 56 64 45 41 50 53 57
172 119 51 56 66 59 52 59 67 78 110 123 103 83 59 64 71 126 156 208 203 207 178 77 76 80 69 65 66 64 52 45 44 56 85 136 124 142 81 59 142 106 72 204 164 130 99 82 48 66 83 62 61 36 38 41 44 112 135 98 52 51 47 54 75 93 97 118 197 92 68 59 39 63 55 83 94 69 49 48 33 33 39 69 90 90 102 77 42 45 46 47 50 52 60 72 73 76 75 80 74 56 67 73 79 83 82 82 86 91 167 114 108 136 119 110 156 108 107 167 97 53 63 56 43 51 50 57
154 125 81 56 67 84 77 81 111 104 124 118 146 159 113 145 176 173 178 204 201 208 156 87 85 80 73 81 89 63 48 58 49 53 88 144 124 129 65 98 115 88 71 177 147 118 101 49 47 52 85 48 50 35 37 39 38 85 130 125 63 48 64 59 66 91 92 128 159 65 54 71 37 60 55 46 72 82 52 58 35 33 36 71 99 95 100 89 43 44 44 45 47 49 53 65 70 71 72 73 69 55 64 69 76 80 82 81 83 88 153 143 97 132 120 103 153 123 104 142 139 50 47 53 40 35 33 34
56 141 95 59 75 98 91 118 107 114 120 81 114 128 182 198 186 152 196 202 207 206 168 156 147 102 89 92 86 63 63 76 52 50 81 150 127 117 123 143 133 79 72 75 91 113 102 46 45 41 60 42 37 35 36 38 36 65 119 91 68 44 67 54 56 89 88 141 71 57 48 69 56 62 51 38 42 79 52 64 42 34 36 72 95 94 98 101 47 43 43 44 45 46 49 57 65 66 69 70 59 54 60 64 69 75 78 79 82 86 146 168 91 122 124 108 130 142 110 119 173 68 42 50 49 37 37 35
70 133 67 60 81 95 105 122 109 86 108 59 77 131 195 190 155 176 196 199 210 206 179 180 154 70 60 62 77 68 79 77 56 50 96 151 128 92 133 143 143 80 76 76 64 111 101 45 41 65 49 37 34 34 36 36 36 56 98 44 57 76 69 54 58 66 84 100 113 72 42 58 67 59 49 43 41 77 52 64 51 34 34 68 99 93 100 110 62 42 42 42 43 44 46 50 58 61 62 65 54 52 57 60 62 67 72 77 77 85 148 180 100 105 126 112 106 155 116 109 168 113 44 52 57 48 49 51
70 77 72 79 90 103 130 117 88 87 91 72 79 170 185 177 153 201 201 203 190 177 186 195 116 54 54 53 112 165 165 168 92 50 150 184 152 77 115 138 138 77 80 101 66 105 101 43 64 115 42 36 33 33 34 35 36 50 100 52 45 89 87 60 56 39 59 57 123 63 69 42 99 69 69 78 41 76 49 62 60 35 39 73 101 90 102 111 88 43 42 41 42 42 43 45 51 56 58 60 51 49 54 56 58 60 65 71 72 82 153 182 122 92 124 116 105 146 133 110 127 130 96 94 90 86 87 86
90 91 88 78 93 115 123 100 79 103 82 73 104 170 147 138 174 204 206 175 128 180 221 201 72 56 55 53 58 148 199 197 107 49 164 203 179 66 96 134 130 73 79 108 67 64 53 54 110 71 36 35 33 33 34 35 34 61 156 85 56 67 74 64 46 34 44 60 72 68 63 41 66 80 98 142 77 69 45 57 69 38 46 84 108 91 103 108 99 46 40 41 40 40 41 40 44 50 53 56 48 45 52 54 55 56 61 63 67 76 99 109 105 100 107 109 114 118 123 117 111 114 113 112 112 109 107 105
101 105 87 87 103 120 110 86 101 111 92 84 108 117 147 146 176 151 119 84 121 208 241 151 54 56 53 51 51 53 74 88 74 72 83 99 110 64 78 133 121 70 82 108 66 37 47 101 80 38 37 34 33 33 38 37 38 76 131 78 59 61 57 51 38 33 38 71 49 64 55 39 50 116 90 144 96 64 43 52 75 40 45 76 123 93 102 104 101 99 54 39 40 39 39 39 39 43 47 50 44 41 46 52 52 54 57 56 60 73 84 87 88 96 98 98 98 82 85 100 103 102 102 95 93 87 88 84
110 107 86 96 110 119 89 85 117 106 99 111 107 114 106 81 76 60 59 61 140 199 226 86 55 53 49 47 47 46 48 79 74 75 69 84 107 64 64 127 110 68 85 105 81 48 102 83 42 37 34 33 33 39 37 40 60 81 62 44 57 62 56 40 33 32 43 57 36 66 52 36 47 73 41 99 90 59 44 51 64 41 45 66 124 110 101 101 87 121 114 47 39 38 37 37 37 37 40 43 40 40 42 47 50 51 50 54 61 85 93 99 99 101 99 97 98 84 79 90 105 104 98 99 93 91 89 84
104 98 90 103 114 100 80 97 101 87 108 85 75 96 85 61 72 88 65 86 140 222 186 57 55 49 47 45 43 43 42 55 71 69 60 86 118 63 55 119 101 69 87 99 94 95 81 37 39 36 33 33 32 42 39 43 45 82 63 39 53 62 57 32 32 32 37 35 38 39 37 35 40 62 45 46 64 63 42 60 45 38 44 58 101 125 107 99 70 85 112 61 37 37 36 36 36 35 36 37 38 38 38 41 43 45 49 51 75 92 85 89 92 98 98 95 93 95 90 95 99 97 95 96 91 88 87 86
101 109 113 130 134 84 89 96 63 67 77 48 61 89 106 105 118 104 98 133 199 237 134 49 50 46 43 41 40 40 40 40 59 58 53 83 117 63 49 114 95 71 88 95 100 87 38 35 36 34 34 33 32 34 36 32 67 126 58 38 47 54 42 32 32 32 33 33 36 34 49 33 39 50 58 34 40 68 43 63 47 36 42 56 67 114 104 92 71 45 47 41 38 38 40 36 34 34 36 39 41 39 35 36 37 41 47 94 130 125 117 113 109 105 105 102 93 91 90 85 81 86 90 90 90 88 86 85
109 113 123 140 124 91 90 79 68 49 55 52 77 84 100 111 107 111 131 162 175 174 82 48 46 42 41 40 39 38 39 38 49 47 54 71 106 63 45 105 88 73 88 91 95 65 35 35 34 34 33 33 32 33 30 60 71 126 59 40 65 39 34 32 32 31 33 33 35 39 48 32 37 41 61 38 38 43 45 65 52 34 39 55 54 78 102 75 77 42 40 38 38 45 47 50 43 40 43 42 41 43 36 37 42 52 83 119 128 131 131 132 139 144 149 148 147 144 137 129 123 118 116 117 118 112 103 98
107 125 136 130 120 97 84 74 70 88 79 82 91 73 83 93 109 123 138 144 142 139 60 48 44 41 40 38 38 37 38 37 45 40 47 65 110 61 43 99 80 76 89 87 90 71 35 34 33 34 33 33 32 33 29 65 64 79 58 41 101 62 33 32 32 32 33 33 34 62 82 36 35 40 50 50 35 38 48 66 48 34 37 51 57 45 97 61 82 47 39 38 40 94 69 64 73 52 41 36 48 60 57 56 64 85 114 108 106 103 99 96 94 96 102 106 111 118 127 139 140 135 136 139 140 139 140 144
122 128 116 105 102 90 67 75 113 117 113 87 81 80 80 97 119 148 155 150 149 132 54 47 43 41 39 38 38 38 37 37 42 39 41 56 114 59 41 95 77 79 88 83 84 70 34 35 32 33 33 33 32 32 31 45 64 35 39 45 109 96 34 32 32 32 33 32 44 83 93 43 33 41 41 53 36 39 35 32 36 36 35 48 59 37 72 59 76 49 39 38 57 133 70 84 85 74 34 34 71 84 67 62 62 91 149 139 128 123 121 120 121 120 119 118 115 109 107 109 110 114 124 133 138 139 134 127
119 114 72 58 85 74 50 86 118 114 91 82 103 103 91 112 128 150 152 156 164 143 50 46 43 39 39 39 38 38 38 37 42 39 40 69 116 57 41 88 76 81 86 78 80 72 35 33 44 45 32 33 33 33 32 32 35 34 35 48 112 107 36 33 32 32 32 37 65 94 101 46 34 40 40 47 43 38 35 33 35 35 34 44 58 40 45 53 74 58 39 39 100 156 64 71 93 82 36 35 74 77 63 60 60 84 135 134 136 141 147 147 143 137 134 132 131 129 127 129 127 122 119 118 116 119 121 123
113 66 43 87 104 95 79 116 91 84 91 131 116 103 117 114 124 123 123 122 122 112 63 49 52 73 63 39 39 38 38 37 42 39 46 86 112 54 41 83 73 82 85 73 74 72 34 36 72 96 37 33 33 32 32 32 33 34 33 55 116 97 33 33 32 32 33 54 82 99 106 48 34 39 41 42 48 37 36 32 32 36 33 43 57 43 35 40 70 68 37 62 131 141 85 43 82 87 36 33 75 75 58 56 58 80 131 134 136 131 120 109 101 98 96 92 91 89 88 87 95 96 112 137 134 131 129 125
73 44 70 107 108 91 98 133 89 84 110 89 81 104 114 114 123 124 124 123 124 118 105 100 107 118 89 40 40 38 38 37 41 39 47 94 110 52 41 78 72 83 84 69 69 71 39 38 66 107 79 37 33 32 32 33 33 34 33 55 113 76 31 32 32 31 46 71 89 107 116 56 33 37 41 38 46 40 35 51 56 35 33 41 56 45 35 38 65 74 51 92 121 128 99 48 48 78 40 53 81 74 56 53 55 77 135 126 105 86 77 76 78 78 78 75 71 69 64 61 63 82 116 125 127 127 127 126
55 53 55 91 84 59 127 117 88 62 93 113 123 116 108 124 130 136 140 146 151 135 109 115 113 115 97 44 41 39 38 37 41 39 42 96 108 50 42 73 71 83 83 65 63 71 40 36 53 92 85 63 33 33 33 34 32 33 33 65 109 60 30 33 31 34 57 69 96 120 126 50 33 34 40 38 41 45 34 56 103 40 34 40 54 49 35 36 60 79 87 99 79 82 98 62 38 51 57 66 87 75 57 53 53 72 106 88 84 87 88 90 93 97 95 83 70 62 63 80 103 120 121 120 120 120 119 118
55 52 52 71 62 108 131 101 75 80 73 98 124 127 149 146 131 137 156 152 146 129 112 112 112 117 103 48 41 40 40 38 41 39 42 99 102 48 43 67 71 84 81 62 59 62 35 35 49 85 84 70 47 32 35 45 31 33 36 77 99 48 30 32 32 36 37 36 54 109 105 35 33 32 35 39 37 47 37 40 92 79 33 39 52 52 35 36 44 82 100 94 84 85 98 75 39 39 57 62 84 75 59 53 52 66 88 94 98 100 105 108 106 94 84 84 94 110 124 132 134 132 133 133 131 128 125 124
43 47 55 49 75 139 104 75 87 106 107 64 87 122 139 135 84 97 129 130 127 109 117 108 113 114 107 54 42 40 40 38 41 38 48 105 99 45 43 65 72 84 81 62 55 55 34 34 49 77 82 67 56 35 36 58 30 35 40 84 88 39 31 32 32 32 32 32 33 40 43 32 33 33 32 36 35 42 38 37 56 104 48 38 50 54 36 37 41 85 91 82 78 84 92 83 53 39 46 65 82 75 59 55 52 65 101 106 106 101 103 122 132 137 145 150 150 150 149 149 149 149 146 145 145 146 148 145
46 46 50 55 67 66 98 102 147 139 126 109 61 71 105 83 54 103 118 100 124 129 165 110 111 112 106 53 41 40 39 38 41 37 59 108 94 43 42 62 74 83 77 59 52 50 34 39 56 72 77 71 53 46 37 62 32 35 49 87 85 37 31 32 32 31 31 33 33 42 30 32 32 32 32 33 35 37 36 38 39 75 50 39 52 59 38 36 62 95 87 78 75 82 91 82 73 43 46 62 82 76 61 57 53 63 102 103 99 107 119 124 123 123 120 116 112 92 100 118 117 117 116 116 117 116 118 118
53 59 60 75 95 84 123 155 130 109 123 103 72 60 57 48 72 104 78 62 126 177 169 97 103 111 98 45 41 39 38 37 41 35 70 108 89 41 41 56 75 83 73 55 49 49 38 46 65 75 75 71 52 45 39 59 34 35 64 89 89 37 31 32 32 37 43 35 35 72 42 31 32 32 32 32 34 35 37 38 36 54 45 35 48 70 41 42 84 90 85 75 73 79 88 80 76 55 40 55 80 76 61 57 55 61 107 128 125 128 127 125 127 115 96 95 95 91 97 104 116 118 116 116 118 119 119 119
60 87 111 132 133 112 100 84 76 104 82 71 89 74 49 46 66 100 86 55 111 123 104 89 92 112 88 41 40 38 38 38 40 36 73 108 84 40 39 53 76 80 71 54 47 49 43 51 66 73 73 69 53 36 40 44 34 38 76 88 91 40 30 35 44 46 38 30 50 82 57 29 32 32 31 32 33 33 34 36 38 37 40 35 48 67 44 64 89 89 83 73 70 78 85 80 74 64 40 47 70 74 64 57 58 62 102 130 126 124 123 122 116 75 77 72 96 98 84 88 98 120 118 117 116 117 116 117
103 133 152 155 130 110 88 78 86 89 154 151 114 71 47 50 61 68 86 63 83 112 107 104 81 112 75 39 39 37 37 36 40 35 66 106 79 40 40 54 75 77 68 52 46 45 44 52 63 70 71 66 54 33 39 34 31 49 75 90 73 34 31 34 36 33 30 34 64 90 71 30 32 31 31 32 32 33 34 34 39 34 33 36 47 66 62 83 87 89 82 73 67 75 82 76 73 69 47 42 61 70 66 59 59 64 106 150 139 141 140 137 88 58 52 64 90 104 108 101 98 102 111 118 117 116 115 114
162 158 126 105 97 99 99 95 81 129 194 148 85 53 49 52 65 70 86 88 89 89 97 142 74 108 63 38 38 36 36 36 38 35 57 103 75 38 39 57 75 74 65 48 47 43 42 52 61 67 71 65 53 33 34 34 34 60 76 82 47 32 32 32 32 31 31 32 33 61 84 32 31 31 31 31 31 32 32 32 37 36 33 35 45 60 79 84 84 83 79 72 66 73 79 71 68 69 55 40 53 66 68 60 60 68 105 142 144 150 152 132 59 48 50 64 84 122 131 128 125 118 115 115 113 112 111 111
157 112 98 93 95 102 102 101 92 88 93 83 64 44 52 61 68 74 94 98 80 68 130 140 64 101 54 38 37 36 35 35 37 35 48 98 72 37 38 52 72 72 61 44 47 38 40 48 57 64 65 62 50 32 34 32 43 68 81 67 34 32 31 32 31 31 31 31 31 29 61 37 30 31 31 31 31 32 32 32 37 39 33 34 43 58 79 84 80 78 74 71 65 72 76 72 64 66 60 43 44 57 69 60 62 71 105 119 120 121 121 77 45 44 52 66 83 117 146 143 143 139 137 133 130 124 120 116
169 149 145 124 106 109 101 99 96 85 57 46 59 62 76 89 78 77 109 93 75 89 166 143 73 91 49 37 36 35 34 34 37 35 43 92 68 34 36 42 67 73 56 42 46 33 36 43 52 58 59 54 44 33 33 35 56 73 73 46 32 32 32 31 31 31 31 32 31 31 34 34 31 31 31 31 31 31 32 30 50 52 32 33 42 55 72 81 78 77 71 66 63 69 70 68 62 64 60 50 42 48 64 61 62 73 112 122 117 115 103 49 44 42 52 70 85 101 121 127 130 137 138 142 143 141 138 137
