152 146 160 169 137 106 92 86 90 87 85 96 95 103 113 104 96 94 101 100 100 103 111 123 109 113 128 115 113 126 105 86 105 113 101 101 92 99 96 84 93 86 69 94 84 61 69 79 82 85 84 74 70 75 74 85 89 92 91 77 65 66 87 104 126 123 116 136 152 144 114 93 88 93 87 83 77 74 83 95 93 81 80 83 85 99 77 66 71 60 69 84 89 84 70 62 72 92 113 117 118 127 128 118 111 107 97 89 86 102 114 115 112 111 116 125 131 132 138 147 124 94 90 97 105 104 109 110
158 157 165 170 140 102 85 84 86 85 90 98 93 106 114 103 91 88 102 107 109 110 108 108 107 121 135 115 114 127 115 94 104 107 95 96 82 105 127 111 97 75 64 79 73 61 66 83 93 91 83 73 65 67 64 80 95 95 94 79 70 86 98 108 121 119 121 152 167 154 133 109 103 113 96 97 83 74 86 100 95 80 80 80 81 85 79 77 69 61 64 81 87 82 65 67 85 97 116 117 107 124 133 127 120 115 105 89 93 114 121 135 133 106 102 107 119 130 141 144 119 101 102 97 103 108 109 107
161 173 164 152 125 92 81 78 76 78 95 99 88 108 118 102 87 89 106 118 121 116 103 92 105 133 152 118 112 131 127 113 113 104 88 83 86 123 146 143 124 97 95 96 93 92 82 82 94 97 90 75 66 66 59 79 100 97 92 72 85 112 106 111 118 113 127 162 180 171 159 133 115 120 100 118 107 77 87 102 99 94 94 91 82 78 92 91 82 82 71 74 85 89 71 76 87 94 112 114 115 129 131 129 120 120 118 101 108 116 118 145 145 97 99 102 112 128 136 135 117 117 122 106 100 105 109 103
152 171 144 117 99 88 85 76 69 71 91 95 82 105 119 103 85 94 111 124 128 115 101 87 99 129 151 119 112 127 129 122 117 103 77 74 96 127 142 152 141 116 115 116 118 117 107 92 88 99 96 73 68 68 62 75 92 92 82 64 97 124 113 111 116 115 137 165 182 176 167 143 114 115 94 126 135 95 91 104 107 107 104 103 90 86 109 105 104 106 93 86 91 104 83 80 84 88 102 106 123 139 129 130 119 123 127 111 117 118 112 131 130 84 98 97 101 115 120 125 122 131 136 126 110 103 108 103
128 138 109 90 94 97 92 79 67 63 82 91 80 104 117 102 87 100 114 122 123 118 112 104 96 106 126 116 113 111 111 115 107 93 63 68 91 116 135 148 139 120 118 117 122 122 124 114 99 106 103 74 69 66 66 72 80 80 66 62 89 103 96 99 114 121 148 167 166 156 155 139 110 110 96 124 158 126 103 111 116 117 112 111 90 94 121 112 113 114 115 108 104 115 93 79 86 89 96 104 125 137 121 119 113 120 125 116 120 125 122 124 110 78 101 99 103 111 111 122 132 135 134 142 125 104 103 100
102 98 86 91 96 100 94 82 70 65 77 85 80 103 106 99 99 109 119 118 119 127 130 127 107 94 103 112 118 96 83 90 80 73 63 77 85 99 115 132 129 122 128 127 128 135 139 127 111 113 113 82 70 64 69 75 76 67 57 69 75 72 66 81 109 125 151 148 131 122 131 128 105 109 108 130 164 138 112 112 117 120 120 115 94 99 121 113 115 114 118 112 113 125 106 81 90 100 102 107 113 118 112 110 106 117 123 122 125 135 131 122 106 96 106 94 114 127 120 123 137 134 133 149 135 109 98 102
84 78 82 92 95 95 88 84 87 80 77 75 81 103 98 99 111 117 124 116 115 130 138 134 118 105 97 103 117 93 73 71 64 67 72 89 90 82 89 106 121 129 142 143 139 147 142 122 110 111 109 86 74 62 66 77 74 56 59 78 75 67 61 69 94 118 131 114 98 98 106 106 97 105 113 139 150 126 113 112 112 117 117 111 100 106 116 113 113 114 114 103 118 130 114 92 101 118 117 109 84 92 112 110 109 120 128 129 122 133 130 114 107 106 97 76 110 135 137 123 127 140 152 159 141 111 97 111
76 77 75 88 95 93 81 86 98 83 75 69 83 106 101 106 116 122 129 111 109 124 142 137 127 123 103 90 99 83 74 71 69 74 76 84 91 75 71 79 104 123 138 143 133 129 122 111 109 108 98 86 74 61 63 72 60 53 76 92 79 67 71 71 79 97 103 93 96 98 93 89 82 89 112 142 130 113 118 120 114 109 105 101 103 108 112 109 106 108 111 103 117 119 116 121 127 133 126 115 72 82 109 109 105 115 128 127 117 128 128 114 105 92 72 65 104 126 143 120 114 143 162 156 131 101 91 112
71 73 75 90 95 88 77 86 96 75 72 65 87 109 106 111 119 130 133 110 112 123 132 129 126 130 114 87 80 76 74 73 72 74 77 82 97 91 82 72 80 99 118 129 118 111 108 108 110 107 95 88 73 63 57 58 55 62 87 102 85 68 75 78 77 81 90 101 110 108 100 95 82 76 108 138 119 114 125 129 117 101 93 93 96 102 104 99 94 104 104 101 114 116 125 146 151 141 124 119 89 89 110 118 106 108 125 119 119 130 129 120 102 68 47 66 103 120 133 113 107 131 145 133 103 79 84 103
69 71 87 97 87 82 82 85 86 74 69 60 85 105 110 115 118 130 129 112 112 115 116 108 113 126 119 90 75 77 76 76 77 77 83 88 102 113 109 97 86 84 105 124 117 119 121 122 120 112 101 86 66 63 62 68 80 80 78 93 86 73 74 75 82 89 98 109 116 113 113 108 98 88 112 128 111 118 130 128 113 101 97 96 96 100 100 95 99 106 91 94 120 131 136 157 162 149 129 122 109 101 116 129 110 110 125 121 119 127 129 123 96 48 42 74 98 115 120 101 99 113 121 103 84 69 84 100
73 79 97 92 81 86 92 86 80 80 70 67 86 90 101 113 113 119 119 110 103 100 103 95 100 126 124 93 82 79 79 77 74 76 82 87 97 116 118 116 108 97 102 119 118 127 136 135 124 113 100 74 54 71 89 97 103 87 66 75 77 76 78 75 93 112 110 112 116 117 120 114 109 107 114 110 97 112 128 123 106 107 112 109 102 100 103 99 106 108 89 98 130 152 150 150 159 148 135 126 118 108 113 125 117 116 123 127 121 120 124 126 86 41 63 96 94 105 108 94 94 106 106 87 89 77 94 109
79 86 94 83 80 94 99 91 79 78 72 85 99 84 82 102 113 114 115 111 101 96 98 95 103 129 136 104 92 83 86 85 75 72 75 80 86 104 107 109 106 102 97 106 115 127 122 114 105 95 84 57 57 91 116 118 109 89 75 80 84 84 88 83 108 125 116 115 116 116 122 121 117 115 111 97 96 105 120 119 109 109 111 110 104 105 105 103 107 110 101 112 132 160 166 145 143 142 141 135 125 116 110 113 118 121 125 131 129 120 119 120 73 41 83 116 102 98 105 98 95 105 103 91 97 91 94 111
81 87 89 84 86 100 104 106 85 72 76 98 109 98 84 94 108 110 114 114 106 107 103 102 108 121 134 121 111 91 93 99 84 74 74 77 77 94 100 93 81 86 84 90 112 117 87 76 79 72 58 52 82 106 125 126 109 97 96 97 103 103 105 101 125 132 123 120 118 117 121 126 120 113 104 96 109 105 109 111 108 99 98 96 96 108 108 107 108 109 113 123 128 151 168 145 138 152 155 147 138 129 118 109 113 119 122 126 132 127 112 104 58 47 93 120 110 101 112 112 102 104 99 97 106 102 87 106
84 88 90 91 95 105 106 109 84 71 84 106 112 118 109 103 107 105 114 116 112 115 113 106 101 104 113 127 132 111 96 100 93 78 78 78 77 95 101 84 63 63 68 76 99 94 61 69 87 83 69 78 107 112 121 122 114 106 106 103 101 112 123 123 137 135 122 119 117 116 118 120 115 107 100 100 107 101 104 103 98 96 98 88 83 97 106 112 110 108 123 132 130 139 154 149 141 162 163 159 149 140 132 126 121 115 112 119 127 125 106 89 48 61 101 116 110 105 119 120 109 105 96 98 108 104 85 106
88 89 93 96 102 106 99 93 78 73 88 112 118 126 126 115 112 111 117 116 118 118 118 106 100 104 110 120 128 130 118 101 103 85 80 82 80 93 92 75 71 61 59 73 90 86 85 107 126 123 113 113 116 112 116 114 118 114 108 101 85 94 126 135 138 128 112 112 112 111 110 107 108 105 104 98 96 96 108 110 95 96 113 93 78 82 95 113 113 110 131 139 136 133 142 145 140 152 156 162 157 150 145 143 133 112 105 113 118 115 99 79 51 80 109 113 108 106 113 113 111 112 95 94 99 96 85 103
88 91 101 99 108 104 90 82 78 77 92 114 118 119 123 118 115 120 123 112 113 115 115 103 113 121 118 116 136 156 145 111 106 90 81 85 84 91 83 76 82 70 62 73 89 98 123 145 160 153 134 131 120 112 115 112 116 118 112 103 84 72 100 126 137 122 106 105 106 106 102 103 112 114 112 102 87 94 113 121 101 96 119 105 82 78 84 107 120 114 129 137 134 130 137 142 143 147 147 155 153 159 163 150 134 108 103 110 112 101 87 67 70 105 113 111 106 102 103 102 111 112 96 89 91 93 80 96
83 95 110 108 114 100 95 88 79 79 99 110 111 115 117 119 121 127 127 109 102 110 112 107 125 131 121 149 169 179 183 147 113 98 78 84 94 97 93 89 84 71 65 69 78 99 137 154 172 161 141 144 134 114 114 117 108 115 117 106 88 68 70 103 133 121 113 116 114 109 110 114 120 121 121 117 93 94 112 120 106 107 122 114 95 82 81 100 118 115 123 130 129 133 148 147 149 147 146 153 152 155 160 148 130 106 110 119 107 90 73 65 92 117 117 115 111 106 103 102 109 108 96 87 84 93 76 91
80 92 103 113 120 109 116 99 76 84 107 111 112 120 121 123 127 126 120 109 101 106 107 108 123 131 190 247 209 194 235 211 132 98 80 84 98 101 105 100 86 72 71 71 69 86 130 149 166 158 148 148 141 120 115 120 106 109 124 116 90 66 59 80 119 119 123 137 136 128 132 136 136 131 128 136 116 105 112 113 109 122 125 116 109 93 83 90 108 106 117 133 130 137 159 154 145 141 148 156 156 153 143 138 130 114 120 132 106 80 73 90 110 118 122 125 129 119 111 104 109 109 100 88 82 97 82 88
89 87 81 97 116 124 127 96 85 99 110 114 116 125 133 131 129 122 112 112 105 100 97 111 126 152 249 255 227 205 242 251 169 96 91 89 90 96 106 103 94 89 81 80 76 81 121 150 157 149 149 140 133 128 118 113 107 105 120 125 105 75 61 75 115 130 135 148 153 149 149 150 153 150 144 155 148 122 116 121 122 133 133 114 109 98 84 85 102 94 103 135 147 151 169 161 145 142 155 165 156 153 139 131 129 122 120 135 112 87 99 119 126 123 130 138 148 142 131 113 108 112 104 96 93 104 92 85
98 90 86 94 102 111 104 92 108 118 111 112 119 126 138 129 124 121 119 111 104 99 98 136 147 153 239 249 219 201 207 245 221 110 93 90 79 88 104 104 95 96 88 91 94 91 108 154 166 149 143 130 128 132 117 100 106 107 110 123 118 101 85 106 135 151 151 151 159 161 160 162 166 166 157 160 156 122 110 126 132 131 137 115 98 96 87 87 106 95 101 136 165 170 173 160 149 146 152 164 153 148 140 129 120 116 110 127 119 101 120 129 133 130 134 143 157 162 151 125 107 106 105 104 107 106 99 102
89 96 108 111 105 99 87 94 121 122 114 114 121 121 125 118 115 128 147 116 110 108 100 146 158 136 164 182 183 185 191 215 221 122 85 88 78 82 97 102 92 96 101 104 105 105 102 139 173 154 137 137 131 131 119 102 105 112 108 115 120 126 110 135 153 160 160 153 160 170 171 172 172 168 161 157 152 117 101 115 129 130 138 128 104 95 86 93 116 104 115 145 169 174 169 144 140 143 143 154 152 144 142 134 116 118 113 119 118 115 127 129 131 133 134 144 158 159 143 119 95 90 102 110 123 116 115 128
95 100 114 116 112 109 108 107 113 111 113 115 116 114 119 117 110 131 164 131 113 115 102 130 149 135 172 185 163 179 200 189 186 138 93 92 83 80 89 97 96 103 111 108 103 112 109 115 150 150 139 153 142 133 119 114 117 125 116 115 123 129 118 144 149 146 153 162 173 180 173 167 166 162 165 161 155 126 94 103 130 142 153 146 114 99 84 95 124 113 126 150 170 173 166 133 129 138 143 154 153 141 145 144 123 130 128 120 110 122 128 124 126 132 135 142 143 132 118 102 87 86 99 113 143 139 133 144
110 110 116 117 111 112 124 115 111 106 103 105 108 112 125 122 111 129 151 148 122 118 113 114 131 129 198 218 150 162 187 181 169 133 106 115 93 78 82 90 101 109 104 104 100 110 112 108 117 126 129 143 142 129 115 120 133 145 133 131 134 124 124 148 137 128 137 161 181 182 168 157 169 164 172 166 155 138 96 95 132 153 159 151 119 104 86 100 131 122 128 148 170 175 164 132 137 152 151 151 152 142 145 150 138 134 125 110 103 121 124 112 98 112 122 125 117 107 101 98 94 94 96 110 153 154 145 148
112 116 117 118 111 110 116 111 112 109 100 99 105 108 117 120 114 130 138 148 133 115 111 104 120 121 158 173 125 135 163 156 140 110 110 125 99 78 83 94 101 103 92 94 103 105 102 112 111 106 115 128 135 118 112 123 141 153 149 153 145 128 135 149 131 126 127 145 174 178 162 149 168 166 171 166 154 139 102 87 124 149 142 139 130 109 85 113 139 131 123 138 154 158 150 132 159 180 158 141 154 154 147 145 139 128 102 88 106 120 125 106 71 95 116 120 113 105 98 103 101 101 100 106 134 135 132 134
115 119 111 107 112 122 121 119 118 114 109 108 119 115 103 108 110 121 131 133 135 118 111 103 120 126 123 123 109 120 141 116 107 107 113 115 99 84 96 122 113 93 84 87 107 105 93 105 117 103 104 123 126 116 116 133 149 149 154 166 146 127 133 144 133 130 126 134 164 172 159 150 159 166 172 170 150 128 106 81 100 128 134 142 141 107 87 133 149 140 123 135 144 141 128 126 159 182 152 130 160 175 152 136 125 116 87 87 115 120 128 112 90 107 122 129 121 115 102 104 99 100 107 109 116 115 117 117
128 127 111 97 117 143 149 144 135 130 129 123 126 112 91 90 94 109 132 132 137 126 118 105 112 127 130 125 108 120 130 99 93 107 114 109 108 100 104 138 138 105 82 84 100 102 101 107 114 106 95 111 125 128 135 155 167 158 157 162 139 118 121 142 139 131 128 133 156 162 154 156 158 169 179 166 139 122 101 90 85 97 126 152 143 103 93 143 152 144 125 132 141 142 129 125 148 161 139 123 154 196 168 133 120 109 84 99 114 114 120 117 121 123 119 123 119 118 111 106 94 98 109 110 117 124 124 119
137 129 116 104 122 155 175 170 159 156 156 147 117 91 89 88 88 109 135 139 139 135 124 106 98 111 129 135 117 121 130 104 94 101 104 104 112 113 108 129 149 124 86 81 92 96 106 112 108 107 91 107 140 149 161 172 169 160 157 147 127 111 108 139 148 133 132 142 153 154 146 151 157 164 166 151 129 119 99 107 105 80 90 125 123 85 86 132 142 138 124 125 138 148 143 133 139 143 130 123 146 198 178 131 114 100 79 102 111 109 111 116 126 126 118 129 119 120 118 108 95 97 103 100 105 124 133 129
130 118 111 106 118 158 190 185 169 171 174 152 97 76 95 93 86 112 134 143 142 149 133 111 102 103 121 137 123 117 129 106 98 102 100 102 111 119 112 111 132 131 92 87 97 99 101 103 99 105 98 109 155 171 167 175 151 140 153 133 110 108 103 130 153 138 136 144 147 155 151 142 146 149 149 141 121 110 105 115 130 101 63 88 90 60 79 123 132 133 129 123 144 154 142 134 135 139 130 127 146 169 159 119 110 115 111 124 127 128 124 116 117 124 126 142 124 121 121 113 101 96 96 89 88 103 121 128
119 112 103 102 118 156 188 185 162 158 152 122 90 86 96 86 70 97 126 141 137 142 130 115 116 111 112 120 115 117 122 104 98 104 102 103 110 117 113 101 111 124 96 90 93 95 90 93 98 111 107 103 150 182 169 176 136 126 149 127 103 108 102 115 147 145 142 141 140 153 158 139 133 133 135 123 105 106 113 116 127 117 95 108 100 83 93 114 124 127 139 127 137 146 129 129 134 140 130 125 135 136 134 121 140 157 148 143 148 154 148 133 130 133 132 141 119 118 127 129 107 95 98 95 96 90 97 113
117 116 102 104 131 146 155 162 147 129 110 99 101 106 100 79 63 84 117 136 137 135 129 120 116 119 112 109 101 108 112 96 90 102 102 103 105 108 110 100 95 99 88 89 85 85 78 85 94 113 111 103 139 179 174 171 124 121 141 125 112 111 107 104 121 136 138 139 143 141 145 135 123 121 115 96 97 111 111 114 113 116 131 141 129 123 116 106 114 115 137 130 122 128 126 129 136 138 130 127 131 131 127 138 176 178 160 154 161 162 159 152 153 147 137 134 123 119 138 146 119 103 106 99 104 90 81 89
112 108 96 97 122 127 120 124 126 108 90 95 103 107 104 85 68 84 111 130 150 147 146 138 109 113 117 113 100 105 106 92 87 97 102 104 101 103 106 98 86 76 82 96 99 108 102 98 89 100 115 113 130 167 166 149 110 117 135 122 112 111 114 107 104 112 117 126 129 122 121 119 117 116 90 84 100 108 103 111 113 119 132 137 130 130 130 112 106 108 133 137 121 117 125 133 140 137 132 137 127 128 129 159 186 180 168 160 162 163 163 157 156 152 145 141 138 133 143 144 127 114 103 99 107 96 86 74
104 94 96 101 106 113 111 99 102 97 89 92 99 103 114 98 82 91 111 122 145 148 153 150 112 102 114 109 102 117 114 93 96 99 101 105 101 101 105 97 86 78 91 106 122 147 133 117 106 96 114 114 108 151 163 141 108 115 128 116 108 108 115 118 115 120 123 122 106 105 106 107 113 111 87 102 112 115 110 116 128 128 122 125 121 124 136 128 112 106 129 139 124 113 119 136 140 132 123 130 123 142 158 178 187 179 171 162 162 167 170 166 160 155 155 154 156 148 144 134 124 116 102 98 101 96 92 82
101 92 102 108 117 119 109 83 84 93 91 92 95 110 131 106 95 101 114 112 127 144 148 151 129 101 105 106 105 127 124 97 100 101 100 103 99 99 103 95 90 95 113 126 147 164 157 131 118 111 115 106 87 146 169 145 109 108 109 109 114 109 116 128 128 134 145 133 100 96 102 111 120 120 102 117 127 131 131 131 137 126 116 120 120 120 131 132 118 103 118 132 123 114 121 136 132 117 114 124 151 185 188 189 186 176 173 168 165 169 173 174 169 163 159 156 163 164 153 137 122 115 111 100 91 87 91 93
97 96 102 106 120 121 103 82 72 87 95 96 97 117 135 109 96 100 113 105 108 134 145 155 147 102 94 106 111 117 118 100 100 100 99 98 95 97 99 90 91 114 145 161 157 150 164 153 133 134 118 96 84 134 148 128 93 83 80 93 113 114 124 139 131 129 148 141 110 98 108 116 125 131 123 131 132 127 136 133 133 118 119 118 118 114 121 124 108 93 111 128 127 125 132 140 123 106 109 135 179 194 192 191 181 175 176 173 163 169 178 177 173 173 167 155 159 170 162 146 130 115 111 103 95 91 104 106
83 101 108 107 112 111 99 84 70 75 95 100 105 117 121 109 95 92 106 100 91 119 132 132 100 100 90 92 102 109 106 99 104 102 99 95 92 95 96 88 106 134 152 158 156 150 157 171 161 150 132 110 98 111 104 97 77 70 68 71 88 115 138 147 131 128 151 141 117 114 122 123 125 125 138 143 131 122 125 121 129 122 128 119 109 108 119 110 77 84 108 124 133 135 143 143 122 106 93 136 184 187 186 190 178 168 168 167 164 174 180 175 173 183 177 159 158 164 163 152 139 114 107 108 109 108 123 119
72 96 105 105 100 102 96 84 94 88 85 110 123 113 114 106 101 93 97 96 88 109 129 109 98 109 128 120 102 123 89 91 101 102 98 94 92 91 92 92 121 146 147 148 154 138 136 166 173 157 153 127 110 93 83 86 80 76 69 56 61 107 145 148 125 120 139 132 125 138 141 127 119 114 132 129 129 130 125 126 130 125 123 116 106 106 115 81 55 84 99 115 130 133 134 134 119 94 80 134 184 187 175 178 172 164 164 165 171 177 178 176 177 187 179 161 159 160 161 156 146 122 111 113 121 120 122 128
68 81 92 99 92 101 98 86 119 121 92 112 134 107 118 107 100 97 98 100 97 160 177 163 178 143 141 119 106 91 106 114 110 106 97 91 90 87 90 96 122 141 143 148 152 144 136 146 153 146 146 129 113 91 87 87 88 74 60 59 74 92 132 133 104 92 111 129 135 142 136 121 111 115 121 117 126 127 127 135 135 127 120 115 107 112 113 70 70 93 80 97 121 122 107 108 91 67 78 130 173 183 171 175 176 170 171 173 176 177 177 179 185 186 182 166 159 159 163 159 150 129 110 115 132 120 108 126
70 77 88 91 85 97 98 94 125 141 121 112 119 103 116 105 94 102 111 104 116 169 173 184 174 136 122 122 131 134 135 160 173 158 118 87 86 95 98 97 113 128 129 132 147 158 158 145 147 149 157 152 120 106 93 83 82 65 57 64 95 74 96 104 77 84 103 122 132 132 119 117 120 126 117 120 126 124 122 127 132 134 125 112 109 119 119 97 99 108 86 87 104 107 103 102 72 69 77 109 142 170 181 187 191 181 183 182 180 180 177 180 185 189 189 182 165 161 163 161 153 135 104 117 144 126 108 116
77 86 111 99 85 95 105 110 122 133 129 126 114 105 112 103 93 104 115 104 128 166 198 178 149 131 136 163 182 208 191 176 160 139 138 104 85 105 104 91 111 126 129 126 136 143 153 146 142 152 163 148 134 121 104 81 74 66 65 62 79 59 75 85 75 106 119 114 125 128 119 119 128 131 117 125 127 122 121 130 134 136 123 111 118 119 121 125 125 129 116 98 85 87 111 120 86 82 74 86 111 143 183 199 200 193 194 191 187 182 180 181 184 190 192 190 180 177 168 163 155 139 108 119 143 140 146 129
94 112 140 102 83 99 117 112 116 127 129 128 118 110 112 107 103 106 109 96 121 196 186 127 118 145 174 181 188 201 207 200 196 204 193 146 105 99 104 96 120 126 128 132 141 129 140 144 131 140 156 141 148 134 111 86 72 67 62 61 68 64 86 81 88 118 129 124 134 128 121 122 124 128 119 125 127 120 123 133 131 124 119 116 123 110 113 134 149 157 142 113 87 77 100 110 90 81 74 75 88 102 150 187 195 194 199 201 195 187 186 187 185 186 188 180 183 185 175 166 155 142 115 121 131 142 178 165
102 129 140 90 84 101 118 110 109 121 122 113 114 111 111 109 107 112 106 90 128 203 157 140 136 146 152 188 194 192 192 233 255 249 152 139 113 106 100 107 129 133 129 126 140 136 137 140 139 135 145 153 156 151 121 101 75 65 53 60 71 71 86 76 101 127 131 129 136 125 121 122 119 123 128 132 132 125 127 125 120 114 116 117 118 109 106 129 157 177 164 119 90 78 90 93 91 84 77 73 76 77 100 142 171 192 199 206 203 196 193 193 193 189 187 180 182 181 181 166 155 146 115 121 121 134 174 178
104 125 116 81 89 100 116 121 110 99 107 107 119 115 104 103 97 104 101 90 167 193 170 153 162 162 167 220 191 213 239 243 164 78 87 130 159 156 105 102 125 137 142 131 140 155 149 139 140 136 140 158 159 155 133 116 89 67 51 56 64 67 77 80 113 126 126 125 117 120 128 120 124 122 131 136 130 126 128 122 120 120 121 120 117 113 103 120 147 174 167 114 84 83 95 91 91 88 85 69 77 95 89 91 129 173 197 206 207 202 196 186 190 191 193 195 184 178 181 162 156 147 116 121 111 130 176 174
111 118 99 83 87 96 115 122 105 84 96 109 121 119 97 96 102 113 97 98 182 157 137 148 180 197 196 225 205 203 227 202 37 37 142 240 188 169 128 110 131 138 151 145 151 162 153 139 140 149 159 164 149 150 146 133 107 74 51 56 64 70 76 93 121 116 118 128 108 120 133 117 133 133 130 132 132 127 125 123 121 129 135 130 126 114 104 113 131 155 138 93 88 90 97 92 91 89 89 68 75 109 107 70 80 126 165 197 209 205 197 189 191 194 194 196 183 175 176 161 157 137 113 124 107 136 190 180
109 99 95 89 88 102 106 107 104 97 96 101 106 109 101 92 105 123 102 102 137 160 165 135 146 195 215 215 190 132 175 218 44 51 188 233 204 142 139 122 128 138 143 144 152 153 158 159 154 168 172 165 160 161 155 142 123 86 56 60 77 88 88 109 133 117 117 124 115 132 142 128 136 140 129 130 135 131 128 122 122 132 143 139 134 118 105 108 119 122 100 92 99 93 95 91 94 92 91 71 72 110 116 81 65 77 114 159 195 205 201 201 201 196 188 189 185 177 179 169 158 126 120 138 118 140 195 187
99 86 108 102 93 105 97 100 126 123 113 100 90 95 104 88 91 113 104 92 118 154 150 147 144 202 230 196 172 215 242 245 149 174 206 189 213 160 171 133 149 138 134 146 154 159 181 181 171 168 158 154 169 164 148 133 119 95 66 65 108 132 130 138 136 129 123 112 114 122 122 110 116 111 103 111 107 104 95 94 95 119 130 128 125 123 108 110 111 87 90 113 102 99 99 96 96 94 94 78 73 106 113 96 98 83 84 113 153 186 199 204 199 193 187 188 189 185 189 179 149 126 140 144 121 131 180 176
90 96 116 101 89 97 94 95 126 117 114 98 77 88 101 79 81 100 99 123 135 112 133 181 171 210 231 234 253 255 254 247 247 233 212 163 176 153 119 118 149 155 145 171 172 172 186 189 181 160 150 138 158 160 145 125 113 85 63 71 135 160 153 135 108 103 94 101 103 107 95 82 57 74 141 109 112 126 76 45 51 129 101 105 97 89 85 112 113 80 101 113 95 98 105 105 99 96 97 85 76 93 98 101 127 122 98 89 108 142 175 195 199 192 196 199 196 193 190 170 133 129 149 133 123 119 139 142
81 110 116 113 99 84 89 95 105 94 98 91 67 81 94 72 74 89 91 142 129 141 144 160 175 179 200 240 250 244 250 250 236 229 215 154 163 195 127 122 139 121 152 176 187 189 180 174 168 155 146 132 133 149 140 118 103 87 84 100 119 117 113 125 87 56 85 144 131 119 143 107 83 96 108 118 132 129 118 100 96 112 132 99 87 110 82 64 89 97 105 104 95 93 111 108 103 103 101 86 83 82 79 100 129 135 119 91 84 100 128 156 183 195 204 205 197 188 170 141 123 140 152 135 127 117 118 115
84 112 134 169 147 102 93 111 111 99 93 87 63 73 92 78 76 92 83 91 135 167 169 162 167 169 173 224 237 195 232 250 238 216 198 204 183 218 169 145 154 109 119 95 115 155 147 139 137 138 123 118 115 117 116 115 102 117 92 63 103 135 137 140 125 123 107 126 131 162 137 99 146 138 131 101 144 135 130 133 109 143 138 108 82 138 130 117 116 141 109 92 94 86 107 107 104 105 103 86 82 71 79 109 123 126 124 105 98 86 97 117 143 170 186 185 174 159 134 120 135 158 156 143 131 122 131 125
108 116 161 213 193 154 116 114 121 101 88 85 68 76 96 84 80 91 85 87 131 182 206 194 170 195 168 214 219 194 245 246 227 224 205 219 194 196 160 175 164 128 115 118 69 81 111 103 85 78 108 110 103 66 76 121 127 137 129 104 78 92 160 149 160 144 128 133 116 173 141 127 160 161 157 150 145 137 158 151 122 126 158 154 127 128 141 141 142 156 147 151 89 72 97 109 108 108 100 89 81 70 98 119 122 124 125 112 119 106 99 104 115 129 139 144 135 116 103 119 149 168 166 147 131 118 123 122
124 122 157 198 173 139 108 94 91 80 81 84 76 79 85 81 82 88 90 105 107 100 135 193 195 192 176 208 200 212 216 216 225 204 216 214 168 169 139 189 207 177 135 148 123 100 137 120 108 91 108 123 127 125 121 96 88 137 146 140 129 104 136 153 160 126 137 172 158 113 161 172 148 161 173 173 154 108 168 173 182 163 184 194 181 169 176 162 148 170 147 216 157 107 116 102 106 108 95 84 76 82 109 120 126 132 135 114 122 130 117 108 110 110 100 100 93 90 108 128 154 184 185 152 125 110 100 110
127 125 139 145 112 93 85 81 76 74 77 79 79 79 76 80 81 82 83 91 96 107 104 107 161 187 191 198 194 208 203 192 228 208 232 199 196 162 118 180 165 146 150 129 121 118 115 154 131 103 160 131 102 158 161 144 117 102 153 146 116 150 128 150 149 152 148 175 172 136 180 174 190 147 149 186 179 168 163 179 187 197 130 205 209 133 157 182 122 178 152 170 190 187 177 133 105 99 91 78 76 89 101 113 129 133 133 116 129 142 131 120 112 104 95 91 87 106 126 135 162 190 198 168 129 112 92 110
126 125 124 105 96 100 96 91 82 77 77 76 77 75 74 79 86 82 82 79 78 81 96 87 84 109 136 138 144 165 173 204 226 198 194 188 214 172 189 168 118 123 165 106 152 152 118 135 134 146 160 163 147 103 162 135 156 113 142 177 151 110 170 178 153 163 144 180 190 149 131 192 195 165 158 143 189 173 102 174 197 134 98 197 219 169 168 139 141 141 134 140 157 170 162 199 175 126 158 101 86 93 97 100 129 131 109 100 122 137 131 129 114 107 111 112 109 122 127 143 167 170 182 167 136 118 98 102
124 131 107 95 104 104 99 92 83 83 78 77 81 75 72 75 87 84 83 81 82 81 81 84 84 86 87 109 131 150 162 163 165 162 173 172 194 192 208 151 137 170 152 164 189 167 144 157 173 136 163 166 164 129 170 149 166 157 139 170 178 146 134 189 179 170 158 164 184 187 146 165 187 168 127 134 199 165 112 166 182 162 121 161 190 158 136 136 119 129 149 126 131 148 127 178 194 127 163 174 132 88 89 97 124 125 88 84 97 114 115 124 120 112 120 122 117 124 128 145 160 152 162 153 138 109 96 96
108 115 95 93 100 99 97 91 88 89 86 83 83 79 75 77 82 85 80 82 82 84 84 86 86 91 95 100 95 104 151 161 155 177 194 181 218 233 175 208 191 200 108 168 204 136 139 157 172 149 180 185 174 179 174 143 184 178 158 122 193 167 137 165 178 191 160 177 198 169 118 144 198 181 126 104 155 187 111 146 180 189 167 153 145 131 136 159 122 110 118 138 125 94 87 141 193 117 123 225 185 126 97 104 113 118 82 82 84 89 90 105 127 122 116 118 127 126 129 142 152 142 152 153 129 90 91 108
99 93 88 89 95 96 97 94 92 88 92 88 82 81 80 86 90 83 77 82 86 85 82 87 87 82 82 104 124 90 98 158 202 232 204 184 200 202 165 190 181 198 130 159 202 162 156 171 145 171 182 196 181 171 171 197 115 179 199 127 183 188 159 127 201 180 133 126 225 204 146 117 190 180 147 111 112 187 165 117 190 156 190 161 170 187 185 132 137 108 120 119 93 103 112 101 138 114 87 147 168 100 119 150 118 96 69 77 94 87 83 95 130 135 116 107 128 128 129 139 146 137 147 154 119 73 97 125
102 89 90 89 96 94 94 97 99 93 94 89 85 84 86 86 88 83 81 82 85 87 82 88 87 81 79 82 138 199 160 99 112 130 129 148 169 207 191 134 198 230 193 210 171 191 152 176 179 168 181 217 169 152 155 216 158 180 183 123 173 203 151 110 172 174 146 125 153 211 185 118 123 216 166 125 127 156 145 121 149 148 196 193 213 181 188 148 100 85 83 98 127 167 115 86 95 117 110 130 120 95 66 165 158 105 65 80 106 100 89 91 119 128 116 98 115 126 131 139 150 150 146 151 110 74 112 137
90 83 93 95 103 97 97 105 104 98 95 90 90 89 92 86 86 86 82 81 83 89 82 84 84 80 82 77 88 180 218 170 89 82 89 96 110 179 192 169 224 142 176 243 206 206 203 174 188 156 155 165 233 190 135 200 122 165 228 135 135 191 187 108 147 232 159 119 155 196 183 117 124 166 127 125 142 150 148 162 143 196 205 225 183 122 149 176 169 149 131 124 155 232 197 169 122 133 102 123 104 98 94 110 128 107 104 131 107 113 96 85 99 96 92 90 100 119 133 135 150 149 132 138 90 101 132 129
90 82 88 97 108 98 100 105 98 98 98 95 96 93 87 89 89 88 85 84 84 83 81 86 84 82 85 79 76 118 167 158 71 58 84 81 62 96 143 159 141 153 188 200 236 211 221 191 187 182 200 156 201 181 163 247 156 119 141 167 233 185 168 113 140 197 143 168 145 172 204 158 147 195 160 117 140 140 174 164 228 241 209 228 174 165 150 135 143 160 149 192 147 195 253 245 234 232 184 154 134 92 91 82 100 89 88 175 125 107 95 84 84 78 78 84 86 118 135 136 144 136 119 109 76 118 143 118
112 82 88 100 112 98 100 100 94 97 97 100 96 95 90 93 94 92 90 89 88 83 81 85 84 81 79 78 77 81 123 122 66 53 70 74 85 164 174 114 132 255 205 205 255 238 193 211 230 221 194 206 183 157 118 185 238 166 121 143 202 150 159 196 156 201 195 151 134 178 221 146 137 208 196 172 216 216 236 242 244 220 214 242 169 133 154 148 116 91 142 227 99 140 253 253 253 253 254 252 233 195 132 108 87 95 82 189 165 117 61 72 77 90 96 83 90 110 123 122 119 109 91 75 70 99 121 117
110 82 92 99 114 102 103 101 93 96 98 103 96 100 94 94 98 96 94 90 88 87 85 92 82 78 77 80 78 72 91 110 85 58 60 107 218 200 105 186 227 223 177 230 254 242 190 224 225 234 215 200 198 217 138 104 199 218 143 117 168 218 165 153 150 210 243 173 182 222 246 213 220 246 243 248 242 246 221 166 150 174 231 230 180 181 159 142 149 153 217 165 62 121 243 253 252 251 252 252 253 255 234 200 126 88 90 108 115 96 78 123 112 94 114 87 96 88 79 75 76 74 70 70 63 64 77 94
104 82 93 99 113 106 105 104 93 93 99 99 95 98 91 92 103 98 96 92 91 91 87 90 79 77 82 81 80 73 70 92 91 77 133 223 255 254 246 227 195 236 223 224 254 240 164 180 223 218 227 234 181 206 197 147 136 245 183 115 177 255 247 204 181 219 252 245 237 247 253 255 248 242 230 210 200 160 148 174 215 224 205 217 185 139 147 132 159 211 171 63 72 106 206 245 246 249 251 251 251 252 254 254 229 141 92 100 105 98 84 187 165 109 104 83 87 79 65 56 62 61 69 71 63 57 60 66
104 84 93 100 110 107 103 98 89 91 96 98 97 95 95 94 100 99 102 94 91 94 84 80 81 81 82 81 81 76 67 71 89 124 219 250 252 255 255 218 215 255 234 213 255 232 173 219 215 200 227 211 223 232 238 226 167 229 248 206 195 223 254 245 227 229 243 255 251 233 216 192 182 199 200 221 228 231 246 250 245 243 179 213 185 164 147 138 158 200 109 64 84 89 152 220 244 248 249 251 250 246 247 253 255 233 194 167 98 96 87 188 165 133 77 66 84 84 89 82 70 65 74 69 65 58 56 58
102 82 89 99 109 107 98 94 85 88 93 100 101 98 97 98 100 104 104 96 88 93 89 82 85 84 78 77 78 76 71 71 90 181 250 247 235 232 215 200 226 252 245 201 246 233 200 230 225 227 196 210 250 240 243 243 220 210 253 254 223 207 236 255 255 247 203 175 168 185 201 215 236 242 240 223 218 212 218 223 231 228 147 216 227 224 206 193 190 158 152 113 99 100 132 193 218 217 223 219 202 181 200 228 236 252 255 250 180 109 93 138 126 126 92 74 109 97 110 93 79 82 83 70 62 57 51 53
100 82 88 96 107 107 97 90 87 93 97 98 95 95 98 105 115 111 104 101 93 91 89 85 87 86 78 75 78 78 72 70 92 175 224 246 248 242 240 216 244 252 241 201 205 242 230 227 210 188 193 250 253 245 245 241 243 210 243 255 245 197 165 170 160 103 61 92 211 248 244 223 207 194 176 147 136 106 106 112 113 103 76 200 244 238 223 214 195 141 130 120 76 125 218 171 116 120 113 105 96 111 140 148 172 207 215 232 239 171 161 152 121 114 90 122 189 126 108 88 90 99 81 67 67 63 54 54
99 83 90 94 109 110 99 91 92 95 99 99 99 103 105 111 120 107 99 100 90 89 93 90 88 85 84 79 86 87 75 65 88 144 198 212 248 254 247 237 248 250 241 221 178 209 247 238 213 175 178 206 238 255 239 231 248 212 206 253 214 130 134 74 41 47 51 59 120 166 178 147 138 119 81 61 45 34 37 55 77 84 78 147 255 248 242 198 222 181 118 96 79 132 229 210 118 81 93 99 95 98 90 89 94 96 108 157 186 205 244 249 187 120 100 104 212 137 104 84 88 96 77 66 70 68 59 58
83 75 82 91 110 113 100 100 114 118 118 103 134 160 131 123 110 107 99 96 92 92 89 85 86 82 84 87 87 87 79 68 85 146 147 149 192 246 248 247 249 247 243 223 197 200 233 234 205 180 180 169 154 188 153 150 176 147 113 101 136 224 250 168 52 47 45 51 58 80 99 103 77 44 38 36 38 37 34 35 48 78 85 98 218 252 250 228 215 228 169 109 97 159 213 195 123 65 99 110 105 107 99 85 89 76 72 87 92 125 187 233 247 156 117 134 196 124 111 87 74 82 72 70 71 70 60 62
74 70 76 86 100 103 96 103 135 142 120 93 133 155 121 115 96 96 99 97 99 99 87 80 85 85 88 92 84 92 86 76 87 132 136 113 115 163 218 252 249 248 249 244 220 223 245 248 203 169 194 182 162 163 201 238 207 112 40 38 144 251 249 226 100 52 59 76 84 57 52 48 37 36 39 41 40 40 37 37 41 56 82 85 125 228 242 230 231 239 209 140 98 215 215 166 101 76 92 132 105 109 112 96 88 78 80 100 83 88 113 134 160 131 140 206 204 135 118 115 72 78 72 73 72 72 67 68
82 81 73 80 85 93 90 93 106 101 91 92 98 99 105 97 89 89 97 100 104 101 95 88 85 86 90 96 86 94 84 94 118 131 143 117 106 107 131 215 247 245 240 247 237 249 252 248 221 173 198 208 188 170 146 176 221 111 47 47 101 236 236 214 145 69 56 47 38 35 41 54 56 47 41 43 44 48 53 54 60 63 73 90 89 120 174 214 242 236 211 189 161 208 217 170 109 74 102 155 118 107 114 103 83 82 77 106 105 97 119 104 74 70 129 241 254 222 152 121 95 73 82 70 68 68 72 73
93 94 71 76 78 84 91 91 97 92 85 91 94 119 153 108 87 88 95 100 103 103 102 94 84 83 97 98 85 86 97 122 137 136 135 149 106 104 114 132 173 225 224 231 244 251 252 251 240 201 199 213 210 200 171 156 168 104 57 67 100 164 120 77 57 53 49 47 46 43 45 60 63 61 56 50 53 62 65 65 66 67 70 83 101 91 65 88 144 198 228 210 223 238 237 174 110 87 90 184 146 92 106 104 85 84 73 114 138 124 124 98 71 59 89 164 235 255 223 128 91 81 80 77 73 72 70 74
101 104 76 71 77 80 92 90 96 91 85 86 101 168 159 102 87 89 90 99 105 103 98 92 82 84 98 90 82 96 119 130 137 138 121 168 166 112 103 100 104 159 195 219 200 231 251 252 243 206 212 245 233 228 208 178 171 153 125 83 59 45 39 40 51 45 44 45 49 49 48 56 50 53 57 61 62 62 58 54 52 53 58 63 76 70 77 88 60 58 136 207 226 247 247 192 119 79 122 231 168 87 78 121 90 74 86 145 163 140 132 111 81 65 97 123 145 209 251 158 116 113 87 130 87 84 77 77
107 107 88 67 74 81 91 90 88 86 82 82 98 168 124 88 88 90 86 95 103 104 102 92 79 82 99 94 101 123 131 132 147 140 127 152 207 175 112 101 101 145 148 140 170 150 179 232 249 238 234 250 247 227 190 207 204 218 213 174 110 52 36 40 44 34 32 31 33 35 33 43 37 40 39 46 50 45 40 38 38 38 42 66 103 145 143 119 78 48 44 83 175 230 241 212 150 92 174 233 180 102 72 187 161 92 111 152 153 132 124 122 105 91 114 134 115 121 182 136 115 143 100 188 168 106 89 88
122 117 95 64 67 97 100 87 83 83 85 86 90 123 99 85 89 90 92 96 103 108 108 100 89 79 95 103 125 137 138 144 151 144 136 141 186 203 153 107 101 124 113 49 47 49 47 84 175 237 248 249 249 233 193 196 242 237 206 205 205 153 78 36 38 33 31 30 30 30 29 35 32 31 30 32 34 35 36 40 49 55 87 158 196 189 149 113 82 51 50 47 73 140 202 223 187 126 177 221 159 97 75 175 209 140 118 121 110 124 121 117 115 116 122 127 112 110 106 78 69 106 131 214 205 158 113 86
136 133 116 83 61 117 134 90 87 88 92 94 94 92 89 90 92 87 91 94 101 103 110 108 99 86 83 100 123 137 140 152 143 135 132 127 150 187 171 118 100 68 49 41 39 37 39 36 39 102 191 242 249 244 229 230 248 247 206 200 216 175 164 79 34 33 31 32 32 31 31 34 36 34 37 38 38 42 53 78 111 132 188 210 218 181 156 123 84 49 48 50 57 70 93 149 194 205 216 225 195 113 79 151 194 129 130 172 118 125 121 116 121 127 125 118 96 96 95 70 43 55 139 251 228 149 122 91
143 126 133 113 72 120 150 95 85 95 92 94 97 93 91 91 90 84 88 97 100 103 113 110 100 101 98 125 136 131 142 156 145 130 125 122 127 161 174 135 113 66 36 37 36 37 38 37 38 34 48 114 190 228 242 246 253 249 248 229 229 225 182 142 35 33 32 35 36 36 36 36 38 39 42 44 48 77 118 159 185 209 223 212 201 181 159 124 87 53 51 54 55 58 59 57 80 132 189 232 238 165 95 113 162 119 149 199 157 128 120 123 123 124 124 116 93 86 80 74 71 49 125 255 255 214 138 120
125 134 142 128 100 89 110 92 82 91 94 97 101 100 91 97 92 88 94 101 103 108 114 106 94 103 108 131 130 125 138 160 138 117 126 125 117 154 190 160 157 103 39 36 35 36 34 34 36 37 37 34 44 83 135 189 229 251 254 238 229 233 196 160 41 33 34 36 37 37 38 40 40 43 49 57 109 152 182 183 192 197 189 182 188 185 169 132 99 66 60 56 55 51 52 55 55 55 68 118 192 222 166 148 188 142 134 179 163 136 125 134 121 124 118 109 86 84 77 71 72 77 93 202 253 255 215 168
125 136 131 134 125 76 75 80 85 98 98 98 109 105 95 100 98 98 97 103 108 107 107 109 101 102 100 127 118 121 133 147 134 115 127 127 103 194 213 204 235 149 40 36 39 35 33 34 35 36 36 39 40 36 35 43 72 124 172 240 227 215 181 165 42 36 36 36 35 35 38 41 44 50 72 114 182 201 204 193 183 190 185 174 190 203 200 155 135 116 100 92 85 121 136 102 67 57 53 50 60 132 214 178 166 190 169 170 183 167 133 142 128 136 109 107 86 75 77 78 82 87 82 102 193 253 255 219
135 132 128 137 132 86 73 77 86 97 97 97 104 101 100 100 103 104 99 110 110 105 103 111 102 101 119 131 133 136 139 136 126 121 125 121 104 228 251 244 255 168 37 38 37 33 34 35 33 35 35 36 38 38 38 38 37 34 41 171 241 224 185 172 44 38 39 40 38 35 40 48 50 61 101 171 184 225 213 181 165 199 220 198 223 216 209 191 194 209 231 197 196 230 216 180 165 119 84 71 51 40 124 243 220 216 210 171 145 167 152 134 131 141 108 103 104 94 101 114 122 121 110 101 109 195 254 250
148 137 133 130 122 99 89 84 82 92 98 101 103 98 101 103 109 104 104 110 112 114 112 106 96 109 142 143 134 132 130 135 129 126 115 106 127 249 254 254 255 144 31 38 32 31 33 33 32 33 36 34 35 36 36 37 39 41 36 96 234 226 196 146 45 40 42 53 77 89 76 101 120 134 155 169 166 185 180 171 175 175 169 208 202 212 238 218 209 250 217 192 210 193 192 198 201 197 180 175 162 115 62 159 250 211 185 160 153 145 179 124 114 140 114 85 114 127 133 140 144 146 119 107 109 129 196 209
144 129 133 126 122 104 104 101 71 82 98 102 97 93 95 103 112 103 105 104 110 116 120 111 101 117 150 172 131 118 142 140 137 126 103 101 163 255 254 254 254 105 35 37 33 32 32 33 33 34 35 34 33 34 35 36 37 40 37 89 231 224 210 147 55 65 98 166 184 168 158 167 175 184 189 170 185 207 190 178 186 183 165 187 185 189 249 220 171 207 203 211 211 203 200 209 198 203 185 181 188 177 158 187 198 136 128 120 162 185 179 126 106 138 104 75 110 132 137 133 149 162 123 103 114 118 106 104
131 121 127 123 124 113 102 107 88 83 83 89 92 92 96 108 104 99 101 104 110 115 117 116 109 118 137 165 131 126 143 140 137 131 107 96 195 255 253 255 238 71 41 38 36 32 33 35 33 34 34 36 35 35 37 37 37 37 33 87 229 231 201 157 101 131 173 199 209 177 181 190 183 177 187 170 191 198 194 188 195 197 212 185 152 219 248 235 207 204 214 200 206 219 208 193 198 195 186 205 195 198 228 232 210 184 153 113 146 199 177 102 112 120 86 82 116 135 126 115 138 169 142 110 116 108 98 90
128 128 126 120 126 126 103 103 114 132 99 69 74 84 87 94 93 95 95 100 107 112 110 114 111 122 136 148 133 138 128 141 137 127 116 103 226 255 254 255 197 59 54 39 34 35 36 36 37 37 37 37 37 37 38 41 40 41 40 93 221 209 186 167 136 164 173 176 202 219 204 219 204 175 176 169 180 174 203 208 190 208 245 216 153 218 220 202 198 196 197 193 201 190 175 190 190 187 189 225 192 209 223 196 169 156 182 123 114 202 212 92 91 82 77 86 124 141 120 101 103 143 145 115 118 110 115 122
122 130 134 130 127 130 111 107 105 137 140 112 82 89 74 71 77 82 87 90 105 109 107 109 117 146 161 153 140 136 134 146 140 122 116 140 250 254 253 255 152 72 61 39 36 37 38 38 38 38 38 38 43 43 42 40 42 43 48 95 218 189 157 156 134 142 146 156 169 210 215 207 193 183 192 171 164 160 189 215 234 245 248 248 220 194 179 187 196 192 194 196 190 191 180 216 203 185 220 226 133 179 181 178 172 136 172 119 82 136 246 130 58 52 67 73 95 110 112 94 80 109 119 113 113 109 118 120
138 131 131 126 124 120 112 110 95 129 171 159 131 132 105 109 106 90 80 74 91 101 111 110 115 137 170 148 141 141 149 142 124 122 123 180 255 254 254 241 115 80 59 36 36 43 53 45 42 41 39 40 44 44 40 41 45 44 44 77 217 178 139 140 78 92 119 142 152 169 189 180 189 196 223 204 193 177 152 222 251 251 252 244 215 187 186 183 208 206 194 192 183 191 198 205 215 188 202 157 84 212 205 206 234 126 75 61 41 49 210 130 46 39 51 57 60 66 83 78 69 85 92 94 92 100 119 129
136 129 123 125 124 118 114 102 93 122 160 147 134 123 127 131 113 108 98 73 70 81 100 110 113 125 147 143 139 135 140 139 134 136 134 211 255 254 255 202 107 90 60 38 47 88 92 74 65 60 58 58 53 55 55 48 50 46 42 76 218 172 154 123 56 64 101 122 148 178 190 175 180 203 204 239 207 183 171 227 250 250 237 200 191 179 191 199 174 213 202 170 179 199 203 186 187 206 161 113 171 234 219 205 240 134 41 37 36 30 134 110 58 47 38 44 48 50 56 61 56 66 70 67 64 78 99 125
121 124 120 126 125 121 113 99 92 102 114 109 108 93 112 109 99 128 114 96 101 89 70 90 121 128 140 146 153 139 136 142 147 140 146 239 255 254 248 162 127 93 53 58 102 136 131 121 119 122 115 112 102 102 94 80 70 62 72 103 225 208 196 118 51 53 95 121 134 164 171 182 178 179 173 227 242 234 220 247 234 215 197 181 184 190 198 172 175 161 199 192 183 189 205 203 194 190 157 184 214 181 210 215 237 143 71 48 34 39 104 95 48 76 40 35 38 38 40 45 45 50 51 52 56 68 79 107
107 120 122 125 121 118 103 92 91 97 104 100 100 90 81 91 120 146 122 116 113 105 86 97 117 130 146 147 141 137 145 146 153 130 171 254 254 255 224 154 128 62 54 108 148 163 184 180 174 178 165 153 145 149 142 122 115 144 160 165 224 228 224 148 64 61 103 148 184 187 173 176 193 183 166 189 229 246 227 221 203 176 168 172 173 179 182 173 174 168 183 196 200 214 221 209 186 191 220 211 141 74 197 157 186 159 106 87 77 115 151 175 69 86 128 58 29 31 34 37 34 39 45 50 59 76 78 83
105 120 124 130 120 112 94 87 83 97 109 108 111 113 91 90 123 138 126 125 119 109 125 126 114 132 141 143 144 151 162 150 151 157 199 255 254 253 190 130 80 43 86 144 165 172 189 189 176 191 179 154 172 176 171 166 166 182 200 207 228 235 227 174 81 77 111 151 206 222 212 172 170 200 189 186 187 204 201 196 204 196 183 192 189 175 192 180 174 189 197 212 216 239 226 227 180 169 188 151 68 152 212 101 108 160 114 129 134 175 178 253 126 102 147 116 36 39 42 36 29 29 35 45 54 69 72 68
113 124 124 131 126 105 93 86 82 103 115 111 114 107 88 90 101 137 161 139 125 119 123 121 114 136 155 162 162 152 156 156 160 170 224 255 254 240 154 98 47 68 140 182 175 172 167 178 167 172 180 160 182 183 184 183 181 197 197 190 228 239 207 178 83 82 117 166 184 205 207 183 185 175 177 175 182 165 165 178 203 196 185 175 187 192 177 186 171 171 186 211 235 221 194 220 146 95 79 74 110 191 182 77 103 146 105 136 122 151 164 244 151 119 135 155 70 51 60 50 29 23 26 36 43 52 62 63
128 139 130 121 124 92 89 89 92 103 107 104 109 100 92 96 97 129 145 134 137 139 110 103 115 131 157 168 171 163 167 153 151 157 241 254 255 206 110 56 49 110 173 184 176 182 170 180 180 166 176 183 176 172 176 185 199 200 199 208 223 217 199 159 74 78 130 180 175 168 180 193 221 190 174 179 188 185 162 171 185 209 218 203 185 188 177 180 173 168 187 202 197 200 184 167 70 87 128 148 175 185 188 96 113 159 100 152 121 135 146 189 167 122 129 141 110 67 86 79 55 28 26 34 37 40 50 51
131 143 127 122 109 82 86 90 94 97 93 83 91 102 106 103 88 90 114 129 145 144 111 95 131 160 157 152 170 160 170 149 145 178 249 254 249 139 54 40 74 165 194 193 179 190 191 172 177 166 187 202 185 163 183 208 203 210 219 220 226 206 190 135 69 80 127 165 189 186 176 170 186 177 185 185 173 183 179 172 173 181 206 199 197 190 195 190 182 199 197 184 183 190 150 112 107 182 187 180 184 180 198 141 111 180 114 148 119 119 144 153 179 137 114 128 130 88 113 92 87 53 34 36 35 35 38 40
115 136 133 104 88 94 90 101 95 90 83 76 81 91 100 102 77 67 119 137 161 174 136 114 149 171 171 170 174 185 202 161 156 199 254 255 218 71 37 64 136 187 179 165 180 177 169 172 170 158 184 196 175 182 190 205 210 205 212 217 235 201 188 132 65 78 125 151 179 189 181 176 185 175 179 185 177 174 182 178 183 180 166 169 177 176 196 209 208 210 210 197 177 185 139 108 191 179 171 173 177 182 221 168 106 166 147 123 126 124 128 134 167 110 117 128 131 104 107 90 95 82 57 43 40 37 36 34
119 132 133 85 90 104 98 101 98 99 81 77 68 79 88 97 71 88 124 152 176 179 161 152 148 163 168 184 186 195 190 187 174 220 255 254 150 40 69 128 162 164 175 166 166 166 152 175 171 159 180 185 175 179 191 213 196 211 201 210 235 227 213 162 59 90 151 187 189 187 189 177 189 194 186 182 194 189 174 164 177 175 176 172 159 148 160 182 192 188 208 224 196 174 130 153 216 188 175 186 169 180 212 158 92 159 197 132 110 110 119 128 162 124 102 129 128 112 104 99 105 113 83 58 57 58 56 44
161 138 107 87 103 99 102 106 100 108 97 79 69 77 85 92 79 111 123 161 189 165 162 164 161 173 168 172 165 173 194 202 179 237 255 234 82 46 125 170 161 162 182 185 165 164 158 178 178 172 185 190 167 176 192 198 211 222 204 208 228 240 237 192 60 92 166 188 175 183 179 190 178 193 190 176 192 180 185 170 162 161 170 178 177 188 166 161 150 138 155 205 243 196 166 201 194 196 173 179 182 181 215 114 80 146 201 159 98 105 119 124 153 189 99 119 129 118 111 119 120 127 98 73 83 90 94 81
152 141 94 88 93 93 110 119 111 106 106 87 71 74 89 92 90 125 145 170 168 159 165 169 163 159 161 176 180 163 172 172 191 249 255 193 48 98 162 159 153 165 170 175 161 173 184 186 183 187 179 192 180 188 200 197 199 202 209 202 224 238 249 193 61 105 179 196 175 176 195 176 164 170 175 178 181 162 190 198 187 169 165 173 193 176 175 177 173 160 147 188 231 227 214 196 189 182 167 198 182 181 194 90 102 119 206 213 119 104 113 126 153 230 113 113 118 118 118 125 128 126 103 82 109 116 113 100
131 120 102 95 93 94 108 110 110 108 105 92 70 75 89 86 95 132 174 169 154 149 152 157 156 157 155 224 238 189 160 155 214 253 255 127 72 154 165 150 162 172 174 162 169 183 178 176 182 194 193 195 188 181 203 207 192 194 180 208 232 212 225 179 65 124 185 172 162 170 178 169 177 155 156 172 184 171 172 170 168 184 177 175 174 163 164 162 169 177 168 165 207 196 204 215 186 183 194 212 205 199 177 80 115 98 189 221 116 95 121 125 129 214 128 99 99 112 124 123 128 132 113 97 126 129 120 109
120 97 108 98 96 91 106 100 93 97 98 93 74 76 91 78 99 130 169 163 160 153 159 146 162 163 163 191 207 239 175 188 239 255 230 87 140 163 172 167 174 169 190 180 192 185 171 205 184 177 202 202 182 172 187 179 174 183 196 215 223 201 207 177 69 157 192 175 175 178 178 175 169 168 167 167 174 165 170 165 162 172 172 176 167 179 166 161 169 168 161 189 215 193 219 229 181 151 194 202 191 190 178 87 126 128 158 213 127 113 120 115 118 165 153 104 113 105 125 123 125 129 120 112 132 132 130 124
112 122 125 94 113 102 107 104 93 81 95 96 93 83 83 69 116 144 160 168 156 150 162 163 174 178 159 129 87 179 208 232 245 255 158 111 193 188 184 178 164 170 189 181 183 179 176 200 177 171 190 183 154 162 164 160 161 180 195 213 204 207 224 197 90 150 170 177 180 201 181 176 178 184 172 175 169 172 189 178 169 182 174 172 181 174 168 176 176 160 174 192 236 201 182 215 208 145 188 173 200 216 200 108 134 132 128 184 136 97 107 118 126 121 169 111 103 87 118 124 129 123 122 115 137 133 133 135
134 137 125 97 103 114 113 105 103 93 98 98 96 69 66 104 143 163 174 163 151 147 167 173 174 159 160 118 152 190 238 222 246 202 104 206 220 206 178 179 173 179 177 180 178 180 174 175 167 184 195 183 189 180 170 173 189 193 192 222 213 224 220 198 126 179 177 172 177 205 187 211 174 172 175 183 180 171 164 201 204 182 177 174 167 173 167 188 184 188 186 196 239 221 209 210 191 133 167 170 180 185 209 98 125 132 120 158 144 83 108 122 123 113 191 123 79 66 109 116 125 123 127 117 131 128 129 147
135 145 148 112 71 74 88 80 77 80 83 91 88 83 105 148 150 163 165 161 149 181 168 162 154 179 210 203 237 235 249 168 164 99 154 191 185 196 191 191 201 222 199 189 179 177 182 160 195 202 197 200 208 167 176 223 244 224 227 226 214 208 211 187 128 167 185 191 194 195 188 204 187 185 184 196 205 187 226 244 238 233 222 212 151 171 187 198 203 228 212 175 240 242 222 211 185 149 153 182 171 166 175 54 99 133 129 137 167 80 102 97 110 116 202 145 87 99 100 106 116 124 129 124 128 132 132 149
159 184 190 148 103 82 72 58 61 86 99 123 135 147 140 151 150 160 172 163 164 174 148 159 199 238 230 236 237 252 229 113 75 137 196 177 192 180 177 182 180 183 193 193 193 178 185 194 200 186 170 172 174 180 196 234 219 238 242 214 197 192 227 222 176 200 198 172 180 205 186 185 176 195 198 196 219 218 240 225 239 250 248 239 194 204 232 195 203 234 239 222 250 229 194 208 150 147 168 196 163 181 122 49 94 134 129 119 184 90 92 90 114 114 172 171 98 105 91 103 109 119 123 119 120 134 132 142
182 207 205 177 133 153 154 107 127 132 154 169 150 155 160 142 150 156 187 187 213 232 227 233 255 227 145 188 226 186 156 135 168 166 180 183 194 189 169 159 155 186 181 196 186 203 203 205 175 169 172 199 243 232 197 226 197 225 232 205 174 155 180 228 200 229 212 195 176 207 230 198 208 229 221 228 246 249 228 242 247 243 236 244 243 225 218 211 212 244 243 239 231 200 170 192 165 154 189 180 164 195 127 66 107 136 127 132 199 139 80 111 127 125 139 171 94 91 81 92 101 112 119 118 118 132 130 126
177 206 196 185 142 174 194 144 162 141 182 207 153 157 152 147 154 181 238 243 241 176 192 193 179 167 91 112 117 149 180 169 170 166 176 183 190 190 188 179 171 192 181 169 182 200 198 179 186 212 184 228 226 235 252 248 250 253 222 217 198 163 161 222 197 226 227 220 221 223 228 221 223 227 222 231 244 248 214 190 228 252 234 229 250 228 158 189 209 228 234 224 202 195 177 195 175 153 176 177 160 186 128 100 139 143 143 139 186 190 90 91 107 126 130 127 102 115 69 81 94 104 116 125 115 122 130 127
145 195 198 191 151 164 169 141 147 120 134 171 144 166 155 159 152 193 192 158 150 56 69 87 137 149 140 164 165 156 169 166 172 175 174 183 190 182 185 194 185 197 178 164 179 173 181 162 190 188 190 194 172 155 176 173 162 187 235 215 229 186 174 226 217 227 248 238 224 240 231 222 229 224 169 212 242 245 202 141 221 243 185 229 235 233 203 207 194 214 226 209 173 202 192 169 140 145 171 178 171 189 121 121 162 148 135 125 155 215 107 83 100 132 124 81 104 102 68 74 84 96 114 128 106 128 132 133
124 167 184 160 149 145 136 131 141 144 152 153 150 168 162 164 156 161 114 110 122 102 153 164 168 164 175 156 166 172 174 164 162 177 169 173 178 175 172 181 177 176 199 186 189 182 162 177 204 206 203 179 136 142 135 153 194 205 210 191 224 203 243 247 231 223 247 237 242 249 246 229 211 208 168 192 232 242 242 224 241 223 140 207 221 217 218 212 214 220 200 172 153 187 186 154 156 174 174 173 202 188 113 114 164 132 136 117 110 195 132 92 98 110 124 91 105 106 88 80 80 97 116 108 100 138 134 125
116 135 126 100 134 144 124 127 178 168 153 156 159 160 162 159 157 131 123 153 123 158 190 181 166 190 218 197 166 148 160 163 160 148 161 170 163 170 188 176 164 178 208 199 183 185 196 187 185 201 204 189 145 213 215 220 218 197 179 205 194 194 222 240 240 223 224 233 235 236 235 219 215 213 218 227 235 237 234 232 220 234 174 219 215 198 223 230 232 230 206 178 121 172 173 147 153 157 179 202 170 133 87 117 155 147 132 112 113 159 143 86 96 110 135 99 120 124 80 76 83 102 101 66 102 130 120 117
112 115 107 85 113 92 66 126 173 162 166 156 156 164 163 153 149 127 154 181 196 189 207 206 215 241 248 248 184 152 155 162 159 153 157 161 152 156 173 176 207 178 194 200 179 187 195 182 184 191 189 194 193 207 209 215 217 208 220 230 194 191 232 226 231 210 219 229 201 233 225 201 188 223 240 241 241 242 228 190 214 236 215 226 229 203 227 230 226 227 215 205 157 177 181 168 133 140 157 182 159 116 81 110 147 154 131 109 120 156 161 98 94 112 122 111 128 105 67 85 83 95 68 66 93 94 88 113
117 120 102 69 64 52 90 144 149 166 171 161 162 158 146 140 145 159 165 215 224 186 199 235 234 242 217 186 159 165 164 175 173 181 178 160 150 170 178 177 174 178 191 187 172 193 203 185 159 167 184 203 204 203 204 235 234 211 242 242 219 183 238 241 247 184 200 225 225 229 217 193 191 216 239 233 235 238 228 159 188 222 232 226 226 229 241 238 241 235 227 202 155 122 163 165 161 156 158 172 146 115 84 115 148 142 119 106 127 121 169 89 76 88 114 129 133 105 86 88 67 64 55 82 99 101 102 121
124 129 82 53 55 110 162 150 152 167 160 149 145 141 149 167 167 155 170 181 185 189 176 181 224 208 179 158 153 170 159 179 171 174 179 163 162 168 182 191 174 175 185 192 187 178 188 176 194 197 204 205 213 207 214 227 215 209 249 233 235 182 229 254 240 203 197 229 238 219 203 194 194 209 233 230 230 242 221 157 177 214 233 235 209 233 239 239 228 225 217 206 182 131 155 154 163 156 172 186 146 119 97 137 165 137 119 116 127 137 181 95 68 103 142 147 120 117 80 66 44 56 75 80 100 112 122 122
91 81 57 62 119 160 167 179 164 155 152 139 140 135 142 156 178 178 165 185 191 210 197 190 170 157 168 180 163 175 179 169 153 166 157 159 180 181 173 176 161 167 181 178 182 173 190 214 215 196 207 225 227 229 224 220 198 208 236 211 215 177 220 232 236 224 205 236 240 231 199 204 164 184 243 231 214 222 209 179 203 200 229 227 229 241 238 242 224 210 207 228 179 112 123 148 178 165 165 190 157 128 101 148 175 142 121 117 117 129 178 117 78 111 130 152 117 112 74 70 37 59 72 75 97 99 104 102
60 54 60 132 172 156 150 155 155 145 142 134 137 141 148 174 167 147 162 178 166 185 173 162 169 168 163 180 177 184 183 176 173 182 177 178 167 180 177 177 176 169 166 175 176 185 210 203 185 196 211 215 222 237 187 214 200 193 228 209 218 179 213 233 246 241 241 241 237 238 210 213 201 185 208 214 215 212 218 203 216 207 217 231 239 242 237 239 207 198 195 210 163 118 151 142 165 162 165 198 171 139 103 143 155 137 124 119 119 121 176 160 90 114 117 137 133 94 65 71 31 42 65 73 77 83 102 108
50 46 91 178 172 142 155 153 164 146 135 136 142 148 165 184 180 178 160 158 175 164 171 158 171 178 166 184 166 158 161 167 169 185 182 159 161 170 159 161 186 173 174 182 180 177 178 183 170 187 232 220 235 231 176 223 178 229 239 219 222 171 217 231 229 222 235 242 241 230 212 219 231 162 176 199 190 203 233 229 225 218 230 239 243 241 247 248 221 176 189 192 161 151 170 158 165 162 171 185 162 168 106 131 141 138 119 112 109 112 122 164 94 100 104 126 89 49 91 68 31 34 62 69 68 78 103 123
46 73 160 178 165 145 152 142 137 134 140 145 138 132 157 183 161 172 175 160 168 161 187 156 152 161 170 182 181 163 172 185 153 154 176 164 171 163 157 156 148 158 182 171 168 174 182 168 174 193 207 223 222 205 199 216 174 231 228 206 224 177 184 156 192 204 230 244 231 226 220 231 231 171 181 200 184 194 226 223 224 211 228 240 243 233 238 238 241 216 196 164 147 144 152 141 152 173 175 162 150 177 135 139 156 156 114 121 113 107 99 167 101 89 47 54 41 83 129 85 46 28 54 65 66 75 96 117
52 139 183 159 147 153 153 136 126 130 155 154 145 134 153 157 152 177 167 173 167 157 158 178 151 181 175 167 169 168 154 171 169 168 174 167 176 161 150 169 168 164 168 180 194 214 218 217 222 224 195 209 209 172 167 193 191 212 217 211 208 160 159 165 196 203 229 240 230 224 227 239 229 199 184 199 203 182 189 232 222 207 224 229 238 232 232 237 238 224 205 150 142 152 144 146 152 163 167 147 171 175 141 185 170 158 128 110 127 108 97 163 85 53 71 71 96 130 142 94 48 33 45 54 63 83 110 103
73 157 166 162 152 150 145 126 127 140 141 151 155 141 138 138 139 167 158 151 153 168 160 186 169 195 183 174 163 161 159 163 153 154 157 167 177 165 168 181 167 151 172 180 176 191 205 231 229 200 181 188 214 159 157 183 174 177 210 212 216 162 190 189 166 199 231 240 232 227 232 238 223 214 206 202 225 208 208 217 199 217 235 232 228 214 225 225 239 236 206 141 131 149 159 143 119 163 143 113 151 152 144 168 187 131 126 107 120 78 61 169 80 49 91 101 129 130 136 90 42 39 46 51 75 96 104 101
86 173 156 157 152 146 140 136 150 144 143 141 144 151 145 140 149 162 157 158 156 164 181 163 167 181 164 176 167 167 156 146 151 151 151 153 175 163 170 166 154 185 197 205 202 221 224 235 216 191 202 177 171 167 153 155 159 195 209 214 225 171 195 199 145 203 234 243 240 238 228 238 223 226 237 218 239 227 212 197 224 220 226 233 222 228 223 227 250 235 200 173 157 202 147 150 129 121 79 160 152 149 162 195 177 138 120 100 57 32 51 176 117 91 113 98 129 152 135 119 48 35 43 49 77 93 91 97
102 148 156 145 143 140 155 158 159 158 150 138 141 153 160 155 151 154 180 186 173 170 147 153 160 148 157 158 152 151 149 149 159 149 152 159 155 158 169 155 160 191 184 226 242 244 233 232 234 204 214 188 155 184 170 125 177 202 209 200 219 158 222 218 185 208 222 242 246 243 238 235 227 239 235 224 231 233 212 204 237 236 236 220 226 235 227 217 239 241 200 164 172 189 160 168 161 135 115 125 122 142 140 150 152 127 65 45 31 53 71 167 128 105 105 113 135 144 139 131 65 31 40 55 81 84 91 78
122 146 147 143 130 140 157 152 162 155 158 163 160 164 152 154 176 209 195 181 194 174 151 159 157 149 158 157 166 157 148 146 148 149 156 174 154 159 166 173 179 179 147 208 243 224 232 236 215 191 220 187 169 190 163 143 189 200 191 179 211 158 223 222 208 212 218 231 237 243 232 227 217 206 223 236 240 245 229 210 222 239 238 233 234 230 224 228 243 239 200 177 178 172 155 168 176 184 137 107 124 140 118 120 148 91 52 79 50 97 89 156 138 101 103 117 127 139 132 122 69 29 38 58 83 89 88 66
133 143 143 141 152 147 144 164 198 195 192 183 181 163 173 162 179 199 209 215 207 201 185 197 158 143 148 156 171 164 147 138 152 161 156 169 163 180 194 195 208 211 193 203 222 222 231 212 205 198 208 199 183 188 162 171 203 217 191 174 187 163 211 218 205 214 223 220 232 233 239 228 233 219 221 239 247 246 231 230 233 231 232 233 237 224 220 239 241 222 194 172 157 151 137 166 150 158 154 153 132 146 140 147 122 56 87 64 79 107 106 131 110 106 100 115 124 145 148 129 84 26 36 48 73 89 76 74
140 145 144 152 154 170 191 214 211 209 209 209 200 184 221 214 159 174 179 194 214 248 250 237 159 132 146 159 181 174 151 164 167 164 175 174 182 199 191 184 203 206 203 212 207 210 211 174 177 204 198 183 194 185 180 181 194 196 189 192 206 154 197 197 199 211 213 222 225 227 241 225 236 231 230 230 234 241 239 231 234 234 222 233 234 212 216 235 237 209 211 172 148 144 129 131 147 147 174 194 129 127 139 136 104 56 81 52 112 119 110 110 103 106 105 123 121 129 130 124 82 28 35 47 68 78 83 92
130 136 148 158 190 211 219 223 197 185 193 190 200 204 244 250 196 167 197 207 215 230 242 232 176 145 167 167 164 158 174 180 171 174 211 234 235 190 169 169 178 204 187 211 212 210 216 200 192 195 167 162 195 208 197 188 188 178 183 183 175 126 190 185 188 222 195 222 233 230 234 228 227 234 228 232 223 228 233 240 235 241 235 234 237 222 219 226 214 200 206 175 142 141 120 125 142 144 155 154 131 142 137 132 127 68 76 90 136 115 104 114 112 105 109 116 118 135 126 127 77 42 36 47 61 77 100 101
149 160 159 197 188 198 195 209 191 179 205 201 228 244 251 250 249 246 247 248 245 244 238 239 232 201 185 199 182 179 200 223 207 199 206 197 207 189 165 193 191 182 188 209 216 227 234 212 202 163 157 146 188 213 201 197 192 184 196 184 158 97 152 176 185 200 214 227 234 234 241 226 228 235 217 228 228 223 228 237 232 229 236 236 237 231 210 222 200 203 207 175 140 118 117 145 149 150 134 117 128 143 133 136 121 70 97 113 112 113 109 136 124 106 103 103 112 141 129 112 73 58 48 43 56 70 93 88
153 161 213 201 190 193 199 200 191 163 187 201 221 246 251 251 250 252 252 252 252 251 252 240 239 247 243 233 210 209 231 243 233 194 180 206 204 197 172 157 179 168 176 195 194 204 221 221 231 158 154 171 179 210 210 187 192 190 190 178 171 117 152 208 217 190 210 211 214 240 248 247 242 225 202 210 215 222 226 228 230 233 238 231 237 230 224 214 199 211 177 154 124 99 156 149 146 157 143 147 134 143 126 123 123 82 87 108 106 116 116 157 129 111 110 107 110 126 115 117 64 60 62 41 54 66 81 81
173 211 211 184 188 198 198 191 180 171 192 207 241 250 252 252 252 251 251 252 252 252 252 251 250 252 253 250 244 227 202 203 203 182 179 181 173 148 152 163 185 172 183 183 188 191 210 232 213 174 177 185 185 200 207 193 183 205 191 168 164 128 191 227 202 202 229 219 222 250 247 249 243 212 197 180 202 215 222 217 232 231 221 224 231 231 224 195 200 185 145 131 84 123 157 157 142 146 152 173 150 172 135 132 131 76 98 127 125 115 130 154 155 118 121 122 111 119 125 125 91 67 72 52 57 66 78 82
213 208 190 188 195 204 218 198 168 185 188 221 248 250 250 252 251 249 251 252 252 251 252 251 251 251 252 253 250 218 201 219 160 141 173 175 148 137 148 164 197 167 169 181 192 199 215 236 212 190 189 196 195 194 198 201 212 200 189 181 180 143 161 188 196 191 223 221 219 241 241 239 211 234 195 167 208 218 218 215 212 225 218 217 237 250 226 177 197 163 147 77 90 140 143 154 152 161 147 132 144 146 145 127 125 69 94 143 129 120 134 156 159 125 126 130 125 125 128 130 91 81 85 61 55 68 76 78
202 183 167 192 189 191 211 199 179 185 195 225 230 239 222 250 242 243 252 252 251 252 252 252 252 252 252 248 221 193 202 188 170 155 170 154 139 141 158 151 149 159 166 158 165 187 227 227 213 209 204 210 224 210 203 197 182 184 181 192 191 159 172 158 160 187 229 215 211 213 214 234 221 226 230 214 189 184 204 226 207 200 183 202 240 235 203 185 176 142 95 61 135 151 166 158 156 162 131 119 128 159 147 132 105 51 94 144 125 125 138 148 166 137 122 123 115 128 128 136 85 97 89 68 63 100 117 103
188 165 182 204 196 185 194 184 196 171 217 213 215 240 233 238 241 241 250 250 254 252 251 251 253 251 253 242 211 206 197 159 151 161 148 151 151 131 194 154 122 159 179 175 201 193 206 215 222 218 184 213 226 227 228 195 178 197 180 197 195 137 160 172 166 165 177 178 236 236 235 238 233 200 196 222 177 171 200 197 187 182 195 185 188 206 195 176 131 68 50 117 161 159 172 163 165 157 133 134 146 169 154 130 99 58 78 139 123 131 130 142 180 154 120 119 119 134 134 127 110 108 92 86 93 125 153 159
185 169 191 195 193 188 183 183 179 160 188 206 237 249 242 241 240 228 226 211 202 223 238 241 239 237 228 224 182 192 193 161 146 158 154 199 196 139 158 163 157 155 199 184 176 174 203 207 217 199 175 195 237 228 215 216 183 207 196 214 180 146 162 172 203 180 166 200 234 234 231 228 224 195 173 182 178 189 194 167 192 205 225 192 149 151 163 124 55 62 122 167 157 163 173 165 183 157 143 152 153 199 163 129 120 59 96 137 134 132 128 135 170 157 119 116 134 120 137 116 114 108 92 104 105 126 155 173
187 190 206 200 183 165 176 189 195 178 198 203 245 252 247 236 208 218 215 210 154 185 234 242 214 230 210 209 198 217 196 160 148 148 214 228 226 179 166 197 168 149 153 144 170 183 198 206 191 181 178 216 239 235 208 212 209 213 193 163 101 189 204 191 215 227 229 219 222 221 226 235 230 216 186 189 158 192 218 184 171 186 187 146 174 171 149 55 65 115 160 178 159 180 172 164 163 149 155 159 159 184 160 129 114 68 116 143 140 128 136 154 173 159 117 117 124 114 123 117 106 98 111 119 104 130 142 116
