97 95 85 73 60 45 60 59 97 85 56 50 85 81 63 42 51 57 54 49 47 37 71 86 57 62 88 110 99 63 73 107 62 53 75 64 93 113 100 128 108 124 145 130 116 111 129 137 118 167 161 159 88 78 93 156 177 147 126 87 145 128 137 139 113 107 147 145 148 129 101 72 102 158 169 168 158 146 140 131 130 106 98 113 136 150 147 139 142 123 111 146 135 163 166 191 208 145 170 130 132 148 120 95 110 114 127 197 216 238 247 240 170 112 111 150 174 195 180 172 169 87 78 120 126 104 87 87
73 91 73 82 79 64 102 104 86 88 61 36 49 82 83 49 48 58 51 44 45 43 41 85 63 54 63 111 119 90 64 76 90 60 79 77 94 116 145 108 140 180 158 130 133 140 143 139 117 166 151 160 100 89 115 155 175 158 138 56 84 98 144 131 116 111 140 173 197 133 102 85 136 189 190 187 160 149 149 149 133 92 82 80 93 120 121 148 161 130 105 115 98 104 101 131 210 155 150 132 104 113 127 103 85 84 120 166 192 211 243 245 219 144 112 149 167 167 159 153 201 153 105 110 106 104 93 107
85 80 62 67 64 56 91 158 140 104 80 47 37 69 102 69 54 49 54 50 47 51 44 47 55 49 53 87 93 104 86 89 106 104 97 107 137 147 150 122 108 109 93 98 103 111 145 136 140 196 180 205 131 108 132 151 185 212 155 49 60 84 129 142 118 126 130 106 83 73 118 142 187 198 196 196 181 183 180 191 195 119 76 68 83 127 137 147 124 118 104 111 140 118 96 117 176 148 143 148 94 80 114 108 84 71 101 142 155 169 218 247 225 178 127 150 159 139 136 141 158 186 179 170 122 117 101 111
82 79 85 67 54 69 44 108 168 131 93 82 83 125 149 89 77 72 74 74 65 55 52 53 49 41 45 58 99 113 54 53 77 78 85 102 83 82 122 87 113 97 88 96 106 91 140 121 158 211 204 238 163 113 136 146 180 234 156 49 68 112 126 140 118 125 129 139 97 78 129 177 197 203 204 204 201 194 188 188 205 164 93 68 90 140 166 142 130 124 107 99 138 145 123 141 164 153 131 149 145 131 143 123 107 87 86 107 136 144 172 236 230 188 134 147 149 137 131 141 166 169 191 201 160 128 83 64
62 91 80 81 80 121 138 123 166 128 124 92 85 89 141 103 70 89 88 85 66 53 52 66 73 65 54 46 94 136 58 50 55 66 69 78 71 86 127 70 123 110 104 105 97 99 139 110 159 212 218 243 156 96 133 146 191 216 127 70 73 90 113 139 122 106 135 178 141 102 143 168 159 157 155 161 159 151 156 169 180 174 119 101 116 144 168 106 148 145 111 93 114 126 128 131 130 141 121 147 176 155 187 155 103 97 89 90 129 150 151 189 224 172 137 155 171 165 154 146 172 170 183 181 149 134 98 63
87 95 95 87 110 87 89 93 111 140 123 75 88 91 128 117 55 68 84 76 50 50 50 53 55 74 84 68 69 137 67 69 49 50 89 75 71 81 131 66 102 89 143 95 103 111 139 111 163 200 222 192 109 65 94 141 202 171 121 105 109 93 111 134 136 104 129 150 135 134 197 216 197 170 181 194 191 188 188 194 196 202 169 110 126 149 167 112 140 152 132 104 102 108 141 134 107 150 135 111 179 124 171 203 107 76 99 148 181 189 182 163 150 134 144 160 178 185 170 145 178 199 201 146 90 101 108 117
108 88 88 84 86 101 94 87 77 112 125 99 73 85 136 128 96 60 68 100 72 64 62 58 54 52 71 79 51 118 91 89 42 58 82 54 68 74 128 87 99 78 147 94 96 118 129 117 168 220 202 114 107 93 119 134 154 122 116 92 114 123 130 123 142 122 118 117 125 155 221 233 226 221 225 226 230 225 213 206 206 214 212 127 80 128 163 146 116 124 185 161 98 122 120 135 105 173 165 106 148 140 155 209 143 60 128 194 202 199 192 170 119 137 157 173 193 182 162 155 204 197 201 134 59 99 122 141
114 91 64 91 75 86 97 71 87 70 88 107 130 122 134 127 131 94 76 76 90 72 73 86 109 90 64 59 47 93 108 57 42 77 71 87 82 89 123 95 124 105 93 88 86 121 121 132 165 209 160 94 90 112 152 159 156 113 136 104 94 144 144 118 123 139 92 88 98 152 214 234 225 221 224 225 234 232 223 213 210 228 230 178 82 134 141 173 103 87 153 182 103 127 127 122 95 140 155 135 131 157 166 185 183 83 140 195 198 194 140 130 155 177 172 168 197 171 134 121 144 158 188 153 151 149 123 147
98 105 68 84 89 69 88 99 87 88 58 98 120 141 153 148 99 97 109 92 81 90 106 106 138 142 88 55 58 67 96 43 55 92 104 78 71 86 129 106 135 113 92 89 91 115 119 144 151 141 125 106 75 112 141 177 155 126 101 129 113 96 137 117 92 132 113 89 85 133 195 231 232 224 223 229 233 233 231 222 207 231 238 214 122 152 118 156 102 70 87 112 97 104 143 134 112 128 151 179 133 165 177 179 191 114 110 179 190 166 91 114 168 170 163 148 165 144 171 176 133 101 139 160 223 201 165 170
99 115 104 89 87 79 82 98 94 85 70 85 95 102 102 124 156 132 98 78 67 75 80 89 79 82 58 45 66 56 85 67 79 99 63 64 104 105 131 119 95 115 101 88 86 90 112 150 154 161 141 124 105 126 134 162 83 152 101 162 151 111 123 111 99 112 185 133 91 119 186 200 220 227 227 232 234 234 236 229 215 230 236 209 133 147 126 192 164 93 94 104 105 102 130 156 137 129 178 211 163 161 169 162 180 151 93 125 133 107 92 115 157 160 155 148 163 162 203 231 221 186 172 182 217 222 216 209
113 91 114 116 80 75 98 74 84 80 71 62 85 59 76 65 89 120 136 102 79 96 82 88 95 90 48 48 72 71 75 131 116 105 71 92 117 175 168 142 101 108 81 117 100 81 110 138 137 136 104 69 88 124 138 149 57 122 174 204 180 139 115 105 117 125 177 165 147 134 224 226 211 202 205 219 226 233 237 230 222 226 235 200 137 145 143 191 212 162 157 166 171 142 131 159 145 122 172 193 181 173 150 155 164 129 86 82 103 101 112 112 132 148 143 148 164 169 199 214 212 233 228 222 220 221 217 211
91 110 99 116 115 74 80 67 58 88 80 74 82 87 84 83 92 84 125 169 138 101 107 87 119 73 53 52 84 92 81 112 102 89 85 132 175 164 136 131 110 122 79 89 95 83 122 131 105 84 78 64 108 121 105 146 133 119 190 176 166 111 105 102 105 126 168 167 163 156 222 238 236 233 218 211 207 213 222 227 220 222 230 193 151 167 136 145 197 199 212 197 181 177 165 181 140 117 131 148 164 196 140 133 128 90 83 109 129 111 111 125 107 103 107 123 152 131 179 200 209 219 222 233 229 235 230 173
78 75 71 97 119 133 86 64 65 74 93 73 70 103 99 114 89 66 99 110 123 150 149 145 99 76 53 78 88 97 91 99 93 100 127 164 146 121 112 141 191 151 100 87 85 96 141 137 100 75 64 75 118 100 115 168 164 128 151 175 203 176 115 114 83 115 153 169 163 153 212 234 236 239 234 235 235 226 220 224 219 216 208 166 144 145 119 75 112 152 206 213 172 138 139 172 166 153 116 116 133 187 146 114 110 97 98 129 126 101 86 119 97 75 103 131 164 121 137 177 225 217 231 228 225 236 227 156
101 85 67 93 102 130 137 78 78 81 89 87 83 93 90 115 109 49 58 71 75 92 122 129 126 89 69 81 67 106 92 101 110 147 144 91 80 100 108 126 104 88 103 107 72 99 160 145 102 84 76 82 112 110 142 167 145 120 138 181 201 169 127 151 101 107 142 166 165 143 198 232 236 238 236 235 234 235 235 235 236 227 190 155 157 95 63 54 95 137 149 191 220 189 163 158 191 215 146 128 138 183 163 142 138 139 122 114 112 102 114 145 99 87 110 134 170 143 127 161 230 215 229 224 218 190 166 133
130 113 83 97 111 126 124 142 123 127 120 108 92 91 87 131 149 65 57 76 87 90 115 104 137 144 113 92 76 87 98 97 96 99 133 93 62 88 107 105 81 88 101 108 87 103 116 91 86 109 77 61 79 129 144 150 125 133 160 166 153 161 163 204 127 95 127 149 164 127 161 224 232 231 234 232 235 235 234 233 237 241 191 179 144 79 58 57 108 124 125 138 163 172 182 188 221 245 172 163 202 157 167 145 113 138 146 121 103 103 113 150 115 89 108 124 150 163 120 145 216 230 236 218 195 116 82 87
78 93 70 66 127 100 82 88 125 128 90 88 113 121 102 137 142 104 81 96 109 135 147 128 105 150 170 123 99 96 113 128 72 41 117 141 123 96 89 75 107 104 93 128 122 97 91 74 79 104 73 40 74 137 149 139 138 171 162 174 163 193 197 205 178 125 104 120 157 110 109 207 229 224 232 235 239 240 237 235 223 189 152 177 123 139 98 70 117 125 124 121 121 120 139 197 239 243 189 138 202 141 148 135 121 108 125 122 124 138 131 142 115 88 95 119 140 164 118 111 170 198 182 148 161 98 101 73
68 89 78 90 94 70 67 75 81 117 118 61 68 101 60 114 125 141 112 98 96 110 114 89 66 91 100 96 102 62 114 126 91 53 92 131 97 131 89 92 125 148 147 146 112 82 88 74 88 100 93 58 107 137 150 129 151 186 161 202 183 183 207 197 189 189 162 142 135 81 71 188 228 230 237 240 238 239 227 209 164 144 133 147 129 182 128 84 117 130 132 144 179 167 121 160 220 231 218 149 168 169 206 168 133 133 137 116 111 119 140 136 168 134 89 112 146 167 143 82 87 98 81 73 127 96 149 134
78 91 91 124 85 67 65 82 100 81 106 125 70 93 77 88 136 122 162 138 120 101 85 93 90 78 80 122 119 52 76 104 105 98 88 134 121 116 114 109 129 152 189 107 102 74 90 85 93 88 115 100 110 111 141 133 142 177 162 199 189 178 193 195 197 191 172 185 147 104 56 158 225 228 239 234 226 212 190 154 156 130 136 157 112 145 112 106 127 123 148 190 231 238 174 158 212 234 230 166 167 183 248 213 121 147 182 142 119 125 130 104 127 183 137 110 126 167 171 132 76 79 71 68 122 100 156 183
63 66 66 117 55 70 63 91 90 72 68 111 156 119 113 112 122 95 132 167 134 118 116 88 97 102 152 130 120 95 77 92 105 127 126 118 128 121 78 116 149 139 109 67 121 117 83 73 70 98 114 115 68 85 142 129 134 162 153 176 187 166 191 178 179 176 165 168 166 145 74 124 203 227 226 211 201 194 159 170 156 76 140 195 157 109 75 126 151 112 133 178 235 236 190 168 211 238 211 160 164 200 251 233 134 141 175 163 135 135 120 102 124 156 155 121 131 171 181 177 127 149 72 96 146 112 137 145
55 72 67 85 56 68 90 91 71 66 80 142 88 118 115 97 112 80 50 145 123 122 129 115 120 138 176 162 149 126 97 87 134 133 116 107 102 138 129 114 114 127 82 86 104 135 92 74 76 88 94 114 66 122 148 146 152 136 148 153 184 190 193 174 177 177 160 164 161 175 121 86 143 210 205 199 196 168 186 189 120 74 151 177 158 125 104 129 154 151 130 142 216 250 188 175 218 220 138 159 150 179 248 236 140 119 124 145 165 165 167 128 164 121 139 144 142 184 199 178 133 186 126 124 184 131 126 133
63 61 60 82 62 74 90 80 82 50 128 103 28 49 92 116 119 78 39 70 153 134 121 92 130 106 79 84 143 143 108 99 135 126 137 138 102 112 148 132 99 100 89 79 95 114 114 84 91 75 68 117 140 138 147 155 148 136 150 160 149 160 192 182 162 168 170 170 160 171 179 123 111 168 196 194 165 156 175 178 181 135 188 148 133 150 167 157 163 166 147 95 114 194 179 160 234 185 72 117 122 156 240 244 173 88 137 151 178 194 196 158 157 110 134 146 162 207 198 191 189 206 204 148 179 118 118 122
84 65 53 77 74 98 86 73 61 75 141 52 42 58 54 73 106 106 76 84 111 132 89 124 119 104 102 110 125 111 85 78 72 107 129 124 124 113 95 131 123 81 98 121 113 100 124 87 93 89 87 128 162 153 148 153 149 139 148 150 138 144 171 172 140 155 163 178 160 166 164 179 159 149 128 131 136 152 122 182 183 147 192 146 135 153 169 160 163 198 193 116 73 118 149 136 205 139 69 73 102 123 195 230 149 102 175 209 173 170 186 141 111 110 124 126 138 204 215 208 169 196 206 200 179 102 109 123
76 90 74 76 97 88 83 80 68 140 99 60 69 71 51 104 100 111 136 125 66 123 142 124 141 140 123 146 108 123 127 57 50 97 122 113 121 104 71 102 133 141 94 110 125 123 127 93 73 92 123 133 150 162 150 164 157 140 139 149 139 161 194 176 166 173 176 153 142 153 145 166 177 170 108 108 146 177 146 168 163 158 188 155 134 133 147 145 155 183 185 174 120 121 172 140 179 174 183 112 88 92 137 180 164 169 172 182 143 141 146 100 112 110 101 109 115 171 215 220 168 193 184 223 222 133 92 130
64 65 83 98 84 74 87 81 132 142 82 65 63 42 66 134 74 90 119 127 121 122 154 150 87 81 116 114 71 103 138 52 72 92 129 143 127 85 83 102 102 149 145 100 124 117 117 104 74 89 114 129 116 139 146 173 174 147 145 153 131 141 186 204 181 188 195 158 127 137 147 154 172 175 176 124 156 170 154 165 172 194 196 176 144 87 105 114 136 175 160 197 110 128 198 152 181 197 213 170 98 93 116 130 167 164 165 148 124 127 102 105 122 105 87 95 101 122 197 229 219 201 193 208 220 199 122 101
73 53 70 130 112 119 99 94 151 104 70 61 48 45 122 118 74 79 115 94 132 134 130 159 65 88 108 97 95 98 123 101 91 88 127 137 119 96 97 112 94 109 136 138 140 134 127 121 85 90 118 128 102 114 135 168 151 145 156 162 145 150 163 187 185 170 179 176 138 145 155 144 156 163 186 128 115 149 157 160 172 190 179 165 158 80 64 109 124 143 171 187 111 136 202 162 169 201 204 165 107 111 99 125 129 115 147 126 116 126 82 96 113 83 79 83 91 96 149 220 217 192 165 182 196 204 195 98
71 55 116 108 125 129 115 158 94 76 70 56 46 63 118 99 64 86 105 91 106 125 97 145 147 115 69 98 116 107 95 90 75 120 119 93 111 110 114 111 102 124 143 142 132 135 130 126 125 107 115 134 119 124 131 174 173 157 157 167 164 170 173 174 171 160 170 182 160 139 144 135 139 156 175 180 132 147 153 142 135 156 166 148 150 88 68 102 105 152 209 201 163 133 167 185 167 200 185 147 120 114 95 133 114 111 142 125 122 128 87 75 101 95 89 80 85 82 116 199 212 178 180 186 183 194 208 108
82 101 103 73 110 123 154 133 92 90 67 54 69 64 91 95 83 105 109 110 67 70 48 78 161 126 71 94 113 106 128 106 104 119 110 101 97 116 119 101 125 147 144 139 125 136 133 120 127 135 129 139 120 132 134 157 183 174 167 187 186 156 173 194 177 162 173 151 161 147 138 126 125 144 172 211 202 130 131 97 71 132 143 124 91 94 113 104 113 183 223 212 199 199 187 193 148 137 141 126 122 145 155 157 112 95 129 126 125 118 96 74 83 99 93 80 81 89 81 125 188 207 206 196 171 183 135 97
110 99 77 49 91 155 102 92 117 103 74 76 64 63 57 73 105 109 86 102 92 56 58 104 96 146 106 83 63 117 151 130 112 103 108 125 109 105 123 128 157 149 139 129 130 142 137 135 136 144 151 149 103 105 140 148 150 165 183 190 192 143 159 189 174 157 157 148 145 143 117 120 129 143 169 170 199 146 140 149 80 116 99 158 112 121 159 127 147 185 218 216 193 210 218 161 107 111 152 134 137 164 172 180 144 101 107 117 130 115 118 125 93 84 87 80 75 93 86 93 140 192 223 198 159 140 76 85
104 89 67 57 125 124 44 67 114 111 97 72 52 40 41 82 117 73 63 101 134 55 95 96 55 133 138 88 73 120 96 133 111 99 87 104 131 85 121 147 157 137 129 129 141 140 145 134 138 160 164 159 93 52 115 138 148 161 169 193 192 145 142 153 135 123 130 156 148 151 133 119 114 142 151 155 162 209 206 217 151 120 112 184 144 132 166 161 178 203 222 219 206 206 228 139 101 137 149 117 143 177 177 165 130 104 94 106 122 119 128 122 98 83 83 78 66 73 96 93 99 150 172 132 101 85 86 83
73 86 85 120 131 87 56 86 97 103 104 61 30 30 66 120 113 52 64 108 159 80 72 77 82 103 115 129 149 121 104 137 112 80 89 101 134 123 144 160 164 138 141 135 139 143 134 140 136 166 165 144 114 60 57 83 100 139 162 193 186 147 126 112 83 79 84 115 105 130 125 91 79 120 139 143 147 191 179 168 168 165 137 155 147 157 157 178 200 202 192 208 211 208 226 187 139 141 114 87 142 177 183 163 127 109 88 113 120 116 121 110 102 96 80 73 60 46 87 100 101 116 109 77 43 68 106 94
75 100 146 142 101 88 72 109 111 95 106 94 45 73 108 126 110 50 97 127 141 49 91 75 133 75 48 144 152 100 141 118 123 80 100 111 138 174 191 175 149 139 152 150 154 149 132 142 137 147 161 110 113 101 53 52 60 87 127 161 175 132 97 93 88 69 62 60 64 69 81 113 117 111 132 132 151 147 154 161 174 156 141 173 154 144 153 194 205 196 172 207 208 211 219 222 171 123 96 76 139 163 157 164 155 135 110 96 107 102 118 148 171 113 82 73 48 52 63 87 92 105 68 57 51 87 92 75
92 128 145 112 108 106 81 116 85 95 87 79 73 88 132 131 94 81 133 132 121 81 102 124 123 75 69 150 105 108 149 122 130 93 109 104 142 178 175 158 142 158 162 166 156 155 136 145 133 145 158 89 78 91 64 72 71 63 60 104 114 59 48 59 68 72 60 53 75 87 108 115 139 120 99 126 130 137 152 148 166 128 129 176 142 103 147 177 181 150 141 180 186 218 230 228 224 156 152 141 141 175 174 149 158 158 161 88 96 105 127 176 246 195 100 101 87 61 58 58 63 58 48 71 75 115 83 59
111 129 121 119 118 115 88 114 57 87 96 109 68 124 148 111 90 117 130 128 119 107 116 99 124 86 140 117 103 141 152 115 108 98 133 151 146 172 175 158 149 144 146 164 158 139 142 166 153 163 128 90 98 88 76 75 94 53 55 113 91 53 44 80 177 131 107 100 94 80 56 83 104 132 140 116 130 151 145 123 118 126 106 112 108 98 125 143 132 109 111 136 154 190 228 240 232 211 174 199 187 192 189 163 148 172 162 108 92 106 105 165 244 250 165 103 146 105 72 66 57 63 66 77 86 125 116 130
132 135 120 128 121 110 89 121 76 90 71 131 91 135 115 119 83 120 104 113 121 103 116 63 138 130 146 104 137 132 124 98 94 93 146 153 145 161 176 154 134 147 143 163 159 156 150 170 161 151 84 88 111 102 110 81 67 46 79 118 84 78 90 193 230 193 203 180 93 51 73 126 138 113 127 134 134 128 127 89 90 120 94 96 81 76 114 94 122 118 107 111 143 166 194 232 227 232 199 176 209 221 184 162 136 144 145 136 108 104 91 156 244 248 236 122 122 120 138 122 75 72 98 134 106 110 132 178
125 121 114 126 126 85 57 123 85 105 69 119 106 90 87 98 94 130 95 148 121 58 97 68 161 159 106 107 161 99 129 91 92 110 134 142 130 150 168 140 124 140 127 145 150 138 140 159 142 121 96 80 115 115 114 95 42 74 105 128 89 99 153 212 198 190 206 220 228 109 107 161 168 152 104 98 103 107 97 71 96 121 135 102 61 79 133 76 112 125 124 115 130 154 169 172 180 201 197 159 182 227 176 126 105 113 142 128 120 131 91 162 248 246 244 186 111 168 212 236 99 69 139 168 152 117 130 161
145 138 126 134 141 145 121 128 92 109 68 109 107 64 58 57 130 130 94 174 84 50 83 89 191 138 81 149 127 87 141 119 79 120 125 146 138 167 175 136 105 108 101 120 117 104 133 145 126 116 95 76 107 123 100 115 130 97 99 138 87 96 197 212 197 186 185 216 255 187 113 125 127 115 112 92 71 77 72 62 80 100 130 135 83 94 155 95 94 121 128 131 132 150 156 115 100 134 141 178 194 225 178 97 94 123 145 113 107 96 72 164 249 247 240 229 179 205 239 225 100 115 147 139 141 133 143 167
124 147 149 135 160 167 142 107 94 111 87 114 113 107 87 85 135 103 119 164 81 73 104 156 179 74 87 147 81 85 135 128 90 122 119 139 134 140 144 115 117 118 116 128 127 125 119 116 116 74 57 97 224 228 152 120 115 70 120 146 81 103 188 194 185 187 207 221 210 165 130 134 141 139 191 204 169 123 81 55 64 76 96 198 210 96 118 102 64 111 125 135 135 147 143 137 80 79 87 163 193 213 165 117 176 124 142 105 83 57 69 177 248 245 233 184 150 179 188 134 106 140 157 160 154 146 127 130
127 143 138 142 158 161 152 119 113 135 102 94 129 147 132 112 122 89 122 124 85 99 151 182 137 69 107 93 92 85 124 118 91 117 111 127 114 104 106 129 152 135 113 146 128 123 102 122 116 101 77 145 227 225 232 147 105 64 78 100 62 73 152 189 178 167 173 187 165 162 177 167 170 153 219 219 215 223 200 133 115 156 175 193 176 162 159 142 62 92 123 130 138 140 124 129 86 87 89 137 180 177 171 181 223 131 158 129 104 97 91 177 244 236 228 142 130 139 125 130 116 130 154 167 162 188 148 118
139 150 143 148 162 185 163 150 109 108 80 77 124 146 142 118 105 105 140 124 84 105 176 125 131 82 94 73 80 101 129 126 115 101 86 118 135 119 122 122 129 137 111 123 114 67 95 169 194 142 128 154 230 206 149 113 116 93 68 134 101 77 105 149 182 192 163 124 142 228 209 141 129 157 185 163 134 206 227 226 171 145 180 164 128 117 197 235 215 159 125 138 141 137 128 105 113 135 101 100 156 182 171 207 217 127 189 157 136 108 99 164 222 236 207 113 126 137 128 130 105 94 137 168 160 158 162 110
155 146 148 154 181 161 163 147 107 134 97 77 117 137 122 102 95 117 142 140 129 166 157 67 148 82 77 73 67 58 115 109 125 107 58 87 109 108 115 133 129 117 102 98 73 52 104 136 189 127 135 193 232 226 104 84 127 114 115 201 196 125 122 197 216 218 211 151 140 170 156 184 168 163 159 170 199 233 232 233 188 150 160 157 172 152 182 227 237 194 128 130 126 129 131 158 224 225 199 138 168 158 163 203 210 109 115 129 150 106 84 168 203 207 152 102 123 157 147 143 103 85 132 161 146 143 121 100
162 175 170 168 172 148 183 146 112 134 104 78 98 116 98 90 93 107 157 173 129 190 77 67 123 78 73 92 98 87 115 78 93 122 74 82 74 73 77 107 129 209 164 171 178 84 113 122 187 131 134 197 222 217 134 117 160 154 149 166 147 138 182 175 174 222 221 146 121 126 144 204 232 179 148 150 196 237 233 226 222 163 153 197 180 150 167 217 231 218 145 130 128 127 132 167 220 225 181 103 109 133 160 191 203 81 65 111 147 98 99 159 166 158 102 93 132 157 156 160 128 97 130 148 127 139 93 117
158 177 177 169 175 151 175 156 116 133 94 90 88 101 82 91 89 101 144 143 189 103 60 98 74 70 124 172 184 180 149 80 99 88 75 95 58 62 67 77 155 197 189 236 235 141 142 133 187 163 93 169 182 209 137 133 128 158 214 207 115 128 174 127 117 196 225 202 186 148 147 173 196 151 157 148 142 192 236 228 230 175 142 201 194 141 164 211 226 221 146 120 124 123 127 171 220 222 149 124 131 134 151 170 179 71 54 108 127 103 112 136 138 119 113 105 152 169 155 145 150 147 139 147 120 117 64 109
167 168 162 169 158 152 189 165 145 144 98 96 99 108 78 73 44 88 72 184 161 58 90 93 87 105 180 170 176 181 186 133 119 81 70 121 119 120 93 94 144 185 212 224 210 159 132 144 161 124 60 136 198 212 211 166 107 145 192 148 123 145 161 143 180 219 224 222 219 146 144 170 174 141 146 155 152 147 207 220 208 141 127 167 191 147 151 182 224 213 127 114 116 117 119 154 207 215 174 152 147 145 148 156 153 114 100 131 125 112 112 114 120 82 122 134 154 170 147 133 146 156 153 153 135 74 53 85
174 166 173 178 154 168 183 161 146 156 106 82 101 103 128 138 120 131 97 198 90 77 103 86 96 151 190 182 178 171 189 183 130 104 108 118 131 85 60 83 103 167 144 183 200 139 115 111 107 127 113 118 180 222 194 105 144 113 108 178 224 164 144 149 203 230 220 215 221 171 148 184 226 168 114 163 144 110 185 219 178 104 112 171 210 138 126 191 213 204 172 119 107 102 104 159 204 196 145 134 133 133 136 142 169 210 187 124 106 96 105 95 119 83 89 108 133 157 145 144 149 151 155 162 155 71 49 51
164 167 177 172 156 171 184 158 144 123 92 106 156 178 186 149 139 183 176 149 97 98 96 98 86 152 183 186 186 172 188 195 139 93 56 77 124 107 54 79 98 104 98 135 164 83 85 113 165 156 104 162 227 223 200 143 168 146 128 204 211 135 150 148 173 203 225 225 221 160 129 137 211 168 100 149 178 133 200 222 205 121 104 182 210 129 114 185 193 167 178 133 94 92 90 166 197 181 126 127 118 120 131 145 181 206 208 158 104 68 74 95 97 98 83 73 83 116 153 155 146 144 160 154 152 136 70 59
158 172 164 151 178 189 169 168 144 120 117 124 116 121 118 69 111 162 152 140 126 113 101 92 66 136 175 181 189 181 195 209 142 91 74 81 101 115 76 79 92 101 97 111 82 91 148 157 192 141 113 141 199 210 225 233 221 131 122 142 195 183 142 141 127 147 219 222 220 164 132 109 124 137 109 142 214 212 214 215 203 123 95 158 165 90 103 159 170 161 156 106 72 77 79 156 177 149 93 111 114 118 121 166 196 208 195 166 141 112 94 82 98 102 79 69 73 86 109 135 155 126 113 135 132 120 82 79
143 164 165 145 185 184 140 164 163 136 116 86 45 57 113 101 139 136 145 145 127 118 118 116 69 97 163 182 180 180 193 215 149 89 64 64 112 102 68 82 96 123 104 75 77 131 204 215 165 148 161 115 182 228 232 235 194 145 123 158 235 222 140 110 100 125 218 201 198 174 111 153 170 140 110 116 200 215 215 210 137 109 114 111 89 96 133 136 170 145 137 67 62 64 85 152 158 121 78 99 108 115 116 194 215 213 153 132 143 145 133 110 100 78 80 83 69 88 86 92 115 112 106 84 115 143 137 93
124 159 162 175 172 170 129 127 168 136 160 170 112 40 97 111 103 131 153 137 128 122 114 117 108 99 118 159 175 178 182 206 153 86 70 69 68 77 94 95 125 149 131 93 137 110 118 120 170 155 108 162 198 219 233 230 213 202 129 139 212 185 104 99 142 193 225 153 112 117 109 163 230 223 148 103 167 218 214 212 200 129 131 109 91 117 111 119 125 123 82 52 55 53 96 152 154 112 77 93 100 109 131 197 197 192 129 131 129 143 145 133 121 89 133 117 78 74 77 85 97 103 116 91 132 154 176 173
125 157 163 162 125 122 97 138 164 144 160 168 157 120 66 142 110 135 141 132 124 126 94 112 108 111 112 154 150 167 176 165 115 89 70 80 74 69 89 114 126 131 125 126 152 163 163 169 229 171 110 137 156 150 211 230 225 223 145 104 112 110 133 121 169 231 222 170 116 106 108 126 204 219 137 146 116 162 216 215 216 158 120 131 120 116 101 116 116 115 57 63 47 43 100 142 149 106 70 88 98 103 149 191 195 167 125 118 129 139 141 149 154 124 149 144 102 57 70 82 84 88 101 124 150 146 137 165
95 88 114 150 119 118 114 136 159 159 165 167 170 174 119 136 115 135 129 126 136 109 97 118 114 109 110 126 129 159 161 128 90 90 82 90 58 71 86 123 149 163 174 206 214 126 117 158 230 153 115 171 185 147 165 218 227 203 111 120 150 153 161 110 135 221 222 219 203 159 113 132 122 124 125 161 103 114 171 218 215 135 129 151 102 106 99 109 110 98 65 51 41 40 79 115 132 88 79 97 107 101 166 174 191 158 109 117 116 119 126 175 215 157 134 139 128 47 48 99 69 67 90 133 164 132 114 113
68 35 44 121 126 115 124 146 151 161 164 166 171 179 145 104 103 91 143 127 130 108 103 112 114 113 119 120 85 115 157 88 80 77 131 157 142 102 74 148 197 213 225 226 224 139 104 171 230 185 115 111 179 169 116 184 226 214 121 107 177 233 197 102 108 178 220 214 216 191 108 105 123 105 141 142 113 102 122 211 196 106 119 151 93 83 87 93 101 106 125 107 50 41 53 57 83 66 62 94 83 108 156 166 182 132 99 107 105 110 126 210 224 210 181 149 131 132 151 166 65 79 99 119 143 129 93 55
70 68 104 150 126 108 122 155 161 168 174 156 160 183 142 76 117 67 137 141 120 122 103 93 105 112 120 125 63 40 96 166 135 81 121 154 203 123 85 189 184 167 217 228 200 121 146 221 226 215 120 134 152 180 106 144 228 226 148 94 179 229 217 132 129 106 205 213 215 196 109 103 187 192 118 189 140 96 111 202 179 120 99 132 66 62 70 79 89 109 143 136 64 47 43 32 45 77 61 53 51 84 148 157 154 119 97 104 100 97 128 215 228 223 224 167 157 177 184 186 127 102 99 106 100 81 81 59
124 129 123 153 148 115 113 151 148 198 188 142 162 187 117 68 132 93 93 127 115 113 112 93 87 109 120 128 65 45 74 94 153 136 90 130 153 109 124 131 122 134 136 140 139 116 115 195 231 201 122 134 170 186 156 188 226 224 184 97 131 217 205 109 102 92 145 214 215 188 104 105 180 204 119 208 207 103 96 180 169 140 82 85 43 43 55 62 84 97 121 85 65 69 64 50 40 95 93 64 44 67 130 141 130 77 116 101 91 95 125 209 217 219 172 127 171 172 157 194 152 128 99 74 131 151 134 80
132 131 136 161 142 137 120 159 153 188 201 183 183 181 93 69 118 121 89 121 123 111 114 115 112 111 114 118 112 58 66 87 97 135 142 151 199 161 147 179 137 160 120 145 216 156 101 122 163 121 104 126 167 169 199 226 220 220 212 117 98 148 143 118 153 110 97 208 213 207 117 101 188 207 125 198 176 91 106 165 152 146 78 54 38 33 58 71 85 102 103 81 71 107 108 99 58 89 91 86 44 40 73 112 127 72 71 85 99 83 134 194 195 197 121 111 152 179 182 188 138 96 104 112 163 186 120 78
127 129 153 164 107 157 144 161 146 171 183 188 152 125 88 75 105 132 122 107 123 111 121 118 103 112 113 110 121 102 111 138 121 114 127 207 251 178 160 232 154 148 129 199 234 217 120 97 113 104 107 194 208 128 133 195 221 219 218 131 94 98 93 152 201 178 102 167 209 213 130 104 198 175 88 190 164 84 96 141 140 133 76 49 36 67 76 102 100 90 108 133 133 116 94 112 86 55 76 81 52 59 52 80 96 72 48 76 96 89 130 176 185 173 101 121 137 145 184 178 90 82 134 149 168 182 82 156
138 134 140 141 95 145 162 125 143 179 190 183 146 120 72 72 100 136 123 92 112 115 121 122 102 112 114 110 114 122 173 195 199 171 97 129 171 140 160 232 194 149 113 204 226 230 196 140 141 176 142 188 230 194 101 123 210 214 219 143 97 125 142 107 135 122 113 163 207 200 197 121 161 153 112 166 167 122 96 124 136 122 60 33 61 96 102 88 101 89 93 126 117 47 108 147 84 40 51 64 128 145 103 68 83 76 52 55 66 67 132 165 174 134 101 103 106 110 144 156 88 113 154 151 180 161 84 183
134 135 127 132 112 129 164 118 156 177 178 190 151 100 46 89 99 124 136 102 89 121 124 117 108 108 125 140 146 179 216 226 185 158 132 121 130 174 151 152 136 121 130 216 221 207 155 167 98 188 218 169 214 185 107 102 155 216 215 124 119 200 212 122 101 142 116 152 206 198 159 114 133 137 158 108 140 125 110 132 122 99 56 64 116 103 88 77 100 116 81 93 122 92 121 126 151 88 108 100 155 146 104 75 74 85 56 60 58 54 120 157 151 125 107 104 98 136 152 152 113 135 153 153 196 170 169 180
111 113 119 123 116 123 163 135 133 180 177 181 137 75 111 107 117 101 139 98 70 100 119 115 112 145 203 220 174 183 220 215 120 115 212 220 209 249 187 123 111 165 218 217 209 121 107 140 102 194 229 170 155 140 98 102 133 213 216 154 110 206 213 193 187 193 103 143 200 197 148 96 93 174 159 107 99 95 108 107 76 57 82 107 128 103 57 88 123 120 80 67 122 122 89 116 163 107 135 137 134 96 104 116 76 105 72 98 101 82 85 112 130 105 105 104 101 132 143 141 112 145 150 159 177 140 216 166
111 110 115 114 118 152 144 161 155 187 154 143 103 99 154 156 162 126 126 111 76 71 107 106 143 203 208 232 208 200 219 214 202 177 159 222 122 177 162 159 123 202 220 220 207 132 107 167 106 136 217 192 108 165 147 100 116 207 203 176 89 136 163 195 203 169 109 143 192 185 176 106 90 165 158 160 105 65 85 88 95 87 90 119 109 82 70 70 74 89 90 82 106 97 108 146 138 116 122 135 121 132 147 154 124 124 100 111 123 106 90 86 105 94 73 79 83 97 118 160 167 155 149 168 149 156 192 180
124 113 131 117 125 166 122 143 155 177 182 161 85 76 123 130 105 83 118 118 63 107 160 125 180 213 209 228 226 218 217 221 228 229 142 196 152 90 121 167 171 204 216 208 208 197 192 208 123 93 167 157 129 195 218 128 104 193 208 188 108 100 100 109 170 144 117 155 197 177 181 106 85 119 109 119 58 47 83 129 103 77 67 80 76 68 69 75 73 87 79 98 163 144 134 142 116 126 150 131 119 161 161 157 125 77 109 88 144 166 152 118 95 65 94 100 82 60 95 148 157 180 158 124 133 161 188 127
138 130 128 130 156 159 119 136 162 156 160 145 79 65 92 87 64 69 91 95 102 146 155 169 209 223 224 221 178 213 213 208 229 232 190 142 158 98 124 112 157 197 196 205 203 210 217 218 169 103 132 165 141 146 201 111 111 193 192 198 142 105 172 159 135 168 136 173 190 155 154 127 69 93 95 81 44 88 131 145 100 53 61 73 122 128 86 75 90 91 102 130 180 172 114 93 80 91 104 138 81 135 160 143 124 96 87 49 114 185 160 91 62 60 80 101 73 73 120 131 120 122 129 81 134 153 179 135
123 124 128 127 170 136 119 123 149 162 153 118 105 144 171 161 151 137 118 100 117 140 135 203 205 148 195 227 219 229 215 155 207 225 220 147 105 120 168 148 99 158 165 203 208 197 204 216 195 120 129 157 103 102 145 101 91 162 182 190 128 121 183 172 153 171 148 153 160 141 126 99 104 115 128 113 62 105 137 151 85 91 93 123 111 150 84 89 82 84 93 108 146 161 101 112 91 93 117 132 64 114 153 137 132 108 88 61 73 91 92 55 59 74 55 61 78 85 96 100 110 100 103 56 166 126 154 181
138 116 117 137 165 121 137 133 142 135 119 116 135 162 166 173 170 164 152 141 124 109 140 212 193 162 191 203 223 235 239 207 207 216 220 148 173 159 133 171 82 99 115 110 149 180 179 203 206 137 95 121 171 128 113 117 98 157 189 161 102 77 72 81 153 142 104 89 119 89 93 108 128 139 124 122 93 111 130 108 63 117 83 129 132 161 119 130 82 66 96 85 87 152 155 131 89 91 131 138 127 135 147 131 108 93 110 93 115 72 120 100 100 65 64 93 102 118 118 75 64 133 78 84 178 113 132 163
156 138 108 161 140 143 138 139 110 94 70 99 188 203 172 178 174 147 133 146 113 113 184 215 208 218 165 143 222 235 237 238 226 206 211 132 204 147 71 126 161 132 108 91 128 160 141 118 145 139 111 103 169 162 146 120 85 137 167 157 126 103 53 86 109 70 49 45 55 85 106 126 131 142 123 132 143 74 127 164 81 90 90 116 112 139 139 141 144 107 93 100 58 112 153 124 76 99 160 197 236 198 157 142 60 75 104 93 112 125 133 128 144 98 73 92 99 124 155 79 122 180 164 180 172 113 114 124
148 139 142 187 136 148 147 93 77 71 48 79 140 135 136 141 109 72 67 83 106 117 149 209 210 214 156 179 229 233 235 230 239 208 203 157 211 171 81 122 199 165 158 94 119 147 169 108 109 101 106 72 108 113 104 74 69 86 72 75 73 73 55 51 48 51 49 51 77 99 111 120 124 147 146 124 94 65 147 153 138 84 79 94 100 118 112 138 163 155 118 130 84 111 111 113 130 189 201 235 236 195 134 142 133 96 69 106 95 122 117 112 121 178 146 122 113 146 128 96 147 128 155 170 199 112 93 92
147 140 189 169 142 134 115 81 77 58 63 96 62 65 79 70 48 43 45 77 119 130 107 164 217 211 186 222 227 231 236 234 240 203 138 195 216 212 137 128 181 137 115 78 148 189 204 127 93 82 91 95 97 58 48 49 42 39 47 46 40 66 88 52 40 53 51 82 104 106 110 117 126 136 131 97 106 114 174 100 104 122 77 101 97 71 108 141 178 192 126 117 84 108 94 124 202 208 206 221 241 212 138 152 141 111 107 128 112 117 122 109 119 165 143 185 116 98 76 119 155 152 172 185 205 188 75 88
157 166 188 134 139 100 82 79 69 56 112 141 99 53 49 43 46 39 72 110 120 144 133 134 215 218 218 223 222 230 231 233 238 202 104 148 183 198 112 160 175 70 76 110 157 168 166 96 92 92 100 105 120 111 83 88 45 58 77 47 35 47 54 58 49 41 68 102 95 111 114 116 107 106 103 87 136 127 151 99 76 126 97 70 102 125 97 134 170 182 160 87 96 95 93 142 187 203 196 228 237 232 170 170 117 123 167 110 86 85 102 101 90 101 132 150 110 76 88 155 153 162 184 180 143 106 95 93
130 194 156 130 97 67 62 52 52 110 156 164 140 116 75 70 68 73 94 109 109 124 129 125 166 181 217 226 214 176 204 221 236 178 81 139 156 200 82 152 88 46 56 87 132 155 120 71 86 97 99 113 129 117 131 101 60 114 105 75 65 40 53 70 68 48 70 92 95 137 126 108 95 95 99 145 131 174 170 154 127 88 61 104 215 142 89 100 157 170 137 125 142 108 96 99 153 184 189 218 235 213 91 105 75 86 124 98 131 120 139 121 119 120 105 124 132 69 102 137 146 160 147 134 128 78 77 93
162 194 120 82 67 82 78 52 91 120 139 129 121 116 62 64 64 106 112 97 110 120 127 113 115 134 161 193 139 104 128 147 210 130 80 129 128 203 89 83 72 66 77 98 106 133 113 75 71 81 99 114 121 121 130 136 122 148 140 59 92 57 63 93 112 60 47 71 115 120 82 85 145 157 177 197 144 129 151 106 118 80 79 143 159 100 105 69 104 108 93 113 123 115 112 135 139 181 210 229 245 215 133 85 114 99 86 169 192 123 149 149 121 107 122 142 182 57 81 123 137 136 128 131 117 52 62 86
187 107 74 82 143 153 115 59 74 113 119 129 129 96 51 63 112 129 106 97 111 126 123 108 122 136 131 123 107 124 107 119 133 92 89 98 86 144 77 84 114 107 101 101 99 99 114 158 151 93 86 105 101 133 129 136 134 124 169 160 83 92 69 127 216 175 69 68 156 126 80 114 158 156 203 206 194 79 75 79 86 57 73 98 103 120 133 143 112 67 81 97 89 86 85 136 126 176 213 224 244 171 143 139 148 147 155 187 182 101 109 108 93 89 150 142 165 101 133 110 113 141 147 115 103 89 66 66
164 160 154 174 189 154 118 62 54 109 121 139 131 90 66 100 133 104 99 99 120 127 121 91 93 129 124 105 111 101 129 126 102 73 76 101 107 86 80 116 128 133 130 118 112 99 80 86 156 116 67 90 87 122 126 153 156 113 144 212 126 151 131 171 180 191 156 116 166 150 115 142 142 174 194 201 205 82 83 88 77 64 64 119 126 119 130 154 183 129 135 71 55 67 92 127 98 119 215 238 210 110 136 169 127 119 133 139 158 138 171 149 70 98 138 133 125 144 141 89 72 107 103 57 80 128 104 57
188 168 163 171 156 154 120 59 53 98 125 142 128 83 61 87 133 96 86 116 133 125 101 93 82 77 115 101 87 98 103 105 93 71 69 106 75 49 107 137 142 140 143 143 146 126 101 78 83 75 45 55 69 77 72 121 122 130 188 209 148 186 171 180 152 162 153 133 159 158 104 134 155 166 180 173 217 133 89 98 92 71 82 96 92 89 95 127 174 120 114 100 68 73 87 119 74 78 137 140 135 110 147 184 121 142 129 133 132 126 128 123 104 133 142 129 118 149 140 109 44 51 53 87 87 101 95 105
172 175 171 151 129 155 122 88 57 67 113 130 127 93 80 73 92 102 98 114 134 108 96 91 96 95 88 86 85 97 100 101 78 63 66 61 42 44 115 142 150 145 143 145 163 153 131 103 73 54 58 39 52 49 58 73 104 128 190 197 184 195 212 214 164 133 133 119 134 132 98 103 129 134 138 142 207 175 127 106 65 70 58 61 103 78 51 101 153 132 70 116 85 55 71 114 53 54 52 75 112 99 146 167 161 154 106 93 71 169 148 93 117 127 112 103 128 141 127 122 77 35 78 112 108 73 99 128
175 184 192 151 128 120 116 83 90 82 74 123 132 81 78 72 62 92 98 89 92 85 84 81 76 76 71 80 83 97 100 75 49 42 44 50 51 51 124 157 148 149 147 151 157 154 142 130 107 73 43 64 63 58 59 69 97 133 185 163 170 201 204 225 171 128 123 125 138 134 70 75 101 112 147 156 205 160 98 131 123 129 83 65 97 110 66 85 140 184 92 93 91 58 50 113 96 169 189 133 70 86 125 148 134 164 114 59 65 144 170 208 167 119 105 99 132 137 129 135 136 72 109 114 109 52 70 119
168 183 182 129 110 118 140 92 135 104 70 83 84 56 71 73 78 87 88 112 100 114 104 74 63 72 79 59 68 78 62 45 34 37 40 69 71 73 133 154 155 161 155 160 167 176 157 144 143 101 63 100 64 62 73 72 86 109 207 168 141 178 218 230 151 130 126 136 139 144 66 69 100 115 181 167 178 175 67 139 215 183 212 213 123 128 94 66 104 171 124 84 76 75 65 63 131 190 199 175 78 96 82 81 103 185 186 88 109 146 188 197 203 131 130 103 120 171 119 124 122 72 121 137 119 72 50 104
163 182 174 166 140 128 128 98 117 112 94 67 99 62 52 58 78 80 71 84 101 111 84 71 81 95 116 90 41 58 73 142 74 49 56 85 117 99 124 150 159 169 173 200 205 213 203 148 144 124 119 116 78 59 68 72 70 98 158 144 107 166 231 244 171 99 126 128 139 149 130 68 94 123 137 107 136 164 114 94 192 160 210 226 196 138 147 88 116 75 141 138 146 117 91 87 162 196 183 170 113 110 67 77 115 160 132 93 103 172 176 181 207 117 105 79 97 155 143 137 136 107 110 137 124 80 40 99
170 180 189 170 153 122 124 93 79 92 88 92 115 79 58 69 72 92 84 56 71 75 90 100 102 93 89 56 34 81 95 188 169 67 78 94 171 140 103 124 146 163 177 206 214 200 197 146 138 112 125 132 61 90 70 74 78 96 128 124 123 189 200 247 190 95 120 130 144 155 128 69 85 125 159 115 137 210 191 174 157 181 194 206 205 131 146 119 79 73 70 96 163 185 181 94 104 164 177 130 100 129 74 122 214 175 132 79 77 164 192 206 227 124 102 115 97 133 148 165 135 126 61 74 103 133 85 120
191 178 190 174 161 117 103 95 93 120 104 104 102 60 59 62 57 91 114 106 83 67 91 88 74 59 54 42 49 106 154 197 117 60 101 97 158 131 190 183 150 173 166 210 215 212 166 132 136 84 82 83 93 107 123 88 97 101 112 117 133 153 216 238 208 105 118 131 138 131 90 95 74 116 188 141 138 209 196 206 207 209 191 192 185 148 125 120 121 82 106 110 133 177 186 161 83 93 111 83 120 211 193 137 187 176 196 171 90 163 176 190 193 107 76 174 109 139 139 177 97 106 65 66 175 242 237 209
199 186 187 169 178 140 160 94 110 113 106 116 112 72 86 135 78 78 114 145 158 52 58 74 59 40 68 66 44 105 160 113 51 108 122 103 147 184 240 193 119 126 141 207 219 210 165 145 137 93 89 93 108 117 159 83 79 111 94 125 125 149 212 244 224 107 133 102 118 88 83 135 107 129 174 144 138 171 207 214 212 167 136 124 141 142 163 166 144 121 87 127 128 175 169 195 132 98 90 128 212 230 221 147 188 181 149 173 131 126 151 179 143 72 71 132 88 128 145 171 113 71 125 147 227 216 224 235
185 186 184 203 186 186 192 139 112 104 100 116 117 99 98 125 94 70 123 144 156 51 59 94 98 60 115 106 82 36 67 57 45 85 109 191 233 233 229 226 102 98 114 165 208 211 215 162 122 95 116 116 92 123 135 138 115 107 67 105 116 134 187 234 191 103 121 76 65 81 121 144 106 114 173 174 122 135 168 204 172 139 140 110 114 115 147 189 172 135 104 91 130 188 163 162 171 114 130 229 222 228 209 142 179 183 165 120 87 129 139 128 104 89 121 111 82 125 144 148 145 130 159 166 195 206 204 189
193 204 193 213 203 179 151 147 113 83 98 110 149 126 111 116 83 96 121 159 126 41 43 106 116 107 150 150 110 68 59 51 80 143 145 207 245 223 235 241 106 91 108 105 147 163 145 124 86 107 104 79 84 120 138 177 147 76 82 68 120 126 136 188 130 99 120 82 103 106 95 100 95 120 163 182 132 130 190 216 112 106 102 114 123 125 126 139 138 150 128 83 137 171 161 153 161 127 137 198 216 230 212 98 149 166 119 72 68 99 131 108 91 88 97 82 78 113 143 141 140 135 162 137 177 180 173 182
191 203 195 211 197 189 146 134 95 79 104 107 134 171 184 121 99 152 114 151 145 55 69 112 113 121 139 185 117 134 85 86 156 160 156 219 237 225 226 232 147 136 82 85 123 102 70 91 81 72 69 87 73 80 156 194 140 78 116 186 113 126 128 131 94 92 142 119 133 154 153 123 144 106 97 165 159 111 190 182 108 75 60 104 185 152 142 143 185 162 145 84 98 123 144 179 135 125 79 123 202 240 213 66 97 163 100 68 70 68 80 149 96 58 71 65 94 119 134 142 132 131 163 100 106 156 145 160
193 198 180 188 171 183 155 115 88 77 80 82 141 201 167 119 145 124 171 205 147 95 105 121 130 125 166 202 125 107 107 118 156 166 147 224 239 235 229 209 167 225 64 107 128 123 60 107 122 144 134 152 132 97 159 192 166 76 139 215 190 113 120 121 105 120 140 133 193 214 205 198 196 147 70 104 113 77 132 115 73 98 70 101 163 189 175 155 159 164 155 138 63 73 79 144 203 129 57 49 150 242 187 49 64 85 90 87 73 81 71 104 121 68 58 74 101 106 139 141 137 126 143 115 133 153 115 126
186 187 201 208 162 206 207 109 115 148 42 95 193 176 140 127 154 113 144 160 132 103 122 131 123 142 169 195 139 116 112 145 154 160 115 189 237 237 229 192 124 186 90 70 113 144 123 142 147 146 148 153 182 126 152 182 193 95 128 176 176 79 88 119 154 142 134 122 185 209 218 217 220 192 96 76 87 70 108 160 115 107 69 100 111 162 170 139 159 182 155 162 114 40 92 194 236 147 71 63 79 146 173 159 82 53 101 99 77 69 54 87 145 141 74 112 112 95 151 147 135 115 131 135 149 148 145 169
231 205 244 253 191 196 204 118 127 179 47 142 204 138 125 133 115 101 154 144 99 89 131 135 126 142 171 200 149 149 119 179 191 125 133 123 157 188 196 207 162 135 101 102 196 156 134 139 134 132 137 140 174 108 118 150 188 120 126 157 185 149 121 169 160 118 123 121 151 201 224 231 225 196 114 81 71 97 168 213 135 85 47 86 110 118 116 103 128 173 173 175 124 94 171 197 245 218 141 104 81 130 183 236 213 92 95 86 83 98 125 206 235 180 137 198 205 133 137 135 113 93 91 131 145 148 144 123
239 242 245 249 211 158 248 237 171 205 99 115 189 174 185 131 87 124 186 218 189 104 137 138 139 142 194 196 155 170 148 187 200 137 199 203 179 197 207 179 169 130 162 176 214 140 196 188 129 136 129 143 165 127 113 117 111 98 131 191 210 206 186 150 126 163 154 113 67 100 131 145 139 149 110 119 117 95 148 184 119 86 44 59 102 134 103 94 112 133 161 164 98 140 154 204 200 133 108 89 119 169 168 226 202 108 136 127 83 143 186 220 236 228 178 153 164 135 98 94 87 76 81 138 142 143 144 129
243 243 247 250 200 159 242 248 143 151 125 56 127 165 162 129 78 149 208 193 193 138 139 142 132 145 172 195 168 151 166 212 171 114 229 231 200 230 250 170 127 173 233 243 214 121 116 140 123 127 157 146 144 127 135 181 139 92 131 161 209 203 204 133 134 182 191 157 91 89 79 76 67 107 106 125 102 73 98 104 93 117 125 62 69 204 176 71 74 95 123 100 93 140 169 199 127 107 80 101 177 173 139 182 190 147 139 151 123 158 162 193 196 197 201 105 110 95 69 97 95 76 110 147 143 137 111 92
238 246 249 251 215 147 235 235 150 70 57 73 78 100 78 85 74 162 214 223 192 99 132 132 121 150 170 182 189 155 184 239 222 95 207 222 206 222 247 202 143 193 227 225 236 173 100 100 113 123 164 90 111 114 121 134 100 56 80 132 186 167 172 118 164 167 186 147 93 112 122 107 90 127 137 106 151 118 127 119 95 149 131 59 121 213 227 195 81 54 69 55 59 106 130 128 101 69 74 131 163 135 135 184 196 196 175 175 152 142 176 169 192 227 187 108 116 109 132 141 145 112 97 118 134 112 79 96
224 244 250 246 225 136 223 181 126 89 181 162 127 144 75 97 76 104 126 131 74 53 118 126 125 141 164 180 172 234 240 235 228 110 179 224 198 208 238 189 182 225 232 210 242 227 113 81 103 122 134 73 90 110 103 85 92 87 77 77 134 117 119 134 180 157 141 123 110 84 83 85 105 114 120 104 111 169 161 87 91 154 113 79 174 211 231 245 173 37 45 59 50 65 116 102 58 58 111 136 142 118 156 190 182 188 173 173 155 139 167 188 198 225 189 152 183 163 147 148 157 147 104 107 108 99 60 127
222 246 249 246 240 112 99 104 110 104 212 138 90 91 122 100 77 123 176 121 75 51 92 111 113 131 166 170 194 245 247 239 232 167 118 193 208 193 196 170 193 230 239 225 248 171 131 94 99 129 109 94 70 90 103 86 90 111 134 128 61 84 100 85 116 96 116 133 116 118 81 93 99 106 118 175 171 113 121 97 107 92 90 116 173 193 222 223 168 66 64 81 67 104 151 130 123 118 122 126 112 114 167 190 173 173 166 177 164 139 159 177 192 217 171 146 165 184 175 161 150 149 157 126 107 89 72 123
182 199 241 237 243 131 71 107 106 119 156 105 98 108 131 74 98 145 221 170 100 59 49 86 97 115 134 86 165 208 232 241 240 209 115 146 170 182 169 155 192 221 240 248 193 114 114 102 115 116 99 90 101 135 98 142 87 83 134 155 136 114 117 197 195 83 102 122 129 99 91 113 87 82 134 215 242 209 113 88 113 98 111 143 162 170 193 185 126 99 54 76 139 114 147 152 142 130 116 130 99 119 169 196 185 166 165 173 172 110 92 123 156 193 170 155 178 190 175 155 152 129 145 148 101 62 47 106
149 177 210 229 239 125 101 93 109 119 151 103 105 96 143 123 101 140 197 204 115 76 40 54 64 68 57 45 76 142 209 236 226 167 151 135 153 195 174 152 125 126 165 188 118 117 115 128 135 120 174 128 104 127 133 159 137 102 65 91 131 173 205 245 247 142 153 132 123 75 89 104 93 106 182 205 230 254 151 94 135 109 105 135 146 159 179 178 79 85 73 108 115 119 133 133 129 133 137 121 96 136 169 182 178 162 173 181 173 103 49 72 102 154 150 174 177 189 179 158 164 132 120 149 112 48 71 70
218 221 229 241 219 123 81 78 103 122 153 121 100 95 164 141 59 90 113 154 98 75 61 100 75 49 94 152 158 99 95 163 149 91 171 155 128 145 207 160 136 181 169 127 112 141 123 171 142 168 161 136 100 111 150 129 157 153 76 153 185 181 218 236 245 176 176 191 150 76 89 75 55 133 184 205 240 252 172 133 165 214 182 117 128 131 136 112 111 121 123 141 69 81 128 136 130 124 134 91 93 142 170 186 171 158 168 164 167 112 37 71 118 136 165 179 184 192 190 154 155 148 102 118 129 83 106 83
236 210 226 230 150 146 180 128 112 145 149 116 66 130 174 92 104 98 90 70 56 140 132 108 102 89 150 182 230 206 179 88 145 210 119 125 167 200 199 179 191 233 234 185 147 123 153 147 125 203 117 92 92 106 142 102 143 115 100 174 188 162 219 210 195 204 208 212 203 156 117 83 59 130 163 213 238 238 219 177 173 209 226 157 102 106 115 113 126 155 118 87 106 115 88 117 132 133 113 72 92 146 178 177 166 164 158 149 166 123 49 79 147 160 166 176 187 195 196 162 151 151 130 121 129 98 113 120
225 199 189 177 213 247 253 179 121 148 133 170 133 97 155 80 142 179 157 109 75 145 135 107 100 60 84 115 158 202 202 111 134 214 113 121 146 159 144 166 212 238 226 234 190 118 161 138 172 157 153 146 120 151 178 134 89 69 133 200 170 164 189 167 147 202 223 229 232 239 209 185 128 110 180 227 235 239 237 214 195 210 221 149 69 90 130 148 139 140 126 74 148 145 69 81 116 124 98 89 106 152 176 188 169 160 157 165 168 126 73 82 135 151 155 158 167 184 182 178 179 156 135 115 140 98 98 117
148 131 132 180 239 241 243 159 123 122 133 199 224 120 117 151 101 130 187 145 86 158 138 97 82 54 47 54 96 190 220 159 143 92 104 118 96 102 147 168 207 241 236 234 235 151 165 169 195 155 152 113 120 175 177 137 82 55 136 183 166 142 163 150 147 175 148 155 166 185 214 232 162 127 208 221 240 245 239 199 204 218 230 133 88 119 125 124 143 131 115 68 124 180 115 66 78 105 74 82 97 155 173 176 161 154 160 153 160 137 92 70 105 106 121 137 153 160 189 189 185 177 169 124 123 116 89 104
158 144 179 205 201 141 114 88 130 111 128 181 223 224 162 201 104 70 165 163 97 120 151 178 218 199 67 49 113 164 177 187 217 147 100 108 102 111 149 140 199 251 232 193 212 204 186 157 171 164 151 130 176 191 199 146 88 45 117 192 159 116 120 130 145 154 134 141 144 132 127 182 128 95 176 218 227 239 224 196 209 175 131 102 110 113 101 94 147 144 122 72 123 159 148 73 81 171 94 37 100 158 174 157 154 160 158 141 150 124 117 65 74 88 98 106 131 182 203 185 166 183 177 173 115 116 95 101
191 165 162 211 159 82 133 131 160 116 162 244 240 240 182 195 126 78 124 150 109 73 112 224 227 201 83 50 126 130 107 203 185 136 125 100 101 142 154 151 187 233 231 191 194 211 174 151 160 182 193 216 229 197 170 147 83 72 62 135 137 101 107 130 184 161 144 136 133 144 131 135 123 70 112 192 202 206 230 179 192 139 108 85 85 114 97 87 145 151 121 102 101 104 103 103 105 174 126 72 114 158 176 149 151 159 165 160 143 92 107 78 76 137 148 128 132 195 204 170 162 188 173 177 132 119 101 117
151 117 134 112 68 119 159 123 105 145 235 248 247 245 197 175 124 153 122 145 153 97 54 100 107 90 86 66 105 117 115 166 110 91 148 96 104 127 173 162 198 226 235 231 229 207 141 159 177 214 221 209 198 186 152 134 90 90 126 76 59 63 99 135 148 146 134 150 148 146 127 102 108 70 71 160 170 181 184 163 190 117 86 76 90 93 105 114 130 112 105 87 96 102 96 108 133 164 120 104 126 151 165 153 151 156 147 160 126 43 45 59 127 187 171 141 136 190 211 196 187 185 181 189 155 78 68 114
118 51 55 63 83 114 153 98 60 206 221 207 246 242 198 127 130 200 174 166 168 183 145 64 55 59 113 71 65 92 116 87 98 130 132 110 98 103 166 154 208 205 238 193 219 184 147 173 179 180 175 181 181 187 161 140 79 97 104 91 57 57 82 157 153 142 134 149 148 129 141 177 163 130 73 162 139 113 122 116 172 119 70 58 95 96 142 145 97 62 105 88 106 106 121 121 162 164 128 107 133 151 160 159 143 135 126 133 107 44 45 44 143 158 149 112 120 175 203 198 181 180 181 187 183 113 43 111
218 117 67 83 93 113 149 92 115 226 188 185 245 241 176 102 136 184 179 136 173 181 180 164 67 103 103 73 77 83 123 87 99 98 109 99 69 88 148 167 182 220 243 212 227 174 156 168 159 168 171 183 181 163 159 130 119 195 104 106 89 50 97 163 143 145 138 139 135 120 184 210 206 202 131 126 68 44 107 70 132 107 50 58 75 94 115 139 94 113 124 79 84 137 136 137 165 154 127 93 121 148 151 142 126 125 122 132 88 43 86 54 126 131 112 90 118 167 194 163 163 178 167 174 184 145 67 122
240 191 67 86 108 118 117 82 146 218 182 212 255 206 101 100 150 200 196 108 158 191 184 214 125 102 87 94 134 93 129 135 133 78 100 93 109 108 134 152 163 181 206 226 230 162 108 147 148 171 188 171 168 162 158 101 181 248 218 89 78 88 124 169 121 123 145 138 93 148 192 194 219 205 191 131 75 40 55 52 92 93 51 65 78 91 113 116 94 172 192 110 123 128 103 117 137 124 96 64 84 117 118 111 113 116 115 116 78 54 98 65 85 96 84 100 120 158 186 179 176 158 153 171 183 154 80 121
247 180 68 87 106 117 112 90 153 198 194 227 243 121 106 89 159 224 186 75 107 140 164 193 133 61 89 96 140 141 140 147 143 115 144 128 148 141 127 141 208 206 151 222 238 161 90 116 163 171 204 162 156 157 105 104 209 243 252 180 64 102 124 184 149 106 93 66 102 168 197 204 237 184 144 170 92 59 46 63 68 76 70 76 89 54 81 85 82 110 121 148 188 176 145 95 76 102 84 63 58 63 83 96 141 178 166 111 62 62 102 87 79 67 92 112 119 149 165 174 165 152 151 165 173 164 100 113
244 118 59 95 114 105 123 187 190 198 223 231 177 108 110 90 160 218 152 48 102 123 169 152 59 54 83 93 152 145 145 149 139 138 116 113 142 132 149 144 170 186 175 205 231 155 99 59 128 151 137 135 148 119 68 115 212 232 239 216 138 90 105 177 229 141 100 108 138 183 216 192 217 222 147 169 79 77 78 66 67 117 182 166 194 164 66 91 143 121 128 173 207 169 121 113 96 98 98 113 115 56 53 135 202 224 225 161 125 85 98 83 72 79 78 124 132 149 164 156 161 148 151 149 147 154 127 123
196 68 54 96 105 113 141 203 213 212 222 168 148 197 148 97 164 212 123 62 102 123 150 116 42 58 111 142 102 132 163 186 165 137 125 101 124 90 123 144 151 147 178 186 213 155 135 89 63 111 123 115 96 108 101 122 227 226 236 181 184 97 86 124 218 138 135 143 148 197 207 209 211 237 172 150 66 66 65 80 77 184 255 249 239 246 122 109 146 139 203 217 211 191 205 112 91 110 119 150 146 107 105 181 182 178 180 174 206 129 75 63 59 78 58 134 128 144 169 157 150 138 126 125 135 129 124 120
101 68 54 93 103 121 117 157 216 224 168 154 184 231 122 95 169 199 102 63 82 91 108 64 63 72 158 173 112 125 160 198 201 186 155 119 100 91 101 143 121 132 121 124 123 155 119 126 132 122 119 76 85 105 79 164 236 227 229 176 151 135 99 56 144 134 183 159 152 187 203 205 212 206 158 111 60 77 73 80 81 156 230 242 239 225 100 94 114 173 244 236 233 213 197 113 94 108 84 145 136 107 142 185 183 167 167 168 203 164 92 100 126 118 87 135 124 148 185 146 137 150 126 127 138 131 116 92
64 92 97 105 87 111 135 154 173 125 140 153 206 221 118 102 163 190 92 131 177 161 113 126 104 116 182 185 122 94 136 164 193 201 203 151 111 133 156 129 94 179 138 121 135 156 156 146 133 131 110 95 71 63 72 191 232 244 247 212 153 140 111 47 83 111 151 155 146 179 208 188 228 193 155 82 69 112 100 64 68 67 136 192 218 140 85 100 110 195 235 247 217 139 123 109 97 87 69 98 104 88 155 160 165 153 159 161 196 154 112 131 148 151 132 128 123 158 197 149 147 156 143 142 129 140 112 111
112 91 84 103 90 107 144 159 154 48 114 142 142 210 113 100 157 161 101 173 195 207 125 157 163 158 173 221 174 61 108 138 154 178 176 192 132 132 165 133 136 171 143 151 142 139 157 138 104 122 108 106 96 84 124 201 239 239 247 241 176 126 90 52 64 86 111 132 129 152 191 175 210 193 171 83 81 160 147 86 91 105 104 118 117 70 77 91 115 187 226 245 204 111 97 95 113 114 117 67 52 88 166 150 154 138 149 149 173 125 126 127 135 148 151 115 126 157 169 154 161 146 142 141 124 131 107 143
161 64 63 95 97 115 140 170 153 39 103 144 203 190 89 70 141 87 118 185 201 142 89 164 222 214 196 217 152 68 78 114 126 127 121 101 79 132 181 142 141 150 143 140 144 133 132 126 88 117 111 111 61 89 197 223 233 227 244 250 204 133 83 72 74 85 123 134 136 145 183 182 212 220 187 91 94 125 155 132 152 153 148 150 143 99 91 127 112 174 182 164 165 114 105 138 141 159 169 94 53 113 149 143 138 130 143 140 150 115 128 138 135 133 133 105 133 139 122 129 133 123 120 124 122 113 111 151
212 78 79 91 104 125 139 159 133 131 188 201 197 181 106 110 80 119 114 143 130 80 108 178 181 204 213 200 141 93 58 58 76 96 85 62 82 130 170 190 202 178 152 138 131 124 122 132 109 111 113 119 83 147 180 230 239 237 248 251 217 155 76 118 91 65 122 135 151 142 187 194 215 241 197 77 84 76 121 155 147 160 169 172 161 146 157 210 198 145 92 105 144 115 117 145 154 177 199 136 81 124 133 130 128 131 140 119 125 117 134 145 143 139 132 90 117 108 101 98 92 91 96 97 92 90 120 151
224 90 80 97 114 110 119 137 196 188 196 242 175 114 138 208 119 98 91 74 150 131 137 172 143 167 198 160 117 79 96 86 91 140 115 87 80 114 196 242 250 227 158 144 106 123 131 127 114 116 108 107 98 155 173 232 237 242 247 249 212 172 127 167 100 63 116 133 140 142 194 195 202 210 181 92 70 79 150 159 156 171 179 170 142 147 175 188 195 189 90 95 145 129 129 152 148 158 187 165 96 132 123 108 121 129 120 101 103 116 136 148 138 139 135 76 77 94 96 91 84 81 76 73 68 75 117 140
235 93 90 79 104 108 127 186 198 194 225 222 222 106 104 178 141 62 89 113 176 164 185 188 130 174 147 128 91 92 152 125 133 139 132 107 130 156 211 248 247 245 215 166 80 109 116 135 165 173 133 103 87 155 157 198 210 229 247 231 193 168 127 120 79 127 129 137 153 153 159 194 199 162 184 149 81 124 161 163 173 177 173 143 139 148 184 177 159 195 145 104 128 139 144 141 136 144 152 133 118 116 105 102 108 108 92 95 95 124 136 138 137 145 136 81 47 82 90 87 77 74 71 66 53 76 106 132
207 95 83 54 95 102 162 172 190 225 218 201 241 130 93 155 168 107 104 131 197 167 202 221 196 239 184 89 113 144 179 165 135 127 101 76 132 200 245 241 242 236 225 155 94 108 102 111 166 188 181 155 83 151 155 184 169 210 237 191 165 132 107 121 96 159 134 143 143 151 192 191 155 127 183 182 127 152 160 159 167 177 155 124 132 152 194 192 174 168 146 91 84 140 133 126 133 142 144 125 119 110 106 116 109 115 112 103 104 125 133 138 140 143 140 107 58 64 96 104 93 70 70 73 41 77 103 124
145 90 51 52 85 132 165 156 211 229 215 224 237 158 94 162 211 78 73 155 242 154 195 241 237 234 184 73 103 148 145 150 127 110 118 114 107 212 225 233 238 242 165 106 119 118 117 81 183 243 246 232 159 138 147 178 169 172 190 176 135 112 114 108 130 164 143 135 116 133 152 122 108 131 160 150 137 146 162 180 170 168 133 127 130 164 208 202 186 158 133 108 68 116 133 123 129 137 140 132 114 111 98 120 127 130 111 100 118 129 134 139 136 139 134 114 80 53 95 131 125 103 89 76 60 89 103 137
101 61 50 43 85 162 158 163 210 228 223 226 244 209 102 170 147 119 141 168 181 110 137 243 236 235 233 119 101 119 122 128 101 115 161 131 82 211 240 200 211 193 137 106 111 133 129 92 178 246 249 247 229 127 90 142 149 149 133 103 78 114 125 89 134 166 130 123 127 110 77 79 128 152 167 156 132 158 167 179 158 139 120 129 129 167 200 163 150 151 133 120 76 89 125 136 128 132 133 134 113 108 80 129 159 113 102 101 117 139 144 128 125 141 133 110 95 66 62 115 123 119 101 87 88 89 110 160
100 83 83 94 130 165 153 163 186 232 235 229 244 224 92 115 150 184 211 211 207 200 144 207 228 230 219 160 139 139 101 90 97 145 151 124 85 152 172 94 77 101 113 101 123 134 136 111 149 246 249 240 217 183 129 116 145 168 143 66 84 107 107 111 126 174 126 107 121 77 53 110 138 154 170 173 134 167 162 163 142 128 120 130 139 156 155 134 141 143 131 108 60 68 105 136 133 137 135 137 123 108 81 160 171 103 106 99 109 136 143 134 132 137 124 105 87 76 46 69 106 107 107 91 97 90 126 164
140 186 134 132 150 150 158 161 167 214 242 238 246 149 74 122 158 163 206 228 228 251 233 220 216 221 228 239 236 215 186 143 124 154 157 125 103 109 185 123 61 84 128 116 142 119 120 115 128 238 252 216 179 172 165 189 216 219 230 144 91 101 153 209 148 178 159 121 119 98 62 134 144 156 171 175 130 157 149 147 142 135 122 132 146 144 125 118 112 99 82 67 44 70 88 115 136 141 140 137 136 102 95 176 141 98 103 79 102 127 132 140 138 130 114 99 69 72 49 44 62 89 97 79 81 93 138 159
169 211 135 100 144 163 161 156 172 202 242 245 211 65 89 139 158 164 200 220 233 243 230 224 219 219 215 222 214 235 241 245 221 129 151 129 135 208 250 244 152 134 150 175 229 174 115 117 147 220 212 207 191 166 183 202 199 216 249 198 87 119 207 253 204 168 191 195 154 130 83 133 150 157 178 198 146 139 150 141 143 132 113 131 140 111 90 79 76 61 70 96 68 85 80 95 118 140 147 134 138 98 130 182 112 99 104 61 79 121 126 134 129 120 110 91 73 71 66 52 47 47 64 68 77 119 135 152
177 175 97 109 152 181 172 159 150 174 217 238 128 61 112 160 184 185 210 210 233 236 229 231 231 211 204 216 216 226 209 227 252 206 99 108 122 222 249 252 220 182 141 172 216 220 106 109 150 179 137 194 184 191 196 186 219 247 252 188 83 151 223 250 240 170 153 164 156 144 104 117 147 161 168 199 160 129 145 140 137 127 94 103 105 89 98 102 106 94 108 142 110 107 70 78 104 126 150 138 148 107 172 176 107 100 99 51 49 97 118 136 131 122 109 76 47 84 136 95 79 60 58 75 91 127 123 135
159 142 89 101 145 177 168 162 144 160 202 173 60 83 124 169 193 200 201 211 230 226 230 236 228 211 204 223 237 212 196 214 245 244 122 107 98 165 237 251 201 216 225 200 192 184 108 134 159 165 111 177 191 199 205 212 237 248 230 126 104 181 230 249 247 154 116 121 114 135 139 129 150 177 147 137 152 127 137 129 117 96 71 114 113 112 123 127 129 133 129 124 118 152 97 61 94 109 126 103 110 118 177 143 115 99 116 109 84 88 99 119 123 108 101 79 77 137 177 175 151 110 84 79 86 121 112 118
209 162 112 58 123 160 155 159 140 169 199 98 51 97 142 192 191 184 210 211 233 231 230 233 226 221 215 243 237 201 197 217 246 246 112 91 102 109 199 225 214 226 241 204 174 157 145 160 151 129 114 186 190 196 197 220 243 220 166 165 170 181 214 248 248 137 124 121 110 156 167 142 149 183 149 107 123 127 89 88 133 131 120 143 139 133 139 138 145 142 138 96 97 153 140 83 84 100 77 55 63 112 161 136 120 97 144 172 160 119 87 100 101 95 109 128 153 176 181 190 178 136 101 89 79 109 111 122
252 223 91 53 127 161 152 149 145 174 154 52 56 119 162 221 202 178 210 215 237 237 222 225 229 231 226 246 238 214 195 229 250 231 113 95 101 112 133 157 218 236 228 164 150 100 107 135 122 77 99 180 179 174 165 182 202 166 151 190 160 178 191 231 212 118 142 151 140 144 149 133 148 150 134 104 63 90 73 88 149 157 159 146 140 136 143 137 136 140 145 108 70 137 153 123 111 76 46 41 40 92 142 145 115 102 157 178 175 151 91 81 95 129 174 179 176 185 199 199 188 144 104 84 72 94 112 123
244 240 118 108 140 158 147 156 191 162 71 62 91 153 172 219 201 178 198 210 226 229 231 221 227 233 221 245 241 212 212 240 248 188 129 127 111 113 155 149 202 239 197 147 137 79 137 158 143 125 124 133 158 157 134 113 131 179 212 197 126 172 186 164 115 102 149 159 144 127 134 141 145 142 130 117 65 79 77 111 156 134 161 150 140 139 142 138 137 137 139 126 93 145 146 127 135 67 43 59 39 74 139 153 112 127 164 182 179 174 121 64 101 153 196 180 173 174 167 162 179 155 108 88 77 84 102 114
244 233 132 126 108 133 119 175 221 119 60 72 100 164 187 188 171 176 182 199 210 220 232 235 224 209 216 245 241 226 234 249 226 122 122 122 111 152 207 149 196 238 183 180 164 84 134 155 154 151 169 145 98 97 64 58 129 156 184 198 105 135 156 114 116 109 133 157 125 81 128 148 151 149 146 131 120 117 120 149 177 139 147 156 151 148 148 142 143 136 137 141 127 141 150 110 121 78 63 73 55 78 139 140 113 150 162 178 173 166 162 98 82 102 139 150 157 181 163 136 162 156 117 102 84 76 106 112
251 200 142 149 145 115 89 141 174 134 83 75 96 142 182 180 168 179 183 192 203 206 215 222 210 204 222 236 246 247 246 249 176 101 130 146 111 152 177 132 165 229 203 184 190 154 131 142 171 210 238 209 83 60 83 105 124 122 133 150 121 111 108 102 129 117 114 130 133 111 133 143 156 150 145 132 114 132 163 178 212 181 155 160 151 148 156 152 148 152 140 145 144 124 150 107 112 90 107 96 66 74 124 121 135 157 161 163 163 162 172 144 82 86 100 115 139 187 163 143 149 155 152 121 94 97 127 101
218 148 146 125 205 144 79 151 161 156 100 76 79 101 170 183 182 178 184 192 199 197 208 214 204 205 233 236 245 243 242 226 121 128 157 167 160 152 124 99 120 187 206 197 205 204 219 233 242 242 234 188 95 99 152 146 142 137 141 152 148 139 142 132 132 136 139 135 136 139 145 126 125 143 144 120 77 131 183 182 210 158 156 162 150 152 152 150 151 167 167 149 147 115 118 92 111 97 125 116 75 78 85 104 159 158 162 156 161 163 165 162 101 80 103 126 138 153 147 145 141 161 184 145 105 108 124 100
125 144 114 107 143 116 72 118 170 149 79 66 76 89 128 188 182 180 180 186 190 193 210 210 203 210 235 248 245 242 229 143 106 145 166 154 173 175 138 93 103 143 176 194 196 222 245 244 228 216 223 197 104 140 186 158 154 148 140 149 136 122 132 133 137 141 136 131 145 146 149 126 81 129 135 81 60 119 180 161 171 133 151 150 153 161 152 144 152 154 197 185 175 144 97 90 125 118 123 122 85 83 65 107 163 163 168 156 155 170 167 167 123 71 119 145 138 132 141 144 141 157 173 155 119 98 110 105
108 129 91 115 118 124 78 86 104 100 75 71 78 100 72 172 196 182 180 175 181 189 187 196 208 226 245 246 245 246 184 94 123 150 171 160 156 160 164 127 118 160 169 190 213 237 228 209 206 192 211 196 110 149 185 175 145 150 146 141 129 116 123 124 134 145 141 135 153 149 153 139 81 72 90 66 57 87 112 100 95 128 161 157 163 160 160 145 149 166 199 183 195 190 114 145 184 188 163 128 89 78 78 116 155 163 164 159 163 183 180 171 153 90 117 144 155 135 136 135 146 152 151 150 149 108 76 92
