116 117 117 118 119 119 120 120 120 121 121 122 123 122 123 124 124 124 125 125 126 126 127 127 127 127 128 128 128 128 129 129 129 129 130 130 130 130 131 131 131 132 132 132 133 132 133 134 134 133 134 135 134 135 124 114 107 111 116 118 117 92 88 108 111 94 57 61 59 55 55 53 63 81 70 63 56 65 67 56 56 87 97 60 58 65 67 64 57 52 54 58 65 52 66 72 58 62 62 64 76 57 61 70 84 86 73 77 73 77 61 51 56 52 54 71 67 67 80 75 75 76 70 88 73 59 51 40
119 120 120 120 122 121 122 123 123 124 123 124 125 125 126 126 127 126 127 127 128 129 129 129 130 129 130 130 131 131 131 133 132 133 133 133 133 133 133 134 134 134 134 134 135 135 136 138 139 138 132 122 124 117 98 98 79 79 95 104 102 86 79 83 92 98 94 84 93 94 103 107 107 106 112 102 70 65 57 52 53 63 96 59 67 69 56 54 51 46 46 47 49 56 90 104 89 66 54 52 60 60 59 64 63 72 56 70 76 60 51 46 45 48 81 92 61 40 52 57 62 63 60 82 90 81 46 47
121 122 123 123 124 125 125 126 126 126 127 128 128 129 129 129 129 128 130 130 131 131 131 131 131 133 133 133 134 134 134 135 135 136 135 136 136 136 136 137 137 137 137 137 138 140 138 130 115 92 77 100 125 125 114 105 104 101 113 114 125 129 95 97 101 93 88 73 106 91 76 79 85 92 76 52 52 53 50 43 45 52 47 51 60 73 64 58 51 51 74 72 60 69 71 82 93 70 45 46 54 54 51 52 49 50 50 52 50 49 53 53 51 49 52 50 47 42 45 45 48 50 54 49 47 53 42 40
124 125 125 126 126 128 127 128 129 128 130 130 131 131 132 132 131 132 132 134 134 134 135 134 135 135 135 137 136 137 138 138 139 141 141 140 140 139 140 140 140 140 140 139 140 130 73 59 54 56 58 64 93 96 66 56 58 59 59 54 55 57 56 62 77 72 55 50 54 59 51 48 52 70 65 43 55 56 47 46 50 46 48 64 92 122 100 50 54 54 84 120 123 93 70 93 79 46 42 54 56 53 51 52 53 78 53 54 53 54 55 56 58 56 52 47 48 46 46 45 48 56 59 51 45 42 45 40
126 127 128 129 129 130 131 131 132 132 132 132 134 135 135 135 135 135 135 135 137 137 137 138 137 137 139 140 139 140 142 135 131 123 123 132 139 141 143 143 141 132 131 124 125 103 55 59 54 60 63 59 63 66 52 52 52 52 53 52 57 50 51 61 97 82 71 81 91 109 125 118 98 85 57 49 49 46 44 54 52 47 54 64 59 111 79 49 60 67 67 83 125 113 55 58 49 50 43 51 55 55 58 59 56 59 49 48 51 52 50 49 50 50 52 46 46 40 48 55 61 64 64 50 41 44 42 40
130 130 131 132 132 133 134 134 135 135 135 137 137 137 137 138 137 138 138 138 140 140 140 141 140 140 142 145 146 146 106 86 78 57 62 74 96 106 75 76 86 105 90 88 77 68 64 61 58 57 61 56 51 54 57 49 43 45 49 49 49 54 54 53 94 133 126 112 89 84 90 122 96 67 54 49 44 42 41 49 46 53 55 60 66 112 74 51 59 57 56 62 79 77 52 50 48 50 43 56 59 59 63 61 58 52 52 55 57 57 48 44 42 45 47 43 45 53 65 70 69 67 64 49 45 44 62 63
132 133 134 135 136 137 137 138 141 141 142 143 142 142 141 142 142 142 141 141 143 147 141 135 144 147 139 119 122 82 55 60 56 53 53 53 56 71 54 49 81 121 115 116 81 51 49 61 56 59 67 62 56 60 63 57 48 45 44 44 46 51 52 49 58 97 108 96 86 58 64 97 49 52 64 62 60 53 49 49 45 46 53 58 66 122 90 61 60 59 59 55 72 51 54 49 50 48 46 58 61 62 63 61 60 53 53 54 52 52 48 44 43 43 43 42 49 59 62 60 55 54 51 44 43 42 86 69
135 136 136 137 141 136 139 133 99 94 104 117 122 133 139 131 130 138 147 148 141 117 87 80 130 137 87 52 59 56 48 53 55 63 85 95 105 99 72 49 98 120 116 86 50 48 47 68 53 58 74 81 73 62 66 61 54 48 45 40 44 51 51 51 52 84 74 73 82 67 81 56 47 49 59 62 60 59 61 57 48 54 55 58 62 122 91 61 58 60 56 55 66 60 46 46 47 43 46 53 59 61 60 57 57 55 53 52 53 50 47 42 41 41 41 53 56 57 51 53 43 40 41 43 57 71 85 65
138 139 140 139 106 79 108 95 55 68 60 52 55 65 72 90 109 115 101 124 93 60 72 96 121 75 83 63 53 49 49 57 59 73 123 105 66 60 56 61 65 71 93 56 51 49 45 66 57 51 62 74 67 64 72 61 50 49 46 41 47 55 54 52 51 64 67 48 51 68 71 44 44 46 59 62 58 53 58 55 51 58 53 64 66 116 78 53 56 59 58 54 52 60 53 53 54 45 47 47 55 55 54 54 55 60 58 55 58 54 50 47 43 42 58 64 61 51 47 41 41 42 46 53 79 75 64 60
141 141 143 137 65 60 70 74 82 106 114 95 79 86 72 126 135 98 99 92 73 68 102 149 149 104 135 90 54 51 57 58 56 63 98 53 50 50 48 59 59 51 49 47 47 48 52 63 57 56 61 68 60 59 67 56 44 49 47 44 48 55 53 53 53 55 54 49 48 58 50 44 46 47 57 59 59 58 53 52 54 59 58 68 66 103 80 50 56 63 65 50 49 52 51 52 52 53 50 48 50 48 45 53 50 53 50 52 57 59 55 50 51 52 60 59 45 43 44 45 46 44 42 51 55 56 55 49
143 144 145 142 67 52 52 55 62 63 63 60 60 68 76 126 106 75 110 102 106 87 83 106 129 83 65 65 54 52 53 59 56 57 49 44 49 45 44 50 58 55 45 46 51 47 53 64 56 57 59 62 59 57 60 48 47 49 45 46 51 55 56 54 60 62 54 51 50 56 49 42 49 55 58 58 59 58 58 57 61 66 63 67 68 70 74 54 57 64 54 43 49 51 49 50 47 46 46 45 46 45 47 57 48 50 46 44 49 47 44 44 44 57 65 58 44 50 53 54 53 49 46 49 74 60 60 43
146 147 147 143 66 54 51 52 59 53 58 54 47 67 86 105 88 84 72 51 57 76 52 68 83 53 54 56 50 50 47 56 54 57 49 46 54 49 46 50 55 57 49 56 58 54 48 54 52 58 58 60 57 57 58 46 51 53 48 44 55 56 56 59 67 65 56 52 53 63 50 43 45 59 66 67 64 61 62 61 64 69 67 61 63 59 55 53 56 53 49 42 50 55 55 54 47 45 48 44 47 52 54 58 56 53 50 46 44 44 45 48 53 58 59 52 53 56 55 53 53 49 47 51 61 45 68 44
149 148 151 147 68 53 51 45 58 54 52 59 43 45 63 67 60 51 48 59 49 57 72 61 47 54 56 55 53 52 48 53 54 56 50 46 55 47 46 49 54 50 48 53 48 48 50 55 52 49 56 59 56 57 54 44 52 51 50 46 49 47 51 59 70 68 57 54 56 61 49 51 51 60 68 68 63 68 65 64 61 68 67 58 78 64 71 69 58 50 57 47 51 57 56 50 51 49 50 51 51 57 54 57 58 52 52 48 50 50 49 52 61 53 50 51 54 54 54 53 51 44 50 55 50 44 69 45
152 153 154 147 65 50 49 44 52 52 47 59 44 46 49 43 51 55 47 58 52 58 92 69 51 65 59 56 52 54 48 52 53 52 47 48 51 47 45 50 51 50 43 45 47 43 51 55 55 49 56 59 53 52 50 47 48 46 49 47 49 49 46 43 52 58 55 51 54 53 48 54 51 56 62 61 58 58 60 55 52 54 59 63 72 62 70 69 48 46 48 50 51 51 52 52 49 53 44 47 47 46 45 48 49 47 48 47 48 49 49 49 54 54 55 53 51 52 54 54 48 49 55 55 55 63 60 39
154 155 157 148 62 50 49 44 51 53 49 46 43 45 51 48 52 61 50 53 54 55 60 43 47 57 51 59 53 54 58 53 46 48 46 45 48 46 46 47 41 43 43 44 45 47 46 44 50 52 58 55 67 95 94 80 71 71 52 52 61 67 84 70 69 72 57 52 51 46 44 46 48 50 52 56 53 50 50 52 98 112 74 72 90 87 91 84 85 70 49 44 43 45 48 47 45 48 43 43 46 49 68 75 68 72 48 42 45 46 47 51 54 57 53 50 50 50 52 50 51 55 57 55 61 66 53 41
157 156 162 143 55 49 48 46 49 55 55 60 67 45 44 43 44 47 44 45 49 55 57 51 59 62 54 57 51 53 64 61 49 44 43 45 56 51 46 44 45 44 46 48 50 52 45 43 42 48 49 59 80 88 107 118 127 119 109 101 108 108 119 118 116 122 106 94 108 93 89 80 80 63 53 56 58 63 84 81 102 110 78 88 98 90 97 106 101 106 90 65 53 50 54 55 46 46 51 59 80 82 70 75 68 83 80 54 52 53 52 48 51 46 49 55 51 53 53 55 59 67 66 60 60 63 58 41
153 141 136 98 56 47 45 48 58 89 111 110 100 64 54 63 45 45 48 54 68 57 46 49 73 72 86 104 87 104 117 110 89 93 72 73 69 58 49 48 46 49 57 56 53 51 50 55 63 73 98 113 105 123 111 96 112 121 133 123 114 97 110 109 121 111 110 114 134 138 144 130 117 110 107 117 121 114 117 121 103 100 89 94 96 92 92 84 111 98 107 112 105 79 88 115 92 102 97 98 85 62 55 55 49 51 96 117 107 101 98 87 92 80 48 44 44 46 49 52 53 59 56 60 54 50 52 39
112 81 58 49 51 64 77 100 120 125 124 116 102 108 102 83 78 78 98 100 106 116 96 82 70 83 105 133 143 120 99 114 112 115 80 51 49 53 70 69 85 114 114 102 95 100 94 102 116 119 122 118 121 116 112 117 120 122 114 115 110 112 122 119 130 105 96 124 131 145 124 106 125 133 128 108 117 98 85 110 119 113 100 90 98 109 109 97 108 120 104 132 115 107 103 102 121 109 90 57 59 62 61 63 59 58 83 116 107 110 114 112 101 118 110 100 102 105 101 101 61 56 51 53 56 71 69 47
110 85 71 87 102 115 120 112 112 103 106 110 112 114 107 116 119 126 106 108 102 128 117 116 117 110 78 76 119 118 124 121 118 122 115 104 87 101 121 130 129 124 121 123 119 117 114 117 119 113 109 110 109 112 115 122 112 111 99 119 122 116 120 122 111 108 102 79 70 103 103 98 89 118 125 86 95 106 99 105 116 120 111 112 111 111 94 101 99 105 108 122 107 99 89 99 102 98 65 48 54 59 56 54 55 94 102 104 85 84 89 105 95 101 99 115 106 106 107 102 54 48 61 70 77 83 87 54
119 107 110 120 123 114 110 101 89 96 126 115 112 113 116 119 119 114 103 97 118 116 113 106 144 155 128 98 107 121 132 124 131 129 125 126 129 127 111 119 120 123 118 121 126 123 117 115 114 116 108 114 111 101 118 117 127 121 108 119 123 124 131 122 126 122 123 94 85 86 105 102 95 100 87 91 118 103 94 93 113 115 113 115 122 122 94 89 107 110 106 113 107 103 103 112 105 107 118 95 77 72 72 69 85 114 110 82 73 69 73 75 72 94 108 104 88 94 97 102 92 89 83 88 89 88 89 56
116 117 114 114 121 109 113 122 108 123 131 124 120 121 116 113 148 113 123 122 126 114 127 87 87 166 130 114 113 121 123 126 134 131 122 122 131 149 147 125 128 126 126 124 119 118 110 110 107 112 113 108 117 105 106 105 122 117 117 121 119 114 115 107 113 114 130 132 120 113 120 123 121 123 133 130 119 102 104 112 104 103 102 107 97 115 111 109 108 108 103 91 96 94 99 110 118 116 122 119 102 112 106 106 107 108 83 82 77 94 88 77 85 86 102 100 101 87 89 110 109 107 105 98 94 93 95 56
111 112 114 129 118 118 111 114 122 130 124 124 117 128 129 115 133 133 121 123 127 111 128 88 78 113 112 128 128 114 111 146 137 138 144 133 110 125 133 121 131 123 123 126 120 121 126 123 117 133 136 115 126 126 128 125 130 120 115 124 121 124 116 104 115 128 148 141 132 135 128 128 127 128 128 129 128 121 107 112 128 122 116 122 110 105 119 115 112 112 105 100 106 109 109 131 156 141 112 119 118 113 116 111 94 93 102 118 111 124 129 112 98 86 106 111 112 99 106 105 98 97 111 100 102 98 87 55
116 119 113 119 119 123 124 127 134 121 114 138 130 131 137 158 143 129 122 127 131 125 121 126 116 123 121 144 122 122 119 134 113 97 116 123 110 125 122 129 127 129 125 131 127 120 128 129 122 118 123 130 122 128 124 130 127 131 128 131 131 133 142 166 179 179 178 179 180 177 174 160 140 126 131 134 122 120 127 115 114 117 120 121 106 127 122 131 120 123 121 120 123 117 106 95 97 99 110 107 110 114 119 124 109 84 77 119 148 122 93 114 137 129 126 118 112 106 105 104 101 91 81 83 116 130 75 43
131 131 129 125 129 120 129 131 118 113 120 125 120 92 86 114 135 141 113 99 113 129 125 133 127 128 128 117 124 128 126 136 142 125 125 123 122 126 110 109 106 116 118 129 137 148 152 143 131 130 126 120 136 130 97 109 116 110 117 113 139 165 175 174 173 174 176 179 184 186 188 190 187 170 141 135 132 129 119 127 122 121 130 140 132 128 121 127 118 110 104 112 117 110 118 119 115 103 103 105 116 114 107 112 107 99 86 68 99 103 131 152 152 152 158 154 111 100 105 108 104 106 106 108 93 92 92 55
122 127 123 115 124 124 121 111 101 114 137 134 124 91 97 107 111 98 111 117 116 124 128 129 133 132 114 112 121 138 150 139 132 125 120 108 118 121 128 124 126 128 132 138 154 153 144 124 123 128 119 116 123 127 119 118 139 120 117 131 152 154 151 153 159 164 170 173 178 184 189 194 193 194 186 150 132 119 122 127 124 124 102 147 158 146 104 157 80 62 69 72 79 114 111 125 143 125 114 103 109 100 101 112 116 105 129 126 90 89 76 80 87 81 92 123 107 99 117 101 99 98 102 125 119 97 90 56
118 121 115 118 121 132 118 101 107 123 127 132 139 136 121 115 98 96 101 108 110 110 117 129 136 133 129 130 127 125 127 128 131 129 123 126 132 132 128 134 134 134 138 141 137 136 115 121 122 130 131 118 118 113 134 118 119 125 123 126 120 121 124 125 132 143 157 168 176 185 188 181 168 153 136 133 130 129 117 118 120 115 88 88 136 149 102 127 97 94 107 118 86 78 73 105 147 144 144 123 98 109 118 120 121 110 113 119 103 101 107 100 95 89 85 103 104 111 107 121 112 102 98 115 108 123 103 60
120 122 122 124 118 134 128 124 129 112 124 129 126 121 122 126 120 109 117 120 120 119 122 123 136 133 135 138 134 127 137 142 140 145 143 148 154 156 147 142 136 147 147 144 157 147 144 148 145 131 109 110 105 104 118 110 122 120 129 122 121 121 122 122 123 139 162 171 156 130 99 92 98 98 70 61 87 137 135 131 130 123 122 112 113 121 121 118 112 112 116 119 114 101 88 120 138 140 135 115 115 121 115 116 108 121 119 114 110 123 122 115 112 115 115 115 107 101 100 127 111 82 75 102 121 125 121 64
112 105 109 127 130 132 142 140 145 147 149 145 142 145 149 141 145 152 148 152 157 160 154 154 150 132 135 141 142 147 149 139 115 120 136 122 124 134 148 147 147 153 149 159 162 143 136 130 135 143 149 144 130 125 127 125 135 137 133 128 127 126 127 131 144 148 123 98 85 84 89 95 99 106 109 96 81 127 139 122 135 128 138 134 131 131 128 135 131 126 123 128 126 125 129 134 133 130 120 121 119 119 109 102 100 96 102 116 108 119 119 111 115 108 115 115 116 104 102 111 102 75 70 95 130 122 107 68
127 130 129 132 134 141 145 146 149 151 155 149 146 150 150 148 149 146 146 156 153 156 163 163 167 159 160 152 152 156 149 152 150 142 139 123 130 137 146 161 156 149 140 150 152 140 129 126 139 142 142 148 148 150 159 144 132 141 135 132 130 131 132 125 100 68 62 63 67 68 73 80 90 125 158 174 168 130 151 149 150 145 139 133 137 138 124 127 123 128 130 134 122 127 131 127 126 132 131 129 124 130 119 116 119 106 124 123 131 126 125 125 126 112 111 118 118 119 120 121 119 115 103 114 114 110 107 62
147 147 150 148 150 144 147 150 151 153 152 157 156 159 160 155 156 157 158 160 157 156 161 162 164 162 158 159 157 162 162 160 161 162 163 162 161 159 157 162 166 165 161 162 159 166 159 155 151 146 135 150 144 152 163 168 169 148 134 134 132 114 76 52 48 46 46 45 44 70 96 94 77 71 65 64 73 66 93 128 143 142 129 120 136 150 150 155 159 154 142 153 166 155 149 134 138 147 141 135 138 139 152 150 147 141 135 128 126 139 145 146 141 119 119 130 127 125 108 99 116 124 137 132 125 131 121 67
144 143 145 147 147 145 148 145 146 145 148 147 147 150 152 153 154 153 152 151 153 154 157 158 156 162 162 160 162 161 160 160 160 160 161 159 163 158 160 162 160 160 160 152 149 156 160 153 153 157 154 154 156 158 159 157 160 151 138 127 101 64 48 46 46 44 44 49 64 76 69 74 57 47 48 47 51 61 58 89 152 154 153 153 155 158 161 160 155 161 140 99 114 124 142 101 88 89 85 87 95 99 98 106 126 100 95 97 97 120 137 110 101 119 121 110 115 104 88 95 88 67 99 103 72 88 112 74
141 139 141 147 148 148 148 147 148 146 152 153 154 152 149 153 156 158 155 154 159 156 156 158 157 157 158 157 156 158 159 161 164 159 158 164 165 165 159 160 154 160 166 163 159 158 157 157 157 156 158 158 156 157 160 159 162 158 116 98 68 50 45 45 45 47 48 53 59 52 46 51 57 57 57 55 67 88 103 109 128 155 152 146 146 135 129 138 155 154 160 139 138 137 150 142 144 138 122 101 84 78 82 78 72 71 74 69 72 71 67 61 60 70 67 61 62 61 56 59 62 60 56 56 60 66 76 57
144 147 149 146 149 149 146 145 145 147 153 148 149 155 153 151 151 154 157 158 156 155 151 154 156 159 160 155 157 159 163 155 152 153 157 160 161 155 158 157 156 160 160 162 162 158 156 163 160 163 164 162 166 165 168 170 162 112 76 78 60 54 46 47 50 57 58 73 88 111 107 72 69 85 83 87 99 120 144 161 159 178 190 182 158 127 142 162 170 169 166 173 179 187 186 187 180 176 180 176 157 129 101 80 85 87 87 75 76 76 81 83 72 70 75 71 71 68 65 63 69 68 66 60 68 70 66 44
137 140 136 132 135 139 143 145 135 128 139 147 147 141 138 145 148 141 147 162 165 167 165 159 147 145 156 155 151 151 160 157 157 164 169 175 180 176 173 177 172 177 178 178 174 178 178 178 174 157 168 150 160 164 150 172 112 85 98 81 73 72 54 56 55 50 52 63 67 68 86 115 78 70 72 79 83 101 133 149 124 189 190 184 171 160 151 134 116 107 108 128 131 150 176 186 186 183 175 164 161 169 149 145 96 80 82 77 78 76 84 80 70 66 71 70 71 67 64 56 64 78 86 111 138 128 118 65
143 141 143 146 152 157 156 157 147 143 145 144 135 133 136 143 135 133 153 154 161 164 164 172 162 160 166 177 182 178 177 177 179 181 174 178 177 174 174 174 177 173 173 176 176 163 168 168 164 149 141 131 121 141 154 131 105 71 74 72 69 90 90 78 65 62 53 55 68 73 70 97 90 71 73 72 72 77 90 85 129 192 190 171 140 111 103 97 99 98 97 93 128 130 115 131 181 173 172 177 172 173 137 159 174 114 94 100 103 93 128 124 108 100 84 77 71 80 113 124 133 146 157 140 100 90 105 66
141 131 128 136 133 130 151 163 160 155 157 152 149 155 165 168 175 174 179 175 177 179 178 176 179 183 178 176 171 173 173 165 166 166 165 169 172 171 172 173 174 175 174 155 156 153 167 159 157 174 160 156 162 144 145 132 98 67 58 55 55 84 87 75 85 81 73 69 68 70 68 86 109 72 71 67 71 69 67 72 147 193 189 165 120 93 100 97 99 100 94 91 107 148 97 91 114 157 167 157 178 188 172 139 181 182 157 131 103 80 75 99 153 172 165 158 112 92 82 110 158 148 139 123 126 137 122 52
138 133 143 156 157 160 163 171 174 177 173 175 174 174 175 171 164 171 170 172 170 168 169 164 162 168 166 166 169 167 169 169 170 171 173 169 147 162 170 176 176 180 170 182 180 163 170 173 172 173 151 134 136 139 145 150 139 137 103 103 115 121 76 74 76 85 82 78 76 73 71 69 76 66 66 70 70 70 66 77 132 178 192 175 90 89 98 98 99 102 92 87 75 138 108 93 90 99 143 161 151 172 167 157 167 185 175 114 78 83 80 75 96 107 102 85 68 71 62 74 88 77 68 62 67 75 59 42
168 169 174 174 168 169 167 161 160 165 163 164 164 162 163 163 161 165 165 164 168 165 169 169 167 166 169 167 167 175 172 176 182 175 173 180 147 154 170 167 164 151 164 131 159 144 150 153 152 142 148 152 165 162 154 150 157 147 140 168 173 136 88 69 76 87 89 81 82 79 76 71 67 62 68 76 76 75 74 91 130 142 177 148 80 88 98 100 96 104 92 84 90 100 102 91 93 84 107 140 155 164 176 169 171 182 183 179 93 73 75 74 75 77 74 72 69 63 67 71 65 63 69 60 60 60 54 42
156 156 154 154 155 158 156 153 154 157 158 157 163 166 167 167 172 176 171 164 159 187 188 181 178 182 173 183 166 177 179 181 192 191 188 171 172 184 166 157 170 159 163 166 148 149 146 158 151 140 149 142 144 151 155 158 158 175 165 132 137 130 154 94 65 93 96 88 86 84 82 75 69 67 74 79 80 80 78 96 103 114 129 102 86 87 99 98 94 104 94 77 128 84 90 91 94 81 103 153 168 170 169 168 177 180 180 184 166 84 70 75 74 72 71 73 71 70 70 68 67 66 65 56 61 67 75 51
157 159 159 163 168 160 168 160 170 175 173 166 169 155 143 160 170 171 180 178 172 182 182 183 171 156 168 166 165 176 167 131 140 173 167 183 176 160 168 159 167 161 138 132 153 164 158 160 161 146 151 151 144 143 129 146 160 127 123 137 135 121 140 140 73 99 81 89 93 91 85 78 72 70 66 71 78 76 85 85 46 53 74 86 93 96 101 97 94 101 98 76 95 79 93 91 94 84 83 118 123 173 173 172 183 181 177 178 187 159 89 88 89 82 73 73 81 78 73 69 65 61 57 80 129 154 146 63
158 169 178 171 167 169 171 171 180 171 177 181 183 175 177 166 169 160 130 121 143 143 147 161 153 122 145 170 170 146 156 123 103 108 132 178 196 155 121 170 170 168 179 163 164 172 152 158 161 157 159 171 166 163 163 140 118 94 107 97 90 110 93 88 69 64 56 69 80 97 97 82 73 62 70 74 58 92 152 71 50 78 95 99 102 100 102 96 96 98 102 74 83 80 93 92 94 89 80 98 94 107 172 188 182 181 171 171 179 189 137 71 72 73 73 77 74 73 64 64 80 100 105 113 115 130 92 49
166 166 160 134 140 146 159 163 157 141 129 142 140 151 164 170 166 174 170 171 137 137 176 183 183 171 154 148 163 180 178 176 175 168 170 161 164 125 109 178 196 185 196 199 196 192 193 195 189 180 183 180 190 197 188 194 183 153 152 150 139 93 69 64 59 55 52 54 68 76 98 91 76 76 88 96 77 92 114 58 74 98 98 99 104 102 104 95 99 97 104 91 73 85 89 96 94 93 84 96 92 93 125 180 180 181 171 161 167 177 183 95 69 99 105 84 74 83 100 102 126 160 159 152 149 142 78 48
147 139 148 142 147 133 128 136 149 152 161 161 154 150 153 154 169 161 156 157 163 161 161 165 145 141 111 105 148 194 203 196 186 199 193 155 158 170 181 196 195 137 145 160 164 166 125 129 149 150 159 142 138 150 131 112 159 148 128 120 128 134 64 60 60 58 52 58 63 66 74 89 89 89 95 96 96 109 62 69 104 96 80 97 106 105 105 93 94 88 94 100 95 84 82 96 97 97 89 94 88 94 109 169 175 175 172 160 159 166 178 158 116 133 146 156 139 90 119 157 155 156 142 144 124 123 134 56
136 112 135 147 145 140 138 138 143 146 157 145 156 155 166 151 167 162 157 169 166 142 114 136 138 76 80 84 91 110 138 152 156 196 177 152 186 200 198 194 191 171 133 156 142 175 147 120 134 137 158 184 164 163 153 107 124 146 161 175 181 131 60 63 61 57 52 59 61 66 76 89 88 95 99 78 70 100 59 92 106 106 67 96 105 105 103 100 99 88 92 92 90 83 75 85 100 97 96 95 90 89 94 142 176 175 170 162 150 160 167 178 129 98 107 120 138 136 128 138 126 95 97 134 156 148 134 61
170 183 185 177 168 159 156 152 164 162 170 181 178 136 169 191 170 176 194 191 168 135 86 79 73 82 73 76 83 91 85 119 154 182 141 138 155 165 188 192 188 189 181 178 192 176 160 172 162 174 141 157 145 145 158 177 186 162 152 166 136 90 66 65 66 63 60 63 63 58 65 73 81 105 87 71 85 97 89 114 106 120 95 90 90 97 98 97 97 97 97 97 93 90 79 73 90 98 98 97 94 89 85 121 178 180 173 171 167 157 168 173 179 178 138 122 117 116 107 102 145 150 151 157 165 104 91 62
189 194 186 181 181 175 173 176 161 142 150 173 166 132 158 167 139 120 122 120 105 125 108 72 81 81 84 89 95 95 135 190 197 133 127 105 90 101 98 139 180 175 161 178 191 183 167 141 110 121 155 144 146 163 169 163 173 165 157 168 143 66 68 67 64 61 61 62 61 54 55 58 81 110 78 68 99 84 105 115 117 112 101 86 90 100 103 101 99 99 95 93 90 85 82 76 74 85 95 98 97 90 82 104 169 177 166 151 157 173 170 173 174 177 163 149 141 142 134 126 170 167 155 165 162 113 93 53
122 149 158 182 174 174 174 175 176 177 163 176 174 101 82 93 127 125 121 142 125 104 98 67 70 68 98 165 182 180 174 185 155 73 100 98 92 102 97 111 123 159 139 157 187 193 193 175 170 160 164 184 180 181 184 167 168 152 148 153 171 148 108 89 73 65 61 56 57 60 56 52 85 114 78 75 76 84 109 115 118 113 93 84 91 91 98 103 97 95 92 90 88 87 88 85 80 73 78 87 98 94 85 93 154 173 165 156 156 168 176 174 176 177 179 172 175 176 170 161 165 168 138 125 149 129 98 52
84 90 124 128 145 152 166 151 143 153 169 198 194 175 170 158 140 153 146 130 158 128 73 59 108 171 180 195 195 195 190 201 127 65 84 102 97 98 91 99 111 115 108 134 148 148 178 186 199 199 191 189 173 165 162 163 161 171 176 177 150 174 196 199 191 179 171 128 89 63 62 61 103 101 76 89 56 103 109 108 118 117 117 107 109 88 92 96 98 101 102 95 92 89 87 86 84 80 73 68 85 96 89 90 137 172 158 153 149 164 176 182 178 179 180 179 158 156 158 147 121 121 115 111 137 123 92 51
84 96 101 87 93 100 116 104 82 85 114 150 150 142 169 190 187 193 199 183 182 177 150 134 165 180 184 168 154 179 161 155 91 71 77 87 93 92 98 92 95 96 103 111 119 94 116 149 149 159 163 175 175 181 189 165 169 160 180 187 202 202 204 201 198 197 187 196 183 81 67 70 95 61 70 80 81 115 111 96 111 114 118 115 116 120 107 105 105 104 104 97 91 89 87 86 85 84 79 73 68 77 86 91 115 171 156 132 121 131 136 160 182 180 180 184 160 100 125 144 135 119 125 120 152 160 98 52
76 77 74 76 71 74 81 79 79 84 86 90 93 92 100 102 119 166 189 201 200 183 173 200 208 199 196 170 120 153 187 136 63 61 66 74 87 90 94 97 98 89 87 108 112 112 98 99 100 108 96 103 111 134 173 189 187 183 180 169 180 194 202 195 162 160 163 174 175 177 109 76 124 88 94 78 99 117 115 110 118 117 117 119 112 119 113 106 105 105 105 103 94 91 89 88 88 85 82 77 71 66 64 74 100 129 146 99 106 99 95 98 152 182 177 178 185 157 134 104 130 154 164 136 155 135 82 51
74 87 83 82 82 90 94 86 83 89 77 90 94 99 104 97 116 114 114 134 147 179 192 191 183 188 186 178 180 170 152 83 57 54 57 68 79 89 96 95 88 90 83 92 91 102 99 95 94 99 93 95 98 96 93 107 139 170 184 187 195 203 201 194 175 185 181 174 164 161 154 117 112 126 105 84 111 116 117 109 115 120 119 122 115 115 118 108 107 107 106 106 101 93 91 90 88 87 82 79 75 72 63 55 94 100 111 96 94 92 92 96 141 180 181 180 180 177 150 130 139 145 137 117 149 151 110 50
93 107 95 60 65 67 68 76 74 85 83 80 82 87 84 90 99 101 92 94 94 103 158 168 155 150 189 171 173 176 160 61 58 54 57 68 72 86 89 84 81 87 86 83 98 100 84 97 98 91 83 91 92 91 83 89 75 78 102 119 120 133 163 180 179 202 200 187 181 183 196 197 123 104 98 101 114 114 119 112 113 122 122 120 118 116 121 112 108 107 107 106 104 98 95 92 89 88 85 83 82 76 72 62 87 100 93 93 92 92 93 111 142 166 177 179 177 180 162 129 123 90 81 113 93 111 122 49
118 124 102 67 57 59 64 68 69 81 82 83 83 83 87 87 89 83 84 98 100 106 171 179 162 153 154 161 181 178 119 75 79 74 72 70 64 63 76 81 73 79 82 84 85 87 89 93 92 82 88 93 94 89 84 87 82 80 99 88 86 86 108 117 139 195 194 183 186 194 200 176 125 85 94 115 114 114 119 116 109 118 121 119 116 117 117 116 109 107 107 106 106 98 96 95 93 89 88 87 84 80 76 67 76 100 93 92 89 89 114 133 146 163 175 179 179 177 172 115 129 140 120 163 129 130 118 50
108 124 110 76 70 67 59 60 66 73 74 80 76 75 81 90 96 99 101 94 97 101 147 171 179 180 177 178 195 199 187 175 110 82 85 78 70 67 72 73 69 80 84 85 96 89 118 99 98 84 93 102 95 109 143 160 175 172 169 162 104 87 125 124 128 154 175 167 142 188 198 160 109 78 107 124 115 116 116 123 108 104 117 118 115 115 114 114 111 106 102 100 101 98 97 94 93 91 92 92 87 84 81 73 67 96 95 92 91 94 103 149 168 169 172 175 178 180 178 141 123 149 162 149 146 126 118 53
118 137 153 165 180 167 116 106 87 85 74 66 67 67 69 77 78 77 76 78 90 95 119 154 175 189 196 196 199 196 199 205 189 104 87 77 68 66 69 72 72 71 79 104 110 110 139 108 116 96 97 115 108 122 183 212 208 184 190 187 175 189 204 204 199 196 192 185 189 195 170 143 101 79 94 124 120 118 117 122 118 118 120 120 117 116 115 111 105 103 105 105 106 101 96 94 93 92 91 91 89 87 82 76 71 82 102 99 100 99 96 108 147 155 168 174 177 177 182 156 122 152 140 123 136 103 108 53
158 179 189 190 188 189 192 193 185 186 172 147 140 156 123 97 97 99 103 105 115 142 181 190 195 197 196 197 199 199 201 199 202 192 182 167 132 116 112 119 123 127 113 111 133 158 170 164 182 201 203 213 177 130 149 173 171 139 155 198 190 196 205 195 193 202 205 202 206 186 127 113 102 80 94 101 131 121 120 118 121 120 123 119 121 121 118 114 110 106 103 104 105 105 103 98 95 95 95 94 94 90 84 79 79 72 96 101 99 95 94 97 132 148 159 169 173 171 169 177 132 125 122 114 129 114 117 54
187 187 188 188 185 193 193 185 189 193 194 200 200 201 201 199 196 199 201 201 203 204 201 201 199 199 196 201 200 198 200 201 207 208 210 208 212 207 210 211 213 214 211 199 200 203 202 204 205 207 210 203 204 213 184 154 153 181 203 205 206 207 207 206 205 202 201 203 202 149 119 108 91 91 96 93 110 131 122 115 114 120 122 115 117 118 121 115 111 107 104 104 103 103 104 100 98 96 97 96 94 91 87 82 83 78 73 99 96 95 95 95 127 151 150 160 164 160 170 174 152 139 146 151 149 142 120 52
188 188 193 189 187 191 192 193 191 188 193 196 197 197 197 197 198 193 195 193 192 191 188 196 194 196 196 193 198 194 193 201 208 204 206 207 203 198 201 197 197 206 209 211 205 209 206 208 208 208 205 207 203 205 211 213 212 210 211 212 212 210 202 203 207 202 195 196 197 141 106 117 77 97 97 89 93 129 110 111 108 113 118 119 116 116 119 117 112 108 107 105 103 102 102 100 99 98 97 98 95 92 89 86 87 84 64 73 101 101 100 96 122 153 158 149 159 174 176 173 162 156 159 154 151 155 114 52
189 190 186 188 189 191 194 191 190 189 185 193 197 190 192 196 197 190 194 194 194 195 197 199 197 193 200 193 200 201 202 201 178 197 198 196 196 199 197 205 184 188 207 212 213 213 207 208 212 210 208 208 212 210 211 213 203 202 203 185 181 196 142 159 149 118 107 139 141 118 99 111 89 83 84 84 127 144 64 103 133 112 113 115 117 116 117 119 114 109 107 106 105 103 102 101 99 98 99 99 96 93 90 87 90 85 68 69 94 101 101 102 121 142 143 160 176 176 176 178 182 166 157 148 148 156 109 51
187 190 190 185 175 173 182 184 187 194 194 195 195 196 196 196 194 193 196 192 197 198 199 196 199 201 203 206 201 199 203 189 149 194 201 202 202 205 200 202 204 202 202 209 208 209 200 201 208 212 212 209 195 200 188 186 185 120 116 104 123 156 101 104 102 112 138 149 108 114 99 74 70 93 93 100 127 132 153 199 205 146 116 119 116 116 117 117 115 111 107 106 105 103 102 100 101 99 99 100 97 94 92 90 92 82 68 75 79 96 94 95 99 140 168 168 157 161 182 186 181 176 160 153 147 158 113 51
190 190 193 188 183 179 185 190 193 195 192 191 189 194 195 197 191 195 197 194 193 197 196 200 203 204 201 197 198 203 202 178 186 196 213 201 201 196 184 176 180 166 163 204 210 202 206 207 205 208 208 210 201 204 206 184 137 153 165 153 169 141 124 138 124 127 129 127 114 117 126 60 51 71 104 116 144 169 211 202 201 184 131 121 119 117 116 117 116 114 108 107 106 104 103 102 101 99 99 99 98 95 93 94 93 74 71 79 68 84 92 95 95 103 112 104 101 105 121 157 178 165 155 144 149 166 115 50
184 186 189 192 186 186 187 186 190 192 188 183 178 179 188 183 187 189 193 196 197 200 198 202 198 196 200 204 198 206 209 211 212 211 210 196 192 179 184 188 183 184 188 211 214 213 208 207 208 211 208 202 202 198 197 198 181 149 170 174 138 124 128 137 162 139 93 103 108 127 134 65 56 62 101 162 194 202 203 204 184 181 147 122 122 118 115 116 116 114 109 108 107 104 103 103 101 100 100 100 99 99 96 95 86 71 76 80 64 80 89 84 86 86 84 84 84 85 86 94 157 161 158 152 163 160 107 50
182 187 189 181 174 180 186 190 193 194 191 183 182 184 186 198 192 187 196 202 201 202 205 186 143 179 187 193 195 202 203 210 204 205 207 209 209 207 205 209 210 215 215 213 215 216 213 210 180 191 209 206 207 195 149 158 151 154 180 156 139 150 165 162 145 134 118 104 96 118 123 61 57 96 172 156 164 184 193 188 119 169 155 124 120 117 116 116 116 115 112 109 107 105 103 103 102 101 101 100 97 93 93 94 76 74 79 76 66 62 77 89 83 80 80 83 89 101 104 98 156 163 166 146 153 165 116 52
176 182 192 186 183 190 187 186 185 192 186 197 199 196 192 194 195 200 203 204 205 203 197 198 193 187 195 198 202 202 206 205 205 205 207 207 207 206 196 207 205 208 211 208 196 180 170 196 211 200 204 205 208 208 144 158 185 181 190 197 196 198 200 158 98 119 118 117 106 106 106 59 72 140 205 124 143 164 170 181 102 103 120 131 120 106 119 116 115 115 114 112 110 105 103 103 101 100 99 95 93 91 91 82 72 79 82 74 70 63 66 89 97 98 95 96 99 100 97 106 160 166 167 155 152 159 112 49
171 187 193 189 189 185 183 170 173 174 183 196 182 192 194 196 202 203 198 199 200 201 198 198 206 202 201 203 209 210 207 201 208 208 205 206 207 209 203 209 214 208 197 190 175 157 184 194 194 186 204 217 210 188 171 202 196 200 204 203 205 186 144 110 90 104 109 112 110 103 90 59 62 138 194 129 142 169 176 195 172 142 140 133 126 120 121 116 114 113 114 113 112 110 107 102 101 98 100 102 99 79 83 76 81 81 76 72 70 65 60 74 87 97 97 92 91 90 88 99 165 160 158 163 159 165 110 49
179 186 186 177 180 182 178 181 184 181 186 192 194 196 197 196 200 197 197 187 191 191 192 197 201 204 208 209 208 208 210 209 208 211 202 200 210 212 213 207 192 188 185 186 201 185 166 175 187 158 143 163 195 210 209 205 204 202 197 202 169 115 99 110 108 97 97 99 99 106 125 157 176 206 207 206 202 201 204 203 197 199 203 173 136 129 123 119 116 114 113 113 111 110 110 109 107 94 88 89 76 65 67 65 61 56 53 51 49 48 44 56 88 90 87 84 91 100 135 154 162 154 151 156 161 165 119 51
181 185 188 187 186 189 190 192 190 192 194 185 197 200 194 188 182 185 181 170 187 201 204 207 193 177 201 207 208 209 204 209 209 210 205 199 208 196 183 184 181 180 188 176 164 152 138 146 172 154 133 137 144 161 195 214 202 168 119 122 104 108 98 93 99 96 94 117 147 177 199 209 210 206 206 210 179 158 197 205 201 201 205 194 92 94 100 116 109 107 106 104 100 98 97 94 88 70 52 47 42 45 45 43 42 43 42 42 42 45 77 86 97 97 94 90 119 146 159 157 155 142 158 159 155 155 112 50
183 189 190 187 183 183 182 189 193 192 197 200 199 199 196 180 169 156 179 201 192 197 207 203 164 160 187 204 205 206 207 203 211 198 183 164 163 182 161 145 178 183 158 157 176 156 134 124 122 124 134 151 151 147 135 145 139 125 110 95 100 104 89 94 92 109 115 128 128 135 199 207 206 206 201 206 127 109 154 202 204 186 183 153 62 52 52 98 68 60 59 59 52 51 49 46 44 45 45 68 93 59 45 44 44 44 43 44 44 45 90 98 98 99 96 96 117 150 169 176 166 121 155 160 159 158 106 50
186 188 189 191 192 188 193 197 196 194 198 201 200 193 176 163 147 164 204 201 199 203 205 203 195 195 194 201 207 206 197 200 213 191 163 176 183 185 168 151 156 164 177 139 136 123 124 126 127 134 143 139 151 171 154 156 117 79 80 109 120 107 103 134 116 139 124 152 162 188 207 204 202 202 202 202 115 96 126 149 165 171 147 75 61 57 51 63 81 82 51 51 48 48 47 43 44 46 44 124 182 156 122 92 73 62 54 48 44 54 88 94 99 98 95 94 109 159 171 177 144 145 153 150 159 170 115 51
185 182 187 193 195 195 194 193 198 199 200 198 174 158 129 130 144 192 190 199 191 193 206 207 209 210 209 205 197 195 183 185 182 206 215 205 180 169 180 163 171 139 128 132 154 138 133 132 139 145 159 170 157 127 103 75 86 115 82 68 112 130 128 157 156 170 169 196 208 207 204 202 204 203 200 203 138 93 100 103 131 166 80 56 55 56 54 49 47 47 46 46 45 45 45 44 44 46 52 154 178 177 179 175 164 152 141 78 42 71 84 87 94 101 97 97 112 150 180 181 182 165 150 155 160 167 110 50
182 182 189 182 188 195 193 187 193 198 198 198 182 169 173 172 172 190 198 200 201 199 204 209 209 204 201 204 205 209 213 204 123 97 158 213 207 175 167 145 132 127 132 144 183 177 151 139 153 170 163 109 73 59 90 130 106 93 122 133 137 160 192 207 209 209 204 203 204 204 204 202 202 203 204 206 156 103 125 167 189 155 61 56 54 53 53 53 48 46 46 45 45 45 44 44 44 44 60 152 173 177 179 175 168 163 140 60 44 78 88 81 88 92 92 95 122 140 160 164 176 162 157 162 165 168 105 50
190 191 188 179 177 178 178 176 185 188 187 184 179 184 184 183 191 204 205 195 199 204 205 212 212 205 206 209 210 201 187 190 115 87 82 101 176 219 197 153 135 134 140 138 143 157 131 102 71 68 66 57 56 54 65 104 127 138 132 158 203 212 210 201 202 195 203 203 205 206 207 205 203 200 190 190 170 163 183 191 167 114 54 53 49 49 49 52 51 47 48 47 46 45 44 44 43 44 48 66 89 109 126 131 130 122 80 44 43 45 50 58 57 57 64 83 102 120 127 140 166 175 167 161 156 163 103 49
189 188 171 183 173 155 168 171 175 173 172 176 178 180 184 189 204 206 190 192 201 206 206 195 196 205 210 207 210 197 198 213 211 189 167 112 73 118 196 221 190 152 142 164 188 176 81 60 69 58 54 55 70 102 132 138 125 103 89 92 139 195 206 206 201 203 202 206 203 195 189 185 169 167 164 117 150 166 146 145 129 70 54 52 50 47 45 47 48 46 47 46 45 43 43 42 41 42 43 42 42 43 44 47 48 47 43 43 42 41 43 57 55 58 82 115 128 134 153 152 153 173 174 167 151 158 98 48
189 187 165 154 142 139 152 169 134 147 177 191 194 196 201 201 207 178 180 193 190 170 133 108 102 124 166 196 201 202 176 147 149 191 208 205 160 68 77 147 210 216 186 154 94 70 65 120 129 99 78 115 138 136 116 91 75 77 85 89 80 148 211 201 149 164 171 173 173 168 163 172 155 130 113 82 96 121 106 106 96 59 54 52 50 49 47 46 46 44 43 43 44 43 43 42 40 40 41 42 42 42 42 42 41 41 41 41 40 40 45 55 55 58 77 106 130 116 139 150 154 150 170 171 167 171 104 47
168 152 140 149 159 173 182 192 187 200 202 203 202 203 204 207 197 184 195 157 100 90 88 84 78 83 90 116 114 106 95 97 99 105 124 149 205 110 66 67 97 170 212 167 86 58 53 70 112 127 139 132 107 82 78 81 83 91 102 105 102 167 196 189 132 102 147 152 126 128 132 114 105 166 153 95 99 116 148 171 100 51 52 50 49 49 49 49 47 43 43 42 42 41 41 40 40 40 40 40 40 40 39 39 39 39 38 39 39 43 73 58 52 50 55 70 111 108 100 98 134 148 146 161 166 170 104 48
177 139 144 200 198 198 200 200 201 201 202 200 190 200 204 201 194 203 202 125 82 92 88 88 76 86 99 102 96 91 95 95 101 96 93 101 202 160 79 82 71 65 96 131 143 117 104 134 139 126 108 85 82 86 89 90 93 100 102 97 135 197 171 121 107 97 115 120 130 150 140 121 122 117 134 112 139 139 128 125 80 50 50 49 47 47 46 47 50 46 44 43 42 41 40 39 39 38 38 38 38 38 37 37 36 38 37 38 36 58 84 58 47 45 46 49 65 75 95 113 113 142 138 119 157 167 98 47
196 153 104 170 189 191 195 199 198 193 192 194 201 202 201 192 183 154 113 96 95 95 95 96 98 97 97 96 87 83 90 89 78 75 77 150 209 198 109 77 68 57 52 64 102 134 137 116 83 79 95 86 89 97 97 94 98 97 96 130 187 191 112 92 100 108 125 137 106 122 154 121 99 100 101 105 98 87 91 88 70 49 44 44 44 46 46 44 47 48 46 45 43 41 39 38 38 37 37 37 37 37 37 36 36 36 37 36 37 66 76 58 49 47 70 68 51 54 95 126 99 136 111 127 146 170 98 46
181 187 174 169 184 187 195 196 198 189 190 196 198 192 139 103 99 92 94 97 100 102 99 92 93 93 95 93 92 89 83 76 72 75 78 88 153 198 177 88 67 65 62 62 62 76 73 59 69 90 92 82 75 88 97 99 100 105 96 101 123 123 91 81 83 97 101 110 137 172 180 130 102 90 100 99 90 88 105 102 64 50 47 43 41 41 41 43 42 43 47 45 43 42 40 39 38 37 37 37 37 37 36 36 35 36 35 41 46 47 41 74 80 51 142 149 47 50 68 132 111 100 124 113 164 165 96 46
191 196 199 200 199 201 197 198 187 181 196 200 198 148 91 87 86 87 91 93 92 95 88 88 87 84 84 86 94 94 91 86 76 78 84 87 102 113 106 98 74 65 59 63 65 65 66 72 66 72 68 59 82 79 83 87 86 86 88 87 111 85 84 104 123 139 155 164 161 149 126 164 139 98 96 88 89 96 95 88 55 49 46 45 43 43 44 41 40 39 40 44 44 43 40 37 37 37 37 37 37 36 37 36 35 36 36 43 43 45 46 49 51 51 132 143 56 47 57 72 88 69 130 172 171 163 95 44
199 197 199 199 201 203 188 153 151 180 196 198 200 203 177 150 102 78 83 89 87 87 86 88 86 86 87 86 85 88 90 87 83 84 86 90 91 88 86 88 90 91 70 79 80 78 79 80 77 58 60 84 95 89 92 98 111 95 102 104 89 107 139 145 138 139 134 131 149 150 98 96 106 101 96 97 90 104 103 87 51 49 47 45 43 43 42 41 40 39 38 42 43 43 42 37 37 37 37 36 36 36 36 36 35 36 42 40 45 73 66 40 39 45 66 80 57 62 61 52 52 83 162 171 168 169 94 44
198 200 200 198 199 200 187 177 192 195 196 197 201 201 201 183 98 80 87 85 85 92 93 90 91 87 84 86 90 78 82 93 96 91 91 89 93 94 96 96 87 75 74 77 84 86 90 87 82 68 89 92 93 96 99 133 125 89 78 94 92 107 148 149 134 125 107 98 109 107 92 93 100 110 104 94 118 167 160 87 49 49 47 45 43 42 41 40 40 40 38 39 41 42 40 37 37 37 37 37 37 36 36 35 36 35 50 96 51 37 38 36 40 40 37 37 68 77 62 60 92 87 117 157 157 156 90 44
194 183 183 193 199 172 170 181 192 195 196 186 181 182 172 136 81 89 89 80 82 93 95 95 96 96 92 89 89 72 80 101 102 98 96 95 93 89 82 82 81 87 90 94 94 90 87 91 81 64 89 95 94 92 85 87 85 67 57 72 89 98 100 98 90 83 87 87 90 91 100 96 97 105 125 131 152 145 151 81 52 50 47 45 44 43 42 41 41 40 39 40 40 40 38 38 38 38 37 37 36 36 36 36 35 36 36 48 43 38 39 43 42 37 36 40 43 54 64 84 72 70 86 100 152 161 82 42
186 184 186 179 176 97 131 184 176 152 124 122 142 177 194 179 132 107 108 118 115 92 93 93 89 83 80 79 79 82 87 94 96 89 85 80 70 68 84 94 90 89 89 90 86 80 84 89 75 74 78 78 77 81 84 94 75 72 89 91 90 93 98 91 103 100 94 90 96 100 98 119 121 136 184 191 188 188 164 70 54 51 49 47 44 43 42 42 42 41 41 42 46 40 41 40 39 39 38 38 37 38 36 36 36 35 38 48 37 35 43 63 43 46 59 39 39 71 59 42 43 57 60 51 72 99 62 40
191 191 192 194 193 102 86 114 122 125 131 153 189 191 196 203 200 194 194 200 191 106 81 75 75 71 74 81 80 75 74 80 80 79 85 88 86 81 84 88 83 79 82 84 85 82 75 81 81 82 82 96 125 94 106 103 79 95 106 99 89 91 118 105 105 90 123 135 105 100 116 142 153 148 162 173 174 182 180 64 55 52 50 48 46 44 43 43 42 42 42 47 52 73 45 44 42 40 39 38 38 39 37 40 37 36 36 41 48 41 40 48 38 53 116 43 50 75 48 44 44 48 43 42 52 63 40 39
189 190 192 192 196 171 159 161 177 194 190 177 187 181 176 182 192 191 189 197 200 188 141 115 116 130 170 181 174 108 82 84 89 91 91 83 80 78 79 81 83 87 90 89 77 68 77 80 83 86 83 92 90 134 203 148 89 96 95 89 91 93 106 119 99 133 162 180 181 155 110 148 157 165 163 155 163 188 166 59 55 52 49 47 45 44 44 43 44 45 47 48 100 192 73 46 45 43 41 40 39 38 37 41 45 42 39 53 53 40 40 43 43 57 100 44 49 56 42 51 49 49 47 46 54 39 38 38
190 192 192 188 181 182 198 197 193 197 198 198 200 201 201 194 193 193 189 185 197 200 192 180 178 172 149 154 159 109 87 86 86 85 77 76 75 80 86 89 89 83 67 58 52 56 63 65 67 63 66 64 95 164 179 128 90 95 94 91 105 117 102 119 153 177 188 155 145 114 123 157 169 146 163 184 188 191 164 57 54 51 48 47 45 44 43 44 46 48 49 76 173 201 151 53 51 48 45 44 42 42 41 42 46 45 54 68 42 40 42 45 55 66 59 95 109 104 103 144 128 113 83 55 63 49 40 40
186 181 178 172 176 185 172 190 196 198 199 199 200 200 200 203 203 200 198 198 195 190 197 139 134 169 147 148 134 86 77 74 79 87 85 86 90 95 89 73 56 52 54 57 61 64 68 67 74 73 83 150 163 155 174 166 119 106 107 134 140 170 186 170 140 144 131 141 163 99 103 143 163 176 190 194 188 190 192 130 64 50 48 46 44 44 44 46 47 50 65 143 195 189 194 94 51 51 48 47 45 44 44 43 43 43 55 56 40 44 44 45 47 51 68 170 183 176 171 165 160 154 147 96 67 63 50 41
165 163 172 181 185 171 139 188 196 198 199 199 199 198 193 188 173 168 163 145 150 162 178 161 131 119 107 86 81 83 88 84 87 93 93 94 90 67 55 53 55 57 61 63 64 65 71 71 70 72 85 155 158 156 149 163 149 132 134 179 187 180 163 117 111 148 170 169 186 186 171 183 194 194 192 190 183 183 181 199 108 52 50 48 47 46 47 48 51 67 131 191 187 187 191 157 58 54 51 48 46 45 44 45 45 44 43 45 46 62 73 62 52 47 50 141 177 171 166 161 158 149 154 151 124 124 64 43
155 165 181 181 178 185 187 189 187 183 180 169 161 167 147 155 162 162 169 136 107 105 105 94 92 120 138 91 90 92 86 83 86 88 85 83 75 57 60 62 66 66 68 69 68 70 75 99 126 82 85 109 118 147 151 173 192 201 166 109 121 131 129 119 165 172 184 188 192 189 182 189 193 189 193 191 187 188 171 194 101 56 54 50 48 49 49 51 52 71 112 186 182 184 187 193 132 54 53 50 48 46 44 44 45 45 46 45 65 103 102 111 106 127 142 172 170 162 164 164 161 168 156 156 152 136 69 44
184 175 175 179 173 165 172 151 131 134 157 161 146 152 149 144 133 131 159 119 65 85 140 141 154 184 145 90 88 89 91 92 91 82 74 65 60 64 67 73 71 78 79 76 78 97 143 196 203 149 125 152 173 196 199 198 194 186 142 115 146 171 188 183 186 190 189 186 187 189 174 177 190 192 195 193 194 194 190 201 120 56 58 52 49 47 46 59 79 97 148 189 178 186 187 186 192 101 52 53 49 48 46 44 45 45 46 47 53 92 114 120 106 145 180 166 169 162 155 155 149 150 152 157 153 142 69 45
179 186 150 124 176 165 158 165 177 164 147 140 112 129 125 130 135 141 143 144 117 92 94 84 83 86 83 88 87 92 88 80 68 60 64 69 69 72 74 83 84 82 75 95 155 194 206 204 199 195 195 197 201 194 183 166 162 189 190 196 203 191 194 194 192 188 184 186 185 177 180 180 181 170 185 194 196 196 190 200 163 59 55 53 50 70 88 110 115 103 156 189 173 185 186 186 192 172 66 54 51 49 48 46 45 45 45 46 47 51 77 92 95 131 176 165 159 160 153 151 150 141 139 156 149 132 67 46
180 159 81 110 149 135 127 106 94 82 74 84 119 130 145 115 92 95 96 104 116 128 100 70 78 73 77 83 81 75 70 65 64 74 71 75 77 81 82 83 86 84 137 191 202 199 198 198 200 195 188 136 144 146 151 132 165 197 196 194 189 188 194 192 192 195 193 192 188 188 189 193 192 181 180 187 192 192 193 192 191 84 53 52 51 67 85 96 107 104 168 187 185 187 185 188 186 192 128 53 54 50 48 47 45 45 44 44 47 47 57 91 102 125 171 155 145 152 157 151 140 143 158 161 161 140 65 46
160 136 69 64 70 63 59 64 67 74 115 133 108 97 84 81 83 99 124 166 159 160 127 99 74 75 73 76 73 70 73 76 71 82 79 80 79 79 82 83 83 101 197 205 196 192 193 193 195 192 150 89 103 129 177 197 191 189 190 190 192 196 195 197 195 195 192 191 188 191 191 193 195 193 190 194 193 193 190 189 202 132 52 54 52 51 49 63 105 112 178 190 189 189 188 189 185 186 184 82 53 52 49 47 46 46 45 45 45 45 59 82 99 111 158 155 145 142 142 141 151 144 148 144 148 149 69 45
178 185 154 143 148 128 126 135 135 134 80 82 78 84 82 74 93 119 124 133 150 181 186 110 74 72 72 73 76 77 80 84 78 77 79 77 72 69 71 70 72 88 147 190 193 191 189 177 182 132 131 134 174 188 193 194 191 192 188 193 192 197 196 198 189 182 194 190 191 193 189 190 188 194 194 186 192 195 196 198 199 105 55 54 52 51 51 62 102 102 185 192 188 188 187 183 181 182 191 119 51 53 49 48 48 47 46 45 51 59 72 85 89 99 144 158 151 150 140 141 138 134 137 139 140 134 66 44
166 165 171 166 161 150 156 150 156 149 106 74 86 100 118 110 103 95 120 156 170 153 105 78 80 82 80 76 77 78 81 85 74 66 67 61 61 63 69 71 71 74 71 93 144 160 172 153 165 132 196 200 197 194 190 196 195 193 197 194 197 198 198 199 198 191 192 185 184 181 179 191 183 187 193 181 193 196 202 200 120 54 56 53 51 50 51 56 122 123 183 187 187 186 183 179 180 180 184 137 53 54 50 49 47 48 47 48 49 53 67 76 74 86 117 147 152 152 141 124 127 106 127 138 133 112 59 44
128 136 130 126 138 144 144 134 116 118 111 138 164 184 180 159 132 119 122 105 105 89 76 77 76 76 68 77 80 78 80 73 65 65 64 68 69 70 72 72 73 69 62 65 64 99 159 156 159 158 196 193 193 199 195 192 201 203 199 198 197 198 198 198 195 194 189 184 185 179 181 193 193 182 189 187 193 193 155 94 56 55 54 51 51 50 52 52 101 143 178 179 185 187 186 183 183 182 174 165 73 53 52 50 48 47 50 52 50 48 45 46 77 91 106 147 145 139 145 144 125 120 107 104 119 104 58 42
98 102 101 93 100 94 93 104 125 149 146 160 152 139 131 145 160 126 80 99 98 74 68 72 72 64 66 79 75 77 73 60 58 67 71 73 67 63 59 58 62 61 66 68 75 113 172 189 189 174 155 183 152 152 196 196 151 167 201 196 196 195 195 194 193 192 192 190 188 190 189 192 194 184 189 193 193 102 58 54 54 52 51 50 49 50 51 53 73 139 189 186 184 183 184 184 183 183 178 181 121 54 56 51 49 48 48 49 49 49 48 56 66 89 97 136 137 128 133 132 124 131 104 110 107 111 56 42
94 98 94 90 98 106 113 122 110 94 105 120 108 118 128 128 147 150 141 154 84 71 73 71 66 63 64 65 63 63 64 62 57 65 62 58 60 63 59 59 67 58 65 102 126 148 188 198 196 197 151 103 89 86 106 124 75 77 111 187 197 199 201 192 194 193 190 190 190 190 190 194 194 194 195 198 203 122 54 56 53 50 48 46 46 47 48 51 60 114 181 183 185 183 182 187 185 184 182 182 176 70 55 58 55 54 51 51 47 46 46 48 52 85 94 124 128 126 124 133 135 131 116 132 115 104 55 42
129 146 145 150 146 126 116 122 119 114 117 130 137 137 154 170 175 167 144 104 74 75 68 62 60 61 56 55 55 59 65 59 58 56 58 61 61 60 65 73 69 59 75 149 186 198 199 200 198 193 129 79 66 65 64 72 75 79 86 125 165 150 165 200 195 193 190 191 193 192 198 197 188 181 164 151 147 106 51 49 49 51 51 49 47 51 66 65 62 93 181 185 185 183 180 181 182 184 181 176 186 127 51 54 56 53 51 47 45 44 43 50 61 79 95 128 129 126 127 123 129 125 130 122 121 107 53 42
93 92 93 125 140 141 140 129 132 122 124 140 166 173 157 128 114 128 98 69 68 63 55 54 54 56 58 60 64 66 65 60 57 58 64 62 63 67 66 64 60 63 66 62 73 99 124 141 176 189 180 177 99 63 67 68 71 90 170 198 201 172 162 203 191 198 203 202 202 199 147 102 83 74 64 59 54 46 47 46 46 44 45 46 47 56 99 97 87 118 182 183 185 184 181 179 178 181 177 171 175 171 75 51 50 48 46 44 44 43 43 48 66 72 101 132 130 129 136 114 120 125 121 124 117 117 56 42
90 108 131 142 127 134 139 148 152 169 173 161 122 94 78 70 76 85 66 64 56 59 62 65 65 67 66 65 70 70 72 56 53 59 57 60 62 56 54 61 65 70 68 64 66 70 68 61 70 91 80 77 68 66 67 66 72 74 87 133 175 184 179 161 131 121 118 130 136 113 65 59 57 55 56 53 48 47 47 42 45 46 45 45 47 50 66 79 103 124 184 184 185 184 181 171 173 171 171 177 174 180 131 51 51 48 46 44 43 43 45 47 61 72 88 119 135 126 126 121 126 143 148 147 138 119 56 43
106 91 101 131 150 170 177 170 157 149 138 145 127 125 140 130 78 55 61 65 60 62 67 65 64 65 67 69 70 63 51 49 51 52 51 52 54 56 63 67 69 64 65 62 67 68 58 59 59 58 63 65 68 62 63 67 72 68 67 62 71 74 70 65 65 66 66 63 56 55 65 64 63 61 59 58 58 54 51 47 44 49 51 54 54 53 76 101 96 127 183 183 183 182 178 166 163 164 169 173 176 176 172 88 49 49 45 44 44 45 46 45 53 62 69 120 132 143 138 131 139 143 143 142 141 125 58 43
135 149 164 167 166 153 145 135 137 124 124 148 163 164 167 182 111 47 56 54 57 64 69 66 65 63 58 56 55 51 50 46 47 46 47 68 70 59 65 64 61 63 66 64 61 60 57 62 62 64 66 67 67 65 62 66 66 67 68 64 62 62 62 61 63 59 58 60 56 51 51 53 58 61 62 69 68 64 59 52 47 50 56 56 58 62 69 65 78 151 185 181 177 173 175 176 174 163 165 164 151 150 165 139 56 50 47 48 48 48 48 47 49 51 53 102 119 134 138 130 142 136 135 140 140 130 61 43
147 136 114 103 105 110 115 102 122 134 139 130 139 148 145 134 78 59 56 52 57 62 61 56 52 52 46 46 49 47 45 46 47 48 50 53 59 60 56 61 64 62 61 62 56 54 56 53 61 59 64 67 62 62 62 59 61 63 65 61 60 59 58 57 59 61 59 56 54 53 52 51 49 48 47 50 51 49 48 48 50 51 49 50 58 72 90 123 156 184 179 179 179 177 180 178 175 175 174 170 153 142 144 152 106 50 50 49 47 44 46 47 46 49 71 118 122 122 127 132 138 142 138 138 143 135 61 44
91 88 71 69 73 84 112 121 130 119 122 123 106 111 109 76 66 65 59 51 52 56 57 54 53 51 46 47 46 47 47 52 52 53 52 51 50 51 51 52 57 54 58 59 57 58 54 55 58 58 59 58 59 58 59 60 62 64 63 62 57 55 51 53 56 60 63 63 58 57 58 57 56 55 54 52 52 53 56 57 54 60 95 138 159 177 180 184 181 180 177 177 174 177 179 175 177 174 174 176 164 150 150 133 118 56 53 61 79 79 54 45 53 78 102 116 127 126 132 130 134 131 135 141 148 127 59 43
65 80 92 101 109 111 110 93 94 99 111 120 99 76 75 66 64 58 58 56 57 57 55 53 51 47 46 45 49 51 49 50 52 54 49 48 49 49 50 47 54 53 57 55 57 56 54 60 61 62 57 60 64 59 54 56 58 56 59 57 54 56 57 57 61 66 63 64 64 62 60 60 63 72 84 96 108 100 79 83 114 158 184 181 180 177 183 182 177 177 176 173 166 166 168 167 171 170 168 171 163 155 153 143 150 93 52 48 60 100 105 88 116 132 139 142 135 132 136 144 148 140 128 132 149 125 56 43
110 125 123 117 108 105 102 109 107 83 71 68 85 80 67 60 54 52 54 52 50 51 50 47 44 47 48 49 52 53 52 52 54 51 54 51 54 54 52 53 53 54 54 52 55 58 55 56 58 57 60 67 65 59 56 57 58 58 60 61 61 62 62 66 71 65 68 81 99 107 123 141 163 174 185 191 194 189 180 181 190 188 185 184 178 178 183 180 169 167 177 175 165 166 163 164 168 169 159 154 162 160 147 136 113 86 51 47 46 56 105 131 134 139 138 134 116 124 141 141 140 139 138 136 129 131 56 43
93 100 107 86 75 77 90 93 107 116 102 112 102 63 54 52 52 54 51 47 45 45 47 45 44 53 52 55 52 51 50 52 51 51 54 54 55 55 55 54 52 54 56 57 58 61 56 56 59 59 58 62 57 57 60 58 56 56 60 64 64 63 63 62 82 148 165 182 190 193 193 191 190 184 185 187 190 186 187 187 183 184 184 185 184 184 167 171 169 162 170 177 179 169 159 145 127 98 73 67 76 86 69 49 46 44 45 43 43 44 57 84 106 109 104 95 110 141 140 148 137 137 140 130 110 114 54 43
87 74 72 71 66 87 116 123 102 116 160 146 62 53 54 55 53 48 46 46 47 47 49 48 48 50 49 50 52 51 49 51 49 54 53 54 52 51 55 54 53 57 57 61 62 63 60 57 59 59 58 60 58 57 58 60 60 59 59 63 65 58 64 62 93 196 194 191 186 188 186 183 184 181 182 183 181 183 184 183 184 184 185 182 182 184 174 165 175 175 169 149 120 94 78 59 51 51 52 50 50 46 44 44 44 44 44 43 43 43 43 44 54 74 83 110 145 138 141 138 137 136 135 130 135 101 49 43
67 99 124 150 114 77 85 91 110 134 150 147 76 58 56 50 45 46 46 45 49 49 50 50 55 52 50 50 49 49 50 51 53 53 54 53 53 52 53 53 54 54 56 62 60 54 55 60 61 62 62 62 56 55 55 58 58 58 59 62 61 61 66 66 75 177 195 191 190 186 186 188 184 189 187 187 189 186 181 183 183 181 184 186 183 176 165 142 119 94 72 62 57 58 58 51 49 48 47 47 44 43 43 41 41 41 41 43 43 43 44 49 70 89 109 149 139 137 151 142 137 126 121 133 142 119 52 43
154 172 173 156 126 129 137 151 147 149 164 150 71 53 50 50 50 49 47 48 51 51 49 52 53 48 52 51 52 52 51 52 53 51 49 54 53 54 55 53 54 54 52 53 51 50 46 59 64 64 65 65 58 57 57 57 59 57 57 59 58 62 64 61 66 92 100 98 100 96 95 119 129 138 149 161 164 156 137 139 151 138 126 114 93 75 66 59 55 52 52 53 51 49 48 46 46 44 44 43 42 40 40 39 40 41 40 46 48 47 48 56 94 123 142 147 139 131 148 154 150 136 110 122 151 128 52 42
151 138 143 172 183 158 151 162 165 167 171 110 55 54 52 52 53 49 47 50 51 51 51 51 50 52 58 53 51 50 49 51 52 48 50 53 54 54 52 52 52 52 51 52 53 57 46 55 57 59 61 61 62 63 61 58 59 59 59 58 57 61 61 59 60 63 60 59 59 60 58 57 56 58 60 63 65 58 54 57 56 55 52 55 60 59 57 57 55 52 54 49 46 44 45 45 45 45 43 41 40 39 38 38 39 40 41 44 47 51 58 67 84 127 147 149 142 124 145 144 148 153 132 110 126 109 51 42
164 165 139 117 142 149 166 167 162 163 154 80 57 56 55 55 52 52 51 51 50 49 45 47 49 47 49 49 48 47 47 48 50 50 53 53 52 53 54 52 52 54 50 48 53 54 51 58 60 60 55 53 58 58 57 60 58 55 56 54 54 56 58 57 57 56 55 53 55 57 57 55 55 57 57 53 51 52 51 52 52 53 53 53 58 58 56 56 57 52 47 44 42 46 47 44 41 45 44 41 39 39 39 39 39 41 41 71 92 112 124 138 136 153 154 153 144 122 126 132 129 132 118 123 119 104 49 42
147 158 152 136 158 163 157 157 159 163 144 67 56 55 56 54 52 53 52 49 48 48 47 48 48 49 51 50 47 48 48 47 47 48 52 53 52 53 53 52 51 52 51 46 52 50 49 52 53 48 51 57 59 55 54 56 57 57 53 50 52 52 55 54 54 53 50 49 50 51 52 53 52 52 53 48 49 48 50 51 53 51 49 50 51 54 49 48 48 45 44 43 42 46 46 46 44 44 41 40 40 39 40 40 40 43 42 117 130 125 128 131 139 138 138 145 136 139 122 131 134 121 103 106 124 103 50 41
127 144 160 164 162 156 156 159 160 162 155 85 54 55 55 56 54 53 52 48 51 49 49 50 50 51 52 50 48 49 48 48 46 47 47 51 51 51 51 50 50 51 53 50 51 45 45 44 47 46 52 57 55 53 48 52 53 53 54 53 52 54 51 49 48 49 48 47 48 50 50 51 50 50 49 46 47 48 48 50 51 45 45 49 48 50 54 48 50 48 46 45 42 44 45 44 44 43 42 42 41 40 39 42 51 60 45 75 127 133 135 137 154 153 149 132 139 134 120 117 132 134 124 99 104 110 47 41
160 165 157 156 156 155 156 160 160 163 167 145 104 71 56 54 55 55 54 53 51 52 52 51 51 52 50 49 49 49 48 47 46 46 46 46 51 50 49 49 49 50 51 48 45 45 45 45 47 47 49 49 49 49 51 54 55 53 53 53 53 53 51 50 47 44 45 44 45 49 48 47 48 48 51 47 46 47 48 47 49 49 47 50 48 50 49 48 48 49 52 61 69 55 62 62 59 60 61 62 68 71 75 77 67 62 51 53 73 106 131 141 144 143 132 139 144 125 128 115 111 127 127 97 116 106 47 41
155 160 155 151 150 156 158 160 159 160 167 170 173 155 122 95 69 58 55 56 55 55 53 53 53 52 49 51 50 49 48 45 45 42 43 46 49 50 52 51 52 50 50 48 47 52 47 48 53 52 52 53 56 56 57 57 55 54 49 52 54 52 52 51 52 46 44 43 44 48 50 50 47 48 49 49 50 47 48 51 52 53 55 61 73 86 104 110 112 117 129 134 154 134 140 131 133 131 129 136 137 132 139 117 85 75 83 46 58 72 99 129 128 124 129 143 147 125 132 126 117 105 110 114 113 93 44 41
158 158 151 146 152 161 160 158 158 161 163 166 169 170 171 170 151 120 92 71 58 59 58 55 55 56 56 55 54 53 49 45 45 42 41 40 44 48 53 54 54 52 52 52 49 50 53 52 52 50 50 54 55 55 59 57 59 56 55 56 55 54 54 56 53 44 44 45 48 50 51 55 54 54 51 51 48 51 61 81 88 108 141 140 154 137 146 147 147 135 141 147 141 138 143 139 139 145 136 140 141 132 129 117 105 110 109 69 53 54 74 92 113 132 144 133 133 137 136 134 115 107 99 109 117 101 43 41
154 153 148 152 158 163 164 160 163 164 163 163 168 167 167 172 174 171 169 148 104 74 65 62 60 60 61 57 55 53 50 49 46 45 43 42 42 48 51 55 53 52 55 56 54 54 54 50 49 50 54 52 54 56 60 57 58 53 56 52 55 54 49 58 54 51 52 51 54 53 55 55 56 60 72 77 91 104 135 167 167 148 162 164 151 145 130 134 138 136 140 138 136 138 141 146 138 138 130 134 146 137 134 124 109 108 103 106 106 86 88 105 109 121 127 122 125 135 133 143 129 108 105 114 112 102 47 41
151 149 149 158 162 163 167 165 165 169 169 155 162 171 170 169 169 169 169 172 172 161 151 145 137 140 148 129 110 95 68 54 51 49 49 46 45 50 54 54 51 50 56 55 53 52 49 51 52 50 52 52 56 57 55 55 56 57 58 54 51 51 48 51 53 54 62 71 91 99 105 120 136 148 157 161 168 151 149 161 165 161 160 166 150 150 138 141 134 134 148 141 137 124 133 138 138 129 131 135 138 136 135 119 104 119 93 87 124 133 136 134 111 130 129 123 125 129 127 128 127 114 114 121 119 103 47 41
147 146 146 161 162 165 168 164 165 168 169 170 166 168 171 170 168 168 170 170 174 178 180 180 176 175 168 165 171 160 134 106 82 58 56 52 56 54 54 54 50 58 58 54 53 54 51 50 51 52 53 56 54 51 51 56 53 56 55 51 49 54 55 56 57 59 66 66 119 178 175 173 170 167 163 144 162 159 141 133 148 149 151 153 156 159 139 147 137 132 143 148 137 123 132 130 128 133 130 143 134 135 134 123 130 115 92 107 142 126 145 140 129 128 123 132 135 133 114 115 120 100 116 123 121 95 45 41
151 148 153 160 162 162 161 165 165 167 166 168 170 170 169 167 167 168 171 173 173 175 178 174 168 170 169 169 169 160 139 159 140 96 78 69 57 55 53 55 57 57 57 58 55 51 50 51 50 47 48 52 53 84 90 56 50 50 50 51 54 54 56 55 58 56 53 66 139 170 171 169 168 163 162 150 160 158 151 139 127 125 128 131 130 160 133 133 129 131 151 147 145 139 136 142 128 139 137 134 133 141 134 130 141 124 114 113 133 135 135 114 118 125 124 120 120 122 118 111 115 115 121 125 127 99 43 41
147 139 146 152 160 157 159 165 166 166 163 166 166 165 163 166 168 163 169 171 174 174 168 170 168 169 169 169 171 164 170 170 171 172 166 156 123 84 67 62 56 54 56 59 59 54 53 51 49 48 48 48 48 71 72 48 51 57 56 53 53 54 54 55 57 55 71 125 168 166 171 169 163 145 124 139 138 138 144 113 115 117 131 123 134 163 154 142 142 127 139 145 157 159 152 153 136 146 147 140 133 133 130 122 129 143 130 118 107 125 122 110 116 117 116 121 120 113 113 120 120 135 111 134 120 100 43 41
153 152 158 153 159 162 164 165 164 163 164 164 164 165 166 166 166 166 165 168 174 176 171 167 168 166 171 164 171 157 172 172 173 174 173 170 175 164 154 142 112 85 69 60 59 54 53 54 51 50 49 48 47 47 45 51 56 55 55 54 52 52 53 55 57 62 136 163 162 164 165 169 167 153 119 121 123 121 129 128 117 122 125 136 126 157 153 147 131 140 130 141 146 154 157 160 148 148 151 153 135 132 140 131 132 134 117 123 135 114 119 119 111 116 118 116 115 116 106 106 107 122 125 120 122 77 41 40
156 158 155 160 165 161 163 168 166 167 167 169 169 168 169 167 166 167 168 173 175 178 177 164 170 173 171 172 174 167 176 175 171 169 174 175 170 173 179 177 180 172 162 130 103 86 73 62 53 51 52 50 52 48 47 52 52 51 56 52 51 51 53 53 55 58 139 168 161 157 160 172 172 149 151 133 129 131 129 124 133 117 129 131 117 144 150 148 120 137 138 130 148 154 159 159 150 146 156 160 142 140 138 127 130 124 116 116 116 113 112 117 111 112 111 110 111 115 121 111 106 116 126 120 96 49 40 39
91 96 101 103 102 107 101 104 104 107 112 106 114 113 110 117 116 114 116 116 125 128 125 126 122 127 128 125 123 126 129 130 123 124 125 127 121 125 127 127 126 123 136 133 128 118 114 101 60 46 46 46 45 43 44 43 44 45 46 46 44 47 47 46 48 61 119 129 122 124 126 137 139 128 140 130 112 107 123 118 108 104 116 110 120 120 122 128 119 127 118 113 128 141 137 145 138 119 136 136 119 125 122 121 114 117 104 105 106 118 113 105 101 101 97 94 97 103 113 117 102 100 86 66 47 39 37 37
40 41 41 41 42 42 42 42 42 43 42 44 44 44 45 45 46 45 45 45 45 46 46 47 46 46 47 48 47 47 47 47 47 47 47 47 46 46 47 46 46 45 44 43 43 43 42 42 40 37 36 36 36 36 35 36 36 36 35 36 36 36 37 38 39 42 46 45 47 48 48 49 50 50 51 50 49 47 47 49 45 47 47 48 48 49 49 49 50 50 50 50 49 52 53 54 55 52 52 49 49 51 49 49 48 49 48 47 46 47 47 48 45 43 44 42 44 43 45 48 44 41 39 37 36 36 36 36
38 38 39 38 39 39 39 40 40 41 40 41 41 41 41 41 41 41 42 42 42 42 42 42 42 42 42 43 43 42 42 42 43 43 42 43 42 42 42 42 41 41 41 40 39 39 38 37 37 37 36 36 35 36 36 36 35 35 35 36 36 36 36 37 37 38 39 39 40 41 40 41 42 42 41 40 40 41 40 39 40 40 39 40 40 40 40 40 40 40 40 40 40 40 40 40 41 41 41 41 41 39 40 40 39 38 38 37 38 38 37 38 37 37 37 37 37 36 36 36 36 36 35 35 34 34 35 34
