72 72 75 75 74 72 74 79 81 80 89 99 97 88 78 72 82 88 91 87 86 93 94 93 94 95 93 93 92 90 91 90 92 93 89 83 77 80 91 96 98 97 94 85 76 82 87 87 83 84 84 86 86 85 85 85 84 84 82 86 85 86 86 87 88 87 88 87 84 84 86 86 79 79 83 84 84 85 85 85 80 79 78 76 73 76 85 86 78 68 78 82 86 87 86 86 83 85 87 87 85 86 83 82 82 85 86 87 88 89 92 94 96 97 97 97 100 99 99 97 99 103 100 100 104 102 103 103
76 91 74 74 72 77 74 71 69 82 92 100 104 102 90 78 74 73 78 75 82 86 90 91 92 93 95 96 96 97 96 90 90 94 88 79 74 82 82 87 85 81 86 86 86 86 87 91 84 78 74 69 81 85 86 86 85 84 86 85 85 85 86 86 85 84 85 86 84 84 84 84 85 85 85 84 84 83 84 84 81 81 83 81 75 70 71 78 81 81 76 77 81 82 82 82 81 80 81 82 82 82 83 84 83 83 82 82 84 87 88 88 90 91 93 89 92 94 95 96 97 100 100 103 98 100 100 103
97 121 97 69 80 76 69 69 66 68 72 76 87 89 84 84 82 79 79 77 72 83 94 98 96 93 91 89 91 91 93 96 95 95 94 79 80 78 71 79 80 82 81 77 82 83 72 77 89 89 80 67 66 72 84 87 87 88 86 87 87 89 90 88 87 86 86 85 84 85 83 81 80 80 83 84 82 79 80 81 80 80 80 75 75 75 75 74 81 82 80 80 81 77 75 76 80 81 79 79 81 79 81 83 81 81 81 81 82 82 83 84 84 86 87 88 86 88 91 94 94 95 98 101 94 101 100 101
77 82 80 74 73 68 68 67 63 59 62 65 60 68 68 67 79 77 69 74 81 69 81 90 91 95 88 82 80 81 81 79 83 82 87 84 93 85 85 84 82 73 71 77 76 74 74 79 81 85 87 83 80 72 70 78 87 91 90 91 89 91 90 89 88 88 87 88 85 86 85 85 82 76 78 78 79 78 78 77 70 73 70 67 65 65 72 65 64 70 72 75 77 78 73 74 77 78 80 79 78 79 81 81 80 79 82 83 83 83 84 84 83 82 83 84 85 84 84 86 87 90 89 89 85 94 96 94
83 76 78 80 79 75 69 64 59 59 65 65 63 66 65 62 67 74 64 61 64 63 71 78 80 82 75 71 71 74 77 70 73 72 70 73 80 77 74 72 73 71 72 72 71 71 72 73 75 84 80 80 90 92 84 76 73 79 88 90 84 83 78 80 87 91 94 94 91 91 91 90 90 89 89 87 86 85 83 80 73 70 69 65 60 57 61 65 62 62 73 75 66 67 72 72 74 75 75 79 81 82 80 81 83 81 81 78 77 81 80 81 81 82 83 82 83 82 79 79 84 76 84 86 84 88 90 90
86 84 84 84 83 83 84 82 82 83 82 83 83 85 83 82 78 81 83 83 90 92 92 91 90 90 87 82 78 71 72 78 82 94 84 87 83 83 79 76 77 74 72 73 72 67 69 70 71 67 73 74 79 88 94 89 77 71 70 83 89 91 87 87 88 88 80 80 79 80 83 86 89 89 88 86 87 88 87 83 83 81 84 78 68 67 63 63 66 69 74 78 79 78 75 76 74 71 72 72 75 76 74 78 80 79 79 79 78 81 80 81 81 82 83 83 82 82 79 76 82 81 82 83 82 83 85 83
83 73 67 66 64 62 71 80 75 73 73 83 90 84 92 95 95 96 96 98 98 98 97 92 94 97 97 96 95 91 86 81 79 80 80 88 92 96 96 94 93 92 90 88 87 86 84 85 84 77 75 69 70 78 82 71 69 69 62 67 71 70 75 74 73 76 78 80 72 71 72 74 79 85 79 79 75 76 79 74 71 71 73 73 76 81 74 74 67 61 63 68 72 73 72 72 69 70 71 72 71 74 75 77 76 77 74 79 82 82 82 83 82 83 83 83 83 83 81 80 83 74 82 84 83 82 83 83
87 85 78 80 75 72 67 73 74 71 72 67 74 66 77 80 90 91 91 92 92 93 93 92 92 94 94 95 96 91 72 84 94 91 86 80 81 84 89 89 97 100 101 99 99 97 98 98 96 94 94 92 91 89 87 86 84 78 72 72 68 71 75 68 67 65 75 77 66 67 67 71 69 71 77 77 71 74 72 71 71 70 70 62 61 69 67 75 81 70 63 62 69 68 65 62 64 63 68 72 70 73 75 70 69 72 75 73 73 69 71 71 73 79 79 79 81 82 80 79 81 77 79 81 81 82 83 83
60 67 66 73 78 79 80 71 55 65 73 79 89 92 91 90 93 93 93 93 92 91 91 91 92 93 91 92 91 89 82 85 89 90 81 79 83 84 81 75 79 90 92 89 97 93 88 93 96 96 95 95 97 97 99 100 100 102 103 103 98 96 94 91 83 72 76 75 68 70 71 69 65 64 78 81 69 65 67 70 69 69 68 64 63 62 64 63 69 73 72 60 61 62 61 57 55 61 64 71 72 70 65 65 67 68 66 72 73 73 72 72 73 74 78 74 72 77 76 78 78 77 75 77 77 77 78 76
52 56 60 59 61 67 72 66 61 68 70 66 70 75 75 67 75 80 76 77 84 87 87 84 83 88 86 90 87 86 92 95 88 91 86 72 67 72 85 77 71 69 70 68 71 81 72 69 80 82 85 86 86 93 98 96 88 84 89 89 86 78 90 95 98 91 89 77 66 66 69 66 67 63 69 69 72 74 69 73 70 71 73 71 69 70 72 68 71 72 76 72 68 64 63 62 61 64 63 61 60 61 60 60 61 61 61 61 64 65 64 66 71 66 69 72 68 70 70 72 74 75 67 67 75 77 76 76
60 57 57 60 58 52 54 62 70 85 70 63 59 59 64 55 62 66 63 55 61 64 65 70 68 70 65 61 76 80 76 78 69 61 63 64 58 59 70 70 59 65 65 65 65 70 66 61 71 77 70 70 70 70 77 76 74 70 65 69 73 69 77 81 80 76 74 67 61 60 67 64 70 62 67 74 70 66 64 67 69 69 66 65 65 64 65 67 62 59 61 58 59 64 62 66 65 63 61 60 59 56 58 58 58 58 61 59 59 60 56 55 68 62 60 66 66 68 66 67 69 67 65 61 67 70 62 64
53 55 50 65 61 55 57 55 54 62 62 53 65 67 62 62 64 58 52 48 51 59 62 67 72 68 59 48 71 84 75 63 61 57 59 67 68 68 66 68 75 72 64 60 65 69 64 61 67 75 70 61 66 69 62 70 63 57 53 59 62 62 62 68 78 67 66 63 63 61 63 64 65 62 71 70 66 66 66 63 66 67 65 62 60 60 61 60 65 65 65 66 66 64 61 60 62 59 59 60 59 61 62 59 55 56 61 65 71 70 62 75 84 78 58 62 62 63 62 63 61 59 60 54 57 58 55 56
47 51 43 52 58 64 63 56 53 53 52 60 65 58 62 66 64 59 59 61 62 64 74 81 67 75 60 59 58 79 67 57 58 62 62 65 67 66 74 70 67 64 62 63 64 64 68 69 70 74 65 62 57 72 61 65 57 60 58 55 57 56 53 60 71 67 65 63 61 57 63 69 71 77 76 71 70 70 72 66 67 68 62 59 62 62 66 76 71 65 66 65 66 63 84 77 76 74 74 72 70 69 72 64 65 71 60 77 74 68 75 115 102 101 79 68 75 104 93 96 80 65 93 98 84 90 74 69
56 57 59 65 63 61 58 55 55 62 62 51 61 63 67 64 60 62 56 56 97 101 87 110 64 66 66 57 62 73 72 75 68 65 63 55 56 57 61 64 76 71 64 57 53 53 56 70 67 68 112 71 65 84 74 67 74 78 69 79 84 95 115 87 92 96 115 84 84 83 74 76 81 76 78 80 76 77 78 75 78 126 141 108 109 105 116 139 101 110 114 119 101 105 156 137 95 100 92 63 68 78 108 78 112 121 80 78 74 71 68 71 66 68 70 63 70 93 99 107 99 83 94 120 119 115 85 70
63 64 56 52 53 50 52 48 64 73 79 73 71 58 71 71 62 65 81 133 151 128 161 151 148 115 65 74 72 70 71 72 66 74 79 71 71 76 74 75 80 71 73 104 120 124 95 69 69 114 219 163 146 157 127 62 71 72 79 88 89 117 154 135 122 131 134 97 92 91 75 79 79 79 76 75 75 75 86 90 86 90 107 111 117 126 129 121 127 132 114 110 107 114 106 111 102 99 95 86 96 98 96 98 109 104 109 105 93 93 88 83 81 83 83 86 87 85 88 79 82 93 93 92 92 85 86 88
66 61 59 61 66 71 73 68 75 83 86 86 80 78 81 86 84 85 91 106 134 129 128 123 133 114 72 80 80 80 85 100 91 84 83 86 84 78 83 84 86 87 83 104 114 124 113 83 84 90 111 107 100 99 93 84 86 84 84 84 86 83 86 88 85 84 85 86 87 82 87 86 86 87 84 85 86 85 88 86 91 88 89 87 82 84 85 84 84 84 85 83 82 81 82 86 84 85 84 81 81 82 79 79 78 110 158 147 114 85 81 80 78 79 81 80 77 80 79 76 73 74 73 74 73 74 76 81
94 88 89 92 87 85 87 94 83 82 81 84 86 81 81 84 89 88 87 88 89 84 80 77 80 84 90 87 89 82 86 84 90 92 89 90 91 94 89 80 75 77 75 71 72 79 80 82 81 79 74 74 77 78 76 79 83 78 77 82 86 81 79 79 81 77 80 80 82 78 76 80 83 82 78 83 77 76 79 78 82 81 78 77 82 78 77 78 79 79 79 81 81 81 81 82 80 81 83 82 83 83 83 82 84 85 84 82 83 82 84 86 85 84 85 86 85 86 86 85 84 85 86 85 85 85 86 87
83 83 84 84 81 84 79 86 80 82 82 77 81 81 78 78 78 79 76 78 78 75 77 78 76 82 81 80 81 82 80 79 76 78 79 79 81 83 80 82 83 81 81 84 84 82 81 81 80 82 83 81 82 83 85 84 83 82 82 81 82 84 80 84 85 84 84 85 86 86 86 86 84 88 87 89 86 86 89 88 88 90 89 90 88 90 90 89 91 91 92 92 89 92 91 91 94 91 92 92 92 90 90 90 92 92 91 91 91 90 87 91 92 92 94 93 92 92 92 89 89 90 89 88 89 89 87 88
78 80 76 77 76 77 80 81 76 80 83 80 82 80 82 84 81 83 86 86 83 83 84 85 86 84 84 84 83 86 85 86 86 87 84 85 87 87 88 88 87 89 90 91 92 87 87 87 89 90 90 90 89 89 89 88 88 88 90 87 90 89 90 89 88 90 89 91 90 89 90 90 89 89 90 90 91 89 91 90 88 88 88 87 90 90 89 88 90 90 90 91 90 90 89 89 88 88 89 91 91 95 91 90 90 91 91 90 90 91 114 91 91 91 88 91 91 92 93 89 91 90 91 88 89 90 91 88
86 87 87 86 87 87 88 87 86 85 87 88 90 88 88 91 89 89 92 91 90 91 87 90 91 90 89 89 90 88 88 89 87 90 92 90 90 91 91 90 90 90 89 89 90 90 89 89 88 89 89 88 88 88 87 88 87 86 88 89 89 89 87 89 89 88 88 89 89 89 91 89 88 88 90 90 91 89 86 89 88 89 85 87 87 87 88 90 88 89 91 90 89 91 89 88 88 89 85 89 88 94 88 91 88 87 89 91 90 87 95 87 89 90 92 90 88 88 89 87 80 84 84 82 85 82 85 85
87 89 87 86 89 88 88 89 88 88 89 90 87 89 89 88 87 88 87 87 88 89 88 88 87 86 83 85 85 82 85 83 86 86 85 83 82 85 84 84 85 84 82 83 82 84 83 84 85 84 81 83 83 83 81 83 83 82 84 83 83 83 79 81 83 83 82 81 81 82 81 83 82 81 82 81 82 81 85 82 80 82 83 83 79 81 82 82 77 77 79 81 81 82 82 80 78 78 79 77 75 72 78 80 77 75 76 78 77 73 72 71 71 74 80 76 74 74 70 71 74 75 76 73 74 75 70 74
83 83 83 81 80 81 81 80 80 81 82 82 81 83 83 84 81 81 79 81 82 77 81 81 80 79 82 80 81 80 80 80 80 79 80 81 79 80 82 83 81 80 81 83 82 83 82 82 83 83 81 82 83 81 83 84 85 82 80 80 80 81 79 77 77 82 81 80 81 81 81 80 79 81 82 84 82 80 84 83 80 80 79 81 80 77 78 77 78 80 77 76 75 77 79 76 75 81 78 78 76 78 78 81 82 80 80 79 78 80 76 75 74 70 76 78 76 75 73 76 78 76 77 74 71 73 77 77
78 81 83 82 81 81 80 81 83 81 81 80 83 83 80 80 81 82 81 84 86 84 83 85 82 83 84 83 84 85 84 83 84 85 84 87 87 86 86 83 85 86 81 83 86 84 87 87 86 83 83 82 86 86 83 86 86 84 81 84 86 86 88 84 84 83 82 84 86 86 87 85 86 88 88 85 84 85 85 86 85 83 85 86 84 81 82 85 85 86 87 86 87 88 86 86 87 86 81 81 84 87 89 87 86 85 87 86 86 86 85 86 85 81 85 83 82 85 87 85 82 82 81 83 86 86 84 87
79 81 82 82 83 78 80 83 84 83 83 87 85 84 84 88 88 83 85 88 87 87 88 89 88 86 85 83 84 85 83 82 83 87 84 82 81 85 87 86 86 90 87 88 88 87 87 86 85 84 85 85 86 86 84 86 86 84 82 85 85 85 89 85 86 85 84 85 85 85 84 87 86 86 86 86 85 86 87 88 86 84 84 85 84 86 89 89 88 84 87 87 85 86 84 84 86 87 87 84 83 84 84 84 83 81 84 84 79 76 79 82 82 83 82 80 80 79 82 84 79 83 83 82 83 79 79 81
78 82 81 83 82 85 87 85 82 81 80 83 86 84 86 87 86 86 87 87 84 84 86 87 84 83 83 86 87 82 83 83 83 83 83 84 84 83 84 88 85 84 91 85 83 84 84 87 84 82 80 85 83 87 87 84 83 85 83 85 87 85 80 84 84 84 84 83 82 85 85 86 85 85 86 82 82 82 83 83 84 86 87 84 83 81 84 83 84 83 84 84 83 82 84 83 83 83 83 80 81 82 81 81 81 81 82 82 79 80 80 78 81 80 79 81 83 82 81 80 78 78 77 75 76 74 74 73
82 80 82 81 81 83 84 84 84 82 83 83 84 86 85 85 87 87 86 89 86 86 85 87 87 85 84 86 84 83 82 83 84 84 85 85 85 86 84 84 80 79 85 80 81 80 79 77 80 80 81 83 82 83 84 82 79 78 81 82 84 84 81 80 79 80 83 82 83 80 75 74 76 77 78 76 77 80 80 79 77 80 79 79 75 80 81 79 77 77 80 80 78 78 77 77 78 75 76 75 76 73 77 77 76 76 74 76 73 74 73 74 77 75 76 79 78 75 76 76 75 72 69 67 71 67 59 64
81 84 81 82 83 80 80 82 82 80 81 83 82 83 81 81 84 86 84 84 84 84 84 83 84 83 84 84 85 83 81 79 79 82 83 83 84 82 83 82 81 80 79 78 84 83 82 80 81 80 81 82 81 80 80 81 80 81 82 83 82 81 81 81 80 80 78 76 77 75 76 77 75 76 75 72 72 76 74 74 73 75 75 75 75 75 74 72 72 72 70 71 70 70 67 65 66 65 67 66 70 71 71 67 70 71 70 75 75 74 76 75 75 72 72 77 78 80 80 78 78 78 80 80 75 73 65 67
76 79 79 76 74 78 78 78 76 76 77 79 80 80 74 78 80 78 81 83 83 82 81 79 80 82 82 83 83 82 82 82 79 79 79 78 79 80 82 82 80 80 79 79 80 81 78 78 77 75 76 76 77 76 76 75 77 77 75 75 76 76 74 73 75 75 72 70 73 71 69 68 69 67 65 67 68 67 67 67 68 68 66 66 68 68 67 68 70 72 73 76 77 77 78 77 75 75 76 77 80 81 80 81 81 82 84 87 84 84 87 86 87 88 92 92 92 96 93 94 92 93 94 91 94 96 91 84
82 84 83 82 85 83 84 83 85 83 85 87 85 84 85 86 82 80 83 84 85 83 82 81 80 78 78 76 73 76 75 76 74 75 73 78 76 74 75 75 73 72 75 70 65 69 69 74 76 77 78 78 78 76 76 74 76 77 78 78 77 77 77 78 77 78 76 76 76 76 76 77 76 77 79 79 81 82 81 81 81 81 82 82 84 81 83 83 87 90 88 89 90 87 91 89 88 89 89 91 91 92 95 95 91 91 95 95 91 93 94 91 94 90 91 95 90 91 91 88 90 89 83 86 89 85 83 85
81 89 86 85 86 82 85 85 84 85 85 87 87 85 77 82 82 84 84 86 86 86 84 84 87 83 82 79 80 78 76 82 80 79 79 75 71 70 72 73 70 66 67 69 66 67 66 66 66 64 66 71 72 69 68 71 78 82 82 83 80 79 78 79 82 83 81 86 82 84 85 84 84 85 85 86 87 88 87 88 86 85 84 85 84 85 88 88 89 86 89 92 90 89 92 91 90 94 93 94 94 92 92 94 94 95 94 96 96 98 96 96 98 98 97 95 99 95 96 95 92 85 83 77 73 73 66 67
82 82 82 79 80 81 78 80 83 85 84 84 84 84 83 86 87 85 86 86 87 87 86 84 81 85 84 85 85 84 82 84 84 86 85 86 87 86 85 82 83 81 79 85 86 85 86 84 82 83 82 82 82 81 80 84 81 77 78 84 84 87 87 87 88 85 85 85 87 91 90 87 87 86 86 88 88 88 90 90 86 86 87 91 90 93 90 85 93 94 93 93 92 90 91 88 89 93 91 90 89 93 95 95 94 96 94 95 96 89 86 90 91 87 92 96 92 81 80 80 81 63 61 55 57 64 62 64
80 77 79 77 79 85 85 87 85 83 85 84 81 80 82 83 84 83 83 83 86 87 86 84 86 83 84 86 87 86 87 86 87 85 85 86 86 87 88 88 85 84 85 85 86 87 85 85 84 82 85 85 84 84 86 86 84 86 88 86 86 87 89 87 87 85 86 87 87 88 88 88 89 90 89 90 89 87 89 90 92 89 89 88 88 88 91 90 93 93 92 95 93 94 94 94 91 93 94 93 95 92 92 94 94 96 97 96 94 92 121 125 90 95 95 93 87 80 77 72 76 75 74 60 66 69 70 59
83 81 84 85 84 83 85 83 84 84 84 86 84 86 85 86 86 85 85 85 89 87 86 84 85 83 86 86 85 85 81 84 85 87 87 87 86 85 87 87 88 88 87 83 86 87 81 86 84 81 84 81 83 86 85 86 86 85 85 84 86 86 83 85 85 88 87 87 86 87 86 87 88 88 90 88 88 89 90 89 88 90 89 89 89 88 86 88 89 88 92 90 93 93 94 96 92 94 97 95 95 89 87 90 92 90 89 82 79 81 86 89 83 85 77 76 74 81 79 77 72 75 75 57 71 58 66 68
80 81 85 83 84 82 83 84 82 85 87 83 84 88 86 87 82 89 90 86 81 87 88 86 82 82 86 85 83 86 83 84 86 87 85 84 86 85 85 85 86 84 84 83 85 86 85 87 85 86 84 85 87 85 83 84 85 85 84 86 86 88 87 88 88 88 87 87 88 89 87 89 92 90 90 89 88 87 90 90 89 90 90 88 87 92 94 92 92 89 90 89 89 90 93 92 93 93 90 91 87 87 85 81 81 69 73 74 70 71 71 69 66 70 69 71 71 70 69 69 64 65 64 56 55 52 53 53
82 82 83 83 82 82 83 85 81 81 82 84 84 86 86 87 84 82 80 79 81 84 83 80 79 79 83 82 84 84 83 84 85 86 85 85 84 85 83 85 85 84 86 85 86 84 86 83 84 86 85 86 84 84 84 84 86 85 87 87 87 88 87 86 86 87 86 85 84 83 83 85 88 86 86 87 86 85 86 88 88 88 86 90 93 91 89 87 87 88 85 84 84 85 88 81 75 77 75 81 81 78 76 76 63 63 72 69 64 62 66 65 64 68 61 63 68 67 69 69 65 54 48 45 47 47 43 45
82 84 83 80 85 84 81 84 83 81 83 85 82 86 87 86 84 82 85 84 87 85 84 84 84 81 82 81 82 79 82 81 81 83 82 83 85 87 84 85 85 87 86 86 86 84 86 85 85 85 86 86 84 82 80 85 86 87 87 82 85 87 88 86 88 90 91 90 87 88 87 87 88 88 87 89 89 89 87 92 91 89 83 76 75 88 90 78 76 69 60 58 57 54 58 58 54 51 57 61 70 72 71 73 68 63 74 66 63 56 58 65 60 66 78 57 65 71 81 65 63 56 55 58 52 62 62 68
82 83 80 82 83 82 82 82 84 84 83 82 86 85 84 87 87 83 83 83 83 84 81 84 84 82 84 83 84 83 83 85 84 83 84 85 85 85 86 83 81 83 81 82 84 86 85 87 82 82 84 86 85 84 86 85 80 78 80 84 82 78 81 85 84 86 87 89 89 91 88 86 87 87 86 88 86 83 81 81 81 78 73 70 71 82 80 73 69 65 68 71 68 54 39 41 44 48 51 50 49 46 47 45 45 50 62 66 60 60 71 54 53 56 68 67 61 53 47 45 46 52 52 53 52 56 67 65
79 83 83 77 74 76 78 78 79 78 79 80 82 83 82 82 85 85 83 85 86 86 87 82 80 82 84 82 83 85 82 82 83 79 84 86 83 83 83 85 82 79 79 76 78 83 82 84 84 84 84 85 84 83 83 82 86 82 83 88 89 87 86 85 84 87 87 86 84 83 76 80 82 84 85 82 81 76 71 71 70 76 79 77 77 73 72 71 72 73 71 71 72 64 48 50 64 69 48 48 54 53 50 55 48 44 61 62 57 52 73 73 54 52 54 53 56 49 39 42 50 51 49 53 60 66 71 67
80 82 80 80 78 78 79 78 81 82 80 81 83 84 83 84 85 83 84 86 87 82 79 79 83 83 82 82 80 83 83 85 85 82 85 86 86 87 84 83 82 81 82 81 82 86 88 87 84 85 84 85 86 85 82 81 83 83 84 82 82 80 80 79 80 78 79 81 78 78 80 83 83 80 76 86 81 76 76 74 75 77 77 76 72 74 74 74 76 74 75 77 72 63 48 40 38 41 42 42 49 65 62 77 73 56 37 42 46 50 54 56 38 40 43 55 55 51 51 45 40 38 41 51 53 53 56 54
72 75 74 79 82 82 81 83 80 79 80 81 79 78 80 80 80 81 81 82 83 85 84 82 83 83 83 81 79 79 75 80 81 82 85 85 86 87 85 86 87 85 85 86 84 84 87 84 84 80 78 81 80 82 81 85 87 87 86 82 78 76 76 81 77 70 76 101 87 77 78 77 82 81 83 86 78 75 77 76 78 77 76 77 76 74 71 70 68 68 72 68 72 69 68 47 42 34 54 61 59 67 58 55 43 49 46 52 39 45 40 43 38 44 45 47 41 42 44 51 52 50 55 62 56 60 72 77
73 73 78 81 83 81 80 81 82 82 83 84 81 77 81 84 80 82 83 83 83 86 86 86 83 82 81 82 83 83 82 82 82 80 80 84 84 82 83 86 85 83 84 84 85 85 86 86 85 84 83 84 85 86 84 83 82 80 81 77 75 70 70 82 82 78 74 84 77 80 83 87 79 70 66 73 82 77 73 71 72 70 73 69 65 54 64 65 64 68 62 67 65 56 59 59 67 53 48 68 68 61 46 47 41 45 55 43 42 43 46 47 49 48 55 53 50 49 43 48 50 58 59 53 50 53 55 55
76 73 77 81 82 82 84 81 81 81 81 83 83 82 85 86 84 85 82 83 85 84 82 80 83 82 79 81 84 85 81 81 80 80 80 79 83 83 84 80 82 84 82 84 83 82 81 83 82 78 78 81 77 74 73 72 70 70 68 62 63 60 72 86 82 79 74 76 77 76 85 85 73 61 74 65 55 68 65 56 58 59 64 65 70 72 76 82 71 66 63 61 58 54 59 61 61 58 68 66 61 48 54 57 65 69 60 46 37 38 45 35 43 54 54 45 48 58 57 58 54 51 51 57 60 59 66 70
77 73 77 76 79 77 80 80 80 79 81 83 82 84 80 79 75 79 80 78 80 81 80 82 81 83 84 83 83 84 83 85 86 85 84 84 84 86 86 87 87 87 83 81 80 77 79 81 80 74 72 76 78 75 71 72 78 81 77 77 81 80 79 65 67 79 76 76 70 76 74 74 72 63 71 72 64 52 42 41 44 46 45 45 48 47 62 63 53 50 54 53 52 42 52 66 69 70 69 69 65 55 49 63 78 70 73 70 55 45 52 44 49 45 47 46 50 65 68 71 71 68 67 73 74 70 69 61
78 76 78 79 81 83 86 85 84 80 83 85 84 86 84 84 85 82 82 85 83 83 82 80 84 86 87 85 83 84 84 85 83 84 83 80 79 81 80 77 76 79 89 83 82 96 84 75 75 71 70 72 72 83 92 98 95 93 81 77 67 64 78 69 57 64 71 69 71 75 71 67 67 74 82 87 60 58 65 54 41 41 52 64 58 70 70 47 63 65 67 65 62 74 93 105 99 93 78 72 56 63 75 81 87 61 52 52 48 48 54 55 60 67 64 74 69 92 101 91 89 85 85 78 71 76 76 65
80 77 74 78 78 77 76 77 76 73 75 77 79 82 84 82 81 80 79 83 81 81 83 84 85 80 82 79 78 78 77 77 78 77 77 73 71 74 71 70 69 73 74 64 68 73 72 60 69 63 72 81 76 55 70 96 81 88 87 74 81 83 87 92 72 73 80 104 89 115 112 102 93 97 101 115 101 97 86 96 83 57 51 63 63 86 79 47 66 75 84 82 90 101 92 103 92 90 83 95 102 114 116 111 101 92 75 76 80 80 72 74 84 78 73 74 74 80 77 82 76 57 63 62 70 70 62 56
78 77 78 80 79 77 75 74 77 78 79 82 83 82 79 78 80 78 80 83 84 84 83 83 84 84 81 78 75 75 72 76 81 79 78 75 69 81 85 77 84 94 85 70 56 49 39 47 54 53 53 61 66 64 64 80 72 57 56 54 57 63 64 72 68 80 96 98 81 92 87 90 80 87 46 63 74 86 106 104 88 90 58 64 80 92 89 82 90 109 94 86 73 81 81 95 94 86 106 131 142 117 107 101 95 92 100 106 75 60 60 53 59 57 51 50 53 60 64 68 59 47 49 55 59 56 60 66
78 77 76 74 77 76 76 79 78 80 82 80 82 83 81 80 84 83 80 78 80 83 80 80 82 82 82 81 80 86 87 80 77 81 82 77 76 78 75 72 80 69 63 57 55 53 41 44 45 43 35 44 44 59 53 51 45 46 44 61 68 70 76 90 102 93 93 101 95 91 84 116 124 107 90 99 96 66 55 68 72 71 50 46 53 76 62 73 89 96 104 94 90 89 78 92 85 92 121 131 139 126 118 118 117 114 105 100 98 62 46 55 54 53 51 48 47 54 60 51 55 55 68 68 70 72 77 78
72 73 75 75 75 75 73 70 72 68 70 76 77 76 78 81 78 73 75 76 76 76 76 71 69 73 76 78 71 59 62 72 75 79 77 73 71 70 70 88 88 76 63 60 58 57 54 46 48 49 40 34 34 41 41 38 39 44 62 66 79 99 99 101 89 83 81 77 82 85 93 98 91 97 102 113 94 66 54 41 35 42 54 67 79 82 66 67 71 70 80 80 75 102 94 86 71 75 116 128 125 122 128 133 144 140 131 120 115 105 85 64 57 66 78 75 72 79 84 74 76 76 74 75 75 74 76 75
74 73 73 75 72 71 75 72 73 70 69 73 76 79 82 84 83 79 76 74 75 76 79 75 71 73 76 78 76 75 74 72 79 73 69 79 74 67 76 68 69 71 68 71 72 66 65 58 60 66 55 48 46 49 48 54 61 65 59 66 70 78 85 62 64 80 91 90 90 86 94 77 88 101 80 63 64 80 85 83 68 68 75 78 73 78 61 46 56 73 92 59 52 79 89 91 68 60 100 125 110 115 112 122 132 133 134 124 115 106 113 74 90 76 81 79 79 80 76 75 74 74 72 72 72 74 76 75
75 75 75 75 78 79 76 76 76 75 75 68 73 74 73 71 76 76 75 74 72 71 71 63 69 75 77 79 81 84 82 84 82 77 76 77 78 76 72 77 70 70 69 71 78 66 62 53 64 67 54 42 46 68 72 66 46 35 34 69 82 78 86 90 89 84 75 82 69 65 89 91 73 58 61 76 80 88 102 102 99 90 82 65 68 84 77 72 68 67 65 64 45 52 53 45 60 58 58 131 72 60 59 99 88 75 97 80 69 75 127 104 63 50 71 77 78 74 74 81 76 76 75 76 80 79 81 84
71 70 72 72 74 71 76 75 71 68 75 73 67 65 69 70 68 73 73 77 74 75 73 72 71 75 79 78 78 79 78 79 78 81 77 77 78 75 68 90 104 95 87 81 74 63 58 55 57 46 45 44 41 47 54 44 47 60 54 51 71 70 80 74 85 98 74 72 83 49 44 72 70 75 88 88 65 56 74 89 88 86 69 79 101 110 92 73 75 73 74 77 66 65 67 53 56 61 59 131 71 62 73 108 85 87 96 70 73 78 78 80 65 75 79 82 81 77 79 78 80 77 77 75 77 80 79 76
71 72 68 68 71 72 71 73 66 69 66 69 73 78 76 72 68 71 74 83 82 73 71 73 73 75 75 79 75 75 78 74 74 74 77 88 77 92 102 98 109 119 119 115 117 116 85 60 52 49 53 48 57 62 43 45 48 56 58 75 70 59 57 56 61 76 69 79 80 61 74 86 79 64 64 73 88 76 54 59 62 58 52 50 54 61 75 67 64 67 66 81 87 82 87 82 72 68 66 68 73 70 69 69 71 68 67 70 76 75 69 71 73 76 73 72 73 74 71 74 75 73 69 67 69 69 72 73
69 69 66 68 75 73 73 79 79 68 75 112 97 86 85 82 78 66 54 55 55 62 67 69 88 90 89 91 93 82 79 70 65 54 59 77 86 96 107 91 90 89 99 102 121 112 99 82 67 63 67 66 75 72 74 71 64 62 60 64 56 58 58 58 62 56 51 55 57 46 41 58 54 63 51 56 67 70 86 80 83 86 80 77 67 66 69 85 88 98 96 92 92 90 88 74 75 80 80 74 78 75 70 71 73 69 70 69 73 78 71 76 72 70 70 68 70 69 70 68 69 71 70 73 73 73 69 71
54 57 69 73 72 71 72 74 68 59 62 96 105 97 102 77 76 69 67 56 53 53 75 87 88 89 90 88 87 88 96 91 87 84 99 93 95 101 92 75 91 95 103 97 103 107 86 87 78 75 74 71 70 79 79 83 98 98 93 81 82 86 84 95 96 77 71 68 64 65 55 53 51 47 48 83 82 88 87 85 76 96 109 92 95 89 76 82 88 95 91 102 98 83 79 80 81 74 77 86 82 77 74 73 76 67 68 67 69 69 69 70 69 68 68 66 69 71 66 64 65 67 64 62 59 66 61 66
87 72 75 74 71 85 85 79 89 82 89 83 85 103 94 92 83 69 68 66 69 64 66 66 57 54 68 70 76 83 86 85 93 100 97 102 91 88 83 79 90 93 87 86 93 88 87 92 87 86 85 79 90 87 80 84 84 97 94 93 99 94 88 93 96 88 87 78 85 91 75 77 94 83 74 65 67 87 87 85 90 86 88 90 96 87 70 65 69 71 73 92 84 69 67 65 74 84 69 78 95 83 77 81 75 70 75 65 64 67 66 65 65 65 64 66 65 66 63 60 64 64 64 66 66 67 66 69
117 100 87 89 97 106 95 90 99 75 72 66 71 84 72 79 85 90 105 106 84 54 43 46 45 44 53 60 58 60 68 74 76 73 70 71 91 105 106 92 59 70 86 70 66 89 90 72 52 60 71 92 85 85 85 85 68 56 73 83 98 87 87 84 106 105 109 100 77 70 87 92 88 79 83 65 66 69 85 83 70 74 97 95 90 92 80 66 62 58 50 45 36 30 33 28 31 45 58 58 69 58 59 67 64 66 68 79 77 62 57 63 64 65 70 67 65 64 67 65 67 68 68 69 70 68 67 69
100 92 96 91 99 90 60 67 83 103 96 83 79 70 81 82 86 97 109 107 120 109 86 55 48 44 34 38 50 65 67 66 66 57 53 72 93 96 100 102 87 80 74 74 65 69 90 75 60 65 59 81 91 66 56 58 42 34 40 37 65 81 76 77 85 66 83 98 100 103 103 104 99 99 101 96 92 89 83 64 56 58 60 61 83 78 86 83 68 67 70 67 56 57 69 61 54 67 75 80 81 78 75 72 61 70 70 73 72 66 64 67 67 66 65 62 67 63 65 65 67 72 70 69 68 66 69 66
115 68 71 98 96 107 91 105 100 106 104 92 97 77 82 91 99 86 97 94 98 106 114 103 81 54 45 32 29 25 35 42 60 76 62 69 91 93 86 90 95 99 89 90 93 83 80 75 63 53 59 50 50 44 35 35 41 46 43 40 56 74 84 86 87 75 65 79 100 95 110 111 110 90 102 96 109 110 104 97 88 81 80 76 82 72 78 92 95 78 70 70 73 70 61 72 77 73 67 69 66 72 70 74 74 70 70 67 65 69 66 69 69 67 68 69 69 69 70 66 66 68 68 69 67 66 67 64
101 95 108 109 105 105 99 104 116 109 123 112 112 95 101 102 89 88 87 100 98 82 88 100 110 101 50 43 34 37 39 42 44 56 70 79 79 74 66 63 69 80 88 82 76 75 76 75 77 82 71 76 82 87 83 74 76 67 63 58 52 41 45 54 68 70 71 77 90 89 89 89 80 59 76 78 83 84 103 85 77 80 79 77 80 81 76 79 76 76 82 81 71 69 63 66 67 60 59 61 61 61 65 68 71 65 72 78 72 67 76 90 75 71 76 72 74 72 73 69 66 66 67 65 65 68 64 71
101 97 97 100 106 102 103 96 90 92 94 88 74 91 95 98 109 123 117 112 104 84 85 82 85 88 64 47 38 47 37 36 37 44 73 83 89 77 67 57 63 73 67 72 74 78 77 85 90 86 74 80 72 66 76 73 82 86 80 82 90 82 67 61 55 50 65 75 87 83 86 87 85 87 84 87 79 75 73 71 65 83 95 85 82 82 77 85 88 91 90 78 73 74 72 67 65 64 59 57 56 61 61 61 59 56 55 59 61 59 82 81 80 89 87 79 81 76 78 76 73 71 73 68 69 74 83 81
69 70 67 51 52 67 71 74 72 67 89 75 50 50 61 73 88 92 97 102 87 74 73 79 73 80 82 96 78 79 74 71 48 53 87 86 83 85 87 89 82 83 97 107 117 114 107 108 100 98 90 88 88 90 82 86 75 76 75 70 70 81 70 70 75 78 76 72 77 77 80 92 89 86 80 77 84 89 92 92 94 91 93 93 94 88 80 76 90 89 83 75 82 94 99 97 103 96 93 81 72 74 62 64 67 72 67 68 67 72 73 70 74 81 81 90 97 93 85 84 75 68 69 73 74 76 72 64
73 56 54 43 24 30 34 39 38 42 106 91 84 62 60 54 83 100 87 83 93 87 70 79 84 80 89 98 89 94 87 91 94 78 68 71 68 70 81 85 78 77 68 76 81 71 78 79 77 78 82 79 78 85 87 86 90 99 101 97 90 67 55 46 54 59 67 68 66 65 66 61 67 69 66 71 77 82 83 82 94 100 90 89 86 84 82 76 77 71 78 78 80 74 71 69 78 84 86 86 90 92 69 60 60 59 65 63 63 66 69 68 73 74 75 78 75 78 75 72 72 66 63 68 67 69 70 61
110 88 57 46 41 35 32 43 31 24 60 76 84 64 74 76 96 117 87 95 94 95 92 90 89 71 71 64 78 87 81 81 71 76 52 46 54 50 78 96 94 90 95 88 75 65 60 60 59 61 71 74 82 87 88 92 96 94 97 99 98 94 99 99 88 69 56 66 81 78 80 82 79 78 72 69 76 74 73 72 69 72 69 75 77 70 70 73 72 70 69 69 68 68 64 60 60 66 71 73 68 69 73 70 66 65 73 80 77 73 77 72 72 74 74 73 68 71 64 65 67 67 66 67 66 64 65 71
100 92 84 77 80 54 48 45 53 39 30 32 45 64 78 79 86 93 73 78 76 77 74 82 69 67 84 75 82 83 79 73 66 64 49 40 44 80 92 88 94 94 91 91 93 79 67 66 60 64 84 94 92 88 91 89 93 95 85 77 75 91 93 94 98 93 72 65 62 58 62 66 74 78 76 81 81 63 58 67 75 70 71 82 81 79 75 72 69 65 66 67 67 67 65 65 65 69 69 69 75 78 78 76 74 74 76 72 73 70 69 70 68 70 68 67 68 64 63 64 68 74 68 65 67 63 62 64
85 90 92 83 66 56 71 81 80 80 73 68 51 49 89 84 66 52 43 45 44 46 42 64 50 70 80 75 83 85 81 85 91 92 94 99 86 67 61 63 87 86 69 54 53 60 62 65 52 72 77 75 69 68 71 64 65 73 77 79 85 92 88 84 90 94 86 66 52 47 51 60 64 63 66 70 83 82 73 51 50 66 79 79 80 82 76 75 75 74 73 76 73 73 74 72 72 71 70 72 73 70 68 66 70 71 75 68 69 66 67 70 71 67 65 66 65 62 66 71 69 70 70 68 61 53 64 68
74 70 59 56 45 32 45 68 67 64 84 95 90 87 89 65 37 43 49 40 39 35 36 36 39 49 49 75 85 86 84 79 79 87 87 92 98 62 90 106 103 83 92 71 47 50 48 48 43 43 55 63 61 53 47 46 56 51 58 64 68 81 88 86 82 85 82 78 78 66 64 59 51 54 71 86 77 85 88 67 61 61 58 62 93 94 80 83 90 79 70 84 88 88 85 83 81 82 78 72 72 71 71 69 67 70 70 68 67 65 64 61 65 62 61 65 67 66 70 67 68 69 66 69 69 64 68 71
80 66 76 70 75 74 64 55 50 47 57 68 76 76 83 79 63 70 66 62 47 34 33 34 47 63 72 79 84 87 89 58 48 60 58 61 69 64 80 84 73 80 97 84 69 69 56 67 83 76 66 62 63 72 83 90 84 75 70 65 69 67 84 90 88 88 86 81 87 85 80 76 74 65 57 89 108 105 94 84 73 70 61 52 75 78 77 77 67 82 85 86 84 79 77 78 76 76 77 73 70 71 66 63 62 65 63 63 60 61 59 56 60 61 64 67 68 65 58 66 68 64 67 67 69 65 67 68
72 73 79 78 83 81 80 86 84 69 54 49 54 74 75 69 64 75 83 79 77 77 78 78 87 84 99 105 99 92 93 96 82 56 51 60 74 92 91 90 84 73 59 46 43 45 42 57 72 81 64 67 82 85 91 86 85 93 94 82 80 81 77 83 95 99 92 82 74 76 75 75 75 78 80 71 85 72 62 58 71 79 71 66 71 76 75 67 69 72 68 71 76 72 70 68 66 67 67 71 70 69 64 67 67 65 65 64 67 70 60 66 77 73 61 60 64 67 67 64 66 66 69 70 70 70 72 67
100 78 49 72 89 79 78 74 68 79 79 56 54 54 53 70 71 72 81 85 95 95 99 99 90 92 102 105 101 95 84 85 92 91 98 88 68 68 81 90 101 88 80 57 60 33 35 38 41 55 78 76 79 88 94 94 92 88 90 88 90 89 73 84 89 94 108 107 61 58 77 83 83 73 81 71 51 66 58 55 61 72 78 77 76 79 74 64 67 65 65 65 65 66 64 64 65 66 67 73 73 68 63 70 74 72 73 69 69 55 61 75 77 69 65 69 71 59 62 62 61 65 70 71 73 70 75 73
95 89 67 69 66 80 85 81 76 76 79 71 73 89 49 43 56 67 67 69 70 77 85 96 90 98 84 80 80 87 84 98 103 106 91 67 65 65 85 94 73 75 80 92 96 58 38 36 39 42 47 49 59 89 101 102 101 101 98 96 93 89 86 84 81 52 56 63 47 56 77 83 69 43 48 59 84 97 92 80 68 70 68 69 71 74 72 65 66 63 69 62 61 66 68 66 66 69 69 69 70 68 67 65 69 72 70 71 72 76 74 72 71 70 70 71 70 66 68 71 70 71 75 73 73 74 74 70
82 74 65 73 70 81 72 73 76 70 73 79 75 83 53 71 82 93 93 95 97 93 87 61 50 66 75 62 59 80 92 103 111 109 106 108 106 106 108 94 78 75 70 83 75 63 64 47 47 47 50 62 72 70 89 90 93 90 98 106 79 74 78 73 67 60 41 37 70 78 67 65 65 72 82 83 85 88 85 79 77 88 84 82 76 69 71 72 76 67 66 64 66 64 67 67 68 68 70 64 63 65 65 64 66 68 71 72 62 66 72 73 68 68 69 74 74 67 71 69 73 74 77 74 72 73 75 73
42 37 31 36 47 57 59 51 37 43 53 56 44 41 43 82 97 96 98 103 86 86 87 79 94 104 101 101 75 63 67 68 77 83 87 90 97 104 101 103 96 79 72 78 65 44 42 59 82 93 102 102 106 111 108 105 97 74 68 82 64 62 63 65 70 72 71 69 60 62 70 80 86 90 91 84 69 65 56 70 92 94 92 100 95 72 72 78 77 72 74 73 73 71 69 66 71 68 66 65 61 61 65 66 65 72 72 67 65 68 70 71 72 66 75 79 75 68 68 68 69 77 76 74 71 71 76 78
81 52 32 33 37 39 43 57 66 53 38 29 25 24 27 43 72 97 98 89 83 94 86 81 92 93 99 113 110 96 82 71 72 66 60 64 82 91 103 112 103 89 71 52 45 48 66 95 101 103 102 100 101 97 95 95 97 82 81 73 67 55 50 55 65 73 68 67 69 68 97 93 70 75 67 68 57 51 75 103 99 71 67 87 85 77 76 75 72 73 75 71 84 80 70 70 70 64 68 66 72 73 70 68 67 68 65 68 67 68 69 67 70 69 66 68 66 70 74 75 74 73 71 68 68 74 73 68
113 103 81 65 52 37 30 33 45 58 78 86 54 40 29 24 34 56 80 86 90 81 79 79 81 93 107 110 113 111 107 105 103 97 90 83 76 68 72 91 93 66 52 47 48 71 101 104 102 100 103 104 97 81 86 87 81 83 92 79 73 63 55 45 49 49 60 67 69 68 87 96 64 62 58 62 63 60 64 81 78 63 54 77 74 72 72 70 70 71 73 70 69 73 71 72 72 71 66 70 73 72 69 68 72 68 67 70 73 70 71 66 67 73 69 67 73 73 71 73 78 68 69 67 72 70 67 70
98 107 91 91 83 74 48 27 24 24 31 44 57 53 46 44 54 48 53 82 84 79 79 80 85 93 102 97 96 107 110 114 118 117 88 84 85 83 79 63 59 75 77 50 53 98 104 98 98 103 105 107 90 80 83 85 90 83 84 85 74 58 40 31 38 42 50 56 66 71 69 103 76 72 63 58 55 61 65 58 62 66 47 58 67 68 68 70 69 71 68 68 67 68 70 73 76 73 77 78 78 77 72 67 71 71 74 75 76 68 70 63 67 67 69 68 66 68 69 67 74 73 67 66 64 67 67 68
83 85 66 65 79 87 76 64 41 29 28 29 37 48 58 83 81 60 45 49 67 81 87 87 86 90 97 96 102 108 111 111 109 88 74 80 82 92 90 57 43 62 57 44 62 81 92 93 92 94 100 103 91 79 74 74 87 91 82 88 82 60 84 73 57 79 78 55 47 60 61 95 88 66 76 65 47 40 54 51 48 48 36 49 59 62 68 75 73 67 65 62 65 65 62 62 64 64 67 70 71 71 67 63 69 68 70 66 64 65 65 64 66 66 56 46 45 47 55 65 70 70 68 70 63 65 65 66
48 83 98 64 87 75 80 83 72 52 38 25 28 50 63 88 92 66 40 37 74 86 89 87 77 81 89 88 89 102 105 103 87 87 72 69 76 90 72 40 40 46 60 79 92 94 90 85 82 82 91 97 80 62 60 58 60 53 54 62 61 67 70 90 77 92 105 90 45 45 44 77 105 82 63 58 55 36 41 54 61 61 51 62 63 71 70 69 70 72 71 75 82 86 87 91 93 97 100 103 104 108 102 100 99 98 98 99 104 108 116 126 132 135 110 40 36 35 36 64 69 65 64 64 62 62 62 61
56 62 75 56 76 81 77 80 81 79 60 44 26 41 73 75 74 69 32 40 78 85 87 83 82 91 80 80 96 93 99 88 66 77 97 65 53 51 43 48 65 81 89 92 89 89 88 89 85 86 91 100 102 104 91 83 76 52 28 22 25 45 46 35 53 69 103 98 74 47 56 73 103 97 98 86 55 58 104 118 117 118 114 107 104 106 104 114 113 150 176 178 177 177 184 183 187 178 173 178 173 166 114 93 96 102 124 129 133 129 102 117 127 133 119 45 40 36 35 54 69 65 61 62 59 57 61 65
56 44 37 33 33 70 68 57 58 70 71 58 38 27 52 42 51 46 30 44 84 80 78 78 86 85 80 76 107 110 95 62 54 45 71 65 35 40 62 89 96 91 87 89 94 97 98 99 107 101 82 81 96 88 84 92 90 87 73 58 37 28 27 31 44 38 81 107 97 72 70 68 94 97 104 101 88 125 137 115 90 91 106 133 149 158 159 100 91 140 178 175 173 178 187 182 173 203 201 163 164 164 157 154 150 167 248 251 251 252 220 120 121 132 122 47 41 33 34 58 63 61 61 60 59 60 65 67
92 64 45 35 31 28 34 31 27 26 25 28 33 28 26 30 32 34 37 47 74 82 80 89 80 82 83 80 80 75 76 61 56 46 38 48 64 84 93 90 89 90 92 89 97 105 100 99 102 89 82 74 75 73 85 89 83 84 81 81 83 72 61 48 38 29 41 97 99 79 77 79 83 106 76 88 125 124 93 69 89 167 234 253 255 255 255 171 124 157 155 162 167 172 173 166 162 174 177 159 161 164 164 174 188 229 251 250 249 253 232 122 121 130 121 48 38 35 37 60 58 56 55 60 61 61 65 66
116 92 76 71 66 57 36 33 42 53 58 46 41 31 25 25 24 35 37 42 46 67 84 87 87 94 90 92 70 69 64 60 42 47 72 83 92 96 91 93 89 78 59 61 96 98 106 110 93 81 66 74 73 73 73 74 74 81 84 85 83 82 70 45 32 35 38 72 109 91 75 72 76 72 57 82 111 82 76 115 186 255 253 251 250 250 251 252 230 212 194 183 172 161 150 150 149 151 153 162 184 204 224 244 254 254 252 252 252 255 225 116 120 126 119 49 37 36 38 56 60 59 58 57 63 69 67 64
89 82 75 70 69 86 69 32 36 54 92 98 84 55 31 24 27 28 29 34 39 41 42 42 47 52 55 55 40 44 44 48 73 89 96 94 89 90 91 85 86 92 89 83 75 72 78 94 79 88 59 45 59 70 57 68 74 84 92 86 75 70 67 60 46 41 42 50 90 111 88 63 55 40 42 57 69 84 138 191 219 227 247 250 251 252 253 255 255 255 255 254 246 233 223 210 197 203 219 238 247 247 246 240 238 235 233 230 227 227 189 114 117 122 121 52 38 36 39 57 59 58 59 65 69 63 66 64
87 89 82 81 91 93 87 58 39 41 100 112 117 124 109 68 32 27 25 23 27 41 48 56 55 56 61 59 57 56 51 73 87 88 88 89 88 92 96 94 101 107 105 102 98 87 70 55 47 43 54 52 42 44 39 50 55 59 71 62 74 79 81 73 66 65 61 54 63 101 94 81 88 59 53 59 84 121 136 172 170 166 175 179 179 176 175 175 174 171 169 165 163 160 159 160 160 159 156 150 142 142 140 138 139 136 137 133 129 121 110 119 118 122 120 53 35 33 40 64 64 66 64 63 62 63 61 60
74 70 71 64 72 72 66 57 60 51 98 113 109 100 114 118 93 70 47 36 32 36 51 89 85 87 90 93 96 86 75 73 79 80 87 90 93 104 110 106 103 100 101 96 92 98 96 88 84 57 55 42 32 33 40 47 49 52 47 36 41 52 63 56 62 59 62 61 61 83 104 87 73 72 107 87 123 121 84 78 81 84 86 93 96 96 98 100 101 103 105 109 112 117 117 118 121 119 119 117 115 116 116 116 113 112 112 113 115 118 109 119 119 121 119 56 38 38 46 63 64 66 61 61 58 60 60 65
109 110 110 96 92 78 67 61 49 39 68 86 83 93 114 110 110 110 109 75 50 49 45 72 86 90 92 87 70 80 86 86 86 85 92 97 98 97 96 95 101 93 92 94 98 97 95 100 101 82 70 85 86 73 50 52 55 52 43 49 50 54 56 68 70 66 65 66 73 102 105 93 73 63 98 76 119 104 45 70 73 75 80 88 89 89 91 92 95 96 97 101 102 104 104 105 106 106 107 105 105 103 101 100 103 106 107 111 116 122 113 117 118 122 122 53 37 36 51 62 59 58 61 60 61 56 62 66
117 128 127 125 124 122 123 121 113 97 53 45 50 86 99 113 119 109 101 96 67 43 44 53 62 70 83 78 82 86 91 95 94 97 98 103 105 102 100 95 92 91 89 82 80 89 89 88 92 100 99 83 68 64 61 46 55 57 60 63 63 65 64 58 58 60 58 76 113 116 89 98 84 100 101 83 76 58 57 89 114 116 128 136 138 142 145 148 146 144 146 152 160 168 173 176 180 184 188 192 194 196 199 201 203 206 208 209 213 212 125 114 118 121 115 48 36 34 52 59 59 61 59 60 65 62 65 70
94 107 116 115 114 123 124 124 130 133 97 41 37 67 94 94 83 90 79 63 54 38 45 56 81 82 89 93 96 96 100 102 103 105 112 107 98 95 98 99 101 96 90 88 78 79 85 76 76 82 67 67 81 74 53 45 38 47 54 57 58 56 54 58 55 57 87 120 127 89 55 90 99 110 165 95 105 152 154 169 235 251 248 249 248 249 251 251 252 252 252 253 253 255 255 255 255 255 255 255 255 255 255 255 255 255 255 254 255 223 115 116 120 125 106 42 35 34 56 65 61 58 60 63 71 65 62 64
58 62 64 65 66 71 77 81 88 95 104 70 27 66 96 93 81 89 79 43 29 50 61 77 94 91 86 89 97 100 103 106 108 103 101 95 93 100 106 105 106 101 97 95 98 97 99 98 90 73 76 64 47 65 73 68 49 36 35 40 47 56 53 50 57 97 125 129 91 58 74 117 103 102 183 105 90 149 167 170 185 241 250 248 249 246 246 246 245 246 246 246 247 249 250 250 250 250 251 251 251 251 252 252 252 252 252 251 255 172 112 119 120 125 90 39 33 33 57 61 60 55 62 63 66 66 66 63
58 59 59 59 59 63 63 65 57 51 56 55 36 36 62 62 53 43 35 31 42 74 85 78 70 80 79 77 90 99 94 94 97 93 92 90 91 93 96 99 105 107 115 125 122 114 119 106 91 82 84 79 65 60 67 59 67 53 44 39 36 38 42 56 103 122 126 93 60 69 107 127 134 89 134 143 62 146 195 166 146 169 241 249 249 250 250 251 251 250 249 249 249 249 251 252 252 251 252 253 252 252 252 252 253 253 252 254 234 123 118 120 122 124 70 37 32 32 50 47 51 59 57 63 62 55 60 60
48 40 45 47 50 50 52 53 57 43 44 37 28 27 38 33 25 23 32 50 60 57 54 56 68 65 71 87 78 77 87 85 84 88 94 96 102 101 100 108 117 122 122 120 112 103 97 94 92 85 89 80 84 103 112 90 79 68 55 44 49 42 49 105 121 120 91 62 67 98 107 144 91 95 95 131 76 109 201 145 126 127 176 202 207 213 217 218 216 232 238 241 244 243 244 231 233 246 248 249 249 248 249 247 240 239 241 242 168 111 120 119 123 112 51 36 31 35 50 50 48 53 60 58 53 55 56 63
24 22 23 24 28 26 27 30 32 27 25 23 24 28 27 32 46 39 55 52 51 48 53 46 47 72 56 56 82 73 75 94 100 98 102 105 107 107 108 115 110 110 105 100 97 95 99 95 84 82 82 95 110 116 117 126 129 128 117 79 62 60 105 112 108 93 68 63 94 94 134 90 85 178 104 99 82 79 130 129 114 132 153 169 172 172 172 170 172 180 181 182 187 197 196 177 188 226 235 237 237 234 240 228 221 222 225 196 114 114 130 131 124 94 39 33 29 41 54 52 53 54 54 51 55 55 59 53
21 20 20 21 20 21 21 20 21 21 21 22 23 23 27 50 42 53 64 58 64 69 80 98 81 74 66 70 75 71 49 54 86 105 100 106 102 97 106 105 94 98 110 104 102 101 99 94 86 81 93 97 102 111 110 127 153 136 107 80 72 102 93 101 93 73 60 87 93 116 100 59 174 165 103 97 81 60 100 117 120 132 127 103 98 98 109 108 104 107 110 133 148 166 157 161 170 188 200 214 220 226 223 216 217 219 215 124 97 102 194 150 110 67 35 34 32 53 57 54 52 49 49 58 55 53 58 56
20 20 21 20 21 21 22 21 21 21 21 22 22 22 32 36 42 44 47 53 56 60 69 106 112 97 96 107 108 103 89 71 60 65 63 80 96 89 100 99 102 98 91 97 100 98 95 89 89 87 93 105 95 101 107 123 147 119 86 80 106 111 112 107 81 62 75 89 96 103 51 154 166 86 82 101 104 55 63 105 108 108 67 45 48 48 60 62 75 84 88 121 143 138 134 149 159 163 168 172 182 192 204 213 213 214 152 101 105 110 133 115 97 42 32 28 38 55 51 51 52 53 49 54 61 53 51 50
37 26 21 20 21 22 22 22 22 22 22 22 21 27 46 48 56 64 66 62 67 64 57 86 105 97 109 112 108 112 115 104 97 92 97 99 97 97 99 115 113 109 99 95 93 86 86 93 102 95 91 101 99 94 96 79 91 98 79 106 118 116 115 89 69 61 75 78 76 45 111 150 69 64 80 87 117 96 44 78 73 55 46 49 48 49 50 47 56 70 108 127 122 115 133 146 147 149 152 153 159 156 170 182 201 165 104 109 112 118 120 119 66 35 28 29 57 60 66 53 56 59 50 50 53 55 57 44
64 57 44 33 25 25 26 26 28 26 26 27 30 25 28 39 57 65 63 62 55 43 49 77 110 103 102 108 106 104 104 96 97 89 82 91 80 71 79 94 120 106 99 95 102 101 95 92 99 97 100 100 93 95 81 90 86 76 106 121 117 115 97 78 51 57 65 62 42 82 100 49 45 56 58 60 89 124 69 51 48 38 45 49 55 56 54 54 57 70 102 102 91 110 132 136 137 139 142 146 142 148 150 154 147 110 114 122 123 122 125 100 41 36 27 45 83 58 51 50 50 43 42 52 52 55 55 62
49 58 61 57 48 37 39 37 41 42 44 50 53 28 32 38 45 52 52 38 37 57 70 61 73 104 115 113 112 103 99 98 92 98 74 73 77 74 49 40 82 110 107 99 90 90 105 107 98 93 90 94 95 92 92 89 88 102 120 117 113 106 73 55 44 55 47 38 75 91 44 39 48 55 51 34 42 112 110 54 33 39 45 41 40 49 54 57 53 64 74 69 77 98 110 114 116 123 130 127 134 141 142 134 110 115 122 123 125 125 123 64 36 34 25 44 51 55 61 51 42 56 58 67 52 52 56 62
39 41 45 52 56 53 43 46 57 57 54 55 54 30 28 26 28 31 35 42 50 54 55 55 53 75 110 109 99 91 88 97 86 86 81 79 80 76 57 51 62 68 98 98 104 86 82 96 103 100 95 99 96 96 100 88 97 117 117 113 115 92 57 37 45 40 35 67 82 43 36 43 45 43 36 37 44 79 119 89 50 55 59 61 52 47 44 44 45 67 79 72 88 89 92 100 102 113 107 96 110 117 123 110 115 120 123 125 124 123 91 36 40 41 47 42 46 41 50 52 51 68 60 56 54 45 51 44
46 53 46 41 46 51 54 56 50 58 59 53 50 27 21 21 29 36 38 57 60 57 55 56 57 56 93 103 95 95 97 80 60 76 74 69 68 59 50 50 51 40 48 57 74 95 94 97 106 99 96 102 103 100 108 98 115 116 115 115 111 73 46 38 35 25 56 74 40 35 44 45 46 44 40 47 44 38 103 108 68 53 58 61 64 63 59 58 63 67 62 76 85 88 96 100 102 99 83 95 96 99 107 116 122 123 125 124 122 106 44 36 42 46 57 54 50 50 45 54 57 54 55 54 48 47 58 51
86 89 80 68 67 66 53 54 54 52 55 52 47 42 37 30 45 46 40 40 40 45 53 59 61 53 77 94 92 89 75 62 72 94 105 86 83 88 89 90 90 89 86 78 61 57 97 114 115 105 97 90 84 93 93 113 115 113 112 118 102 60 35 27 21 46 68 46 50 63 64 51 48 40 42 46 48 44 64 97 92 52 53 58 59 56 55 63 64 54 56 67 68 67 74 82 86 84 87 93 101 108 117 121 123 125 124 121 113 59 32 52 53 69 76 50 45 54 52 57 56 55 50 50 49 48 51 44
113 103 107 87 78 79 76 64 63 60 64 62 57 54 49 39 41 45 40 33 27 27 44 46 51 51 91 91 84 97 107 99 100 102 113 116 108 107 102 110 116 100 97 110 114 105 87 101 96 86 89 83 68 67 109 116 114 118 119 120 90 49 25 20 36 68 63 57 63 61 61 60 60 56 51 41 33 31 26 49 52 51 51 55 54 51 54 55 54 52 58 63 66 69 70 67 62 63 76 99 112 121 123 124 125 124 120 116 71 29 50 67 57 55 67 64 49 63 62 61 52 43 40 49 50 49 48 38
103 106 94 106 89 82 80 88 74 67 81 79 67 62 62 53 40 31 25 26 25 23 24 27 29 26 36 58 63 74 78 75 59 90 123 103 96 117 113 102 92 92 109 104 90 96 90 87 72 78 102 99 89 103 122 120 122 121 116 115 77 38 21 39 70 67 58 56 56 57 59 57 55 55 57 57 54 53 47 36 34 42 54 46 44 46 45 45 49 58 63 62 61 61 63 61 56 74 105 119 119 121 123 124 122 119 117 76 31 45 59 50 45 52 69 68 61 56 49 50 57 50 61 57 55 47 37 36
96 108 91 96 101 76 69 81 80 66 67 58 71 69 61 47 41 65 65 48 38 37 33 28 25 22 25 57 64 59 69 70 78 90 107 108 106 116 111 104 112 111 105 87 94 104 101 105 94 57 86 94 92 122 123 124 123 118 116 113 69 32 44 66 67 57 55 53 54 59 59 55 55 55 55 53 52 50 49 47 42 40 41 42 40 41 41 42 43 48 49 51 50 51 51 60 94 117 121 123 121 123 125 123 122 120 80 33 42 64 44 55 62 62 49 49 49 56 54 52 49 62 82 63 41 37 31 29
98 102 97 80 85 88 69 65 75 63 63 62 45 61 76 68 50 91 76 94 68 43 46 46 41 36 27 39 50 57 67 91 112 112 97 102 108 94 75 78 72 73 74 67 69 66 71 64 54 53 41 47 109 125 125 125 123 120 120 121 71 35 59 64 60 53 52 50 50 51 49 48 51 54 53 53 51 51 49 47 44 44 49 46 40 39 39 40 41 42 44 47 47 54 82 112 123 123 121 123 125 125 123 121 121 84 33 42 64 41 40 42 54 52 46 48 54 49 48 61 52 53 45 45 39 32 31 40
111 114 108 98 82 57 69 71 80 68 63 68 55 49 54 62 44 80 101 107 88 23 26 40 42 46 49 43 37 33 51 102 90 79 86 83 86 106 92 86 77 68 52 57 44 36 36 27 26 28 39 70 122 125 122 124 125 123 121 119 83 42 56 60 55 51 49 48 47 46 46 49 51 51 51 49 48 48 48 47 44 43 44 45 42 38 39 41 42 42 40 45 72 108 123 124 122 122 123 122 123 123 122 118 81 32 45 69 42 44 44 46 58 45 49 61 56 47 51 48 46 48 45 37 30 30 33 36
108 116 111 91 98 93 38 39 63 70 65 60 57 71 55 39 50 35 80 80 32 23 26 48 39 46 50 50 52 53 46 45 49 51 49 56 51 64 82 73 71 72 64 58 39 38 39 33 29 32 32 97 123 125 123 126 125 124 122 118 96 53 53 56 52 49 48 48 47 49 50 50 48 47 47 47 47 46 45 42 40 42 42 42 45 41 40 40 39 45 69 102 119 123 125 124 125 123 121 120 121 122 117 71 30 50 73 42 38 53 52 42 57 71 52 50 53 53 49 56 52 42 40 33 31 33 42 61
119 105 102 102 97 100 93 53 32 45 58 64 72 59 50 51 64 49 27 23 30 37 43 42 49 48 50 54 54 55 54 43 36 35 38 39 38 36 35 48 61 47 39 35 35 38 44 61 71 87 66 112 124 124 127 128 126 123 123 122 116 77 49 52 50 46 44 43 44 45 45 44 44 44 43 43 42 43 41 40 43 44 43 42 43 41 41 52 78 107 123 125 123 123 126 125 123 121 120 118 120 107 57 30 57 72 64 47 45 47 45 45 51 52 44 51 51 50 48 55 43 39 34 34 36 46 46 51
104 120 96 99 104 100 110 110 69 59 81 78 63 50 51 53 52 39 27 35 44 40 45 50 44 49 54 48 48 52 56 53 55 45 36 37 39 40 46 45 41 42 44 47 45 59 83 91 91 95 70 118 124 125 125 125 124 123 122 123 124 108 67 48 49 45 43 42 42 42 43 43 43 43 42 42 43 43 41 40 41 42 40 41 50 71 96 117 125 125 124 126 127 127 125 123 122 120 120 119 92 43 36 69 75 42 41 40 42 44 54 49 56 49 44 49 51 49 52 50 36 38 29 35 36 34 35 41
72 86 102 89 86 110 96 114 111 90 88 68 53 57 53 60 41 52 55 44 46 36 40 49 44 56 92 86 60 47 41 43 78 72 36 27 31 41 58 52 42 61 50 64 88 89 74 79 85 86 70 117 121 123 121 122 121 122 122 123 122 121 104 67 49 45 43 42 42 41 42 42 42 42 42 43 42 41 38 38 42 55 76 98 117 127 128 125 125 125 128 129 128 125 123 121 119 121 109 64 32 49 79 80 47 44 38 44 44 60 98 38 55 49 48 53 53 56 48 41 32 25 31 43 46 38 42 45
92 63 82 97 96 95 101 99 95 101 78 46 55 65 69 55 60 71 36 50 31 35 44 41 43 39 62 86 92 92 76 59 54 73 75 58 37 35 59 54 58 44 58 86 81 39 33 37 38 39 61 114 120 119 117 119 120 120 122 122 121 122 122 112 81 53 43 44 43 43 42 41 40 40 38 40 43 52 69 90 111 125 131 129 130 129 128 128 130 130 130 127 125 123 124 123 111 78 42 38 70 86 77 61 50 57 44 47 45 49 55 40 66 61 47 50 47 47 42 32 30 33 36 49 43 44 41 38
91 76 67 88 93 86 94 102 92 103 97 60 38 63 68 76 63 61 40 30 26 31 33 61 57 39 41 36 64 95 95 97 91 70 77 65 62 46 50 65 66 54 52 58 50 33 30 25 25 25 48 107 115 118 117 120 122 125 124 125 127 128 128 126 121 106 84 63 53 50 50 50 55 64 77 94 110 124 131 131 130 131 130 130 129 130 131 132 131 129 127 124 124 125 115 83 43 36 62 86 86 72 48 36 40 39 40 43 51 61 50 39 53 53 57 48 41 37 42 27 32 36 61 47 42 52 70 45
74 72 88 91 93 98 109 101 96 94 93 91 47 40 74 66 70 48 23 26 25 27 72 105 106 98 97 80 61 79 98 92 96 92 96 87 69 50 35 69 76 82 75 65 71 61 54 49 47 40 42 87 112 117 122 122 124 127 127 129 129 131 130 130 128 129 129 128 122 114 112 115 120 127 129 131 130 130 129 127 128 130 129 130 129 129 129 129 125 123 124 124 112 80 44 38 62 84 88 81 57 37 34 33 38 47 40 38 46 60 48 44 89 86 52 42 38 32 32 30 39 45 65 68 48 44 51 48
52 67 94 91 97 100 113 124 109 100 99 87 75 42 84 75 64 32 27 28 28 58 102 100 106 103 85 96 86 89 95 82 79 85 92 101 108 88 79 101 92 90 95 92 87 85 78 76 65 67 57 54 110 116 121 123 124 125 125 132 132 132 132 133 132 131 130 136 138 134 130 132 131 130 126 130 131 131 130 130 130 129 128 128 128 127 125 124 128 126 107 74 41 41 65 90 91 83 73 56 31 31 38 46 48 42 39 38 43 41 38 47 44 45 43 39 33 30 42 36 41 44 52 43 40 41 52 54
67 58 93 94 94 91 101 97 104 97 102 87 50 78 73 73 32 32 30 27 43 110 126 111 98 86 101 99 94 91 92 100 97 88 96 104 113 99 98 92 91 89 95 94 74 81 99 86 77 85 86 58 70 116 118 122 124 125 125 126 127 128 132 132 134 135 131 128 132 136 131 130 131 130 129 129 129 129 132 131 130 130 129 127 126 126 125 117 94 61 38 49 77 95 93 86 75 58 43 38 36 39 43 43 44 42 48 38 38 39 35 41 42 41 36 32 27 27 33 38 43 48 45 39 40 41 36 35
65 53 84 94 96 98 95 90 90 84 82 66 67 81 68 37 34 37 33 40 60 104 118 117 103 81 97 89 100 100 101 95 105 113 105 105 106 89 98 99 103 101 88 74 73 76 90 101 109 114 108 96 48 74 115 116 120 122 122 123 121 122 126 125 124 125 128 129 130 131 131 130 128 127 128 128 129 127 128 131 132 129 128 128 121 102 73 46 41 62 91 105 99 87 78 63 42 33 29 36 34 29 40 48 46 41 40 35 39 44 40 45 39 33 33 28 32 30 49 43 38 46 41 29 46 39 36 38
90 75 55 68 89 86 73 72 71 68 45 53 72 59 34 38 38 35 49 69 90 103 110 104 98 96 97 81 106 104 92 89 100 99 96 91 100 105 104 100 97 92 75 52 65 67 53 39 38 41 48 48 42 42 68 108 117 119 121 123 123 121 126 128 128 129 132 131 128 129 129 129 130 130 129 127 129 128 128 132 128 121 106 79 52 41 53 80 106 113 103 91 82 64 42 33 32 37 37 30 43 34 44 40 40 46 47 42 45 43 50 44 33 26 26 23 40 34 50 43 40 35 37 34 33 33 32 30
92 98 93 65 59 77 78 73 77 63 29 51 51 28 40 42 43 92 109 112 113 102 105 103 89 90 106 90 92 98 92 106 89 96 66 58 92 97 88 87 85 82 79 80 81 81 89 80 49 29 25 39 59 59 44 53 90 113 114 117 118 117 119 122 120 114 114 124 124 127 126 129 128 130 129 127 126 129 116 96 72 52 50 60 85 108 119 116 107 96 86 71 54 35 33 32 30 36 36 35 44 40 36 38 38 51 45 49 46 42 40 37 33 22 27 30 47 40 47 45 38 40 40 41 46 46 36 31
74 83 93 98 55 80 103 90 97 36 25 50 44 38 28 33 69 128 116 112 110 103 104 102 94 101 101 98 97 82 79 113 80 56 44 85 110 103 90 80 78 84 78 87 95 101 90 94 84 60 44 23 36 46 40 29 38 61 92 105 99 95 98 99 96 75 84 99 103 108 112 114 117 121 114 98 80 62 50 57 78 106 125 128 124 119 109 100 90 73 53 42 34 28 29 31 38 39 38 42 37 34 43 49 44 43 40 61 44 43 37 29 25 22 25 41 39 43 43 39 56 56 45 45 41 39 35 32
49 47 50 60 84 99 98 108 78 39 57 54 68 55 22 47 68 103 115 112 104 101 96 103 113 104 105 108 92 80 69 63 46 36 73 102 100 81 61 76 91 78 80 90 88 87 85 92 89 72 58 39 25 19 18 21 23 27 34 65 85 90 97 102 111 84 76 92 96 92 86 83 73 61 54 55 71 85 117 130 135 137 129 119 111 102 91 73 51 36 26 36 32 44 52 43 43 42 40 43 38 44 53 79 41 47 56 45 57 38 31 23 24 29 38 32 35 44 38 39 45 49 46 37 35 35 34 28
82 66 47 43 60 87 97 99 48 53 69 64 49 34 33 52 66 83 99 104 102 103 99 114 116 106 114 104 102 85 73 50 56 50 72 87 94 82 58 46 85 97 82 90 97 81 70 58 59 67 88 77 57 39 31 26 22 21 23 27 36 55 58 56 91 77 63 64 60 54 51 59 78 93 98 113 144 144 146 146 138 127 116 106 92 72 49 35 34 39 45 49 50 65 50 48 51 50 39 41 43 41 46 44 46 59 52 51 45 32 24 23 25 23 27 37 37 44 35 34 28 28 29 32 32 35 50 27
69 78 76 67 41 34 48 66 81 68 48 31 27 40 69 73 60 72 85 87 88 104 109 101 110 99 93 108 118 94 63 60 58 58 84 92 93 97 77 58 57 88 103 103 93 77 69 59 78 96 94 94 90 88 76 61 53 43 35 23 21 36 36 48 85 82 60 81 108 132 152 173 186 172 160 168 168 161 147 135 125 111 97 76 74 49 31 34 41 73 46 62 52 40 41 43 47 52 39 37 49 54 43 50 44 47 45 36 32 29 23 24 24 24 27 43 40 42 41 35 42 37 32 27 34 39 32 36
90 86 84 73 53 57 75 72 53 44 86 30 75 75 57 64 51 55 53 63 98 114 120 125 105 109 94 112 94 61 55 51 55 79 98 99 99 104 74 82 85 63 75 76 50 54 65 84 64 71 90 85 92 108 93 76 85 85 75 59 42 30 28 32 76 125 178 179 162 172 184 192 188 184 178 167 160 145 131 115 99 76 50 42 77 42 41 44 37 56 87 80 62 42 39 41 40 41 39 38 49 51 40 44 42 39 39 33 27 26 28 25 21 23 29 29 36 33 30 40 44 35 34 33 42 60 43 42
65 56 50 40 44 77 70 54 54 46 86 65 53 61 42 48 35 39 47 45 60 90 129 111 94 102 79 69 50 52 54 57 86 99 115 115 113 116 71 69 75 68 60 52 39 34 72 83 85 80 82 81 78 74 69 84 87 87 92 96 98 84 58 36 51 47 82 197 216 183 161 154 160 166 164 156 140 123 105 82 63 48 27 26 37 30 49 65 49 61 52 46 41 47 38 40 42 47 49 37 37 37 40 44 48 40 39 40 35 26 29 27 33 33 39 41 32 39 33 29 30 35 39 36 49 40 27 25
38 33 30 24 38 51 44 78 95 50 56 62 42 49 51 55 59 50 43 37 43 49 62 80 66 70 57 48 57 50 37 81 104 100 106 109 105 115 81 54 52 71 65 64 60 75 97 94 87 68 91 95 81 63 51 72 84 81 91 106 99 100 109 88 75 59 30 51 168 211 188 186 172 154 134 117 100 79 52 51 56 34 32 18 42 59 40 37 33 46 48 46 41 52 44 46 52 65 66 38 32 37 34 34 46 47 29 25 31 42 34 23 26 27 28 38 47 43 41 37 40 36 39 31 32 38 33 24
27 26 23 23 24 22 77 87 31 33 33 47 83 93 71 60 105 51 41 94 146 82 53 62 85 90 85 51 53 33 65 101 105 99 92 106 101 98 78 59 82 84 73 82 83 110 108 98 61 70 89 81 82 77 61 51 75 91 100 98 75 82 90 92 90 85 59 47 43 147 184 172 167 151 124 92 60 43 54 81 82 59 45 59 68 57 57 50 41 44 79 82 49 47 43 45 35 41 39 27 23 25 24 57 42 32 31 27 35 34 29 24 25 24 28 36 56 86 70 43 58 34 35 44 27 22 21 23
24 27 27 23 22 24 35 40 32 49 51 43 74 63 77 85 87 59 48 79 107 82 71 51 53 76 64 46 45 63 107 104 107 98 98 107 101 103 80 75 88 76 76 65 74 84 94 90 79 80 79 83 91 90 80 78 75 84 102 96 90 97 94 82 73 79 81 82 80 63 74 78 86 81 58 37 25 31 67 59 67 77 79 46 50 49 56 36 31 38 48 55 68 40 35 33 39 26 35 39 40 32 24 36 39 24 30 41 49 36 30 22 24 20 26 42 29 48 45 31 35 40 32 32 44 23 21 26
23 24 22 23 31 24 27 33 39 59 31 33 69 78 58 55 74 68 62 57 81 79 61 79 63 52 66 69 69 96 108 106 108 95 103 101 105 102 90 80 75 84 54 75 84 78 66 79 92 82 78 85 86 87 80 86 100 92 86 83 84 81 75 74 92 99 78 67 80 77 78 60 40 28 22 21 22 24 34 31 25 41 49 57 66 70 72 82 69 44 40 40 48 40 36 50 57 47 43 38 40 35 39 26 26 31 30 22 25 27 36 49 58 60 50 29 25 28 32 47 48 66 57 46 44 25 27 50
22 23 22 23 26 23 24 25 34 44 54 39 41 53 51 63 61 55 61 63 63 41 41 53 89 89 65 69 76 101 104 101 113 105 104 109 99 88 80 61 64 55 71 89 85 66 76 95 98 94 80 78 73 81 89 89 83 82 87 82 84 87 78 81 89 97 90 55 73 80 75 80 68 53 47 35 26 36 43 40 67 84 92 95 91 95 91 88 85 66 33 45 47 42 45 70 74 80 77 67 67 69 61 39 25 48 65 78 74 67 67 80 88 81 82 75 56 35 43 43 31 25 29 23 35 33 28 38
24 23 24 28 30 36 41 39 40 43 58 73 71 21 75 70 82 76 40 49 60 43 36 48 41 78 57 73 115 100 93 71 84 92 72 78 64 63 72 61 41 73 95 85 57 38 79 97 100 82 65 73 75 68 81 78 89 99 94 98 103 84 73 101 108 103 91 71 61 73 72 74 74 61 67 60 29 42 68 85 93 93 96 98 101 95 96 91 88 88 60 71 71 56 66 74 75 90 92 90 83 62 48 58 77 94 102 98 82 70 69 96 87 79 77 81 78 81 52 36 29 33 34 32 26 23 25 31
