133 131 123 126 135 138 140 141 129 125 126 124 134 143 146 141 121 138 136 146 154 158 159 138 117 114 105 98 99 106 87 64 64 68 58 59 80 99 74 66 87 95 59 73 89 53 100 118 108 89 72 142 143 80 64 67 57 58 77 101 116 121 110 108 94 114 104 71 50 51 66 89 76 95 118 132 140 142 141 143 148 149 143 146 148 149 144 149 146 137 136 147 146 144 144 144 146 147 148 145 144 147 136 138 138 143 139 140 146 148 138 134 140 143 143 149 150 150 143 146 135 127 129 140 139 135 132 123
133 123 131 133 139 128 117 113 119 113 129 123 142 143 147 150 141 137 142 150 147 140 150 139 116 121 130 116 111 106 83 81 78 61 69 78 75 70 54 67 106 67 50 59 104 91 107 104 79 63 59 81 89 95 91 91 92 93 103 114 113 109 77 80 86 102 84 82 90 107 118 123 127 128 136 139 140 143 137 139 140 150 145 148 151 146 134 134 144 138 134 142 132 130 139 143 142 143 143 147 139 141 145 139 143 145 140 138 148 150 136 139 141 139 139 140 143 145 130 135 138 130 139 137 138 131 131 133
134 119 127 116 110 103 107 111 122 137 148 145 153 149 146 142 127 143 146 144 141 132 134 133 115 127 125 88 71 84 94 76 90 111 79 89 101 91 110 133 98 71 76 80 117 131 123 149 75 63 90 72 78 105 137 134 134 149 155 154 153 128 69 77 116 123 138 157 152 146 138 139 138 145 142 139 140 140 147 137 129 134 138 139 140 133 126 127 139 145 146 150 140 137 144 145 138 133 134 139 135 129 139 131 135 143 150 138 130 137 138 138 142 136 137 135 135 130 132 134 139 144 149 145 140 132 133 151
113 118 111 113 131 139 130 116 98 94 110 119 129 140 147 147 133 141 145 134 138 141 148 154 146 138 139 138 128 131 131 115 113 134 137 185 223 201 197 181 154 138 131 134 132 124 129 136 121 114 125 134 138 141 144 146 147 156 157 159 145 115 100 116 137 166 197 206 162 139 130 131 126 138 143 135 155 155 147 136 125 119 135 141 132 128 125 119 143 150 147 150 130 131 150 143 130 131 131 122 128 126 140 142 143 148 149 146 142 134 139 142 149 137 135 142 127 134 136 138 140 145 153 135 123 131 135 141
102 115 111 102 94 95 101 106 114 131 138 142 145 140 142 160 176 171 166 150 124 125 141 147 140 130 131 139 131 125 105 114 165 216 220 216 204 175 164 171 166 191 165 161 139 122 129 131 131 139 136 135 131 138 144 143 138 144 142 148 145 126 112 139 172 200 221 182 157 145 132 129 144 147 144 187 174 141 129 140 156 146 158 143 141 144 147 134 141 143 132 143 135 134 143 139 136 141 144 142 141 136 148 143 136 135 131 126 144 143 136 133 144 136 142 149 142 138 140 141 140 140 133 126 125 133 133 131
115 101 100 96 106 113 126 142 158 173 169 153 149 153 148 135 157 179 167 169 168 152 151 166 163 142 143 174 191 167 183 184 214 223 206 203 196 184 165 167 160 177 190 199 156 136 140 139 141 139 136 136 138 136 146 140 127 134 134 144 143 146 144 155 214 227 207 198 196 192 192 164 163 198 186 183 175 161 158 201 218 203 185 175 198 196 199 189 175 151 140 143 153 149 146 138 152 147 148 147 155 149 121 131 143 145 144 143 151 150 153 150 152 148 149 150 145 146 142 143 143 134 125 128 129 134 132 133
139 141 136 140 139 146 149 157 159 162 165 165 144 146 160 155 142 157 164 176 178 176 173 169 168 168 191 229 226 198 186 170 162 185 198 210 191 185 166 158 158 164 168 153 153 157 139 147 157 149 138 140 135 145 143 139 135 136 147 146 148 142 129 119 139 154 156 156 154 150 176 190 204 234 229 206 227 210 204 239 243 227 215 222 212 200 184 179 162 155 152 146 152 155 150 139 149 149 144 155 145 120 108 135 137 135 138 143 141 135 134 127 126 139 140 140 141 144 141 135 135 129 125 122 117 122 127 135
151 149 159 156 153 158 161 165 169 164 168 160 153 148 160 170 167 164 147 152 169 176 172 166 170 206 235 234 217 203 190 197 186 182 220 179 176 179 166 163 167 191 171 175 163 150 158 150 146 151 147 143 146 152 152 154 150 140 138 176 181 148 139 158 151 136 128 139 136 140 141 140 151 176 183 195 191 175 179 205 199 177 183 194 142 151 156 160 154 151 161 163 151 152 157 142 142 156 150 149 137 130 136 129 119 105 129 138 136 136 138 129 120 119 142 146 148 144 141 140 143 132 123 116 113 115 124 142
155 152 151 151 148 153 162 166 165 156 148 133 136 128 141 132 140 151 148 135 138 161 204 197 212 242 218 188 174 162 181 204 222 237 222 195 192 175 159 160 157 159 170 186 183 165 175 168 165 159 160 157 159 152 145 160 157 133 130 130 156 154 145 146 142 165 166 140 140 131 135 150 148 147 142 155 161 150 147 150 153 149 146 145 148 149 154 162 158 156 162 157 145 145 150 152 152 147 148 141 146 153 150 160 159 158 159 156 159 157 154 151 132 120 149 155 152 150 142 136 133 121 117 119 120 125 141 152
126 137 153 155 146 146 160 150 133 134 127 121 140 134 128 128 128 127 135 143 140 145 186 156 168 190 173 158 152 148 141 139 165 195 205 202 200 186 178 154 140 145 148 153 162 162 164 163 185 166 152 150 154 146 148 164 147 137 143 136 125 133 154 160 159 157 182 186 176 169 165 164 166 159 149 152 147 140 154 164 158 151 152 151 152 150 149 152 155 162 150 148 158 162 157 162 161 160 159 158 156 148 152 159 150 154 162 157 150 150 140 131 135 146 152 160 163 169 171 160 150 130 124 128 119 118 124 142
147 172 209 188 139 150 173 157 137 146 167 148 144 151 145 142 148 148 146 158 154 162 157 142 152 151 151 145 152 147 155 140 137 154 174 180 185 182 162 157 146 160 165 164 162 165 160 161 149 150 152 131 138 153 156 145 146 155 159 153 156 161 167 169 171 168 167 171 185 178 174 166 167 154 147 142 156 157 153 155 148 148 153 151 146 147 163 156 139 151 161 143 134 151 152 151 156 161 158 162 154 153 153 151 148 150 157 154 153 159 159 159 153 152 146 150 153 154 154 146 152 147 129 127 132 116 114 123
194 197 195 199 172 185 214 197 195 188 213 173 165 177 173 155 160 183 171 162 165 163 165 166 158 152 154 155 153 148 158 156 154 142 140 151 156 148 138 139 134 137 154 165 160 158 158 151 144 147 142 145 150 150 149 157 167 168 169 168 152 156 163 159 165 166 163 155 149 145 143 134 134 146 152 149 152 166 156 143 154 162 161 156 155 151 155 152 153 164 159 147 151 165 161 154 160 161 166 162 149 148 146 147 146 150 148 150 152 148 145 138 132 143 145 142 145 145 137 133 134 139 145 151 156 152 147 135
164 170 158 165 185 194 190 170 170 173 166 177 201 200 183 176 155 155 155 161 165 151 162 154 149 155 173 174 178 177 176 181 160 155 151 142 144 132 134 142 139 143 150 160 159 153 157 150 154 145 143 161 163 154 150 158 151 158 153 157 150 153 147 148 152 149 161 158 160 152 147 149 152 153 156 161 162 161 162 166 160 160 160 166 161 159 166 170 171 168 171 174 166 167 167 161 162 161 158 161 152 146 139 144 151 141 126 128 136 149 151 150 158 169 159 155 162 168 175 178 162 161 172 160 146 144 179 183
148 160 157 173 197 204 169 171 171 170 183 219 249 241 227 231 197 175 173 176 187 217 235 206 171 177 190 185 171 155 148 171 157 170 160 147 151 161 159 157 148 157 161 154 155 159 157 156 154 153 153 158 155 151 145 148 146 158 159 152 156 154 151 160 164 151 153 148 145 121 130 143 153 159 161 160 154 138 140 149 150 158 161 164 157 152 156 164 166 154 155 162 168 165 162 161 168 164 149 150 155 154 156 162 156 140 145 169 176 176 165 164 173 176 153 147 173 194 191 183 165 150 134 135 122 122 161 217
194 221 219 229 235 239 231 231 227 198 203 214 224 223 237 238 206 231 228 205 211 239 246 243 239 225 208 207 202 187 190 188 179 184 186 173 177 190 186 175 169 171 173 163 161 170 170 163 161 159 145 143 142 138 130 128 102 119 139 148 147 159 161 161 151 149 153 152 126 116 130 150 144 162 160 159 147 134 139 145 159 153 141 146 145 150 146 153 166 155 145 150 152 164 151 150 162 160 162 157 149 150 191 172 166 170 156 179 205 202 178 167 138 142 132 137 157 140 133 132 122 118 122 122 134 159 157 146
246 244 245 246 240 240 245 250 245 234 236 237 236 231 241 244 244 245 250 229 227 220 223 235 239 236 213 196 197 229 239 213 198 188 177 171 181 186 193 172 186 186 183 188 180 184 166 163 169 158 151 145 146 143 138 134 132 149 163 162 141 140 153 142 140 141 146 146 148 144 150 156 145 144 159 164 145 142 139 145 147 152 144 143 144 143 155 151 138 135 129 139 139 145 144 146 159 164 153 146 135 168 187 159 142 152 140 141 161 167 170 153 127 118 132 139 141 131 122 112 113 116 124 127 145 143 129 114
237 230 234 244 242 249 246 243 244 242 236 246 241 241 242 241 230 228 237 235 216 225 239 245 242 231 214 226 217 220 194 165 163 167 177 173 170 153 173 191 187 169 166 161 156 151 145 158 171 162 170 167 163 155 150 148 161 156 155 147 145 131 135 145 149 139 126 132 148 159 160 160 160 153 156 162 151 149 147 147 145 142 141 144 146 142 151 141 107 102 109 125 139 130 125 122 129 133 140 157 156 139 146 139 122 132 129 137 141 139 139 141 139 147 149 139 130 133 129 132 138 138 141 142 150 153 148 134
210 195 187 215 237 239 230 219 212 218 223 225 211 219 228 215 208 194 192 213 209 207 211 227 246 235 229 236 208 171 147 148 174 194 193 179 167 159 175 194 164 156 144 163 162 168 174 172 170 161 171 148 152 142 136 136 134 135 125 122 139 141 139 144 151 148 150 149 123 117 127 124 139 149 154 147 150 147 147 151 154 140 132 135 141 131 113 135 145 139 123 104 96 105 119 124 137 143 145 144 157 146 145 142 142 147 142 150 161 153 163 159 148 148 158 158 152 153 143 148 157 154 157 156 159 159 155 144
210 195 186 192 212 216 209 201 200 194 211 213 216 226 239 216 199 203 209 215 210 213 210 190 208 201 194 194 180 170 142 167 173 188 175 167 177 186 179 206 196 186 172 164 162 162 163 172 175 165 175 166 160 158 149 157 157 161 161 162 166 152 156 154 152 160 143 160 163 150 146 137 147 144 148 153 161 150 140 143 144 138 128 115 125 137 121 122 144 141 147 139 143 144 149 140 129 133 127 122 139 143 144 144 150 161 160 170 162 163 165 160 133 130 142 137 142 147 144 153 141 150 147 130 119 125 117 109
246 222 226 224 220 221 209 212 226 230 232 232 236 238 214 192 195 217 241 245 234 219 213 209 195 180 164 162 166 178 185 174 181 167 163 166 169 160 163 173 167 171 163 152 158 162 161 168 170 164 162 182 176 180 171 169 165 162 167 166 165 156 148 149 158 163 149 152 156 168 166 171 170 167 159 159 167 162 149 150 158 156 144 131 160 162 131 134 136 152 155 153 147 146 144 143 145 148 156 153 153 157 159 154 156 160 168 169 160 157 154 156 149 147 150 151 162 160 162 157 141 144 147 135 125 139 137 135
244 235 233 236 240 243 231 215 207 218 219 221 241 249 203 184 182 199 214 219 204 215 206 194 192 178 167 166 169 166 173 183 187 168 173 171 159 169 169 169 175 178 163 159 154 146 133 149 163 159 152 165 178 185 177 162 151 147 149 152 142 130 115 110 126 130 141 146 147 156 133 151 158 146 157 160 167 160 153 147 146 142 140 143 156 148 147 137 124 139 153 144 133 141 155 163 158 155 163 164 169 169 166 168 167 157 151 157 164 152 146 155 148 157 163 162 168 159 160 160 149 139 150 160 157 162 163 153
231 218 217 210 204 225 234 227 229 208 199 213 237 245 203 188 184 177 182 188 172 203 210 179 175 172 170 170 160 172 176 175 176 160 165 166 160 173 175 167 158 162 160 157 157 157 141 129 133 133 136 141 134 135 147 162 161 158 162 156 149 143 127 122 134 137 144 153 161 152 149 154 151 149 140 148 146 138 143 147 152 157 157 166 168 160 163 161 157 160 154 143 157 174 178 175 161 165 154 156 157 152 159 159 164 152 151 154 156 160 151 143 155 162 166 167 171 165 161 165 173 169 165 158 161 157 159 155
207 189 193 195 194 216 206 188 180 204 202 214 229 222 211 208 182 185 198 208 200 189 181 186 173 171 176 188 167 168 169 171 176 175 165 148 156 152 144 146 148 164 178 173 172 173 166 150 150 157 157 145 145 150 165 175 167 167 170 168 167 171 170 171 179 173 170 163 165 156 170 164 160 166 171 172 145 144 162 172 172 173 174 167 165 156 163 168 162 160 171 173 167 162 162 172 167 160 150 159 156 159 174 172 169 160 149 148 158 171 172 163 165 159 166 164 167 171 165 163 151 142 146 149 138 140 152 135
188 176 174 170 186 193 184 181 173 201 166 160 168 173 172 181 178 174 180 184 166 170 163 163 160 163 167 162 150 140 136 140 140 146 143 151 157 159 151 153 161 152 150 149 147 156 151 161 168 168 166 161 162 163 168 169 171 166 162 146 155 165 168 162 167 163 161 162 166 160 169 173 179 175 178 174 164 165 172 162 171 175 167 163 165 163 157 159 154 163 164 161 157 160 154 154 150 142 138 161 179 175 172 168 153 129 132 144 152 155 145 146 155 152 153 154 158 152 161 169 162 165 164 155 149 159 162 155
177 167 155 161 193 193 178 165 159 162 167 165 162 170 172 174 176 184 165 167 169 171 162 158 158 155 145 149 161 160 165 159 160 171 175 175 162 164 166 162 157 161 170 157 155 159 154 159 155 154 139 134 146 165 166 164 167 171 166 163 160 166 165 166 169 168 171 174 166 165 165 162 173 169 164 163 169 163 158 157 151 156 162 176 178 181 174 163 153 152 163 163 161 153 144 138 130 128 120 136 144 130 128 123 130 150 161 159 158 157 163 165 170 174 171 160 148 151 161 167 154 154 165 172 176 176 178 181
162 163 162 178 183 193 187 170 171 162 164 174 187 183 187 191 178 172 162 167 182 201 162 154 165 171 169 166 173 184 171 177 174 170 166 175 166 157 185 200 171 164 163 167 170 167 171 172 166 171 150 144 157 165 159 154 170 171 170 174 178 169 171 170 169 177 166 155 153 161 169 151 154 152 151 157 163 158 164 150 148 160 148 154 160 165 158 155 167 177 179 181 181 173 174 174 167 164 138 135 148 158 166 172 165 171 170 172 173 170 164 158 163 158 157 167 165 161 162 169 171 169 170 168 161 160 164 162
191 205 201 209 196 214 232 217 204 184 183 212 205 168 157 159 184 183 218 211 211 186 186 217 212 167 176 174 190 200 170 203 182 176 178 186 195 202 222 211 199 168 160 166 165 161 164 170 172 168 169 167 162 160 167 161 162 166 160 156 164 162 172 164 163 163 165 158 153 144 131 131 135 162 175 163 159 152 152 141 151 156 162 160 155 156 145 156 164 175 181 176 176 170 170 170 168 159 150 160 165 145 159 165 166 167 162 169 167 160 151 153 167 165 157 156 165 163 163 162 164 167 158 151 148 149 156 153
231 208 180 192 216 228 237 238 216 195 183 194 213 234 228 193 183 186 200 186 202 209 207 208 187 177 182 199 177 184 196 194 174 180 180 175 167 186 181 177 172 163 152 153 145 158 169 164 158 154 163 169 158 147 145 137 140 148 141 132 130 139 137 138 145 148 160 174 170 148 134 142 148 155 152 169 165 155 155 166 167 169 167 164 148 145 167 168 162 149 144 146 142 153 159 156 155 129 137 148 150 149 163 158 153 154 154 162 166 165 158 152 162 158 150 159 159 148 152 141 123 141 141 143 138 130 108 102
201 180 175 182 177 188 205 197 184 186 180 175 192 207 201 196 198 191 182 185 192 194 196 210 186 181 169 169 169 172 167 165 170 166 167 162 163 160 159 163 163 160 153 152 151 164 163 152 157 148 139 156 158 155 156 153 153 159 143 150 166 166 168 179 169 145 134 171 175 160 160 171 181 166 152 157 156 156 151 156 162 171 171 167 154 151 155 164 147 135 139 142 147 161 167 168 167 167 156 149 149 138 141 142 150 152 154 163 162 172 171 162 161 166 147 156 149 141 145 152 143 138 150 162 157 135 109 122
168 176 181 183 168 168 170 171 175 183 177 173 169 168 161 162 163 169 174 175 172 170 170 174 172 167 169 164 157 152 148 151 147 156 160 158 146 145 148 147 156 166 169 172 169 158 152 161 151 145 150 157 156 167 170 171 169 182 180 183 190 186 188 188 188 184 178 177 174 175 171 175 179 172 170 175 174 163 141 142 164 165 151 138 140 148 145 137 133 151 155 146 152 159 171 163 161 174 171 164 151 153 139 147 162 171 175 170 168 167 164 160 173 172 169 172 160 159 151 159 149 148 148 157 147 142 130 145
194 202 191 188 180 180 180 189 192 180 175 168 164 164 152 156 166 158 162 165 160 155 153 158 173 154 149 166 168 170 152 154 167 167 152 149 151 162 173 166 165 154 158 158 157 153 155 156 143 138 147 169 167 172 174 179 176 166 176 183 182 180 181 181 183 179 181 179 175 170 171 172 169 164 167 159 150 156 149 159 167 167 159 147 147 155 157 164 162 164 177 175 176 181 186 174 180 181 161 154 149 168 180 177 182 181 175 170 171 169 169 159 166 171 157 156 164 161 148 165 164 153 150 163 152 149 160 160
174 198 204 207 190 177 178 182 185 178 174 165 157 155 156 161 158 157 163 162 154 172 186 176 189 181 173 165 174 168 162 162 150 126 139 149 132 130 151 149 132 147 147 139 124 114 137 154 153 156 160 168 170 164 168 164 173 185 190 194 189 181 178 172 167 163 155 157 164 154 153 154 156 151 165 174 158 157 160 171 167 163 155 145 138 150 154 161 167 171 181 180 182 184 183 178 181 180 180 174 170 177 182 181 177 169 156 151 155 167 163 162 168 166 165 150 128 115 122 162 152 135 126 134 128 132 138 146
184 176 190 187 185 189 185 159 150 174 195 195 178 168 169 161 158 164 161 167 166 159 155 143 141 134 147 158 167 156 174 179 176 155 150 153 139 143 147 145 147 171 167 167 161 143 156 150 141 130 139 151 154 160 169 173 175 174 181 184 173 171 162 153 158 142 143 154 152 158 155 155 167 142 140 141 153 168 167 159 162 169 164 159 161 162 159 166 166 167 173 176 178 181 170 166 168 156 148 151 161 156 157 153 146 144 147 137 157 168 167 155 160 144 123 104 108 102 104 123 142 141 125 122 127 126 130 131
164 178 208 198 207 196 170 162 133 131 149 163 161 156 158 155 164 168 159 160 162 162 163 162 163 153 144 136 151 151 156 147 152 142 135 124 149 126 136 131 140 163 171 175 170 169 180 172 173 174 164 147 158 166 175 179 179 179 164 153 152 145 150 164 160 160 149 138 146 155 154 156 138 127 132 146 147 160 163 157 164 171 173 161 165 171 176 174 156 155 166 173 177 178 175 178 170 156 157 154 148 144 160 157 154 155 160 156 158 160 156 156 140 110 114 110 106 99 108 118 125 139 146 141 145 132 140 151
160 150 168 183 174 152 158 193 186 174 167 172 179 160 170 182 190 178 170 174 165 169 167 165 156 154 146 141 138 151 161 161 155 129 115 114 143 162 147 136 127 137 140 144 160 157 153 148 160 168 174 174 168 163 165 165 166 167 168 155 152 158 163 164 161 163 159 159 152 143 152 165 169 168 160 142 156 148 135 148 158 161 164 171 148 155 151 152 164 170 172 165 162 163 175 172 168 161 157 158 166 164 161 145 121 131 153 156 159 150 150 142 135 122 115 117 110 117 126 124 135 141 151 155 145 138 145 154
118 137 150 133 132 132 126 149 160 174 178 189 177 139 149 141 131 137 129 129 131 137 127 131 180 223 188 176 173 158 171 173 164 151 147 130 113 152 177 170 151 135 138 139 144 128 127 142 156 159 159 158 160 156 157 150 155 158 162 148 155 161 161 159 158 154 157 158 160 143 143 158 163 154 121 97 135 137 141 147 139 153 158 141 142 157 143 138 157 162 156 145 142 138 145 153 163 161 152 144 143 143 143 137 135 151 159 168 162 143 139 134 136 145 146 142 137 137 143 147 137 137 145 154 150 134 144 156
135 142 144 130 109 121 124 129 148 151 155 168 154 147 157 133 139 142 139 125 121 127 134 142 202 186 185 149 160 143 138 137 161 155 143 146 124 127 153 169 168 163 153 139 137 137 129 140 145 140 136 145 147 145 153 164 165 165 153 152 163 155 149 143 129 113 115 136 155 151 121 125 135 116 115 113 109 105 136 134 136 122 134 137 149 154 145 149 158 158 166 154 150 163 162 160 169 163 157 155 160 164 166 162 162 165 159 153 155 162 158 160 158 161 161 152 156 153 150 153 165 164 160 157 153 143 137 142
148 146 146 135 121 121 129 130 137 153 162 161 148 155 159 158 157 153 169 168 202 215 198 174 170 156 142 130 130 140 148 154 145 147 125 150 154 160 160 153 150 164 156 135 132 134 140 148 141 138 143 152 136 148 158 164 158 155 143 145 149 161 143 135 130 133 118 119 114 122 115 117 138 141 145 139 121 134 153 161 186 178 153 150 151 148 130 137 121 121 152 159 163 163 171 167 168 164 172 177 179 178 176 171 161 145 136 143 148 151 152 157 160 161 152 148 140 157 156 156 145 153 148 145 159 157 145 142
151 143 134 137 142 150 153 163 160 158 164 160 155 163 173 168 171 177 191 181 190 181 181 175 159 158 140 143 144 145 145 148 143 145 145 153 136 156 157 151 162 145 110 108 116 111 101 95 107 132 137 147 149 160 154 152 144 158 160 160 161 153 145 148 155 151 144 161 149 127 126 148 165 161 147 143 141 144 165 186 169 162 164 167 166 167 136 102 111 138 163 169 165 165 172 174 171 158 160 176 180 168 144 149 137 132 145 161 154 161 168 166 160 151 147 159 147 150 151 153 140 145 171 161 152 151 157 150
155 148 141 146 145 142 156 165 162 166 159 162 151 160 152 148 127 126 132 134 151 184 180 173 157 163 145 132 128 123 115 134 137 140 170 146 140 137 143 156 135 126 143 152 154 148 135 129 123 140 144 149 156 153 138 152 159 152 143 140 147 145 143 136 148 152 150 149 154 154 148 157 163 163 160 172 166 167 190 139 106 117 166 174 146 145 155 161 174 165 150 162 151 168 173 177 178 180 166 161 154 141 145 141 167 178 178 179 163 168 173 176 180 175 175 177 173 175 176 175 172 150 154 168 162 165 174 172
176 175 165 160 149 147 151 169 166 166 155 149 139 152 145 138 100 95 127 142 159 188 168 155 152 149 147 138 138 135 161 167 168 161 169 172 193 174 167 159 140 140 143 153 150 133 154 154 135 121 123 135 140 137 137 140 132 133 144 143 139 131 136 126 146 153 159 158 153 155 160 164 169 169 175 170 170 196 161 98 78 89 120 150 162 167 160 168 176 174 168 170 160 155 162 171 170 162 160 161 167 170 170 173 175 179 173 158 152 168 180 183 179 174 173 166 173 172 177 179 183 177 162 166 173 172 172 167
172 169 178 179 172 157 161 170 164 138 135 136 134 130 132 112 87 90 114 163 162 152 146 171 160 164 145 140 166 177 163 158 155 155 165 163 168 182 162 128 131 146 142 140 137 146 146 144 136 126 135 151 158 153 145 151 151 161 169 166 157 152 167 160 149 159 157 153 145 140 159 147 144 158 165 164 186 195 120 95 63 79 105 106 112 130 177 173 163 166 158 157 163 171 175 166 166 162 165 163 160 151 161 156 165 171 167 162 162 165 165 169 171 165 164 168 170 166 169 174 161 153 161 154 149 153 146 144
174 160 152 139 154 172 156 136 132 135 122 110 100 103 107 93 70 90 92 137 150 164 171 163 159 148 159 156 156 153 150 154 166 168 148 144 148 147 113 119 125 126 129 146 163 154 143 140 145 145 155 155 157 159 154 152 150 139 142 154 168 167 158 160 150 157 162 162 161 159 163 169 167 162 143 154 206 161 109 91 66 88 98 100 93 89 150 151 150 162 167 159 156 161 157 154 146 157 171 169 162 155 163 188 200 182 167 158 153 151 147 160 165 162 161 166 158 139 148 162 152 159 149 145 143 154 159 156
174 177 166 129 112 135 146 115 114 109 92 89 88 93 106 108 103 112 118 133 159 145 148 143 151 153 152 149 134 139 145 137 129 135 125 128 124 125 123 143 147 156 162 160 140 133 125 125 144 143 156 150 144 144 168 143 147 155 159 152 137 157 173 167 156 172 168 165 166 167 168 171 173 169 164 189 191 143 98 89 79 92 98 97 94 64 129 172 156 153 151 149 151 162 169 167 153 153 163 174 177 172 169 206 158 156 163 162 147 141 146 154 149 156 164 164 154 154 150 148 154 144 144 148 155 152 147 134
152 147 134 138 133 120 125 120 94 87 86 91 89 87 95 105 119 139 149 162 173 167 165 172 166 160 157 164 155 153 133 120 131 130 126 128 144 155 153 149 163 163 158 141 129 146 151 164 166 167 176 174 163 138 133 137 140 152 170 143 137 150 161 162 150 161 169 170 165 167 160 165 168 158 152 195 162 137 115 96 80 86 90 93 88 75 102 158 151 132 150 162 160 159 160 169 167 166 167 168 174 175 181 151 97 110 161 173 166 160 149 150 170 153 130 145 146 144 136 128 137 140 146 129 129 143 148 153
169 160 143 134 131 131 117 107 103 131 151 170 174 149 161 142 156 160 163 165 161 149 149 154 162 164 170 164 163 145 134 140 145 136 156 152 147 163 151 175 184 165 174 183 171 171 160 170 172 164 169 153 153 151 134 135 138 173 218 185 188 188 191 178 163 164 169 162 155 157 158 170 173 178 189 181 143 146 126 101 93 90 82 87 86 94 111 123 119 94 145 165 159 163 159 154 140 139 140 149 156 153 161 122 98 142 168 172 171 178 167 161 187 199 162 137 124 144 139 125 118 104 94 92 96 117 143 144
159 165 165 163 159 146 127 116 172 213 234 235 228 222 199 195 192 172 189 210 168 168 172 161 161 166 162 166 175 160 151 147 152 148 149 160 156 174 188 193 203 180 174 174 177 191 165 163 161 171 175 165 153 154 144 113 113 192 244 230 224 216 217 165 147 154 154 153 141 138 138 150 191 211 202 145 126 130 126 111 96 78 80 79 77 87 109 114 96 77 133 153 148 156 161 157 150 159 155 151 154 151 154 129 146 177 168 155 158 170 157 123 112 153 187 158 160 160 158 150 148 160 160 160 159 146 145 144
149 142 137 150 151 156 156 135 132 166 171 186 200 195 188 211 181 167 186 210 195 186 203 214 177 154 161 213 190 144 139 127 125 131 132 151 150 168 172 167 166 151 155 169 170 175 167 166 156 156 153 147 143 152 156 148 184 220 235 235 212 207 178 155 142 135 136 141 143 135 124 172 194 156 136 124 124 120 136 108 90 81 76 76 70 68 73 81 69 74 153 134 138 145 152 164 163 167 167 155 144 153 165 152 164 165 154 135 136 154 175 131 86 125 169 153 161 163 170 161 153 148 149 147 143 132 141 143
166 158 155 157 150 148 147 153 161 167 164 148 166 178 157 190 210 192 205 207 208 198 193 184 193 189 211 170 156 138 126 123 119 119 122 124 123 146 148 149 136 142 152 163 153 143 141 151 154 148 144 143 153 167 160 164 159 178 165 193 205 155 155 141 133 134 126 128 163 175 171 180 140 116 107 104 110 109 121 102 88 85 73 76 76 85 60 57 61 89 142 138 145 137 140 145 149 150 153 135 148 152 154 166 155 143 140 129 129 141 165 154 93 110 158 165 170 162 154 152 147 143 141 152 136 113 111 113
152 143 145 160 154 159 161 155 153 151 164 172 172 157 144 160 173 184 187 225 214 223 183 167 214 186 147 154 135 118 120 114 114 122 133 128 128 127 132 137 127 117 159 188 183 172 149 124 127 133 140 139 151 162 165 181 192 192 196 208 189 156 145 139 140 145 122 129 128 143 164 160 125 122 106 98 99 98 90 90 80 72 78 80 85 96 67 56 69 133 148 139 123 137 150 155 151 154 147 153 153 157 150 153 125 129 118 98 116 115 131 153 121 114 142 144 154 161 162 158 152 144 155 164 150 136 125 134
141 138 135 139 150 157 168 172 172 164 135 130 142 148 142 152 151 148 171 207 178 142 136 140 157 144 135 124 130 141 133 124 128 146 144 138 145 136 136 120 121 140 193 204 192 174 174 167 166 157 152 160 168 179 195 200 188 176 178 206 223 226 206 159 130 144 146 128 116 134 181 145 130 115 107 107 85 80 68 65 77 76 74 68 78 89 133 133 134 139 143 139 142 143 151 153 162 160 154 123 106 126 153 142 130 87 82 83 93 112 112 134 130 127 136 148 153 157 154 144 140 136 123 120 131 150 148 134
136 122 125 125 134 142 152 158 157 163 169 168 150 140 142 135 149 161 160 155 152 149 152 142 140 159 152 156 169 164 152 156 149 144 140 133 130 132 139 148 139 177 195 178 164 147 154 166 165 187 196 185 180 188 190 171 182 195 184 170 217 213 198 205 169 142 156 161 150 190 177 148 126 120 124 101 72 75 65 62 88 82 80 108 120 126 154 163 159 140 133 133 132 122 119 115 128 130 110 113 128 127 157 127 117 90 132 106 63 88 116 124 132 126 112 122 142 146 125 117 123 136 133 123 130 137 146 153
131 139 136 121 128 111 112 141 147 149 147 150 168 177 170 172 168 160 166 162 161 152 156 151 148 153 154 158 164 158 166 163 137 142 137 130 138 141 139 150 163 191 169 149 133 123 121 109 98 137 181 172 183 196 196 202 207 196 188 208 214 212 174 168 189 180 139 175 193 185 170 138 115 117 119 106 89 79 64 75 81 80 101 150 131 129 130 122 131 154 157 134 131 138 148 142 144 139 130 132 147 145 156 124 97 135 188 158 86 91 99 116 128 140 136 133 125 134 130 113 113 115 128 135 134 137 146 147
114 118 113 117 147 134 132 127 133 146 142 147 156 150 156 155 157 159 156 154 168 197 183 147 157 166 150 160 167 177 175 136 126 114 110 104 124 137 144 135 164 170 133 125 121 128 125 116 109 116 171 207 211 212 207 215 215 199 182 192 209 210 190 175 168 195 169 172 168 160 163 118 107 110 110 98 84 85 63 83 86 82 132 167 163 168 171 155 142 123 142 157 170 175 172 156 155 144 132 148 149 141 160 110 88 164 167 145 109 87 80 98 127 142 151 160 153 146 148 151 142 119 104 113 125 132 131 138
140 120 115 98 100 120 130 138 134 123 140 151 157 140 136 136 128 157 178 196 198 177 168 167 155 151 135 146 138 141 152 126 126 129 126 138 160 163 169 179 184 134 123 103 120 147 150 145 127 131 181 206 211 208 205 206 207 188 182 172 177 189 184 178 167 164 191 173 127 142 145 113 115 118 104 81 85 96 87 87 80 107 178 177 163 170 180 183 185 169 156 156 171 171 174 161 152 165 168 140 111 126 154 101 91 132 104 122 85 67 69 80 130 129 108 121 128 147 153 150 151 154 144 141 148 146 141 142
159 154 155 148 132 132 146 158 158 138 143 148 151 150 159 143 140 132 155 135 126 137 145 139 138 143 143 159 153 157 179 195 166 159 167 171 168 181 191 186 148 111 109 107 125 150 160 158 150 148 166 180 201 206 206 201 196 194 181 184 185 188 185 160 143 146 148 180 152 125 125 108 108 113 94 82 84 97 75 79 81 140 170 128 109 113 114 160 171 178 155 128 117 121 125 150 158 161 171 138 134 161 174 135 102 93 59 101 77 73 69 80 136 139 131 137 144 120 126 124 133 150 150 153 156 158 163 167
142 122 136 146 164 154 160 166 163 149 152 154 142 138 129 145 130 124 117 128 145 160 175 171 168 171 167 161 154 164 197 194 202 171 185 183 192 194 181 153 126 95 114 130 133 145 156 167 161 163 167 167 179 189 197 192 185 191 182 168 170 172 186 160 135 133 137 149 179 132 110 102 95 93 88 89 82 80 68 81 106 153 135 93 79 68 76 123 137 136 119 101 103 108 105 104 113 129 140 130 114 125 149 158 118 88 72 97 83 72 64 89 145 173 166 162 169 162 164 162 155 146 135 129 131 146 143 144
154 146 148 135 144 145 151 158 162 152 135 133 139 139 138 130 135 156 159 160 164 162 156 153 136 136 153 156 159 164 138 138 184 193 180 167 164 154 150 144 131 125 125 132 138 144 156 159 158 166 175 175 181 181 188 188 185 183 178 159 171 166 176 165 134 126 134 143 158 163 106 95 89 91 87 86 83 77 69 92 151 131 109 71 63 57 63 100 123 102 82 101 107 102 100 95 111 128 127 123 112 112 116 124 125 78 61 86 73 63 61 95 134 168 170 160 169 161 161 161 157 156 153 148 161 163 153 150
146 134 139 141 145 151 135 142 141 142 133 152 156 153 148 135 123 125 127 136 144 145 140 126 117 113 127 146 157 131 121 168 198 166 139 141 150 146 133 143 156 151 138 134 138 138 155 172 163 163 181 183 182 175 183 178 169 169 161 156 162 165 166 162 137 126 128 131 135 170 129 87 90 91 79 87 96 83 67 131 124 102 93 81 59 58 63 92 116 96 81 90 104 107 104 100 102 112 107 115 116 111 117 112 109 92 66 67 69 58 71 90 111 148 154 153 152 147 150 154 153 155 148 149 153 152 152 163
145 139 137 146 137 137 139 131 149 155 140 141 132 145 136 125 118 117 123 120 117 128 135 141 142 147 132 134 160 143 159 182 174 153 138 136 143 134 129 129 137 152 142 132 142 142 140 143 151 158 174 185 186 168 175 177 163 158 147 154 164 163 163 149 130 122 137 149 133 133 148 92 95 89 74 79 83 77 119 134 95 96 88 92 71 62 73 102 109 97 84 81 91 100 109 94 96 98 102 96 113 121 116 121 100 90 59 59 66 62 87 95 109 137 157 156 147 156 154 158 152 159 162 158 145 146 150 144
154 152 156 148 149 146 147 140 145 147 145 161 150 151 143 147 148 131 149 143 142 156 151 156 170 154 151 170 185 174 179 153 149 163 155 143 141 132 125 129 124 137 139 141 137 141 147 141 137 136 154 179 187 179 154 165 161 143 147 147 156 153 139 144 129 121 135 137 129 133 151 97 96 85 70 81 76 76 133 90 73 85 99 87 77 75 90 108 102 79 76 86 86 97 107 109 101 103 101 100 99 105 122 125 121 94 71 58 60 73 105 106 117 130 158 164 161 157 158 156 158 156 143 143 144 140 145 137
142 152 163 160 152 146 141 150 142 143 147 149 152 150 157 152 146 148 147 139 132 144 135 136 137 133 156 194 174 157 161 143 136 164 217 194 128 128 129 144 136 132 133 138 142 143 151 150 144 139 136 148 161 162 156 140 149 150 144 148 151 151 136 142 126 118 126 138 136 130 152 113 87 80 72 80 74 66 102 52 71 87 88 77 65 75 89 102 102 69 72 86 83 90 113 109 101 101 108 107 92 90 94 114 119 112 103 78 55 81 99 113 130 134 143 160 148 141 137 136 129 132 139 146 139 136 141 150
147 136 148 157 153 144 134 134 135 135 137 147 134 123 114 108 123 138 138 145 142 148 152 155 157 154 171 146 137 150 116 92 94 141 170 190 123 126 128 144 143 137 124 137 151 151 155 150 145 141 141 144 137 143 154 152 143 137 135 144 146 140 143 149 128 116 121 126 135 136 148 131 78 75 74 81 65 85 102 50 65 73 74 68 66 71 81 93 88 63 67 80 75 93 116 120 100 100 109 101 99 93 98 128 106 99 105 95 62 81 76 109 127 123 139 142 139 136 135 133 133 139 146 131 144 149 142 134
159 147 144 145 157 153 143 149 160 154 150 152 157 154 147 143 149 166 168 171 172 175 168 160 172 181 177 127 124 114 85 76 78 115 120 136 121 118 130 149 148 113 116 134 150 149 147 142 144 145 142 140 132 138 150 146 141 139 133 139 143 138 141 149 134 113 112 120 131 136 140 148 81 76 70 73 65 137 97 64 67 71 66 61 62 65 80 77 58 55 72 80 71 92 109 117 95 94 102 99 95 89 95 116 113 115 113 108 69 76 69 102 117 110 138 184 184 182 169 161 143 141 147 143 152 160 155 142
161 159 154 142 145 149 141 134 134 142 147 147 154 161 163 167 160 167 157 148 146 152 158 158 159 175 135 116 102 90 77 66 69 86 93 92 104 120 129 140 138 112 117 137 147 150 145 133 138 139 136 137 130 135 136 141 134 143 140 136 142 147 147 145 129 109 105 115 131 143 135 149 91 70 68 65 103 114 91 91 74 55 62 58 63 65 66 56 49 61 80 83 75 98 113 113 105 104 101 99 81 79 94 106 107 124 114 131 82 69 80 101 120 111 123 163 184 186 193 195 177 161 149 153 147 141 148 156
153 153 165 169 167 165 159 167 168 158 144 149 147 157 162 168 166 166 163 163 158 154 158 149 152 154 115 103 83 74 72 61 65 72 72 66 106 126 128 134 122 115 119 133 136 144 141 136 129 126 132 144 128 131 127 141 135 138 140 134 139 143 140 140 120 97 99 113 126 137 131 143 101 75 61 73 94 82 87 91 60 55 56 55 57 57 56 53 55 72 89 82 84 98 108 116 113 109 107 96 76 79 89 96 118 118 126 141 109 70 85 103 112 110 121 135 180 176 176 182 187 186 175 175 177 157 139 130
153 160 163 169 170 172 163 163 166 170 166 166 160 153 150 150 159 158 165 180 183 173 176 179 161 128 119 94 73 73 82 70 60 72 57 65 103 123 130 140 135 109 122 135 135 141 135 133 126 124 134 148 121 119 126 135 133 125 132 137 135 140 142 140 111 91 103 113 126 141 134 143 101 73 50 56 58 59 71 75 59 64 58 66 74 85 77 59 56 72 84 82 90 88 97 105 116 115 114 87 75 76 85 100 128 110 120 135 107 73 74 96 116 111 122 129 166 178 171 167 171 171 174 175 168 185 166 138
140 153 158 164 165 166 162 159 158 163 160 164 162 165 155 139 134 142 146 154 154 159 161 164 149 118 120 99 75 79 92 81 63 65 61 73 108 123 124 134 140 114 122 136 136 141 134 133 128 119 134 141 121 119 128 122 130 131 131 134 133 129 132 132 106 84 93 116 124 133 127 142 104 67 47 49 48 49 54 58 60 67 108 136 147 151 133 103 73 68 79 81 81 78 89 103 105 117 109 84 78 80 88 106 112 133 141 136 123 75 71 102 114 111 118 121 132 125 135 161 162 157 166 168 162 157 160 167
141 131 147 158 157 159 165 158 159 162 168 167 156 162 164 159 159 143 145 141 130 141 158 159 126 105 121 94 87 86 84 88 70 57 72 88 112 121 121 129 121 111 120 131 132 134 129 122 124 124 126 130 114 123 122 121 125 130 127 126 125 125 122 124 99 74 89 111 122 130 122 133 96 83 47 56 56 51 54 73 70 128 164 157 164 146 157 168 108 69 70 71 76 78 88 107 107 114 98 82 82 83 87 104 116 126 130 133 126 82 69 106 118 109 103 96 132 108 117 140 136 128 154 161 169 154 150 156
182 173 159 169 179 173 173 172 170 157 164 162 164 166 162 162 161 163 148 143 164 161 166 164 99 103 104 93 95 88 83 87 74 77 85 101 113 113 114 122 101 104 117 124 131 131 132 120 118 119 125 125 116 122 124 125 125 123 122 123 119 121 120 117 87 67 84 102 115 132 128 127 95 85 60 53 56 66 67 69 74 148 178 159 158 173 182 185 149 72 65 69 76 74 95 109 111 119 94 83 78 76 88 100 104 111 110 124 122 78 64 100 114 109 91 73 139 148 122 110 125 133 139 150 152 158 159 160
159 156 154 161 157 156 161 160 152 156 168 150 151 145 146 145 151 155 149 154 175 178 177 163 83 75 89 80 94 93 75 71 84 76 88 106 111 106 107 103 97 106 108 126 132 139 129 120 116 111 128 121 122 121 122 127 123 114 113 116 120 119 118 110 77 70 91 106 115 132 128 119 95 85 69 44 43 62 70 66 74 122 158 182 183 174 173 178 147 71 68 72 68 69 75 96 118 112 96 85 75 75 96 94 87 93 97 120 113 72 69 90 105 101 81 71 137 149 140 145 131 143 145 134 135 145 155 162
160 158 164 153 155 158 162 163 157 160 148 130 137 146 147 140 153 163 165 161 159 154 154 148 83 52 62 77 90 90 79 61 76 69 70 98 107 93 92 90 93 100 84 119 141 138 125 120 121 119 131 113 125 116 118 122 112 107 113 114 114 109 112 95 72 76 89 104 114 128 128 109 89 88 73 40 40 55 67 69 73 104 146 169 185 184 184 173 156 78 62 76 81 82 64 81 112 89 92 78 77 90 104 81 65 78 86 103 110 68 66 91 107 99 79 69 137 141 120 123 115 117 144 144 134 135 142 146
143 153 165 171 160 159 176 154 142 158 151 155 164 161 170 164 163 167 169 168 163 163 169 158 79 53 54 63 83 91 79 63 65 65 65 77 90 82 77 85 94 95 81 122 136 123 113 112 122 126 124 112 117 116 113 110 98 102 102 110 110 106 105 87 66 77 94 101 104 123 122 103 83 82 74 51 39 46 63 62 67 93 134 144 157 177 184 181 183 93 60 70 76 78 63 63 94 90 85 78 83 89 91 71 56 60 85 96 100 65 65 101 100 83 78 82 132 124 126 110 99 99 112 140 155 144 139 143
163 163 168 137 141 171 174 164 161 175 172 165 169 153 163 154 160 176 179 171 173 157 157 122 85 60 58 59 73 83 78 70 63 63 71 72 74 70 69 83 96 92 106 123 128 116 104 111 124 132 117 113 111 105 104 103 101 99 99 108 105 112 103 77 63 69 90 98 111 122 116 107 80 75 71 66 41 45 61 65 72 94 155 152 154 156 145 158 161 93 59 59 74 69 75 70 77 89 85 78 88 90 78 74 61 54 68 86 90 56 64 97 98 70 70 89 130 142 125 98 89 107 101 107 140 139 139 132
171 167 155 151 167 163 161 145 145 150 155 148 149 152 162 150 159 161 163 169 162 166 147 86 98 67 63 66 63 80 76 70 62 61 67 80 76 68 63 80 96 102 122 120 113 110 101 107 122 130 116 106 108 102 99 97 94 97 99 107 105 106 102 65 61 69 84 106 113 115 113 107 79 76 67 71 53 45 56 69 73 93 136 116 136 141 134 151 149 83 56 54 74 63 118 132 94 76 76 83 89 82 69 74 68 55 69 71 78 54 59 76 93 62 68 91 133 162 125 107 96 118 101 96 127 138 134 129
157 150 146 141 134 136 144 154 162 175 174 173 172 157 139 155 161 155 173 178 170 181 122 84 98 71 70 60 58 73 77 67 63 70 93 142 144 122 120 88 99 107 121 121 107 107 100 115 120 131 102 91 94 103 100 96 88 94 92 101 105 110 100 60 63 72 91 112 105 114 108 114 81 60 59 57 55 43 54 74 66 87 152 119 96 116 138 146 135 75 57 59 71 69 131 159 129 67 78 85 83 75 73 76 59 52 62 62 58 53 63 70 93 66 74 103 131 154 147 130 110 104 104 86 99 142 156 146
158 173 171 165 171 170 171 181 191 192 191 193 184 172 170 173 179 191 193 187 187 167 86 96 90 71 72 61 53 66 74 64 72 111 155 168 163 161 149 102 101 117 115 113 110 105 107 114 129 122 90 89 90 103 95 92 90 104 97 100 106 108 86 57 64 72 88 108 107 113 108 124 124 60 55 48 50 41 52 67 66 98 162 185 183 156 122 131 118 60 59 63 79 63 108 153 119 72 84 84 86 79 77 72 55 49 59 64 46 52 57 65 90 60 77 109 130 113 123 140 130 111 110 96 121 150 144 146
185 170 171 177 179 187 190 193 197 197 191 181 182 182 178 180 182 187 187 180 179 127 82 101 83 73 66 58 51 56 71 67 86 126 142 160 153 146 154 109 100 114 115 110 108 101 108 108 127 97 78 87 82 105 87 95 91 109 111 102 104 95 71 55 65 73 83 99 103 112 106 130 159 68 48 46 46 44 49 63 64 102 141 156 182 175 143 130 103 56 60 66 80 57 106 159 127 70 77 89 84 73 67 61 49 46 57 50 42 49 57 68 81 51 70 97 125 113 128 148 131 124 126 110 123 132 127 132
173 176 182 183 185 186 182 178 180 185 183 181 186 186 189 186 183 175 164 161 143 76 70 78 79 74 66 58 56 55 63 75 103 143 145 133 148 133 129 114 99 109 110 102 108 117 112 105 124 83 72 82 72 99 90 86 82 102 112 104 94 82 59 50 66 77 87 100 105 111 108 167 205 85 45 45 49 48 48 58 64 91 116 132 133 141 120 133 89 58 60 62 65 55 75 116 106 78 88 97 79 68 61 52 45 45 52 40 43 52 56 72 82 50 66 88 126 129 124 134 149 155 147 151 140 195 209 183
185 189 186 186 183 178 177 175 169 161 155 155 161 164 166 173 175 170 159 155 146 69 61 62 62 65 58 62 65 60 61 93 149 187 185 168 174 171 161 112 99 107 100 101 111 124 107 109 121 74 71 81 72 87 82 74 81 96 109 107 85 66 47 49 66 71 79 101 105 113 122 149 173 128 49 45 51 56 53 55 60 90 121 124 120 110 103 121 72 59 61 58 52 47 67 129 110 94 111 97 74 61 53 49 47 49 58 37 41 54 56 67 89 51 67 86 131 115 114 108 111 129 152 159 172 216 207 216
163 163 161 163 178 185 187 182 173 166 160 159 158 154 158 171 176 172 169 171 181 153 63 57 55 67 58 57 64 62 67 131 182 194 191 191 187 167 156 110 96 104 98 109 114 116 108 118 112 66 66 66 71 73 70 57 64 90 102 100 75 58 43 46 58 60 69 92 104 110 111 132 140 142 60 54 59 60 55 59 59 128 196 143 119 141 125 95 57 59 55 60 54 46 61 128 129 108 110 92 67 54 46 42 40 60 56 36 48 61 57 73 91 46 61 85 185 175 137 121 111 109 134 123 154 173 165 190
169 162 154 151 155 158 172 184 188 186 181 181 176 174 179 183 186 182 185 190 192 190 82 53 61 79 90 108 82 73 92 140 161 176 169 157 149 125 109 97 87 92 99 105 115 110 112 126 99 64 65 57 58 62 66 56 66 81 89 81 64 49 43 44 52 51 58 83 108 110 130 123 122 121 61 73 69 60 60 64 59 127 191 174 164 171 122 60 57 54 48 62 65 47 63 192 169 113 100 81 63 53 42 37 42 71 50 42 80 69 56 76 118 60 53 76 133 165 195 179 173 157 149 150 164 125 143 149
167 163 147 149 147 152 166 178 186 184 182 182 186 187 185 187 182 172 166 166 158 156 150 115 120 146 169 146 128 112 119 129 116 124 163 142 108 104 105 92 82 94 100 109 105 109 123 123 78 63 65 65 61 56 64 67 66 67 75 67 56 47 45 45 48 50 55 84 111 98 101 93 111 119 86 55 57 57 61 74 89 113 144 151 189 206 110 53 55 46 71 78 55 55 57 148 139 107 105 75 88 51 40 37 50 67 41 53 106 74 55 76 116 78 48 65 114 147 186 202 144 160 164 152 149 116 152 107
146 139 124 130 132 133 140 163 178 177 175 178 179 184 189 187 183 170 162 160 150 145 152 172 180 181 175 178 147 127 120 112 113 104 109 134 127 108 106 95 81 94 101 108 100 115 121 124 63 62 65 66 66 66 67 64 59 61 61 61 57 52 56 51 47 47 56 85 99 96 105 147 149 156 141 88 55 61 72 69 111 105 138 182 196 153 71 55 45 84 150 116 47 49 61 133 135 99 101 76 95 50 41 39 62 67 38 64 119 71 57 74 105 92 50 56 106 138 132 163 124 124 150 156 144 173 153 123
122 131 155 141 137 146 148 149 165 174 178 179 177 180 182 183 181 184 178 169 169 169 167 158 157 176 182 179 180 168 157 133 96 103 90 105 115 123 127 92 80 87 94 102 106 117 121 102 57 58 60 85 97 128 129 108 120 98 61 62 61 61 96 73 45 47 61 87 94 108 104 145 155 159 178 109 78 93 94 113 158 157 191 184 191 141 67 53 96 136 118 99 55 46 67 133 113 97 93 82 85 52 43 41 76 69 36 57 77 60 58 72 116 116 57 51 119 122 117 126 125 133 125 133 141 150 147 133
166 149 138 149 154 147 148 150 151 162 160 160 167 170 172 172 172 169 180 183 181 178 169 165 163 154 176 181 172 159 159 159 147 122 96 95 104 121 115 71 85 82 89 95 102 116 122 75 52 51 52 103 200 217 225 208 190 153 80 57 56 57 134 108 45 51 63 81 108 120 137 165 149 173 142 113 104 111 117 114 156 177 188 171 176 153 126 79 111 112 118 99 67 43 67 136 116 96 91 83 61 47 42 44 80 62 41 62 79 55 54 55 117 120 57 64 133 154 108 105 117 136 112 118 150 149 126 114
169 169 163 147 151 152 154 159 156 164 171 175 173 172 174 173 171 173 174 172 165 156 157 158 155 155 158 168 183 184 171 169 179 166 162 137 128 123 97 63 76 85 86 95 101 114 104 55 47 46 48 110 247 252 250 234 197 173 88 56 51 51 117 113 46 52 61 74 143 158 167 135 133 128 109 89 97 97 103 102 102 123 141 150 141 133 88 84 98 96 99 103 87 57 67 93 86 87 90 95 73 62 55 45 78 61 42 45 56 55 59 64 88 100 75 88 110 166 146 110 114 113 102 97 126 137 125 122
163 166 172 165 161 166 162 164 155 157 158 172 182 188 177 166 157 148 144 141 136 139 146 151 149 148 149 158 172 187 186 190 163 146 176 173 165 123 82 65 72 89 80 86 103 109 87 47 45 46 46 104 223 226 236 223 217 179 118 72 62 58 104 84 47 50 56 75 140 139 118 115 126 109 111 111 108 103 104 116 105 96 89 97 101 88 76 80 71 85 82 91 114 91 56 52 56 68 82 78 74 93 62 50 74 63 47 41 50 54 62 71 81 112 108 105 133 172 163 112 122 108 117 107 141 104 92 124
152 168 172 178 180 176 166 160 154 160 164 167 159 155 153 144 133 132 133 129 133 138 140 142 149 154 160 166 179 184 181 184 181 184 185 186 165 118 79 62 78 95 81 86 97 105 80 44 44 45 47 99 212 191 203 214 189 164 160 144 113 96 105 67 45 48 56 76 127 124 99 98 89 95 96 148 115 125 101 93 103 98 102 100 105 91 84 78 66 57 66 87 97 68 59 70 66 54 66 54 55 90 51 58 70 44 45 49 72 60 59 72 67 54 59 85 117 146 165 112 107 118 99 119 142 110 106 105
148 150 149 147 151 160 157 148 144 137 139 140 141 149 153 152 152 140 130 129 132 136 142 149 164 176 178 177 172 165 176 185 183 184 177 151 180 109 69 64 85 98 84 91 92 126 100 44 45 46 49 82 190 175 171 173 154 147 132 121 121 100 81 56 43 47 55 69 117 130 133 119 114 132 133 208 163 140 140 100 115 123 136 118 104 112 100 98 87 80 67 85 85 67 63 74 64 59 61 60 64 92 66 58 62 49 41 71 108 75 63 68 71 58 56 72 98 107 117 168 147 194 175 195 146 130 144 155
151 151 145 136 129 136 147 159 155 144 139 138 131 130 128 137 145 146 148 145 155 174 176 180 183 176 167 162 161 161 159 162 168 170 170 182 182 85 64 65 90 92 89 83 94 128 113 45 45 47 49 73 168 171 167 147 130 120 118 126 122 78 79 58 43 44 58 73 103 104 114 123 125 128 125 176 167 136 139 112 101 93 104 128 97 98 85 104 85 73 64 88 100 72 62 70 62 49 51 58 58 88 89 44 53 65 51 62 90 80 84 78 81 78 83 90 80 97 103 122 159 196 181 158 168 184 168 142
154 162 156 153 148 139 144 149 151 153 148 140 137 136 128 124 132 144 149 165 175 171 162 167 167 176 181 183 179 183 172 164 154 155 174 209 130 73 63 72 80 87 90 79 89 120 96 46 44 47 50 66 155 164 156 141 129 116 110 119 105 70 68 50 46 51 60 70 90 91 97 102 99 94 87 106 104 125 113 99 90 99 93 86 102 110 100 92 75 56 64 65 70 71 74 68 67 52 48 53 53 72 76 58 54 50 55 58 92 78 91 86 78 74 84 89 89 87 83 104 99 159 196 144 135 157 145 115
129 135 148 155 154 153 148 142 142 143 150 154 154 156 149 131 131 132 134 137 137 145 156 150 160 157 158 177 172 152 132 112 116 196 249 210 92 69 64 72 74 85 84 67 81 120 123 66 51 45 50 55 105 143 144 128 111 105 94 82 83 79 69 52 42 45 61 62 89 85 82 81 82 90 98 103 89 96 108 97 94 90 97 89 93 84 90 71 65 62 54 52 53 57 81 101 73 58 55 49 52 62 74 74 69 51 48 78 120 91 85 97 111 67 70 82 88 88 91 95 88 107 152 129 132 144 141 134
153 148 151 163 164 165 159 160 162 162 157 155 155 157 152 139 150 148 144 133 125 118 123 147 165 145 136 142 132 109 104 129 182 236 249 173 79 69 67 68 78 85 73 60 89 134 150 120 97 68 48 55 96 123 136 127 115 94 85 93 77 68 76 69 47 44 61 68 81 83 84 84 87 88 97 109 107 109 107 91 95 99 116 113 101 98 82 75 67 60 62 72 68 63 66 84 81 63 55 58 58 57 73 64 69 59 55 88 92 83 98 124 146 79 68 75 86 94 107 109 107 97 82 102 132 141 144 165
176 176 176 180 182 178 169 176 174 171 171 168 166 159 145 159 184 182 171 157 148 139 136 159 166 173 181 176 174 177 179 204 246 248 209 94 77 68 70 75 88 75 62 62 108 132 117 118 100 96 77 55 97 115 119 119 110 97 100 85 60 57 60 57 59 63 72 67 76 97 127 170 165 135 85 97 100 101 103 102 100 96 95 128 105 101 79 83 84 68 67 72 85 82 84 79 80 73 61 69 68 63 62 63 67 73 76 76 90 106 123 133 131 90 73 72 71 76 89 102 109 113 121 120 112 125 135 169
169 172 174 180 179 170 168 167 172 168 174 180 177 172 176 180 184 185 188 179 168 167 165 183 184 190 180 182 189 168 205 217 220 212 106 75 78 70 74 85 82 64 54 79 119 119 130 112 81 93 121 82 70 97 103 106 100 92 79 64 64 70 63 57 74 74 75 63 80 115 141 150 147 154 94 96 92 95 105 91 104 107 118 124 114 99 96 97 88 81 68 69 68 74 79 70 70 72 81 63 56 71 74 63 60 66 88 78 86 90 115 100 112 100 116 122 100 71 85 77 82 104 119 124 112 125 121 129
141 149 153 152 160 162 162 160 166 168 171 171 174 173 167 169 176 181 186 184 177 180 180 168 176 184 187 169 184 199 212 226 209 140 71 78 77 81 83 83 67 56 61 113 104 105 136 101 86 73 122 100 62 89 92 98 95 82 93 88 77 72 80 82 92 69 76 70 71 89 85 96 149 131 91 99 93 112 117 124 123 108 118 132 118 147 156 139 105 86 99 91 89 98 97 82 110 97 88 76 71 53 77 105 76 78 67 78 77 85 90 101 114 94 101 123 118 77 80 87 86 90 90 94 103 122 120 126
124 126 126 127 130 136 147 149 148 146 147 148 162 174 173 157 159 164 169 172 173 176 181 171 183 197 204 203 208 234 225 213 190 82 67 77 77 83 75 72 58 51 105 115 100 118 121 96 98 91 90 90 80 86 114 97 102 92 97 78 88 87 97 115 82 82 92 81 84 90 98 117 151 139 122 126 112 131 125 152 130 154 126 126 121 127 146 158 122 98 93 86 93 91 95 85 139 137 85 74 103 89 67 84 74 83 93 78 74 76 79 82 102 91 84 87 76 77 87 91 92 95 101 98 98 98 102 103
118 112 113 117 125 130 127 130 143 135 124 132 144 160 153 128 122 123 139 155 165 178 193 185 183 198 206 212 211 229 214 218 120 71 71 69 70 71 62 64 54 60 100 99 101 126 113 101 101 92 92 81 78 98 158 123 102 102 85 74 94 88 91 100 91 92 97 94 94 100 129 134 146 142 154 124 152 176 135 123 106 161 178 152 133 139 160 145 144 136 105 100 93 92 108 134 101 79 96 103 130 109 92 84 78 77 73 86 171 148 91 84 85 93 89 88 99 93 119 113 110 103 114 118 116 111 113 125
106 110 114 118 117 118 112 113 112 117 121 124 127 124 123 135 137 132 131 121 131 158 192 210 171 188 207 214 229 235 243 162 67 74 70 70 65 59 53 60 49 70 101 99 90 109 98 97 87 84 81 73 71 86 142 141 80 86 78 79 84 92 84 78 91 97 91 102 116 131 114 127 132 128 145 124 130 150 147 170 176 148 118 155 137 152 171 159 172 136 112 121 100 119 121 103 107 95 81 101 102 97 110 94 100 106 131 187 200 202 200 152 104 104 97 137 167 147 117 123 147 150 127 115 125 130 109 102
96 102 103 105 111 110 108 111 108 104 112 117 111 109 109 121 132 130 118 116 119 126 164 222 191 200 233 228 243 227 212 91 68 74 72 68 58 54 50 54 49 81 119 119 110 105 104 95 89 81 84 74 86 97 110 167 127 86 78 77 85 81 71 67 80 84 84 121 154 142 110 117 146 154 169 168 163 150 163 158 177 148 132 157 155 156 173 179 156 117 81 115 140 122 98 91 105 108 86 82 95 93 85 86 96 130 131 123 127 131 192 217 156 113 112 130 142 136 114 110 122 115 98 89 114 120 153 148
102 100 100 107 109 105 108 109 109 107 101 105 111 116 117 116 119 117 112 107 100 113 155 199 229 241 233 220 226 212 162 69 68 74 67 58 51 51 49 50 63 82 88 117 110 101 100 96 85 84 62 74 82 87 136 144 112 88 79 79 88 88 76 80 79 85 86 120 138 118 108 100 154 174 195 181 134 108 102 140 145 143 136 191 174 162 155 149 98 102 93 131 201 152 83 88 86 83 86 83 85 87 79 79 87 94 108 103 91 93 108 150 130 115 103 116 118 113 110 100 110 97 123 143 110 110 126 145
96 94 99 98 100 105 106 108 110 108 102 104 108 109 111 110 107 102 94 109 104 117 128 197 222 234 227 204 173 148 97 70 67 68 60 57 50 48 50 60 83 86 91 97 95 84 90 87 83 86 79 77 71 85 147 133 97 87 92 70 72 104 83 78 83 93 97 118 114 110 112 117 130 142 167 177 157 124 113 148 139 163 188 196 171 132 113 110 151 119 98 97 151 124 75 78 80 78 95 95 92 95 104 101 136 126 118 144 86 91 106 136 145 127 105 112 113 131 173 120 116 95 105 125 126 112 106 122
95 101 108 109 103 102 107 104 99 105 106 100 105 109 107 99 92 91 101 97 117 142 148 213 218 213 222 222 151 109 75 70 62 61 57 55 55 58 64 78 87 92 89 88 79 75 102 96 73 92 88 91 83 106 166 140 115 86 79 80 100 112 94 84 85 76 87 125 136 120 102 101 103 103 116 152 149 167 109 117 155 158 146 176 163 112 112 117 172 115 105 118 100 95 94 79 81 89 89 90 86 90 122 148 151 162 153 123 89 82 143 181 148 132 130 113 102 168 158 121 104 88 111 125 120 116 111 130
98 101 101 101 95 96 94 97 104 104 101 99 99 101 96 91 86 91 103 109 113 153 164 201 222 210 196 219 180 131 68 64 59 56 57 57 73 89 99 93 86 77 82 82 86 87 94 82 84 86 92 91 74 116 171 142 121 93 77 94 96 103 107 86 91 75 89 101 123 118 96 77 104 104 118 151 134 170 134 134 127 92 127 195 169 119 125 161 188 158 165 182 163 131 104 98 78 125 110 79 82 86 100 166 173 172 147 120 75 72 151 175 113 120 92 116 102 114 114 144 114 98 119 106 89 112 107 164
85 81 85 85 83 82 83 93 95 91 84 87 90 86 90 87 83 91 109 113 117 127 188 228 230 201 171 178 128 109 77 63 61 59 58 74 90 87 103 129 98 79 72 72 77 97 101 87 85 88 85 77 70 83 146 160 127 97 99 88 96 115 115 74 84 86 90 114 106 96 84 79 97 143 109 164 123 151 114 136 141 84 110 154 132 116 114 148 163 157 183 194 171 139 100 103 88 159 98 85 78 84 99 180 168 122 115 135 98 79 100 180 141 101 91 92 116 102 109 155 146 89 68 100 98 96 99 149
77 81 81 92 95 97 88 94 90 84 83 82 84 86 88 86 94 101 105 122 145 142 199 221 214 207 178 164 126 98 92 69 65 67 68 84 102 67 99 145 116 90 87 72 81 100 106 108 87 77 69 79 82 115 138 126 129 99 98 88 115 122 129 90 85 80 87 118 108 107 134 124 139 134 127 119 154 127 145 178 156 103 109 100 112 159 162 178 151 149 186 186 137 83 94 83 96 104 85 92 129 124 107 101 108 127 132 128 115 109 107 161 155 106 134 138 134 123 108 100 115 84 85 123 98 95 97 172
82 81 82 98 97 94 84 86 87 86 86 84 88 87 87 90 98 98 94 109 135 167 203 231 206 213 204 186 171 144 148 68 71 102 134 134 114 62 100 124 140 119 93 80 83 85 92 110 118 94 88 77 89 126 137 128 131 137 114 93 109 107 123 103 85 82 76 86 114 143 171 147 155 176 137 125 115 111 118 159 94 96 132 156 179 185 189 194 171 165 171 173 80 80 83 75 101 98 72 81 160 212 164 141 147 173 144 123 106 138 182 199 163 130 107 120 143 135 100 86 78 81 106 126 89 108 152 197
84 67 77 87 80 82 88 80 88 85 82 87 98 96 88 91 95 93 100 110 114 151 211 195 205 197 190 171 188 202 172 139 127 123 143 166 142 87 91 87 120 140 96 80 82 81 86 108 95 97 101 85 93 124 124 146 150 162 108 102 99 84 97 114 94 104 133 123 152 174 174 169 156 185 179 187 130 171 169 134 152 138 149 161 194 206 197 219 205 201 197 149 75 104 72 105 89 84 85 91 124 202 207 189 171 180 161 144 104 124 159 193 210 182 134 119 155 123 94 74 75 84 118 150 153 178 188 176
77 63 60 79 81 76 88 82 87 88 88 95 92 89 95 95 96 93 109 108 126 151 172 187 213 193 221 219 216 202 186 157 160 159 167 157 144 118 110 79 92 147 116 105 88 82 70 96 72 79 105 100 99 108 100 127 152 168 127 102 130 121 126 133 144 157 176 183 173 168 198 171 155 187 204 187 169 197 158 140 169 152 142 175 165 181 191 197 222 179 157 168 106 107 86 144 153 81 92 115 149 190 209 199 187 168 177 162 129 136 116 143 205 216 194 145 167 154 115 76 83 99 159 176 169 185 188 182
70 54 52 75 83 100 173 180 100 113 125 112 109 120 92 94 98 106 104 146 165 163 177 171 174 213 219 228 195 176 206 180 183 159 153 124 124 97 84 79 85 139 144 115 84 82 70 80 75 97 112 107 95 95 101 89 130 171 158 142 163 153 162 164 161 173 171 180 178 168 201 203 176 167 184 183 190 171 177 158 127 137 186 192 166 177 193 184 197 182 169 167 150 114 125 172 160 81 76 119 201 184 170 222 188 150 146 119 157 138 128 133 161 199 188 185 158 175 128 101 103 136 176 144 165 196 202 178
68 59 54 72 123 172 211 246 214 148 219 231 167 121 105 103 105 121 124 175 187 176 160 166 166 194 233 224 199 178 206 193 189 197 201 144 107 97 85 87 100 98 102 144 110 71 71 70 86 96 115 116 92 89 123 124 130 171 199 173 181 178 176 163 167 166 155 169 166 170 196 188 199 157 156 174 176 157 174 170 150 171 178 217 208 183 206 166 193 174 204 195 130 82 139 182 162 150 124 131 179 223 181 205 197 174 121 146 142 168 176 138 168 187 170 182 168 151 153 159 115 121 176 89 78 139 185 181
76 69 57 93 194 227 232 242 242 193 238 253 207 112 99 108 113 136 142 180 218 200 162 203 223 214 234 222 211 211 208 198 170 172 187 150 144 130 87 82 81 73 84 144 124 90 84 84 89 70 75 90 88 85 135 150 148 189 219 167 159 189 185 165 163 159 149 160 193 180 182 215 212 196 206 208 209 190 194 167 160 200 193 192 200 206 167 174 183 185 184 120 118 103 146 199 184 189 173 176 192 239 191 147 200 184 116 142 151 165 147 149 191 150 110 182 181 153 156 165 127 126 141 97 84 117 157 132
72 72 57 141 237 242 241 243 245 248 247 228 216 151 165 159 147 200 199 203 201 225 219 220 210 220 232 231 222 225 216 223 173 153 144 127 139 130 88 80 78 73 75 116 155 117 87 85 87 80 67 93 122 108 125 167 177 208 224 194 151 170 186 185 152 159 151 179 204 169 183 225 237 210 163 185 225 221 192 159 148 193 190 170 185 150 129 186 181 170 192 98 125 130 151 175 169 201 204 182 197 224 235 189 194 194 137 103 135 151 137 144 122 172 157 150 152 190 119 124 127 130 121 78 99 161 148 144
109 88 65 189 236 238 236 241 244 244 237 219 180 214 235 224 212 239 249 242 205 216 242 235 217 213 234 236 222 186 219 232 213 212 178 120 123 120 91 73 87 83 96 104 133 161 138 90 82 80 73 82 137 133 119 151 162 188 226 206 202 192 181 185 172 171 162 200 199 196 169 181 214 201 196 192 217 213 207 181 196 171 149 173 157 125 156 160 196 209 167 109 150 162 163 170 144 190 211 173 181 178 223 236 214 218 174 168 176 194 145 166 160 189 143 140 155 196 178 120 144 164 97 78 84 136 146 144
121 124 91 214 238 242 242 238 233 232 232 222 217 242 246 243 250 244 249 249 241 232 241 240 231 222 220 240 233 202 202 220 203 211 196 159 119 107 90 65 91 111 93 84 93 151 187 109 90 81 77 87 139 151 116 145 153 184 217 220 208 204 169 182 176 174 184 203 201 204 201 218 195 187 225 225 218 219 198 177 198 154 164 161 109 143 172 121 179 174 137 144 156 179 181 155 162 175 211 190 183 169 212 219 225 222 214 210 213 198 148 166 193 182 146 178 204 180 128 146 169 146 133 115 82 67 135 166
155 128 148 225 236 242 239 233 226 207 218 230 233 244 247 245 245 246 247 251 248 243 238 233 238 218 217 234 242 219 210 216 206 191 198 208 150 126 97 73 133 114 71 90 99 123 175 107 86 82 94 136 146 156 149 156 186 202 205 222 213 189 168 207 181 176 199 208 217 216 181 197 192 180 209 195 206 203 212 206 206 150 123 139 137 179 142 144 185 152 177 146 175 151 149 126 133 171 201 182 151 154 191 244 223 211 225 208 210 211 147 181 203 204 180 183 210 176 107 132 156 157 134 157 91 75 92 135
186 219 239 237 230 227 235 227 223 223 238 232 236 242 247 243 245 245 247 248 250 247 242 242 237 214 226 227 243 223 219 203 207 193 210 206 159 138 122 129 205 122 67 125 130 116 137 97 73 115 157 148 160 154 148 184 179 203 178 217 215 213 206 172 183 162 173 184 225 206 130 144 210 201 209 202 219 192 217 213 203 132 116 122 164 149 127 184 184 106 180 178 174 121 152 128 169 193 152 177 190 130 161 200 220 199 226 213 179 211 180 187 186 169 203 185 199 182 147 138 165 143 175 152 84 92 73 103
221 228 238 235 222 218 222 220 220 233 223 211 230 234 238 241 244 244 245 249 248 247 244 243 243 239 231 237 239 229 224 197 200 214 217 202 118 105 111 172 187 131 89 113 107 118 117 121 94 155 184 122 120 137 160 195 194 201 173 180 214 222 182 193 205 162 153 189 212 190 185 166 201 195 180 155 176 189 192 219 184 145 142 148 185 191 175 187 194 145 207 182 129 96 143 120 188 175 148 169 201 166 122 160 213 193 211 219 176 187 206 179 191 177 203 158 169 184 125 125 170 134 173 186 111 95 73 106
217 230 227 218 208 199 205 220 234 232 218 226 235 221 226 240 245 241 241 248 247 247 244 230 234 244 240 237 227 214 212 201 205 215 209 203 170 100 123 169 144 130 108 105 131 146 123 131 107 137 167 126 108 113 139 171 192 182 176 159 210 216 175 193 182 193 167 181 203 202 177 171 206 208 160 116 135 195 174 184 123 132 155 151 188 196 164 170 147 182 180 144 134 80 122 103 114 146 189 145 159 145 88 119 187 214 197 204 205 186 210 166 169 208 190 138 147 203 163 117 163 157 186 199 131 116 104 124
222 218 220 208 215 211 216 214 204 211 215 224 237 233 240 241 242 243 244 247 244 244 246 221 205 240 237 234 221 196 199 202 198 207 223 203 166 165 203 166 139 158 131 156 189 165 184 187 111 95 141 138 112 150 132 149 194 196 181 181 210 208 209 181 190 194 201 186 198 212 220 107 148 200 146 128 162 192 139 129 129 170 157 142 162 184 150 196 121 144 174 137 118 105 122 106 108 180 151 155 200 135 111 87 144 211 189 221 224 196 174 194 165 184 163 196 164 185 202 136 158 163 177 167 131 129 128 130
208 210 214 206 210 221 215 201 189 194 220 206 227 249 249 246 245 245 240 247 244 243 244 229 210 221 231 218 212 217 199 204 204 207 205 162 126 171 213 185 165 173 158 183 206 202 188 170 140 98 120 134 128 122 149 121 172 189 173 167 196 219 212 197 212 213 193 180 198 213 199 124 175 211 175 188 163 202 136 129 118 181 183 176 161 187 141 153 101 89 170 133 130 129 135 150 155 173 154 135 200 183 89 82 142 197 212 199 211 171 133 178 176 133 121 197 147 123 159 159 132 195 171 158 121 107 88 155
192 208 205 195 191 205 196 204 188 187 212 216 242 248 246 250 248 243 239 246 242 231 241 232 219 223 229 199 182 199 190 192 205 194 153 136 149 193 194 165 164 167 181 192 198 209 191 186 186 155 147 126 97 110 145 144 152 186 174 163 188 235 212 192 208 219 205 186 195 219 220 190 185 187 200 166 191 215 166 174 137 178 195 202 200 208 179 145 111 85 151 136 152 149 137 161 179 145 162 131 119 182 165 149 136 176 193 135 183 178 172 196 177 156 132 144 132 121 122 157 163 174 152 168 97 98 86 105
169 200 195 189 188 199 198 204 204 198 205 209 235 236 246 250 247 245 243 242 236 237 234 233 218 221 224 214 160 176 195 193 192 202 164 173 195 181 203 195 188 174 187 198 189 209 205 228 198 152 174 182 132 131 132 162 199 179 152 149 193 226 214 213 159 204 217 193 176 198 198 135 151 189 209 186 204 191 151 185 151 186 201 192 201 194 201 143 112 104 136 146 115 108 125 192 172 136 134 130 102 148 172 153 127 156 192 126 166 165 179 221 213 170 159 167 149 93 85 118 178 157 115 124 105 128 91 94
173 197 186 178 200 214 211 217 198 191 211 212 221 238 246 244 243 245 246 243 241 240 232 232 232 231 231 225 182 189 182 201 175 190 169 151 182 189 203 206 209 183 157 196 200 207 226 238 182 137 155 218 207 151 113 141 168 150 113 139 191 215 224 212 175 213 231 221 172 172 180 169 211 212 210 221 159 159 188 190 188 189 151 163 148 179 194 177 103 144 169 128 76 80 98 155 147 158 124 139 124 88 137 101 99 173 204 193 163 175 193 208 203 155 186 162 163 116 130 137 174 139 144 118 123 124 78 123
131 165 172 213 221 225 224 221 206 192 203 213 216 233 228 235 238 243 245 245 242 233 216 220 236 230 224 198 181 176 185 187 186 172 174 149 164 190 209 178 199 160 144 171 215 214 218 231 207 139 94 187 221 224 155 119 143 114 112 131 193 210 217 215 201 214 221 217 183 206 209 166 207 220 213 212 185 150 157 193 214 155 156 174 139 164 188 200 123 99 175 127 73 95 143 124 131 173 137 121 157 109 120 149 77 144 216 210 166 170 189 187 209 191 168 134 144 133 166 156 175 142 131 140 139 124 83 116
74 124 154 192 203 212 204 211 214 196 202 218 230 226 223 232 233 241 242 242 234 227 199 176 206 161 206 217 210 201 188 175 185 180 177 164 180 173 190 188 187 137 167 198 209 220 229 235 205 146 134 156 201 215 209 101 111 116 121 125 195 217 220 211 200 210 224 226 223 239 233 203 210 202 175 173 192 176 155 178 185 151 174 174 151 185 211 178 126 71 152 133 113 89 124 101 118 143 134 121 140 114 147 166 84 125 182 197 192 193 158 169 158 212 180 127 133 105 107 124 156 148 114 125 143 137 96 120
55 88 139 174 192 200 200 214 225 219 201 196 228 238 224 238 242 244 242 242 241 239 202 164 197 132 202 226 219 192 170 189 173 145 174 183 189 191 206 187 203 224 229 170 211 213 222 228 211 208 215 199 196 213 210 131 123 129 124 150 207 229 220 200 214 216 226 245 236 237 229 207 198 153 154 151 167 214 188 168 200 156 176 176 173 183 183 172 139 73 147 166 128 106 120 112 118 122 116 125 85 133 148 158 85 114 180 207 192 191 183 194 111 173 168 165 114 110 110 121 143 155 81 138 141 115 111 129
