133 183 124 59 47 51 71 94 129 93 106 183 199 116 101 60 51 67 70 106 59 105 157 153 155 155 155 156 156 156 156 156 157 155 157 156 157 157 157 157 158 158 157 158 158 157 156 158 158 158 158 159 159 159 159 160 160 160 159 160 159 160 160 159 160 160 160 159 160 159 161 160 159 160 160 162 162 161 162 162 162 161 162 163 163 161 160 163 164 165 165 165 160 83 52 57 55 42 40 40 39 40 44 43 39 40 42 40 41 40 40 48 60 84 116 61 46 55 110 114 90 129 116 107 81 79 79 43
103 108 60 45 55 60 54 82 77 84 109 152 152 136 118 104 80 71 66 120 100 73 136 160 155 156 156 156 156 156 156 157 157 157 156 157 157 157 157 157 158 158 158 158 158 158 158 158 158 158 157 158 159 159 159 159 160 160 160 160 160 160 159 160 160 160 160 160 162 165 159 158 172 171 167 166 163 161 160 160 160 160 162 162 163 161 149 161 164 164 165 167 167 112 54 53 68 50 39 40 39 39 40 42 42 42 41 40 41 41 39 47 55 73 110 79 93 58 57 75 98 99 132 73 61 72 86 52
114 79 94 76 75 66 44 46 49 65 79 109 102 91 143 123 154 93 56 77 65 92 140 161 155 156 157 156 156 156 157 157 157 157 157 157 157 157 157 158 158 158 158 158 158 158 157 158 158 158 158 159 158 160 159 159 159 159 160 160 160 160 160 160 160 162 165 165 149 116 78 98 149 151 162 173 173 174 179 179 180 179 173 169 167 163 104 149 164 163 165 156 172 142 51 58 94 82 38 40 39 40 41 41 44 42 40 40 40 41 40 48 47 67 97 132 152 70 62 63 94 89 83 74 70 70 74 58
99 75 100 115 59 42 50 50 47 67 67 94 84 82 154 143 144 151 60 68 58 101 130 157 156 156 157 156 157 157 157 158 150 156 157 157 156 157 158 158 158 158 158 158 159 158 157 158 159 159 159 160 160 160 160 160 161 162 162 162 163 164 164 165 166 160 134 96 64 55 55 78 130 131 126 133 120 115 127 158 157 154 159 170 175 161 79 143 186 184 170 143 172 111 43 66 86 76 40 40 39 39 41 44 42 40 40 40 48 42 46 48 55 60 64 110 116 63 78 56 49 60 81 80 73 73 81 59
83 71 72 80 59 67 59 52 45 54 53 76 69 54 114 163 157 102 61 68 65 68 142 159 158 157 158 159 160 159 158 159 147 159 159 159 159 158 159 159 159 160 160 162 163 164 165 162 161 160 158 155 152 151 151 149 142 140 143 137 126 136 148 144 131 79 58 56 58 52 55 65 159 180 149 146 127 127 131 158 140 130 146 160 144 104 65 85 128 146 150 168 160 67 45 48 106 73 43 40 41 39 43 40 42 44 45 43 40 44 65 76 53 54 52 61 76 86 122 64 45 55 71 70 88 74 84 111
50 67 82 84 66 130 163 70 47 67 89 61 61 81 88 88 61 62 84 72 53 58 129 163 160 160 160 160 160 161 162 157 152 162 162 162 161 163 166 169 169 166 158 146 136 121 113 106 98 93 87 84 84 80 74 74 76 72 81 83 74 81 111 90 51 52 55 53 51 54 59 60 89 116 128 136 145 159 164 182 178 177 182 181 151 101 60 76 117 130 160 166 153 61 49 57 125 145 61 39 40 39 42 39 42 41 44 51 43 46 71 101 66 53 56 64 71 86 92 61 52 64 61 56 74 83 92 113
60 51 107 119 54 78 131 62 49 84 145 96 75 115 86 94 75 93 78 55 57 61 102 147 163 162 162 163 163 164 158 142 163 163 165 168 169 162 148 127 107 87 73 62 63 57 61 63 61 59 58 65 67 65 64 74 82 83 97 101 102 100 78 69 56 51 44 51 48 47 49 53 89 143 138 124 116 110 106 102 104 108 114 124 131 99 57 85 172 163 163 169 118 55 68 79 86 115 57 53 43 41 40 39 44 48 84 53 38 43 68 99 67 54 67 62 55 68 61 63 61 130 81 60 81 68 70 95
57 68 63 98 56 64 77 75 71 104 151 140 80 71 82 89 97 151 91 52 53 65 76 110 157 162 162 162 164 165 147 159 169 169 156 129 98 75 63 59 55 51 51 52 58 61 63 66 67 67 68 75 76 74 81 95 100 93 95 94 97 87 57 55 51 46 42 42 44 48 58 63 115 203 216 221 212 210 205 192 178 174 164 153 143 103 55 66 155 177 163 168 133 76 109 158 171 138 149 91 62 43 41 40 37 55 85 81 51 48 42 59 58 87 110 53 49 55 85 87 90 85 107 55 73 103 130 83
51 87 143 125 53 100 127 113 127 147 134 112 132 131 90 90 101 134 78 67 50 60 70 91 150 161 163 160 148 140 155 168 141 99 66 57 57 58 60 63 63 60 59 60 61 62 60 58 56 55 54 56 56 57 58 57 58 59 62 63 60 58 58 56 49 48 44 47 53 61 71 76 131 207 199 204 203 217 241 229 234 240 246 237 225 129 56 76 139 146 174 167 138 70 91 125 177 123 110 72 96 53 42 58 42 52 74 115 80 44 44 92 70 84 65 52 80 77 130 118 68 62 63 63 77 92 126 75
65 80 142 137 118 89 139 132 156 159 143 82 170 117 79 134 148 72 57 75 57 60 55 81 139 153 150 146 152 167 158 97 61 57 56 55 60 63 65 62 56 52 49 48 48 49 52 57 61 66 69 71 71 77 84 97 117 137 135 89 79 77 73 67 61 58 49 52 64 70 75 75 142 238 220 223 215 210 216 203 206 214 212 216 203 112 63 67 130 171 140 172 119 55 58 80 102 84 86 79 94 58 40 41 42 48 42 86 95 55 55 63 53 58 48 58 108 105 150 106 66 93 71 71 104 101 121 134
65 66 70 118 120 87 80 108 119 98 83 60 103 60 67 112 113 64 73 89 127 81 50 85 102 78 85 107 98 96 75 55 59 56 57 59 58 50 45 44 46 49 55 61 65 68 71 74 77 78 86 99 115 128 137 143 158 151 98 87 86 83 80 73 71 64 53 56 70 67 73 75 143 254 246 248 246 242 243 241 236 232 224 222 220 146 53 58 161 153 153 170 162 60 42 46 47 47 48 59 57 49 41 45 44 62 67 48 52 96 130 51 59 90 50 53 68 115 133 65 87 95 80 69 90 72 102 98
65 75 76 96 113 131 73 102 160 59 74 81 100 62 84 108 76 51 65 82 136 62 62 54 64 79 77 84 68 66 61 54 50 56 49 43 41 43 48 55 61 64 67 70 71 73 73 77 88 108 127 135 150 157 158 159 159 108 99 99 99 93 90 84 82 71 59 62 72 66 70 70 135 244 242 246 248 250 251 251 252 251 251 251 255 134 56 53 93 153 168 170 136 50 41 43 43 45 66 72 63 58 40 41 41 67 106 60 60 75 97 56 89 111 49 83 60 65 91 95 64 64 67 50 72 57 72 97
88 80 84 76 141 101 143 134 120 50 84 104 57 64 125 92 61 54 73 78 64 56 90 69 109 124 102 104 64 60 56 50 44 42 43 46 54 58 60 67 75 77 75 78 80 82 86 103 122 138 145 154 164 175 180 168 119 108 108 108 105 101 95 92 87 76 61 66 69 68 67 70 136 239 234 234 230 228 233 232 232 234 238 242 241 103 59 59 94 169 168 174 89 50 43 40 40 71 121 117 131 82 41 40 42 50 55 51 61 55 84 93 130 105 46 89 89 62 87 152 78 60 70 74 86 64 60 83
74 81 91 64 71 115 147 159 131 72 63 68 53 50 122 138 145 66 75 80 47 67 51 48 57 56 57 55 54 53 50 49 45 45 52 66 73 74 76 80 84 86 88 90 93 100 120 129 139 152 159 167 172 180 170 118 108 108 106 104 102 98 96 92 87 80 61 63 68 69 72 75 139 254 246 247 247 244 244 242 240 241 239 242 202 66 58 51 114 174 170 170 79 50 43 44 41 56 93 56 92 77 49 47 42 41 48 51 47 53 89 85 129 93 53 76 113 59 62 128 105 53 72 58 74 84 95 93
129 97 105 93 97 101 82 71 74 107 71 55 58 49 54 99 139 67 82 66 54 57 61 53 86 96 79 77 75 69 65 62 56 50 65 75 75 77 80 83 84 90 94 98 104 112 119 120 117 117 122 129 136 129 106 101 105 107 107 107 105 102 99 95 90 78 62 61 76 76 77 73 130 250 245 246 250 249 249 248 249 246 249 250 233 103 61 50 107 173 171 161 60 43 41 46 44 50 77 56 67 71 89 49 42 45 47 44 49 53 54 80 70 75 73 61 107 58 61 135 118 57 63 45 76 109 167 106
142 88 85 91 100 81 94 84 60 81 105 73 59 64 66 91 76 72 63 48 53 51 55 86 71 92 85 83 83 76 70 62 58 54 70 74 76 78 81 82 80 81 83 85 88 89 92 101 115 129 142 154 147 113 110 111 114 116 113 111 109 107 102 99 94 81 69 69 78 80 79 72 127 229 218 199 163 174 183 196 209 223 234 240 220 95 61 52 75 165 174 125 44 53 54 40 45 75 72 70 88 70 91 84 47 57 64 64 62 46 40 68 61 74 75 50 57 59 77 144 156 67 53 65 103 91 160 79
62 69 69 72 99 76 113 112 79 74 83 93 108 69 80 120 145 101 55 57 49 50 64 77 65 96 97 87 73 83 80 71 62 59 70 69 71 72 74 76 80 84 89 92 95 97 109 121 131 140 147 137 108 108 111 112 112 113 113 106 103 100 97 92 87 75 69 61 59 56 71 71 135 170 169 151 75 63 65 68 72 77 79 87 83 56 55 51 73 165 164 74 40 46 55 49 37 66 88 105 105 75 89 109 56 61 51 46 42 39 40 60 53 85 101 132 63 75 87 77 159 80 55 52 73 108 157 68
62 67 43 52 111 105 145 101 67 85 94 124 191 112 74 109 137 112 50 59 45 47 69 72 76 99 98 94 83 86 79 78 68 61 65 67 72 75 79 83 87 88 90 93 98 100 121 117 113 116 114 97 95 95 109 109 105 104 97 66 72 66 55 59 59 50 51 42 42 43 67 70 110 171 171 87 73 69 66 64 64 81 116 89 61 52 53 49 100 175 132 44 42 40 43 47 38 59 86 89 65 57 52 65 58 63 56 46 42 40 45 56 63 49 76 137 79 128 97 65 120 83 49 52 80 93 133 64
63 64 71 68 92 113 91 121 86 109 58 80 138 125 76 99 105 71 70 62 47 45 67 62 60 82 79 84 76 128 153 95 63 57 70 71 74 75 79 82 83 78 80 122 131 95 111 69 93 197 200 191 189 187 158 94 126 97 105 87 107 74 56 84 82 53 44 42 43 51 74 77 109 179 172 85 85 67 61 59 58 94 116 98 58 49 46 43 104 163 78 41 41 41 41 40 39 53 58 73 65 55 56 95 83 123 104 81 41 43 43 55 52 56 58 60 68 85 70 70 111 109 48 58 65 105 101 81
100 101 75 67 71 70 69 81 76 60 49 57 116 129 107 138 116 129 158 68 49 45 67 82 62 84 82 83 74 157 160 104 73 64 73 74 73 73 67 59 79 165 198 181 117 83 95 78 123 218 210 216 208 222 187 108 128 108 156 152 97 69 80 89 87 78 47 45 44 70 83 81 110 200 195 87 87 72 59 54 72 86 79 63 53 45 47 45 72 106 38 42 41 41 43 40 39 45 61 96 47 46 49 63 71 95 109 118 60 43 45 45 51 60 55 58 119 72 73 122 167 128 75 56 65 90 71 51
111 104 65 56 69 91 75 94 145 81 47 75 80 82 125 84 84 118 125 58 76 70 65 87 68 90 104 90 77 108 162 156 142 75 66 66 77 72 66 56 83 233 249 241 139 78 92 109 209 211 214 214 214 225 203 105 149 137 204 160 83 120 104 95 97 99 59 50 48 80 93 88 106 205 200 82 81 80 59 57 95 91 81 65 53 44 50 49 47 48 41 41 41 41 45 40 37 68 88 93 48 53 46 59 77 83 83 72 65 48 49 75 75 55 72 75 129 61 69 101 136 140 151 56 53 78 71 85
110 80 80 79 97 141 113 166 137 83 42 55 80 83 82 104 124 96 151 65 100 112 79 139 111 75 84 106 135 89 87 111 167 105 52 68 94 66 57 70 187 244 250 236 170 98 82 134 249 241 243 243 243 244 235 108 164 156 214 179 85 190 114 104 101 101 67 61 56 83 87 83 105 225 190 78 81 79 65 62 98 96 78 73 56 43 57 56 52 48 40 41 41 40 41 40 40 46 66 63 47 63 72 62 65 73 83 76 50 61 52 113 98 52 62 67 91 55 60 84 84 99 165 87 51 104 112 63
122 108 119 123 154 71 101 98 69 59 46 64 81 88 134 132 154 121 133 73 88 90 92 156 168 94 73 115 172 142 88 89 117 104 150 114 113 86 58 91 245 251 249 173 159 95 99 149 240 231 229 226 221 217 209 116 184 190 197 175 79 147 101 98 95 96 71 64 62 83 86 82 94 194 191 80 82 78 69 69 111 102 70 61 56 41 54 49 48 51 39 41 40 41 41 40 43 44 53 38 46 72 85 88 45 57 55 64 46 47 49 72 74 83 95 46 73 64 53 56 56 110 135 102 70 62 100 66
86 160 134 131 84 89 91 81 73 78 47 65 90 77 144 139 89 80 95 124 101 123 108 118 166 115 64 75 110 111 110 98 133 92 126 126 130 101 62 98 254 255 240 165 203 115 183 184 251 243 240 237 232 226 223 130 199 182 211 190 79 111 101 99 98 96 83 133 150 89 87 84 95 184 191 80 79 74 70 90 127 152 81 61 61 41 46 53 46 45 40 41 40 40 41 53 61 42 55 67 49 81 83 111 57 46 65 72 59 39 61 75 58 71 71 58 103 116 119 78 56 77 113 147 87 47 59 54
54 81 133 73 67 89 81 95 86 74 50 61 71 93 156 99 80 78 108 125 73 96 86 135 157 168 87 80 135 108 149 92 75 85 109 93 101 94 81 77 135 234 196 166 183 124 229 224 250 246 245 240 237 234 233 131 191 199 216 206 77 94 96 92 90 92 84 169 199 83 72 70 100 191 193 68 71 70 66 97 172 166 108 84 73 41 44 50 48 44 40 40 42 39 42 53 47 41 49 71 47 76 76 119 72 50 54 59 56 51 68 86 63 42 59 108 92 120 128 94 97 81 110 114 68 86 53 66
68 113 76 66 84 83 92 145 138 57 47 50 51 84 120 72 119 111 100 102 71 114 75 83 128 138 92 89 89 86 139 157 97 95 82 128 142 93 98 98 81 143 128 120 86 113 226 211 222 218 177 124 125 126 125 98 187 209 163 139 70 87 87 119 92 77 78 169 206 73 52 56 103 198 200 79 75 63 69 91 182 114 61 88 62 41 45 47 42 43 41 40 42 41 40 47 46 43 40 42 49 47 73 122 55 58 42 46 65 76 65 63 69 52 57 82 94 66 75 72 96 89 84 66 79 157 84 105
74 129 133 105 80 65 72 123 88 66 75 85 62 91 164 102 58 71 118 140 103 72 83 73 107 99 113 129 109 118 96 100 87 100 103 160 161 86 93 101 100 121 109 120 95 115 227 188 149 160 121 102 99 99 98 94 171 174 121 101 74 87 99 143 104 79 75 164 213 78 54 58 97 180 208 106 94 75 90 84 179 127 74 100 62 42 49 44 43 42 41 41 41 40 44 50 44 46 39 46 62 68 71 100 53 60 53 46 56 91 100 87 93 74 66 81 56 44 53 68 60 56 54 54 57 98 84 54
88 70 130 150 80 56 82 94 59 60 102 109 67 79 131 102 61 71 104 149 164 126 112 77 79 106 123 108 109 118 145 137 99 158 97 145 162 90 82 82 73 124 120 101 89 118 230 181 134 162 95 92 100 101 101 101 152 128 97 93 72 69 88 139 94 82 76 167 227 103 58 56 89 183 209 105 95 111 114 81 180 138 94 124 84 41 50 42 41 41 41 41 40 40 44 44 40 41 40 43 45 64 74 49 89 127 141 54 51 71 104 126 120 72 115 64 45 61 47 46 60 65 77 45 57 73 63 55
147 82 98 129 63 63 94 126 84 70 148 135 42 87 88 104 69 69 99 176 139 101 121 98 93 151 149 99 87 108 111 138 96 114 88 97 188 100 81 86 82 144 118 83 78 109 214 185 131 166 83 82 97 99 100 100 182 188 82 100 82 76 95 144 104 90 77 167 239 118 63 57 90 178 211 100 92 108 154 81 177 151 133 120 91 41 42 42 41 44 43 40 41 42 54 47 42 46 48 46 44 51 67 119 143 124 99 57 43 51 60 115 96 62 98 80 48 45 43 45 50 73 57 51 51 50 58 46
102 76 70 87 59 55 52 76 71 68 92 67 53 125 110 86 59 65 86 147 112 112 149 150 167 135 125 78 102 109 76 80 86 123 148 120 157 134 119 123 101 159 110 84 84 103 200 190 162 190 92 93 97 96 97 93 174 218 92 87 72 70 97 147 111 102 77 152 234 136 72 58 97 194 215 115 104 105 163 85 179 168 170 108 94 41 47 48 43 41 41 40 42 53 56 61 45 40 44 45 45 48 45 67 110 65 69 94 104 64 51 59 65 56 75 68 81 70 39 41 45 49 49 44 53 62 61 53
62 65 53 70 68 64 77 53 52 55 57 55 73 102 89 59 59 61 93 127 152 102 158 172 143 108 161 139 155 145 105 86 56 88 156 116 126 109 136 100 121 133 123 114 97 104 188 191 190 205 103 108 105 103 96 84 156 223 100 62 58 57 90 102 101 98 78 142 238 126 72 63 92 193 214 92 78 90 149 87 180 184 182 106 85 41 47 49 47 41 40 40 40 45 50 48 42 40 49 50 47 45 44 59 72 53 73 113 88 51 49 44 44 51 55 52 70 78 42 39 40 42 48 51 64 59 56 52
127 78 61 79 63 95 123 77 71 51 50 60 72 70 64 56 57 78 109 154 140 88 126 117 87 70 129 144 134 116 103 96 57 68 111 128 130 100 85 85 131 113 123 106 73 100 163 193 183 207 76 74 72 72 71 81 160 229 100 66 68 72 66 72 73 74 77 145 242 121 69 67 91 186 221 90 75 91 152 90 188 193 150 80 66 42 43 54 49 47 41 40 42 40 42 40 40 40 48 58 43 40 41 45 52 53 98 107 71 64 45 41 41 48 48 54 62 42 41 40 42 43 48 47 46 64 53 47
138 139 100 95 91 89 102 103 122 63 48 73 68 89 56 63 82 66 97 138 118 92 92 98 85 83 91 146 104 85 84 84 71 102 107 152 128 89 76 91 103 106 125 112 85 81 187 199 176 205 77 75 73 73 73 84 164 230 103 71 82 96 87 68 66 75 76 141 240 127 69 70 87 172 225 93 75 91 145 94 193 184 76 57 56 43 42 45 43 41 40 41 40 42 52 42 46 46 46 80 66 41 41 42 48 56 78 56 58 53 53 55 41 41 50 54 49 40 40 43 41 48 47 47 54 74 43 50
93 141 166 115 111 70 112 133 164 71 49 73 58 56 56 53 76 55 85 115 121 96 80 87 132 99 75 125 135 69 95 121 156 136 92 89 159 111 74 110 103 96 136 76 83 108 205 200 172 210 78 74 73 74 73 82 162 229 100 69 82 100 97 78 70 75 77 141 241 134 72 74 90 181 232 99 79 92 142 97 199 179 62 60 61 42 42 42 49 41 40 40 40 44 44 51 42 46 57 118 96 38 42 44 46 51 96 47 61 58 58 65 48 47 51 55 56 57 63 46 42 46 47 46 48 46 59 49
124 87 144 166 73 53 88 102 76 57 60 62 52 79 72 68 72 61 76 105 101 131 96 73 111 135 66 82 112 95 64 125 155 143 134 116 103 81 118 96 84 109 101 82 93 118 149 189 168 181 78 77 74 74 75 83 163 231 101 73 92 139 149 85 81 82 77 143 242 139 77 102 90 186 235 102 80 88 136 104 207 186 76 61 60 41 41 41 42 40 40 40 40 43 44 55 40 56 80 105 60 43 42 41 41 42 56 48 54 67 79 55 61 46 46 48 62 95 74 41 40 47 44 44 43 46 47 45
132 78 110 129 59 65 127 74 44 53 59 56 56 59 70 82 69 63 58 71 87 145 145 69 94 131 99 92 149 135 63 81 73 85 151 133 109 69 99 113 84 95 107 82 129 106 129 203 108 100 78 75 75 75 76 82 165 236 100 149 162 184 225 175 141 111 75 145 243 143 78 131 92 192 240 96 74 89 108 102 209 201 143 66 52 41 40 41 44 40 40 40 51 53 50 70 40 50 54 44 41 44 41 41 40 44 46 46 46 46 106 97 103 46 42 42 53 59 72 43 40 44 58 58 43 89 72 44
94 104 141 142 73 126 113 56 48 45 70 110 54 50 76 93 77 53 58 96 138 170 132 65 69 105 139 85 115 145 111 101 95 74 85 106 122 93 100 128 113 155 121 83 110 94 149 191 93 100 76 71 72 74 74 83 169 239 102 111 106 120 146 125 118 94 75 145 241 155 80 140 92 186 241 94 77 86 70 81 214 206 179 69 54 43 41 43 44 40 40 41 46 47 44 40 39 41 43 42 49 41 42 41 40 40 43 44 47 49 80 64 57 43 42 45 44 41 49 45 40 43 54 60 78 86 102 63
142 104 119 88 135 145 82 76 65 46 75 117 58 48 78 100 91 47 94 82 91 148 75 79 96 87 126 151 113 112 98 81 95 103 85 149 147 105 128 104 112 153 115 123 119 87 161 213 90 95 86 121 121 120 126 100 171 238 108 132 128 160 173 119 124 146 86 146 238 195 103 145 95 183 241 97 81 77 55 69 212 203 179 74 54 48 42 41 40 41 39 45 43 41 43 62 49 42 43 41 47 46 44 39 40 44 45 42 41 40 45 46 39 40 42 46 52 56 68 48 41 47 42 53 81 57 68 48
104 102 159 138 151 97 149 119 82 60 70 108 71 46 64 73 46 50 75 63 63 78 96 89 106 113 135 150 113 98 109 123 151 156 138 115 127 76 143 123 77 121 98 126 126 92 202 224 89 94 105 163 168 175 169 112 166 239 115 126 131 171 164 117 162 179 90 142 235 223 116 141 96 186 246 112 62 63 57 57 179 171 185 68 50 45 42 40 41 40 40 43 44 43 44 68 53 50 43 43 41 47 42 42 48 49 39 40 40 40 41 40 42 42 49 42 48 88 72 55 39 40 40 46 74 46 59 51
107 121 132 130 65 73 108 118 88 55 49 55 52 48 64 59 54 70 53 60 76 129 156 87 96 117 95 106 109 82 101 157 143 93 97 89 134 97 128 178 123 76 79 130 119 106 212 222 89 95 74 154 170 177 169 113 165 239 129 152 151 216 189 133 182 197 94 146 238 204 114 147 100 191 245 99 93 68 55 56 98 174 186 82 52 49 41 41 41 40 40 44 43 41 42 38 47 54 40 50 42 41 40 45 47 41 40 41 40 42 47 48 54 53 53 39 43 49 60 67 39 42 41 40 83 73 80 64
118 50 60 50 56 90 83 146 144 127 64 63 87 95 68 66 73 81 95 93 72 102 137 70 59 72 71 74 120 120 98 151 152 125 132 94 109 91 89 142 127 94 124 127 114 119 211 223 89 91 73 155 123 96 139 112 163 238 119 96 166 244 222 97 126 200 97 144 238 181 111 150 103 186 244 103 85 76 58 55 68 123 121 75 47 51 42 40 40 40 40 40 41 43 42 41 52 39 49 62 69 44 42 43 40 40 42 40 45 49 48 45 45 50 50 42 43 42 62 50 40 41 40 42 48 57 59 84
96 91 53 51 58 146 149 97 71 73 76 64 112 87 73 66 132 94 138 84 75 65 71 63 72 103 81 75 105 120 72 93 138 80 98 154 125 68 81 110 111 89 103 121 108 104 206 224 89 90 65 139 130 97 125 108 161 229 129 106 172 241 241 107 136 199 97 141 236 185 111 151 100 175 233 112 69 80 74 56 55 59 59 56 46 46 45 40 40 39 40 42 45 43 41 42 75 70 53 76 83 51 41 41 47 44 48 39 55 53 41 40 40 42 48 48 44 46 66 51 48 38 39 41 43 91 51 59
85 136 84 52 49 107 121 85 66 59 94 54 57 43 66 88 116 55 80 81 69 76 51 73 100 64 88 87 104 103 82 68 69 69 72 127 122 67 107 136 74 75 115 117 102 105 196 221 91 93 66 97 121 102 130 121 158 229 147 160 162 237 219 126 181 189 96 138 233 185 108 155 102 173 160 91 83 99 122 58 55 59 57 51 46 42 48 43 40 40 40 42 43 54 48 43 59 79 39 46 58 45 40 41 47 49 46 49 55 58 43 40 42 44 45 46 48 44 45 45 49 53 39 40 41 58 46 43
73 157 153 48 56 71 101 124 89 47 50 49 47 49 56 77 85 57 73 115 60 83 72 86 69 54 69 70 66 101 113 126 99 59 95 104 130 101 74 99 103 93 123 116 90 98 182 214 92 93 66 69 101 114 133 111 161 241 146 173 177 233 200 123 180 138 87 138 229 196 98 153 96 148 163 89 71 89 134 82 56 56 61 51 47 48 50 49 41 40 40 42 42 62 65 75 48 74 41 44 47 56 48 40 41 43 43 46 41 50 49 39 42 43 43 52 47 46 52 45 45 76 41 39 42 40 40 43
60 81 82 55 61 84 132 121 104 50 59 72 53 44 45 48 75 65 82 76 44 53 93 92 65 63 84 83 72 78 118 157 136 80 118 110 100 157 120 92 100 129 146 122 84 93 179 219 91 99 89 83 113 121 119 99 161 242 147 175 140 167 173 130 165 116 86 142 240 195 92 130 103 121 155 102 66 78 132 109 62 52 55 47 46 43 58 45 40 40 40 39 45 46 44 46 56 72 41 44 42 43 42 43 50 41 41 41 45 48 50 42 39 40 40 47 48 51 55 52 39 45 47 40 41 42 39 40
47 45 49 54 44 75 120 99 128 60 52 103 64 50 48 57 75 144 89 93 76 52 59 75 66 81 79 78 109 113 72 117 158 127 96 94 94 133 154 118 95 110 126 83 97 93 168 212 92 92 97 76 94 111 115 90 163 239 149 166 173 186 169 119 180 183 95 138 239 223 114 136 112 136 156 106 90 83 129 113 98 53 51 46 44 44 51 40 55 43 40 43 67 62 45 43 46 41 46 42 41 41 43 46 48 43 42 40 43 45 49 45 40 40 40 42 44 48 52 48 40 41 42 41 41 44 40 39
45 44 44 46 44 47 59 149 157 58 45 66 69 72 67 82 71 109 94 156 86 46 54 66 63 93 109 81 113 120 87 89 126 160 112 78 74 119 114 91 98 94 108 117 103 93 155 204 94 93 110 88 108 121 109 92 163 240 151 172 178 138 146 151 145 143 90 135 235 218 106 134 113 172 237 124 88 80 120 121 146 79 49 47 42 43 45 42 53 43 39 48 52 42 44 55 45 41 44 42 40 40 43 42 42 42 42 39 40 49 57 52 51 40 41 42 40 43 46 40 41 44 42 41 42 43 39 39
43 41 40 51 45 44 43 81 115 48 45 44 67 98 85 101 109 68 104 112 101 54 63 104 81 92 139 140 86 158 130 128 130 156 144 77 91 120 94 93 91 83 98 103 82 88 125 193 93 96 108 94 119 107 109 92 161 236 152 162 158 103 99 122 152 128 90 132 229 207 90 138 103 178 250 124 55 77 117 97 188 179 66 47 42 42 43 44 40 40 42 44 45 47 56 74 46 42 45 40 40 40 41 41 42 41 39 39 40 50 54 52 47 44 40 41 39 40 40 49 85 48 41 43 45 44 39 40
42 41 43 52 46 41 44 44 44 46 48 48 77 144 86 84 112 61 76 80 104 72 66 64 72 60 95 129 116 85 130 143 101 120 162 123 113 105 107 113 122 124 106 96 115 92 123 172 140 160 111 117 123 102 121 93 160 237 151 168 151 90 77 109 177 144 95 117 207 215 87 138 106 174 249 125 56 87 144 94 168 173 75 41 43 43 41 42 43 41 47 49 51 54 46 48 41 43 47 41 41 46 51 43 41 40 39 43 46 41 53 62 43 41 44 43 50 53 43 40 59 43 39 40 44 43 39 40
43 43 40 41 42 41 42 45 50 48 52 46 57 126 113 71 51 62 94 107 110 109 54 72 64 59 61 77 118 102 103 145 113 115 137 105 74 82 110 90 116 95 98 87 94 93 118 137 142 168 122 120 110 91 109 97 157 231 150 168 93 72 69 115 177 150 97 109 207 216 93 137 105 167 238 146 69 87 157 94 170 109 67 45 42 44 42 41 43 44 47 45 45 45 45 39 40 40 40 41 42 44 42 39 41 42 46 59 50 43 44 55 41 40 42 42 47 45 44 42 39 39 40 41 43 43 40 40
43 40 44 41 42 44 45 43 46 43 43 44 54 93 103 100 53 81 112 104 119 83 73 91 67 90 103 138 91 69 102 114 92 97 138 97 65 73 95 83 83 88 98 85 124 82 100 126 127 141 108 110 110 102 106 97 155 228 149 178 108 76 66 110 175 149 93 113 212 210 83 130 100 159 226 138 101 85 155 92 114 91 60 44 42 41 41 40 42 42 40 40 40 40 43 45 49 40 41 39 40 40 46 46 40 41 42 53 50 49 44 44 41 41 41 42 42 46 44 41 42 41 40 40 41 42 39 40
47 43 45 42 49 42 42 44 41 44 42 41 65 94 100 83 53 57 61 56 48 56 112 121 86 109 63 70 56 79 115 124 82 132 181 117 68 104 85 135 122 78 80 84 99 85 128 154 144 175 87 98 103 117 135 99 152 233 150 182 118 76 69 108 175 149 95 108 213 216 88 130 100 152 217 129 79 88 154 92 108 146 73 46 42 41 40 40 41 43 40 40 41 39 50 52 47 43 45 45 50 55 54 48 38 40 40 41 41 45 54 46 44 48 42 52 44 45 44 41 41 41 40 39 44 45 39 40
46 46 39 40 42 45 42 47 43 48 44 39 58 130 110 73 117 56 57 62 54 44 59 95 128 105 85 54 51 80 93 78 72 81 159 156 92 90 90 131 107 91 121 119 91 82 122 189 130 140 108 89 111 106 101 102 150 233 153 177 109 76 65 100 182 142 93 104 205 214 86 129 96 155 218 144 83 84 143 76 79 66 103 63 42 41 39 41 42 43 41 41 40 40 39 44 53 46 45 58 58 48 50 42 42 41 45 40 41 44 47 51 49 46 39 48 44 44 46 39 39 40 39 40 45 49 38 40
43 41 40 40 42 43 42 45 45 44 42 39 46 91 87 96 73 67 73 55 51 46 49 47 99 83 54 63 62 88 129 78 75 102 115 118 117 69 77 109 59 81 127 101 120 96 144 164 110 111 106 84 101 117 102 92 149 234 155 179 109 78 66 101 193 135 87 107 199 213 92 136 100 163 227 154 69 72 112 74 59 109 145 88 68 40 41 40 41 40 40 40 40 39 40 48 45 43 42 45 50 52 47 43 44 43 43 42 42 44 41 45 41 42 51 44 44 54 56 43 40 39 40 40 43 45 39 40
41 42 41 43 47 40 40 42 44 41 40 40 46 54 62 90 108 76 66 50 54 48 47 61 69 63 91 136 65 73 124 84 69 99 113 91 97 65 74 93 70 101 111 82 78 97 94 147 106 116 103 85 104 109 110 87 144 236 158 185 111 103 67 117 194 136 81 101 192 203 81 137 105 168 247 153 71 65 82 64 70 185 113 89 76 51 40 40 41 40 40 40 40 39 39 44 43 40 40 40 40 45 45 44 45 46 42 40 47 49 38 39 39 41 53 43 48 41 42 41 39 43 42 39 40 40 39 39
42 41 40 43 42 41 40 42 46 41 39 40 40 42 47 81 139 69 56 70 84 77 58 65 68 63 109 136 76 53 47 47 118 104 75 73 63 71 96 87 104 93 86 110 114 98 114 172 123 170 124 130 112 112 102 103 140 236 162 182 114 138 78 147 197 109 78 99 191 207 84 132 106 162 232 167 69 64 62 56 115 212 117 75 119 91 38 40 40 40 39 40 40 39 41 41 41 40 40 43 46 47 58 50 41 47 41 39 52 58 43 40 40 41 44 42 41 43 42 42 42 44 42 39 40 40 39 39
40 42 40 42 42 44 41 42 45 40 40 40 40 48 43 45 58 46 47 65 77 63 51 66 124 102 95 108 123 60 71 68 134 169 115 99 103 67 124 105 82 62 99 102 88 126 116 157 143 199 117 113 125 101 110 91 140 235 164 186 112 149 97 162 189 91 75 99 191 209 90 126 107 157 139 154 98 58 77 68 101 212 112 64 118 94 40 40 40 40 39 40 40 39 42 46 42 40 44 45 44 42 63 57 41 45 48 43 54 50 43 41 44 42 46 40 42 46 45 41 46 40 44 40 40 40 40 40
41 42 40 40 40 45 41 41 41 40 40 40 40 41 42 42 42 43 42 45 47 46 43 63 113 68 78 144 149 65 115 100 74 125 115 108 106 52 86 88 76 58 106 135 86 105 109 146 148 194 121 105 95 87 117 88 142 235 170 189 125 131 116 178 200 102 68 100 189 205 86 126 100 113 127 102 80 59 106 66 93 200 154 98 117 52 40 40 40 39 39 40 40 39 39 41 42 41 42 44 40 41 45 41 39 43 62 55 48 57 42 41 43 43 43 40 45 48 42 39 43 59 67 38 40 39 40 40
40 40 40 40 41 42 41 40 46 39 40 40 40 40 40 42 43 41 41 55 63 61 63 79 53 47 46 106 120 58 79 117 61 90 62 72 73 57 56 77 88 82 107 77 89 83 78 121 159 185 101 91 97 86 87 99 139 233 162 169 226 113 92 165 230 140 68 98 186 203 80 113 93 84 160 78 77 57 76 87 116 150 119 104 113 50 41 41 40 39 39 39 40 39 39 39 40 43 43 44 40 45 52 40 41 43 47 44 47 48 39 41 43 66 63 40 44 56 41 39 40 65 62 38 40 39 39 40
39 40 40 40 39 40 41 42 47 40 39 40 41 41 39 43 43 41 43 48 67 77 110 98 67 50 53 65 79 71 90 97 74 105 103 90 120 102 65 58 59 65 91 100 125 107 111 161 143 161 129 91 109 98 82 83 135 233 158 113 159 86 93 168 140 122 80 94 182 205 78 126 100 112 217 135 59 63 105 94 113 183 138 109 86 46 41 41 40 40 39 40 40 39 39 39 39 40 40 45 44 46 45 44 41 44 47 40 42 50 42 42 42 43 45 43 54 75 45 40 39 54 57 42 41 40 39 40
40 40 40 40 40 40 41 41 43 42 39 39 41 41 41 45 46 41 46 43 67 103 79 104 66 48 51 62 90 65 123 113 69 67 114 113 75 76 63 67 74 77 72 92 75 83 150 202 119 166 119 114 106 82 84 93 132 226 148 111 125 102 135 176 108 107 69 91 176 212 87 141 106 139 220 137 61 67 90 77 130 207 129 125 87 40 41 41 40 40 40 40 41 39 39 39 39 40 39 44 44 41 41 43 41 40 40 39 39 41 42 42 50 53 41 44 49 57 40 40 41 42 40 48 40 40 40 39
40 40 40 41 40 40 40 43 41 40 39 40 40 41 42 45 66 53 43 44 47 77 71 94 114 54 44 50 113 63 90 89 74 62 78 89 86 98 64 84 82 98 101 63 83 105 118 104 137 219 136 93 93 82 95 102 119 195 143 154 192 143 177 201 168 131 68 85 168 204 80 136 102 127 213 158 54 62 99 104 159 136 92 105 71 40 40 39 39 39 40 39 39 40 39 39 40 40 41 41 44 40 43 42 41 40 40 39 40 39 39 40 53 56 53 46 76 61 39 40 39 40 41 52 45 39 39 48
45 40 39 42 47 40 41 44 43 39 39 40 40 40 40 43 98 82 44 57 51 55 103 126 77 49 48 46 51 63 83 80 61 73 88 89 90 106 68 78 83 87 98 71 87 86 109 108 129 201 116 105 104 82 89 74 113 182 138 147 189 137 168 205 167 117 64 108 181 199 85 109 96 118 165 169 66 62 72 104 122 113 171 90 50 41 40 40 40 40 40 39 39 39 40 39 40 40 39 40 41 40 41 40 40 40 40 40 40 40 39 39 47 50 65 61 81 57 43 43 39 39 39 43 43 39 43 50
49 39 39 41 46 42 41 42 48 42 40 40 40 40 40 46 88 67 52 49 49 55 89 88 38 41 46 45 59 73 70 80 84 95 118 139 106 102 69 91 98 100 85 88 89 60 94 112 138 131 134 87 83 110 91 65 110 159 153 133 172 121 142 199 154 114 66 108 164 210 133 93 88 123 169 214 100 70 90 87 127 173 172 89 53 40 40 40 40 40 39 40 39 39 40 40 39 39 40 40 39 40 40 40 39 40 39 42 45 41 41 41 40 40 41 41 49 42 40 40 40 40 40 43 43 39 47 65
43 44 43 41 43 47 41 41 39 42 41 41 40 40 41 40 39 47 46 51 47 43 76 48 40 41 42 45 48 57 114 71 65 58 95 110 104 58 65 86 115 81 103 77 85 121 147 184 156 156 122 80 79 75 99 87 125 159 179 104 93 81 96 105 92 91 84 95 119 132 114 78 88 180 195 227 160 85 102 74 139 105 98 93 69 40 40 40 39 39 39 39 40 39 39 40 40 39 40 42 39 40 39 40 39 39 39 43 52 45 41 40 41 43 43 41 50 41 44 41 40 40 40 43 42 40 40 44
42 44 41 40 45 43 41 42 51 41 42 39 41 40 41 41 44 41 42 49 44 41 49 47 50 42 41 43 49 49 82 45 72 64 71 111 115 61 73 64 71 92 82 56 97 122 121 117 115 114 114 121 124 130 129 149 161 156 147 134 137 122 101 76 75 75 74 66 65 64 66 74 96 168 156 154 143 148 135 63 62 58 54 73 67 44 40 39 39 39 39 40 40 39 39 40 40 39 41 40 40 39 40 40 41 40 40 42 48 50 40 41 41 42 49 68 61 39 41 41 40 43 42 39 40 40 39 39
43 43 40 40 43 40 41 49 56 41 41 39 39 40 40 40 41 42 40 44 43 40 45 47 47 41 40 42 47 48 41 44 51 84 65 89 61 66 71 67 94 105 112 60 108 85 76 75 80 79 81 80 80 78 71 71 72 74 73 72 74 79 70 59 60 56 46 47 48 50 51 54 64 119 126 130 148 110 58 54 49 49 47 45 47 42 40 39 39 40 39 41 40 39 39 40 40 39 40 40 40 40 40 39 41 40 49 49 45 39 39 41 41 40 49 108 57 39 41 39 39 40 39 40 40 40 39 39
45 40 40 41 45 39 43 57 42 43 40 43 41 41 42 40 39 48 46 40 42 43 43 53 45 41 40 42 43 46 46 50 81 87 45 49 43 43 46 46 41 44 88 50 42 44 45 47 48 48 48 49 52 57 64 66 76 83 89 85 126 89 76 74 73 66 48 46 50 52 54 58 63 176 211 220 231 95 65 69 60 58 60 52 54 42 39 39 40 40 39 40 40 40 39 39 39 40 40 39 39 40 41 40 39 39 42 45 44 39 40 43 46 39 47 79 51 39 40 40 41 40 40 39 39 40 40 40
53 42 44 44 47 40 40 51 41 43 40 49 44 40 43 40 41 43 56 43 42 43 43 49 40 43 42 44 44 43 46 46 50 52 64 74 46 51 44 44 47 49 46 50 57 59 61 61 64 71 72 85 96 105 131 135 152 164 174 142 187 115 100 94 88 81 62 55 56 59 59 64 70 200 246 243 243 99 70 74 66 65 64 58 53 40 39 40 40 40 39 40 39 39 40 40 40 40 39 39 39 39 40 40 39 40 39 40 39 40 40 41 44 40 50 48 41 40 40 40 40 41 40 39 40 40 39 41
46 42 48 52 50 44 39 40 40 43 40 41 42 40 40 40 42 42 51 44 40 43 40 44 44 41 43 42 41 42 45 43 46 46 57 73 60 67 56 56 63 66 66 66 75 75 79 89 103 118 119 122 125 135 144 154 169 175 182 164 183 114 101 97 90 81 69 61 61 58 60 67 73 198 245 246 243 101 72 74 71 71 66 61 59 41 39 39 39 39 39 39 39 40 39 40 39 39 39 41 44 43 40 39 40 39 39 39 39 40 40 40 38 40 40 39 40 39 39 40 41 40 40 40 39 40 39 54
40 40 54 56 49 43 39 40 42 41 57 43 41 41 40 39 41 40 46 43 41 41 43 41 44 43 42 47 41 42 44 43 53 50 58 78 73 68 64 66 68 69 70 72 77 79 89 105 116 123 125 129 130 139 145 153 164 166 176 169 146 101 99 93 88 82 69 60 56 58 62 67 72 195 244 247 242 103 72 75 73 75 70 58 60 42 40 40 39 39 39 39 40 40 39 40 39 40 39 41 42 40 40 39 39 40 41 39 39 40 40 44 41 43 39 41 41 40 40 40 40 39 40 40 40 39 52 65
40 41 46 50 49 46 42 41 40 40 57 50 41 40 40 40 40 44 43 41 41 41 43 42 44 47 43 45 40 42 41 43 59 51 57 78 75 63 64 68 69 73 75 77 80 84 89 95 106 119 128 134 141 137 152 154 166 164 165 159 99 95 91 85 84 82 71 59 55 57 62 65 69 193 236 236 234 118 86 94 94 94 55 44 52 39 40 40 40 40 39 40 39 39 40 40 39 40 39 39 39 39 39 39 40 40 43 41 39 39 40 39 41 42 41 41 48 42 40 40 39 40 40 43 39 39 59 51
40 43 45 44 46 47 40 42 50 49 48 45 41 44 41 41 41 46 44 42 41 40 41 41 44 43 42 41 41 45 41 55 59 51 58 62 61 64 64 70 72 73 75 76 81 80 84 94 104 108 116 128 141 134 148 165 167 161 157 110 86 87 81 74 75 76 65 53 49 51 55 58 64 180 212 201 196 110 79 82 82 81 56 46 53 44 42 41 40 39 40 41 40 40 39 40 40 39 40 39 39 40 40 40 41 40 40 41 39 40 40 39 40 39 41 41 48 45 46 41 39 39 40 41 39 39 64 46
49 40 42 42 42 47 39 40 52 43 44 44 40 41 41 43 46 42 40 41 41 43 41 42 42 40 41 50 47 45 49 60 51 47 46 49 53 56 57 58 59 63 65 74 79 75 85 98 98 105 103 102 112 124 133 140 137 141 107 74 73 73 70 58 55 54 48 45 46 51 53 55 62 143 167 161 164 142 78 72 70 68 57 48 51 105 99 38 41 40 41 41 40 39 40 40 39 39 40 40 39 39 39 40 39 40 41 40 40 46 47 39 40 40 44 50 42 42 46 53 39 39 40 40 40 39 41 51
52 42 40 42 40 44 41 41 43 41 41 42 41 41 45 40 44 41 45 40 42 42 41 43 42 40 40 45 42 47 56 59 48 44 45 47 50 54 56 65 78 80 89 95 96 102 106 107 116 123 116 113 122 118 128 131 130 122 76 71 70 70 65 56 56 57 50 46 48 51 50 52 68 134 146 145 150 145 142 76 69 68 52 44 47 109 111 38 41 40 41 41 39 40 39 40 39 39 40 40 40 40 40 39 43 41 42 41 41 44 48 48 46 45 41 43 43 39 43 47 41 42 40 39 40 39 41 69
42 43 41 40 40 41 42 41 40 41 43 40 41 39 45 42 44 41 44 41 43 41 45 47 39 41 42 41 44 42 60 49 43 41 43 43 45 48 49 54 55 56 58 60 62 66 67 68 75 82 85 89 86 86 98 102 98 82 76 80 79 73 69 64 65 64 61 59 57 59 60 59 73 120 131 130 127 121 117 89 82 82 74 75 70 93 97 39 40 41 40 41 40 40 39 39 39 39 40 39 40 40 40 39 40 39 40 40 39 40 40 47 47 44 43 40 42 41 41 39 52 43 39 39 39 39 43 85
41 44 39 40 41 42 42 41 40 40 41 40 41 40 42 43 47 40 41 42 43 41 43 46 46 49 42 41 42 42 52 68 65 68 69 64 64 66 62 66 67 68 69 71 73 77 80 83 85 90 90 89 90 95 94 95 92 91 95 94 92 90 91 92 89 90 91 92 88 88 91 91 91 86 85 87 88 88 87 90 86 86 88 88 87 87 71 43 44 40 39 40 40 41 39 40 39 39 39 40 40 40 40 39 40 40 40 40 39 39 41 39 40 42 41 40 40 43 42 44 54 43 39 40 39 40 51 85
42 46 41 40 41 41 39 44 41 41 40 41 41 40 40 41 47 42 41 42 41 45 45 48 53 55 41 42 41 43 50 91 92 92 93 93 92 91 89 87 86 87 81 81 81 82 77 76 75 75 72 70 69 68 68 65 64 62 63 60 55 56 56 58 62 62 61 60 63 64 64 67 70 67 65 68 78 78 79 82 85 85 91 91 87 89 91 83 65 42 39 40 40 51 47 39 40 39 40 40 39 39 39 40 42 40 41 40 40 39 40 40 40 41 41 41 39 40 41 50 62 45 43 40 40 39 54 88
41 44 46 40 45 40 42 43 44 48 58 47 40 41 41 42 45 41 43 42 41 42 41 41 46 47 41 41 41 39 57 76 75 75 75 71 73 72 65 62 65 65 64 63 59 58 55 51 47 49 49 49 50 50 52 53 54 56 57 57 54 51 54 60 61 60 60 63 62 61 67 68 64 85 90 88 88 90 96 97 96 98 94 95 96 98 96 104 101 62 45 43 42 39 43 42 40 40 40 40 40 40 40 40 44 39 41 41 41 40 39 40 41 41 40 41 41 41 40 44 66 50 42 40 39 39 47 86
41 42 44 41 41 39 42 42 41 45 55 49 40 40 41 42 40 41 43 43 41 48 63 45 60 61 50 45 45 59 79 83 83 83 87 95 98 106 100 100 95 94 95 88 88 89 83 58 55 56 53 55 58 54 51 55 64 70 72 72 72 68 67 69 72 76 80 77 77 74 76 75 51 78 103 94 86 83 86 90 91 92 93 89 93 93 86 79 83 59 61 45 41 39 40 42 39 40 39 40 40 40 39 40 40 40 41 40 40 40 40 40 41 40 40 40 40 41 41 41 58 50 39 40 40 40 48 88
41 42 43 41 39 39 40 42 41 41 42 43 40 40 47 51 40 41 41 41 41 49 52 63 55 48 50 45 54 70 69 68 72 71 70 75 75 83 77 75 71 68 70 70 77 83 85 79 80 82 84 80 77 74 77 78 80 82 82 85 84 81 82 83 84 85 85 85 85 84 82 82 58 52 60 56 52 51 51 53 56 58 58 60 59 61 59 60 62 56 61 72 67 60 62 62 45 39 40 40 40 39 39 40 41 40 40 40 40 39 41 41 40 40 40 39 40 40 40 43 48 38 40 40 39 38 53 93
43 41 46 48 42 40 41 41 41 40 41 44 40 41 42 49 43 41 42 41 41 51 46 55 56 45 59 66 66 67 66 67 63 62 60 60 59 61 59 56 59 58 55 54 48 60 68 63 61 59 58 54 51 50 49 48 48 47 46 46 46 45 46 46 47 46 48 50 53 54 57 58 50 43 51 65 67 71 72 74 76 80 83 84 77 81 83 86 87 89 85 84 90 86 86 93 63 37 40 39 40 39 40 40 41 44 39 40 40 40 41 42 40 40 42 42 41 40 40 39 46 57 39 41 39 38 55 87
41 42 41 50 45 39 40 41 41 40 42 40 41 40 41 44 42 48 53 57 61 70 67 70 73 72 76 76 77 79 79 82 84 81 89 90 88 89 89 88 93 96 94 70 46 50 52 51 53 55 57 58 62 65 67 71 72 73 72 69 68 66 67 66 67 64 59 55 53 50 48 46 45 43 60 92 100 97 94 91 93 93 92 94 88 91 89 88 92 94 92 94 94 92 91 95 76 46 51 43 42 39 40 39 40 51 44 40 40 40 42 42 41 42 41 41 39 41 44 41 48 73 56 43 39 38 55 86
41 41 43 42 42 40 40 43 42 41 45 43 44 44 44 44 44 43 45 52 56 57 60 59 61 62 64 69 77 83 83 84 81 84 92 86 90 95 95 98 94 90 79 73 71 73 76 74 75 76 78 80 83 84 85 87 87 88 88 87 86 84 82 82 81 83 84 82 80 78 77 72 72 57 47 84 99 94 89 91 87 87 87 90 88 86 89 90 88 89 95 95 93 92 91 90 87 81 70 53 41 49 44 40 40 43 42 40 40 40 43 43 41 44 40 40 40 41 42 47 47 51 63 51 39 38 58 84
40 40 43 41 40 43 48 46 51 53 55 58 56 49 58 63 56 55 55 53 54 54 54 54 55 55 55 53 54 53 54 53 55 55 55 53 58 60 63 61 74 82 69 74 77 76 74 71 68 69 68 67 68 70 70 69 67 70 70 70 72 75 76 77 80 81 81 83 86 87 85 83 83 69 45 56 66 65 65 67 62 60 66 67 64 63 61 63 66 68 67 65 60 58 56 55 58 57 55 53 42 47 47 40 41 40 40 41 41 40 41 41 44 49 48 44 38 49 42 45 52 50 59 49 39 38 57 80
41 40 45 44 44 51 53 54 62 64 62 74 68 71 86 85 82 81 83 81 81 75 77 78 74 67 64 63 65 60 54 53 53 53 53 55 54 54 48 47 55 56 55 55 54 52 49 48 47 47 48 47 49 48 48 47 47 47 47 47 47 47 47 47 48 49 49 48 53 55 55 58 61 62 49 43 45 48 47 44 45 45 44 43 41 41 41 40 40 40 41 41 41 41 41 40 39 39 38 39 39 39 39 40 39 39 40 40 40 40 47 55 61 63 59 61 57 63 58 67 66 65 75 47 39 39 54 76
41 42 42 42 46 57 70 58 56 51 58 63 78 83 78 75 84 80 78 80 77 81 83 86 80 80 82 83 84 81 83 76 75 80 78 78 68 58 62 47 46 47 47 46 46 45 47 47 47 48 52 100 57 49 50 50 50 50 50 49 48 48 47 48 47 46 55 84 53 47 46 46 45 45 46 46 47 49 47 46 47 47 47 45 51 57 55 51 51 54 49 51 51 48 52 58 59 52 55 57 58 52 52 52 54 60 66 63 64 68 74 63 68 78 78 78 78 79 79 78 80 75 63 41 42 41 49 70
50 46 46 51 49 62 72 69 68 71 73 74 77 80 78 76 80 81 83 87 86 85 116 110 88 87 83 85 88 83 85 89 96 95 91 90 77 80 128 55 56 57 55 54 57 59 62 75 93 73 73 126 89 77 81 82 81 81 79 78 78 77 98 76 70 68 76 138 74 52 51 49 47 46 47 46 52 66 73 72 72 75 79 80 77 81 82 80 78 81 80 81 85 83 85 83 83 82 80 81 85 84 86 85 83 87 86 84 87 85 79 78 80 80 86 94 91 92 79 67 67 51 43 40 42 40 42 51
65 67 70 78 78 79 80 80 76 77 83 77 78 76 77 81 86 87 83 88 86 91 129 114 129 121 90 88 91 87 89 93 114 99 92 83 74 76 125 83 81 75 87 86 76 77 77 83 125 81 77 108 96 82 81 83 86 83 112 103 86 82 119 129 100 85 82 113 87 73 72 66 63 57 57 54 57 99 101 99 92 93 93 93 90 91 90 90 86 88 85 88 88 90 89 122 96 85 86 84 82 84 86 87 87 86 108 95 90 97 125 106 96 90 95 94 93 88 65 48 49 43 41 41 41 40 40 45
74 71 97 85 83 83 83 83 84 77 75 80 79 85 118 82 87 81 77 83 86 81 124 98 112 114 80 79 78 105 88 83 126 101 117 82 67 68 86 74 74 109 107 130 109 80 80 111 140 95 80 82 101 115 105 76 78 80 106 116 85 79 102 145 109 86 117 93 85 90 130 90 84 84 80 112 74 76 84 92 94 89 106 93 88 90 96 93 89 87 91 104 122 85 75 123 113 89 97 93 91 97 93 88 89 78 115 105 80 85 137 125 122 75 73 78 98 93 50 51 49 46 43 41 42 43 41 40
62 82 130 87 69 78 74 86 80 105 78 62 64 82 120 68 70 104 72 90 110 87 99 109 99 82 65 68 81 118 80 63 112 78 105 77 59 65 110 93 78 126 103 128 136 80 78 122 134 84 59 73 99 130 110 89 82 57 82 92 74 70 74 129 94 74 115 103 91 109 134 99 77 80 92 123 144 79 74 64 62 62 117 127 78 65 103 85 83 107 65 85 128 73 71 96 130 80 80 81 83 116 87 69 106 89 96 81 58 68 122 112 121 70 71 66 89 122 49 63 59 44 43 44 47 46 44 42
54 80 108 128 75 57 70 122 69 109 96 55 62 98 94 73 77 116 87 107 139 147 121 112 112 54 60 81 80 109 87 55 74 65 87 77 82 59 119 119 106 117 108 123 125 72 115 110 132 80 100 82 86 130 87 121 128 101 112 119 133 71 88 109 99 60 100 114 101 114 108 118 113 71 71 130 130 85 111 58 81 89 92 122 84 56 105 94 75 100 65 64 86 58 65 114 116 100 83 103 92 97 92 64 141 130 75 67 65 67 87 85 96 60 62 82 88 91 47 91 96 50 55 49 50 86 66 50
92 92 79 100 141 121 115 110 65 97 131 65 102 97 83 122 98 105 96 136 139 135 106 82 118 78 79 151 80 79 119 88 115 118 139 107 130 124 97 81 125 92 119 134 92 55 90 88 103 65 116 137 113 114 80 78 121 131 143 98 117 73 92 113 114 67 86 85 87 112 140 107 92 64 69 109 111 78 107 85 109 124 129 112 115 67 87 86 62 105 72 108 114 66 61 111 97 103 77 91 102 85 72 55 115 127 80 70 75 76 132 90 69 50 49 89 124 103 63 77 88 50 69 65 57 117 90 56
132 114 79 92 141 114 121 111 74 69 120 127 109 100 103 113 89 83 73 132 137 122 130 83 119 132 103 126 78 107 122 139 143 132 120 97 134 143 122 66 128 100 89 125 126 59 113 96 120 61 75 125 107 101 98 72 130 97 127 69 90 61 73 120 116 97 84 121 105 86 133 113 110 77 121 90 134 120 126 115 110 100 131 98 130 84 123 71 77 106 83 104 127 65 101 94 103 74 95 133 105 118 61 71 91 82 63 55 123 102 123 83 81 53 54 66 123 114 72 57 84 74 98 97 54 103 75 49
99 123 140 104 122 92 103 120 80 82 82 126 89 74 123 103 93 86 66 94 124 110 136 125 109 124 119 103 72 142 128 120 144 130 107 78 116 135 117 86 93 88 86 96 120 68 118 95 106 95 72 109 107 99 85 91 139 100 109 76 97 60 70 84 113 108 89 141 116 94 121 131 131 91 112 112 113 101 147 107 86 77 124 96 110 67 94 93 113 105 110 77 93 99 142 95 126 84 91 158 86 110 60 68 90 87 109 48 114 107 103 86 129 81 48 57 112 83 111 87 87 119 82 134 99 87 57 51
119 102 136 107 87 81 97 91 62 96 98 105 88 67 124 145 126 96 82 119 84 100 127 121 104 110 97 98 59 130 115 73 135 120 126 99 104 141 111 70 73 73 90 91 110 59 95 86 91 131 104 84 80 90 103 88 93 115 109 74 73 109 79 118 138 140 88 113 146 142 116 134 83 75 114 132 96 85 137 102 74 91 101 93 113 106 63 74 88 86 89 78 65 78 132 81 123 91 64 132 97 81 53 67 69 88 127 95 73 70 95 73 97 123 47 61 116 69 109 116 82 80 76 104 100 120 46 52
144 102 128 111 116 68 87 103 106 85 102 79 103 77 105 133 95 101 113 123 137 97 128 135 98 123 106 91 58 103 100 72 126 113 106 83 91 118 91 72 96 68 95 96 107 57 76 86 87 83 115 100 71 82 122 134 79 107 89 99 116 96 66 102 136 123 121 89 123 144 95 120 77 64 123 115 90 63 94 129 105 60 88 82 100 94 83 73 89 126 69 71 77 99 123 104 89 106 81 116 96 85 56 123 93 89 91 124 81 61 89 84 86 105 52 65 123 66 91 125 104 66 58 67 75 121 47 55
109 93 83 85 125 78 98 105 105 84 137 81 109 77 107 112 71 80 131 93 129 91 126 136 94 110 109 107 75 83 81 100 91 116 131 73 86 88 83 113 148 97 118 95 74 110 86 87 87 57 111 121 68 74 100 135 73 79 94 92 106 56 54 95 133 83 131 95 98 109 95 81 79 68 111 109 92 62 83 117 102 83 87 73 92 51 80 77 69 95 78 68 90 119 123 139 83 90 103 119 108 86 56 109 100 91 80 108 86 64 102 129 97 86 68 63 112 75 84 127 113 103 93 71 62 89 51 52
106 85 105 119 134 65 71 102 80 74 125 97 76 63 108 118 89 93 104 87 96 72 103 118 78 80 74 92 68 102 76 95 75 109 135 83 92 87 83 88 98 102 149 123 69 92 87 94 93 66 91 113 70 84 78 95 79 81 92 91 84 74 55 80 112 80 89 85 76 84 132 116 88 65 95 113 88 61 84 87 83 100 121 71 105 53 70 63 72 74 105 105 88 110 107 144 89 83 79 95 102 87 51 79 86 82 71 105 98 58 78 113 83 111 102 59 71 73 117 112 120 107 125 81 52 76 56 49
97 73 87 108 96 52 79 98 88 86 85 119 91 83 111 146 109 124 109 84 97 83 86 86 90 91 67 92 71 102 71 78 84 82 95 94 93 83 69 81 78 91 129 146 98 76 86 99 99 76 84 98 89 100 117 120 89 84 95 85 126 96 85 100 104 73 87 101 85 99 132 119 68 92 146 111 87 66 88 86 73 60 102 74 98 71 68 61 58 79 85 114 81 97 72 98 89 69 57 88 99 85 67 114 112 76 79 91 152 74 68 95 67 86 106 107 76 61 95 107 92 90 110 134 54 95 116 78
98 68 78 72 89 53 74 86 67 82 80 99 95 87 106 140 124 106 103 86 95 94 105 78 79 98 80 92 81 93 67 71 94 89 71 91 96 72 59 58 68 68 98 141 124 130 119 76 97 66 82 96 110 69 102 142 87 86 99 72 121 97 106 129 136 94 73 82 84 93 144 104 60 82 132 101 90 72 87 95 68 63 81 62 81 108 87 63 68 114 75 83 89 70 87 86 112 80 75 84 89 85 74 113 129 80 84 68 132 81 70 69 69 79 77 106 83 65 82 106 78 74 69 120 70 104 127 73
95 61 85 74 92 79 73 56 58 84 108 88 77 73 77 96 81 110 93 98 93 106 111 88 90 106 85 88 63 80 70 66 88 145 85 65 87 66 74 62 55 56 84 140 108 119 119 90 100 60 78 89 62 54 80 137 80 64 71 59 103 113 87 94 118 105 67 88 94 72 109 81 63 68 121 101 80 83 95 78 49 73 99 65 101 88 76 62 87 138 83 93 95 77 110 118 136 78 69 113 90 87 69 111 124 85 97 69 124 83 84 74 76 63 74 104 85 75 79 83 87 78 66 94 67 98 102 54
121 67 87 108 140 87 55 54 54 65 67 86 69 68 93 92 86 119 88 73 88 72 113 124 94 75 57 76 54 84 76 70 83 138 82 46 79 63 71 60 53 62 72 116 83 111 115 78 92 67 59 63 66 56 60 81 74 53 65 61 79 78 63 69 121 92 58 82 73 56 81 87 63 59 92 89 80 102 141 82 54 67 81 71 125 88 58 66 136 143 101 122 107 65 95 117 103 81 66 103 92 90 75 84 95 87 133 95 66 55 83 82 76 78 77 82 95 68 79 69 84 80 66 87 62 81 103 62
137 64 80 117 143 82 107 84 61 71 59 128 83 63 100 75 85 139 124 55 76 54 103 112 62 80 50 74 65 68 83 131 110 140 90 49 66 56 68 76 56 66 79 81 77 81 81 80 135 105 52 62 66 55 55 93 119 78 69 55 73 70 53 65 85 81 46 55 57 92 141 85 59 58 76 81 82 77 137 101 60 80 103 58 113 91 70 88 150 134 108 103 109 63 86 102 96 78 75 88 89 84 82 74 68 82 103 106 51 48 90 80 75 78 114 86 120 58 69 66 82 75 103 91 67 80 89 63
154 103 60 96 135 73 123 116 67 77 71 128 108 62 100 74 89 134 119 78 85 58 85 92 62 77 60 59 65 70 80 94 111 93 79 53 49 50 67 72 71 71 88 89 78 69 68 89 171 172 59 68 64 58 53 87 134 115 81 66 58 63 45 76 90 60 58 55 69 106 156 94 62 65 80 86 81 70 131 91 55 77 134 64 71 70 69 95 112 133 102 133 129 68 62 83 86 71 96 93 84 70 63 74 59 64 95 124 69 56 83 69 70 78 70 75 106 84 93 65 72 67 127 97 61 72 78 65
121 117 65 86 106 67 90 126 81 79 82 115 116 62 88 99 81 133 110 65 81 65 84 88 73 80 63 53 65 76 73 72 120 82 59 48 52 46 99 77 66 77 84 80 80 74 64 98 212 171 64 55 96 118 126 80 118 123 62 59 56 69 45 75 95 59 55 61 66 103 137 96 52 57 88 82 73 115 142 100 67 65 121 69 94 88 71 88 74 117 75 94 84 79 89 88 101 75 92 89 74 60 58 66 57 94 128 120 64 52 67 66 61 78 67 64 73 91 134 67 59 62 120 96 50 68 76 60
73 89 75 83 93 69 61 131 149 107 67 109 111 50 81 94 91 89 80 54 86 61 94 124 136 111 51 58 62 53 82 101 107 79 66 60 56 63 98 74 104 79 85 74 45 70 66 85 210 153 55 45 97 110 136 87 107 115 54 49 49 74 45 72 88 71 53 52 66 77 78 78 53 54 79 51 65 109 135 129 64 59 115 65 79 132 72 71 67 115 70 62 57 71 74 81 93 89 80 75 64 50 76 94 59 77 141 102 62 48 50 59 52 76 79 66 73 88 127 66 54 98 103 84 68 80 69 55
68 78 74 88 89 78 57 99 141 121 71 70 67 52 66 79 99 71 51 61 93 65 101 133 129 118 50 52 59 65 101 126 127 81 92 123 56 74 64 104 167 93 80 68 56 71 72 71 111 74 50 48 72 98 138 92 92 99 53 50 49 72 45 75 85 86 85 64 70 71 70 78 59 55 83 60 56 101 133 111 62 51 69 65 98 128 65 65 63 107 71 73 52 56 64 79 81 93 78 84 110 92 116 155 67 65 133 77 66 55 56 60 47 70 129 87 78 65 107 64 51 99 100 77 73 67 57 52
67 114 92 81 103 79 58 76 99 97 58 66 59 59 65 73 76 83 55 55 93 63 90 101 130 113 50 55 81 137 131 124 127 86 75 133 53 63 50 76 151 99 92 73 66 94 65 66 66 69 54 48 77 82 116 88 79 65 47 54 58 78 63 77 83 90 122 138 77 59 78 72 54 51 90 78 62 83 128 104 59 58 50 62 135 115 62 63 61 75 60 72 49 52 54 75 95 70 66 77 134 84 83 142 72 58 96 66 67 53 47 69 64 56 118 85 59 56 72 62 55 88 98 80 61 64 66 60
77 134 125 65 98 81 56 77 75 70 73 70 67 63 62 73 52 91 71 50 71 71 90 97 95 87 63 52 76 132 118 110 118 83 65 100 50 47 49 62 124 84 82 77 111 80 63 55 66 60 58 51 88 99 110 122 92 64 58 55 66 73 60 78 87 77 88 139 77 55 76 66 57 54 95 64 51 62 84 71 64 72 57 68 126 114 57 60 61 76 55 69 48 57 56 75 105 83 64 63 126 74 82 140 93 97 76 59 68 51 51 69 67 60 116 74 50 55 65 60 61 106 111 57 50 63 74 47
71 132 133 82 90 74 52 90 75 88 159 105 62 60 63 77 60 65 67 93 124 82 70 100 82 63 57 53 72 137 116 74 105 91 55 51 56 46 46 75 114 58 83 83 97 69 79 71 69 63 57 48 73 84 113 128 88 65 59 55 57 69 54 85 90 70 77 131 73 56 80 95 97 57 94 60 53 62 65 74 67 56 57 70 121 99 52 59 63 75 51 69 54 62 60 77 91 85 78 83 97 59 65 95 86 111 76 54 60 53 59 71 61 75 84 76 52 51 69 58 68 85 84 64 60 62 56 42
72 97 118 113 92 62 49 88 78 71 157 96 74 59 67 81 83 71 46 107 155 85 73 94 89 67 64 60 70 120 98 75 102 89 54 63 62 46 46 97 142 93 62 83 121 83 106 82 91 57 55 56 68 68 103 99 84 71 55 56 47 68 48 63 75 76 61 101 92 57 79 103 140 78 82 62 54 66 71 74 58 66 90 66 85 68 52 52 75 83 59 67 48 58 52 70 83 82 105 126 126 58 73 61 73 73 76 56 63 50 62 97 57 60 74 70 59 91 88 62 68 74 67 76 71 61 59 51
65 80 87 124 88 53 68 89 88 62 138 88 65 58 68 90 103 81 49 72 135 92 64 87 85 75 63 64 59 86 68 69 109 101 57 69 74 56 45 79 137 103 53 76 124 128 93 88 72 73 53 64 69 58 71 62 84 79 61 56 59 64 49 82 76 69 59 62 90 67 71 103 137 85 99 119 57 64 86 69 70 66 68 71 79 66 54 53 83 89 53 78 48 56 51 60 83 72 63 99 126 56 80 66 65 57 72 59 69 49 50 74 60 60 78 70 66 124 116 63 64 84 71 78 88 88 66 63
136 94 70 106 79 60 71 127 119 64 85 77 75 56 69 78 91 76 50 72 129 98 70 90 91 123 127 61 58 83 78 73 94 95 87 65 63 56 50 74 125 73 78 74 112 122 111 73 65 83 56 59 68 55 67 64 92 87 56 63 49 64 50 69 71 66 71 59 69 64 70 96 143 80 104 141 72 60 69 80 81 85 61 59 74 67 55 53 74 84 53 68 51 50 54 62 77 52 57 106 115 61 84 62 63 51 72 61 64 52 45 48 65 51 74 79 62 96 114 63 83 89 66 74 98 123 73 73
155 101 59 62 68 67 63 104 124 76 74 80 83 51 57 77 72 70 57 59 92 93 98 100 92 127 131 69 54 66 60 88 94 84 87 88 63 49 51 56 89 62 85 77 115 112 85 81 71 68 57 67 63 51 71 63 82 86 48 53 41 57 52 67 68 59 61 67 60 64 79 67 117 110 101 143 74 63 75 82 98 152 90 66 73 65 60 64 79 81 50 68 64 65 59 61 69 48 52 85 103 59 62 78 96 77 78 120 101 50 86 105 61 44 83 98 71 95 121 76 127 88 66 54 73 114 76 62
143 120 95 67 68 62 66 100 130 80 69 80 106 69 75 86 65 81 77 58 63 76 109 82 83 121 120 67 48 66 69 129 93 83 90 75 54 46 56 82 84 57 57 69 89 85 72 81 82 68 79 60 80 53 59 57 78 91 56 71 47 51 52 68 61 64 62 67 64 58 67 70 81 89 85 132 67 76 81 84 82 147 89 60 82 81 115 171 112 98 56 70 66 70 66 61 69 56 63 69 77 62 56 104 128 120 79 126 124 59 80 127 63 51 99 89 63 71 82 71 130 80 73 57 70 108 69 82
119 119 146 98 66 57 51 90 109 52 67 85 92 65 96 105 78 79 75 56 73 46 94 88 67 99 111 55 55 73 58 101 98 91 143 96 57 47 66 87 80 67 54 74 82 49 110 104 71 107 132 142 100 63 55 53 63 81 68 60 55 51 52 65 62 79 88 60 49 58 57 78 80 106 70 83 67 78 78 79 63 116 73 60 86 76 80 168 131 96 85 113 63 64 54 63 75 70 72 66 70 56 74 89 120 117 63 116 125 69 76 113 59 55 98 95 76 61 62 72 128 75 77 55 66 57 66 85
73 95 122 112 71 67 55 64 75 43 69 72 81 119 132 98 81 67 66 53 79 42 73 101 76 69 77 62 57 83 57 70 106 71 130 122 65 49 63 67 78 67 46 73 92 54 94 118 55 153 148 86 79 77 62 61 65 73 75 64 49 55 52 74 61 89 92 47 50 53 53 64 70 101 88 67 48 72 77 67 49 76 61 51 78 77 64 129 112 90 80 108 83 53 54 44 72 81 82 69 69 64 110 80 123 107 61 89 100 59 72 95 56 71 130 150 155 71 63 63 95 63 74 65 66 64 78 62
71 84 135 107 67 55 64 67 76 51 70 74 71 95 129 82 75 51 65 42 74 61 54 84 75 91 72 51 41 73 57 56 113 63 120 121 60 45 50 65 109 70 50 56 89 54 83 93 55 96 102 79 90 82 65 60 55 80 67 70 69 65 60 74 59 84 65 49 59 52 54 66 69 64 76 70 52 67 69 66 52 78 47 50 75 73 57 107 87 84 66 113 78 62 55 48 71 58 53 67 70 71 140 87 93 84 69 70 63 53 66 62 74 95 104 119 125 62 60 56 53 59 74 75 93 104 128 97
86 108 120 99 62 65 75 64 79 47 64 64 60 93 122 76 66 64 69 46 72 63 47 72 77 90 61 45 42 59 62 46 69 65 116 120 50 43 43 47 99 110 45 52 90 61 63 78 63 67 60 70 87 75 64 68 44 83 123 155 81 86 70 57 62 70 48 57 55 62 59 71 71 74 81 71 62 66 71 61 63 89 51 74 129 83 55 67 62 110 125 139 58 71 65 62 52 49 50 64 80 66 143 110 66 60 79 93 60 47 54 70 79 124 95 101 101 60 65 58 53 54 62 57 100 130 119 113
80 133 103 71 67 74 59 56 92 64 59 64 85 126 104 65 51 68 68 45 72 72 50 67 83 88 63 43 43 62 58 43 71 78 99 92 53 56 60 75 130 95 43 49 98 71 58 59 83 58 46 67 70 74 68 74 41 72 106 150 93 76 63 59 60 75 63 60 55 58 56 73 76 80 60 71 52 58 71 53 57 98 58 68 130 103 58 87 74 75 114 142 64 79 66 65 45 50 56 76 80 65 116 106 84 58 78 92 88 48 57 61 68 112 98 69 73 75 76 57 52 55 49 54 92 134 119 123
87 132 111 66 64 66 48 56 91 77 57 63 95 151 90 62 56 48 71 60 72 71 62 70 72 75 68 44 42 57 57 40 54 106 89 60 70 81 70 80 112 93 57 48 94 65 49 73 71 54 50 63 62 60 65 69 42 75 95 139 96 74 54 49 62 82 84 77 51 67 90 97 81 89 87 77 52 57 78 52 48 84 78 65 119 96 72 138 91 57 88 125 59 53 57 54 44 52 62 68 76 66 72 81 90 80 96 95 80 56 53 50 57 115 102 57 61 82 74 60 61 67 51 54 97 132 112 99
77 133 115 62 69 61 52 55 98 91 63 53 88 152 75 50 60 50 56 59 77 67 63 65 84 76 68 42 40 55 57 42 61 89 77 54 52 61 57 82 103 85 64 54 91 72 56 82 105 55 50 49 74 51 59 75 43 93 73 117 85 59 56 44 66 75 78 77 54 75 122 121 85 118 155 93 48 54 85 57 48 72 69 66 120 88 82 139 105 52 86 127 85 122 97 56 43 47 47 61 76 56 83 103 120 137 82 95 66 56 51 54 48 78 71 67 70 74 77 63 87 67 51 51 83 108 72 63
61 93 93 66 58 58 66 55 94 92 58 60 67 119 72 56 56 50 42 52 76 71 52 62 92 85 70 49 46 63 66 48 71 103 69 61 57 52 49 66 74 86 60 58 90 66 47 59 49 52 47 41 69 56 57 75 44 111 68 66 67 64 48 50 105 128 100 80 57 60 98 119 76 81 139 92 52 58 66 49 61 88 60 56 105 88 76 153 111 56 67 100 91 131 119 58 51 54 44 67 74 67 83 67 94 140 75 96 67 39 49 54 59 57 65 64 51 58 80 57 96 75 51 46 65 66 65 46
58 68 82 63 55 50 59 48 94 121 66 59 56 85 76 49 54 59 47 63 63 77 62 69 78 78 72 52 60 68 66 55 67 77 66 53 53 67 46 46 68 115 106 89 132 63 57 103 98 58 52 44 49 53 47 52 50 107 80 63 62 60 45 50 86 126 101 73 53 59 94 122 69 71 135 98 47 47 51 71 64 98 63 49 77 73 54 123 85 54 64 91 74 107 101 54 55 52 61 67 62 54 81 70 89 130 65 67 61 47 47 61 53 62 63 64 45 55 72 58 75 88 54 43 71 62 64 46
60 64 81 56 55 46 48 49 86 126 61 57 53 80 80 54 57 70 53 62 75 84 68 59 58 74 78 49 51 61 77 76 75 79 66 54 51 64 57 65 62 109 133 104 155 76 69 123 123 72 54 44 50 52 58 58 53 104 88 64 66 68 59 58 74 121 103 60 52 54 88 104 70 64 106 93 72 58 44 63 59 81 68 56 73 65 52 85 59 55 58 92 77 110 92 54 58 53 52 57 64 44 79 73 82 123 59 51 59 46 50 61 58 72 67 70 49 45 66 64 65 94 59 45 65 65 69 48
50 65 59 51 42 45 47 49 82 135 64 65 49 84 90 68 53 56 57 77 127 105 59 61 73 63 82 53 51 51 79 68 93 90 77 55 49 67 63 79 85 131 128 90 144 73 61 93 114 72 51 46 50 58 62 63 49 90 106 66 67 95 144 106 60 117 88 54 54 58 58 55 70 61 63 68 67 73 50 63 53 64 64 46 70 84 77 70 70 51 51 94 64 79 64 51 60 49 56 60 65 47 81 77 63 95 65 58 66 40 45 64 58 70 79 80 54 45 61 68 82 69 60 45 63 67 67 50
45 65 48 52 53 48 48 47 78 106 75 68 49 84 82 67 53 43 51 56 113 110 52 63 68 54 82 50 53 66 76 57 86 105 80 55 52 71 54 57 83 142 109 57 79 71 53 84 124 83 50 42 59 56 74 71 55 75 103 60 62 72 117 115 52 79 70 55 61 54 50 55 68 63 75 62 50 52 67 66 67 58 63 43 76 82 59 60 63 55 55 87 55 69 55 51 57 55 56 64 70 58 65 77 58 80 54 57 62 47 49 63 72 77 72 76 72 47 68 60 116 73 64 89 127 107 63 52
