162 205 197 196 196 194 195 195 193 193 192 192 192 193 193 193 194 194 195 196 197 197 197 198 198 198 199 201 202 204 204 204 206 206 210 213 211 208 207 209 211 211 208 207 207 206 208 209 208 208 207 207 210 213 217 220 218 222 224 227 227 228 231 234 234 231 232 231 233 234 234 235 238 240 237 233 232 230 225 220 220 219 215 215 215 217 219 223 227 228 230 231 232 234 235 241 247 253 253 252 253 252 252 253 254 253 253 254 252 253 246 239 250 251 237 231 235 232 213 206 203 196 191 186 182 177 175 173
180 202 196 194 194 192 195 197 193 190 190 189 189 190 190 190 190 191 194 195 195 194 196 196 197 198 200 200 201 203 205 208 211 208 211 214 213 211 210 214 214 212 210 207 207 208 209 209 209 208 205 207 209 214 218 222 223 221 224 227 228 229 232 234 235 234 231 230 231 234 234 236 235 238 236 232 230 225 221 218 221 218 214 213 213 213 218 220 225 226 227 230 230 229 231 235 240 245 246 248 249 247 249 250 250 249 248 244 236 238 236 237 245 247 234 231 234 239 225 213 208 201 196 189 183 178 180 173
191 199 196 193 193 192 192 193 192 187 187 187 188 188 188 190 189 192 193 192 193 194 195 196 197 199 202 203 204 205 208 216 219 217 215 215 214 213 212 213 213 211 210 209 211 208 207 208 210 207 205 209 211 214 218 220 223 222 224 227 228 232 234 232 233 234 233 231 230 231 233 231 232 235 233 229 227 224 217 216 221 216 215 213 212 213 218 221 221 221 226 231 234 231 234 237 237 238 240 242 243 244 242 242 244 243 244 236 232 232 232 237 242 242 230 234 236 233 221 214 210 204 199 191 186 183 182 177
197 197 194 192 193 190 188 189 187 185 185 185 186 189 189 190 191 192 192 192 192 193 195 198 200 207 208 206 206 206 210 216 219 219 217 216 214 213 212 211 213 212 212 213 214 214 207 207 208 206 207 213 216 221 221 220 222 223 225 225 228 233 233 230 232 232 232 231 230 231 232 232 232 234 234 232 229 226 220 222 221 216 215 212 212 215 218 218 218 222 225 231 235 234 234 240 242 241 241 239 239 239 238 238 238 240 240 237 236 241 236 241 246 242 230 231 233 227 214 209 204 202 200 193 189 187 183 179
190 196 194 195 193 189 185 186 184 183 185 186 187 189 189 189 190 191 192 193 197 197 199 202 207 212 214 209 209 208 210 210 215 216 216 214 212 210 208 208 208 210 211 220 226 223 218 211 210 210 212 217 220 222 223 223 221 225 228 228 229 231 230 230 231 230 232 231 231 231 232 232 233 233 236 235 233 229 226 224 219 219 217 214 212 216 218 216 218 226 231 235 237 235 235 239 243 240 240 240 239 236 236 237 235 235 236 237 237 239 240 243 243 238 230 227 231 220 212 210 203 204 201 196 192 190 186 181
187 193 193 194 192 188 185 183 183 182 184 186 187 189 189 188 190 192 197 202 205 204 208 212 213 217 219 217 215 213 211 208 210 213 212 213 212 210 207 205 205 207 210 224 233 223 226 223 218 217 221 225 224 221 222 222 224 229 230 234 233 232 233 235 233 230 230 233 232 230 232 231 233 233 240 239 235 231 231 225 219 221 220 217 214 217 215 215 217 225 232 237 241 239 238 238 240 238 239 239 239 236 234 235 233 232 233 233 232 235 238 238 238 235 224 218 221 216 213 207 205 204 202 197 191 189 186 182
190 190 192 190 187 187 185 183 184 183 184 187 186 188 189 190 193 196 204 210 211 213 213 214 211 213 216 214 213 211 211 210 210 212 212 211 210 210 207 204 204 205 208 215 221 222 222 223 225 225 226 229 226 222 223 225 228 230 231 234 234 234 236 236 235 234 230 232 233 233 232 231 232 231 236 239 238 236 234 226 220 221 220 219 215 216 214 215 217 222 231 236 241 242 243 240 238 240 238 237 237 235 233 233 232 230 230 231 232 231 233 234 235 230 212 210 216 215 214 213 210 205 200 196 191 188 186 182
189 188 189 185 182 184 183 183 182 182 183 186 187 188 191 193 196 198 204 213 212 216 219 212 210 207 210 209 209 206 207 207 208 210 210 208 209 208 206 206 206 205 207 213 217 218 220 220 224 225 225 227 226 227 227 227 229 230 230 230 230 231 233 234 234 233 232 233 233 233 232 232 230 228 230 235 239 237 234 229 224 222 220 219 220 218 216 216 220 223 233 237 238 241 242 240 241 239 236 233 234 237 237 232 230 228 228 234 239 235 232 231 234 229 213 211 214 212 214 216 215 205 200 197 191 188 187 183
189 189 187 182 178 179 180 181 181 181 183 188 190 191 192 195 197 198 200 206 210 215 216 213 210 207 207 206 204 204 203 204 204 207 207 205 205 204 205 205 207 207 208 211 213 214 216 219 220 223 224 225 226 227 228 228 227 226 227 228 230 231 230 230 231 229 231 231 232 231 230 230 228 229 229 230 232 236 231 229 230 224 220 219 219 220 217 215 222 229 232 234 233 236 236 235 237 234 232 232 234 236 240 239 231 229 232 238 239 239 238 234 232 228 220 213 208 218 219 218 215 204 197 199 192 188 186 185
184 188 186 183 180 178 179 180 179 181 183 189 190 191 193 198 198 200 201 203 205 208 209 208 207 205 205 205 203 202 202 203 203 205 206 202 202 201 202 203 205 207 207 212 214 213 213 216 217 220 222 222 224 226 228 227 226 225 228 228 228 228 228 228 228 226 229 231 230 229 228 229 227 228 229 228 229 230 229 227 229 225 220 221 221 219 216 216 224 232 234 232 229 229 233 232 235 233 232 233 236 237 239 243 239 231 234 238 236 237 239 237 231 228 223 216 213 221 224 218 215 205 197 196 193 188 185 183
182 185 183 180 179 178 179 178 178 180 183 188 189 191 195 196 196 197 199 200 200 202 202 203 203 201 202 202 202 201 201 202 200 202 202 200 199 200 200 202 204 206 208 214 219 215 212 213 215 217 219 221 224 226 225 224 225 226 227 227 226 224 223 224 224 223 227 229 230 231 229 228 226 228 227 226 227 226 224 224 227 225 222 224 221 219 218 220 227 234 233 231 228 229 231 232 233 234 235 236 236 237 236 240 241 239 237 236 233 233 235 236 232 227 225 220 219 222 223 215 216 210 205 194 193 186 184 182
183 182 181 178 177 175 177 179 178 180 183 187 189 192 193 193 192 193 193 194 196 197 197 198 198 198 199 199 199 200 200 199 198 199 198 198 196 196 197 199 202 205 208 212 219 218 215 213 213 214 217 218 222 223 221 222 223 224 225 226 224 222 221 221 221 223 226 229 231 232 229 229 228 226 225 224 222 222 223 224 226 223 220 220 217 218 220 223 227 231 229 228 228 228 230 232 230 229 233 234 234 234 234 235 238 238 235 233 230 230 230 231 232 229 227 224 221 224 225 217 216 213 214 195 188 186 184 181
179 179 178 176 177 175 176 179 181 182 184 186 187 189 190 189 188 188 189 190 191 192 193 193 194 194 196 196 196 196 196 195 195 195 195 195 194 194 195 196 199 203 206 211 215 216 216 212 211 213 216 218 219 220 221 220 222 224 225 224 223 223 219 219 219 220 222 227 229 230 229 227 225 223 222 222 222 223 223 224 225 223 219 219 218 219 222 224 227 226 224 224 225 227 228 227 227 227 228 230 231 232 233 233 233 232 231 231 231 227 226 225 228 229 227 224 222 225 225 215 215 217 219 208 189 185 183 180
175 178 176 175 177 175 176 178 180 183 184 184 184 187 187 186 185 185 185 187 188 188 190 190 190 190 191 193 192 192 192 193 192 191 191 192 191 192 193 193 197 203 207 212 215 215 215 213 212 213 214 216 217 220 222 219 221 224 224 225 224 222 220 219 218 218 219 221 225 226 226 225 224 222 220 222 223 222 222 223 223 223 220 220 221 223 224 225 224 222 221 221 222 224 224 224 224 224 224 228 229 229 228 228 229 228 228 229 231 229 225 225 227 228 228 226 224 224 223 217 213 219 216 215 200 190 184 180
174 175 175 175 176 177 176 178 180 181 182 183 184 183 183 181 182 182 182 183 184 185 186 186 186 187 188 189 189 188 188 189 188 188 189 190 190 191 193 195 198 201 206 210 214 215 213 215 215 213 213 215 217 220 224 223 222 225 223 225 224 223 222 221 218 217 217 217 220 222 223 224 222 220 220 222 224 224 223 223 222 222 221 220 222 222 221 221 221 218 218 220 220 220 221 222 223 222 223 224 225 225 225 225 224 223 224 226 229 231 229 230 229 230 229 228 223 221 224 222 217 220 218 214 212 203 193 187
174 172 174 173 173 175 176 176 179 180 181 181 181 181 180 179 180 182 182 180 181 182 182 182 182 184 185 186 186 185 184 184 185 186 187 187 187 190 191 193 199 204 206 209 209 211 210 212 213 213 213 215 216 219 221 223 224 225 224 225 224 222 222 221 217 214 213 215 217 217 220 221 222 218 219 223 226 227 222 220 220 219 218 219 222 221 216 217 219 216 216 217 218 217 218 220 220 220 220 220 220 221 223 222 221 219 220 222 225 227 229 230 230 229 227 225 222 221 222 221 220 220 215 215 214 206 202 200
170 169 170 170 170 171 173 175 178 179 178 177 177 178 177 177 178 180 180 180 180 179 179 179 179 181 182 183 182 182 181 181 183 184 185 185 186 190 189 191 196 201 204 207 208 207 207 208 209 209 210 211 212 214 215 216 218 220 221 222 221 218 216 217 214 212 212 213 214 214 214 217 217 217 217 220 226 225 221 220 219 218 215 215 218 219 215 215 217 213 212 212 215 215 216 218 218 221 222 219 220 221 222 219 218 218 218 219 222 225 225 227 228 227 223 221 219 219 220 220 221 219 216 217 216 211 211 208
167 167 167 168 168 170 171 174 176 176 175 174 175 175 174 176 177 177 178 178 177 175 175 176 177 177 179 179 178 178 179 179 181 182 183 185 189 191 190 193 196 198 202 202 203 204 205 207 206 207 208 209 209 209 209 210 212 213 215 217 216 215 214 214 211 209 209 211 211 211 211 211 212 214 215 219 223 222 220 220 218 215 212 210 212 214 215 213 210 208 207 208 212 214 214 214 216 219 221 216 219 221 219 219 217 218 219 220 221 223 225 225 225 223 219 219 218 218 220 218 217 217 217 218 216 217 217 215
167 164 164 166 167 168 170 172 173 172 172 172 173 174 174 175 175 176 175 174 173 173 173 173 174 174 175 177 177 176 176 179 182 185 187 188 191 192 194 197 197 198 200 200 200 201 204 205 207 207 208 209 209 208 205 204 206 207 209 212 212 213 212 211 211 207 207 208 209 208 207 209 211 211 215 218 219 220 219 217 216 213 212 210 209 209 210 207 205 204 204 206 210 212 213 213 212 218 219 214 218 221 219 218 217 219 222 224 224 223 223 224 221 218 216 219 216 216 216 213 212 212 213 214 214 214 215 214
165 162 163 165 167 168 169 170 170 170 168 169 171 172 172 173 172 172 172 172 170 169 171 172 171 172 172 175 177 175 178 181 184 187 188 191 190 191 193 195 197 198 199 201 200 203 205 205 207 209 209 209 209 208 205 203 204 203 204 206 208 212 211 210 212 207 206 208 207 206 203 206 209 208 214 216 217 217 216 215 213 212 211 209 208 207 207 204 202 201 201 202 205 206 207 211 211 215 219 216 218 223 221 219 221 221 223 225 226 225 222 221 219 214 214 217 216 212 208 207 207 206 208 209 209 209 211 211
163 163 164 165 166 166 167 167 168 167 168 169 169 169 169 170 169 169 169 168 168 168 170 169 169 170 170 173 175 177 178 180 182 184 187 191 192 192 196 198 199 199 201 202 204 207 205 205 207 208 209 210 209 209 208 207 206 202 203 202 204 209 211 209 208 205 205 208 206 204 200 200 204 204 205 213 214 215 215 213 211 210 208 207 205 204 202 201 199 197 198 199 198 201 203 209 210 213 218 215 218 224 225 225 226 221 221 224 224 222 219 219 217 210 211 213 211 206 203 201 200 201 202 203 203 203 206 206
164 162 163 164 164 163 164 164 165 166 167 167 166 167 166 167 168 168 169 168 167 167 166 169 169 169 171 174 175 177 178 179 180 182 187 191 193 194 197 198 201 202 204 205 206 206 205 205 207 209 209 210 209 209 210 210 208 204 206 203 202 206 209 209 203 200 201 207 199 198 194 194 202 202 204 208 213 213 211 209 209 208 206 205 203 201 199 198 196 195 195 195 196 199 204 208 210 212 214 215 219 224 228 226 228 221 216 218 219 219 220 219 215 207 206 206 205 203 201 198 196 197 200 197 198 198 199 201
164 161 161 160 161 160 161 161 163 164 164 165 164 165 164 165 166 168 170 173 171 168 170 172 169 172 176 176 176 175 176 177 179 181 187 193 195 195 197 197 200 203 204 205 203 203 203 203 204 205 206 207 208 207 207 209 209 207 207 205 202 204 207 207 201 198 199 200 192 193 191 189 197 199 201 205 210 208 207 206 207 206 203 203 201 198 196 194 194 193 193 194 195 198 202 206 208 207 212 212 217 225 231 228 225 218 213 215 216 216 218 217 214 207 202 199 198 197 194 192 191 194 195 192 192 193 194 196
162 159 158 157 157 158 159 159 161 163 162 163 163 163 163 165 167 169 169 171 172 170 175 176 174 178 179 177 176 177 178 178 178 181 189 192 194 195 196 196 198 199 200 200 200 200 201 201 200 202 205 205 206 205 205 207 208 208 207 206 203 205 207 207 203 200 201 201 192 195 195 193 189 195 200 203 207 203 203 205 206 205 203 201 200 197 195 193 193 193 192 193 193 194 195 201 202 201 209 212 223 228 231 229 221 215 211 212 212 215 218 218 213 204 198 194 192 191 189 186 185 188 189 187 186 186 189 191
159 156 156 156 157 157 158 159 160 162 162 161 161 161 163 165 167 167 167 168 170 171 173 175 176 177 177 177 178 178 180 181 181 185 189 191 192 193 194 195 196 196 196 198 200 201 200 199 199 201 203 203 203 203 202 202 204 206 206 206 204 205 206 205 205 203 207 206 199 201 205 199 193 198 202 202 204 197 196 201 204 203 201 200 198 196 194 192 191 191 191 190 190 190 191 194 193 198 205 207 221 226 229 222 218 215 212 210 210 212 214 215 214 204 195 189 187 186 183 181 180 181 182 181 181 182 185 186
158 155 155 156 155 156 157 158 159 160 160 160 161 161 163 163 165 164 166 167 167 169 171 172 175 176 177 180 179 178 181 185 188 192 190 188 190 192 192 192 192 194 193 195 198 199 200 200 200 200 199 199 201 201 200 200 202 202 203 202 202 204 204 203 202 204 208 209 206 206 210 206 209 206 205 203 204 198 195 199 203 201 200 199 196 193 193 192 191 190 189 190 188 188 188 188 189 195 207 205 213 218 219 216 219 218 217 213 211 212 212 210 209 202 192 185 184 182 180 179 178 177 177 177 178 179 181 183
157 154 154 155 154 154 156 156 157 158 159 159 158 160 160 161 163 162 164 167 167 166 167 171 174 177 178 179 182 182 184 187 189 191 191 188 188 192 191 191 192 193 194 193 194 195 197 198 199 198 197 196 196 198 199 199 200 200 201 201 201 203 203 203 205 206 208 207 207 212 212 213 212 206 202 201 200 196 194 200 202 199 199 197 195 192 190 191 190 188 188 187 187 187 188 188 194 197 214 218 217 220 222 221 217 215 217 216 216 211 209 207 206 200 190 184 180 179 178 177 177 175 174 175 176 179 179 179
157 155 154 153 154 154 154 155 155 157 156 157 157 157 158 159 160 161 162 164 167 167 167 170 173 176 176 176 180 184 185 185 187 189 189 189 189 191 191 191 191 191 192 193 193 193 194 195 197 197 198 196 195 197 199 199 198 200 202 202 203 203 204 206 206 207 209 210 208 210 213 215 212 207 202 199 198 198 198 203 202 199 197 196 194 191 190 189 189 187 186 185 186 185 189 197 214 224 224 226 221 221 225 224 219 212 214 217 215 210 207 204 202 197 191 186 179 179 178 176 175 176 175 174 176 181 180 178
158 155 155 154 153 153 154 154 154 154 155 155 156 156 156 158 158 160 162 164 167 167 167 170 171 172 173 176 181 183 184 185 187 187 186 187 188 189 189 188 188 189 190 191 192 192 192 194 195 195 195 196 197 199 200 200 199 200 201 202 203 204 205 205 207 209 211 210 208 210 215 216 213 209 207 199 194 197 199 202 201 199 197 195 192 190 190 189 189 187 185 183 184 182 193 217 223 228 230 228 225 221 223 222 220 213 214 215 212 208 205 202 200 195 189 187 183 182 180 178 176 175 175 175 177 183 181 181
157 153 154 153 153 153 154 154 153 154 154 153 154 155 155 156 156 157 161 164 162 166 167 167 166 168 173 176 180 181 183 184 185 185 184 185 186 187 188 186 185 187 187 189 190 191 192 193 193 193 194 194 195 198 198 199 200 201 201 201 203 204 206 208 208 209 210 210 209 211 213 215 216 213 210 205 195 195 200 201 200 199 197 195 192 191 190 189 190 189 186 185 184 182 196 222 225 230 233 227 227 226 225 224 220 215 213 211 209 207 205 202 198 195 192 191 189 184 181 180 179 177 180 182 185 185 184 186
156 153 153 152 152 153 153 154 155 154 156 155 155 155 156 155 155 155 159 164 161 163 165 164 165 167 172 175 177 178 180 182 182 182 182 183 183 184 185 184 184 186 186 185 188 188 188 189 190 191 191 191 193 195 195 196 200 202 201 202 205 206 207 208 210 210 210 211 211 210 210 211 213 215 213 210 201 198 203 201 199 198 197 195 193 192 192 190 190 191 190 187 187 184 205 219 222 230 232 230 224 226 226 223 216 213 212 209 209 207 204 202 201 201 202 203 192 183 180 180 180 178 182 186 185 185 187 191
155 153 153 153 153 154 155 156 157 159 160 160 159 158 159 159 158 156 157 160 165 166 165 166 168 169 172 174 175 176 178 179 179 180 180 181 181 181 182 182 183 185 184 182 183 183 185 186 187 187 189 189 190 191 193 196 200 203 202 202 205 207 207 208 208 208 210 212 211 208 207 208 211 214 211 209 208 204 204 202 198 196 195 194 194 191 191 190 191 194 196 192 189 187 198 214 221 228 228 226 223 222 223 220 216 213 211 209 207 207 204 203 205 204 204 208 203 192 188 193 183 180 184 186 188 187 189 193
155 153 153 153 154 155 158 159 162 160 159 161 161 161 162 163 163 160 160 161 163 167 168 169 170 171 172 173 175 176 177 177 178 178 178 179 179 179 181 182 183 184 183 182 181 182 183 183 185 187 189 190 190 191 193 194 199 203 204 203 204 205 206 207 207 205 206 210 208 205 206 207 207 210 211 211 209 208 206 202 198 195 194 193 192 188 188 190 191 194 198 196 192 190 192 206 219 223 221 221 219 217 215 214 213 211 210 207 206 208 206 206 208 203 205 208 207 203 196 199 195 190 191 194 198 193 193 192
151 151 152 152 153 154 157 160 160 158 158 159 160 160 161 162 163 162 160 161 162 164 166 168 170 170 171 171 174 176 175 176 176 176 177 177 178 179 181 181 182 183 185 185 186 184 183 182 183 187 191 194 194 194 196 197 200 202 205 205 204 205 206 206 205 203 203 206 206 203 205 205 204 206 208 210 211 209 206 201 198 194 194 191 189 189 190 192 192 198 199 199 199 193 192 201 216 220 218 216 213 210 208 208 207 208 206 203 205 207 207 207 205 203 204 203 201 199 198 198 198 196 196 198 197 195 192 188
151 151 151 150 150 152 155 157 155 155 156 157 158 158 159 159 159 158 157 158 161 164 164 166 167 168 169 171 173 174 176 176 176 176 175 175 177 177 179 180 181 182 184 185 188 188 186 187 185 191 194 197 197 198 200 201 202 205 206 205 205 204 203 204 203 202 200 200 202 204 206 203 202 203 206 209 209 209 206 201 199 196 195 187 185 196 195 196 197 200 199 199 200 200 194 198 215 216 212 210 208 205 203 202 202 200 200 199 203 206 203 202 202 200 199 197 193 192 192 192 192 193 192 192 190 187 184 182
151 150 150 150 149 150 152 153 153 152 153 155 155 156 156 157 157 157 156 157 160 164 165 166 166 167 169 169 171 172 174 175 175 175 175 174 174 176 177 178 179 180 182 184 186 188 187 188 188 192 196 198 197 200 201 203 204 205 204 204 203 202 201 202 201 201 199 198 199 201 203 201 199 202 202 205 206 206 206 202 199 199 197 193 194 199 200 198 199 200 199 198 200 199 198 204 211 209 205 203 200 199 198 197 196 196 196 196 199 202 200 200 199 198 196 193 190 188 186 187 187 186 186 183 181 178 177 174
151 148 148 148 149 150 149 150 150 150 151 152 153 154 155 155 155 154 155 156 160 162 164 164 164 166 166 165 167 169 170 173 173 173 173 174 174 175 176 177 178 180 182 183 184 186 186 187 187 188 191 195 197 199 199 201 201 203 203 203 201 200 199 198 198 198 199 198 196 195 198 198 197 200 200 202 205 205 204 202 200 199 199 199 201 200 200 198 197 198 197 197 199 197 197 202 205 204 199 197 195 194 192 191 191 191 191 193 194 194 196 197 194 193 188 184 184 183 181 179 180 179 178 175 174 172 170 168
148 147 146 147 147 148 147 148 147 148 149 150 152 152 152 153 153 153 154 156 159 160 160 162 162 163 163 163 164 167 167 170 170 170 170 173 173 173 174 176 177 177 178 180 182 183 183 182 185 186 188 190 192 194 196 198 198 199 201 202 200 198 196 195 195 193 194 195 193 191 193 193 194 197 199 201 201 203 203 203 200 200 198 199 198 198 197 196 197 197 196 196 196 196 198 200 201 198 196 193 190 189 187 187 188 187 188 189 189 192 191 190 187 184 183 181 179 176 174 173 173 173 172 170 168 166 163 160
144 147 145 145 145 146 146 146 146 147 147 148 150 151 152 152 151 152 154 155 158 163 163 163 162 161 161 161 163 165 165 166 166 166 169 170 172 172 172 173 174 174 175 176 178 178 178 178 181 181 184 186 187 190 191 192 194 196 196 197 197 195 193 193 193 191 190 190 189 189 187 188 190 195 195 198 200 200 201 200 198 198 197 197 197 197 195 194 194 193 194 194 193 195 198 196 195 193 192 190 189 188 187 184 184 185 184 186 187 187 186 185 183 182 180 178 177 174 172 170 169 168 168 166 163 159 156 153
146 149 150 148 145 144 145 146 147 145 146 148 150 154 154 152 150 151 154 159 164 169 168 167 165 162 160 161 164 164 163 164 164 164 165 167 171 172 172 172 172 172 172 173 173 173 174 175 175 178 180 182 183 185 186 187 189 191 193 193 193 192 192 191 190 191 188 186 185 184 184 185 188 191 194 195 198 199 200 199 198 199 196 196 197 195 194 193 192 191 192 194 193 192 193 192 191 191 190 190 190 189 188 185 184 184 183 183 183 181 181 181 179 178 177 175 173 171 170 169 168 166 164 161 159 156 155 153
156 153 152 154 152 146 147 149 151 148 147 149 151 156 157 155 153 154 159 167 169 170 168 168 165 164 163 165 165 164 164 164 163 163 163 164 169 171 172 172 172 171 170 171 171 171 171 171 171 174 175 178 179 179 181 182 184 187 189 190 189 189 190 191 189 190 189 185 183 180 180 181 184 188 191 193 196 199 200 198 198 200 197 196 196 193 191 190 189 189 190 190 192 191 190 189 189 191 194 193 192 191 190 188 187 184 183 181 179 178 177 177 175 173 172 172 171 169 169 168 168 167 165 162 160 159 157 155
154 153 152 153 153 152 150 153 153 153 149 151 156 158 158 159 159 160 164 168 168 168 167 168 165 164 165 166 165 164 163 163 161 161 162 163 164 167 171 173 172 171 170 169 170 168 168 169 168 169 170 171 174 174 176 177 180 182 184 186 186 189 189 191 191 191 188 188 185 181 178 178 180 184 188 191 193 195 199 198 197 200 200 196 193 192 190 187 187 188 187 188 187 188 186 188 190 191 193 193 191 192 193 191 189 187 185 180 179 179 177 174 171 170 168 169 171 172 173 173 171 169 167 165 163 160 159 159
147 148 152 151 150 152 152 152 153 155 152 155 158 158 159 162 164 163 164 165 166 167 167 167 166 164 165 165 164 162 163 161 161 160 162 163 161 161 166 171 171 169 168 167 167 165 165 165 166 167 168 169 170 170 172 174 176 177 180 183 185 187 189 190 191 191 189 186 186 185 179 178 178 181 184 187 190 192 194 196 196 199 201 197 193 193 191 188 187 186 186 186 184 184 185 186 188 189 191 192 188 186 191 195 193 194 189 183 179 178 176 174 171 168 166 169 170 174 174 172 171 169 169 167 166 164 162 162
143 146 150 151 149 149 152 151 153 154 154 157 159 160 160 162 163 162 163 163 164 165 165 165 164 163 163 164 163 161 161 160 160 159 159 159 160 158 161 166 169 169 168 167 166 165 164 163 164 166 167 167 168 168 169 171 173 174 177 179 181 182 185 187 187 187 188 187 187 187 183 179 176 178 181 184 186 188 191 194 195 197 196 196 195 193 191 189 186 185 184 185 185 185 186 186 187 187 190 191 186 183 187 193 197 198 192 182 178 175 172 170 168 166 165 167 170 174 174 169 173 173 168 166 166 168 164 164
141 145 148 151 148 148 150 151 154 154 156 159 161 162 163 164 165 163 162 162 161 162 162 163 162 161 161 162 161 161 160 159 159 158 157 158 159 159 159 159 162 167 167 167 168 168 169 168 165 165 165 164 165 167 170 172 173 173 174 177 178 179 180 182 183 184 185 185 185 185 185 181 176 177 178 181 185 187 189 192 193 193 192 193 193 192 191 189 187 186 185 186 186 186 186 186 184 185 188 189 186 183 185 189 191 193 191 183 177 175 173 168 166 166 164 166 168 170 171 168 176 179 171 170 168 169 169 165
144 145 147 148 149 150 151 153 156 156 159 162 164 167 164 164 164 165 166 165 164 163 162 160 160 159 159 159 159 160 159 158 158 157 158 159 159 160 158 158 160 167 165 164 166 169 170 170 169 164 163 162 163 166 170 173 175 174 174 175 178 177 177 178 179 180 181 181 181 182 183 182 179 178 179 180 185 187 187 189 190 191 189 189 190 191 190 189 188 188 187 186 186 185 185 185 181 182 185 185 182 181 184 187 191 191 189 186 180 177 173 171 168 167 166 169 170 168 167 171 178 178 176 174 171 171 173 171
144 144 146 148 149 151 154 158 161 159 164 163 162 164 159 159 159 161 163 163 164 165 164 158 157 157 157 157 157 157 158 157 157 159 158 157 157 157 158 161 162 161 162 160 162 164 167 170 170 168 166 163 163 165 168 172 175 174 176 177 178 177 178 178 178 177 177 178 179 179 179 178 178 178 178 180 181 182 184 186 185 185 185 187 188 189 188 188 186 186 186 184 184 182 183 184 181 179 183 185 182 181 182 186 189 187 187 189 184 180 179 178 173 168 167 170 177 171 173 177 181 181 182 177 174 174 176 175
144 144 146 147 149 152 154 158 162 160 161 158 157 156 155 154 155 156 157 159 161 162 164 160 156 155 155 156 156 156 156 156 158 158 158 157 155 155 156 158 159 157 158 160 160 160 162 165 167 168 170 167 166 165 167 170 174 173 175 176 177 178 177 177 177 177 176 177 177 178 178 177 176 176 176 177 179 179 180 181 182 182 184 186 186 184 185 186 187 183 181 179 179 179 181 180 177 177 180 186 185 184 182 183 185 184 186 190 187 185 183 181 177 172 173 174 176 174 179 179 182 187 184 181 177 175 176 179
143 144 145 147 150 154 155 157 160 158 154 152 153 151 151 152 152 152 153 155 158 160 162 163 160 155 155 154 156 156 156 158 159 158 156 156 156 157 157 158 159 159 161 161 162 163 162 162 163 165 168 169 169 170 169 170 173 173 174 176 177 177 177 177 178 177 176 175 177 177 177 177 175 174 173 175 176 177 177 179 180 182 182 183 184 183 185 185 189 181 177 175 176 176 177 177 175 174 178 184 187 185 182 182 181 184 185 187 188 188 184 182 180 176 176 176 177 179 180 186 188 189 186 179 178 177 178 183
143 143 145 147 150 154 155 159 161 153 149 148 149 149 149 149 149 149 150 152 155 157 159 161 163 160 158 157 157 158 160 162 162 162 160 160 161 164 162 162 163 162 164 163 163 162 162 162 163 163 167 169 169 170 171 171 172 172 173 173 174 174 175 176 178 178 176 176 177 178 178 176 173 173 172 172 173 174 174 176 180 182 183 182 185 190 187 184 183 177 174 173 173 172 172 173 171 171 174 180 185 182 179 181 180 184 187 187 184 188 185 180 178 178 177 175 179 183 187 192 191 188 183 179 178 178 179 182
141 142 144 147 151 152 155 162 163 155 147 145 147 148 147 148 148 148 149 151 153 154 157 158 160 161 163 164 162 163 168 169 170 170 169 170 169 167 165 167 168 168 167 166 164 162 163 163 163 166 168 170 172 171 173 173 172 171 171 172 173 174 175 176 176 177 178 177 178 178 178 176 174 174 173 171 172 174 175 175 176 179 182 183 191 194 188 182 179 175 173 171 170 170 169 169 170 169 171 175 180 183 182 183 183 183 186 185 183 186 186 179 178 179 178 175 180 186 190 192 189 184 180 180 179 179 178 176
142 141 144 148 152 153 160 171 169 156 146 145 146 147 146 147 148 148 150 151 151 153 154 156 156 159 166 173 174 173 176 175 175 174 173 171 171 170 169 171 172 170 170 170 169 168 167 165 168 173 173 173 176 176 174 173 172 172 172 174 175 176 176 177 178 177 177 177 177 178 178 176 176 176 176 175 175 177 176 175 175 176 180 183 184 187 187 182 178 176 171 169 167 167 166 168 168 170 170 172 176 183 188 190 188 186 186 185 183 184 184 178 176 178 179 176 183 188 189 188 187 183 180 179 179 180 180 179
140 141 145 148 152 153 160 169 170 152 144 144 145 147 148 149 149 148 149 150 150 150 152 154 156 158 164 172 179 181 180 180 178 176 173 172 170 171 171 174 174 174 174 174 174 173 170 169 172 177 174 173 172 174 173 171 172 173 173 175 176 177 178 179 180 177 178 178 179 179 176 176 177 178 179 178 179 180 181 181 179 179 181 184 184 185 188 187 182 179 173 169 168 166 167 168 168 170 171 172 175 178 185 189 191 197 191 192 187 183 183 179 177 178 180 180 186 188 187 186 184 182 179 178 178 180 182 180
142 142 146 151 152 153 157 164 161 150 146 145 145 148 154 153 149 147 148 150 150 149 151 154 156 159 165 172 177 181 181 181 182 180 178 178 175 175 175 176 176 178 178 178 177 176 174 173 175 176 173 171 171 170 171 171 170 171 172 174 174 175 178 178 179 181 180 180 179 178 175 176 177 177 178 179 180 178 181 186 186 187 189 192 195 195 197 195 192 188 180 176 173 168 167 167 169 170 170 173 176 181 184 186 192 200 195 197 190 183 182 181 180 180 180 183 189 189 186 184 181 180 178 178 180 181 181 177
144 144 148 151 152 154 160 162 156 152 147 148 147 149 153 153 152 151 153 153 150 150 150 152 157 161 165 170 176 180 184 182 182 183 183 183 182 182 180 178 180 181 182 180 177 175 175 175 175 174 172 172 173 171 169 170 170 170 170 172 173 173 175 176 179 181 180 179 179 176 173 173 174 176 178 178 180 181 184 186 189 192 195 195 198 202 202 201 202 195 189 186 184 172 167 166 168 171 171 173 175 179 183 186 194 194 196 194 184 181 180 181 181 183 183 188 190 189 185 182 178 176 177 179 181 181 177 174
147 145 148 150 153 158 163 162 159 150 150 150 150 151 153 154 155 158 158 156 150 148 149 153 157 160 165 169 175 179 182 182 183 184 183 184 185 185 184 181 181 182 182 179 176 172 170 170 172 173 171 171 171 169 168 169 170 170 170 170 170 172 173 174 177 180 181 180 178 178 175 173 172 174 177 179 181 183 187 188 190 192 192 193 195 197 199 201 203 201 199 195 189 178 170 167 168 172 173 174 175 178 183 182 187 188 188 188 183 178 177 182 182 182 183 186 189 188 184 179 176 174 175 176 178 177 173 171
148 148 150 154 157 165 167 160 158 157 157 156 154 157 157 157 160 163 160 160 151 147 148 152 160 164 167 174 178 180 182 183 183 183 181 182 184 186 185 181 179 181 179 177 176 173 169 168 169 171 169 169 169 167 167 167 167 169 168 167 168 170 171 173 174 178 182 181 181 181 179 175 172 173 178 181 183 184 186 185 185 186 186 187 188 189 191 195 197 198 200 196 189 183 175 171 172 173 173 177 178 179 183 184 185 184 183 184 180 175 178 179 181 181 180 181 185 185 183 178 175 174 174 173 174 172 169 168
154 155 156 161 163 170 170 162 159 163 165 162 162 168 168 166 162 163 163 163 156 149 149 152 162 170 173 181 184 185 185 185 185 182 182 182 182 183 181 178 178 179 175 176 174 173 172 169 169 170 167 166 165 164 165 165 166 166 166 166 167 168 169 172 173 174 180 182 181 179 177 176 174 174 178 181 184 185 184 183 183 184 184 185 185 185 185 188 190 190 192 192 189 187 180 178 179 177 176 182 183 179 180 183 181 179 179 179 175 172 175 176 177 177 176 178 181 181 182 179 176 177 174 171 170 168 166 165
158 165 168 168 170 174 174 174 171 170 174 169 170 171 176 173 169 166 170 165 159 153 152 154 157 170 178 182 183 186 186 185 182 180 180 180 180 180 177 176 177 179 177 176 175 175 174 172 170 172 167 164 163 163 163 164 165 164 166 167 168 169 170 171 172 176 180 183 183 180 177 175 174 175 179 183 183 183 183 183 182 182 183 183 184 183 182 183 184 185 186 185 186 186 184 181 181 181 181 184 184 180 178 178 177 178 178 176 174 173 174 173 172 172 172 173 177 177 179 177 176 175 172 168 165 164 162 163
161 175 173 173 175 176 178 179 178 178 177 175 176 174 175 176 174 170 172 169 161 158 158 162 159 168 178 179 178 180 181 177 174 176 175 176 176 178 175 177 177 175 176 174 175 174 174 174 173 175 171 168 164 163 162 163 164 164 163 164 166 169 172 173 174 177 181 184 186 183 180 177 178 179 181 183 182 183 183 184 182 182 183 183 182 182 184 183 183 183 183 184 184 184 184 183 183 184 185 186 186 185 184 179 176 177 177 175 175 175 175 170 168 167 167 167 172 173 175 174 175 174 174 169 163 161 159 158
166 178 177 175 177 177 178 176 176 177 175 177 179 178 176 175 174 174 172 170 164 164 163 167 169 168 173 175 174 174 174 173 172 173 173 172 173 176 175 176 175 173 173 173 174 173 174 174 174 174 175 171 165 163 162 163 163 160 160 161 166 150 134 146 171 183 184 186 187 185 185 183 183 183 182 183 183 180 181 183 183 182 183 183 187 185 174 176 186 185 183 184 185 185 185 186 186 186 187 186 188 189 189 186 181 180 180 178 179 179 177 172 170 165 164 164 167 169 171 172 173 174 176 172 164 162 159 152
173 178 182 178 178 178 177 177 179 177 176 177 177 178 177 175 174 175 172 172 171 168 166 171 173 172 173 175 176 176 174 172 172 173 173 172 173 175 174 174 175 176 177 178 178 177 178 179 177 175 176 172 169 164 162 163 163 162 163 167 132 98 96 97 108 163 187 184 184 183 184 184 183 182 182 183 182 180 180 183 183 184 184 188 160 119 104 107 128 174 193 186 188 187 187 187 187 187 186 185 186 189 190 191 189 187 187 183 181 180 179 177 175 169 166 167 169 169 170 171 172 173 171 175 173 174 174 157
175 180 185 179 182 178 177 177 179 177 176 175 177 178 178 178 177 175 175 174 174 172 171 173 174 174 173 175 176 177 177 175 176 176 170 174 174 174 174 176 178 179 180 180 182 182 181 182 181 178 176 175 174 169 163 163 163 165 172 150 94 92 82 80 76 83 171 185 183 183 183 183 184 184 184 184 183 184 184 186 188 189 192 143 84 85 85 79 78 87 151 191 186 186 186 185 185 185 185 184 184 185 186 187 186 186 186 184 182 179 179 179 178 176 174 174 169 170 173 174 175 174 173 181 183 184 185 165
176 179 183 181 181 180 179 178 178 177 175 176 177 178 179 177 177 175 175 173 173 172 170 170 172 171 173 173 173 174 174 178 155 114 103 123 168 180 177 177 178 177 176 176 177 177 177 177 177 176 176 175 176 175 170 165 167 168 171 112 91 91 75 68 65 52 113 197 191 192 191 190 189 190 191 191 189 190 190 190 190 193 161 85 83 79 73 66 67 60 66 165 190 186 186 185 184 184 185 184 184 184 184 185 185 186 187 188 184 181 179 180 180 181 181 179 176 176 178 179 179 178 179 185 188 187 187 178
177 181 186 187 188 186 186 185 183 180 177 178 179 177 178 177 177 175 174 173 173 171 167 168 173 173 175 174 176 177 182 140 80 78 80 75 89 162 181 178 176 177 176 176 177 178 177 178 177 177 177 177 177 177 175 173 173 175 155 91 75 71 65 57 51 44 66 193 201 199 202 202 201 200 199 196 195 195 194 193 192 189 105 77 77 70 64 56 54 51 42 93 190 187 185 185 185 185 184 184 185 185 186 187 186 188 188 187 186 184 180 178 179 181 182 182 183 184 184 182 183 183 184 186 185 187 186 160
179 184 190 192 150 153 142 152 153 149 156 149 147 162 172 180 177 176 175 174 172 175 171 167 175 177 180 181 181 184 162 82 82 74 73 65 56 86 183 181 178 176 176 176 177 177 178 179 178 178 178 177 177 177 178 178 178 184 133 78 69 51 51 43 37 35 43 167 199 196 200 200 200 201 200 198 200 199 197 196 197 163 79 74 69 61 53 46 43 38 36 45 163 191 187 185 185 185 185 186 185 185 185 185 185 185 185 184 185 183 182 177 177 179 180 180 181 182 183 183 183 184 183 183 184 184 181 166
183 188 192 132 98 137 97 84 86 87 106 111 96 112 126 169 182 180 179 179 178 176 176 171 174 180 184 186 187 191 109 77 81 69 66 52 45 43 144 190 183 180 176 175 175 177 177 176 177 177 177 177 178 177 178 178 178 184 121 72 64 49 61 47 39 36 36 142 191 189 192 193 194 195 195 195 193 191 191 191 197 128 73 67 60 52 44 38 32 30 29 30 118 197 189 187 186 185 185 187 185 185 185 184 184 184 183 184 183 182 182 178 176 176 177 177 179 179 177 181 184 184 184 184 184 185 183 174
187 187 192 123 110 102 88 85 84 87 95 87 97 95 86 151 189 185 184 186 187 186 184 183 181 185 190 194 197 178 77 61 63 58 56 39 30 30 91 190 182 180 173 170 170 175 173 177 176 177 178 179 178 178 180 180 180 182 144 154 120 88 104 108 101 95 75 128 186 184 190 191 192 191 190 189 188 187 185 185 188 100 70 61 55 45 38 32 26 24 25 26 80 192 187 187 187 185 185 186 186 185 186 184 183 184 183 183 184 184 186 187 181 176 175 174 175 177 176 179 185 185 183 184 184 184 184 184
187 188 186 108 69 82 81 99 104 91 94 87 97 107 95 153 191 191 191 192 194 194 194 193 194 192 194 196 201 142 65 52 43 45 39 25 24 25 56 180 182 178 166 161 168 166 160 173 164 166 179 181 181 181 183 186 189 188 230 247 161 104 150 168 135 137 136 165 191 186 186 190 191 190 188 187 186 185 185 185 182 87 82 67 57 46 37 34 26 26 25 24 54 178 187 185 186 186 187 186 185 185 185 185 185 186 189 191 193 192 193 197 193 193 187 179 176 181 186 185 185 183 183 185 184 184 185 182
187 180 117 84 69 67 75 104 98 80 82 87 83 82 118 130 183 193 192 193 194 195 195 195 194 194 192 194 193 110 60 50 36 33 24 17 18 19 40 172 183 180 165 156 164 155 152 157 157 160 173 183 187 189 191 193 196 195 234 243 155 116 149 163 138 143 143 179 202 197 194 195 197 195 194 190 188 186 185 186 174 89 97 91 82 75 70 68 62 60 50 43 49 165 190 187 186 187 186 185 185 186 187 190 192 195 198 201 201 202 202 204 205 204 199 193 189 189 190 187 186 184 184 184 184 183 185 181
159 128 74 65 83 59 77 83 78 67 88 76 72 99 111 84 149 193 191 192 194 194 195 194 192 190 192 173 178 99 99 77 61 75 69 62 54 41 40 155 184 173 166 155 150 146 141 143 149 153 167 181 190 191 193 195 197 197 235 246 159 113 138 140 140 145 144 177 197 195 192 192 193 190 190 189 186 185 185 186 177 190 212 212 204 187 155 131 128 120 115 106 85 157 187 186 185 185 186 190 193 195 196 196 199 201 202 202 203 201 199 198 197 195 193 193 191 189 187 185 185 184 185 184 185 185 185 183
105 94 89 89 95 86 79 78 86 70 76 68 81 96 82 79 100 193 194 195 194 195 194 191 188 177 169 156 159 187 231 146 99 152 150 130 129 120 108 122 181 169 167 155 138 135 132 133 139 141 153 167 183 186 189 190 192 192 233 252 146 115 148 141 132 138 135 170 191 188 188 188 189 188 187 188 187 186 186 185 191 249 250 250 231 213 196 164 130 115 123 126 103 152 180 185 185 188 190 193 194 195 195 195 196 198 198 198 195 193 191 190 191 189 189 188 188 187 187 186 187 185 186 186 186 186 186 179
84 90 85 86 74 71 81 89 74 65 73 71 59 64 64 76 77 177 196 192 193 193 192 190 189 172 136 122 150 219 230 143 123 162 166 130 137 133 138 123 160 161 168 158 136 132 122 130 138 134 142 151 171 181 184 185 186 183 230 248 144 119 149 149 147 134 131 171 189 187 187 187 188 188 187 187 187 187 187 186 192 246 243 225 198 195 184 151 120 115 117 112 101 150 176 187 187 187 188 188 188 188 188 188 188 189 189 189 189 188 187 187 188 187 186 187 187 186 186 186 186 186 186 186 186 186 183 164
81 81 71 73 75 76 74 71 68 72 74 58 44 105 99 72 78 141 196 193 193 193 189 186 179 157 118 111 140 214 234 149 124 146 146 141 141 138 140 118 147 143 161 162 137 133 121 128 132 130 140 142 158 177 183 183 184 182 228 242 150 114 142 153 146 141 131 168 189 187 187 188 187 187 188 187 187 187 187 187 191 247 252 240 229 232 192 150 128 127 128 126 99 141 168 185 187 187 187 186 187 187 187 186 186 185 186 186 187 187 186 185 186 185 186 186 186 186 186 185 186 186 186 187 187 183 175 161
76 63 60 65 62 58 55 54 44 70 97 65 85 161 100 66 110 146 173 178 185 186 184 182 170 139 105 109 133 214 227 128 118 153 135 125 125 132 130 115 138 131 148 151 136 136 126 129 139 128 137 141 147 170 179 184 185 182 231 250 145 128 154 154 146 148 138 173 192 188 189 187 187 187 188 188 188 188 188 188 193 248 254 230 215 222 191 147 124 119 112 133 107 134 171 183 187 187 186 187 187 186 187 186 186 185 185 186 186 185 186 185 186 185 185 186 186 187 182 186 187 186 187 187 191 189 175 171
61 54 61 55 51 49 54 49 55 55 68 76 72 68 65 65 90 112 148 166 180 184 183 180 160 133 113 89 91 215 234 139 119 157 145 129 127 124 121 113 135 129 137 140 135 136 131 128 137 128 137 138 145 156 179 184 185 182 231 246 153 120 145 144 138 141 134 131 171 186 179 189 189 189 190 188 189 190 189 188 194 248 251 219 217 214 179 144 120 114 105 121 100 149 167 182 184 187 187 187 187 186 186 186 185 186 186 186 185 186 186 186 186 186 186 186 187 184 109 175 189 190 192 191 196 196 191 178
56 51 41 43 42 44 61 48 55 37 38 53 56 56 55 66 83 88 142 157 180 184 188 173 142 146 105 60 56 194 238 149 120 156 159 145 134 128 132 112 135 145 134 133 125 139 135 128 143 134 145 140 142 149 179 185 185 183 230 249 161 122 142 137 144 136 137 94 81 97 104 165 165 193 190 190 190 190 189 190 192 248 245 220 211 217 200 156 131 124 108 118 104 155 165 174 183 192 188 187 187 187 186 186 186 185 186 186 186 185 185 187 184 186 186 186 191 134 50 153 193 189 192 193 193 196 195 188
54 51 35 26 24 31 31 29 23 42 48 55 48 42 50 62 64 75 135 153 177 180 193 163 131 142 111 34 58 191 243 149 133 164 158 133 137 140 142 104 131 145 128 117 119 131 126 133 146 147 148 132 141 151 176 185 186 183 232 250 151 137 148 138 141 133 131 100 64 67 69 119 140 193 191 192 190 190 190 188 193 248 247 222 205 230 219 173 138 113 119 124 113 155 162 173 182 158 181 188 186 187 187 186 186 186 186 186 186 187 186 186 149 181 189 188 190 85 42 151 202 197 186 183 199 199 202 192
47 48 44 37 62 52 39 40 22 28 37 49 26 36 45 51 59 76 132 164 168 178 198 179 119 118 77 32 35 185 239 150 130 150 152 139 135 133 137 103 126 121 121 114 116 116 127 126 138 141 143 142 131 149 170 186 187 184 230 245 156 120 140 139 140 134 128 90 60 74 76 105 115 164 189 184 180 176 165 172 182 247 249 221 208 213 199 157 124 96 103 118 107 157 166 179 171 130 182 189 188 187 187 186 186 186 186 187 187 186 188 182 105 114 186 190 184 57 48 163 214 214 139 100 206 213 214 206
73 69 46 29 54 57 56 45 20 24 21 24 31 46 72 57 52 53 86 153 161 186 197 177 120 98 50 27 29 188 245 148 127 128 140 127 124 119 126 102 128 114 111 117 112 110 116 117 146 130 141 130 132 162 169 187 187 183 226 237 145 122 148 143 152 143 147 139 143 141 155 156 158 155 171 172 163 149 157 159 161 241 253 234 219 211 181 133 115 103 100 101 108 153 167 184 165 170 167 191 189 187 187 187 186 187 187 187 186 187 191 145 79 66 121 182 153 32 25 118 211 211 93 55 207 221 221 209
116 79 49 38 31 21 33 47 26 18 20 20 35 60 61 69 51 51 50 100 160 179 190 149 111 89 47 20 29 193 247 148 132 135 147 120 111 111 123 98 114 106 102 111 110 119 98 126 147 133 143 133 138 147 146 151 146 133 144 127 126 126 127 137 145 138 137 131 148 152 159 162 158 160 157 156 156 157 159 158 157 242 248 235 237 225 210 171 123 115 109 118 121 146 159 170 165 170 145 171 199 199 198 193 192 195 196 193 191 195 186 127 47 48 48 164 114 24 24 113 127 186 59 35 160 230 222 201
77 50 37 39 22 19 14 21 21 17 18 21 36 48 58 57 42 50 41 69 127 183 194 124 122 91 26 31 34 193 243 154 124 141 154 133 126 122 136 121 124 121 126 130 135 133 132 139 130 139 142 136 134 136 129 133 121 118 122 124 135 133 131 132 132 139 140 138 146 152 154 155 162 163 162 163 162 153 162 156 159 242 246 234 225 211 192 164 108 95 92 106 112 165 168 160 182 182 175 158 192 209 208 203 203 206 203 201 197 197 184 85 37 35 37 115 70 24 23 49 56 123 43 27 113 235 221 205
68 83 60 26 20 19 12 11 12 15 19 38 51 32 45 51 52 48 43 47 85 185 197 138 113 74 23 28 31 196 246 166 135 144 148 124 135 132 130 132 128 128 130 132 129 122 134 130 131 136 132 137 140 139 130 119 126 130 122 131 137 131 132 132 133 130 139 148 151 151 151 152 161 158 157 159 158 151 160 160 163 242 244 215 206 197 176 143 111 104 108 102 103 176 181 174 190 176 207 180 187 210 206 205 204 206 203 202 198 199 180 78 50 28 30 64 47 23 26 32 34 53 31 32 59 225 234 203
101 98 54 11 23 18 16 14 12 13 25 29 47 34 39 44 55 39 35 28 43 144 160 118 99 62 23 26 27 197 239 150 128 142 151 136 130 127 128 123 129 123 126 131 124 125 125 130 133 129 130 136 134 141 124 128 134 132 135 139 136 126 131 135 142 134 144 159 158 157 158 159 152 147 162 164 156 149 160 161 164 241 253 238 213 233 206 164 135 129 117 114 114 187 186 177 189 195 210 165 179 208 213 210 209 205 203 201 200 201 167 90 53 40 29 27 23 18 18 17 17 30 27 27 32 172 238 207
82 54 23 15 22 15 13 11 11 11 21 60 55 65 50 41 47 30 22 31 28 117 142 130 66 26 21 21 26 198 239 149 129 148 144 134 120 126 128 133 130 130 130 126 125 129 135 130 132 131 134 129 140 150 139 140 137 131 136 138 131 127 128 138 138 147 158 154 162 160 162 160 156 161 161 168 152 151 161 150 152 241 255 242 214 222 179 147 126 112 103 112 108 189 213 201 196 202 208 202 189 158 224 215 215 212 207 205 209 165 140 166 163 142 133 140 124 104 103 105 97 104 113 110 113 169 204 190
21 26 19 16 14 14 12 11 11 11 16 38 33 66 54 40 38 25 34 24 15 105 173 162 68 17 19 19 27 201 239 156 132 162 152 130 121 120 122 130 132 127 120 118 119 128 133 127 125 125 132 142 146 140 141 144 139 139 131 136 124 124 126 134 140 154 158 156 152 155 157 155 161 153 154 159 158 158 160 148 145 240 254 237 206 189 164 151 127 112 110 91 101 199 217 219 200 192 185 199 122 101 185 218 212 209 205 209 190 145 148 153 144 144 155 153 152 151 149 156 152 147 153 160 153 147 148 144
22 20 14 11 11 15 12 12 11 12 13 19 31 49 37 46 31 26 26 24 10 86 158 131 61 19 14 21 31 196 234 139 124 145 125 119 115 124 130 126 122 120 122 119 124 135 132 123 125 128 131 139 143 135 141 144 144 138 135 131 124 129 135 134 153 157 150 155 148 148 155 158 157 157 152 159 161 161 154 145 137 236 253 245 221 222 224 188 143 123 114 108 109 191 219 200 193 181 186 188 74 51 177 222 211 207 207 201 150 148 147 151 148 142 145 146 143 143 138 147 144 145 147 139 141 138 144 144
18 17 15 12 12 13 12 11 11 11 15 34 22 21 35 38 26 39 23 13 12 47 169 107 27 15 20 22 35 204 229 131 134 135 119 118 123 129 121 114 123 124 118 124 124 133 122 127 129 126 127 137 147 149 149 142 139 134 132 127 124 129 142 154 159 149 144 144 144 141 151 154 154 155 155 151 151 151 149 137 114 233 254 233 215 203 207 172 129 118 109 108 94 92 205 195 206 165 197 171 51 50 162 221 213 209 213 165 136 145 146 143 143 137 138 144 140 142 144 145 145 150 142 146 147 141 149 142
20 18 14 13 11 11 11 12 11 11 13 22 17 13 21 30 31 34 31 28 18 42 179 132 16 14 21 24 32 204 234 138 127 115 122 116 124 125 128 117 128 121 122 126 128 133 132 128 125 126 130 142 148 142 138 127 135 127 120 123 130 131 139 154 150 148 146 147 152 151 150 150 157 156 159 149 146 148 147 111 94 227 252 227 222 197 192 154 127 113 100 103 92 29 171 139 191 190 207 154 37 39 83 207 208 211 190 138 139 138 145 139 140 139 144 143 144 149 143 144 145 145 143 146 145 146 140 142
14 14 15 12 11 11 12 11 11 11 10 15 23 14 15 25 34 35 32 36 15 42 129 70 19 11 16 18 27 205 236 137 117 117 125 119 117 122 122 129 127 120 122 126 129 129 127 120 124 129 136 141 140 142 131 135 133 120 136 138 145 138 145 154 157 159 152 152 153 148 138 128 126 124 120 114 102 97 95 84 75 225 255 246 234 229 221 184 139 126 118 117 96 19 69 73 177 184 200 161 45 35 72 179 159 194 151 141 140 139 137 136 148 150 146 145 151 150 146 148 150 148 151 147 144 132 131 129
15 18 15 12 11 12 11 11 11 9 13 30 15 17 19 25 45 43 35 32 11 32 53 21 17 11 13 16 31 211 222 124 118 123 122 120 114 119 124 127 125 128 127 128 135 132 137 133 137 136 137 130 129 127 114 114 99 107 100 95 90 74 79 81 79 78 71 63 54 49 65 65 37 34 34 43 112 127 57 66 75 224 255 244 225 222 209 173 123 121 100 108 98 26 23 40 177 184 195 144 50 45 88 155 89 143 135 119 106 88 91 98 118 120 116 107 97 108 80 66 79 93 112 132 141 139 152 144
29 14 12 11 11 13 11 11 12 14 29 66 14 11 20 34 46 41 51 26 19 22 40 25 18 14 12 16 29 197 163 130 139 135 136 130 129 142 142 142 134 134 122 108 93 77 70 59 46 42 53 68 48 30 26 27 26 68 92 40 26 33 45 71 163 133 47 51 53 81 204 188 80 83 85 99 230 236 105 113 95 221 255 244 229 209 189 140 117 110 94 101 94 26 50 71 132 156 185 158 53 45 109 141 78 85 41 27 23 25 21 21 19 28 31 27 33 44 36 43 44 42 36 28 34 53 75 92
42 28 11 11 11 11 11 9 16 32 37 54 33 16 37 48 65 60 44 27 29 54 54 35 29 21 8 8 22 168 138 119 115 104 114 114 86 81 69 62 47 34 24 35 103 91 28 36 45 50 127 223 124 63 68 67 67 178 241 107 71 78 91 124 254 207 89 94 92 115 244 221 94 93 92 102 231 236 105 111 98 221 255 255 248 237 231 171 133 121 112 122 105 28 64 76 52 67 81 80 53 40 50 55 47 37 39 24 39 62 55 72 54 76 92 90 92 95 93 96 97 94 96 112 103 53 39 33
45 46 10 10 12 13 16 32 21 30 23 35 40 27 31 51 64 63 52 38 29 37 41 44 51 49 40 43 53 122 98 22 41 84 53 24 16 31 110 104 36 39 48 85 236 189 73 80 85 81 158 255 145 86 91 90 88 191 250 119 86 89 87 114 242 199 85 90 88 110 239 214 92 92 91 101 227 231 104 116 104 221 255 252 247 236 218 178 128 111 106 119 104 27 53 72 84 81 86 69 56 59 49 62 55 33 59 33 43 37 39 67 60 56 90 91 92 90 89 94 94 92 101 82 102 96 86 85
40 29 19 24 38 26 35 54 27 23 16 21 26 17 33 65 73 75 75 73 75 74 73 69 68 65 69 66 65 55 89 64 107 236 131 47 64 87 225 195 74 77 81 101 238 190 79 85 86 80 152 253 145 83 91 94 88 191 245 122 90 90 86 113 239 198 85 88 88 109 234 216 93 92 91 102 227 233 105 117 110 220 255 234 235 206 179 148 108 98 99 98 83 24 60 72 92 79 74 72 73 78 74 72 63 67 56 28 38 34 39 37 48 54 76 92 92 92 89 88 86 77 80 73 69 73 70 71
33 11 43 40 53 39 33 36 42 35 32 26 27 27 47 59 67 74 75 75 74 74 67 62 61 60 63 60 62 59 99 78 127 255 140 63 81 94 232 197 79 80 80 100 234 190 78 83 85 80 153 253 146 82 89 94 87 193 251 123 88 90 87 114 238 195 85 88 87 108 203 182 95 93 92 101 170 165 102 118 111 220 255 252 248 236 215 181 124 109 97 106 86 23 69 79 77 75 75 72 72 76 72 77 75 75 68 49 57 56 64 70 64 68 69 76 80 81 80 79 77 74 73 81 76 72 74 80
45 17 63 58 58 53 49 49 49 57 62 59 59 62 66 64 68 73 75 73 72 72 69 66 62 60 61 60 59 56 98 77 129 252 140 72 82 92 231 195 76 81 80 101 238 195 78 83 84 75 137 222 127 76 84 86 85 133 148 103 90 91 90 98 129 119 90 89 89 95 100 95 93 93 92 96 93 92 99 118 110 220 255 254 252 246 215 187 130 112 93 112 91 24 68 80 76 70 69 73 75 75 77 70 74 79 75 77 78 80 82 76 74 78 78 81 82 81 80 80 82 81 80 77 74 77 80 78
50 46 47 55 58 62 72 72 69 67 70 67 70 70 64 59 69 75 74 72 73 70 62 58 62 67 60 62 70 65 101 75 130 252 138 74 79 91 218 182 75 81 80 91 138 113 81 83 83 129 153 161 158 162 172 182 168 83 80 88 88 88 89 89 88 90 90 89 89 92 90 93 94 93 92 96 98 98 99 117 109 219 255 252 238 215 191 146 120 108 103 106 84 23 69 85 79 78 78 80 84 83 72 78 84 85 81 80 82 83 80 81 81 79 78 76 74 75 74 75 79 74 73 73 75 77 76 70
45 50 57 60 64 65 70 77 76 76 74 72 69 62 62 63 63 65 64 65 64 54 47 48 60 65 61 64 65 63 90 76 100 137 95 78 79 82 96 88 79 80 79 81 79 81 84 84 83 168 185 173 180 170 149 143 119 82 85 88 87 87 90 89 91 91 90 89 89 91 92 92 93 93 92 95 97 98 97 119 112 220 255 252 236 216 200 159 120 108 102 110 90 21 69 108 88 85 78 80 84 79 78 80 78 75 95 93 83 78 76 66 67 65 61 59 67 66 69 62 57 64 24 37 26 34 38 34
69 70 74 80 79 80 78 75 78 77 77 74 61 59 59 60 62 63 62 63 60 45 45 47 62 63 64 65 66 63 91 79 76 71 74 79 78 78 78 81 80 78 79 80 84 83 83 85 81 125 112 83 105 110 84 91 85 88 84 87 87 87 91 90 90 91 90 89 88 91 92 92 93 93 92 95 96 97 93 120 111 219 255 251 234 215 202 169 119 115 111 115 88 41 76 67 61 65 67 63 62 59 43 40 38 26 83 128 114 104 106 83 72 101 71 42 63 73 32 45 51 34 106 117 110 82 91 63
51 54 56 67 71 73 72 73 75 73 81 74 58 57 56 59 60 60 60 63 55 43 42 51 64 62 62 58 54 51 87 79 72 68 72 78 78 76 75 77 78 78 79 81 84 82 82 84 80 128 107 85 104 118 88 92 89 87 83 87 83 83 88 90 90 91 88 89 90 91 91 90 93 93 92 94 95 94 94 119 109 219 255 244 241 222 197 154 134 116 116 115 89 23 54 79 87 63 102 68 20 53 31 53 145 110 120 108 86 36 95 63 88 136 141 117 61 97 57 79 86 80 118 26 120 102 94 71
55 66 62 55 63 66 68 73 73 71 76 67 56 56 58 59 62 62 57 58 54 50 53 47 50 60 53 51 53 50 89 76 94 145 97 74 76 83 160 145 75 79 78 81 83 81 81 84 79 122 101 84 102 113 84 88 90 85 83 87 82 78 88 91 91 92 90 88 91 91 96 95 94 93 93 94 94 94 90 117 108 219 253 251 237 212 188 152 139 103 108 124 94 17 88 139 133 119 127 128 51 104 60 74 110 125 122 36 71 36 100 73 113 99 107 116 54 75 45 75 84 76 106 42 109 73 59 58
66 63 62 51 40 37 59 72 76 80 77 61 56 56 58 57 76 141 100 102 101 91 84 75 70 73 74 65 59 60 93 73 117 138 116 72 75 93 120 112 80 80 78 80 83 81 80 83 78 118 95 83 100 111 83 85 83 80 82 85 82 78 86 90 89 90 89 87 86 129 139 138 93 90 91 93 93 93 91 112 105 221 254 254 241 220 191 153 133 111 93 100 76 14 90 100 98 122 131 120 77 103 62 60 121 128 118 62 80 35 98 87 117 103 116 114 52 61 52 82 88 85 159 162 140 65 62 53
47 42 43 36 22 25 43 54 78 77 77 59 58 56 56 63 62 129 157 119 127 120 121 118 121 125 129 101 60 59 96 75 113 110 112 72 72 93 126 123 79 80 77 79 80 79 78 82 78 116 90 81 99 110 83 83 83 84 81 85 82 78 79 86 88 90 87 86 88 124 86 120 95 92 91 93 92 92 92 111 103 222 255 249 236 216 180 137 134 106 100 100 74 19 83 103 108 121 109 124 87 104 81 84 104 124 115 113 119 84 94 98 112 75 109 113 50 65 103 90 87 91 159 194 177 52 33 42
36 40 37 27 21 27 28 28 69 76 67 60 60 59 60 68 76 126 185 133 122 121 122 127 100 82 96 100 71 57 91 74 110 117 107 73 74 95 101 121 80 79 78 81 80 79 79 82 77 117 86 80 96 108 82 84 85 85 82 83 82 76 80 85 87 90 86 87 89 120 83 120 94 91 92 93 92 92 93 115 106 221 255 253 240 223 188 151 121 107 100 98 76 15 91 89 95 118 94 129 104 105 100 108 75 109 103 88 110 91 94 94 99 80 104 108 44 54 94 91 88 90 105 85 99 90 111 59
33 36 29 27 30 39 21 36 63 68 64 58 59 56 82 62 94 98 122 159 118 121 127 77 85 65 48 50 57 58 57 57 62 64 64 60 61 89 127 132 76 79 77 80 77 78 78 80 76 119 87 76 95 107 78 81 82 83 82 84 82 76 84 85 83 87 87 87 89 120 79 117 95 91 91 91 93 93 93 119 109 219 255 254 244 214 182 156 110 96 94 95 73 15 86 87 80 105 100 117 101 103 99 104 94 96 82 89 96 94 93 92 102 95 99 98 95 96 90 91 84 94 101 93 95 93 94 61
37 32 28 27 23 28 29 43 47 56 60 60 57 75 87 40 110 118 114 104 154 116 109 38 67 123 52 57 60 60 58 52 51 58 60 62 56 65 91 84 75 77 76 78 73 75 70 76 76 118 87 75 94 106 79 82 83 83 83 84 81 77 85 85 82 88 86 87 88 112 79 113 94 91 91 92 89 90 91 117 107 219 255 244 246 219 184 156 127 104 99 101 79 35 92 106 97 100 104 103 103 104 98 102 106 98 100 97 94 94 95 88 98 95 88 92 93 94 95 87 73 87 99 95 91 92 92 64
43 38 25 29 28 25 35 39 47 54 51 46 52 85 50 55 109 90 115 74 133 140 60 35 67 113 94 43 49 50 47 47 50 52 60 55 50 45 68 76 73 72 65 71 78 92 113 85 73 122 86 78 93 95 79 82 82 81 79 80 75 76 74 75 76 81 79 76 80 77 65 88 85 89 85 85 89 93 91 116 130 223 255 251 240 222 197 163 113 99 97 105 75 39 102 98 100 103 104 100 102 95 90 103 103 97 104 97 115 117 115 95 120 123 131 143 148 149 152 141 130 170 161 164 169 90 88 75
39 41 32 32 23 34 79 86 94 88 111 146 96 53 40 71 104 137 112 76 87 92 29 67 80 85 124 66 45 49 47 47 48 63 59 51 48 44 50 73 74 88 183 191 204 218 230 99 65 87 63 61 66 75 75 79 82 84 85 87 81 105 164 159 159 162 153 154 141 160 176 168 142 174 148 112 117 106 97 119 139 220 254 252 232 210 173 134 100 85 94 91 64 20 104 159 185 197 198 197 203 189 199 216 213 204 209 206 217 222 190 210 239 244 249 239 239 237 230 243 245 255 255 255 238 143 146 167
40 38 26 38 31 90 133 132 124 126 190 181 84 32 63 73 80 86 76 81 70 35 46 90 86 81 92 113 48 50 53 59 57 59 66 67 63 60 57 62 74 73 119 90 68 64 52 46 86 109 158 166 157 139 126 125 125 121 101 97 91 118 142 136 114 131 150 128 157 122 94 120 126 126 155 129 111 90 91 109 128 219 255 251 231 218 178 112 98 87 84 65 49 36 142 253 245 235 253 255 255 251 255 253 254 255 238 248 247 237 234 237 195 197 194 201 202 182 167 156 165 164 172 160 166 165 179 187
44 52 40 30 55 125 121 121 119 153 169 107 42 53 67 71 77 79 75 80 73 44 78 88 84 82 88 88 16 12 14 18 21 20 22 25 26 28 34 58 55 42 37 46 46 36 24 44 93 171 163 168 106 126 123 132 124 66 95 87 85 92 78 99 86 67 118 156 120 45 18 65 134 109 129 105 105 95 93 110 147 227 253 244 226 197 153 91 76 62 51 29 67 133 169 247 249 246 249 248 244 247 255 246 222 194 165 157 151 155 152 138 113 113 113 110 112 102 109 96 85 78 76 90 98 93 103 107
60 78 76 52 104 114 115 113 116 102 103 54 46 89 173 125 69 73 81 153 169 103 83 86 81 83 88 79 18 16 15 14 14 14 13 13 12 13 10 53 47 44 51 43 34 29 26 38 79 166 105 128 119 110 120 126 125 120 99 85 85 114 175 183 178 150 171 162 165 78 7 58 188 159 171 151 114 92 94 103 119 218 247 240 199 138 92 83 66 67 76 82 145 159 175 239 251 250 217 202 165 190 207 148 112 98 98 97 94 102 109 100 103 99 100 90 88 86 93 92 87 94 98 97 99 98 95 85
62 68 68 54 58 46 22 24 23 18 52 97 67 98 107 103 88 87 89 118 111 87 84 86 81 83 89 75 21 20 21 20 20 21 20 21 20 21 19 44 99 65 85 133 120 41 24 45 69 139 115 134 105 123 146 119 112 77 98 89 87 102 111 137 137 127 150 118 97 49 32 64 149 126 137 98 102 92 90 97 105 215 245 199 133 108 99 95 108 105 99 122 135 139 152 147 162 149 110 99 94 109 108 99 102 90 97 100 101 110 112 104 97 98 96 87 95 86 89 88 89 96 98 90 98 91 87 85
38 46 51 39 44 107 30 34 37 34 107 162 65 102 102 103 93 93 86 120 115 86 84 84 80 85 89 74 22 23 22 23 22 23 23 23 22 24 22 45 78 64 87 88 112 49 23 45 48 107 94 130 76 94 122 103 105 68 99 88 85 113 103 106 111 123 140 107 94 72 14 8 45 114 144 120 101 86 84 119 136 183 150 114 94 89 92 92 112 100 82 93 93 104 96 98 89 93 106 107 101 103 95 92 99 87 83 99 87 94 98 97 87 86 85 83 85 82 89 95 89 85 93 93 84 93 94 90
42 63 71 58 74 136 45 45 47 38 116 161 64 100 117 111 75 74 78 107 105 84 83 85 80 85 89 71 22 24 23 23 22 23 24 24 23 24 22 53 104 65 64 101 116 42 23 30 44 110 114 128 114 103 108 114 115 115 101 96 98 102 116 126 131 130 131 128 132 116 73 20 7 32 97 122 93 86 81 148 137 109 85 93 88 95 97 88 97 96 73 76 98 101 100 105 99 106 102 100 102 99 99 101 102 94 96 103 99 99 86 91 90 88 89 89 87 87 90 93 88 86 88 91 83 93 96 93
60 60 64 65 75 127 45 46 44 37 118 169 64 104 102 97 71 72 74 72 74 78 84 87 78 82 88 80 25 24 24 24 22 22 22 23 23 24 22 49 75 57 63 74 81 45 23 17 32 85 98 99 99 95 99 96 94 93 103 104 114 105 126 128 113 103 110 113 127 107 99 83 26 26 49 68 95 92 92 109 104 92 101 97 101 111 95 86 101 98 94 102 110 111 112 111 104 101 103 105 111 106 102 103 100 100 105 101 94 89 81 85 87 88 80 82 87 91 85 88 87 81 80 77 75 80 84 84
67 78 80 81 85 121 43 43 42 37 108 161 66 95 126 91 73 75 73 77 78 81 88 91 85 92 94 79 26 23 23 23 23 22 22 23 22 25 22 51 61 56 58 73 68 42 21 17 32 69 96 98 104 110 95 92 89 96 108 114 106 89 103 99 96 87 98 106 119 100 89 93 79 65 72 86 89 92 86 88 82 96 102 107 104 108 93 99 105 105 102 102 100 97 110 110 104 103 105 100 104 104 103 102 105 105 99 94 91 95 91 86 85 86 81 84 91 83 78 74 77 75 63 73 81 77 80 81
98 114 112 112 113 131 42 41 39 37 96 147 68 73 72 68 69 72 66 69 72 101 102 97 93 87 66 59 16 20 19 19 17 19 18 19 20 21 19 53 63 54 55 70 70 44 23 20 37 62 79 75 77 76 78 79 81 81 107 110 68 65 76 86 73 74 86 88 90 79 88 95 98 101 92 98 97 87 66 80 78 90 101 105 98 108 102 106 110 103 107 99 98 104 102 100 103 99 102 106 108 102 95 91 82 94 98 95 87 88 84 88 92 89 85 94 86 76 71 75 84 79 61 59 77 90 86 90
85 99 107 107 107 126 47 48 46 46 87 129 67 124 147 137 146 140 158 154 146 94 4 17 66 57 75 107 77 73 72 66 63 62 57 53 53 50 45 66 77 75 61 88 73 54 42 52 65 83 84 79 74 83 73 77 78 77 81 91 82 77 75 91 74 81 86 95 93 95 94 100 101 91 104 107 99 88 78 92 102 96 98 105 109 115 114 102 102 109 104 104 105 97 93 99 96 97 102 101 98 97 95 82 83 103 92 96 98 90 93 92 92 95 89 87 85 81 84 85 87 86 83 82 88 86 78 85
86 105 110 112 108 116 51 50 54 49 74 159 153 218 235 250 237 239 252 243 240 99 23 33 83 79 67 129 100 96 99 86 76 63 61 73 85 82 83 82 82 83 72 79 73 77 80 81 86 84 83 75 83 87 78 83 88 81 88 97 90 87 90 106 96 95 102 109 97 97 105 97 99 97 100 90 98 89 88 100 99 102 99 117 120 114 110 110 113 109 107 107 104 98 99 91 99 100 101 99 95 89 89 85 89 92 91 97 87 83 84 81 76 90 91 85 92 91 86 83 85 77 73 82 70 62 63 66
94 125 120 121 97 93 61 59 64 54 61 171 221 209 212 214 212 218 227 232 233 59 31 39 88 85 59 123 94 90 86 64 53 54 46 49 58 72 63 65 68 75 81 72 73 81 80 84 80 92 77 65 77 82 83 90 86 79 95 100 97 95 101 106 95 91 94 100 105 92 96 109 101 95 93 97 99 97 88 95 90 96 113 109 99 107 116 105 107 105 93 90 95 86 92 90 93 91 93 101 91 89 88 89 87 91 93 89 88 84 84 78 81 87 90 79 92 90 73 71 57 49 65 74 67 64 65 64
89 115 118 98 61 60 66 63 63 56 58 157 220 192 212 186 163 187 183 214 202 60 17 31 90 83 58 106 89 83 73 63 67 65 57 64 72 78 63 76 74 85 74 75 81 84 83 81 72 78 74 86 82 83 82 105 101 100 107 102 97 94 96 96 104 104 84 83 90 82 85 103 99 81 87 95 97 86 76 90 85 80 94 97 107 101 95 95 95 96 103 96 94 90 87 84 84 95 94 95 94 94 90 84 92 84 90 91 85 87 80 85 86 84 83 81 86 80 74 74 75 93 94 76 72 73 71 74
61 75 73 67 61 65 60 56 57 60 58 129 177 147 153 129 125 128 120 158 131 64 16 35 88 81 67 92 79 65 64 67 72 69 73 66 81 82 75 85 83 82 66 75 73 79 86 82 76 90 93 97 91 82 85 89 106 118 115 108 106 101 102 104 102 86 88 92 84 79 81 98 104 89 90 106 99 92 90 88 86 90 95 96 94 87 96 96 88 84 102 96 102 96 89 83 95 90 85 92 96 92 90 88 91 88 89 87 85 76 76 84 83 73 75 87 78 78 78 73 74 78 74 70 69 76 78 76
78 99 94 80 68 68 65 58 55 63 66 82 95 90 87 80 80 83 72 89 89 58 32 58 82 74 71 83 73 65 63 61 75 65 84 76 73 86 81 90 98 80 74 78 73 67 58 76 96 97 88 99 106 100 81 83 65 101 113 104 106 105 96 105 102 102 104 92 80 75 65 79 79 87 99 102 89 94 82 88 96 99 95 98 93 83 104 88 77 85 94 96 95 93 79 83 95 88 83 91 92 94 95 92 87 98 92 84 79 77 82 80 79 82 83 73 75 77 72 68 69 72 75 72 69 72 71 63
66 86 82 82 82 79 73 72 67 73 75 74 78 80 79 87 79 84 73 75 86 67 69 70 74 74 68 69 73 75 70 71 76 89 91 73 73 74 82 89 87 75 76 85 86 92 91 101 95 105 105 103 107 97 80 83 72 95 93 93 99 100 99 102 114 111 92 89 82 62 55 60 80 92 97 103 100 93 85 99 102 93 92 94 84 78 84 90 86 83 82 82 85 83 86 82 99 99 95 97 94 87 84 85 89 89 87 88 87 86 83 78 83 78 72 71 74 76 74 68 66 72 73 75 69 64 62 60
64 91 84 79 81 81 78 83 84 88 92 89 81 77 88 89 78 75 79 95 85 86 81 80 76 76 77 84 79 78 89 78 72 95 91 60 66 81 79 74 81 74 71 77 85 94 101 102 90 95 99 102 101 93 87 83 91 93 86 97 94 97 98 102 108 93 87 85 80 67 65 75 84 94 110 117 105 96 95 94 91 96 95 86 84 88 81 91 91 82 84 82 84 88 92 95 107 86 76 94 84 73 79 81 86 81 85 88 88 83 86 86 82 78 78 82 80 83 80 80 77 74 73 76 72 66 67 67
51 99 98 89 91 89 86 90 88 90 83 85 81 76 88 93 76 81 82 86 78 78 83 78 69 68 76 88 69 75 92 84 81 97 96 67 76 89 79 77 78 82 73 80 87 92 101 98 84 88 96 99 88 85 92 81 87 83 82 90 88 92 97 95 100 91 86 79 76 76 91 89 82 99 110 101 101 96 93 88 93 101 91 84 86 88 82 87 91 83 90 86 85 88 86 88 85 79 86 86 82 75 77 84 89 81 86 86 83 78 89 86 84 86 83 81 85 77 67 86 86 81 82 73 62 63 64 65
27 105 106 105 98 100 96 97 98 92 87 89 90 86 79 87 89 91 90 88 78 70 68 64 90 85 74 75 78 83 86 96 80 94 75 70 85 84 77 80 74 83 78 78 87 87 90 92 88 85 81 78 83 84 86 81 82 85 86 89 96 91 93 93 96 94 86 85 81 92 96 84 75 83 98 98 100 97 96 93 98 92 90 86 84 86 82 85 91 82 82 84 87 81 69 77 80 91 81 75 76 87 91 84 80 80 85 82 79 73 81 82 74 73 80 79 72 71 80 79 76 82 80 65 62 61 63 66
