115 116 115 115 115 115 115 115 115 115 114 115 115 115 115 114 114 116 115 113 114 116 114 114 114 117 114 59 48 97 116 114 114 113 113 113 114 113 113 113 114 113 114 113 114 113 114 114 114 115 114 113 113 114 114 114 113 116 116 86 26 42 78 109 111 113 113 115 82 33 33 29 37 108 110 109 110 110 109 110 108 109 109 109 112 68 15 37 88 89 72 66 107 107 98 82 99 103 105 106 105 105 105 104 105 104 104 103 104 104 103 103 102 102 102 102 101 101 101 101 101 101 101 101 101 101 101 97
116 116 116 116 116 115 115 116 116 115 115 116 116 116 116 116 115 100 112 116 117 101 115 116 117 98 85 68 34 79 101 116 114 114 114 114 115 116 115 114 114 115 114 114 114 114 115 115 115 115 115 115 114 114 114 115 116 92 60 35 27 28 43 77 65 89 85 86 60 18 19 32 54 106 110 110 110 110 111 110 110 109 109 110 113 68 14 54 51 47 17 30 106 79 33 34 47 67 85 83 107 105 105 104 105 104 104 104 103 104 103 103 103 103 102 102 101 102 102 102 101 101 101 101 101 101 101 102
116 116 116 116 116 116 116 116 116 116 117 117 117 117 117 118 101 54 87 117 76 59 99 115 118 59 36 58 36 75 113 117 116 117 116 116 113 86 105 117 115 117 116 114 114 114 114 115 115 115 115 116 116 115 115 119 88 31 37 32 35 31 36 32 23 38 38 48 43 15 19 31 48 99 112 110 111 111 110 111 111 110 110 115 85 25 14 25 24 12 9 34 97 60 20 21 22 52 59 48 97 105 105 105 105 104 105 104 104 104 104 103 104 104 102 103 102 102 102 102 102 102 102 102 101 101 103 104
116 116 116 116 117 116 117 117 116 117 117 117 116 117 117 120 100 43 35 46 28 27 79 65 75 59 30 54 46 67 109 109 104 64 102 75 76 31 62 113 81 80 110 116 114 116 118 116 115 115 116 116 116 116 117 117 66 31 31 32 25 31 37 31 22 25 26 15 11 14 20 27 51 103 113 113 112 112 112 112 111 113 101 56 44 17 13 29 26 12 17 34 55 24 23 18 43 82 38 40 37 84 107 105 105 105 105 105 104 104 104 104 104 104 104 103 103 103 102 102 102 102 102 102 102 106 94 82
116 117 117 116 117 116 117 118 118 117 117 117 118 118 117 119 97 70 36 18 15 32 109 44 12 18 43 59 45 49 56 72 60 43 75 40 31 40 75 90 42 44 70 109 118 104 84 110 116 115 116 116 116 116 117 115 57 43 37 32 29 24 19 23 17 26 35 14 13 16 41 37 36 107 113 112 112 113 112 112 112 117 69 14 14 15 13 14 53 40 14 29 13 10 15 37 67 47 14 26 26 67 109 106 105 106 105 105 106 105 105 104 105 105 105 104 104 104 103 103 103 103 102 103 106 81 60 37
118 117 117 117 117 116 117 117 117 117 118 119 118 118 119 112 41 27 30 29 27 59 89 29 15 24 42 63 60 35 49 45 37 47 52 26 27 42 65 51 33 33 31 71 119 69 37 76 119 116 116 116 116 116 116 120 88 41 33 31 31 20 16 34 29 32 48 32 17 20 50 35 64 112 113 113 113 114 113 113 115 98 27 15 12 14 18 20 16 19 11 17 9 17 36 46 56 26 13 17 32 66 110 106 106 107 104 91 103 107 107 107 105 105 105 105 104 104 104 104 104 104 103 107 74 24 27 32
118 117 118 118 118 117 117 118 118 118 120 86 80 118 121 105 38 14 17 26 29 78 70 25 15 23 34 41 37 44 69 33 30 33 33 35 38 39 50 57 54 35 38 44 59 38 39 75 114 116 117 117 117 117 116 119 109 87 53 37 25 24 24 44 63 34 44 55 54 53 32 20 35 68 114 113 114 115 114 115 118 92 31 29 19 17 26 26 16 14 11 10 13 27 47 58 14 12 17 18 23 61 79 100 109 111 92 50 63 89 78 72 107 106 105 105 105 105 105 104 104 104 104 107 63 15 13 20
118 117 117 118 118 118 118 118 118 119 107 48 53 96 113 115 63 37 27 21 33 65 44 24 13 57 58 32 27 31 30 28 34 33 69 51 54 55 50 67 81 64 43 38 28 32 32 43 92 120 117 117 118 117 119 103 89 73 61 54 38 32 28 33 34 45 36 28 28 36 30 26 16 45 115 114 114 97 85 100 101 108 77 42 33 18 17 24 20 15 15 12 17 23 40 41 20 14 17 20 21 25 34 93 112 98 37 36 42 30 24 33 59 74 105 105 105 105 105 105 106 105 108 62 20 16 24 30
119 119 118 118 118 119 118 118 119 121 88 37 36 42 80 125 54 29 31 41 67 69 27 20 20 25 27 32 39 34 35 35 39 55 114 95 61 65 59 65 85 64 27 32 27 25 26 40 103 118 117 118 118 118 121 84 28 28 34 47 47 44 45 42 27 41 34 26 28 28 31 19 33 62 117 119 87 49 65 44 43 63 45 16 14 14 11 15 18 15 15 19 27 39 53 36 17 11 13 19 22 18 45 67 108 68 19 32 26 43 32 19 32 42 101 106 106 106 105 105 106 106 106 30 6 9 37 48
118 119 118 119 119 118 119 120 120 124 83 29 30 19 83 114 67 30 27 33 37 45 35 38 21 25 64 35 38 28 23 27 33 49 92 101 77 72 65 78 77 51 23 31 30 22 28 39 107 119 117 118 118 118 120 105 54 31 50 39 37 41 47 47 47 57 42 24 39 54 40 28 33 78 97 79 67 38 34 32 20 29 44 28 18 12 13 14 14 19 35 25 36 80 82 73 33 20 15 30 34 15 13 33 102 58 21 23 34 54 41 30 29 46 89 107 105 105 105 105 106 106 109 62 19 18 14 11
119 119 119 118 119 119 119 120 122 119 59 20 25 25 72 43 59 48 49 32 44 61 53 46 52 39 40 30 64 32 33 40 67 51 57 96 80 65 84 80 65 42 44 54 55 53 39 45 73 96 120 118 118 119 120 89 67 43 43 40 44 47 59 61 43 80 60 60 67 44 48 57 53 69 73 35 28 39 34 25 33 30 24 43 39 14 14 17 16 12 54 54 56 66 54 47 44 27 19 21 44 22 16 26 81 42 46 25 28 36 30 31 25 29 73 107 106 106 105 105 105 106 107 84 41 11 16 27
120 121 119 120 121 120 120 119 89 95 51 26 26 29 35 18 14 29 33 30 56 86 47 27 40 54 37 36 43 40 70 88 92 77 108 107 74 67 69 53 53 66 62 69 77 75 59 46 39 76 121 119 120 122 105 47 36 44 46 49 40 36 41 42 26 22 26 25 37 48 89 89 98 114 92 82 75 63 54 33 40 60 17 19 27 15 18 18 27 27 41 39 28 29 65 53 51 24 30 24 75 51 22 9 74 46 43 39 27 28 22 27 33 40 65 105 105 106 106 105 106 105 110 99 28 11 14 16
120 120 120 121 120 120 124 95 35 38 47 34 21 24 34 37 18 34 40 50 87 90 36 47 37 20 32 34 34 34 42 59 57 67 104 120 116 80 91 81 75 73 66 56 60 51 61 50 50 90 113 119 120 118 82 54 49 55 56 53 59 69 50 45 45 22 15 24 36 60 72 38 73 111 117 112 80 47 44 71 91 68 11 26 20 12 12 26 31 36 40 23 20 37 54 62 23 18 34 68 93 37 15 22 91 64 44 30 31 22 17 33 57 69 81 107 106 106 106 106 107 104 74 59 31 13 17 17
120 120 120 121 120 120 123 101 37 25 24 52 49 25 30 32 47 73 59 45 70 56 39 40 44 25 31 38 35 44 47 42 40 48 88 121 121 98 116 78 91 85 79 69 58 44 51 60 70 93 108 115 117 77 43 44 49 56 78 89 106 152 145 111 70 48 51 75 48 52 37 44 63 85 100 70 31 29 23 43 50 78 54 29 66 58 24 31 31 19 30 26 34 39 61 65 33 14 18 44 88 60 24 20 30 20 9 28 34 26 21 23 29 47 82 78 108 106 109 106 108 105 32 6 9 13 13 15
120 121 120 120 121 121 121 120 85 52 33 43 39 73 38 31 62 83 65 35 43 59 45 41 41 42 29 58 89 93 105 96 88 100 132 130 128 113 83 73 80 76 74 72 77 85 86 81 87 89 120 139 140 119 131 151 175 198 216 232 242 250 255 228 92 63 70 76 56 70 71 85 87 75 37 23 33 26 20 23 35 76 90 21 27 54 46 22 24 23 26 30 35 49 52 78 49 21 22 19 37 40 39 25 46 53 55 60 40 45 24 15 24 52 51 43 91 108 79 106 60 43 57 48 28 14 15 15
121 121 121 120 120 121 121 122 89 40 34 26 60 93 40 31 34 63 71 74 91 66 46 39 51 88 37 146 215 223 225 227 225 225 225 223 223 222 218 218 220 221 220 221 223 227 227 226 226 226 225 224 226 230 231 234 236 236 236 238 243 249 255 205 71 46 54 35 36 53 55 41 22 23 16 24 30 30 21 33 39 44 65 29 18 38 44 15 19 25 39 45 53 85 73 73 44 35 42 27 31 54 52 51 59 56 90 100 63 42 43 57 66 90 83 98 110 83 52 111 49 5 21 28 43 26 36 35
121 121 121 121 121 121 121 123 92 43 43 53 57 56 22 18 26 29 43 68 70 47 31 43 56 84 86 180 208 218 223 223 223 224 224 224 225 225 224 226 225 222 222 220 219 218 217 219 222 222 224 223 225 228 232 233 235 234 235 236 238 242 255 160 56 73 61 32 41 27 15 15 15 19 15 19 31 30 22 36 36 29 30 27 16 27 33 17 23 27 39 42 47 66 86 72 45 39 55 45 26 21 26 45 46 25 43 85 67 25 54 86 96 108 107 93 62 30 46 75 19 12 9 21 30 22 37 37
121 121 121 121 121 121 121 123 123 71 46 44 22 30 23 53 42 39 36 54 62 44 28 45 51 75 108 195 216 221 220 221 222 223 224 225 225 226 226 227 229 228 227 225 227 225 224 224 225 225 227 226 229 231 233 233 233 231 232 231 233 234 254 122 43 50 46 50 43 21 22 19 22 10 16 20 28 29 23 24 27 20 22 39 28 17 30 31 16 15 25 36 27 32 56 68 31 36 50 61 35 30 35 29 31 26 25 53 48 30 61 63 56 97 111 46 12 25 34 51 22 12 12 65 54 13 12 13
121 122 122 121 122 122 109 107 109 100 50 31 38 70 47 62 71 93 61 51 37 32 45 53 47 70 128 210 217 219 217 217 220 220 222 222 222 224 223 221 222 224 225 225 225 225 227 228 230 229 228 229 230 230 230 228 228 227 226 224 223 228 247 96 45 44 46 70 44 29 19 13 21 16 19 23 23 25 23 23 24 23 22 29 37 27 20 32 28 23 19 34 35 33 29 32 36 49 39 23 26 29 27 36 24 39 29 28 28 30 49 55 45 87 93 19 15 22 28 32 36 40 42 87 62 28 16 20
122 122 122 122 122 125 96 36 32 35 57 56 65 82 95 113 65 47 79 58 42 37 36 37 81 89 158 214 218 217 217 214 216 217 218 220 221 221 218 217 219 220 220 221 223 224 225 228 227 228 227 227 225 226 225 223 220 219 219 218 218 235 225 73 60 71 43 63 54 49 19 14 12 20 17 16 15 14 19 17 15 18 21 25 33 32 14 19 31 40 13 24 40 38 23 22 34 44 41 31 25 15 19 33 26 34 35 30 25 35 32 53 36 59 36 14 17 17 23 18 19 71 86 90 58 46 33 32
123 123 122 123 125 129 77 24 22 15 17 37 53 69 69 162 175 119 102 68 50 40 32 26 42 78 171 209 216 215 216 215 213 215 217 217 219 218 218 218 216 218 219 220 219 222 224 226 226 226 225 224 222 221 220 220 219 217 216 217 220 243 203 83 53 74 46 69 44 55 32 14 13 12 16 15 14 17 15 28 21 19 16 14 17 19 16 18 39 31 22 39 51 52 21 39 37 31 31 26 32 21 30 34 26 30 21 24 44 45 33 48 51 35 17 16 15 16 19 26 41 84 57 23 36 32 24 22
124 123 124 123 113 95 33 30 33 18 26 23 64 59 13 51 166 209 196 185 167 148 132 109 100 153 196 207 214 215 215 216 216 216 216 217 217 216 216 217 217 219 219 222 220 222 223 222 224 225 224 222 221 219 219 218 217 216 215 216 222 247 169 88 45 60 52 61 30 26 19 13 12 13 16 15 15 16 16 28 13 17 18 16 13 13 17 13 36 34 35 49 25 46 40 31 31 28 24 20 26 36 46 38 27 34 27 37 35 30 29 38 60 41 12 26 23 14 17 42 88 104 42 6 10 16 12 12
124 124 125 121 35 18 22 75 66 41 21 66 74 68 54 17 57 164 204 198 202 207 212 212 213 212 209 212 215 217 217 219 218 217 218 218 217 215 215 217 219 219 219 221 221 221 221 223 222 222 221 220 220 219 218 218 217 217 220 220 227 247 126 86 45 54 63 62 44 32 20 13 14 13 16 14 13 15 20 25 16 16 16 18 13 14 22 19 44 27 37 51 22 45 37 32 27 28 21 47 41 54 42 32 36 31 36 46 29 19 40 38 39 27 14 16 33 27 25 48 67 89 75 40 15 13 12 11
124 125 127 72 18 12 22 40 48 78 68 76 65 61 62 50 17 64 165 204 196 199 203 206 208 210 210 212 216 218 219 221 221 220 220 219 218 218 219 218 220 221 222 223 223 223 221 223 222 220 220 218 218 217 218 218 218 219 221 225 236 234 99 89 46 59 42 47 33 34 29 15 15 15 15 15 21 19 29 29 19 15 14 23 13 13 20 24 29 38 35 50 19 34 44 36 16 32 62 66 37 35 40 32 36 37 39 30 21 23 36 22 30 15 12 22 24 34 35 50 69 86 68 29 15 12 12 12
125 126 125 45 25 20 15 5 35 87 82 66 64 62 64 68 51 18 65 163 203 198 201 203 207 209 211 213 214 217 218 220 220 220 220 220 218 219 220 222 224 223 225 225 225 224 221 221 222 220 220 217 218 217 218 217 219 219 224 230 243 212 79 84 53 52 42 42 23 27 25 24 17 20 24 25 24 18 20 13 19 15 14 14 15 17 28 19 36 50 49 56 38 44 51 42 30 33 54 45 26 32 35 30 35 33 19 27 23 25 29 36 40 25 12 26 36 39 26 27 38 36 15 14 19 13 14 12
126 127 122 40 21 27 27 28 76 81 65 65 62 63 63 65 68 51 22 65 164 204 198 200 204 208 211 214 215 218 219 220 221 221 221 221 220 222 224 225 226 228 229 227 229 227 226 226 224 224 226 225 224 223 221 220 220 223 231 236 251 183 75 77 61 49 42 20 19 22 20 21 25 30 29 20 21 26 20 14 19 22 20 19 24 33 39 27 51 28 39 57 37 48 46 39 33 36 32 36 39 29 37 35 30 25 25 19 19 17 32 26 24 25 20 19 27 37 26 31 26 19 19 19 21 19 24 31
125 129 95 22 34 34 18 49 81 65 66 62 63 63 61 61 62 66 50 23 66 161 204 200 201 205 209 212 216 218 221 222 223 225 227 225 225 228 231 233 237 238 236 237 239 237 236 234 227 232 232 230 227 234 224 224 222 234 237 243 255 145 73 69 61 43 47 20 29 32 21 14 16 19 32 33 24 26 20 20 22 25 24 18 14 19 32 30 41 41 41 58 13 27 29 30 38 38 48 44 39 39 42 41 24 19 14 15 19 22 20 29 24 18 23 14 27 33 39 38 43 27 16 14 16 19 20 18
126 128 107 30 19 31 47 85 68 67 63 61 62 61 59 62 63 65 68 55 27 68 165 205 200 202 205 210 216 221 221 226 230 234 235 237 240 241 240 239 239 235 240 237 233 231 230 229 230 237 231 229 230 228 227 235 235 244 247 252 251 112 73 73 70 42 59 24 25 30 27 18 16 18 25 32 29 21 16 26 26 23 26 16 14 15 27 28 49 45 45 59 23 11 14 27 38 66 52 41 49 22 23 35 29 26 20 27 23 28 29 27 30 22 29 20 27 26 31 39 40 23 14 17 20 20 23 18
126 132 76 16 17 34 87 68 65 63 63 62 63 65 65 68 67 66 67 71 58 29 73 167 204 201 204 207 213 219 224 227 237 246 246 244 240 238 236 235 233 235 234 233 235 236 233 233 232 228 228 230 228 229 231 232 237 239 248 255 231 88 77 72 71 47 56 25 21 22 19 20 25 18 17 20 26 22 19 33 32 41 36 34 17 14 32 18 45 34 35 39 44 22 9 29 31 51 54 53 55 39 31 24 30 28 19 25 31 27 26 22 27 22 23 24 25 17 18 34 31 21 17 14 14 17 21 17
126 124 84 14 32 93 72 64 61 64 62 60 60 62 61 63 62 65 66 68 69 59 31 72 168 206 201 204 208 216 224 229 234 249 255 255 251 248 246 244 244 246 243 244 242 237 234 233 227 229 224 223 219 216 209 214 198 216 202 189 137 77 75 69 74 49 47 33 27 27 21 22 18 20 24 15 19 14 13 17 23 34 31 26 21 17 46 20 41 20 16 45 53 41 12 27 44 52 57 52 42 24 30 36 36 28 25 25 20 24 31 30 34 37 25 18 23 15 20 32 41 34 23 21 16 19 23 14
122 62 40 29 91 75 64 62 62 65 63 64 64 64 63 64 64 67 68 67 66 70 60 33 76 175 205 201 205 209 217 228 236 246 221 214 216 220 198 203 170 168 169 170 156 156 153 155 152 151 138 129 121 116 115 116 108 107 100 96 85 79 77 72 77 52 38 34 17 19 20 24 30 31 36 32 24 14 17 18 17 21 25 31 22 15 43 27 27 33 25 38 38 14 21 36 46 65 50 56 34 13 9 21 38 32 20 21 20 22 31 37 46 48 18 43 86 72 111 119 103 88 113 118 21 20 20 14
90 31 29 88 77 64 63 64 64 63 64 66 66 66 64 65 65 64 64 66 66 68 70 59 33 89 179 207 202 205 210 220 231 246 187 63 74 75 74 77 68 64 67 74 65 75 66 73 70 68 62 61 63 62 62 63 64 63 58 81 85 79 77 72 75 70 38 32 20 19 17 17 18 24 25 22 23 15 14 16 28 32 30 23 21 19 35 26 25 42 44 48 44 14 15 40 57 50 51 47 40 37 41 33 40 38 21 32 31 29 36 47 51 34 10 85 181 102 163 133 154 166 140 114 19 14 22 47
101 51 79 83 66 68 67 69 64 63 64 66 65 61 58 59 60 62 61 63 64 65 67 72 62 38 90 177 210 205 205 211 220 232 240 140 83 88 83 77 76 77 76 74 73 70 69 66 67 66 69 71 73 74 73 76 75 73 70 104 88 81 75 73 74 74 51 46 22 15 18 22 25 25 31 19 18 14 17 26 23 21 29 16 17 18 31 40 32 34 34 45 44 27 15 26 58 42 45 28 22 34 43 39 27 27 31 26 29 30 41 38 44 31 14 40 79 59 101 94 117 183 152 85 31 13 17 43
102 104 110 69 68 70 68 67 64 66 66 65 64 62 62 63 64 66 64 66 66 68 69 70 74 62 42 93 160 201 211 210 214 219 229 224 120 81 81 76 76 78 78 78 79 78 78 78 79 76 75 74 74 73 74 75 75 75 69 96 83 78 75 74 73 70 57 50 32 13 15 18 24 21 22 25 21 21 21 31 25 23 26 25 25 20 30 35 40 30 36 46 51 28 15 44 50 39 40 32 27 21 20 36 38 25 25 28 31 30 37 20 28 30 29 26 69 85 42 98 169 108 128 71 49 20 13 17
92 88 119 65 66 68 66 65 64 65 63 61 61 60 60 61 62 63 64 64 65 66 66 67 68 71 74 79 62 101 182 208 207 220 227 236 202 93 73 72 73 75 74 75 76 75 72 73 73 67 67 70 71 73 71 72 72 69 68 85 82 78 76 74 74 62 43 42 48 40 27 16 20 21 19 21 24 23 22 35 24 28 24 25 24 18 35 47 58 35 31 45 51 40 24 28 31 33 37 36 42 26 24 35 36 32 31 33 29 29 30 24 26 18 24 22 46 41 33 61 124 96 78 21 20 20 16 17
77 41 118 65 66 67 69 67 65 67 66 64 57 51 55 63 64 66 67 68 67 67 70 70 70 70 87 115 77 63 66 92 95 113 143 151 157 104 70 71 71 72 72 72 72 74 72 70 71 65 67 68 70 71 70 67 65 64 64 75 83 79 76 73 74 63 39 40 51 61 40 27 34 32 29 29 30 27 31 33 32 34 19 21 26 29 62 45 62 29 32 49 51 46 30 25 38 37 41 44 34 32 37 30 35 35 40 36 24 33 27 29 21 22 28 28 59 42 60 73 56 139 70 28 15 22 16 23
88 65 115 64 66 65 65 64 62 64 62 62 59 60 61 62 61 61 63 68 68 67 67 67 67 67 81 107 89 91 57 78 74 48 45 45 47 68 71 71 71 70 69 69 69 73 72 70 72 69 71 67 69 70 66 66 64 63 62 76 78 79 79 76 71 60 48 40 42 51 47 39 39 38 33 38 41 34 31 38 27 28 22 23 21 51 51 46 50 19 34 52 61 48 33 36 51 47 42 46 39 39 48 42 36 39 35 38 24 23 22 29 29 36 36 41 55 77 138 88 54 135 141 47 13 17 23 36
66 80 101 59 62 62 62 62 62 62 63 64 63 61 62 62 60 61 62 63 63 64 63 64 66 64 82 135 110 130 84 93 96 97 91 83 77 71 70 72 73 72 71 72 73 70 69 70 72 70 69 67 64 64 63 65 67 66 65 82 80 83 79 77 74 63 40 36 38 52 54 41 34 37 39 40 44 33 24 35 41 40 39 38 33 61 60 62 44 41 40 54 60 68 71 78 59 76 58 40 31 41 42 43 48 37 37 35 29 17 17 21 37 37 43 46 56 46 96 119 81 158 134 71 32 22 54 74
30 20 68 64 62 62 62 65 62 62 63 65 65 65 65 67 63 62 64 64 64 65 65 64 69 67 78 128 111 134 85 92 88 88 88 92 77 66 66 70 71 67 68 69 72 72 66 64 66 65 65 64 62 62 60 63 67 66 64 79 76 76 72 70 68 62 47 56 61 67 106 96 68 66 67 64 62 54 45 52 52 45 49 53 62 78 114 73 80 139 90 52 81 106 131 164 73 144 103 65 48 84 64 65 52 98 89 70 56 27 21 24 38 43 37 50 77 48 77 171 100 157 128 86 29 24 95 88
19 22 72 63 62 62 63 64 64 64 64 67 64 63 63 63 61 62 63 64 63 63 63 65 67 65 81 133 106 129 84 90 91 85 85 83 76 70 65 65 63 64 67 64 65 67 65 65 66 66 67 64 68 67 65 65 66 66 63 79 78 73 94 111 148 198 224 234 234 236 238 238 240 239 238 235 232 226 217 212 207 204 203 207 180 77 89 61 107 152 131 77 144 127 113 124 74 150 129 62 55 64 74 63 43 80 73 57 54 24 24 26 32 41 43 60 80 50 53 152 112 143 131 29 24 19 38 48
14 21 69 63 62 63 64 64 64 67 65 61 60 61 62 62 62 63 65 63 65 67 66 65 68 68 83 131 100 112 87 88 92 87 85 83 73 65 63 61 62 65 67 69 68 67 66 64 66 65 71 69 69 70 70 69 68 70 68 73 72 70 153 235 255 255 255 255 255 255 255 255 255 255 255 255 255 255 255 255 255 255 255 255 203 86 110 60 103 171 182 110 114 117 138 133 78 168 148 65 45 47 72 70 53 108 63 89 85 34 32 18 22 32 37 43 81 63 87 155 122 135 114 31 23 23 22 46
21 22 73 66 64 65 65 64 62 63 64 65 65 64 63 64 62 63 67 66 67 68 67 66 65 67 80 128 78 82 88 85 85 87 85 84 72 65 67 64 66 70 68 66 69 71 67 65 68 67 67 68 68 65 65 64 63 64 66 71 77 74 149 200 200 204 206 196 206 202 198 195 200 175 178 187 190 187 182 184 182 171 167 171 107 102 127 48 86 142 126 93 72 90 131 133 86 128 153 82 38 52 63 42 46 73 45 61 148 34 29 22 17 21 29 50 67 59 93 143 141 125 108 75 70 63 76 104
22 23 71 64 62 62 61 61 60 61 61 62 61 63 62 64 63 65 66 68 67 67 69 69 69 67 80 127 80 84 88 84 85 88 87 86 77 73 73 66 65 66 67 65 66 69 64 63 67 65 65 66 67 66 66 65 66 57 55 74 75 77 65 50 54 64 63 61 64 56 50 45 53 48 42 40 44 43 45 39 40 32 29 55 63 48 157 72 68 159 133 65 57 39 127 133 65 142 163 101 50 100 100 59 59 77 82 88 118 81 87 91 101 98 101 118 123 118 121 121 121 121 124 130 127 125 121 120
22 26 69 61 60 61 61 63 62 60 61 61 61 64 62 59 59 60 62 66 65 64 66 67 69 67 77 125 75 81 85 96 101 88 88 84 73 71 70 68 67 70 75 73 74 74 73 73 70 68 69 68 68 69 68 67 67 66 64 76 78 81 70 30 31 36 31 30 31 40 38 37 40 30 29 32 35 32 30 24 26 30 38 71 98 68 142 105 108 165 148 113 117 111 131 144 127 150 142 144 132 137 142 139 139 139 134 130 122 119 114 102 90 83 81 90 83 77 69 62 60 55 49 45 43 41 37 37
45 42 70 66 65 64 62 63 64 65 66 67 63 64 71 81 78 65 64 65 65 65 65 67 68 68 76 124 84 68 67 81 93 90 76 100 85 64 62 64 67 67 66 64 67 66 66 66 62 64 64 64 63 64 62 70 73 70 70 76 80 83 83 41 29 31 30 37 28 31 29 32 38 31 22 24 23 23 20 20 16 59 125 136 135 130 118 122 126 117 116 116 105 103 93 87 86 78 75 75 67 59 52 53 55 54 44 39 37 37 34 34 36 38 42 44 45 50 56 62 58 61 80 83 89 94 98 74
57 54 78 68 65 62 101 116 91 61 63 65 64 62 80 74 78 71 66 66 66 66 67 68 69 69 75 130 100 110 84 83 88 82 73 85 77 53 50 54 55 63 84 65 61 63 62 61 60 60 60 63 65 67 67 73 77 74 68 75 79 78 88 55 28 25 29 36 31 28 27 25 41 32 20 22 21 22 19 19 18 14 52 69 55 52 48 46 45 45 44 44 44 45 45 47 51 54 51 57 66 71 76 83 73 67 88 91 96 74 101 117 120 120 121 112 88 142 136 129 97 120 112 98 92 82 80 87
60 43 84 63 62 59 96 78 77 67 65 68 69 68 72 33 51 71 67 66 66 67 68 68 67 68 75 128 85 111 90 89 84 85 91 83 77 53 57 54 60 70 97 73 67 68 68 65 68 66 68 72 71 72 74 69 63 64 68 79 76 78 86 74 32 25 25 25 28 25 30 24 49 37 20 20 19 19 17 18 18 14 72 84 90 94 101 79 100 114 112 114 116 108 102 128 121 116 85 127 106 105 102 96 99 89 72 57 54 69 127 53 45 38 37 65 98 88 44 38 60 119 60 45 43 45 56 81
60 39 81 63 62 60 99 71 72 68 67 67 67 68 75 47 62 75 69 69 70 69 67 69 70 70 75 128 88 106 83 90 83 85 88 81 74 55 61 57 65 72 91 71 66 68 67 61 64 73 73 75 75 74 74 74 74 76 70 81 103 88 97 106 40 27 26 29 30 30 27 26 49 41 19 21 26 29 25 24 25 19 72 117 111 80 86 91 122 61 58 57 53 85 119 81 56 58 83 119 48 39 39 41 72 80 59 49 47 63 117 56 52 41 49 65 86 101 71 65 60 109 57 38 38 45 40 77
58 30 81 65 64 62 98 92 80 66 65 64 65 64 85 67 70 78 73 72 70 72 72 72 71 70 74 127 90 130 82 90 83 84 86 78 71 56 61 61 66 73 92 74 67 69 69 62 64 70 74 75 73 73 76 75 77 77 73 84 122 93 108 111 50 34 40 38 37 37 33 66 74 41 22 27 30 34 30 29 31 24 71 110 88 57 63 86 126 65 61 59 66 80 106 96 86 81 77 108 60 49 40 38 67 78 67 59 55 59 102 42 47 45 44 60 82 79 40 42 50 99 57 36 50 61 52 69
65 36 81 66 66 63 97 83 73 71 69 71 70 70 81 45 55 79 77 75 75 74 74 75 77 73 77 128 83 132 80 89 82 86 87 76 69 59 62 66 68 72 91 70 65 67 63 60 66 64 69 72 72 74 75 77 80 80 78 86 112 93 113 110 65 37 42 37 35 35 33 58 67 41 40 40 36 34 31 31 30 25 62 106 89 54 56 83 119 56 57 61 55 72 100 98 81 82 72 103 58 53 41 34 58 79 62 51 46 56 96 44 51 43 44 54 76 78 53 51 52 93 58 32 46 89 92 69
68 46 81 67 64 68 97 72 72 73 69 72 69 68 83 141 143 85 70 71 68 66 66 70 75 72 76 130 77 83 85 88 83 86 85 72 65 59 63 64 61 90 128 135 113 100 150 120 77 113 87 74 67 70 66 69 73 73 72 79 104 94 117 111 76 39 40 39 36 37 34 110 95 39 26 31 31 28 33 29 27 26 59 99 95 67 63 79 110 51 58 56 52 57 96 101 85 76 68 91 47 45 39 35 54 73 62 46 43 53 91 59 64 68 74 66 77 67 42 39 46 77 110 86 88 122 118 70
109 106 93 70 91 81 78 66 71 69 70 68 72 90 146 180 227 215 140 102 133 136 157 113 86 78 66 128 79 88 83 85 82 85 80 71 64 55 71 95 154 213 236 235 243 238 251 245 224 226 218 205 161 194 169 165 181 183 165 175 152 105 105 103 75 61 93 151 113 138 85 93 89 41 30 36 36 30 29 28 34 36 70 87 88 53 89 80 82 78 89 72 71 56 101 105 70 75 65 71 67 73 77 67 62 62 58 40 44 52 64 69 65 61 62 59 69 79 76 51 49 62 52 56 56 48 48 49
140 204 147 195 209 209 187 168 150 80 74 129 210 226 219 245 231 246 229 241 234 251 255 243 228 205 172 193 189 223 119 108 93 80 79 81 102 158 218 223 232 233 239 240 242 244 244 206 217 246 236 239 237 244 245 244 248 245 230 220 233 235 177 169 177 166 239 236 224 239 228 206 184 114 61 51 53 103 110 129 179 172 191 150 109 118 226 211 152 187 200 120 146 134 167 216 119 128 132 120 95 122 99 112 114 115 78 107 67 65 77 65 79 114 65 74 76 77 77 56 66 75 105 73 69 63 75 146
159 144 170 240 222 245 247 243 255 221 214 231 246 243 235 239 232 225 206 250 252 251 247 249 250 253 250 251 246 238 241 241 208 135 185 199 234 232 222 204 238 229 237 235 248 247 245 231 206 218 218 240 240 239 240 234 239 231 216 214 231 240 224 240 221 216 233 236 249 253 238 239 245 241 221 202 182 207 180 182 229 247 231 241 227 227 245 246 238 244 247 235 228 233 228 220 233 223 227 236 226 227 230 196 238 224 212 236 219 202 194 203 220 231 194 200 212 175 179 149 196 160 203 183 223 206 198 249
175 149 197 215 229 250 233 249 254 250 247 242 244 245 239 229 234 223 225 251 247 247 244 245 249 242 240 239 234 246 238 238 250 250 239 218 215 210 181 202 239 231 249 242 240 234 229 240 232 208 224 243 239 232 215 211 215 222 205 198 196 189 201 194 186 197 225 230 228 227 225 237 236 238 246 250 252 236 189 191 214 221 228 194 233 221 216 222 239 227 228 237 225 235 217 239 221 228 216 243 227 220 241 195 213 232 226 231 216 210 224 233 237 238 226 220 225 226 219 221 228 212 208 188 254 221 206 189
170 202 207 200 231 236 232 253 255 255 248 236 230 236 243 218 231 219 247 246 248 243 239 239 234 218 202 218 220 225 219 229 224 199 180 178 177 179 178 189 193 193 190 185 193 192 191 189 184 187 180 185 186 177 176 177 175 175 176 175 176 177 175 175 174 173 174 176 177 175 178 179 180 184 184 186 191 191 185 186 175 179 180 181 191 186 191 197 192 183 208 208 201 207 193 219 206 206 214 213 197 189 224 216 222 216 193 189 194 220 225 212 211 202 197 206 200 197 198 193 215 205 196 209 214 194 175 183
137 161 186 202 185 200 220 226 221 206 197 193 202 198 200 187 187 186 188 187 184 181 178 176 172 172 170 172 172 173 174 177 176 173 174 172 171 171 170 169 172 173 174 177 177 177 175 174 173 171 169 169 170 172 173 175 178 180 184 188 189 186 190 186 190 192 197 189 171 182 184 180 177 174 178 174 176 175 176 174 176 176 173 173 170 174 174 175 175 175 170 167 168 170 170 169 170 170 172 172 172 173 171 173 172 170 172 173 173 175 172 173 172 171 173 171 173 173 172 173 171 167 169 167 165 167 169 169
108 134 146 147 162 150 150 163 166 168 171 169 169 172 173 172 174 175 171 172 175 174 175 174 172 173 174 175 177 176 177 179 177 178 179 181 182 179 174 171 171 170 172 174 173 173 172 172 172 171 171 174 176 179 177 180 182 185 197 204 199 185 185 181 188 183 188 183 178 181 180 178 177 177 178 176 175 173 173 172 172 172 173 176 176 174 176 176 175 176 175 176 176 175 173 173 174 174 176 175 176 174 173 173 173 172 171 171 171 172 172 174 173 172 173 171 172 173 173 173 185 195 174 191 183 198 204 193
105 122 131 143 134 148 168 165 171 174 176 176 177 179 178 175 177 175 171 171 172 171 171 169 169 170 171 171 172 172 172 170 175 174 173 174 174 171 171 170 170 170 168 173 174 172 174 175 177 177 181 183 182 182 184 184 185 181 180 178 179 179 179 179 178 178 177 176 177 179 178 181 181 181 180 175 174 175 177 177 177 176 177 178 183 183 181 178 176 177 177 173 175 174 176 176 176 175 176 174 174 171 173 173 173 171 173 169 169 167 165 166 165 167 166 176 181 208 193 219 217 245 217 233 242 225 242 252
116 126 137 137 148 153 159 171 171 173 174 172 172 172 172 178 178 175 173 172 173 174 173 174 176 174 175 175 172 173 179 177 176 178 180 178 179 179 183 185 185 184 176 180 181 178 177 176 175 176 186 181 183 178 173 180 181 182 182 179 178 177 176 178 178 177 175 175 175 175 177 177 179 178 177 177 177 177 179 180 178 175 176 175 174 173 173 172 173 172 172 185 173 174 178 173 171 173 176 176 171 175 177 178 194 215 182 206 203 187 191 187 208 197 197 235 216 221 224 239 252 248 250 255 255 249 251 255
120 100 113 140 155 158 158 161 170 170 169 169 169 171 172 176 175 177 182 186 185 183 179 185 187 182 179 175 171 173 182 181 170 173 174 175 177 175 176 175 174 180 184 186 182 180 181 178 178 176 175 175 176 176 176 176 177 178 178 178 177 178 177 176 176 176 176 175 175 175 174 173 172 172 172 172 172 174 172 169 175 183 199 198 179 193 220 192 206 223 195 232 209 201 221 180 195 228 222 226 191 227 237 240 247 253 245 255 251 251 254 251 255 254 254 255 251 250 252 247 254 247 240 230 245 249 252 255
130 132 142 157 169 170 163 167 170 174 175 169 171 177 175 174 176 173 176 179 177 178 175 176 176 176 175 175 176 174 181 184 182 182 176 171 173 173 174 174 174 176 177 174 176 175 175 175 175 174 172 174 177 176 176 176 176 176 175 178 177 178 177 177 176 175 175 175 174 172 174 176 177 177 172 173 161 225 204 184 210 245 238 242 241 248 253 246 249 254 254 252 252 248 249 241 250 255 253 255 253 255 254 255 254 253 252 252 254 253 252 253 253 252 254 255 254 254 255 253 249 241 235 221 231 238 238 252
119 150 171 164 161 168 170 172 177 171 172 180 181 179 177 178 174 173 171 169 171 171 171 171 173 173 174 178 176 173 175 175 178 179 192 193 184 221 177 172 173 177 171 173 170 171 170 172 175 176 207 191 214 214 182 176 182 189 201 176 188 187 188 176 176 175 173 175 171 170 183 195 166 186 211 174 179 238 218 227 254 253 253 254 251 251 253 251 249 252 254 254 254 250 251 253 252 251 251 253 252 252 254 255 255 255 251 248 249 253 250 250 242 242 244 249 253 252 252 243 243 240 221 231 231 232 229 235
129 151 169 176 175 172 174 172 160 162 170 171 171 171 173 172 173 173 174 169 169 169 178 189 170 167 191 176 173 172 171 167 193 215 202 243 221 244 216 178 189 241 189 164 196 188 180 202 227 203 247 244 245 253 234 203 228 240 254 231 245 231 231 180 174 178 184 188 198 166 227 232 189 207 227 226 229 232 245 255 254 254 253 251 249 247 249 252 250 251 250 253 254 254 250 251 252 252 248 250 253 254 255 253 241 240 241 226 225 235 250 239 226 229 237 230 235 229 243 237 239 244 236 243 245 237 237 243
137 154 153 171 172 169 168 156 161 168 171 169 169 171 170 172 169 169 165 202 227 202 222 255 217 187 234 196 170 196 215 218 185 199 213 235 234 248 254 228 236 255 236 194 242 245 247 252 253 234 252 254 252 254 255 251 247 252 254 255 254 252 255 237 229 238 243 241 223 202 240 255 216 205 228 248 255 252 251 246 253 254 254 253 249 239 235 245 252 251 251 250 249 240 251 244 244 240 236 238 239 235 216 235 227 222 228 231 248 238 242 240 235 234 249 248 212 239 252 249 237 247 240 229 251 239 231 243
128 150 145 173 170 177 211 173 169 164 171 202 198 210 181 162 192 230 216 245 255 252 249 253 251 246 251 222 170 208 251 255 177 192 218 229 220 228 243 251 241 243 253 251 252 255 254 254 254 252 252 250 251 254 254 254 255 253 252 253 253 254 253 253 250 250 240 235 245 212 212 225 182 228 253 252 254 253 235 208 254 252 248 233 239 208 219 234 232 237 241 216 235 241 235 223 218 246 244 240 243 225 230 248 246 246 242 249 246 246 241 239 245 249 249 252 241 246 252 249 239 233 238 219 247 249 225 238
205 211 210 235 244 237 234 246 226 223 217 248 248 250 237 207 246 254 255 254 253 254 253 249 234 249 249 244 218 233 251 236 149 189 217 215 221 231 225 233 240 250 242 250 248 253 254 255 255 251 251 249 250 243 235 241 225 246 246 250 243 244 237 244 243 235 222 234 245 215 224 215 244 236 227 243 250 218 228 248 253 250 237 237 236 230 236 251 243 242 239 237 242 247 244 240 239 247 234 246 250 252 235 223 241 241 249 249 231 246 250 215 221 245 242 242 233 253 240 246 221 206 249 232 249 230 240 247
239 247 253 255 242 249 252 255 253 253 251 255 253 248 251 247 254 253 253 254 254 254 253 239 243 255 248 246 248 235 241 199 137 197 184 218 225 212 250 237 230 248 244 250 242 247 242 237 245 235 251 251 241 224 235 248 211 230 243 252 237 224 236 231 249 251 228 203 231 240 233 232 233 238 242 245 243 236 248 253 251 253 243 244 206 237 254 251 254 242 248 251 241 249 245 247 252 238 245 250 248 218 238 229 240 246 249 236 248 245 241 231 248 224 238 247 237 251 215 249 210 219 248 253 250 232 225 254
246 251 242 250 241 246 237 253 251 252 251 252 255 249 249 252 254 253 253 254 254 254 251 224 249 252 232 242 251 247 249 205 124 145 169 213 243 250 252 252 245 247 240 254 252 240 217 225 230 247 253 254 254 243 243 250 239 227 231 245 245 253 251 244 243 244 240 237 249 238 248 246 247 242 248 255 254 247 246 243 247 253 254 245 238 241 242 251 252 249 249 249 247 244 246 249 245 246 231 235 208 213 244 241 238 247 247 241 242 238 234 245 241 231 246 250 247 248 242 247 227 253 247 236 248 252 248 254
250 253 250 249 255 249 248 251 253 250 246 251 254 254 250 252 253 255 254 253 254 255 246 223 251 243 225 232 216 247 250 214 119 127 194 226 249 251 246 252 254 253 250 239 232 251 249 254 251 238 250 254 251 245 241 242 235 237 241 249 245 250 252 254 252 247 248 248 244 241 253 254 253 251 255 255 253 252 249 249 247 246 242 251 244 248 253 253 250 251 249 241 216 220 244 224 241 240 232 243 200 239 255 251 236 235 242 228 232 241 246 231 232 240 244 244 224 234 240 244 226 246 248 238 243 244 249 251
248 251 254 252 252 254 252 252 254 251 250 254 254 254 253 251 252 255 254 254 253 255 239 208 248 240 228 187 217 249 254 247 169 189 218 248 252 242 250 254 254 254 255 232 230 205 251 250 250 247 248 247 249 249 250 249 244 226 253 252 248 243 243 243 249 250 244 247 250 246 246 252 253 251 243 239 253 254 250 249 240 235 247 251 248 250 250 248 245 248 244 193 178 216 217 226 249 227 251 249 205 233 255 244 231 246 253 224 227 248 243 238 243 232 237 243 243 238 243 250 233 237 228 216 220 214 206 209
249 249 253 252 253 255 252 253 255 251 252 249 252 250 254 252 252 253 254 252 253 254 243 185 238 242 210 231 241 245 253 254 250 239 242 251 244 235 254 255 255 255 252 230 213 230 252 245 245 247 244 240 238 239 245 244 240 243 255 255 250 234 239 243 243 241 229 223 250 251 249 248 254 251 230 232 253 249 242 251 248 235 252 254 251 247 246 230 244 244 214 135 175 249 244 255 192 155 253 251 199 228 238 235 233 243 227 241 243 252 234 237 243 233 242 241 237 221 211 203 198 181 176 175 175 175 177 178
251 252 253 253 254 254 251 253 255 251 254 233 243 237 255 250 244 246 247 245 253 251 251 214 250 232 220 226 206 222 250 255 249 250 254 251 241 247 254 254 254 255 249 227 208 239 252 246 236 250 243 248 245 240 235 229 244 253 255 253 224 244 254 253 248 246 248 249 254 253 254 255 249 251 252 253 254 249 243 251 246 235 251 253 246 244 239 233 245 249 190 126 189 255 239 235 226 219 234 229 194 199 205 233 225 226 184 236 224 224 221 222 221 219 193 199 185 175 174 173 172 174 175 175 175 177 177 178
254 254 254 253 254 252 251 252 253 253 249 241 245 251 255 252 249 246 245 249 251 253 225 224 255 255 238 217 206 223 223 239 254 250 251 250 251 252 254 253 251 254 253 232 204 252 250 227 236 237 241 252 249 237 242 253 255 253 248 243 246 254 250 251 254 255 247 240 235 246 245 238 252 245 251 250 255 231 222 238 238 241 253 236 228 250 247 235 245 246 198 119 199 255 250 243 230 230 229 203 231 219 211 254 250 209 193 228 236 217 198 187 186 177 171 177 173 175 175 176 174 175 175 175 174 175 177 177
252 251 252 254 253 253 251 252 250 252 250 249 251 254 255 254 255 245 251 254 253 255 179 237 255 254 251 226 210 217 218 234 249 251 253 253 253 253 254 254 250 252 254 242 226 243 208 223 253 253 247 242 210 238 250 252 252 251 246 246 254 253 243 246 255 255 247 236 242 250 250 246 225 246 248 243 233 221 213 233 248 252 255 225 241 254 242 216 229 252 194 125 206 255 250 238 218 222 231 207 236 239 228 254 202 194 225 221 219 221 243 247 235 221 198 173 175 173 174 175 173 171 171 173 173 173 173 174
247 244 248 251 250 253 253 249 250 252 244 244 252 253 255 254 255 254 255 255 255 233 163 232 233 212 200 211 226 222 221 235 251 253 253 253 252 254 250 243 250 251 251 250 245 225 169 194 204 227 242 220 197 231 250 241 243 248 249 246 250 254 252 253 254 255 247 251 251 239 238 247 238 208 240 240 216 249 227 231 255 250 251 231 236 223 220 213 208 204 183 220 242 248 250 247 235 219 200 212 238 249 244 193 136 207 236 237 249 255 255 254 254 255 255 201 169 175 174 175 177 176 175 175 174 173 174 174
252 253 254 252 244 250 251 252 251 253 251 245 246 252 251 247 250 254 250 253 248 179 193 217 192 171 213 246 231 247 253 240 237 251 254 253 255 249 231 211 238 251 252 253 252 203 125 191 236 245 246 225 233 253 250 249 239 248 247 240 244 244 238 250 249 252 246 246 246 241 227 238 238 201 240 246 221 234 220 209 217 216 202 183 181 177 175 176 176 162 218 255 239 245 228 228 239 203 204 232 236 240 179 99 148 240 253 250 237 211 224 227 226 239 254 249 195 169 169 167 164 172 178 174 172 174 169 171
252 252 244 243 249 250 249 249 246 248 231 248 252 252 242 248 250 234 242 248 236 157 228 203 181 172 242 220 216 239 253 248 241 246 253 252 251 243 227 220 243 252 253 255 248 200 174 210 243 253 254 236 246 247 251 244 240 249 237 244 240 233 236 238 220 213 211 201 209 202 216 194 195 187 190 188 182 181 178 175 174 175 174 176 176 176 176 176 174 170 239 255 242 252 228 204 230 216 250 242 233 169 116 107 173 255 239 178 157 199 221 227 234 231 232 255 237 163 162 160 163 165 166 168 167 164 162 166
240 235 221 242 246 252 250 240 241 253 233 250 255 253 252 250 253 239 240 249 205 177 210 214 179 214 242 207 212 227 242 253 252 251 240 226 178 228 232 249 255 254 252 227 182 185 228 214 236 252 251 252 212 202 234 243 232 201 186 229 246 242 209 179 180 180 179 181 181 179 189 181 176 181 175 176 175 174 173 172 173 173 173 173 173 171 172 172 170 188 222 255 244 231 218 161 166 223 230 203 226 135 103 108 159 252 164 110 140 204 230 223 218 208 230 225 225 194 169 190 168 164 162 163 161 163 165 165
243 249 229 249 253 248 231 238 235 251 249 245 241 244 225 219 228 223 214 208 172 190 208 217 225 236 238 219 230 233 228 238 234 237 228 245 194 214 237 228 236 245 217 184 191 192 215 225 234 236 246 254 235 190 221 230 231 222 215 224 253 251 237 183 179 174 192 177 169 167 169 172 170 169 171 168 168 164 167 168 168 168 166 168 171 173 174 174 166 222 242 253 230 240 173 117 138 176 145 215 239 159 102 104 141 233 168 116 127 192 216 231 225 235 223 201 216 201 223 237 177 161 167 166 185 170 164 167
238 241 217 229 231 222 204 210 207 206 209 204 196 199 193 187 184 185 182 176 158 206 220 210 203 228 226 224 239 252 235 239 234 199 239 224 215 223 219 217 208 247 248 175 161 193 237 230 215 230 235 238 237 232 243 199 237 255 249 243 252 253 255 207 162 184 242 224 168 166 180 171 165 167 169 167 166 167 166 166 165 164 166 167 168 168 170 170 173 212 216 231 232 252 172 103 139 132 142 236 254 187 104 100 129 172 139 122 128 178 221 215 208 240 217 214 176 242 252 246 199 156 195 203 238 199 159 166
195 190 186 172 167 158 172 172 173 170 167 166 167 163 165 161 157 160 156 144 144 219 234 228 184 226 237 249 247 251 250 213 209 210 240 232 229 207 151 174 218 255 240 170 196 220 228 229 238 244 228 239 236 248 254 230 236 228 248 248 253 253 246 229 196 209 231 247 206 163 167 165 167 167 172 166 166 165 166 166 166 165 164 164 164 164 161 160 187 185 209 239 236 249 210 112 122 127 155 220 249 204 113 101 111 118 119 122 136 208 251 217 195 223 197 163 174 254 255 255 241 176 190 182 238 232 179 175
166 165 163 161 163 156 153 152 154 155 158 160 164 161 161 168 170 159 168 126 141 221 217 239 211 218 255 244 253 234 211 188 206 220 225 219 208 167 169 191 222 253 197 167 227 231 201 241 246 243 245 252 249 251 253 230 210 227 253 248 239 242 224 226 218 220 221 253 221 161 163 162 166 165 163 165 165 166 166 166 166 167 166 167 167 170 169 162 195 156 238 235 239 254 221 117 119 120 167 210 217 188 115 106 104 117 115 118 160 253 235 214 165 120 104 106 199 255 254 253 251 243 228 216 248 250 244 228
160 160 161 160 160 162 162 164 165 165 164 157 158 157 170 165 209 168 184 105 143 201 213 246 245 218 249 245 236 179 126 216 215 238 244 180 164 167 186 203 246 253 185 164 235 245 224 243 250 252 255 254 252 251 252 252 243 245 246 254 244 250 250 247 205 217 215 254 230 165 167 167 170 169 168 168 169 170 171 171 171 169 172 178 179 177 174 160 151 143 243 245 249 254 208 113 111 112 152 153 131 123 112 111 109 110 140 131 156 206 182 173 175 135 87 110 203 244 249 247 252 255 249 243 253 249 250 247
162 159 158 157 155 152 149 149 146 145 148 172 157 176 236 218 231 178 113 101 118 180 226 252 255 240 244 255 231 141 144 225 224 255 211 137 163 160 185 235 255 254 188 170 234 244 240 245 251 250 252 255 254 254 252 254 253 253 242 244 244 244 228 200 182 231 230 251 214 160 163 165 172 171 171 169 170 167 168 170 172 169 169 166 168 167 164 147 156 143 227 249 249 243 232 143 103 106 120 115 109 112 112 110 108 107 143 168 156 173 195 174 228 233 128 97 139 237 253 252 255 254 246 251 255 255 254 246
138 136 132 127 133 139 144 157 160 170 186 207 209 240 240 214 222 179 99 100 103 158 240 255 254 253 251 255 225 206 215 210 212 199 160 172 186 178 184 228 253 252 181 190 235 242 244 242 228 213 235 241 241 237 245 231 250 251 251 230 221 251 237 193 191 226 232 241 189 171 165 165 169 168 168 165 166 168 167 167 168 168 170 167 169 168 168 152 146 176 243 243 247 226 242 181 157 170 101 124 162 113 108 109 104 109 147 202 191 188 205 210 240 237 207 128 148 249 255 255 219 214 224 230 229 230 247 252
133 142 153 173 202 200 203 195 197 214 198 180 216 233 167 159 125 100 87 97 101 139 248 255 254 255 255 223 212 168 210 163 220 172 157 200 211 220 201 189 246 241 187 219 247 254 239 209 145 219 234 189 173 186 210 165 235 233 253 238 233 246 242 238 177 232 245 185 175 171 171 170 168 169 166 199 174 168 169 168 170 169 171 167 167 170 173 134 112 180 245 245 223 222 207 154 193 196 148 173 241 184 133 109 121 138 195 180 150 158 213 223 233 209 217 234 238 255 230 192 181 237 231 193 230 228 230 254
179 190 200 205 211 193 197 233 186 180 141 102 135 162 144 96 91 92 91 91 96 118 237 255 255 253 203 152 215 173 163 132 145 170 178 221 236 226 212 189 239 217 157 234 240 230 211 143 140 216 195 194 192 223 210 198 245 247 223 203 210 236 205 187 173 245 249 222 175 170 167 166 167 164 174 228 206 173 162 174 169 165 165 169 171 159 113 106 114 182 224 212 204 218 148 137 187 213 238 189 209 239 220 164 148 196 202 141 112 191 246 225 201 161 189 229 240 238 184 163 181 161 166 217 254 217 239 250
201 193 196 187 176 178 165 232 191 122 106 95 88 117 147 105 86 88 85 88 94 108 205 255 252 232 154 148 204 175 181 173 137 171 209 217 243 214 157 192 227 184 211 215 190 143 163 121 160 188 201 181 216 235 251 240 248 250 211 205 221 249 233 180 176 244 184 213 176 168 164 166 162 176 229 225 240 226 194 130 154 172 172 170 168 115 95 108 112 172 172 132 190 187 162 190 194 193 177 197 208 202 205 167 167 192 194 196 244 255 252 234 169 183 219 222 230 214 208 170 197 132 127 210 249 244 247 243
192 175 168 178 190 202 197 191 145 132 126 144 168 88 95 100 91 85 85 83 91 108 166 255 231 232 161 149 161 167 173 189 146 206 204 207 247 221 154 170 196 208 218 134 126 167 189 126 151 168 182 175 208 249 253 251 254 250 236 233 255 247 248 206 186 193 154 238 186 192 180 171 160 168 229 217 219 224 207 107 105 139 158 173 157 104 96 106 109 158 157 118 197 176 196 216 171 169 146 196 195 188 179 193 173 171 172 190 255 255 255 200 178 219 230 253 255 240 214 205 231 183 178 238 253 247 249 238
207 200 197 209 194 156 144 162 144 179 201 219 205 106 93 95 86 88 95 83 89 112 142 245 199 227 155 125 141 178 214 196 164 214 206 195 190 215 164 151 219 249 216 128 161 166 190 159 142 127 104 136 211 253 253 254 247 248 250 241 239 237 252 221 202 230 191 201 190 237 225 187 180 144 213 203 111 105 123 111 93 88 93 134 159 102 98 103 113 166 129 117 189 196 199 194 133 141 157 188 209 206 213 227 161 86 116 216 255 225 214 196 201 201 235 255 255 255 204 220 201 160 187 253 254 254 253 248
197 211 230 194 173 114 118 177 179 163 202 199 116 101 102 94 91 92 92 85 98 112 126 182 188 171 126 119 173 187 237 160 187 209 197 162 210 246 200 155 200 255 208 188 241 190 192 197 130 113 146 178 236 255 254 229 234 251 248 234 236 233 245 243 234 208 199 165 193 208 210 173 170 121 133 115 104 104 102 103 98 100 97 90 119 101 99 96 112 125 115 120 186 218 195 135 121 128 143 183 242 231 242 235 140 92 163 222 222 204 139 211 235 198 243 254 253 255 193 139 159 169 215 253 252 254 254 254
205 210 216 162 134 106 153 152 188 142 228 243 232 171 102 97 92 101 88 85 106 113 132 135 146 127 114 121 162 225 193 152 203 216 195 138 244 255 197 139 152 220 199 246 244 166 194 193 168 213 200 213 255 218 192 218 248 254 247 211 242 253 244 210 232 177 177 176 199 193 165 118 98 102 105 107 108 105 104 102 101 98 94 90 73 97 97 94 110 116 110 115 193 212 134 108 120 125 145 168 227 251 255 236 149 118 148 131 127 138 143 198 240 195 190 227 245 255 234 179 141 195 250 253 253 255 250 249
208 204 188 131 150 100 140 111 145 157 246 255 255 255 193 98 89 99 90 96 112 116 124 152 143 124 116 126 173 226 160 151 171 199 166 170 205 163 122 119 133 166 241 255 255 215 177 184 231 218 200 231 225 134 157 246 247 250 251 249 247 245 223 226 193 174 191 161 186 145 104 97 96 94 97 108 107 105 102 102 97 91 89 88 82 89 86 88 109 116 111 118 150 169 144 112 112 116 165 197 188 214 234 207 140 122 113 112 111 117 162 217 251 245 213 240 249 249 242 177 152 210 255 254 254 254 254 254
182 155 112 129 176 144 103 123 181 218 246 255 254 255 249 156 99 96 92 99 136 140 128 133 125 127 126 132 151 205 144 149 173 174 192 229 140 120 168 127 129 150 219 253 241 231 159 144 229 196 201 147 126 120 200 249 248 249 246 233 231 234 225 199 155 203 183 118 110 105 100 95 93 89 92 107 109 105 101 103 94 78 81 81 82 82 78 79 105 115 113 116 117 131 122 113 111 116 139 169 176 171 183 188 165 117 104 103 101 139 206 250 248 238 234 234 219 221 214 204 187 215 255 254 254 254 254 255
128 94 125 121 149 105 133 197 223 232 221 236 251 248 187 221 183 107 93 102 154 140 114 127 134 136 126 137 149 188 127 143 178 181 222 244 181 142 250 153 131 173 175 226 228 179 114 171 229 189 201 120 106 144 206 243 248 214 175 210 223 241 193 164 148 157 125 107 100 101 96 96 93 88 96 106 99 90 93 101 96 90 86 80 78 76 76 78 98 110 112 116 116 118 115 113 110 111 130 168 151 209 194 160 124 144 111 100 156 205 228 253 249 239 252 217 175 205 199 207 231 237 254 253 255 254 254 255
97 126 162 118 113 97 182 209 224 214 224 223 218 200 154 230 191 189 129 106 129 120 127 137 131 117 112 123 150 162 121 145 177 198 219 224 139 139 194 156 142 231 208 235 197 126 102 165 198 177 127 99 116 169 192 201 240 222 117 152 209 221 191 144 112 103 103 100 104 107 102 103 95 86 91 90 84 84 89 101 99 94 93 85 78 75 79 85 100 113 112 111 112 111 113 113 111 110 124 162 166 182 168 187 111 119 106 131 231 242 241 248 245 253 254 200 201 235 227 236 240 246 249 249 254 254 254 255
135 185 209 124 112 132 187 201 223 212 221 219 207 129 158 212 193 237 238 146 113 118 133 134 129 111 118 125 140 137 131 138 190 195 204 220 122 114 110 158 201 208 207 235 170 118 111 173 178 159 118 116 137 179 170 175 236 235 126 100 108 150 154 116 110 113 105 105 113 110 103 102 95 86 87 90 92 90 97 103 101 93 92 85 75 72 77 86 105 113 112 107 109 113 114 113 109 111 119 163 161 117 167 190 116 98 102 190 224 251 249 251 238 254 239 178 185 222 197 199 238 250 254 253 254 254 254 255
121 162 181 115 219 219 202 233 247 222 246 204 203 127 154 242 247 239 238 139 107 110 130 137 131 120 124 142 141 137 139 138 189 183 191 178 124 112 117 152 223 225 230 238 145 118 129 174 165 143 122 113 139 175 149 183 250 213 109 100 98 120 127 119 110 106 107 113 114 109 102 103 95 84 84 86 87 85 97 104 103 94 90 87 79 84 76 88 107 111 111 106 104 110 114 112 103 109 131 181 160 135 142 196 135 97 131 197 208 254 253 254 244 254 239 176 170 173 155 226 215 224 219 248 253 250 243 247
100 153 162 106 210 221 199 217 210 210 224 228 176 130 194 255 253 248 254 158 101 110 127 136 137 128 123 142 149 140 137 143 162 178 161 128 119 112 139 174 242 241 246 232 141 121 125 165 160 130 130 121 137 151 138 208 255 190 113 99 93 102 118 114 107 106 109 113 111 108 101 104 95 85 87 90 88 84 93 101 98 93 91 86 86 83 86 97 110 103 102 102 103 106 113 111 107 111 151 174 159 138 141 162 116 108 145 150 217 255 255 255 254 255 237 196 200 122 182 208 212 221 195 255 251 219 199 192
156 182 153 115 225 223 157 188 203 220 209 235 183 141 224 255 252 255 255 176 127 124 116 124 134 125 121 128 142 141 141 143 153 154 132 130 115 141 165 193 255 251 232 216 144 135 135 151 131 121 125 122 141 136 131 181 196 137 114 101 89 106 116 108 103 107 112 111 109 105 98 107 107 93 87 88 89 88 90 94 94 96 92 84 83 86 89 96 105 93 96 101 103 105 111 111 109 116 165 183 155 119 129 119 104 123 145 132 201 251 255 255 255 241 194 227 209 123 181 228 245 192 196 240 220 208 203 203
175 146 133 190 211 164 123 137 182 228 230 223 220 194 241 253 246 246 248 207 142 124 108 108 130 124 123 126 135 138 142 139 153 144 133 122 115 169 159 166 252 246 215 209 156 152 184 142 120 118 118 115 130 135 129 128 118 115 108 103 97 109 110 106 104 106 110 110 108 105 97 101 112 108 95 90 92 92 92 90 89 94 86 78 83 90 90 97 102 96 95 101 103 104 109 110 106 136 191 177 153 121 113 108 106 122 144 131 162 222 255 254 254 195 151 181 205 135 177 255 246 221 210 197 183 208 196 219
111 103 147 229 212 115 120 137 187 237 192 213 197 203 229 232 240 242 216 212 187 116 107 104 126 133 128 128 137 136 133 132 152 147 124 127 124 156 158 149 203 242 211 194 153 153 209 131 114 109 105 127 154 130 126 117 108 104 102 95 96 106 110 106 103 104 104 104 106 101 98 101 101 106 101 91 90 94 91 92 86 86 83 83 78 90 95 101 100 97 99 102 102 102 107 105 102 144 200 171 132 113 111 108 108 119 145 142 129 162 244 255 233 163 123 108 166 143 173 244 222 201 135 108 174 201 201 223
111 117 214 223 165 115 118 141 212 142 172 185 191 187 213 230 254 254 243 239 232 127 111 112 127 125 131 133 139 125 124 128 138 140 126 126 116 145 147 140 154 209 192 176 161 178 214 143 163 182 183 188 222 127 117 110 100 95 93 91 94 103 108 107 101 99 103 101 99 94 102 105 101 104 104 93 88 93 89 85 84 88 93 93 86 88 96 103 99 100 103 103 101 101 104 103 98 136 178 135 109 108 110 110 111 114 155 162 127 132 189 243 194 168 112 105 90 115 160 156 150 136 101 99 173 185 190 234
145 149 213 189 126 105 126 195 199 126 152 133 147 224 224 237 232 253 252 246 248 153 114 111 123 125 138 139 139 135 127 123 128 123 128 124 128 139 157 142 147 154 180 181 156 175 194 208 199 186 207 206 187 120 108 101 98 94 89 87 88 101 105 103 101 98 99 97 89 89 106 101 100 102 101 94 90 97 88 81 83 89 94 89 87 89 100 105 100 101 102 102 101 100 100 101 96 118 123 111 108 104 108 109 115 111 142 142 139 136 149 179 173 140 111 106 88 104 128 118 109 95 87 97 161 139 196 236
128 113 135 183 142 94 146 240 180 112 117 120 145 202 223 209 210 243 251 248 231 196 111 109 120 124 133 134 129 137 128 124 129 128 138 143 150 154 183 154 150 148 166 147 129 154 186 181 177 160 109 103 114 106 94 96 96 95 87 85 86 95 98 100 98 92 92 89 91 94 107 104 98 94 95 91 92 95 94 89 91 87 87 85 86 90 105 107 101 99 100 100 101 100 102 100 94 111 115 111 107 105 106 110 117 113 119 123 140 165 141 152 135 111 113 107 93 103 129 119 110 100 86 107 113 138 192 200
96 109 109 167 143 95 209 209 154 104 105 118 142 218 200 203 222 234 235 237 204 220 185 190 136 123 127 126 125 130 164 137 124 127 133 156 140 152 152 135 150 128 129 160 203 168 152 171 209 190 111 103 113 104 96 92 91 92 86 82 87 90 94 95 96 93 83 81 88 102 105 101 93 85 87 86 90 98 96 91 91 89 89 86 88 94 106 106 103 100 98 99 99 100 99 98 91 101 109 108 110 107 104 110 116 113 118 122 123 135 136 135 102 107 116 110 100 109 127 120 115 104 99 112 103 148 149 193
101 110 110 138 176 146 239 168 109 98 100 115 138 192 165 212 219 227 196 212 226 239 246 245 161 118 141 134 120 168 249 223 156 121 124 144 139 148 145 143 137 112 127 145 203 125 139 205 246 153 104 107 107 110 116 99 94 92 89 84 93 88 88 88 89 90 83 84 84 95 95 89 87 77 83 94 99 98 95 91 92 91 87 87 88 95 106 104 104 100 96 97 98 96 96 94 90 95 101 106 110 106 101 110 116 112 116 117 120 120 121 108 93 109 117 110 103 110 125 121 111 98 108 116 114 153 147 187
99 103 107 112 173 183 182 155 106 105 103 115 143 124 162 236 223 227 155 179 219 211 234 252 241 188 237 163 144 227 251 255 247 145 113 133 137 146 145 142 118 115 118 120 123 109 151 240 220 129 108 114 111 118 125 111 103 93 103 92 94 103 102 93 80 81 98 102 98 94 99 92 87 86 98 98 98 96 95 92 93 92 89 87 92 93 105 103 101 96 94 96 99 95 94 93 93 96 100 105 107 100 98 112 113 113 113 112 111 107 104 99 91 110 117 110 102 109 119 113 101 108 115 118 114 125 168 182
105 104 104 121 205 169 186 175 131 113 104 112 125 109 148 179 222 219 214 209 197 209 249 254 244 222 246 222 187 221 229 248 255 171 117 121 133 147 143 134 119 125 120 123 118 114 158 212 164 117 112 107 103 119 124 117 112 97 111 98 106 112 109 93 78 96 109 105 103 98 103 98 97 99 94 93 94 95 97 94 93 91 90 89 89 90 103 104 102 96 96 97 102 95 94 94 99 99 100 98 98 98 101 113 110 113 109 105 103 98 95 85 90 110 115 110 104 106 109 106 113 117 115 116 120 116 167 153
96 94 97 121 173 198 214 208 149 127 106 108 108 109 176 160 202 206 209 237 237 234 239 255 250 242 248 235 208 237 225 232 236 218 177 127 133 139 129 130 125 124 120 132 124 123 146 150 119 112 108 105 102 120 119 118 115 104 108 110 111 109 117 107 90 108 114 106 101 96 96 89 98 100 99 100 95 92 89 90 89 84 91 90 86 84 95 102 99 96 96 97 100 93 94 95 103 102 100 95 93 98 107 112 109 108 103 102 104 97 91 89 93 103 109 110 106 105 100 106 115 110 117 115 113 114 158 137
93 95 103 120 128 198 192 163 133 154 128 113 107 121 173 133 154 202 231 218 242 245 238 241 253 242 233 245 232 224 243 238 228 246 177 126 117 123 116 131 132 119 125 131 124 131 134 116 106 103 98 96 97 117 118 118 110 110 110 109 111 107 123 126 105 109 116 109 104 110 95 86 95 102 95 95 92 93 90 84 76 79 89 90 88 84 84 97 97 94 95 99 93 91 96 101 106 104 100 95 95 104 108 110 110 104 102 103 103 101 95 89 92 100 107 111 105 96 95 109 99 105 119 114 105 128 153 114
96 95 116 129 118 176 166 139 134 133 137 108 103 132 161 150 138 216 255 224 220 244 229 217 230 222 231 220 226 213 247 255 242 232 176 137 117 118 109 118 124 122 124 128 129 134 128 123 116 107 89 92 100 114 117 104 92 102 113 107 107 106 120 121 111 104 108 108 104 166 138 83 99 91 85 90 87 95 89 82 80 82 85 90 86 83 81 94 96 93 95 97 89 93 97 99 106 97 94 98 97 106 106 107 107 103 109 104 102 98 92 90 98 102 106 115 104 98 98 105 103 107 112 107 101 144 139 100
113 84 101 110 115 172 188 177 142 129 150 159 152 148 124 125 124 172 226 228 219 225 202 236 227 216 198 227 232 224 248 255 229 213 194 157 119 116 105 105 110 119 116 121 127 128 124 119 122 117 92 100 100 99 101 112 106 100 114 114 135 115 121 115 103 114 95 97 108 121 114 91 94 86 90 94 88 89 86 85 85 83 85 82 79 77 82 86 96 96 93 89 86 97 96 95 100 95 97 99 97 100 100 102 106 106 108 102 101 103 101 105 105 109 108 112 98 94 95 99 103 103 102 99 117 156 132 98
170 111 84 95 109 156 173 165 190 185 139 212 170 126 108 120 159 215 235 210 242 253 200 208 212 227 232 220 231 248 242 219 194 185 167 141 110 116 110 120 131 101 105 111 117 129 128 123 117 129 103 99 116 113 90 191 187 126 100 171 223 161 206 123 107 172 138 88 101 101 99 93 97 93 90 91 87 88 88 84 82 80 74 80 76 73 80 79 91 90 89 87 87 101 97 94 94 96 98 97 98 96 95 100 103 101 98 89 98 109 114 112 110 115 107 112 105 97 98 101 100 101 103 103 130 158 116 93
167 188 133 90 104 131 147 135 182 219 171 171 159 172 120 131 131 214 237 215 218 238 215 220 219 205 217 199 208 246 250 216 212 201 186 230 178 157 117 157 160 99 105 110 109 124 134 129 114 129 116 103 132 204 97 183 215 138 116 212 152 154 255 169 113 146 117 87 98 98 93 90 101 94 91 89 91 86 83 88 89 88 85 83 76 76 86 86 84 86 93 87 90 99 95 92 93 96 97 95 98 97 96 97 97 93 89 86 97 105 110 108 112 108 95 108 104 100 98 97 103 107 104 106 150 144 105 106
134 213 210 123 95 119 167 171 166 210 232 190 141 211 138 106 108 169 205 172 192 201 207 206 209 221 199 172 199 197 220 203 234 242 170 221 248 211 149 184 136 99 107 105 113 113 116 106 119 129 136 113 167 254 149 157 162 119 138 225 155 125 172 117 94 95 89 87 93 89 88 82 95 93 91 85 88 83 92 96 94 88 95 91 75 79 83 84 89 94 91 85 87 93 89 91 91 94 93 91 94 98 108 102 93 88 90 85 96 99 100 102 109 106 96 99 99 96 97 96 104 99 99 114 164 116 108 114
105 164 213 168 103 126 167 144 128 185 255 180 161 231 138 117 127 140 143 126 168 203 203 219 237 230 190 211 230 227 225 223 231 174 175 214 237 223 178 189 163 130 99 105 106 107 135 133 110 120 119 108 175 241 214 114 91 86 125 177 147 106 91 85 91 88 87 88 91 84 89 86 89 94 96 93 91 89 99 94 91 85 88 90 75 78 82 83 87 95 96 84 82 87 85 86 88 91 87 88 94 85 101 104 91 94 101 98 95 99 101 102 108 105 96 98 97 95 97 96 98 101 104 125 161 103 103 113
149 142 187 219 144 173 135 110 103 178 225 130 194 221 152 164 130 124 111 145 190 194 150 227 215 181 190 234 246 251 241 208 208 148 190 245 247 240 206 204 200 132 122 110 130 145 206 211 110 121 116 128 168 244 251 163 125 146 151 107 107 98 91 85 81 82 84 84 90 86 83 83 95 96 93 94 88 91 96 92 89 85 86 83 73 73 76 81 88 98 103 95 85 85 82 80 82 81 79 84 89 81 98 100 92 104 103 101 102 104 102 102 102 94 106 113 109 96 97 99 97 103 105 132 166 109 99 111
137 146 163 165 176 147 108 151 188 180 207 173 180 182 156 202 153 166 104 128 208 219 176 208 198 178 224 247 241 204 229 240 211 166 206 229 243 238 194 223 207 170 155 125 148 131 210 174 108 129 128 125 165 251 253 231 167 110 97 102 104 102 95 89 90 85 78 81 95 87 84 85 95 94 91 87 81 89 93 86 88 88 88 81 79 83 78 83 86 91 98 94 85 85 82 82 79 74 81 80 86 81 100 101 99 103 101 104 108 106 104 104 95 99 120 123 120 102 96 98 98 105 96 148 166 115 103 110
127 138 185 199 192 159 165 159 194 162 164 190 208 159 149 170 155 191 169 121 187 184 213 235 250 241 242 254 197 192 253 250 172 157 197 232 234 241 183 152 189 186 153 123 163 196 179 161 105 117 112 126 153 232 251 255 201 92 95 101 104 99 99 88 87 85 75 76 89 84 83 85 92 90 81 79 82 86 85 81 88 86 88 84 77 97 96 89 90 86 92 91 86 77 79 91 80 78 91 81 88 82 99 102 102 99 100 105 108 108 106 105 99 105 122 127 120 102 98 96 100 103 96 159 159 111 99 106
157 131 179 191 141 215 194 158 156 173 149 223 226 177 203 145 116 132 185 169 198 138 157 213 209 210 205 226 171 200 253 197 158 197 199 197 231 191 133 132 212 209 154 179 243 175 123 174 116 110 116 134 169 198 230 215 224 107 87 88 92 101 132 107 139 159 173 163 128 108 80 84 90 84 81 77 75 78 81 78 82 95 85 85 91 92 94 99 100 93 88 90 85 76 80 88 82 85 91 87 86 85 102 103 100 99 105 106 106 104 105 106 102 110 117 128 117 101 99 97 103 105 103 159 150 103 100 111
181 145 180 180 119 206 208 185 165 133 188 210 172 204 199 121 112 106 172 193 173 187 122 132 193 228 206 199 195 203 248 163 172 167 178 232 243 134 123 140 236 230 210 246 229 125 106 119 109 162 214 176 202 176 168 151 202 127 92 83 87 108 146 194 241 220 229 209 201 208 90 83 88 86 80 97 127 136 89 78 85 91 87 88 96 98 98 100 100 95 88 84 80 75 87 94 83 84 88 84 87 101 102 104 102 101 105 106 104 104 106 104 106 108 112 125 112 101 99 102 109 108 110 155 128 96 104 121
178 115 156 196 140 179 190 193 234 233 167 165 191 196 138 110 115 106 175 141 149 214 131 106 172 208 201 209 236 204 226 204 146 131 170 242 220 114 116 144 227 243 178 219 198 112 112 111 197 187 182 230 234 182 132 139 178 200 200 125 98 111 175 233 236 221 217 214 224 213 162 124 162 177 123 168 201 224 136 87 77 83 78 81 102 100 95 95 95 94 89 82 75 78 101 86 84 93 96 93 103 103 106 106 102 103 107 105 103 103 102 104 109 111 113 120 109 103 102 105 108 110 118 139 117 106 111 136
200 188 199 159 113 174 223 232 218 203 152 177 182 187 115 176 122 111 113 104 168 139 97 132 164 162 180 188 188 174 202 232 158 119 149 230 186 114 104 128 202 255 214 174 195 137 106 113 198 188 168 224 224 174 147 135 170 201 185 172 120 121 184 235 218 247 243 207 189 227 150 163 195 138 186 188 179 188 107 90 75 83 82 76 101 97 92 92 92 90 86 79 73 74 85 83 97 105 109 107 107 106 110 109 102 105 108 106 103 99 100 110 113 117 116 116 108 109 110 107 102 109 135 131 122 123 107 137
183 212 212 174 118 119 223 208 173 164 161 175 203 183 161 216 160 118 151 145 168 150 137 153 142 174 124 99 117 127 122 118 106 142 157 241 179 166 172 177 190 242 223 216 222 121 94 151 181 169 171 202 195 166 219 165 160 173 115 93 98 122 173 220 221 255 232 142 194 237 136 114 112 141 223 151 105 105 117 104 83 84 102 98 91 92 91 93 92 87 79 75 80 89 89 91 92 106 110 109 110 110 112 110 104 101 104 103 100 98 100 108 119 120 118 114 110 109 109 103 94 118 144 128 130 141 125 143
206 223 188 168 132 143 201 182 162 134 160 174 172 168 165 174 169 158 214 249 221 197 159 110 118 114 124 140 106 86 82 81 114 184 151 219 137 170 204 240 203 223 230 210 157 127 156 194 188 194 173 173 146 186 226 222 170 124 101 90 89 121 140 176 208 246 206 136 229 188 123 105 101 167 179 118 104 103 114 108 93 91 97 98 93 88 88 89 85 82 73 70 97 104 102 100 95 108 107 106 107 109 112 110 104 99 96 98 98 98 98 110 124 122 120 114 115 107 104 95 94 130 137 132 132 151 171 158
186 156 185 179 160 127 193 177 170 206 174 152 173 184 193 206 189 202 226 254 210 194 152 95 109 146 188 250 152 88 87 84 138 193 164 170 119 118 171 209 149 215 218 189 166 167 215 207 230 207 157 132 128 219 237 201 142 97 109 98 90 121 136 143 170 213 177 159 185 116 107 109 121 165 139 110 103 107 116 103 95 94 109 109 100 88 82 90 96 88 85 87 109 108 106 102 95 109 105 103 100 100 103 105 102 98 95 95 96 99 97 107 127 124 118 115 119 107 104 105 103 141 140 138 121 163 182 149
